20160119 080100;3.39;3.39;3.39;3.39;20
20160119 093600;3.2479;3.2479;3.16;3.16;729
20160119 095300;3.225;3.225;3.225;3.225;345
20160119 095700;3.145;3.145;3.145;3.145;100
20160119 095900;3.145;3.145;3.145;3.145;100
20160119 100100;3.135;3.135;3.135;3.135;100
20160119 100600;3.125;3.125;3.125;3.125;100
20160119 100700;3.19;3.52;3.19;3.336;7800
20160119 100900;3.12;3.12;3.12;3.12;200
20160119 101100;3.13;3.13;3.13;3.13;200
20160119 101200;3.15;3.15;3.15;3.15;100
20160119 101300;3.15;3.16;3.15;3.16;200
20160119 101400;3.25;3.25;3.2499;3.2499;400
20160119 102000;3.07;3.2699;3.07;3.2699;600
20160119 102100;3.07;3.2699;3.07;3.23;700
20160119 102200;3.14;3.15;3.14;3.15;400
20160119 102500;3.15;3.15;3.1455;3.1455;200
20160119 103100;3.16;3.16;3.16;3.16;100
20160119 103700;3.16;3.16;3.16;3.16;500
20160119 104100;3.2189;3.2189;3.2189;3.2189;200
20160119 105000;3.079;3.08;3.079;3.08;450
20160119 105200;3.06;3.06;3.059;3.059;479
20160119 105400;3.05;3.05;3.05;3.05;200
20160119 105900;3.06;3.06;3.059;3.059;300
20160119 110000;3.06;3.145;3.0599;3.08;3100
20160119 110100;3.07;3.08;3.07;3.08;300
20160119 111200;3.105;3.105;3.1009;3.1009;1000
20160119 112600;3.107;3.11;3.107;3.107;400
20160119 113500;3.104;3.104;3.104;3.104;2300
20160119 120800;3.1011;3.1011;3.1;3.1;400
20160119 125400;3.1;3.1009;3.07;3.07;1450
20160119 130200;3.06;3.06;3.06;3.06;140
20160119 131100;3.07;3.07;3.07;3.07;1700
20160119 133200;3.07;3.08;3.07;3.08;4700
20160119 135200;3.07;3.07;3.07;3.07;255
20160119 141100;3.06;3.06;3.06;3.06;510
20160119 141500;3.07;3.07;3.0699;3.0699;4000
20160119 141900;3.06;3.07;3.06;3.07;2000
20160119 152800;3.064;3.064;3.06;3.0601;2700
20160119 155600;3.07;3.07;3.07;3.07;100
20160119 155900;3.06;3.06;3.06;3.06;340
20160120 093100;3;3.0098;2.7755;2.7755;6381
20160120 093500;3.01;3.01;3.01;3.01;500
20160120 093600;2.96;3.01;2.96;2.96;800
20160120 100400;2.82;2.82;2.82;2.82;200
20160120 100700;2.82;2.82;2.82;2.82;200
20160120 101100;2.814;2.814;2.814;2.814;340
20160120 101500;2.78;2.7811;2.78;2.7811;200
20160120 101900;2.81;2.81;2.81;2.81;125
20160120 102100;2.81;2.81;2.81;2.81;300
20160120 102200;2.81;2.81;2.81;2.81;200
20160120 102500;2.81;2.81;2.81;2.81;200
20160120 102700;2.81;2.81;2.81;2.81;100
20160120 103400;2.83;2.83;2.83;2.83;100
20160120 103500;2.83;2.83;2.83;2.83;100
20160120 103900;2.81;2.81;2.8;2.8;600
20160120 104400;2.795;2.795;2.795;2.795;200
20160120 105500;2.84;2.906;2.8243;2.8243;3500
20160120 110300;2.86;2.86;2.86;2.86;100
20160120 112800;2.8;2.8;2.8;2.8;100
20160120 113900;2.79;2.79;2.79;2.79;100
20160120 115700;2.7823;2.7823;2.7823;2.7823;500
20160120 120200;2.7814;2.7814;2.7814;2.7814;600
20160120 120600;2.77;2.77;2.77;2.77;100
20160120 120800;2.77;2.77;2.77;2.77;100
20160120 121700;2.8;2.8;2.61;2.62;9461
20160120 121900;2.676;2.676;2.676;2.676;300
20160120 131200;2.68;2.68;2.68;2.68;100
20160120 134700;2.69;2.7;2.68;2.7;3000
20160120 135200;2.7;2.7;2.7;2.7;100
20160120 141200;2.69;2.7;2.69;2.7;200
20160120 142300;2.74;2.74;2.74;2.74;700
20160120 143800;2.73;2.73;2.73;2.73;100
20160120 145300;2.7349;2.7349;2.7349;2.7349;200
20160120 145700;2.73;2.73;2.65;2.65;650
20160120 150500;2.7365;2.7365;2.7365;2.7365;115
20160120 152600;2.715;2.715;2.715;2.715;207
20160120 153900;2.74;2.75;2.74;2.75;1030
20160120 155400;2.67;2.67;2.67;2.67;255
20160121 093700;2.875;2.875;2.875;2.875;1000
20160121 094700;2.8199;2.8199;2.8199;2.8199;100
20160121 095100;2.74;2.74;2.74;2.74;100
20160121 100000;2.66;2.66;2.66;2.66;200
20160121 100100;2.68;2.68;2.677;2.677;1600
20160121 101200;2.65;2.65;2.65;2.65;100
20160121 102600;2.66;2.66;2.66;2.66;1895
20160121 102700;2.81;2.81;2.81;2.81;300
20160121 105500;2.75;2.75;2.72;2.72;200
20160121 105800;2.7334;2.7334;2.7334;2.7334;400
20160121 110100;2.74;2.74;2.74;2.74;100
20160121 110500;2.77;2.77;2.76;2.76;1300
20160121 110600;2.77;2.77;2.77;2.77;100
20160121 110900;2.81;2.81;2.81;2.81;200
20160121 111000;2.83;2.83;2.79;2.79;700
20160121 111100;2.81;2.81;2.79;2.79;300
20160121 113800;2.82;2.82;2.82;2.82;100
20160121 114100;2.85;2.85;2.85;2.85;500
20160121 114200;2.9;2.9;2.9;2.9;100
20160121 114400;2.94;2.9489;2.94;2.945;1000
20160121 114700;2.9;2.9;2.9;2.9;100
20160121 114800;2.935;2.963;2.9;2.9;1300
20160121 115700;2.91;2.91;2.91;2.91;100
20160121 120000;2.86;2.9;2.85;2.87;1900
20160121 120300;2.88;2.88;2.88;2.88;100
20160121 120400;2.87;2.88;2.87;2.88;200
20160121 120500;2.88;2.88;2.88;2.88;996
20160121 122100;2.8;2.8;2.8;2.8;100
20160121 122600;2.71;2.71;2.7;2.7;1800
20160121 122800;2.6624;2.6624;2.6624;2.6624;1100
20160121 123100;2.74;2.74;2.74;2.74;100
20160121 123200;2.7499;2.7499;2.7499;2.7499;1000
20160121 124600;2.74;2.74;2.74;2.74;100
20160121 125000;2.82;2.82;2.82;2.82;100
20160121 125600;2.79;2.79;2.79;2.79;100
20160121 131100;2.8;2.8;2.8;2.8;100
20160121 132000;2.8;2.8;2.8;2.8;100
20160121 132100;2.8;2.8;2.8;2.8;100
20160121 133100;2.8;2.8;2.8;2.8;100
20160121 134600;2.79;2.79;2.79;2.79;100
20160121 135000;2.8;2.8;2.8;2.8;100
20160121 135600;2.8;2.8;2.8;2.8;100
20160121 140600;2.8;2.8;2.8;2.8;100
20160121 142000;2.8;2.8;2.8;2.8;100
20160121 142100;2.8;2.8;2.8;2.8;100
20160121 142500;2.79;2.79;2.79;2.79;100
20160121 143100;2.8;2.8;2.8;2.8;100
20160121 143300;2.8;2.81;2.8;2.8;800
20160121 143900;2.7;2.7;2.7;2.7;100
20160121 144100;2.8;2.8;2.8;2.8;100
20160121 144700;2.7;2.7;2.7;2.7;200
20160121 145700;2.74;2.79;2.74;2.75;2300
20160121 150100;2.79;2.79;2.79;2.79;100
20160121 151100;2.79;2.79;2.79;2.79;100
20160121 151600;2.79;2.79;2.79;2.79;100
20160121 152600;2.8;2.8;2.8;2.8;200
20160121 153000;2.8;2.8;2.8;2.8;100
20160121 153100;2.8;2.8;2.8;2.8;100
20160121 154100;2.8;2.8;2.8;2.8;100
20160121 154500;2.8;2.8;2.8;2.8;100
20160121 154600;2.8;2.8;2.8;2.8;100
20160121 154700;2.8;2.8;2.8;2.8;100
20160121 154800;2.97;2.9895;2.97;2.9895;3800
20160121 155000;2.82;2.82;2.801;2.801;200
20160121 155200;2.8496;2.8496;2.8496;2.8496;650
20160121 155500;2.98;2.98;2.98;2.98;100
20160121 160000;2.93;2.93;2.85;2.85;584
20160122 093100;3;3;3;3;850
20160122 093400;2.88;3;2.88;3;330
20160122 093700;3;3;3;3;100
20160122 094100;3.08;3.09;3.08;3.09;598
20160122 095300;2.962;2.98;2.7;2.85;10575
20160122 103400;2.805;2.86;2.805;2.86;604
20160122 103600;2.84;2.84;2.84;2.84;100
20160122 104600;2.8;2.8;2.8;2.8;100
20160122 104900;2.74;2.74;2.74;2.74;100
20160122 105300;2.74;2.74;2.74;2.74;200
20160122 105500;2.73;2.73;2.73;2.73;100
20160122 112100;2.8;2.8;2.8;2.8;100
20160122 113600;2.75;2.75;2.73;2.7311;1707
20160122 113800;2.74;2.74;2.74;2.74;100
20160122 115100;2.86;2.86;2.86;2.86;100
20160122 115500;2.8;2.8;2.8;2.8;100
20160122 122100;2.86;2.866;2.86;2.866;200
20160122 122500;2.81;2.81;2.81;2.81;100
20160122 123400;2.84;2.84;2.8148;2.8148;1300
20160122 123500;2.83;2.83;2.82;2.82;300
20160122 124000;2.77;2.77;2.77;2.77;500
20160122 125700;2.79;2.79;2.71;2.71;1500
20160122 130600;2.72;2.72;2.7;2.7;3635
20160122 132000;2.71;2.71;2.71;2.71;100
20160122 132600;2.77;2.77;2.7328;2.7328;200
20160122 133600;2.7;2.7;2.7;2.7;200
20160122 133700;2.7;2.7;2.7;2.7;100
20160122 133900;2.7;2.707;2.7;2.7;1000
20160122 134000;2.7;2.7;2.7;2.7;1000
20160122 134200;2.7;2.7;2.7;2.7;300
20160122 140700;2.77;2.77;2.77;2.77;100
20160122 141800;2.7;2.7;2.7;2.7;100
20160122 145600;2.77;2.77;2.77;2.77;100
20160122 150400;2.71;2.71;2.71;2.71;100
20160122 150900;2.77;2.77;2.77;2.77;122
20160122 152100;2.77;2.77;2.77;2.77;100
20160122 153400;2.75;2.75;2.75;2.75;100
20160122 153500;2.71;2.71;2.71;2.71;100
20160122 153900;2.7258;2.7258;2.7258;2.7258;1000
20160122 154400;2.71;2.71;2.71;2.71;100
20160122 155100;2.73;2.73;2.73;2.73;100
20160122 160000;2.77;2.77;2.77;2.77;300
20160125 093100;2.94;2.94;2.94;2.94;100
20160125 093800;2.68;2.68;2.68;2.68;100
20160125 094100;2.68;2.6978;2.66;2.66;965
20160125 095500;2.85;2.85;2.85;2.85;200
20160125 100000;2.85;2.85;2.85;2.85;200
20160125 100500;2.85;2.85;2.85;2.85;100
20160125 101000;2.89;2.89;2.89;2.89;200
20160125 101300;2.77;2.77;2.53;2.53;2000
20160125 102000;2.79;2.79;2.7158;2.7158;500
20160125 102500;2.8;2.8;2.8;2.8;100
20160125 103000;2.8;2.8;2.8;2.8;200
20160125 104000;2.79;2.79;2.79;2.79;100
20160125 104500;2.8;2.8;2.8;2.8;100
20160125 104600;2.63;2.63;2.63;2.63;200
20160125 105100;2.79;2.79;2.79;2.79;200
20160125 105600;2.78;2.8;2.78;2.8;200
20160125 110100;2.93;2.93;2.93;2.93;100
20160125 110600;2.94;2.94;2.94;2.94;100
20160125 110900;2.79;2.79;2.79;2.79;100
20160125 111100;2.78;2.89;2.78;2.89;300
20160125 111600;2.89;2.89;2.89;2.89;100
20160125 112100;2.89;2.89;2.79;2.79;300
20160125 112600;2.89;2.89;2.89;2.89;100
20160125 113100;2.88;2.88;2.88;2.88;100
20160125 113600;2.88;2.88;2.88;2.88;100
20160125 114100;2.87;2.87;2.87;2.87;100
20160125 114600;2.87;2.87;2.87;2.87;100
20160125 115100;2.88;2.88;2.88;2.88;100
20160125 115200;2.889;2.889;2.88;2.88;1300
20160125 115600;2.89;2.89;2.89;2.89;100
20160125 120800;2.75;2.75;2.75;2.75;100
20160125 122500;2.82;2.82;2.82;2.82;1500
20160125 122600;2.88;2.88;2.88;2.88;1500
20160125 123600;2.88;2.88;2.88;2.88;100
20160125 124100;2.88;2.88;2.88;2.88;100
20160125 124600;2.89;2.89;2.89;2.89;100
20160125 125600;2.89;2.89;2.8;2.8;200
20160125 132600;2.83;2.83;2.83;2.83;100
20160125 133100;2.83;2.83;2.83;2.83;100
20160125 133600;2.83;2.83;2.83;2.83;100
20160125 134100;2.83;2.83;2.83;2.83;100
20160125 134600;2.83;2.83;2.83;2.83;100
20160125 135100;2.83;2.83;2.83;2.83;100
20160125 135600;2.88;2.88;2.88;2.88;200
20160125 140600;2.89;2.89;2.89;2.89;100
20160125 141600;2.85;2.85;2.85;2.85;100
20160125 142100;2.88;2.88;2.88;2.88;100
20160125 142600;2.88;2.88;2.88;2.88;100
20160125 144600;2.94;2.94;2.94;2.94;100
20160125 144700;2.76;2.76;2.76;2.76;100
20160125 145100;2.88;2.88;2.88;2.88;100
20160125 145600;2.93;2.93;2.93;2.93;100
20160125 150100;2.94;2.95;2.94;2.95;200
20160125 150600;2.94;2.94;2.94;2.94;100
20160125 151000;2.95;2.95;2.95;2.95;100
20160125 151600;2.95;2.95;2.95;2.95;200
20160125 152100;2.94;2.94;2.94;2.94;100
20160125 152600;2.86;2.87;2.86;2.87;200
20160125 153100;2.86;2.86;2.86;2.86;100
20160125 153600;2.86;2.87;2.86;2.87;200
20160125 154100;2.87;2.87;2.87;2.87;200
20160125 154500;2.87;2.87;2.87;2.87;200
20160125 154800;2.87;2.87;2.87;2.87;200
20160125 155200;2.87;2.87;2.87;2.87;200
20160125 155400;2.87;2.87;2.74;2.74;300
20160125 155600;2.86;2.87;2.86;2.87;200
20160125 155700;2.86;2.86;2.86;2.86;200
20160125 155800;2.86;2.87;2.86;2.87;200
20160125 155900;2.87;2.87;2.87;2.87;200
20160125 160000;2.87;2.87;2.87;2.87;466
20160126 094400;2.815;2.815;2.815;2.815;200
20160126 094600;2.95;2.95;2.95;2.95;100
20160126 100100;2.95;2.95;2.95;2.95;100
20160126 104300;2.95;2.95;2.95;2.95;100
20160126 104400;2.95;2.95;2.95;2.95;100
20160126 113000;2.95;2.95;2.95;2.95;100
20160126 122200;2.8225;2.8225;2.8225;2.8225;100
20160126 122900;2.95;2.95;2.95;2.95;100
20160126 125700;2.95;2.95;2.95;2.95;100
20160126 132800;2.95;2.95;2.95;2.95;100
20160126 133000;2.95;2.95;2.95;2.95;100
20160126 133900;2.936;2.936;2.936;2.936;1400
20160126 140600;2.95;2.95;2.95;2.95;100
20160126 140900;2.84;2.84;2.84;2.84;100
20160126 142600;2.95;2.95;2.95;2.95;100
20160126 143100;2.95;2.95;2.95;2.95;100
20160126 144600;2.9;2.9;2.8501;2.8501;1800
20160126 151600;2.9399;2.9399;2.9399;2.9399;100
20160126 152800;2.95;2.95;2.95;2.95;100
20160126 153300;2.95;2.95;2.95;2.95;100
20160126 154400;2.9;2.9;2.9;2.9;100
20160126 155000;2.95;2.95;2.95;2.95;100
20160127 111000;2.98;2.98;2.98;2.98;208
20160127 115300;2.72;2.72;2.7111;2.72;500
20160127 115500;2.73;2.8731;2.7;2.8731;2830
20160127 131500;2.97;2.97;2.97;2.97;200
20160127 131600;2.8719;2.8719;2.8708;2.8708;3100
20160127 135900;2.9;2.9;2.9;2.9;200
20160127 141500;2.73;2.74;2.7;2.715;8800
20160127 144100;2.8169;2.8169;2.8169;2.8169;500
20160127 151900;2.8899;2.8899;2.8899;2.8899;600
20160127 152200;2.7701;2.7701;2.7701;2.7701;600
20160127 153000;2.77;2.7701;2.77;2.7701;370
20160127 153100;2.782;2.782;2.782;2.782;100
20160127 154800;2.77;2.77;2.75;2.77;600
20160127 155600;2.7162;2.7162;2.7162;2.7162;977
20160127 160000;2.74;2.74;2.73;2.73;300
20160128 093100;2.73;2.73;2.7;2.7;2999
20160128 093200;2.7501;2.798;2.7;2.798;4600
20160128 093500;2.9;2.9;2.7;2.7;5500
20160128 094100;2.75;2.75;2.75;2.75;200
20160128 094400;2.75;2.86;2.75;2.75;2300
20160128 094500;2.75;2.75;2.75;2.75;657
20160128 094600;2.845;2.845;2.7;2.71;1400
20160128 095600;2.73;2.73;2.73;2.73;700
20160128 095800;2.7;2.7;2.7;2.7;4350
20160128 100100;2.7;2.7;2.7;2.7;500
20160128 100200;2.7;2.7;2.7;2.7;2500
20160128 101000;2.562;2.562;2.562;2.562;1004
20160128 103700;2.61;2.61;2.41;2.41;4899
20160128 103800;2.36;2.4;2.25;2.4;3853
20160128 104000;2.2534;2.2534;2.2534;2.2534;290
20160128 104100;2.4;2.4;2.35;2.35;791
20160128 104300;2.4;2.4;2.39;2.4;2200
20160128 104500;2.39;2.39;2.39;2.39;100
20160128 104700;2.3999;2.4;2.38;2.38;1135
20160128 105900;2.268;2.268;2.268;2.268;100
20160128 113000;2.45;2.5;2.45;2.49;1202
20160128 113100;2.49;2.49;2.49;2.49;100
20160128 113200;2.463;2.463;2.463;2.463;1000
20160128 115800;2.3754;2.3754;2.3754;2.3754;923
20160128 121300;2.3943;2.3943;2.3943;2.3943;180
20160128 121500;2.39;2.39;2.39;2.39;100
20160128 121600;2.39;2.39;2.39;2.39;200
20160128 122500;2.38;2.39;2.38;2.39;800
20160128 122600;2.39;2.39;2.39;2.39;100
20160128 123600;2.44;2.44;2.44;2.44;100
20160128 131900;2.44;2.44;2.44;2.44;500
20160128 132100;2.49;2.49;2.49;2.49;100
20160128 132200;2.35;2.35;2.35;2.35;200
20160128 135100;2.47;2.47;2.47;2.47;100
20160128 135600;2.4699;2.4699;2.4699;2.4699;400
20160128 145600;2.38;2.38;2.35;2.35;4391
20160128 145800;2.37;2.37;2.37;2.37;100
20160128 151600;2.4178;2.4178;2.4178;2.4178;700
20160128 152200;2.45;2.45;2.45;2.45;100
20160128 152800;2.4058;2.4058;2.4058;2.4058;150
20160128 153100;2.37;2.47;2.37;2.47;400
20160128 153900;2.425;2.48;2.425;2.48;1226
20160128 154100;2.57;2.84;2.51;2.58;2300
20160128 154200;2.605;2.605;2.6;2.6;300
20160128 154600;2.65;2.65;2.6;2.6;1100
20160128 155400;2.61;2.61;2.61;2.61;200
20160128 155500;2.64;2.64;2.64;2.64;100
20160128 155900;2.71;2.9;2.71;2.9;6214
20160128 160000;2.86;2.9;2.85;2.9;1600
20160129 095500;2.858;2.858;2.858;2.858;343
20160129 101900;2.97;2.97;2.97;2.97;100
20160129 104400;2.957;2.9675;2.957;2.9675;200
20160129 110100;2.97;2.97;2.97;2.97;167
20160129 110200;2.99;3;2.95;2.95;4000
20160129 114100;2.95;2.95;2.95;2.95;100
20160129 120600;2.7401;2.7401;2.7401;2.7401;338
20160129 121600;3.1;3.1;3.1;3.1;100
20160129 122300;3.07;3.1;2.95;3.1;1915
20160129 122800;2.79;2.79;2.7601;2.77;800
20160129 123000;3.1;3.1;2.9484;2.9484;500
20160129 123400;3.09;3.09;3.09;3.09;2000
20160129 123700;3.1;3.1;3.08;3.1;3186
20160129 124700;3.12;3.15;3.12;3.15;1600
20160129 133200;3.0596;3.0596;3.0596;3.0596;317
20160129 133500;3.1;3.1;3.03;3.03;400
20160129 134800;3.04;3.04;3.0301;3.0301;200
20160129 135300;3.05;3.05;3.05;3.05;100
20160129 140400;3.0301;3.0301;3.0301;3.0301;200
20160129 140700;3.079;3.079;3.079;3.079;300
20160129 142300;3.11;3.11;3.11;3.11;100
20160129 143300;3.12;3.12;3.12;3.12;200
20160129 143400;3.06;3.06;3.06;3.06;100
20160129 143700;3.0585;3.0585;3.0585;3.0585;300
20160129 144300;3;3.085;2.95;3.085;600
20160129 144500;3.01;3.01;3.01;3.01;100
20160129 151800;3.1;3.1;3.1;3.1;100
20160129 153300;2.96;2.96;2.96;2.96;100
20160129 153400;2.95;2.95;2.95;2.95;200
20160129 153700;2.92;2.92;2.92;2.92;100
20160129 155300;2.93;3.08;2.9101;3.08;700
20160129 155900;3.07;3.07;3.07;3.07;100
20160129 160000;3.08;3.0999;3.08;3.0999;200
20160201 093100;3.0999;3.0999;3.0999;3.0999;100
20160201 100400;2.92;2.9844;2.9;2.9844;1200
20160201 100600;2.96;2.96;2.95;2.95;336
20160201 101700;2.9101;2.9101;2.9101;2.9101;100
20160201 105500;2.91;2.91;2.91;2.91;100
20160201 105700;2.9;2.95;2.76;2.945;2450
20160201 112100;2.895;2.895;2.895;2.895;500
20160201 112200;2.86;2.86;2.76;2.76;1100
20160201 112600;2.83;2.83;2.76;2.76;300
20160201 113000;2.76;2.76;2.76;2.76;300
20160201 115500;2.86;2.86;2.86;2.86;200
20160201 134300;2.86;2.86;2.86;2.86;566
20160201 134600;2.86;2.86;2.86;2.86;364
20160201 135100;2.9;2.9;2.9;2.9;100
20160201 143500;2.79;2.79;2.79;2.79;350
20160201 145000;2.7963;2.7963;2.79;2.79;1836
20160201 145100;2.76;2.76;2.76;2.76;100
20160201 145600;2.79;2.79;2.79;2.79;900
20160201 150000;2.79;2.79;2.79;2.79;400
20160201 154600;2.77;2.77;2.7699;2.7699;300
20160201 160000;2.76;2.77;2.76;2.76;500
20160202 094900;2.7;2.7;2.7;2.7;200
20160202 103800;2.57;2.57;2.57;2.57;100
20160202 104200;2.6382;2.6382;2.6382;2.6382;300
20160202 104600;2.6285;2.629;2.6285;2.6285;3000
20160202 104700;2.63;2.64;2.5896;2.5896;2798
20160202 104800;2.6199;2.6199;2.6199;2.6199;2500
20160202 104900;2.62;2.65;2.61;2.61;600
20160202 105700;2.655;2.6599;2.655;2.6599;200
20160202 105800;2.66;2.67;2.63;2.63;300
20160202 112200;2.63;2.63;2.63;2.63;200
20160202 113600;2.6416;2.6416;2.6416;2.6416;1000
20160202 113800;2.645;2.645;2.645;2.645;100
20160202 121200;2.645;2.66;2.645;2.66;1800
20160202 130200;2.649;2.649;2.6489;2.649;454
20160202 133600;2.5086;2.5086;2.5086;2.5086;1000
20160202 133800;2.5899;2.5899;2.51;2.5385;2300
20160202 134200;2.555;2.555;2.505;2.509;537
20160202 134300;2.58;2.58;2.58;2.58;100
20160202 134400;2.6;2.6;2.5801;2.5801;480
20160202 134600;2.5802;2.5802;2.5802;2.5802;655
20160202 134900;2.5827;2.5827;2.5827;2.5827;686
20160202 150300;2.585;2.59;2.585;2.59;1200
20160202 154500;2.6;2.6;2.6;2.6;303
20160202 155500;2.64;2.65;2.64;2.65;400
20160202 160000;2.73;2.73;2.73;2.73;100
20160203 083200;2.64;2.64;2.64;2.64;1000
20160203 083300;2.63;2.63;2.63;2.63;500
20160203 083800;2.55;2.55;2.55;2.55;1000
20160203 083900;2.53;2.53;2.53;2.53;1000
20160203 084000;2.49;2.49;2.49;2.49;1000
20160203 084100;2.6;2.6;2.6;2.6;1500
20160203 084400;2.53;2.53;2.5;2.5;1300
20160203 084500;2.45;2.45;2.45;2.45;1000
20160203 084600;2.49;2.49;2.45;2.45;3954
20160203 084700;2.48;2.48;2.48;2.48;1500
20160203 084800;2.48;2.48;2.48;2.48;1500
20160203 091400;2.45;2.45;2.45;2.45;1000
20160203 091800;2.45;2.45;2.45;2.45;2600
20160203 091900;2.45;2.45;2.45;2.45;750
20160203 092000;2.44;2.45;2.44;2.45;4500
20160203 092100;2.43;2.43;2.41;2.41;4522
20160203 092200;2.41;2.41;2.41;2.41;2000
20160203 092400;2.41;2.41;2.41;2.41;2000
20160203 092800;2.4;2.4;2.4;2.4;3900
20160203 092900;2.4;2.41;2.4;2.41;7100
20160203 093100;2.43;2.45;2.355;2.45;2190
20160203 093300;2.4499;2.45;2.442;2.442;12820
20160203 093400;2.41;2.41;2.35;2.35;8200
20160203 093700;2.4;2.41;2.4;2.41;600
20160203 093800;2.41;2.41;2.38;2.38;7300
20160203 093900;2.41;2.41;2.35;2.35;2478
20160203 094000;2.4;2.4;2.4;2.4;1100
20160203 094100;2.4;2.415;2.4;2.4;3000
20160203 094400;2.3916;2.3916;2.35;2.35;750
20160203 094500;2.35;2.35;2.3;2.3;500
20160203 094600;2.3;2.3;2.3;2.3;5600
20160203 094700;2.2838;2.2838;2.2838;2.2838;200
20160203 094800;2.29;2.3;2.29;2.3;1000
20160203 094900;2.3;2.315;2.29;2.3;1722
20160203 095000;2.3;2.3;2.3;2.3;800
20160203 095100;2.3;2.3;2.285;2.285;700
20160203 095800;2.29;2.29;2.29;2.29;100
20160203 100100;2.3132;2.3132;2.3132;2.3132;1663
20160203 100300;2.32;2.32;2.32;2.32;100
20160203 100500;2.29;2.29;2.25;2.25;3300
20160203 100600;2.245;2.25;2.24;2.24;2300
20160203 100700;2.24;2.24;2.24;2.24;100
20160203 100800;2.24;2.2601;2.24;2.2601;600
20160203 101200;2.25;2.25;2.25;2.25;100
20160203 101300;2.25;2.25;2.2;2.2;1100
20160203 101400;2.22;2.22;2.22;2.22;500
20160203 101500;2.15;2.15;2.15;2.15;100
20160203 101600;2.19;2.2;2.182;2.2;3501
20160203 101700;2.2;2.2;2.2;2.2;100
20160203 102000;2.2;2.2;2.2;2.2;100
20160203 102200;2.2;2.2;2.2;2.2;3899
20160203 102300;2.15;2.15;2.15;2.15;100
20160203 102400;2.1641;2.1641;2.16;2.16;700
20160203 102500;2.2;2.2;2.17;2.17;200
20160203 102800;2.18;2.18;2.18;2.18;100
20160203 103100;2.2;2.2;2.18;2.18;200
20160203 103300;2.2;2.2;2.2;2.2;100
20160203 103700;2.18;2.18;2.18;2.18;200
20160203 104300;2.18;2.19;2.18;2.19;200
20160203 104400;2.18;2.19;2.15;2.19;1150
20160203 104500;2.16;2.16;2.16;2.16;100
20160203 105200;2.18;2.18;2.18;2.18;100
20160203 105400;2.1778;2.1778;2.17;2.17;600
20160203 105500;2.17;2.18;2.17;2.17;700
20160203 105600;2.18;2.18;2.18;2.18;100
20160203 105700;2.1778;2.1975;2.17;2.17;2430
20160203 105900;2.2;2.2;2.19;2.2;1100
20160203 110000;2.19;2.19;2.19;2.19;100
20160203 110100;2.2;2.2;2.2;2.2;500
20160203 110200;2.2;2.2;2.19;2.2;600
20160203 110300;2.2;2.2;2.19;2.19;200
20160203 110400;2.2;2.2;2.2;2.2;100
20160203 110500;2.2;2.23;2.2;2.23;801
20160203 110600;2.23;2.23;2.22;2.22;4300
20160203 110700;2.229;2.23;2.18;2.2;4694
20160203 110800;2.2;2.2;2.2;2.2;200
20160203 111000;2.2;2.2;2.2;2.2;100
20160203 111100;2.2;2.2;2.2;2.2;100
20160203 111200;2.2;2.2;2.2;2.2;100
20160203 111400;2.2;2.2;2.2;2.2;100
20160203 111600;2.23;2.23;2.2;2.23;400
20160203 111700;2.23;2.23;2.22;2.22;200
20160203 111900;2.23;2.23;2.23;2.23;100
20160203 112000;2.23;2.23;2.23;2.23;600
20160203 112100;2.23;2.23;2.23;2.23;200
20160203 112200;2.23;2.23;2.23;2.23;100
20160203 112600;2.2499;2.2499;2.2499;2.2499;100
20160203 112700;2.25;2.25;2.25;2.25;100
20160203 113000;2.25;2.25;2.25;2.25;400
20160203 113200;2.24;2.24;2.24;2.24;100
20160203 113400;2.2499;2.25;2.24;2.24;500
20160203 114600;2.2499;2.2499;2.24;2.24;300
20160203 115500;2.2499;2.2499;2.2499;2.2499;100
20160203 115700;2.25;2.25;2.25;2.25;100
20160203 115800;2.25;2.25;2.25;2.25;100
20160203 120200;2.25;2.25;2.25;2.25;100
20160203 120300;2.25;2.26;2.24;2.24;700
20160203 120400;2.26;2.26;2.26;2.26;200
20160203 120700;2.26;2.26;2.26;2.26;300
20160203 120800;2.26;2.26;2.26;2.26;200
20160203 121200;2.278;2.28;2.278;2.28;900
20160203 121300;2.28;2.28;2.28;2.28;1000
20160203 121500;2.28;2.29;2.28;2.29;2100
20160203 121600;2.28;2.28;2.28;2.28;400
20160203 121900;2.2625;2.2625;2.2625;2.2625;187
20160203 122000;2.26;2.26;2.26;2.26;1722
20160203 122500;2.28;2.28;2.28;2.28;300
20160203 123100;2.3;2.3;2.3;2.3;1000
20160203 123400;2.29;2.29;2.29;2.29;100
20160203 123600;2.29;2.29;2.29;2.29;100
20160203 124200;2.2899;2.2899;2.2899;2.2899;100
20160203 124400;2.2899;2.2899;2.2899;2.2899;100
20160203 124500;2.3;2.3;2.3;2.3;100
20160203 124800;2.3;2.3;2.3;2.3;100
20160203 125000;2.3;2.3;2.3;2.3;100
20160203 125500;2.3;2.3;2.3;2.3;100
20160203 125600;2.3;2.3;2.28;2.29;500
20160203 125700;2.3;2.3;2.28;2.28;200
20160203 130700;2.27;2.27;2.27;2.27;400
20160203 130800;2.3;2.3;2.296;2.2999;300
20160203 131800;2.3;2.3;2.2999;2.2999;200
20160203 132000;2.3;2.3;2.3;2.3;100
20160203 132700;2.3;2.3;2.3;2.3;100
20160203 132900;2.3;2.3;2.3;2.3;100
20160203 133000;2.3;2.32;2.3;2.32;200
20160203 133100;2.32;2.32;2.32;2.32;300
20160203 133200;2.3;2.3;2.27;2.27;500
20160203 134100;2.27;2.27;2.27;2.27;100
20160203 134300;2.27;2.27;2.27;2.27;300
20160203 135500;2.2999;2.2999;2.2999;2.2999;100
20160203 135600;2.3;2.3;2.3;2.3;100
20160203 135900;2.3299;2.3299;2.3299;2.3299;100
20160203 140000;2.33;2.33;2.3;2.3;500
20160203 140800;2.28;2.3;2.28;2.3;800
20160203 140900;2.3;2.31;2.3;2.3;4500
20160203 141100;2.3;2.3;2.3;2.3;600
20160203 141200;2.3;2.33;2.3;2.33;200
20160203 141400;2.31;2.33;2.31;2.31;1300
20160203 142200;2.3;2.3;2.28;2.28;1400
20160203 142500;2.3;2.3;2.3;2.3;200
20160203 142600;2.3;2.3;2.28;2.29;1600
20160203 143000;2.29;2.29;2.29;2.29;300
20160203 143100;2.28;2.28;2.28;2.28;600
20160203 143400;2.29;2.29;2.29;2.29;200
20160203 143500;2.27;2.27;2.27;2.27;100
20160203 143800;2.28;2.28;2.27;2.27;400
20160203 143900;2.25;2.25;2.25;2.25;3886
20160203 144100;2.25;2.25;2.25;2.25;400
20160203 144200;2.27;2.27;2.25;2.25;600
20160203 144500;2.25;2.25;2.25;2.25;400
20160203 145000;2.25;2.28;2.25;2.25;690
20160203 145100;2.25;2.25;2.2;2.2;1500
20160203 145400;2.2;2.2;2.2;2.2;500
20160203 145600;2.2;2.2;2.1913;2.1916;1800
20160203 151400;2.22;2.22;2.19;2.19;2000
20160203 151600;2.2;2.2;2.2;2.2;700
20160203 151700;2.1999;2.1999;2.1999;2.1999;500
20160203 151800;2.2;2.2;2.2;2.2;200
20160203 151900;2.16;2.16;2.16;2.16;2454
20160203 152000;2.16;2.16;2.15;2.15;544
20160203 152800;2.16;2.16;2.16;2.16;400
20160203 152900;2.11;2.1108;2.11;2.11;700
20160203 153000;2.12;2.12;2.07;2.07;10600
20160203 153200;2.09;2.09;2.03;2.03;500
20160203 153300;2.02;2.02;2;2;13823
20160203 153400;2;2;1.99;1.99;2227
20160203 153500;2;2;2;2;1700
20160203 153600;2;2;1.9701;2;410
20160203 153800;2;2;2;2;1500
20160203 153900;2;2;2;2;1100
20160203 154300;2;2.029;2;2.029;5300
20160203 154400;2.03;2.03;2.03;2.03;100
20160203 154500;2.03;2.03;2.03;2.03;100
20160203 154600;2.03;2.03;2.03;2.03;100
20160203 154700;2.04;2.05;2.04;2.05;1100
20160203 154800;2.03;2.0669;2.03;2.0669;518
20160203 154900;2.02;2.04;1.998;1.998;2200
20160203 155000;2.04;2.04;2.02;2.02;600
20160203 155100;2.02;2.02;1.98;1.98;2900
20160203 155200;1.99;2;1.99;2;700
20160203 155300;2;2;2;2;400
20160203 155400;2;2;2;2;2000
20160203 155500;2;2.0399;1.98;2.0399;3000
20160203 155600;2;2;1.98;2;1800
20160203 155700;2;2;1.98;1.98;3600
20160203 155800;1.98;1.98;1.98;1.98;100
20160203 155900;1.9801;1.9801;1.98;1.98;3200
20160203 160000;1.98;1.98;1.94;1.94;4101
20160204 093100;1.93;1.99;1.93;1.99;2103
20160204 093200;1.9255;1.9255;1.9255;1.9255;250
20160204 093500;1.91;1.91;1.9;1.9;1800
20160204 093600;1.87;1.87;1.87;1.87;300
20160204 093900;1.85;1.85;1.85;1.85;452
20160204 094200;1.84;1.84;1.84;1.84;1400
20160204 094300;1.81;1.82;1.7701;1.7701;5200
20160204 094400;1.855;1.855;1.855;1.855;100
20160204 094500;1.85;1.85;1.77;1.77;5400
20160204 094800;1.98;1.98;1.98;1.98;500
20160204 095000;1.93;1.978;1.93;1.978;3300
20160204 095400;1.92;2;1.9;2;9509
20160204 095800;1.97;1.97;1.94;1.94;5000
20160204 100300;1.96;1.96;1.96;1.96;200
20160204 100600;1.97;1.97;1.97;1.97;300
20160204 100800;1.97;1.97;1.95;1.95;400
20160204 101100;1.96;1.96;1.96;1.96;100
20160204 101400;1.99;1.99;1.99;1.99;100
20160204 101500;1.99;1.99;1.99;1.99;200
20160204 101600;2;2;1.95;1.95;1400
20160204 101700;1.97;1.97;1.9583;1.9583;1000
20160204 101900;1.9501;1.9501;1.9501;1.9501;500
20160204 102200;1.97;1.97;1.97;1.97;750
20160204 102700;1.9815;1.9815;1.9815;1.9815;300
20160204 103000;1.9999;1.9999;1.9999;1.9999;1000
20160204 105100;1.97;1.97;1.97;1.97;200
20160204 105700;1.99;1.99;1.973;1.973;6000
20160204 105900;1.95;1.95;1.95;1.95;200
20160204 110000;1.95;1.95;1.95;1.95;100
20160204 110300;2;2;1.97;2;1152
20160204 110400;1.97;1.97;1.97;1.97;100
20160204 110500;2;2;2;2;300
20160204 110700;2;2;1.9601;1.99;2300
20160204 110800;2;2.049;1.99;2.049;3400
20160204 111000;2;2;1.9;1.9;922
20160204 111100;2;2.03;2;2.03;1815
20160204 111200;2.03;2.03;2.0201;2.0201;300
20160204 111800;2.03;2.03;2.03;2.03;200
20160204 112200;2.03;2.03;2.03;2.03;200
20160204 112500;2.02;2.02;2.02;2.02;100
20160204 112700;2.07;2.07;2.07;2.07;100
20160204 112800;2.03;2.03;2.03;2.03;100
20160204 112900;2.03;2.03;2.03;2.03;200
20160204 113700;2.025;2.025;2.02;2.02;1100
20160204 113800;2;2;1.975;1.975;2600
20160204 113900;1.9815;2;1.9815;2;900
20160204 114100;1.99;2;1.98;1.98;6700
20160204 114400;1.99;1.992;1.99;1.992;1000
20160204 114500;1.98;1.98;1.91;1.91;4315
20160204 114600;1.97;1.97;1.95;1.96;300
20160204 114800;1.93;1.93;1.88;1.9;1000
20160204 114900;1.86;1.86;1.86;1.86;600
20160204 115000;1.83;1.83;1.83;1.83;4200
20160204 115200;1.83;1.83;1.83;1.83;4500
20160204 115500;1.83;1.83;1.83;1.83;1300
20160204 115600;1.88;1.88;1.88;1.88;200
20160204 115700;1.852;1.852;1.852;1.852;100
20160204 115900;1.88;1.88;1.855;1.88;900
20160204 120200;1.85;1.85;1.85;1.85;600
20160204 120300;1.8499;1.8499;1.8499;1.8499;350
20160204 120800;1.85;1.85;1.85;1.85;100
20160204 121700;1.85;1.85;1.8437;1.8437;1000
20160204 122100;1.8499;1.8499;1.84;1.84;300
20160204 123600;1.8499;1.8499;1.8499;1.8499;600
20160204 124100;1.84;1.85;1.84;1.8437;400
20160204 124800;1.8316;1.8316;1.8316;1.8316;600
20160204 125300;1.84;1.85;1.82;1.82;7600
20160204 132200;1.82;1.82;1.82;1.82;1000
20160204 132400;1.82;1.82;1.8;1.8;3000
20160204 132500;1.8;1.8;1.78;1.78;5172
20160204 133500;1.8;1.8;1.795;1.8;5900
20160204 133600;1.8;1.8;1.8;1.8;2000
20160204 140300;1.78;1.78;1.78;1.78;1200
20160204 141200;1.78;1.78;1.78;1.78;2000
20160204 142400;1.77;1.77;1.76;1.76;2000
20160204 142700;1.76;1.77;1.75;1.76;3100
20160204 143100;1.7611;1.7611;1.7611;1.7611;210
20160204 144200;1.78;1.78;1.78;1.78;3000
20160204 144300;1.8343;1.8343;1.8343;1.8343;100
20160204 144400;1.8333;1.8333;1.8333;1.8333;1090
20160204 144800;1.8499;1.8499;1.8499;1.8499;200
20160204 144900;1.8;1.8;1.8;1.8;192
20160204 145600;1.7801;1.82;1.7801;1.82;600
20160204 145900;1.8052;1.8052;1.8052;1.8052;1350
20160204 150300;1.8;1.8;1.8;1.8;2500
20160204 151600;1.82;1.82;1.82;1.82;200
20160204 155100;1.82;1.82;1.8199;1.8199;4300
20160204 155200;1.8089;1.82;1.8089;1.82;1300
20160204 155300;1.85;1.85;1.85;1.85;500
20160204 173900;1.85;1.85;1.85;1.85;100
20160205 093800;1.93;1.93;1.93;1.93;500
20160205 094000;1.97;2;1.97;2;300
20160205 094100;1.97;1.97;1.95;1.95;13500
20160205 094400;1.9;1.9;1.9;1.9;150
20160205 095200;1.9;1.9;1.9;1.9;300
20160205 100700;1.91;1.91;1.91;1.91;500
20160205 104300;1.95;1.95;1.95;1.95;400
20160205 104900;1.95;1.95;1.95;1.95;300
20160205 105000;1.95;1.98;1.95;1.98;300
20160205 110700;1.9834;1.9834;1.9834;1.9834;200
20160205 111000;1.986;2;1.986;1.992;1400
20160205 111200;1.99;2.01;1.99;2.01;9600
20160205 112100;2.02;2.02;2.02;2.02;100
20160205 112300;2.02;2.04;2.02;2.04;1100
20160205 113600;2.05;2.0518;2.05;2.05;5000
20160205 115900;2.055;2.09;2.055;2.055;1050
20160205 123600;2.0399;2.0399;2.0399;2.0399;150
20160205 124700;2.04;2.04;2.04;2.04;1700
20160205 124800;2.04;2.04;2.04;2.04;300
20160205 124900;2.01;2.0101;2.01;2.0101;1000
20160205 134400;1.96;1.96;1.96;1.96;500
20160205 135500;1.96;1.96;1.96;1.96;953
20160205 141000;1.9584;1.9584;1.9584;1.9584;1000
20160205 141300;1.9624;1.98;1.9624;1.98;1120
20160205 153500;1.9166;1.9166;1.9166;1.9166;3030
20160205 155000;1.94;1.94;1.94;1.94;100
20160205 155700;1.92;1.92;1.92;1.92;9926
