20160119 094600;3.4;3.4;3.4;3.4;1650
20160119 100300;3.47;3.52;3.47;3.52;1900
20160119 110300;3.51;3.51;3.51;3.51;300
20160119 110600;3.54;3.54;3.54;3.54;100
20160119 113300;3.5;3.5;3.5;3.5;100
20160119 125600;3.523;3.523;3.523;3.523;3000
20160119 125700;3.52;3.52;3.52;3.52;100
20160119 132000;3.53;3.53;3.53;3.53;100
20160119 141900;3.52;3.52;3.52;3.52;100
20160119 144800;3.49;3.49;3.49;3.49;1249
20160119 145300;3.49;3.49;3.49;3.49;100
20160119 151600;3.495;3.495;3.495;3.495;200
20160119 154700;3.491;3.491;3.49;3.49;300
20160119 160000;3.49;3.5;3.49;3.49;432
20160119 160100;3.49;3.49;3.49;3.49;96
20160120 094600;3.48;3.48;3.48;3.48;100
20160120 102700;3.405;3.415;3.405;3.415;800
20160120 104800;3.44;3.44;3.44;3.44;400
20160120 105200;3.45;3.45;3.44;3.44;3069
20160120 120800;3.4;3.4;3.4;3.4;100
20160120 122300;3.35;3.35;3.35;3.35;100
20160120 125200;3.36;3.36;3.36;3.36;100
20160120 125300;3.365;3.365;3.365;3.365;100
20160120 125500;3.33;3.33;3.33;3.33;100
20160120 131800;3.35;3.35;3.35;3.35;100
20160120 131900;3.35;3.35;3.35;3.35;300
20160120 132000;3.35;3.35;3.35;3.35;100
20160120 133400;3.34;3.34;3.34;3.34;300
20160120 133900;3.34;3.34;3.34;3.34;100
20160120 134100;3.34;3.34;3.33;3.33;400
20160120 134600;3.33;3.33;3.33;3.33;672
20160120 140000;3.36;3.36;3.322;3.322;1000
20160120 141200;3.33;3.33;3.33;3.33;100
20160120 142700;3.38;3.38;3.38;3.38;100
20160120 143900;3.41;3.41;3.41;3.41;100
20160120 145800;3.38;3.38;3.38;3.38;100
20160120 152100;3.43;3.43;3.42;3.42;200
20160120 154700;3.41;3.41;3.41;3.41;100
20160120 155900;3.39;3.39;3.39;3.39;300
20160120 160000;3.4;3.42;3.4;3.42;300
20160121 102200;3.41;3.41;3.41;3.41;100
20160121 103100;3.41;3.41;3.41;3.41;100
20160121 111900;3.43;3.44;3.43;3.435;892
20160121 112100;3.4;3.4;3.4;3.4;100
20160121 112500;3.411;3.411;3.4;3.4;200
20160121 123600;3.41;3.41;3.41;3.41;100
20160121 131000;3.44;3.44;3.44;3.44;100
20160121 132900;3.4;3.4;3.4;3.4;100
20160121 140900;3.36;3.36;3.36;3.36;100
20160121 150500;3.44;3.44;3.44;3.44;200
20160121 151900;3.44;3.44;3.44;3.44;100
20160121 153500;3.41;3.41;3.41;3.41;100
20160121 154700;3.425;3.425;3.425;3.425;200
20160121 160000;3.43;3.43;3.43;3.43;100
20160122 094300;3.45;3.45;3.45;3.45;100
20160122 101100;3.45;3.45;3.45;3.45;100
20160122 101500;3.45;3.45;3.45;3.45;600
20160122 111200;3.39;3.39;3.39;3.39;100
20160122 112100;3.39;3.39;3.39;3.39;100
20160122 112700;3.35;3.35;3.35;3.35;2300
20160122 112900;3.4;3.4;3.4;3.4;100
20160122 113100;3.4;3.4;3.4;3.4;100
20160122 115300;3.28;3.28;3.25;3.25;1400
20160122 120000;3.26;3.26;3.26;3.26;500
20160122 120100;3.26;3.26;3.26;3.26;300
20160122 120200;3.26;3.26;3.26;3.26;100
20160122 120600;3.26;3.26;3.26;3.26;400
20160122 120700;3.25;3.25;3.25;3.25;1000
20160122 121200;3.21;3.21;3.21;3.21;100
20160122 121400;3.246;3.25;3.246;3.25;804
20160122 122000;3.24;3.24;3.2;3.2;1987
20160122 122100;3.22;3.22;3.21;3.21;2100
20160122 123600;3.19;3.2439;3.19;3.2439;200
20160122 124900;3.33;3.33;3.33;3.33;100
20160122 125600;3.23;3.24;3.2;3.2;2000
20160122 130500;3.29;3.29;3.29;3.29;100
20160122 130600;3.29;3.29;3.29;3.29;300
20160122 131900;3.29;3.29;3.29;3.29;100
20160122 132000;3.28;3.28;3.28;3.28;100
20160122 150000;3.345;3.345;3.345;3.345;100
20160122 150300;3.39;3.39;3.39;3.39;100
20160122 153800;3.35;3.35;3.3;3.3;1400
20160122 155800;3.35;3.35;3.35;3.35;100
20160122 160000;3.32;3.34;3.32;3.34;600
20160125 104000;3.34;3.34;3.34;3.34;100
20160125 112900;3.34;3.34;3.34;3.34;100
20160125 113500;3.34;3.34;3.34;3.34;1000
20160125 113600;3.36;3.36;3.26;3.26;4300
20160125 113700;3.26;3.26;3.25;3.25;600
20160125 115800;3.25;3.25;3.25;3.25;200
20160125 122000;3.23;3.23;3.23;3.23;100
20160125 125100;3.23;3.23;3.23;3.23;100
20160125 125200;3.18;3.18;3.1799;3.1799;200
20160125 125700;3.18;3.19;3.18;3.18;400
20160125 125800;3.18;3.18;3.18;3.18;400
20160125 125900;3.15;3.15;3.15;3.15;100
20160125 130100;3.25;3.25;3.25;3.25;100
20160125 130400;3.25;3.25;3.24;3.24;400
20160125 130900;3.24;3.24;3.24;3.24;101
20160125 131200;3.25;3.25;3.25;3.25;100
20160125 131700;3.25;3.25;3.2301;3.2301;200
20160125 132300;3.23;3.23;3.21;3.21;300
20160125 133100;3.22;3.22;3.22;3.22;100
20160125 133800;3.13;3.13;3.13;3.13;100
20160125 134200;3.15;3.15;3.1;3.1;1900
20160125 134300;3.1;3.1;3.1;3.1;400
20160125 134600;3.1;3.1;3.1;3.1;300
20160125 134800;3.1;3.1;3.1;3.1;100
20160125 140800;3.0901;3.175;3.0901;3.175;600
20160125 140900;3.09;3.09;3.09;3.09;100
20160125 141100;3.1;3.1;3.1;3.1;100
20160125 144100;3.07;3.07;3.07;3.07;100
20160125 144800;3.1;3.1;3.1;3.1;1000
20160125 145000;3.1;3.1;3.09;3.09;300
20160125 145600;3.09;3.09;3.08;3.08;200
20160125 150700;3.08;3.08;3.08;3.08;300
20160125 152700;3.08;3.08;3.08;3.08;100
20160125 155000;3.1;3.1;3.1;3.1;100
20160125 155900;3.09;3.09;3.09;3.09;100
20160125 160000;3.09;3.09;3.07;3.07;437
20160126 111200;3.19;3.19;3.19;3.19;200
20160126 111300;3.19;3.25;3.19;3.25;900
20160126 111400;3.28;3.422;3.28;3.33;2300
20160126 111500;3.27;3.3826;3.27;3.3826;300
20160126 111600;3.36;3.36;3.25;3.25;300
20160126 111900;3.19;3.19;3.19;3.19;497
20160126 112000;3.22;3.22;3.22;3.22;102
20160126 112700;3.39;3.39;3.1514;3.1514;600
20160126 114000;3.25;3.25;3.21;3.21;200
20160126 121600;3.26;3.26;3.26;3.26;100
20160126 122300;3.2599;3.2599;3.254;3.254;3700
20160126 123700;3.23;3.23;3.23;3.23;100
20160126 125100;3.27;3.27;3.27;3.27;100
20160126 132900;3.26;3.26;3.26;3.26;100
20160126 141100;3.24;3.24;3.24;3.24;500
20160126 141300;3.235;3.235;3.235;3.235;1000
20160126 142600;3.26;3.26;3.26;3.26;100
20160126 142700;3.25;3.25;3.25;3.25;100
20160126 150200;3.28;3.28;3.28;3.28;100
20160126 150700;3.28;3.28;3.28;3.28;100
20160126 151900;3.28;3.28;3.28;3.28;100
20160126 152200;3.26;3.275;3.2;3.23;1600
20160126 152700;3.27;3.27;3.27;3.27;100
20160126 154000;3.28;3.28;3.27;3.27;300
20160126 154200;3.28;3.28;3.28;3.28;200
20160126 155100;3.26;3.265;3.26;3.265;200
20160126 155400;3.26;3.265;3.26;3.265;500
20160126 155900;3.28;3.28;3.28;3.28;100
20160126 160000;3.26;3.26;3.26;3.26;260
20160127 094200;3.21;3.21;3.21;3.21;100
20160127 094800;3.2232;3.2232;3.2232;3.2232;2200
20160127 094900;3.22;3.22;3.22;3.22;100
20160127 095100;3.23;3.23;3.23;3.23;100
20160127 095300;3.22;3.22;3.22;3.22;100
20160127 095500;3.2;3.2;3.19;3.19;300
20160127 095600;3.17;3.17;3.17;3.17;100
20160127 095700;3.15;3.15;3.15;3.15;100
20160127 095800;3.17;3.17;3.17;3.17;100
20160127 095900;3.165;3.165;3.165;3.165;100
20160127 100100;3.16;3.16;3.16;3.16;100
20160127 100200;3.17;3.17;3.17;3.17;100
20160127 100300;3.17;3.17;3.17;3.17;100
20160127 100400;3.15;3.15;3.15;3.15;100
20160127 100500;3.21;3.21;3.21;3.21;100
20160127 100800;3.2;3.2;3.2;3.2;100
20160127 101200;3.21;3.21;3.21;3.21;100
20160127 101500;3.21;3.21;3.21;3.21;100
20160127 101600;3.2;3.2;3.2;3.2;100
20160127 102300;3.2;3.2;3.2;3.2;300
20160127 103100;3.2;3.2;3.2;3.2;400
20160127 103800;3.2;3.2;3.2;3.2;100
20160127 104200;3.2;3.2;3.2;3.2;200
20160127 104400;3.22;3.22;3.22;3.22;300
20160127 105400;3.21;3.21;3.21;3.21;100
20160127 110100;3.2;3.2;3.2;3.2;200
20160127 110800;3.2;3.2;3.2;3.2;100
20160127 110900;3.2;3.2;3.2;3.2;100
20160127 111600;3.2;3.2;3.2;3.2;100
20160127 112000;3.2;3.2;3.2;3.2;200
20160127 112200;3.22;3.22;3.22;3.22;2000
20160127 112700;3.21;3.21;3.21;3.21;100
20160127 112800;3.2;3.2;3.2;3.2;100
20160127 113500;3.2;3.2;3.2;3.2;100
20160127 113900;3.2;3.2;3.2;3.2;200
20160127 114300;3.2;3.2;3.2;3.2;100
20160127 114600;3.2;3.2;3.2;3.2;100
20160127 114700;3.2;3.2;3.2;3.2;100
20160127 115400;3.2;3.2;3.2;3.2;200
20160127 120100;3.2;3.2;3.2;3.2;100
20160127 120500;3.2;3.2;3.2;3.2;100
20160127 120600;3.2;3.2;3.2;3.2;100
20160127 121300;3.2;3.2;3.2;3.2;100
20160127 121700;3.2;3.2;3.2;3.2;100
20160127 122000;3.2;3.2;3.2;3.2;100
20160127 122400;3.2;3.2;3.2;3.2;100
20160127 122500;3.2;3.2;3.2;3.2;100
20160127 123200;3.2;3.2;3.2;3.2;100
20160127 123600;3.2;3.2;3.2;3.2;100
20160127 123900;3.2;3.2;3.2;3.2;100
20160127 124300;3.2;3.23;3.2;3.21;300
20160127 124400;3.2;3.2;3.2;3.2;100
20160127 125100;3.2;3.2;3.2;3.2;100
20160127 125500;3.2;3.2;3.2;3.2;100
20160127 125800;3.2;3.2;3.2;3.2;100
20160127 130200;3.2;3.2;3.2;3.2;100
20160127 130300;3.2;3.2;3.2;3.2;100
20160127 131000;3.2;3.2;3.2;3.2;200
20160127 131300;3.2;3.2;3.2;3.2;100
20160127 131700;3.2;3.2;3.2;3.2;100
20160127 132100;3.2;3.2;3.2;3.2;100
20160127 132500;3.2;3.2;3.2;3.2;100
20160127 132900;3.2;3.2;3.2;3.2;200
20160127 133600;3.2;3.2;3.2;3.2;100
20160127 133700;3.2;3.24;3.2;3.24;400
20160127 134500;3.21;3.21;3.21;3.21;100
20160127 134900;3.2;3.2;3.2;3.2;200
20160127 135700;3.2;3.2;3.2;3.2;200
20160127 140400;3.2;3.2;3.2;3.2;100
20160127 141900;3.2;3.2;3.2;3.2;400
20160127 142000;3.2;3.2;3.19;3.2;3600
20160127 142100;3.2;3.21;3.2;3.21;800
20160127 142400;3.22;3.22;3.22;3.22;625
20160127 142700;3.21;3.21;3.2;3.2;400
20160127 142900;3.2;3.2;3.2;3.2;100
20160127 143500;3.2;3.21;3.2;3.21;500
20160127 144200;3.22;3.22;3.22;3.22;200
20160127 145000;3.2;3.2;3.2;3.2;100
20160127 145400;3.2;3.2;3.2;3.2;200
20160127 150100;3.2;3.2;3.2;3.2;200
20160127 150900;3.21;3.21;3.21;3.21;200
20160127 151600;3.2;3.2;3.2;3.2;100
20160127 152000;3.2;3.2;3.2;3.2;100
20160127 152200;3.2;3.2;3.2;3.2;100
20160127 152400;3.2;3.2;3.2;3.2;200
20160127 153100;3.2;3.2;3.2;3.2;200
20160127 153700;3.22;3.22;3.22;3.22;200
20160127 153800;3.22;3.22;3.22;3.22;400
20160127 154300;3.22;3.22;3.22;3.22;100
20160127 155000;3.22;3.25;3.22;3.25;900
20160127 155100;3.25;3.25;3.18;3.19;1000
20160127 155500;3.19;3.19;3.19;3.19;100
20160127 155800;3.17;3.17;3.17;3.17;100
20160127 160000;3.21;3.21;3.18;3.18;200
20160128 101800;3.2101;3.2101;3.2101;3.2101;650
20160128 103600;3.35;3.35;3.35;3.35;100
20160128 103700;3.38;3.38;3.3501;3.3501;200
20160128 103800;3.37;3.37;3.37;3.37;100
20160128 104100;3.35;3.35;3.35;3.35;200
20160128 111200;3.39;3.39;3.39;3.39;100
20160128 111300;3.39;3.39;3.384;3.384;200
20160128 113000;3.4;3.4;3.4;3.4;100
20160128 113200;3.4;3.4;3.4;3.4;100
20160128 120800;3.42;3.42;3.42;3.42;100
20160128 143600;3.38;3.43;3.38;3.43;550
20160128 150400;3.38;3.38;3.38;3.38;100
20160128 155400;3.2831;3.2831;3.2831;3.2831;400
20160128 155500;3.24;3.24;3.24;3.24;200
20160128 155600;3.34;3.35;3.34;3.35;300
20160128 160000;3.29;3.29;3.28;3.28;200
20160129 100100;3.4306;3.4306;3.4306;3.4306;200
20160129 100700;3.44;3.44;3.44;3.44;100
20160129 102100;3.4401;3.4401;3.4401;3.4401;500
20160129 102300;3.4401;3.4401;3.4401;3.4401;500
20160129 103000;3.45;3.45;3.45;3.45;100
20160129 104100;3.45;3.45;3.45;3.45;100
20160129 105100;3.45;3.45;3.45;3.45;200
20160129 105200;3.45;3.45;3.45;3.45;100
20160129 112900;3.45;3.45;3.45;3.45;100
20160129 115100;3.45;3.45;3.45;3.45;100
20160129 120500;3.45;3.45;3.45;3.45;100
20160129 121800;3.45;3.45;3.45;3.45;100
20160129 122000;3.45;3.45;3.45;3.45;100
20160129 125300;3.45;3.45;3.45;3.45;100
20160129 130000;3.4499;3.45;3.4499;3.45;2100
20160129 130100;3.44;3.45;3.44;3.45;200
20160129 130500;3.45;3.45;3.45;3.45;100
20160129 132500;3.45;3.45;3.45;3.45;100
20160129 135600;3.45;3.45;3.45;3.45;100
20160129 140000;3.4335;3.4335;3.4335;3.4335;500
20160129 142200;3.45;3.45;3.45;3.45;100
20160129 142700;3.45;3.45;3.45;3.45;100
20160129 150000;3.45;3.45;3.45;3.45;100
20160129 150100;3.45;3.45;3.45;3.45;100
20160129 150900;3.45;3.45;3.45;3.45;200
20160129 151800;3.45;3.45;3.45;3.45;200
20160129 152200;3.45;3.45;3.45;3.45;100
20160129 152300;3.45;3.45;3.45;3.45;100
20160129 152900;3.45;3.45;3.45;3.45;100
20160129 153100;3.44;3.45;3.43;3.45;1500
20160129 153200;3.44;3.44;3.4;3.4;500
20160129 153300;3.42;3.42;3.39;3.4;700
20160129 153500;3.4;3.4;3.4;3.4;200
20160129 154600;3.39;3.39;3.39;3.39;100
20160129 154900;3.43;3.44;3.43;3.44;1500
20160129 155000;3.4;3.4;3.4;3.4;100
20160129 155100;3.43;3.445;3.42;3.445;500
20160129 155200;3.43;3.43;3.43;3.43;100
20160129 155500;3.44;3.45;3.39;3.4;5100
20160129 155600;3.39;3.432;3.39;3.432;3596
20160129 155700;3.44;3.44;3.44;3.44;300
20160129 155800;3.4336;3.4336;3.4336;3.4336;100
20160129 155900;3.425;3.45;3.42;3.45;4800
20160129 160000;3.45;3.59;3.41;3.41;4295
20160201 111000;3.3507;3.365;3.35;3.35;300
20160201 111100;3.32;3.32;3.32;3.32;400
20160201 111200;3.37;3.38;3.37;3.38;300
20160201 111300;3.41;3.41;3.41;3.41;100
20160201 111500;3.43;3.43;3.43;3.43;300
20160201 120500;3.4202;3.4202;3.4202;3.4202;500
20160201 121000;3.4202;3.4202;3.4202;3.4202;600
20160201 121300;3.42;3.45;3.42;3.45;600
20160201 143500;3.4115;3.4115;3.41;3.4101;400
20160201 150000;3.4;3.4;3.4;3.4;100
20160201 151200;3.4;3.46;3.4;3.46;3400
20160201 151700;3.45;3.45;3.45;3.45;100
20160201 151800;3.45;3.45;3.45;3.45;100
20160201 152600;3.45;3.45;3.45;3.45;200
20160202 094600;3.43;3.43;3.43;3.43;100
20160202 094700;3.42;3.42;3.42;3.42;100
20160202 095200;3.4;3.4;3.4;3.4;100
20160202 100500;3.45;3.45;3.45;3.45;100
20160202 100700;3.44;3.44;3.44;3.44;100
20160202 103900;3.48;3.49;3.45;3.45;2300
20160202 110000;3.5;3.5;3.49;3.49;800
20160202 110800;3.51;3.51;3.51;3.51;100
20160202 111500;3.51;3.51;3.5;3.505;4000
20160202 111600;3.51;3.51;3.51;3.51;500
20160202 112300;3.5;3.5;3.5;3.5;100
20160202 113600;3.5;3.5;3.5;3.5;100
20160202 114300;3.42;3.42;3.42;3.42;100
20160202 115300;3.3923;3.44;3.3601;3.3635;3225
20160202 115600;3.43;3.43;3.43;3.43;100
20160202 124700;3.44;3.44;3.44;3.44;100
20160202 131100;3.41;3.41;3.41;3.41;100
20160202 131400;3.37;3.43;3.37;3.43;200
20160202 134200;3.38;3.38;3.38;3.38;100
20160202 135900;3.41;3.41;3.41;3.41;100
20160202 141400;3.36;3.36;3.36;3.36;100
20160202 142700;3.338;3.338;3.338;3.338;150
20160202 142900;3.33;3.33;3.33;3.33;100
20160202 143000;3.3702;3.3702;3.3702;3.3702;500
20160202 143600;3.4;3.43;3.4;3.43;600
20160202 145000;3.43;3.43;3.43;3.43;100
20160202 145300;3.45;3.45;3.45;3.45;300
20160202 150000;3.423;3.423;3.423;3.423;100
20160202 150100;3.44;3.44;3.44;3.44;100
20160202 150500;3.4499;3.45;3.4499;3.45;850
20160202 152400;3.45;3.45;3.45;3.45;200
20160202 154400;3.45;3.45;3.45;3.45;200
20160202 155200;3.45;3.45;3.45;3.45;100
20160202 155600;3.45;3.45;3.45;3.45;100
20160202 160000;3.45;3.45;3.42;3.43;465
20160203 102900;3.3101;3.3101;3.3101;3.3101;100
20160203 104700;3.455;3.455;3.455;3.455;100
20160203 111200;3.475;3.475;3.475;3.475;100
20160203 112100;3.49;3.49;3.45;3.45;1741
20160203 114300;3.47;3.4701;3.45;3.455;1000
20160203 115200;3.39;3.39;3.39;3.39;100
20160203 160000;3.45;3.46;3.45;3.46;217
20160204 094000;3.45;3.45;3.45;3.45;100
20160204 095800;3.47;3.47;3.47;3.47;100
20160204 100600;3.49;3.49;3.49;3.49;100
20160204 100700;3.5;3.5;3.5;3.5;1000
20160204 104000;3.5015;3.5015;3.45;3.45;500
20160204 110600;3.47;3.47;3.47;3.47;100
20160204 141300;3.5;3.5;3.5;3.5;200
20160204 141800;3.475;3.48;3.475;3.48;200
20160204 153500;3.47;3.47;3.465;3.4675;600
20160204 160000;3.46;3.46;3.46;3.46;200
20160205 102800;3.47;3.47;3.47;3.47;300
20160205 113800;3.49;3.49;3.49;3.49;100
20160205 114100;3.49;3.49;3.49;3.49;100
20160205 131000;3.47;3.47;3.4468;3.4468;214
20160205 132100;3.44;3.44;3.44;3.44;100
20160205 143600;3.363;3.39;3.3611;3.39;563
20160205 143700;3.41;3.41;3.41;3.41;100
20160205 150600;3.4;3.4;3.4;3.4;300
20160205 154900;3.39;3.39;3.39;3.39;100
20160205 160000;3.38;3.38;3.38;3.38;100
