20160120 101300;16.73;16.73;16.73;16.73;600
20160120 132500;16.71;16.71;16.71;16.71;200
20160120 160000;16.9;16.9;16.9;16.9;242
20160122 094400;16.06;16.06;16.06;16.06;200
20160122 100200;15.85;15.85;15.85;15.85;100
20160122 100300;15.69;15.69;15.69;15.69;100
20160122 100400;15.68;15.7;15.67;15.7;700
20160122 100500;15.87;15.87;15.77;15.77;1000
20160122 103000;16.03;16.03;16.03;16.03;200
20160122 143100;16.1666;16.1666;16.1666;16.1666;300
20160122 152200;16.11;16.11;16.11;16.11;200
20160122 152400;16.1615;16.19;16.1615;16.19;200
20160122 154300;16.14;16.14;16.14;16.14;100
20160122 160000;16.26;16.26;16.26;16.26;174
20160125 151400;15.89;15.89;15.89;15.89;200
20160125 160000;15.57;15.57;15.57;15.57;204
20160127 094100;16.03;16.03;16.03;16.03;100
20160127 114000;15.9442;15.981;15.9442;15.981;1000
20160127 114200;15.95;16.076;15.95;16.076;200
20160127 114300;15.94;15.981;15.94;15.981;600
20160127 114400;15.92;15.97;15.92;15.97;727
20160127 114500;15.97;15.97;15.97;15.97;378
20160127 122200;16.03;16.03;16.02;16.02;427
20160127 125600;16;16;16;16;126
20160127 125700;16;16;16;16;200
20160127 130700;16;16;16;16;100
20160127 135600;16.02;16.02;16.0199;16.0199;400
20160127 135900;16.02;16.02;16.02;16.02;100
20160129 121900;16.4;16.4;16.4;16.4;100
20160129 125200;16.4;16.4;16.4;16.4;100
20160129 142100;16.42;16.42;16.42;16.42;100
20160201 160000;16.61;16.61;16.61;16.61;100
20160204 094200;16.23;16.23;16.23;16.23;600
20160204 105500;16.16;16.16;16.16;16.16;200
20160204 160000;16.09;16.09;16.09;16.09;100
20160204 160300;16.21;16.21;16.21;16.21;291
20160205 095300;16.01;16.01;16.01;16.01;100
