20160119 093300;52.756;52.756;52.756;52.756;1000
20160119 093900;52.6;52.6;52.6;52.6;100
20160119 094300;52.62;52.62;52.6;52.6;200
20160119 094600;52.46;52.46;52.46;52.46;100
20160119 094700;52.3503;52.3503;52.3503;52.3503;185
20160119 094800;52.39;52.39;52.39;52.39;100
20160119 095200;52.37;52.37;52.36;52.36;200
20160119 095300;52.24;52.24;52.24;52.24;100
20160119 095700;52.28;52.28;52.28;52.28;100
20160119 101200;52.32;52.32;52.3;52.3;200
20160119 101500;52.24;52.24;52.24;52.24;100
20160119 101600;52.09;52.09;52.09;52.09;100
20160119 101900;52.1;52.1;52.1;52.1;100
20160119 102300;52.11;52.11;52.11;52.11;100
20160119 102400;52.06;52.06;52.06;52.06;100
20160119 103000;51.84;51.84;51.84;51.84;100
20160119 103100;51.84;51.84;51.8;51.8;300
20160119 103400;51.82;51.92;51.82;51.92;200
20160119 104000;51.88;51.88;51.8;51.8;300
20160119 104300;51.62;51.67;51.61;51.67;400
20160119 104400;51.57;51.61;51.57;51.6;600
20160119 105500;51.41;51.41;51.36;51.36;200
20160119 105900;51.25;51.25;51.23;51.23;203
20160119 110200;51.28;51.29;51.27;51.29;500
20160119 110300;51.33;51.37;51.33;51.37;600
20160119 110400;51.36;51.36;51.32;51.32;300
20160119 110500;51.375;51.46;51.31;51.46;2500
20160119 110600;51.57;51.6;51.57;51.6;200
20160119 110700;51.6;51.75;51.5;51.5;2286
20160119 110800;51.53;51.7;51.5;51.7;1400
20160119 111000;51.7;51.7;51.7;51.7;100
20160119 111100;51.73;51.73;51.73;51.73;100
20160119 111400;51.7828;51.7828;51.7828;51.7828;100
20160119 111800;51.75;51.75;51.75;51.75;100
20160119 112900;51.71;51.71;51.71;51.71;200
20160119 113100;51.73;51.73;51.72;51.72;200
20160119 113600;51.805;51.805;51.805;51.805;100
20160119 113700;51.815;51.815;51.815;51.815;100
20160119 114300;51.805;51.815;51.805;51.815;200
20160119 114600;51.8017;51.835;51.8017;51.835;200
20160119 115200;51.9;52.1;51.89;52.1;500
20160119 120400;51.97;51.99;51.84;51.915;700
20160119 120500;51.85;51.85;51.64;51.64;600
20160119 121800;51.52;51.52;51.52;51.52;100
20160119 121900;51.53;51.61;51.24;51.27;2100
20160119 122000;51.42;51.5;51.42;51.5;200
20160119 122100;51.415;51.415;51.415;51.415;100
20160119 123300;51.54;51.54;51.54;51.54;100
20160119 124100;51.38;51.39;51.38;51.39;200
20160119 124300;51.46;51.46;51.46;51.46;100
20160119 124700;51.44;51.44;51.36;51.36;700
20160119 124800;51.28;51.28;51.28;51.28;100
20160119 125000;51.295;51.2998;51.295;51.2998;200
20160119 125200;51.24;51.24;51.24;51.24;100
20160119 125300;51.295;51.295;51.285;51.285;200
20160119 125400;51.33;51.36;51.33;51.36;400
20160119 125500;51.47;51.4995;51.47;51.4995;200
20160119 125600;51.45;51.62;51.45;51.62;500
20160119 125700;51.49;51.49;51.36;51.435;998
20160119 125800;51.43;51.4395;51.4;51.4395;300
20160119 130600;51.26;51.39;51.26;51.39;300
20160119 131000;51.192;51.35;51.192;51.35;600
20160119 131200;51.45;51.45;51.45;51.45;100
20160119 132800;51.39;51.39;51.37;51.37;300
20160119 133000;51.04;51.22;51.04;51.22;200
20160119 133500;51.22;51.22;51.22;51.22;100
20160119 133600;51.06;51.06;51.06;51.06;200
20160119 134300;51.1242;51.1242;51.1242;51.1242;100
20160119 134500;51.14;51.14;51.09;51.09;300
20160119 134600;50.975;51;50.85;50.86;400
20160119 134700;50.95;50.95;50.95;50.95;100
20160119 134900;51.27;51.27;51.27;51.27;100
20160119 135100;51.2;51.2;51.05;51.0801;1100
20160119 135200;51.17;51.17;51.05;51.05;200
20160119 135400;51.06;51.06;51.06;51.06;100
20160119 135800;51.2;51.2;51.2;51.2;100
20160119 135900;51.05;51.05;50.95;50.95;600
20160119 140200;50.91;50.96;50.86;50.95;700
20160119 140300;50.99;50.99;50.92;50.9399;300
20160119 140400;51.06;51.06;51.06;51.06;100
20160119 140700;51.14;51.14;51.14;51.14;200
20160119 140800;51;51.13;51;51.13;700
20160119 140900;51.03;51.03;51.03;51.03;100
20160119 141000;50.95;50.95;50.95;50.95;200
20160119 141200;51.03;51.03;50.93;50.93;300
20160119 141300;51.09;51.09;51.09;51.09;100
20160119 141400;51.17;51.24;51.17;51.17;300
20160119 141500;50.96;50.96;50.96;50.96;100
20160119 141600;50.96;50.96;50.96;50.96;100
20160119 141700;50.93;50.97;50.75;50.9;1000
20160119 141800;50.86;50.87;50.86;50.87;1200
20160119 141900;50.83;50.95;50.83;50.95;1400
20160119 142000;50.76;50.99;50.76;50.99;700
20160119 142100;50.95;50.95;50.95;50.95;103
20160119 142200;51.05;51.05;51.04;51.05;1000
20160119 142300;50.92;50.92;50.88;50.88;800
20160119 142400;50.8;50.94;50.8;50.875;2100
20160119 142500;50.98;51;50.87;50.96;1300
20160119 142600;51.05;51.05;50.98;51.02;900
20160119 142700;51;51.15;51;51.11;2200
20160119 142800;50.92;51.15;50.92;51.15;2494
20160119 142900;51.03;51.12;51.03;51.12;600
20160119 143000;50.98;51.24;50.98;51.24;2183
20160119 143100;51.24;51.42;51.24;51.42;1200
20160119 143300;51.45;51.45;51.15;51.15;300
20160119 143400;51.3;51.4;51.3;51.39;1100
20160119 143500;51.27;51.49;51.24;51.49;2210
20160119 143600;51.43;51.43;51.43;51.43;100
20160119 143700;51.1201;51.47;51.1201;51.47;1254
20160119 143800;51.36;51.6;51.3599;51.6;700
20160119 143900;51.21;51.46;51.21;51.46;200
20160119 144000;51.36;51.36;51.36;51.36;114
20160119 144100;51.44;51.47;51.4;51.46;800
20160119 144200;51.46;51.53;51.37;51.53;1003
20160119 145100;51.2;51.2;51.2;51.2;100
20160119 145300;51.43;51.65;51.41;51.65;800
20160119 145900;51.35;51.35;51.35;51.35;100
20160119 150200;51.59;51.59;51.59;51.59;100
20160119 150800;51.38;51.54;51.38;51.54;200
20160119 150900;51.57;51.57;51.57;51.57;200
20160119 151000;51.56;51.56;51.56;51.56;100
20160119 151800;51.54;51.54;51.39;51.39;200
20160119 152100;51.5;51.58;51.49;51.49;3100
20160119 152200;51.4;51.4;51.4;51.4;100
20160119 152500;51.56;51.57;51.56;51.57;200
20160119 152600;51.68;51.68;51.68;51.68;100
20160119 152700;51.72;51.86;51.72;51.86;300
20160119 152800;51.95;51.95;51.95;51.95;200
20160119 153400;51.93;51.93;51.93;51.93;100
20160119 153500;51.93;51.93;51.93;51.93;100
20160119 153600;51.845;51.845;51.845;51.845;100
20160119 153800;51.86;51.88;51.86;51.88;275
20160119 154100;51.9;51.91;51.9;51.91;200
20160119 154200;51.995;51.995;51.995;51.995;100
20160119 154300;52.09;52.09;52.09;52.09;100
20160119 154400;52.08;52.08;52.08;52.08;100
20160119 154500;52.09;52.09;52.09;52.09;100
20160119 154600;52.14;52.14;52.14;52.14;100
20160119 154700;52.13;52.3;52.13;52.27;300
20160119 154800;52.44;52.44;52.44;52.44;100
20160119 154900;52.31;52.31;52.31;52.31;200
20160119 155100;52.39;52.46;52.29;52.46;800
20160119 155200;52.29;52.29;52.29;52.29;100
20160119 155400;52.29;52.29;52.2;52.2;300
20160119 155500;52.3;52.45;52.3;52.45;600
20160119 155600;52.41;52.41;52.35;52.35;1200
20160119 155700;52.4;52.4;52.38;52.4;900
20160119 155800;52.4;52.4;52.36;52.37;900
20160119 155900;52.32;52.32;52.31;52.31;800
20160119 160000;52.38;52.4;52.25;52.25;4813
20160119 160100;52.25;52.25;52.25;52.25;1092
20160119 160400;52.152;52.152;52.152;52.152;6400
20160119 170600;52.25;52.25;52.25;52.25;28
20160120 093100;47.85;47.85;47.85;47.85;100
20160120 093200;51.41;51.65;51.41;51.65;300
20160120 094000;51.2;51.2;51.1901;51.1901;200
20160120 094700;51.57;51.79;51.57;51.79;200
20160120 095600;51.6;51.6;51.6;51.6;899
20160120 095700;51.2;51.2;51.2;51.2;900
20160120 100800;51.67;51.67;51.67;51.67;100
20160120 101100;51.55;51.55;51.55;51.55;100
20160120 102500;51.56;51.57;51.56;51.57;400
20160120 102700;51.43;51.43;51.43;51.43;100
20160120 103100;51.43;51.61;51.05;51.09;4967
20160120 103400;50.69;50.69;50.68;50.68;200
20160120 103500;50.85;50.85;50.85;50.85;200
20160120 103600;50.82;50.83;50.82;50.83;300
20160120 104000;50.46;50.46;50.46;50.46;100
20160120 104100;50.31;50.31;50.31;50.31;100
20160120 104600;50.53;50.53;50.53;50.53;100
20160120 104800;50.51;50.51;50.51;50.51;100
20160120 104900;50.64;50.64;50.64;50.64;100
20160120 110200;50.61;50.61;50.61;50.61;100
20160120 110400;50.64;50.64;50.64;50.64;100
20160120 111100;50.6;50.6;50.6;50.6;200
20160120 111300;50.65;50.65;50.65;50.65;210
20160120 111400;50.87;50.87;50.87;50.87;100
20160120 112100;51.16;51.16;51.16;51.16;100
20160120 113100;51.16;51.16;51.16;51.16;200
20160120 113600;51.2226;51.2226;51.2226;51.2226;559
20160120 114000;51.13;51.13;51.08;51.08;300
20160120 114100;51.2;51.2;51.2;51.2;100
20160120 114900;50.75;50.75;50.75;50.75;100
20160120 115100;50.85;50.85;50.85;50.85;100
20160120 115600;50.5;50.5;50.5;50.5;100
20160120 115800;50.49;50.49;50.49;50.49;100
20160120 120100;50.66;50.66;50.66;50.66;100
20160120 120600;50.72;50.93;50.71;50.93;300
20160120 120700;50.51;50.51;50.45;50.45;300
20160120 121600;50.51;50.51;50.49;50.49;200
20160120 121700;50.48;50.48;50.48;50.48;100
20160120 122100;50.25;50.25;50.25;50.25;375
20160120 122600;50.24;50.24;50.16;50.16;200
20160120 123400;50.19;50.19;50.19;50.19;100
20160120 123700;50.135;50.135;50.135;50.135;100
20160120 124000;50.01;50.01;50.01;50.01;200
20160120 124100;50.09;50.09;50.09;50.09;200
20160120 124300;49.6701;49.6701;49.67;49.67;500
20160120 124400;49.67;49.67;49.67;49.67;100
20160120 124800;49.645;49.645;49.645;49.645;100
20160120 125200;50.08;50.08;50.08;50.08;100
20160120 125600;50.09;50.12;50.09;50.12;200
20160120 125700;50.11;50.13;50.11;50.13;400
20160120 125900;50.12;50.12;50.12;50.12;100
20160120 130200;50.12;50.12;50.12;50.12;100
20160120 130300;50.12;50.12;50.12;50.12;100
20160120 130400;50.12;50.12;50.12;50.12;100
20160120 130600;50.13;50.13;50.13;50.13;621
20160120 132100;50.15;50.15;50.15;50.15;100
20160120 133100;50.4;50.4;50.32;50.32;200
20160120 133500;50.4;50.4;50.32;50.32;400
20160120 133600;50.2;50.2;50.2;50.2;300
20160120 133700;50.15;50.25;50.11;50.17;1100
20160120 133800;50.23;50.23;50.2;50.21;900
20160120 133900;50.2;50.37;50.2;50.37;1296
20160120 134000;50.29;50.29;50.29;50.29;100
20160120 134100;50.32;50.4;50.3;50.4;1000
20160120 134200;50.3;50.57;50.3;50.34;1097
20160120 134300;50.5;50.5;50.5;50.5;220
20160120 134700;50.97;50.97;50.79;50.79;600
20160120 135700;50.85;50.85;50.85;50.85;200
20160120 140300;50.85;50.85;50.81;50.81;300
20160120 140600;50.87;50.87;50.87;50.87;100
20160120 141000;50.94;50.95;50.94;50.95;200
20160120 141200;51.115;51.115;51.115;51.115;100
20160120 141400;51.27;51.27;51.13;51.13;524
20160120 141600;51.15;51.15;51.06;51.08;600
20160120 141700;51.13;51.13;51.13;51.13;100
20160120 142000;51.14;51.14;51.08;51.08;500
20160120 143000;51.02;51.02;50.99;50.99;200
20160120 143100;51.16;51.16;51.13;51.13;300
20160120 143400;51.08;51.08;51.08;51.08;100
20160120 143700;51.08;51.08;51.08;51.08;100
20160120 143900;51.13;51.13;51.13;51.13;570
20160120 144300;51.03;51.08;51.03;51.08;200
20160120 144600;50.9;50.9;50.9;50.9;160
20160120 144800;50.79;50.79;50.79;50.79;100
20160120 144900;50.89;50.89;50.89;50.89;100
20160120 145000;50.83;50.9;50.83;50.9;800
20160120 145200;51.05;51.05;51.05;51.05;100
20160120 145400;51.05;51.05;51.04;51.04;400
20160120 145500;51.07;51.07;50.99;50.99;200
20160120 150000;51.11;51.11;51.1;51.1;200
20160120 150100;50.94;50.94;50.94;50.94;100
20160120 150300;50.85;50.85;50.85;50.85;100
20160120 150400;50.91;50.91;50.91;50.91;100
20160120 150500;51.07;51.07;51.07;51.07;100
20160120 151500;51.14;51.14;51.14;51.14;300
20160120 151700;51.41;51.41;51.41;51.41;100
20160120 151800;51.18;51.49;51.18;51.4;3700
20160120 152500;51.54;51.55;51.54;51.55;500
20160120 152900;51.64;51.64;51.64;51.64;200
20160120 153000;51.59;51.59;51.53;51.56;400
20160120 153100;51.56;51.56;51.54;51.54;400
20160120 153300;51.51;51.55;51.47;51.54;500
20160120 153900;51.48;51.48;51.43;51.46;700
20160120 154000;51.37;51.37;51.37;51.37;500
20160120 154300;51.34;51.34;51.34;51.34;100
20160120 154600;51.38;51.38;51.34;51.34;700
20160120 154900;51.22;51.22;51.22;51.22;100
20160120 155000;51.23;51.24;51.23;51.24;300
20160120 155100;51.27;51.61;51.13;51.16;1500
20160120 155200;51.02;51.21;51.02;51.04;900
20160120 155400;51.07;51.07;51.07;51.07;100
20160120 155600;51.21;51.21;51.21;51.21;100
20160120 155700;51.08;51.08;51.06;51.06;600
20160120 155900;51.12;51.14;51.12;51.14;500
20160120 160000;51.13;51.2;51.08;51.18;5158
20160120 160100;51.08;51.08;51.08;51.08;28
20160120 160300;49.697;49.697;49.697;49.697;7600
20160120 161700;51.18;51.18;51.18;51.18;112
20160121 090600;51.18;51.18;51.18;51.18;476
20160121 093500;51.04;51.04;51.04;51.04;200
20160121 093600;51.16;51.16;51.16;51.16;100
20160121 094000;50.8;50.8;50.8;50.8;100
20160121 094800;50.23;50.23;50.21;50.21;600
20160121 094900;50.16;50.2;50.16;50.2;200
20160121 095000;50.11;50.11;50.064;50.064;654
20160121 095100;50.02;50.02;50;50;500
20160121 095200;50;50.02;49.93;50;500
20160121 095300;50;50.15;49.9999;50.15;1000
20160121 095400;50.2;50.26;50.2;50.26;1300
20160121 095500;50.13;50.13;50.13;50.13;100
20160121 095600;50.16;50.33;50.16;50.33;1900
20160121 095700;50.34;50.49;50.3;50.49;1194
20160121 100000;50.49;50.49;50.41;50.41;1506
20160121 100200;50.05;50.37;50.05;50.37;600
20160121 100300;50.12;50.42;50.12;50.4005;1190
20160121 100400;50.4499;50.63;50.4499;50.63;500
20160121 100500;50.75;50.8;50.74;50.8;2650
20160121 100600;50.64;50.74;50.6;50.62;1100
20160121 100700;50.28;50.55;50.28;50.55;400
20160121 100800;50.56;50.75;50.56;50.75;1300
20160121 101000;50.84;50.84;50.8299;50.8299;400
20160121 101100;50.73;50.73;50.73;50.73;780
20160121 101200;50.94;50.9995;50.9;50.9995;1006
20160121 101400;51.3;51.3;51.3;51.3;100
20160121 101500;51.29;51.29;51.15;51.15;300
20160121 102600;50.66;50.66;50.66;50.66;100
20160121 103500;50.94;50.94;50.94;50.94;200
20160121 103800;51.04;51.04;51.03;51.03;350
20160121 103900;51.03;51.03;51.01;51.01;200
20160121 104800;51.09;51.09;51.09;51.09;100
20160121 105300;51.07;51.07;51.07;51.07;100
20160121 105800;50.75;50.75;50.75;50.75;100
20160121 110000;50.55;50.55;50.55;50.55;100
20160121 110800;50.64;50.64;50.64;50.64;100
20160121 111100;50.88;50.88;50.88;50.88;100
20160121 111500;50.91;50.91;50.91;50.91;100
20160121 111700;50.9;50.92;50.69;50.69;300
20160121 112000;50.92;50.92;50.92;50.92;100
20160121 112200;50.95;50.95;50.8401;50.86;500
20160121 112700;50.85;50.85;50.85;50.85;100
20160121 113000;50.84;50.84;50.82;50.82;300
20160121 113700;50.58;50.58;50.58;50.58;100
20160121 113900;50.75;50.75;50.75;50.75;100
20160121 114400;50.35;50.35;50.35;50.35;100
20160121 114700;50.38;50.38;50.38;50.38;100
20160121 115600;50.37;50.54;50.37;50.54;200
20160121 115800;50.4028;50.4028;50.4028;50.4028;1300
20160121 115900;50.57;50.57;50.57;50.57;100
20160121 120100;50.58;50.61;50.42;50.61;600
20160121 120600;50.47;50.63;50.47;50.63;200
20160121 120700;50.63;50.63;50.63;50.63;100
20160121 121000;50.59;50.59;50.59;50.59;100
20160121 121200;50.58;50.58;50.52;50.52;300
20160121 121500;50.36;50.36;50.36;50.36;100
20160121 122300;50.5;50.5;50.5;50.5;100
20160121 122500;50.41;50.41;50.41;50.41;100
20160121 123500;50.44;50.44;50.44;50.44;100
20160121 124100;50.58;50.6;50.58;50.6;200
20160121 124500;50.5;50.5;50.49;50.49;300
20160121 125700;50.41;50.41;50.38;50.38;200
20160121 125800;50.36;50.5;50.35;50.35;450
20160121 125900;50.3;50.3;50.18;50.18;500
20160121 130000;50.17;50.2;50.06;50.19;900
20160121 130400;50.09;50.09;50.09;50.09;100
20160121 130700;50.23;50.25;50.145;50.145;700
20160121 130800;50.27;50.32;50.27;50.32;300
20160121 130900;50.34;50.39;50.34;50.39;400
20160121 131000;50.43;50.43;50.43;50.43;200
20160121 131700;50.42;50.42;50.42;50.42;100
20160121 132200;50.36;50.36;50.35;50.35;300
20160121 132400;50.24;50.24;50.24;50.24;100
20160121 133000;50.23;50.38;50.23;50.38;600
20160121 133300;50.43;50.43;50.24;50.24;200
20160121 133400;50.23;50.23;50.23;50.23;200
20160121 133900;50.45;50.45;50.45;50.45;100
20160121 134300;50.25;50.25;50.25;50.25;100
20160121 134600;50.43;50.43;50.43;50.43;200
20160121 135100;50.2944;50.2944;50.2944;50.2944;125
20160121 135200;50.33;50.33;50.33;50.33;200
20160121 135300;50.19;50.19;50.19;50.19;100
20160121 140300;50.22;50.22;50.21;50.21;200
20160121 141300;49.98;49.99;49.95;49.95;400
20160121 141500;50;50;49.99;49.99;200
20160121 142000;50.06;50.06;50.05;50.05;200
20160121 142200;50.18;50.18;49.95;49.95;200
20160121 142300;50.04;50.04;50.04;50.04;100
20160121 142400;50;50.07;50;50;1300
20160121 142500;50;50.09;50;50.09;700
20160121 142600;50.1;50.2;50.1;50.19;1000
20160121 142700;50.2;50.2;50.17;50.17;1200
20160121 142800;50.2;50.36;50.19;50.19;1300
20160121 142900;50.3;50.3;50.25;50.25;1500
20160121 143000;50.25;50.25;50.25;50.25;100
20160121 143400;50.495;50.495;50.46;50.46;297
20160121 143500;50.49;50.49;50.49;50.49;100
20160121 143600;50.49;50.495;50.48;50.495;400
20160121 144800;50.44;50.44;50.39;50.39;500
20160121 144900;50.17;50.17;50.17;50.17;100
20160121 145100;50.34;50.34;50.34;50.34;100
20160121 145600;50.35;50.35;50.35;50.35;200
20160121 150000;50.37;50.37;50.27;50.27;700
20160121 150100;50.2;50.27;50.14;50.14;600
20160121 150200;50.14;50.24;50.14;50.24;300
20160121 150300;50.15;50.28;50.15;50.28;1100
20160121 150400;50.27;50.35;50.27;50.35;1100
20160121 150500;50.27;50.45;50.27;50.45;2474
20160121 150800;50.42;50.42;50.4;50.41;400
20160121 151100;50.42;50.42;50.31;50.362;450
20160121 151700;50.3;50.3;50.3;50.3;100
20160121 152000;50.31;50.31;50.31;50.31;100
20160121 152300;50.47;50.47;50.47;50.47;100
20160121 152600;50.5;50.5;50.4;50.4;300
20160121 153200;50.49;50.49;50.49;50.49;100
20160121 153300;50.72;50.72;50.72;50.72;200
20160121 153700;50.91;50.91;50.91;50.91;100
20160121 154900;50.99;50.99;50.99;50.99;100
20160121 155000;50.82;50.98;50.81;50.81;800
20160121 155200;50.82;50.82;50.82;50.82;100
20160121 155300;50.89;50.94;50.89;50.94;200
20160121 155600;50.88;50.9;50.82;50.82;900
20160121 155700;50.8;50.8;50.8;50.8;100
20160121 155800;50.75;50.75;50.74;50.74;200
20160121 155900;50.75;50.75;50.7;50.7;600
20160121 160000;50.79;50.79;50.55;50.64;4648
20160121 161300;50.4521;50.4521;50.4521;50.4521;100
20160122 093700;50.63;50.63;50.63;50.63;100
20160122 094200;50.59;50.64;50.59;50.64;700
20160122 094400;50.48;50.57;50.48;50.57;1500
20160122 094500;50.48;50.48;50.3101;50.3101;429
20160122 094600;50.51;50.51;50.51;50.51;100
20160122 094700;50.63;50.63;50.63;50.63;100
20160122 094800;50.61;50.7;50.61;50.7;860
20160122 094900;50.7;50.7;50.61;50.63;600
20160122 095000;50.6;50.6;50.6;50.6;696
20160122 095200;50.28;50.28;50.28;50.28;100
20160122 095300;50.32;50.32;50.32;50.32;100
20160122 100200;50.41;50.41;50.41;50.41;100
20160122 100300;50.5;50.5;50.5;50.5;100
20160122 100500;50.5;50.5;50.5;50.5;100
20160122 101200;50.71;50.71;50.7;50.7;200
20160122 101400;50.7;50.7;50.7;50.7;200
20160122 101600;50.7;50.7;50.7;50.7;100
20160122 102000;50.67;50.67;50.63;50.63;300
20160122 102100;50.62;50.62;50.61;50.61;200
20160122 102200;50.59;50.59;50.59;50.59;100
20160122 102800;50.84;50.84;50.84;50.84;100
20160122 103000;50.87;50.87;50.87;50.87;200
20160122 103100;50.88;50.94;50.88;50.94;300
20160122 103300;51.15;51.15;51.15;51.15;100
20160122 104100;51.34;51.34;51.34;51.34;300
20160122 104400;51.34;51.34;51.34;51.34;100
20160122 105100;51.1;51.1;51.1;51.1;100
20160122 105200;51.1;51.1;51.1;51.1;100
20160122 105300;51.09;51.09;51.09;51.09;100
20160122 110600;51.22;51.22;51.22;51.22;300
20160122 110700;51.04;51.04;51.04;51.04;100
20160122 111000;50.82;50.82;50.82;50.82;100
20160122 112000;51.06;51.06;51.06;51.06;100
20160122 112100;51.04;51.065;51.04;51.05;1500
20160122 112200;51.07;51.07;51.07;51.07;100
20160122 112700;51.07;51.07;51.07;51.07;100
20160122 113000;51.03;51.03;51.03;51.03;100
20160122 113700;51.37;51.37;51.37;51.37;100
20160122 114600;51.07;51.07;51.07;51.07;100
20160122 114900;51.12;51.12;51.1;51.1;200
20160122 115000;51.1;51.1;51.1;51.1;100
20160122 115900;51.1;51.1;51.1;51.1;100
20160122 120100;51.2199;51.2199;51.2199;51.2199;200
20160122 120500;51.11;51.11;51.11;51.11;100
20160122 120900;51.12;51.12;51.12;51.12;100
20160122 121800;51.21;51.31;51.15;51.15;1100
20160122 121900;51.15;51.2;51.1;51.2;1000
20160122 122000;51.2;51.24;51.15;51.17;1300
20160122 122100;51.2;51.2;51.2;51.2;100
20160122 122200;51.59;51.59;51.59;51.59;100
20160122 122300;51.6;51.6;51.6;51.6;100
20160122 122400;51.61;51.61;51.54;51.54;200
20160122 122600;51.64;51.64;51.61;51.61;300
20160122 122700;51.55;51.55;51.41;51.41;400
20160122 122800;51.44;51.44;51.44;51.44;100
20160122 123500;51.56;51.56;51.56;51.56;100
20160122 123600;51.56;51.56;51.56;51.56;100
20160122 124700;51.76;51.76;51.76;51.76;100
20160122 125100;51.73;51.73;51.6375;51.6375;370
20160122 125700;51.52;51.52;51.52;51.52;100
20160122 130400;51.51;51.51;51.14;51.14;510
20160122 130700;51.17;51.17;51.17;51.17;100
20160122 131300;51.14;51.14;51.14;51.14;100
20160122 131400;51.11;51.11;51.11;51.11;100
20160122 131600;51.02;51.03;51.02;51.03;200
20160122 132500;51.031;51.031;51.031;51.031;100
20160122 132600;51.0775;51.0775;51.05;51.05;600
20160122 133100;51.27;51.27;51.27;51.27;100
20160122 133600;51.15;51.15;51.15;51.15;100
20160122 134500;51.18;51.3;51.18;51.3;200
20160122 134800;51.3;51.3;51.3;51.3;200
20160122 135500;51.2;51.2;51.2;51.2;100
20160122 135600;51.2;51.2;51.2;51.2;100
20160122 135900;51.3;51.3;51.3;51.3;100
20160122 140500;51.2;51.2;51.15;51.15;700
20160122 141400;51.29;51.3;51.29;51.3;400
20160122 141500;51.12;51.12;51.12;51.12;100
20160122 141800;51.28;51.29;51.28;51.29;200
20160122 141900;51.14;51.26;51.14;51.26;200
20160122 142200;51.28;51.28;51.28;51.28;100
20160122 142900;51.26;51.26;51.26;51.26;100
20160122 143300;51.23;51.23;51.23;51.23;100
20160122 143400;50.99;51.02;50.99;51.02;200
20160122 143600;51;51;51;51;100
20160122 143700;51.25;51.25;51.25;51.25;100
20160122 144000;51.03;51.03;51.03;51.03;100
20160122 144300;51.16;51.16;51.16;51.16;100
20160122 144800;51.08;51.08;51.08;51.08;100
20160122 145200;50.95;50.95;50.95;50.95;100
20160122 145300;50.97;50.97;50.97;50.97;100
20160122 150300;50.98;51.24;50.98;51.24;200
20160122 150800;50.96;50.96;50.96;50.96;400
20160122 150900;50.89;50.89;50.65;50.65;200
20160122 151300;50.69;50.69;50.69;50.69;100
20160122 151800;50.71;50.93;50.7;50.93;2200
20160122 152300;50.8;50.8;50.8;50.8;100
20160122 152400;51.05;51.05;50.855;50.855;600
20160122 152600;50.89;50.89;50.89;50.89;100
20160122 152700;51.09;51.09;51.09;51.09;100
20160122 153000;50.91;50.91;50.91;50.91;100
20160122 153100;50.91;50.91;50.91;50.91;200
20160122 153200;51.07;51.07;51.07;51.07;100
20160122 153300;51.13;51.13;51;51;200
20160122 153700;51.09;51.09;51.04;51.04;700
20160122 154000;50.88;50.88;50.88;50.88;100
20160122 154200;50.89;50.89;50.89;50.89;100
20160122 154400;50.88;50.88;50.88;50.88;100
20160122 154600;51.06;51.06;50.89;50.89;1100
20160122 154700;51.06;51.06;51.06;51.06;100
20160122 154900;50.915;51.05;50.91;51.04;400
20160122 155000;50.91;51.09;50.91;51.09;800
20160122 155100;51.09;51.09;51.09;51.09;100
20160122 155200;51.07;51.07;51.07;51.07;100
20160122 155300;51.16;51.16;51.16;51.16;100
20160122 155400;51.05;51.07;51.05;51.07;200
20160122 155600;51.13;51.13;51.02;51.1;300
20160122 155700;51.02;51.02;51.02;51.02;100
20160122 155800;51.07;51.07;51.02;51.02;300
20160122 155900;50.98;50.99;50.93;50.99;511
20160122 160000;50.92;50.99;50.92;50.99;4331
20160122 160100;50.99;50.99;50.99;50.99;165
20160122 161900;50.99;50.99;50.99;50.99;28
20160122 162600;50.99;50.99;50.99;50.99;801
20160125 093400;51.02;51.29;51.02;51.29;1500
20160125 093600;51.23;51.245;51.22;51.245;556
20160125 093700;51.1;51.1;51.1;51.1;100
20160125 094000;51.07;51.07;51.07;51.07;100
20160125 094100;51.2;51.3;51.2;51.3;500
20160125 094200;51.28;51.39;51.28;51.39;600
20160125 094300;51.35;51.35;51.35;51.35;100
20160125 094400;51.3;51.35;51.3;51.34;605
20160125 094500;51.38;51.38;51.38;51.38;300
20160125 094600;51.38;51.585;51.38;51.585;200
20160125 094700;51.4;51.4;51.4;51.4;900
20160125 094900;51.5;51.5;51.5;51.5;1701
20160125 095000;51.7662;51.7662;51.37;51.37;200
20160125 095800;51.6123;51.6123;51.6123;51.6123;100
20160125 100000;51.38;51.38;51.38;51.38;100
20160125 100600;51.4;51.45;51.4;51.45;200
20160125 100800;51.42;51.42;51.42;51.42;100
20160125 101000;51.43;51.6799;51.43;51.6799;200
20160125 102000;51.48;51.87;51.48;51.71;2160
20160125 102300;51.7;51.7;51.7;51.7;100
20160125 102400;51.65;51.65;51.5;51.51;800
20160125 102500;51.53;51.53;51.41;51.5;800
20160125 102600;51.4;51.56;51.35;51.56;400
20160125 102700;51.6;51.6;51.6;51.6;100
20160125 102800;51.64;51.6499;51.57;51.6499;1900
20160125 102900;51.65;51.76;51.65;51.76;500
20160125 103600;51.87;51.87;51.82;51.82;200
20160125 104400;51.72;51.72;51.72;51.72;100
20160125 104900;51.62;51.62;51.62;51.62;100
20160125 105900;51.68;51.68;51.68;51.68;100
20160125 110700;51.94;51.94;51.94;51.94;100
20160125 110800;51.69;51.69;51.69;51.69;100
20160125 111200;51.6801;51.6801;51.6801;51.6801;100
20160125 111300;51.6801;51.6801;51.6801;51.6801;200
20160125 111500;51.6801;51.6801;51.6801;51.6801;200
20160125 111800;51.7;51.7;51.7;51.7;100
20160125 111900;51.7401;51.7401;51.7401;51.7401;200
20160125 112200;51.7601;51.7601;51.7601;51.7601;100
20160125 112400;51.7601;51.7601;51.7601;51.7601;100
20160125 112800;51.79;51.79;51.79;51.79;100
20160125 112900;51.78;51.78;51.78;51.78;100
20160125 113700;52.07;52.07;51.8;51.8;200
20160125 114200;51.8;51.8166;51.79;51.79;300
20160125 114600;51.79;51.79;51.79;51.79;200
20160125 114700;51.49;51.49;51.49;51.49;100
20160125 115100;51.5101;51.5101;51.5101;51.5101;225
20160125 115700;51.55;51.55;51.55;51.55;100
20160125 120100;51.6039;51.6039;51.6039;51.6039;125
20160125 121600;51.54;51.54;51.54;51.54;100
20160125 122100;51.77;51.77;51.76;51.76;200
20160125 122200;51.6;51.61;51.6;51.61;1100
20160125 122600;51.58;51.58;51.58;51.58;100
20160125 123000;51.63;51.63;51.63;51.63;100
20160125 123500;51.49;51.49;51.49;51.49;100
20160125 125400;51.57;51.57;51.57;51.57;100
20160125 125700;51.54;51.54;51.45;51.45;200
20160125 125900;51.62;51.62;51.62;51.62;100
20160125 130000;51.64;51.64;51.64;51.64;100
20160125 130500;51.61;51.61;51.61;51.61;100
20160125 131500;51.69;51.69;51.69;51.69;100
20160125 132400;51.69;51.69;51.69;51.69;100
20160125 132900;51.71;51.71;51.71;51.71;100
20160125 133200;51.71;51.71;51.71;51.71;800
20160125 133300;51.87;51.87;51.7;51.7;1000
20160125 133400;51.62;51.62;51.62;51.62;100
20160125 133500;51.87;51.87;51.87;51.87;100
20160125 134300;51.64;51.64;51.64;51.64;100
20160125 134900;51.62;51.62;51.62;51.62;300
20160125 135000;51.6;51.6;51.2;51.2;2521
20160125 135300;51.08;51.08;51.08;51.08;100
20160125 135800;50.94;50.94;50.94;50.94;100
20160125 140000;50.81;50.81;50.81;50.81;100
20160125 140300;50.96;50.97;50.96;50.97;200
20160125 141000;51.09;51.09;50.87;50.87;259
20160125 141300;50.98;50.98;50.98;50.98;100
20160125 141400;50.95;50.95;50.95;50.95;500
20160125 142300;51.01;51.01;51.01;51.01;100
20160125 142900;51;51;51;51;100
20160125 143300;50.95;50.95;50.95;50.95;100
20160125 144200;50.92;50.92;50.92;50.92;100
20160125 144300;51.07;51.07;51.07;51.07;100
20160125 144500;51.2;51.2;51.2;51.2;100
20160125 144600;50.97;50.97;50.97;50.97;200
20160125 145100;50.95;50.95;50.95;50.95;100
20160125 145200;50.91;50.91;50.91;50.91;100
20160125 145700;51.02;51.02;51.02;51.02;100
20160125 150200;50.93;50.93;50.93;50.93;100
20160125 151200;50.9;50.91;50.89;50.9;904
20160125 151300;51.02;51.02;50.84;50.84;200
20160125 151400;51.06;51.06;51.06;51.06;100
20160125 152000;51.03;51.03;51.03;51.03;100
20160125 153000;51.12;51.13;51.12;51.13;300
20160125 153100;50.99;50.99;50.99;50.99;100
20160125 153200;50.95;50.95;50.95;50.95;100
20160125 154100;50.82;50.84;50.66;50.81;1978
20160125 154200;50.68;50.68;50.68;50.68;100
20160125 154500;50.84;50.85;50.74;50.74;300
20160125 154600;50.79;50.79;50.78;50.78;200
20160125 155100;50.91;50.91;50.85;50.85;200
20160125 155200;50.71;50.71;50.71;50.71;100
20160125 155300;50.81;50.81;50.81;50.81;200
20160125 155500;50.69;50.69;50.67;50.67;200
20160125 155600;50.66;50.76;50.66;50.76;200
20160125 155700;50.76;50.77;50.76;50.77;400
20160125 155800;50.67;50.67;50.66;50.66;200
20160125 155900;50.67;50.67;50.65;50.65;370
20160125 160000;50.71;50.74;50.63;50.74;3536
20160125 160100;50.74;50.74;50.74;50.74;2
20160125 172600;50.74;50.74;50.74;50.74;283
20160126 093100;50.51;50.59;50.51;50.59;200
20160126 093600;50.58;50.58;50.57;50.58;300
20160126 094100;50.865;50.88;50.68;50.68;300
20160126 094300;50.745;50.745;50.74;50.74;400
20160126 094400;50.84;50.84;50.84;50.84;100
20160126 094500;50.77;50.8;50.74;50.76;802
20160126 095100;50.52;50.52;50.52;50.52;400
20160126 095500;50.64;50.76;50.64;50.76;200
20160126 100000;50.64;50.64;50.64;50.64;100
20160126 101000;50.84;50.84;50.84;50.84;100
20160126 102000;50.96;50.96;50.96;50.96;100
20160126 103500;51.09;51.13;51.09;51.09;420
20160126 103800;51.09;51.09;51.09;51.09;100
20160126 104900;51;51;50.82;50.82;200
20160126 105400;51.05;51.05;51.05;51.05;200
20160126 105600;51.06;51.06;51.06;51.06;100
20160126 105800;51.05;51.05;50.86;50.86;700
20160126 105900;50.81;50.81;50.81;50.81;100
20160126 110300;50.9;50.9;50.9;50.9;100
20160126 110400;51.03;51.08;50.995;51.08;1100
20160126 110600;51.37;51.37;51.37;51.37;100
20160126 110800;50.93;50.93;50.93;50.93;100
20160126 111000;50.935;50.935;50.82;50.82;200
20160126 111100;50.81;50.81;50.81;50.81;100
20160126 111300;50.62;50.82;50.62;50.82;300
20160126 111400;50.68;50.95;50.65;50.95;800
20160126 111500;50.74;50.75;50.74;50.75;300
20160126 111600;50.98;50.98;50.86;50.96;500
20160126 111700;50.98;51.04;50.96;50.96;500
20160126 111800;51.27;51.27;51.27;51.27;600
20160126 111900;51.17;51.17;51.17;51.17;500
20160126 112000;51.16;51.16;51.16;51.16;100
20160126 112500;50.84;50.84;50.84;50.84;100
20160126 113300;51.11;51.12;51.11;51.12;200
20160126 113500;51.01;51.01;50.98;50.98;200
20160126 113800;51;51;51;51;100
20160126 114600;51.5099;51.5099;51.5099;51.5099;100
20160126 114700;51.22;51.22;51.22;51.22;100
20160126 114800;51.16;51.16;51.16;51.16;100
20160126 115300;51.09;51.35;51.07;51.35;800
20160126 120700;50.73;50.73;50.73;50.73;100
20160126 121700;50.8;50.8;50.8;50.8;100
20160126 122600;50.74;50.74;50.74;50.74;100
20160126 122900;50.84;50.84;50.84;50.84;100
20160126 123600;50.86;50.86;50.86;50.86;100
20160126 124600;50.62;50.62;50.62;50.62;100
20160126 125500;50.72;50.72;50.72;50.72;100
20160126 125700;50.75;50.845;50.73;50.845;300
20160126 125800;50.73;50.73;50.68;50.68;700
20160126 125900;50.68;50.68;50.63;50.63;500
20160126 130000;50.6;50.7;50.6;50.7;1300
20160126 130100;50.67;50.67;50.52;50.52;800
20160126 130200;50.55;50.8;50.55;50.8;4900
20160126 130300;50.75;50.91;50.75;50.75;600
20160126 130400;50.75;50.75;50.71;50.71;500
20160126 130500;50.79;50.8499;50.79;50.8499;1100
20160126 130600;50.7;51;50.7;50.94;2841
20160126 130700;50.95;51.21;50.95;51.21;894
20160126 130900;51.13;51.15;51.13;51.13;1300
20160126 131400;50.98;50.98;50.95;50.95;200
20160126 131800;51.21;51.21;51.21;51.21;100
20160126 131900;51.13;51.32;51.0001;51.32;600
20160126 132100;51.12;51.12;50.96;50.96;200
20160126 132400;51.03;51.04;51.03;51.04;200
20160126 132900;51.38;51.38;51.36;51.36;400
20160126 133100;50.98;50.98;50.98;50.98;100
20160126 133300;51.3;51.3;51.3;51.3;100
20160126 133400;51.28;51.28;51.28;51.28;100
20160126 133700;51.29;51.29;51.29;51.29;100
20160126 134100;51.11;51.11;51.11;51.11;100
20160126 134300;51.355;51.355;51.355;51.355;100
20160126 134900;51.36;51.36;51.36;51.36;100
20160126 135400;51.31;51.31;51.31;51.31;100
20160126 135700;51.35;51.35;51.31;51.31;500
20160126 135800;51.28;51.28;51.27;51.27;200
20160126 140400;51.16;51.16;51.16;51.16;100
20160126 140700;51.36;51.41;51.36;51.41;200
20160126 141000;51.23;51.41;51.23;51.41;1600
20160126 141200;51.4;51.41;51.4;51.41;600
20160126 141300;51.25;51.25;51.25;51.25;100
20160126 141400;51.39;51.41;51.39;51.41;1000
20160126 142000;51.22;51.22;51.22;51.22;100
20160126 143300;51.26;51.26;51.26;51.26;100
20160126 143600;51.22;51.22;51.22;51.22;100
20160126 144300;51.29;51.29;51.29;51.29;100
20160126 144900;51.27;51.27;51.27;51.27;100
20160126 145100;51.42;51.42;51.42;51.42;100
20160126 145300;51.23;51.23;51.23;51.23;100
20160126 145400;51.22;51.22;51.22;51.22;100
20160126 145800;51.26;51.26;51.26;51.26;100
20160126 145900;51.2;51.2;51.12;51.12;300
20160126 150300;51.12;51.12;51.12;51.12;100
20160126 150800;51.27;51.27;51.27;51.27;100
20160126 150900;51.08;51.08;50.99;50.99;200
20160126 151200;51.05;51.05;51.05;51.05;100
20160126 151900;51.08;51.08;51.08;51.08;300
20160126 152000;51.05;51.2;51.05;51.2;300
20160126 152200;51;51;51;51;100
20160126 153100;50.91;50.91;50.91;50.91;100
20160126 153700;51.28;51.28;51.28;51.28;100
20160126 153800;51.27;51.27;51.27;51.27;100
20160126 153900;51.28;51.37;51.28;51.37;400
20160126 154100;51.41;51.61;51.41;51.61;200
20160126 154200;51.62;51.62;51.48;51.48;200
20160126 154300;51.7;51.7;51.68;51.68;400
20160126 154500;51.5;51.5;51.5;51.5;100
20160126 154700;51.78;51.78;51.78;51.78;200
20160126 155000;51.65;51.65;51.39;51.42;913
20160126 155100;51.47;51.49;51.47;51.49;200
20160126 155200;51.6;51.62;51.6;51.62;300
20160126 155400;51.58;51.59;51.58;51.59;400
20160126 155500;51.71;51.72;51.71;51.72;200
20160126 155600;51.63;51.63;51.42;51.42;500
20160126 155800;51.44;51.44;51.44;51.44;244
20160126 160000;51.56;51.58;51.42;51.57;5349
20160126 162800;51.57;51.57;51.57;51.57;194
20160126 163100;51.57;51.57;51.57;51.57;32
20160127 094800;51.42;51.4299;51.42;51.4299;200
20160127 094900;51.15;51.72;51.15;51.72;2300
20160127 095000;51.93;51.93;51.86;51.86;500
20160127 095100;51.67;51.67;51.44;51.44;860
20160127 095200;51.27;51.27;51.11;51.11;700
20160127 095300;51.21;51.27;51.2;51.25;1300
20160127 095400;51.39;51.43;51.39;51.43;200
20160127 095500;51.5;51.65;51.49;51.65;1600
20160127 095600;51.64;51.6401;51.43;51.43;800
20160127 100100;51.54;51.54;51.54;51.54;1100
20160127 100200;51.53;51.5499;51.53;51.5499;200
20160127 101000;51.4;51.4;51.4;51.4;100
20160127 101200;51.41;51.41;51.41;51.41;100
20160127 101300;51.4;51.4;51.4;51.4;200
20160127 102100;51.17;51.17;51.17;51.17;100
20160127 102200;51.22;51.22;51.22;51.22;100
20160127 102800;51.3;51.3;51.3;51.3;200
20160127 103100;51.46;51.46;51.46;51.46;100
20160127 103800;51.53;51.54;51.53;51.54;200
20160127 104200;51.41;51.41;51.4;51.4;200
20160127 104300;51.44;51.44;51.44;51.44;100
20160127 105300;51.44;51.56;51.39;51.56;834
20160127 105400;51.34;51.34;51.34;51.34;100
20160127 105800;51.3;51.3;51.3;51.3;100
20160127 110500;51.14;51.43;51.14;51.43;200
20160127 111000;51.2;51.2;51.2;51.2;100
20160127 111400;51.31;51.31;51.25;51.25;300
20160127 111700;51.21;51.21;51.21;51.21;100
20160127 111800;51.34;51.34;51.34;51.34;100
20160127 112000;51.22;51.22;51.22;51.22;100
20160127 112100;51.14;51.14;51.14;51.14;100
20160127 112200;51.11;51.2;51.09;51.2;500
20160127 112300;51.05;51.17;51.05;51.17;600
20160127 112400;51.06;51.09;51.06;51.09;400
20160127 112700;51.07;51.31;51.07;51.31;1200
20160127 112800;51.26;51.27;51.26;51.27;400
20160127 112900;51.33;51.35;51.33;51.35;200
20160127 113000;51.46;51.73;51.33;51.33;2000
20160127 113100;51.4;51.4;51.4;51.4;200
20160127 113200;51.59;51.65;51.59;51.64;400
20160127 113300;51.76;51.76;51.76;51.76;100
20160127 113500;51.91;52.05;51.91;52.05;300
20160127 113600;52.16;52.16;52.04;52.04;510
20160127 113800;51.82;51.99;51.81;51.99;1300
20160127 113900;51.99;51.99;51.99;51.99;200
20160127 114000;52.11;52.14;51.99;52.14;1700
20160127 114100;52.02;52.23;52.02;52.23;500
20160127 114500;52.35;52.35;52.35;52.35;100
20160127 114900;52.51;52.52;52.49;52.49;900
20160127 115600;52.38;52.38;52.38;52.38;300
20160127 120100;52.1901;52.1901;52.1901;52.1901;769
20160127 120300;52.23;52.23;52.21;52.22;600
20160127 120500;52.31;52.64;52.31;52.64;600
20160127 120800;52.3901;52.45;52.3901;52.45;937
20160127 120900;52.42;52.42;52.39;52.39;500
20160127 121000;52.59;52.59;52.59;52.59;100
20160127 121100;52.24;52.24;52.24;52.24;100
20160127 121500;51.86;51.86;51.86;51.86;100
20160127 122200;51.82;51.82;51.82;51.82;200
20160127 122600;51.84;51.84;51.83;51.83;500
20160127 122700;51.91;52;51.91;52;900
20160127 123200;52.15;52.15;52.15;52.15;100
20160127 123500;52.18;52.18;52.18;52.18;100
20160127 123600;52.25;52.25;52.25;52.25;100
20160127 123800;51.98;51.98;51.98;51.98;100
20160127 124000;52.28;52.28;52.28;52.28;100
20160127 124400;52.28;52.28;52.28;52.28;100
20160127 124800;52.08;52.08;52.08;52.08;100
20160127 125000;52.06;52.06;52.06;52.06;300
20160127 125100;52.11;52.11;52.11;52.11;100
20160127 125300;52.06;52.06;52.06;52.06;500
20160127 125600;52.09;52.09;52.09;52.09;100
20160127 125700;52.09;52.09;52.09;52.09;400
20160127 125800;52.16;52.27;52.16;52.27;700
20160127 125900;52.27;52.27;52.27;52.27;100
20160127 130000;52.265;52.41;52.2405;52.41;400
20160127 130700;52.17;52.26;52.17;52.2005;300
20160127 130800;52.34;52.34;52.34;52.34;100
20160127 131000;52.25;52.29;52.25;52.29;600
20160127 131100;52.39;52.62;52.39;52.62;200
20160127 131700;52.42;52.42;52.37;52.37;737
20160127 132400;52.01;52.0955;52.01;52.0955;200
20160127 132500;52.08;52.24;51.995;52.24;1500
20160127 133000;52.1;52.25;52.1;52.25;1100
20160127 133100;52.45;52.45;52.45;52.45;100
20160127 133200;52.25;52.3;52.25;52.26;300
20160127 133400;52.38;52.38;52.38;52.38;100
20160127 133500;52.4;52.44;52.4;52.4;800
20160127 133600;52.39;52.4;52.33;52.4;1000
20160127 133700;52.39;52.39;52.34;52.34;200
20160127 133800;52.4;52.4;52.4;52.4;500
20160127 134300;52.17;52.17;52.17;52.17;100
20160127 135000;52.31;52.5;52.31;52.5;400
20160127 135100;52.59;52.59;52.59;52.59;100
20160127 135300;52.46;52.46;52.46;52.46;100
20160127 140100;52.6;52.6;52.6;52.6;100
20160127 140300;52.46;52.46;52.46;52.46;400
20160127 140600;52.04;52.04;52.04;52.04;100
20160127 140800;51.86;51.86;51.86;51.86;100
20160127 140900;51.89;52.03;51.89;52.03;200
20160127 141100;52.08;52.08;52.08;52.08;400
20160127 141500;52.16;52.16;52.16;52.16;100
20160127 142500;52.19;52.19;52.07;52.07;200
20160127 143000;52;52;52;52;100
20160127 143100;52;52;52;52;100
20160127 143200;52.14;52.48;52.14;52.48;300
20160127 143500;52.26;52.26;52.26;52.26;100
20160127 143700;52.26;52.46;52.26;52.46;200
20160127 143800;52.26;52.26;52.26;52.26;200
20160127 143900;52.09;52.09;52.09;52.09;100
20160127 144400;51.88;51.88;51.88;51.88;100
20160127 144600;51.9;51.9;51.9;51.9;100
20160127 145400;51.94;51.94;51.9;51.9;200
20160127 145500;51.96;51.96;51.96;51.96;100
20160127 150100;51.9;51.9;51.88;51.88;200
20160127 150200;51.97;51.97;51.97;51.97;100
20160127 150300;51.81;51.81;51.81;51.81;100
20160127 150400;51.65;51.65;51.57;51.57;200
20160127 150800;51.72;51.73;51.72;51.73;200
20160127 151100;51.74;51.74;51.74;51.74;100
20160127 151500;51.544;51.623;51.544;51.5615;2400
20160127 151600;51.73;51.82;51.73;51.82;300
20160127 151700;51.73;51.89;51.73;51.89;700
20160127 152000;52.02;52.02;52.01;52.01;300
20160127 152100;52.06;52.06;52.06;52.06;200
20160127 152300;52.02;52.09;52.02;52.09;500
20160127 152700;52.16;52.16;52.16;52.16;433
20160127 152800;52.17;52.17;52.17;52.17;100
20160127 152900;52.09;52.09;52.085;52.085;300
20160127 153000;51.98;52.09;51.96;52.09;300
20160127 153100;51.87;51.87;51.87;51.87;100
20160127 153600;51.95;52;51.86;52;700
20160127 153800;51.9;51.9;51.9;51.9;100
20160127 153900;51.93;51.93;51.92;51.92;300
20160127 154100;51.73;51.73;51.73;51.73;100
20160127 154300;51.82;51.82;51.82;51.82;100
20160127 154500;51.83;51.99;51.83;51.99;500
20160127 154600;52.02;52.02;52.02;52.02;100
20160127 154900;52;52.04;51.99;52;1400
20160127 155000;52.01;52.01;52.01;52.01;100
20160127 155100;52.05;52.05;52.05;52.05;100
20160127 155300;52.04;52.04;52.03;52.03;200
20160127 155400;52.03;52.06;52.03;52.06;200
20160127 155700;51.99;52.03;51.96;51.96;500
20160127 155800;52.06;52.06;52.06;52.06;211
20160127 155900;52.02;52.08;52.02;52.08;203
20160127 160000;52.05;52.09;52.04;52.09;4750
20160127 160100;52.09;52.09;52.09;52.09;194
20160127 161900;52.09;52.09;52.09;52.09;225
20160127 163100;52.09;52.09;52.09;52.09;221
20160128 093800;52.15;52.15;52;52;500
20160128 093900;52.14;52.3;52.14;52.28;2300
20160128 094000;52.35;52.35;52.22;52.22;300
20160128 094100;52.23;52.23;52.23;52.23;600
20160128 094400;52.25;52.25;52.24;52.24;200
20160128 094500;52.27;52.27;52.27;52.27;100
20160128 094600;52.3;52.34;52.3;52.33;400
20160128 094700;52.34;52.34;52.34;52.34;200
20160128 094900;52.17;52.17;52.17;52.17;200
20160128 095300;52.2;52.2;52.19;52.19;500
20160128 095400;52.19;52.21;52.19;52.2001;800
20160128 095600;52.13;52.19;52.12;52.19;700
20160128 095700;51.9;51.9;51.9;51.9;164
20160128 095800;52.2;52.2;52.2;52.2;400
20160128 100000;52.2399;52.2399;52.2399;52.2399;400
20160128 100100;52.22;52.22;52.22;52.22;100
20160128 101200;51.89;51.89;51.89;51.89;100
20160128 101300;51.92;51.92;51.92;51.92;100
20160128 101900;51.76;51.76;51.76;51.76;200
20160128 103100;51.85;51.85;51.85;51.85;200
20160128 103200;51.685;51.685;51.685;51.685;100
20160128 103700;51.81;52.07;51.81;51.83;500
20160128 104900;51.94;52.27;51.94;52.27;300
20160128 105100;52.26;52.27;52.26;52.27;200
20160128 105400;52.21;52.21;52.21;52.21;100
20160128 111000;52.062;52.062;52.062;52.062;400
20160128 112900;52.24;52.24;52.24;52.24;200
20160128 113200;52.09;52.09;52.06;52.06;200
20160128 114900;51.99;51.99;51.99;51.99;100
20160128 120300;52;52;52;52;490
20160128 122500;52;52;52;52;400
20160128 123200;51.95;51.95;51.95;51.95;200
20160128 123600;52.05;52.05;52.05;52.05;500
20160128 123700;51.9706;51.9706;51.9706;51.9706;100
20160128 125600;51.89;51.89;51.89;51.89;100
20160128 130800;52.04;52.04;52.04;52.04;100
20160128 132000;51.91;51.91;51.91;51.91;100
20160128 133000;51.88;51.88;51.88;51.88;200
20160128 134800;51.78;51.79;51.78;51.79;400
20160128 134900;51.68;51.68;51.68;51.68;100
20160128 135000;51.7902;51.85;51.7902;51.85;2300
20160128 135200;52.05;52.05;52.04;52.05;900
20160128 135300;52.31;52.31;52.31;52.31;100
20160128 135400;52.0501;52.25;52;52.25;500
20160128 135500;52.014;52.145;51.94;51.97;3200
20160128 135700;51.81;51.81;51.8001;51.8001;200
20160128 135900;51.85;51.89;51.85;51.89;200
20160128 140700;51.63;51.63;51.63;51.63;100
20160128 140800;51.85;51.85;51.85;51.85;100
20160128 142200;51.82;51.82;51.82;51.82;100
20160128 142800;51.8;51.8;51.8;51.8;100
20160128 143400;51.85;51.85;51.85;51.85;100
20160128 143500;51.83;51.83;51.83;51.83;100
20160128 143900;51.87;51.87;51.785;51.785;2200
20160128 144200;51.88;51.88;51.88;51.88;700
20160128 144600;52;52;52;52;100
20160128 145100;51.97;52;51.97;52;838
20160128 145500;52.09;52.09;52.09;52.09;100
20160128 150600;52.29;52.3;52.29;52.3;1000
20160128 151400;52.26;52.26;52.26;52.26;200
20160128 151700;52.255;52.3;52.25;52.3;500
20160128 152000;52.26;52.26;52.26;52.26;100
20160128 152500;52.21;52.21;52.21;52.21;100
20160128 153000;52.3;52.3;52.26;52.26;200
20160128 153100;52.31;52.31;52.31;52.31;300
20160128 153200;52.32;52.32;52.32;52.32;100
20160128 153400;52.26;52.26;52.26;52.26;100
20160128 153600;52.36;52.36;52.36;52.36;100
20160128 153700;52.36;52.36;52.36;52.36;100
20160128 153800;52.36;52.37;52.36;52.37;600
20160128 153900;52.44;52.44;52.44;52.44;100
20160128 154100;52.45;52.49;52.45;52.46;800
20160128 154200;52.46;52.46;52.41;52.41;300
20160128 154300;52.47;52.47;52.47;52.47;100
20160128 154500;52.46;52.46;52.355;52.355;200
20160128 154600;52.46;52.46;52.46;52.46;100
20160128 154700;52.45;52.45;52.45;52.45;100
20160128 154800;52.44;52.44;52.3754;52.44;1200
20160128 154900;52.44;52.51;52.44;52.51;300
20160128 155000;52.51;52.51;52.51;52.51;300
20160128 155100;52.57;52.57;52.57;52.57;100
20160128 155200;52.57;52.57;52.57;52.57;200
20160128 155300;52.57;52.57;52.51;52.51;300
20160128 155400;52.56;52.56;52.56;52.56;100
20160128 155500;52.56;52.56;52.56;52.56;200
20160128 155600;52.56;52.56;52.55;52.55;200
20160128 155700;52.56;52.56;52.56;52.56;400
20160128 155800;52.49;52.56;52.49;52.5425;600
20160128 155900;52.51;52.54;52.51;52.51;400
20160128 160000;52.54;52.6;52.54;52.55;3330
20160128 161800;52.0036;52.0036;52.0036;52.0036;2500
20160129 093300;56.53;60.33;56.53;60.07;1464
20160129 093400;60.37;60.3896;59.88;60.3896;1600
20160129 093500;59.43;60.16;58.2;59.64;9173
20160129 093600;59.4;59.4;59.35;59.35;200
20160129 093700;59.685;60.01;59.49;59.995;1300
20160129 093800;59.49;59.995;59.49;59.545;2308
20160129 093900;59.49;59.49;59.12;59.145;1400
20160129 094000;58.82;58.82;58.82;58.82;200
20160129 094100;58.615;58.78;58.4791;58.73;3808
20160129 094200;59;59;59;59;600
20160129 094300;59;59.03;58.95;59.02;1800
20160129 094400;59.0101;59.82;59.01;59.65;5368
20160129 094500;59.64;59.65;59.315;59.65;800
20160129 094600;59.61;59.61;59.3;59.5;1545
20160129 094700;59.5;59.5;58.32;59.095;4470
20160129 094800;59.0841;59.0841;59.0841;59.0841;250
20160129 094900;59.22;59.22;59;59.1;1500
20160129 095000;59.335;59.44;59.13;59.3625;1300
20160129 095100;59.05;59.19;59.045;59.045;500
20160129 095300;58.9843;59.17;58.9843;59.03;3275
20160129 095400;59.17;59.32;59.03;59.12;1930
20160129 095500;59.325;59.325;59.32;59.32;500
20160129 095600;59.31;59.31;58.95;59.04;1200
20160129 095700;59.205;59.205;59.04;59.04;2620
20160129 095800;59.115;59.115;58.94;58.965;700
20160129 100100;58.66;58.745;58.66;58.745;200
20160129 100300;58.58;58.645;58.53;58.645;1186
20160129 100400;58.55;58.77;58.55;58.71;1900
20160129 100500;58.97;59;58.86;58.9725;1100
20160129 100600;58.862;58.862;58.862;58.862;100
20160129 100700;59;59.06;58.965;59.05;1200
20160129 100800;59.25;59.25;59.06;59.08;500
20160129 100900;59.095;59.1501;59.04;59.04;2018
20160129 101100;58.89;58.89;58.635;58.635;1100
20160129 101200;58.79;58.79;58.6;58.6;600
20160129 101400;58.48;58.58;58.48;58.58;300
20160129 101500;59.11;59.11;59.11;59.11;100
20160129 101600;59.07;59.325;58.96;59.065;1300
20160129 101700;59.02;59.02;59.015;59.015;400
20160129 101900;58.955;59.0375;58.955;59.0375;400
20160129 102000;58.975;58.975;58.975;58.975;500
20160129 102100;58.975;58.975;58.33;58.56;2000
20160129 102300;57.3423;57.37;57.3423;57.37;200
20160129 102500;57.49;58.04;57.49;58.04;2700
20160129 102800;59.04;59.04;59.04;59.04;100
20160129 102900;58.575;58.575;58.575;58.575;100
20160129 103100;58.765;58.765;58.545;58.545;200
20160129 103200;58.3;58.3;57.75;57.95;1900
20160129 103400;57.54;57.9;57.54;57.9;2200
20160129 103500;58.12;58.12;58.11;58.11;400
20160129 103600;58.31;58.35;57.52;57.52;800
20160129 103700;58.29;58.45;58.29;58.45;1394
20160129 103800;58.775;58.84;58.64;58.71;2006
20160129 103900;58.14;58.66;58.14;58.66;300
20160129 104000;58.66;58.66;58.66;58.66;100
20160129 104100;58.63;58.725;58.595;58.595;700
20160129 104200;58.815;58.815;58.815;58.815;100
20160129 104300;58.81;58.81;58.64;58.64;600
20160129 104500;58.62;58.64;58.62;58.64;600
20160129 104700;58.63;58.63;58.276;58.276;300
20160129 104800;58.44;58.44;58.35;58.44;3500
20160129 105200;58.5;58.5;58.5;58.5;500
20160129 105300;58.505;58.7799;58.46;58.7799;2543
20160129 105400;58.71;58.71;58.54;58.54;300
20160129 105500;58.53;58.69;58.415;58.415;1600
20160129 105700;58.48;58.49;58.48;58.48;400
20160129 105800;58.49;58.49;58.49;58.49;100
20160129 110000;58.49;58.5;58.47;58.5;300
20160129 110200;58.4125;58.4125;58.21;58.21;200
20160129 110400;58.32;58.62;58.32;58.53;500
20160129 110500;58.53;58.53;58.53;58.53;300
20160129 110600;58.53;58.61;58.53;58.61;600
20160129 110700;58.64;58.64;58.53;58.6;800
20160129 110800;58.61;58.7;58.53;58.53;700
20160129 111000;58.521;58.61;58.521;58.61;1000
20160129 111100;58.53;58.61;58.52;58.53;1800
20160129 111200;58.67;58.68;58.67;58.68;281
20160129 111300;58.64;58.6895;58.64;58.68;800
20160129 111400;58.68;58.68;58.6;58.6;400
20160129 111500;58.69;58.69;58.68;58.68;1000
20160129 111600;58.67;58.67;58.65;58.6605;425
20160129 111700;58.68;58.68;58.68;58.68;700
20160129 111800;58.68;58.95;58.68;58.95;700
20160129 111900;58.94;58.98;58.94;58.98;600
20160129 112000;58.97;59.41;58.96;59.41;3660
20160129 112100;59.5;59.5;59.305;59.5;2400
20160129 112200;59.975;59.99;59.845;59.99;500
20160129 112300;59.87;59.87;59.87;59.87;100
20160129 112400;59.92;60.39;59.9199;60.39;3800
20160129 112500;60.295;60.295;60.09;60.165;1500
20160129 112600;60.1601;60.28;60.1601;60.28;900
20160129 112700;60.16;60.31;60.16;60.17;1794
20160129 112800;60.17;60.17;59.96;59.96;1700
20160129 113000;59.85;59.8801;59.82;59.8801;500
20160129 113200;59.925;59.925;59.925;59.925;100
20160129 113300;59.9393;60.12;59.925;60.04;1200
20160129 113400;60.145;60.28;60.145;60.28;900
20160129 113500;60.19;60.19;60.19;60.19;100
20160129 113600;60.2862;60.39;60.2862;60.335;2100
20160129 113700;60.325;60.6;60.325;60.6;700
20160129 113800;60.91;60.91;60.75;60.89;500
20160129 113900;60.89;60.89;60.7201;60.86;500
20160129 114000;60.975;60.99;60.975;60.99;400
20160129 114100;61.13;61.13;61.1101;61.1101;400
20160129 114200;61.25;61.35;61.245;61.245;300
20160129 114300;61.48;62.1;61.39;62.1;600
20160129 114400;62.2105;62.2105;62.2105;62.2105;116
20160129 114500;62.17;62.43;62.05;62.05;700
20160129 114600;62.06;62.06;62.05;62.05;385
20160129 114700;62.25;62.3999;62.25;62.3999;300
20160129 114800;62.47;62.85;62.47;62.6001;1200
20160129 114900;62.62;62.62;62.6;62.6;900
20160129 115000;62.06;62.275;62;62.275;700
20160129 115200;62.0001;62.5;62.0001;62.26;1500
20160129 115300;62.315;62.315;62.315;62.315;100
20160129 115400;62.4999;63;62.4999;63;500
20160129 115500;63.1;63.37;63.01;63.15;1100
20160129 115600;63.17;63.47;62.85;62.85;2500
20160129 115700;62.52;62.52;62.505;62.505;300
20160129 115800;62.451;62.75;62.4;62.4;1160
20160129 115900;62.525;62.525;62.4;62.44;400
20160129 120000;61.7086;62.35;61.63;62.35;1200
20160129 120100;61.8;61.8;61.8;61.8;100
20160129 120200;62.3;62.32;62.3;62.32;200
20160129 120400;62.31;62.31;62.31;62.31;100
20160129 120600;62.31;62.53;62.31;62.53;200
20160129 120800;62.5438;62.5438;62.5438;62.5438;100
20160129 120900;62.31;62.82;62.27;62.615;7500
20160129 121000;62.27;62.36;62.22;62.25;800
20160129 121400;62.24;62.24;62.24;62.24;300
20160129 122000;61.7988;61.7988;61.7988;61.7988;100
20160129 122100;62.035;62.23;62.035;62.23;1500
20160129 122200;62.23;62.23;61.89;62.055;300
20160129 122300;62.23;62.23;61.84;61.91;1899
20160129 122500;62.18;62.18;62.18;62.18;100
20160129 122800;62.2;62.2;61.8401;61.8401;200
20160129 122900;61.84;61.84;61.79;61.82;500
20160129 123000;61.78;61.81;61.53;61.81;400
20160129 123200;61.515;61.85;61.515;61.85;1200
20160129 123300;61.73;61.73;61.73;61.73;100
20160129 123400;61.73;62.5;61.73;62.5;200
20160129 123600;62.5;62.5;62.25;62.5;1260
20160129 123700;62.25;62.37;62.07;62.2805;2300
20160129 123800;62.25;62.2995;62.25;62.2995;200
20160129 123900;62.25;62.365;62.25;62.25;530
20160129 124000;62.36;62.36;62.25;62.25;1000
20160129 124100;62.24;62.24;62.24;62.24;100
20160129 124200;62.25;62.45;62.25;62.25;400
20160129 124300;62.25;62.25;62.25;62.25;200
20160129 124400;62.49;62.49;62.19;62.19;1763
20160129 124500;62;62.125;62;62.095;1000
20160129 125100;62.45;62.45;62.25;62.25;200
20160129 125200;62.3;62.3;62.1;62.15;1800
20160129 125300;62.22;62.22;61.91;61.91;400
20160129 125400;61.78;62.11;61.78;62.11;1113
20160129 125500;62;62.22;62;62.2;500
20160129 125600;62.35;62.35;62.04;62.25;930
20160129 125700;62.255;62.34;62.25;62.25;400
20160129 125900;62.3;62.3;62.24;62.25;600
20160129 130000;62.3;62.3;62.25;62.3;500
20160129 130100;62.25;62.3;62.21;62.21;419
20160129 130200;62.3;62.34;62.24;62.25;1400
20160129 130500;62.19;62.19;62.18;62.18;500
20160129 130900;62.165;62.165;62.021;62.164;1100
20160129 131000;61.99;62.19;61.99;62.19;900
20160129 131400;62.25;62.25;62.25;62.25;200
20160129 131500;62.25;62.25;62.175;62.175;600
20160129 131600;62.17;62.25;62.17;62.25;500
20160129 131900;62.205;62.205;61.635;61.635;7904
20160129 132100;61.65;61.65;61.5;61.5;1000
20160129 132200;61.51;61.51;61.2;61.2;1800
20160129 132300;61.35;61.37;61.35;61.37;200
20160129 132400;61.45;61.45;61.45;61.45;100
20160129 132500;61.41;61.49;61.41;61.49;350
20160129 132600;61.62;61.63;61.48;61.48;900
20160129 132700;61.48;61.53;61.454;61.454;300
20160129 132900;61.58;61.58;61.53;61.53;600
20160129 133000;61.56;61.56;61.11;61.11;1200
20160129 133100;61.18;61.27;61.1;61.26;2400
20160129 133300;61.39;61.39;61.39;61.39;100
20160129 133400;61.335;61.335;61.335;61.335;100
20160129 133500;61.3988;61.4125;61.375;61.395;900
20160129 133600;61.595;61.595;61.595;61.595;100
20160129 133800;61.62;61.62;61.61;61.61;600
20160129 133900;61.715;61.715;61.5;61.5;800
20160129 134000;61.395;61.395;61.138;61.345;4605
20160129 134100;61.132;61.1914;60.49;60.7488;11801
20160129 134200;60.49;60.6659;60.0105;60.0105;7925
20160129 134400;60.4;60.63;60.4;60.63;200
20160129 134600;60.14;60.415;60.14;60.15;1900
20160129 134900;59.97;59.97;59.97;59.97;100
20160129 135000;59.985;60.25;59.98;60.25;600
20160129 135200;60.12;60.125;60.12;60.125;300
20160129 135300;60.31;60.7599;60.31;60.3488;2500
20160129 135500;61.086;61.3899;61.086;61.2;700
20160129 135600;61.42;61.42;60.44;60.45;3795
20160129 135800;60.86;60.86;60.86;60.86;100
20160129 135900;61.015;61.2148;60.93;61.05;950
20160129 140000;60.964;60.964;60.73;60.73;1550
20160129 140200;60.965;61.12;60.965;61.12;200
20160129 140600;60.9;60.9;60.89;60.9;700
20160129 140700;60.84;60.84;60.84;60.84;100
20160129 140800;60.88;60.88;60.79;60.79;500
20160129 140900;60.89;60.89;60.89;60.89;100
20160129 141200;60.5501;60.5995;60.51;60.51;1500
20160129 141300;60.51;60.51;60.17;60.17;300
20160129 141500;60.51;60.51;60.5;60.5;200
20160129 141600;60.365;60.5;60.365;60.5;200
20160129 141700;60.24;60.6675;60.24;60.4;1700
20160129 141800;60.415;60.42;60.41;60.41;500
20160129 141900;60.37;60.4;60.37;60.4;300
20160129 142000;60.4;60.846;60.4;60.846;300
20160129 142100;60.84;60.84;60.84;60.84;100
20160129 142200;60.4;60.67;60.4;60.5275;500
20160129 142400;60.67;60.67;60.67;60.67;100
20160129 142500;60.37;60.3701;60.37;60.3701;446
20160129 142600;60.9;60.91;60.9;60.91;500
20160129 142900;60.95;60.95;60.3801;60.58;400
20160129 143100;60.45;60.54;60.45;60.54;500
20160129 143200;60.39;60.58;60;60.08;3550
20160129 143300;60.08;60.27;60.08;60.27;200
20160129 143400;60.08;60.08;60;60;400
20160129 143500;59.74;59.75;59.725;59.725;700
20160129 143800;59.73;59.73;59.73;59.73;100
20160129 143900;59.54;59.54;59.54;59.54;100
20160129 144000;59.73;59.73;59.55;59.72;300
20160129 144100;59.57;59.57;59.36;59.5086;500
20160129 144200;59.415;59.415;59.12;59.12;200
20160129 144300;59.12;59.13;59;59.12;1600
20160129 144600;58.97;58.97;58.97;58.97;100
20160129 145000;58.4825;58.55;58.24;58.49;2520
20160129 145200;58.99;59.47;58.99;59.08;300
20160129 145300;59.1;59.16;59.09;59.16;800
20160129 145400;59.19;59.19;58.935;58.935;2993
20160129 145500;58.935;58.9398;58.935;58.9398;200
20160129 145700;58.95;59;58.75;58.89;400
20160129 145800;58.8998;58.8998;58.895;58.895;200
20160129 145900;59.03;59.03;59.03;59.03;200
20160129 150000;59.23;59.23;59.13;59.13;200
20160129 150100;59.17;59.17;59.15;59.15;200
20160129 150200;59.02;59.145;59.02;59.145;1100
20160129 150400;59.145;59.145;59.145;59.145;500
20160129 150700;59.27;59.32;59.11;59.32;1201
20160129 150800;59.715;59.715;59.51;59.51;1800
20160129 151000;59.6998;59.6998;59.695;59.695;200
20160129 151100;59.74;59.89;59.605;59.89;600
20160129 151200;59.6;59.6;59.48;59.49;1401
20160129 151500;58.94;58.95;58.94;58.95;300
20160129 151600;59.23;59.23;59.23;59.23;100
20160129 151700;59.24;59.4;59.24;59.4;200
20160129 151900;59.35;59.35;59.35;59.35;600
20160129 152100;59.395;59.53;59.395;59.53;400
20160129 152200;59.61;59.62;59.61;59.62;200
20160129 152300;59.655;59.85;59.655;59.85;1700
20160129 152400;59.785;59.785;59.71;59.71;700
20160129 152600;59.54;59.54;59.2401;59.2401;661
20160129 152700;59.58;59.58;59.24;59.24;1300
20160129 152800;59.19;59.19;59.19;59.19;100
20160129 152900;59.51;59.51;59.085;59.085;300
20160129 153100;59.008;59.008;59.008;59.008;100
20160129 153200;59.08;59.13;59.07;59.08;700
20160129 153400;59.505;59.55;59.4907;59.55;400
20160129 153500;59.74;59.74;59.41;59.41;300
20160129 153600;59.61;59.61;59.61;59.61;100
20160129 153700;59.99;59.99;59.99;59.99;300
20160129 153800;59.735;59.735;59.735;59.735;100
20160129 153900;59.95;59.97;59.95;59.97;400
20160129 154000;60;60;59.96;59.99;1700
20160129 154100;59.99;60.13;59.97;60.13;1323
20160129 154200;60.04;60.04;59.98;59.98;1300
20160129 154300;60;60.1;59.99;60.035;1940
20160129 154400;59.97;60.02;59.93;60.02;600
20160129 154500;59.94;59.94;59.94;59.94;500
20160129 154600;59.96;59.96;59.87;59.88;1983
20160129 154700;59.735;59.735;59.58;59.735;1100
20160129 154800;59.75;59.75;59.61;59.735;2600
20160129 154900;59.63;59.735;59.58;59.59;1100
20160129 155000;59.61;59.89;59.61;59.89;1800
20160129 155100;59.925;60.25;59.89;60.25;500
20160129 155200;60.2;60.2754;59.81;59.84;3188
20160129 155300;60.08;60.08;60;60;2190
20160129 155400;60.02;60.02;59.79;59.79;306
20160129 155500;59.85;60.035;59.85;60.015;800
20160129 155600;60;60.075;59.92;60;1747
20160129 155700;59.9999;60.14;59.71;59.84;1905
20160129 155800;59.85;59.99;59.56;59.675;3290
20160129 155900;59.79;60;59.7;59.82;2897
20160129 160000;59.85;60;59.77;59.99;18636
20160129 160100;59.99;59.99;59.988;59.988;5330
20160129 160500;62.27;62.27;62.27;62.27;2
20160129 161200;59.9877;59.9877;59.9877;59.9877;66
20160129 163500;59.99;59.99;59.99;59.99;205
20160129 163600;59.99;59.99;59.99;59.99;154
20160201 093100;59.99;60;59.99;60;235
20160201 093400;59.98;60.52;59.98;60.52;823
20160201 093500;60.78;60.78;60.76;60.76;300
20160201 093600;60.45;60.45;60.45;60.45;100
20160201 093700;60.65;60.65;60.65;60.65;100
20160201 093900;61.01;61.01;60.382;60.382;266
20160201 094100;60.9;60.9;60.9;60.9;100
20160201 094200;60.8901;60.9;60.85;60.9;500
20160201 095100;60.1102;60.1102;60.1102;60.1102;475
20160201 095200;60.79;61.25;60.79;61.25;2711
20160201 095300;61.25;61.25;60.98;61.196;1948
20160201 095400;61.25;61.25;61.25;61.25;1300
20160201 095500;61.305;61.35;61.305;61.35;200
20160201 095600;61.27;61.42;61.27;61.27;300
20160201 095900;61.66;61.9;61.66;61.9;2800
20160201 100000;61.825;61.825;61.452;61.825;500
20160201 100200;61.94;61.94;61.9;61.9;200
20160201 100500;61.9;61.9;61.9;61.9;100
20160201 100600;61.96;62.44;61.96;62.289;1050
20160201 100700;62.25;62.28;62.19;62.19;1300
20160201 100800;62.4;62.42;62.345;62.365;400
20160201 100900;62.39;62.39;62.35;62.35;400
20160201 101100;62.35;62.35;62.34;62.34;200
20160201 101800;62.72;62.72;62.72;62.72;100
20160201 101900;62.73;62.73;62.54;62.54;600
20160201 102000;62.545;62.545;62.545;62.545;100
20160201 102300;62.63;62.72;62.49;62.49;500
20160201 102400;62.48;62.5;62.41;62.42;1605
20160201 102500;62.42;62.42;62.38;62.38;300
20160201 102800;62.48;62.5195;62.48;62.5195;200
20160201 103000;62.41;62.42;62.37;62.37;1000
20160201 103400;62.38;62.38;62.38;62.38;100
20160201 103600;62.38;62.56;62.35;62.35;1800
20160201 103700;62.41;62.41;62.35;62.35;200
20160201 103800;62.475;62.58;62.475;62.58;200
20160201 103900;62.55;62.55;62.55;62.55;100
20160201 104100;62.6;62.6;62.44;62.5;1700
20160201 104500;62.5;62.5;62.5;62.5;100
20160201 104600;62.49;62.49;62.47;62.48;900
20160201 104700;62.5;62.5;62.5;62.5;100
20160201 104800;62.625;62.625;62.625;62.625;100
20160201 104900;62.63;62.63;62.5;62.5;300
20160201 105800;62.63;62.63;62.63;62.63;100
20160201 105900;62.5;62.5;62.5;62.5;100
20160201 110000;62.53;62.53;62.53;62.53;100
20160201 110400;62.545;62.545;62.545;62.545;100
20160201 110700;62.44;62.45;62.44;62.45;200
20160201 110800;62.4821;62.7;62.4;62.41;1722
20160201 110900;62.411;62.521;62.19;62.19;2323
20160201 111000;62.2646;62.388;62.18;62.3175;2953
20160201 111100;62.3188;62.3188;62.295;62.295;300
20160201 111200;62.03;62.27;62.03;62.03;2400
20160201 111300;62.03;62.11;62.03;62.091;300
20160201 111400;62.14;62.3;61.8;62.005;2700
20160201 111500;62.005;62.005;62.0002;62.0002;200
20160201 111600;62;62.19;62;62;1100
20160201 111700;62;62;62;62;200
20160201 111800;62.005;62.005;62.005;62.005;100
20160201 111900;62.005;62.005;62;62;200
20160201 112000;62.08;62.08;62.08;62.08;100
20160201 112200;62;62;62;62;100
20160201 112400;62;62.05;62;62;400
20160201 112500;62;62.13;61.765;61.765;1700
20160201 112600;61.745;61.9;61.745;61.9;600
20160201 112700;61.91;62.01;61.78;62.01;815
20160201 113000;62.24;62.24;62.24;62.24;100
20160201 113100;62.47;62.47;62.47;62.47;100
20160201 113300;62.06;62.065;62;62;700
20160201 113400;62;62.01;62;62;400
20160201 113600;62.01;62.01;62;62;300
20160201 113700;62;62.03;62;62.005;400
20160201 113800;62.005;62.005;61.95;61.95;500
20160201 113900;61.96;61.96;61.785;61.7993;300
20160201 114600;61.905;61.93;61.905;61.92;500
20160201 115000;61.95;62;61.79;62;2460
20160201 115100;61.99;62.2292;61.99;62.2292;1700
20160201 115200;62.1698;62.1698;62.03;62.035;450
20160201 115300;62.03;62.07;62.015;62.07;900
20160201 115400;62.02;62.02;62;62;500
20160201 115600;62.38;62.38;62;62.02;2300
20160201 115800;62;62.0095;61.94;61.94;600
20160201 120000;62.1;62.1;62.1;62.1;100
20160201 120100;62.1;62.1;62;62;200
20160201 120200;62;62;62;62;100
20160201 120300;62;62.105;62;62.105;200
20160201 120400;62;62.1;62;62;1500
20160201 120500;62.11;62.11;62.11;62.11;100
20160201 120600;62;62;61.97;62;400
20160201 120700;62.04;62.04;62.04;62.04;100
20160201 120800;62;62;61.9905;61.9905;700
20160201 121000;62;62;61.99;61.99;700
20160201 121100;61.99;61.99;61.89;61.89;700
20160201 121300;61.9;62.18;61.85;62;1674
20160201 121400;62;62.0475;62;62.0475;400
20160201 121500;62.11;62.145;62.11;62.145;200
20160201 122000;62.195;62.195;62.195;62.195;500
20160201 122200;62.155;62.155;62.155;62.155;100
20160201 122300;62.1399;62.1999;62;62;1307
20160201 122400;61.85;61.85;61.85;61.85;100
20160201 122500;62.03;62.03;62.03;62.03;100
20160201 122900;61.84;61.84;61.84;61.84;180
20160201 123100;62.03;62.05;62.03;62.05;200
20160201 123200;62.1;62.1;62.1;62.1;100
20160201 123300;62.11;62.2;62.11;62.11;1700
20160201 123400;62.12;62.2;62.1;62.2;1100
20160201 123500;62.22;62.22;62.22;62.22;100
20160201 124000;62.15;62.21;62.15;62.2;1000
20160201 124100;62.14;62.14;61.99;62.11;900
20160201 124300;62.26;62.2695;62.26;62.2695;200
20160201 124400;62.42;62.42;62.4;62.42;500
20160201 124500;62.41;62.41;62.41;62.41;100
20160201 125300;62.49;62.49;62.49;62.49;100
20160201 125400;62.4;62.45;62.4;62.45;500
20160201 125500;62.4;62.4495;62.4;62.4;790
20160201 125900;62.425;62.49;62.425;62.49;200
20160201 130000;62.48;62.49;62.48;62.49;200
20160201 130200;63.069;63.069;62.845;62.845;381
20160201 130300;62.915;62.915;62.435;62.435;2800
20160201 130400;62.45;62.6;62.4;62.4995;700
20160201 130500;62.575;62.575;62.575;62.575;100
20160201 130700;62.61;62.61;62.61;62.61;100
20160201 130800;62.65;62.65;62.29;62.29;200
20160201 130900;62.64;62.65;62.64;62.65;200
20160201 131100;62.95;62.95;62.89;62.89;200
20160201 131400;63.165;63.165;63.165;63.165;100
20160201 131500;63.285;63.39;63.285;63.39;200
20160201 131600;63.13;63.38;63.04;63.3;1400
20160201 131700;63.11;63.12;63.02;63.02;700
20160201 131800;63;63.05;63;63.02;400
20160201 131900;63.17;63.17;63.17;63.17;200
20160201 132000;63.2;63.3;63.2;63.3;800
20160201 132200;63.35;63.35;63.21;63.2195;300
20160201 132800;63.38;63.38;63.38;63.38;100
20160201 132900;63.315;63.4277;63.2;63.2;600
20160201 133000;63.315;63.44;63.315;63.44;400
20160201 133200;63.64;63.64;63.64;63.64;100
20160201 133300;63.64;63.64;63.64;63.64;100
20160201 133500;63.89;64.055;63.89;63.95;1565
20160201 133800;64.33;64.33;64.31;64.31;448
20160201 133900;64.3;64.3;64;64.07;1000
20160201 134000;64.06;64.06;64.04;64.04;400
20160201 134600;64.184;64.25;64.184;64.25;200
20160201 134700;64.06;64.07;63.99;63.99;1735
20160201 134800;64.09;64.09;64.09;64.09;100
20160201 134900;64.09;64.09;64.09;64.09;100
20160201 135000;64.26;64.26;64.26;64.26;100
20160201 135100;64.39;64.39;64.39;64.39;100
20160201 135200;64.4;64.44;64.4;64.44;800
20160201 135300;64.5;64.8;64.5;64.8;300
20160201 135400;64.78;64.8;64.55;64.67;992
20160201 135600;64.795;64.795;64.76;64.76;400
20160201 140000;65.02;65.02;64.82;64.82;376
20160201 140100;65;65;64.95;64.96;600
20160201 140400;64.93;64.93;64.93;64.93;100
20160201 141000;64.77;64.77;64.77;64.77;100
20160201 141200;64.79;64.79;64.76;64.76;700
20160201 141300;64.76;64.845;64.69;64.845;1000
20160201 141400;64.785;64.785;64.785;64.785;100
20160201 141500;64.78;64.78;64.71;64.765;800
20160201 141700;64.72;64.765;64.145;64.145;3485
20160201 141800;64.51;64.51;64.51;64.51;100
20160201 141900;64.56;64.9;64.56;64.75;1770
20160201 142000;64.88;65.065;64.88;65.065;2100
20160201 142100;65.1198;65.1198;64.7975;64.7975;1020
20160201 142500;64.75;64.75;64.75;64.75;200
20160201 142600;64.75;64.75;64.75;64.75;500
20160201 142700;64.765;64.765;64.765;64.765;100
20160201 142800;64.7752;64.78;64.7752;64.78;700
20160201 143000;64.78;64.78;64.78;64.78;200
20160201 143100;64.775;64.785;64.775;64.785;200
20160201 143200;64.785;64.785;64.78;64.78;200
20160201 143600;64.67;64.785;64.67;64.78;700
20160201 143800;64.69;64.75;64.56;64.65;2400
20160201 143900;64.5601;64.5601;64.5601;64.5601;100
20160201 144000;64.65;64.67;64.65;64.67;200
20160201 144100;64.57;64.715;64.55;64.715;800
20160201 144200;64.675;64.675;64.675;64.675;100
20160201 144300;64.61;64.61;64.61;64.61;400
20160201 144400;64.635;64.635;64.635;64.635;100
20160201 144500;64.635;64.635;64.52;64.53;800
20160201 144700;64.385;64.385;64.28;64.28;400
20160201 144900;64.42;64.48;64.42;64.48;500
20160201 145000;64.44;64.54;64.41;64.42;1000
20160201 145300;64.53;64.53;64.53;64.53;100
20160201 145400;64.525;64.525;64.48;64.48;200
20160201 145700;64.57;64.585;64.49;64.585;400
20160201 145800;64.5;64.52;64.45;64.5;1100
20160201 145900;64.5578;64.5578;64.45;64.55;1000
20160201 150000;64.46;64.5;64.4;64.5;500
20160201 150100;64.53;64.53;64.505;64.505;200
20160201 150200;64.39;64.39;64.39;64.39;200
20160201 150300;64.35;64.35;64.35;64.35;100
20160201 150600;64.46;64.46;64.46;64.46;200
20160201 150700;64.4;64.48;64.4;64.48;600
20160201 150800;64.42;64.43;64.42;64.42;500
20160201 151100;64.42;64.42;64.42;64.42;100
20160201 151200;64.58;64.58;64.33;64.33;200
20160201 151300;64.42;64.42;64.42;64.42;200
20160201 151400;64.535;64.535;64.37;64.37;1000
20160201 151500;64.355;64.485;64.35;64.415;1700
20160201 151600;64.47;64.47;64.41;64.46;700
20160201 151700;64.43;64.43;64.415;64.415;200
20160201 151800;64.415;64.42;64.35;64.354;600
20160201 152000;64.42;64.52;64.38;64.52;1100
20160201 152100;64.54;64.54;64.3;64.3;500
20160201 152500;64.0712;64.185;64.0712;64.185;4572
20160201 152600;63.94;63.94;63.94;63.94;100
20160201 152700;64.12;64.19;64.12;64.19;200
20160201 152800;64.08;64.08;64.08;64.08;100
20160201 153100;64.0201;64.0201;64.0201;64.0201;200
20160201 153200;64.15;64.24;64.11;64.19;400
20160201 153300;64.225;64.28;64.11;64.135;2000
20160201 153400;64;64;64;64;400
20160201 153500;63.92;63.93;63.92;63.93;200
20160201 153600;63.95;63.95;63.95;63.95;100
20160201 153800;63.7;63.71;63.7;63.71;300
20160201 153900;63.7101;63.7101;63.7101;63.7101;100
20160201 154100;63.72;63.87;63.72;63.87;300
20160201 154200;63.795;63.795;63.795;63.795;100
20160201 154300;63.815;63.9;63.815;63.9;1100
20160201 154400;63.92;64.12;63.92;64.08;1023
20160201 154500;64.23;64.23;64.14;64.14;1625
20160201 154600;64.067;64.067;64.05;64.0529;700
20160201 154800;63.9;64.05;63.9;64.05;400
20160201 154900;63.99;63.99;63.99;63.99;100
20160201 155000;64.0175;64.0175;63.91;63.92;700
20160201 155100;63.8399;63.8399;63.8399;63.8399;1775
20160201 155200;63.675;63.81;63.55;63.56;2760
20160201 155300;63.56;63.56;63.5;63.5;1922
20160201 155500;63.33;63.33;63.3;63.3;800
20160201 155600;63.2;63.29;63.2;63.29;848
20160201 155700;63.41;63.45;63.2101;63.45;300
20160201 155800;63.29;63.62;63.29;63.43;500
20160201 155900;63.6;63.64;63.57;63.57;644
20160201 160000;63.56;63.77;63.54;63.6;5822
20160201 162200;63.6;63.6;63.6;63.6;236
20160202 093100;64.13;64.13;64.13;64.13;155
20160202 093200;63.55;63.55;63.55;63.55;100
20160202 093700;62.65;62.945;62.55;62.55;1700
20160202 093800;62.55;62.55;62.55;62.55;200
20160202 093900;62.73;62.73;62.68;62.68;300
20160202 094000;62.74;62.75;62.74;62.75;200
20160202 094100;62.78;62.78;62.78;62.78;100
20160202 094300;62.87;62.87;62.87;62.87;100
20160202 094400;62.79;62.88;62.79;62.88;200
20160202 094500;62.88;63.135;62.88;63.135;1300
20160202 094700;63.484;63.484;63.484;63.484;200
20160202 094800;63.5562;63.5562;63.5562;63.5562;200
20160202 094900;63.5;63.5;63.4715;63.4715;200
20160202 095000;63.47;63.47;63.47;63.47;100
20160202 095100;63.6;63.6;63.6;63.6;100
20160202 095200;63.61;63.61;63.61;63.61;100
20160202 095500;63.62;64.08;63.62;64.08;300
20160202 095600;63.9;64.0168;63.9;64.0168;200
20160202 095700;64.13;64.13;64.13;64.13;100
20160202 100100;64.2;64.4;64.2;64.4;800
20160202 100200;64.4;64.4;64.27;64.27;1200
20160202 100300;63.91;63.91;63.9005;63.9005;200
20160202 100600;63.49;63.98;63.4;63.98;600
20160202 100800;63.989;63.989;63.989;63.989;230
20160202 100900;63.7435;63.7435;63.7435;63.7435;100
20160202 101000;63.84;63.88;63.84;63.84;600
20160202 101100;64.09;64.19;63.77;63.77;2500
20160202 101600;63.56;63.6;63.53;63.53;1000
20160202 101900;63.95;63.95;63.77;63.77;300
20160202 102200;63.94;63.94;63.74;63.74;1300
20160202 102400;63.49;63.74;63.49;63.74;1000
20160202 102500;63.615;63.615;63.615;63.615;100
20160202 102700;63.635;63.635;63.635;63.635;300
20160202 102800;63.7189;63.83;63.64;63.83;1300
20160202 102900;63.935;64.03;63.91;63.91;2552
20160202 103100;64.065;64.065;63.83;63.83;200
20160202 103600;63.65;63.65;63.59;63.59;200
20160202 103800;63.91;63.91;63.91;63.91;100
20160202 103900;63.95;63.95;63.95;63.95;100
20160202 104000;63.97;64.02;63.91;63.91;800
20160202 104200;64.035;64.035;64.035;64.035;100
20160202 104500;64;64.02;64;64;1000
20160202 104600;64.01;64.01;63.91;63.91;600
20160202 105100;63.94;63.94;63.94;63.94;100
20160202 105600;64.1;64.13;63.93;63.93;1600
20160202 105700;63.97;63.97;63.97;63.97;100
20160202 105800;64.045;64.045;64.045;64.045;100
20160202 110000;63.97;63.97;63.97;63.97;100
20160202 110200;63.97;63.97;63.96;63.96;300
20160202 110400;63.96;63.96;63.96;63.96;200
20160202 110500;63.92;63.92;63.66;63.815;1000
20160202 110700;63.51;63.5914;63.48;63.5914;1600
20160202 111000;63.45;63.45;63.45;63.45;100
20160202 111100;63.57;63.58;63.545;63.57;500
20160202 111200;63.45;63.45;63.45;63.45;200
20160202 111400;63.45;63.45;63.45;63.45;400
20160202 111600;63.45;63.55;63.4;63.55;1400
20160202 111700;63.71;63.7856;63.71;63.71;1500
20160202 111800;63.86;63.86;63.86;63.86;100
20160202 112000;63.69;63.74;63.67;63.67;449
20160202 112200;63.74;63.74;63.74;63.74;100
20160202 112500;63.68;63.68;63.68;63.68;300
20160202 112800;63.64;63.64;63.63;63.63;1000
20160202 112900;63.35;63.35;63.35;63.35;100
20160202 113400;63.32;63.42;63.3;63.3;2517
20160202 113500;63.28;63.28;63.1179;63.1179;500
20160202 113700;63.22;63.22;62.94;62.94;300
20160202 114000;63.24;63.24;63.095;63.23;400
20160202 114600;63;63;62.9;62.9;676
20160202 114700;63.01;63.01;63.01;63.01;100
20160202 115700;62.9199;62.9199;62.9199;62.9199;100
20160202 120200;62.67;62.92;62.67;62.92;300
20160202 120300;62.88;62.88;62.88;62.88;100
20160202 120400;62.91;62.91;62.91;62.91;100
20160202 120500;62.9;62.9;62.86;62.86;300
20160202 120700;62.7;62.7;62.7;62.7;100
20160202 120900;62.9;62.9;62.9;62.9;100
20160202 121100;62.9;62.9;62.9;62.9;100
20160202 121400;62.76;62.76;62.76;62.76;100
20160202 121800;62.8999;62.8999;62.8999;62.8999;100
20160202 122000;62.9;63;62.9;63;1600
20160202 122100;63;63;62.95;62.95;900
20160202 122500;62.93;62.93;62.91;62.91;200
20160202 122600;62.87;62.87;62.86;62.86;300
20160202 123300;62.83;62.83;62.76;62.76;600
20160202 123500;62.67;62.67;62.67;62.67;100
20160202 123700;62.74;62.74;62.74;62.74;100
20160202 123800;62.74;62.74;62.74;62.74;100
20160202 123900;62.74;62.74;62.74;62.74;100
20160202 124400;62.7698;62.7698;62.765;62.765;200
20160202 124700;62.74;62.75;62.74;62.74;300
20160202 124800;62.67;62.67;62.67;62.67;100
20160202 125400;62.75;62.7512;62.5232;62.5232;500
20160202 125600;62.59;62.59;62.59;62.59;100
20160202 130200;62.6;62.6;62.54;62.6;300
20160202 130300;62.6;62.6;62.5;62.5;400
20160202 130400;62.35;62.53;62.35;62.53;242
20160202 130600;62.31;62.32;62.31;62.32;300
20160202 130700;62.3;62.3;62.14;62.14;200
20160202 131100;62.15;62.32;62.14;62.3;1000
20160202 131400;62.49;62.49;62.46;62.46;400
20160202 131800;62.64;62.64;62.59;62.59;400
20160202 132000;62.67;62.67;62.67;62.67;100
20160202 132200;62.485;62.5;62.47;62.47;800
20160202 133100;62.5946;62.5946;62.5946;62.5946;100
20160202 133200;62.49;62.575;62.47;62.575;800
20160202 133400;62.66;62.66;62.66;62.66;100
20160202 133500;62.46;62.46;62.46;62.46;100
20160202 134100;62.6;62.67;62.6;62.67;200
20160202 134400;62.4602;62.4602;62.4602;62.4602;100
20160202 135100;62.4801;62.4801;62.4801;62.4801;200
20160202 135200;62.48;62.6;62.45;62.6;1955
20160202 135300;62.51;62.51;62.39;62.51;600
20160202 135400;62.4;62.4;62.4;62.4;400
20160202 135600;62.3401;62.4;62.3401;62.4;500
20160202 135700;62.36;62.36;62.3;62.3;600
20160202 135900;62.27;62.27;62.21;62.21;200
20160202 140100;62;62.22;62;62.22;718
20160202 140200;62.27;62.27;62.27;62.27;100
20160202 140700;62.28;62.28;62.28;62.28;100
20160202 140800;62.29;62.29;62.29;62.29;100
20160202 141100;62.27;62.27;62.27;62.27;298
20160202 141400;62.28;62.28;62.28;62.28;100
20160202 142400;62.29;62.29;62.29;62.29;400
20160202 142500;62.3;62.3;62.3;62.3;200
20160202 142600;62.31;62.39;62.31;62.39;500
20160202 142700;62.71;62.71;62.7;62.7;898
20160202 142800;62.65;62.65;62.65;62.65;100
20160202 143200;62.87;62.87;62.87;62.87;100
20160202 143500;62.87;62.87;62.87;62.87;100
20160202 143700;62.81;62.82;62.81;62.82;500
20160202 143800;62.8799;63;62.8799;62.94;2281
20160202 143900;62.95;63;62.95;62.97;300
20160202 144000;62.96;62.96;62.96;62.96;300
20160202 144100;62.95;62.95;62.95;62.95;100
20160202 144200;62.91;62.92;62.91;62.9105;300
20160202 144300;62.91;62.91;62.91;62.91;100
20160202 144600;62.98;62.98;62.98;62.98;100
20160202 144900;63;63;63;63;200
20160202 145000;63;63;63;63;500
20160202 145100;63;63.41;63;63.315;500
20160202 145300;63.41;63.46;63.39;63.39;700
20160202 145400;63.47;63.47;63.47;63.47;100
20160202 145500;63.64;63.64;63.64;63.64;100
20160202 145600;63.49;63.49;63.49;63.49;300
20160202 150000;63.59;63.59;63.49;63.49;200
20160202 150100;63.49;63.505;63.485;63.5002;800
20160202 150500;63.48;63.48;63.1101;63.1438;2222
20160202 150600;63.13;63.13;63.1;63.1;200
20160202 150800;63.25;63.3;63.205;63.25;1500
20160202 151000;63.24;63.24;63.24;63.24;500
20160202 151200;63.036;63.28;63.03;63.03;2200
20160202 151300;62.87;63.05;62.87;63.05;1800
20160202 151500;62.95;63.18;62.95;63.18;1800
20160202 151800;63.02;63.02;62.83;62.83;400
20160202 152200;62.87;62.925;62.87;62.925;400
20160202 152400;62.86;62.86;62.86;62.86;100
20160202 152500;62.99;62.99;62.99;62.99;100
20160202 152700;62.95;62.95;62.95;62.95;100
20160202 152800;62.99;62.99;62.93;62.93;669
20160202 152900;62.95;62.95;62.95;62.95;100
20160202 153100;62.92;62.92;62.84;62.84;600
20160202 153400;62.91;62.91;62.85;62.85;400
20160202 153500;62.85;62.85;62.85;62.85;100
20160202 153600;62.92;62.92;62.87;62.87;399
20160202 153700;62.95;62.97;62.95;62.96;500
20160202 153800;62.96;62.99;62.96;62.99;400
20160202 153900;63;63.01;62.99;63.01;1100
20160202 154000;63;63;63;63;200
20160202 154200;63;63.03;63;63.03;700
20160202 154400;63.01;63.06;63.01;63.06;700
20160202 154500;63.06;63.37;63.06;63.37;1000
20160202 154700;63.38;63.38;63.325;63.34;600
20160202 154800;63.36;63.36;63.27;63.2701;500
20160202 154900;63.34;63.34;63.14;63.34;500
20160202 155000;63.3399;63.34;63.3399;63.34;300
20160202 155100;63.35;63.35;63.22;63.22;400
20160202 155200;63.35;63.35;63.35;63.35;200
20160202 155300;63.35;63.35;63.35;63.35;300
20160202 155400;63.3499;63.41;63.3499;63.41;700
20160202 155500;63.41;63.42;63.41;63.42;500
20160202 155600;63.42;63.53;63.42;63.53;400
20160202 155700;63.52;63.52;63.37;63.37;1398
20160202 155800;63.52;63.56;63.47;63.54;1900
20160202 155900;63.55;63.55;63.55;63.55;200
20160202 160000;63.51;63.6;63.51;63.53;5661
20160202 160100;63.53;63.53;63.53;63.53;46
20160202 162200;63.53;63.53;63.53;63.53;337
20160202 163200;63.53;63.53;63.53;63.53;297
20160203 093200;64;64.3;64;64;500
20160203 094100;64.41;64.46;64.41;64.46;200
20160203 094300;64.0566;64.0566;64.0566;64.0566;200
20160203 095100;63.55;63.55;63.55;63.55;100
20160203 095300;63.6002;63.6002;63.6002;63.6002;200
20160203 095500;63.59;63.84;63.59;63.84;200
20160203 095600;63.6;63.6;63.6;63.6;200
20160203 100000;63.615;63.615;63.615;63.615;100
20160203 100400;63.5;63.5;63.5;63.5;100
20160203 100600;63.68;63.69;63.48;63.68;1000
20160203 100700;63.59;63.59;63.59;63.59;100
20160203 100800;63.55;63.57;63.53;63.53;800
20160203 100900;63.51;63.53;63.26;63.53;400
20160203 101000;63.5;63.51;63.5;63.51;200
20160203 101400;63.25;63.37;63.25;63.37;200
20160203 101500;63.28;63.49;63.28;63.49;200
20160203 101600;63.49;63.6955;63.3;63.3;1900
20160203 101700;63.62;63.62;63.34;63.34;200
20160203 101900;63.55;63.55;63.31;63.31;200
20160203 102000;63.31;63.34;63.31;63.34;200
20160203 102100;63.3401;63.35;63.25;63.3;1300
20160203 102200;63.28;63.39;62.93;63.39;900
20160203 102500;63.25;63.4199;63.25;63.415;700
20160203 102800;63.6;63.6;63.57;63.57;200
20160203 102900;63.25;63.25;63.25;63.25;255
20160203 103400;63.53;63.57;63.53;63.55;400
20160203 103500;63.57;63.85;63.55;63.58;3845
20160203 103600;63.55;63.55;63.55;63.55;100
20160203 103900;63.69;63.69;63.47;63.47;700
20160203 104000;63.65;63.65;63.49;63.49;200
20160203 104100;63.56;63.56;63.56;63.56;100
20160203 104300;63.65;63.65;63.65;63.65;200
20160203 104400;63.7;63.805;63.7;63.805;900
20160203 104500;63.99;63.99;63.99;63.99;100
20160203 104700;64;64.1;64;64.1;900
20160203 104800;64.24;64.33;64.24;64.33;300
20160203 104900;64.3;64.33;64.17;64.26;2830
20160203 105000;64.3;64.3;64.29;64.29;200
20160203 105100;64.3;64.31;64.1416;64.31;1000
20160203 105200;64.34;64.51;64.34;64.51;1152
20160203 105700;64.55;64.69;64.45;64.575;3850
20160203 105800;64.44;64.45;64.38;64.45;1300
20160203 110100;64.56;64.56;64.56;64.56;100
20160203 110600;64.41;64.41;64.41;64.41;400
20160203 111000;64.4989;64.4989;64.4989;64.4989;183
20160203 111200;64.46;64.54;64.46;64.54;1400
20160203 111300;64.51;64.68;64.39;64.39;2200
20160203 112000;64.54;64.54;64.54;64.54;100
20160203 112800;64.4938;64.4938;64.4938;64.4938;100
20160203 112900;64.38;64.38;64.12;64.15;3650
20160203 113000;64.15;64.2;63.85;63.85;1933
20160203 113300;64.02;64.1;64.02;64.08;400
20160203 113400;64.08;64.25;64.08;64.25;300
20160203 113700;64.25;64.25;64.25;64.25;200
20160203 113900;64.25;64.25;64.25;64.25;100
20160203 114100;64.51;64.51;64.51;64.51;100
20160203 114600;64.4618;64.4618;64.4618;64.4618;300
20160203 114900;64.32;64.32;64.32;64.32;100
20160203 115000;64.34;64.44;64.34;64.44;1000
20160203 115200;64.37;64.37;64.34;64.34;200
20160203 115400;64.4473;64.49;64.4473;64.49;300
20160203 115500;64.53;64.53;64.53;64.53;200
20160203 115600;64.55;64.55;64.55;64.55;100
20160203 115900;64.45;64.45;64.44;64.45;870
20160203 120000;64.43;64.43;64.43;64.43;100
20160203 120100;64.51;64.51;64.44;64.44;500
20160203 120300;64.43;64.43;64.39;64.39;200
20160203 120500;64.56;64.56;64.56;64.56;100
20160203 121000;64.57;64.59;64.57;64.59;300
20160203 121400;64.6;64.6;64.6;64.6;100
20160203 121500;64.59;64.59;64.59;64.59;100
20160203 121700;64.434;64.62;64.434;64.47;900
20160203 121900;64.56;64.56;64.56;64.56;100
20160203 122200;64.56;64.57;64.46;64.57;1100
20160203 122300;64.4701;64.58;64.4701;64.58;1600
20160203 122400;64.68;64.68;64.68;64.68;100
20160203 122500;64.92;64.92;64.92;64.92;100
20160203 122600;64.92;64.92;64.92;64.92;100
20160203 123000;64.89;64.89;64.89;64.89;100
20160203 123200;64.735;64.735;64.73;64.73;300
20160203 123300;64.725;64.725;64.725;64.725;500
20160203 123400;64.725;64.725;64.725;64.725;100
20160203 123900;64.56;64.566;64.56;64.566;300
20160203 124000;64.56;64.56;64.51;64.51;1230
20160203 124100;64.5;64.5;64.5;64.5;200
20160203 124400;64.46;64.46;64.46;64.46;100
20160203 124500;64.46;64.46;64.43;64.43;200
20160203 124900;64.425;64.425;64.425;64.425;100
20160203 125100;64.31;64.54;64.3;64.54;400
20160203 125500;64.32;64.37;64.32;64.37;300
20160203 130000;64.51;64.51;64.41;64.435;500
20160203 130100;64.435;64.44;64.435;64.44;300
20160203 130200;64.445;64.445;64.445;64.445;150
20160203 130300;64.36;64.4;64.07;64.4;1650
20160203 130700;64.42;64.42;64.42;64.42;100
20160203 131300;64.36;64.36;64.36;64.36;100
20160203 131500;64.36;64.36;64.36;64.36;100
20160203 132000;64.28;64.28;64.28;64.28;200
20160203 132500;64.11;64.11;64.11;64.11;500
20160203 132600;64.17;64.17;63.93;63.93;200
20160203 132800;64.14;64.14;64.14;64.14;100
20160203 133400;64.12;64.13;64.12;64.13;400
20160203 133500;63.95;63.95;63.92;63.92;200
20160203 133600;63.93;63.93;63.92;63.92;300
20160203 133800;63.94;63.94;63.73;63.73;1300
20160203 134100;63.68;63.68;63.68;63.68;100
20160203 134400;63.78;63.79;63.78;63.79;600
20160203 134900;63.63;63.76;63.63;63.76;4200
20160203 135000;63.77;63.82;63.77;63.82;637
20160203 135400;63.73;63.77;63.73;63.77;589
20160203 135600;63.82;63.82;63.82;63.82;300
20160203 135700;63.89;64.02;63.89;64.02;200
20160203 135800;63.97;63.97;63.97;63.97;100
20160203 140200;63.935;64.03;63.838;64.03;2300
20160203 140300;63.935;64.12;63.935;64.06;800
20160203 140400;64.0925;64.0925;64.0925;64.0925;100
20160203 140500;64.05;64.205;63.76;64.1;2203
20160203 140800;64.09;64.09;64.09;64.09;155
20160203 141200;64.09;64.25;64.09;64.25;300
20160203 141800;64.1285;64.1285;64.1285;64.1285;103
20160203 142100;64.16;64.16;64.16;64.16;300
20160203 142500;64.24;64.37;64.24;64.37;1665
20160203 142600;64.36;64.465;64.36;64.36;1100
20160203 142800;64.52;64.52;64.52;64.52;100
20160203 143000;64.52;64.52;64.38;64.39;1900
20160203 143100;64.37;64.465;64.33;64.42;2848
20160203 143200;64.25;64.4;64.25;64.4;600
20160203 143300;64.24;64.25;64.2;64.2;1200
20160203 143500;63.86;63.86;63.86;63.86;100
20160203 143600;64.14;64.38;64.14;64.38;800
20160203 143900;64.37;64.37;64.37;64.37;100
20160203 144000;64.37;64.38;64.37;64.38;200
20160203 144500;64.465;64.68;64.465;64.54;1200
20160203 144700;64.675;64.675;64.675;64.675;100
20160203 144800;64.68;64.68;64.68;64.68;700
20160203 145200;64.67;64.67;64.67;64.67;100
20160203 145300;64.675;64.675;64.675;64.675;100
20160203 145700;64.68;64.68;64.68;64.68;200
20160203 145800;64.695;64.705;64.6735;64.705;453
20160203 150100;64.67;64.715;64.67;64.7;799
20160203 150200;64.66;64.705;64.66;64.66;1100
20160203 150400;64.61;64.61;64.61;64.61;100
20160203 150500;64.605;64.605;64.605;64.605;100
20160203 150600;64.52;64.52;64.52;64.52;100
20160203 150800;64.6195;64.6195;64.61;64.615;400
20160203 151300;64.615;64.615;64.615;64.615;200
20160203 151500;64.57;64.595;64.56;64.595;1900
20160203 151600;64.595;64.595;64.595;64.595;100
20160203 151700;64.55;64.595;64.55;64.595;200
20160203 152000;64.595;64.595;64.595;64.595;800
20160203 152200;64.58;64.585;64.55;64.585;600
20160203 152300;64.54;64.585;64.51;64.51;800
20160203 152500;64.48;64.55;64.48;64.48;800
20160203 152900;64.39;64.39;64.39;64.39;100
20160203 153100;64.4;64.4;64.4;64.4;300
20160203 153200;64.385;64.385;64.32;64.36;400
20160203 153300;64.31;64.31;64.31;64.31;100
20160203 153400;64.4;64.41;64.4;64.41;1000
20160203 153500;64.45;64.5;64.44;64.446;2300
20160203 153700;64.5;64.5;64.5;64.5;100
20160203 153800;64.47;64.49;64.15;64.3;3266
20160203 153900;64.37;64.48;64.37;64.48;1500
20160203 154000;64.395;64.53;64.395;64.51;1000
20160203 154100;64.47;64.49;64.44;64.45;1240
20160203 154200;64.53;64.68;64.45;64.45;3307
20160203 154300;64.45;64.62;64.45;64.62;300
20160203 154400;64.45;64.53;64.45;64.515;600
20160203 154600;64.5;64.5;64.45;64.45;300
20160203 154800;64.54;64.54;64.49;64.49;2400
20160203 154900;64.45;64.495;64.44;64.45;832
20160203 155000;64.54;64.71;64.44;64.71;2348
20160203 155100;64.6;64.6;64.44;64.57;2911
20160203 155200;64.52;64.59;64.45;64.45;2200
20160203 155300;64.57;64.6;64.57;64.6;454
20160203 155400;64.59;64.64;64.58;64.64;400
20160203 155500;64.71;64.71;64.64;64.67;1071
20160203 155600;64.69;64.69;64.63;64.63;200
20160203 155700;64.6749;64.79;64.67;64.69;1417
20160203 155800;64.69;64.725;64.66;64.68;500
20160203 155900;64.77;64.77;64.69;64.69;200
20160203 160000;64.68;64.77;64.56;64.69;15570
20160203 160100;63.637;63.637;63.637;63.637;715
20160203 160200;64.5643;64.5643;64.5643;64.5643;600
20160204 093100;65.9989;65.9989;65.9989;65.9989;100
20160204 093400;64.81;64.81;64.81;64.81;100
20160204 093800;65.02;65.02;64.82;64.82;200
20160204 093900;65.02;65.02;65.02;65.02;200
20160204 094000;65.02;65.02;65.02;65.02;100
20160204 094100;65.18;65.51;65.18;65.48;300
20160204 094300;65.13;65.255;65.1;65.255;400
20160204 094400;65.06;65.23;64.83;64.83;700
20160204 094600;64.6;64.6504;64.6;64.6504;440
20160204 094800;64.78;64.78;64.78;64.78;300
20160204 094900;64.95;65.01;64.95;65.01;200
20160204 095100;65.32;65.32;65.32;65.32;100
20160204 095500;65.51;65.51;65.51;65.51;100
20160204 095800;65.14;65.14;65.14;65.14;100
20160204 095900;64.9254;64.9254;64.9254;64.9254;200
20160204 100000;65.27;65.27;65.27;65.27;100
20160204 100100;65.26;65.26;65.26;65.26;100
20160204 100700;64.72;64.91;64.72;64.91;200
20160204 100900;64.31;64.43;64.28;64.43;700
20160204 101300;64.31;64.51;64.15;64.46;1100
20160204 101700;64.36;64.36;64.36;64.36;100
20160204 102100;64.46;64.469;64.46;64.469;225
20160204 102300;64.265;64.265;64.2;64.2;300
20160204 102400;64.14;64.25;63.95;63.97;900
20160204 102700;63.51;63.51;63.51;63.51;100
20160204 103100;63.8;64.17;63.8;64.17;1975
20160204 103200;64.03;64.03;64.03;64.03;100
20160204 103300;64.03;64.03;64.03;64.03;100
20160204 103700;64.04;64.04;64.04;64.04;100
20160204 104100;63.6964;64.0199;63.6964;64.0199;1250
20160204 104200;63.68;63.68;63.68;63.68;100
20160204 104300;63.64;63.839;63.64;63.839;315
20160204 104400;63.84;63.84;63.81;63.81;500
20160204 104700;63.91;63.91;63.91;63.91;100
20160204 105000;63.91;63.91;63.91;63.91;100
20160204 105200;63.67;63.67;63.67;63.67;100
20160204 105500;63.59;63.6;63.59;63.6;200
20160204 105700;63.59;63.59;63.59;63.59;100
20160204 105800;63.87;63.87;63.681;63.681;300
20160204 110000;63.86;63.86;63.86;63.86;100
20160204 110100;63.86;63.86;63.86;63.86;100
20160204 110200;63.745;63.745;63.74;63.74;200
20160204 110800;63.61;63.73;63.61;63.73;200
20160204 110900;63.86;63.86;63.86;63.86;100
20160204 111000;63.89;63.89;63.89;63.89;100
20160204 111200;63.7433;63.7433;63.7433;63.7433;100
20160204 111900;63.82;63.85;63.82;63.85;200
20160204 112200;63.57;63.58;63.57;63.58;200
20160204 112300;63.56;63.58;63.56;63.58;200
20160204 112900;63.615;63.615;63.615;63.615;100
20160204 113000;63.655;63.655;63.655;63.655;100
20160204 113100;63.73;63.73;63.72;63.72;200
20160204 113200;63.635;63.635;63.3523;63.39;3438
20160204 114900;63.32;63.32;63.32;63.32;100
20160204 115100;63.26;63.26;63.26;63.26;100
20160204 115300;63.42;63.67;63.42;63.535;600
20160204 115400;63.545;63.545;63.545;63.545;100
20160204 115500;63.71;63.71;63.71;63.71;400
20160204 115600;63.71;63.71;63.71;63.71;374
20160204 115900;63.61;63.67;63.61;63.67;400
20160204 120100;63.755;63.82;63.56;63.75;2735
20160204 120500;63.471;63.471;63.4401;63.4401;550
20160204 120600;63.655;63.655;63.655;63.655;200
20160204 120900;63.84;63.84;63.84;63.84;100
20160204 121000;63.99;63.99;63.84;63.84;400
20160204 121700;63.97;63.97;63.97;63.97;100
20160204 123100;64.16;64.16;64.16;64.16;100
20160204 123300;64.33;64.42;64.33;64.42;700
20160204 123400;64.47;64.627;64.42;64.627;600
20160204 123700;64.448;64.448;64.448;64.448;200
20160204 123800;64.61;64.61;64.59;64.59;200
20160204 124000;64.8;64.83;64.8;64.83;200
20160204 124200;64.63;64.63;64.63;64.63;100
20160204 124300;64.5236;64.5236;64.5236;64.5236;400
20160204 124500;64.76;64.76;64.76;64.76;100
20160204 124700;64.6;64.6;64.6;64.6;100
20160204 124900;64.6375;64.6375;64.6375;64.6375;215
20160204 125000;64.595;64.76;64.44;64.76;1400
20160204 125300;64.6;64.6;64.6;64.6;100
20160204 125400;64.5;64.74;64.5;64.74;200
20160204 130100;64.74;64.74;64.74;64.74;100
20160204 130200;64.625;64.63;64.625;64.63;200
20160204 130300;64.74;64.74;64.56;64.56;600
20160204 130600;64.77;64.77;64.77;64.77;100
20160204 130900;64.61;64.61;64.6;64.6;450
20160204 131300;64.73;64.73;64.71;64.71;200
20160204 131400;64.73;64.73;64.73;64.73;100
20160204 132300;64.69;64.7699;64.69;64.7699;600
20160204 133200;64.77;64.8;64.77;64.8;200
20160204 133300;64.94;64.96;64.94;64.94;400
20160204 133600;64.86;64.86;64.86;64.86;200
20160204 133800;65;65;64.87;64.87;940
20160204 133900;64.97;64.97;64.97;64.97;100
20160204 134100;64.97;64.97;64.97;64.97;100
20160204 134200;64.74;64.855;64.69;64.7975;500
20160204 134900;64.6;64.6;64.56;64.56;200
20160204 135500;64.49;64.56;64.31;64.31;1001
20160204 140200;64.43;64.43;64.43;64.43;100
20160204 140300;64.305;64.305;64.305;64.305;100
20160204 140600;64.19;64.34;64.19;64.34;200
20160204 140700;64.34;64.36;64.34;64.36;500
20160204 140800;64.2703;64.295;64.215;64.215;2193
20160204 141800;64;64;64;64;100
20160204 142100;63.84;63.89;63.76;63.76;400
20160204 142200;63.66;63.71;63.5;63.5;400
20160204 142300;63.7;63.7;63.56;63.56;1600
20160204 142400;63.56;63.56;63.56;63.56;400
20160204 142700;63.49;63.49;63.49;63.49;100
20160204 142800;63.55;63.55;63.55;63.55;100
20160204 143000;63.45;63.45;63.45;63.45;100
20160204 143200;63.45;63.45;63.45;63.45;100
20160204 143500;63.13;63.13;63.13;63.13;100
20160204 144300;62.89;62.89;62.89;62.89;100
20160204 144400;62.92;62.94;62.92;62.94;200
20160204 144500;62.92;63.03;62.92;63.01;500
20160204 144800;63.15;63.15;63.15;63.15;100
20160204 144900;63.15;63.44;63.15;63.44;400
20160204 145200;63.02;63.28;62.955;62.955;3800
20160204 145600;62.88;62.88;62.88;62.88;100
20160204 145800;63.01;63.01;63.01;63.01;300
20160204 145900;62.9489;63.16;62.9489;63.16;900
20160204 150000;62.9535;62.9535;62.9535;62.9535;500
20160204 150100;63.14;63.15;63.14;63.15;400
20160204 150200;63.18;63.18;63.18;63.18;100
20160204 150300;63.18;63.4;63.18;63.4;200
20160204 150600;63.21;63.21;63.08;63.08;400
20160204 150700;63;63;63;63;100
20160204 150800;63.19;63.19;63.19;63.19;100
20160204 151100;63;63.01;63;63;900
20160204 151500;63.05;63.1;63.05;63.1;600
20160204 151800;63.005;63.005;63.005;63.005;100
20160204 152000;62.89;62.9;62.89;62.89;935
20160204 152100;63.01;63.01;63.01;63.01;100
20160204 152200;63.042;63.042;63.042;63.042;100
20160204 152300;63.06;63.06;63.06;63.06;100
20160204 152400;63.045;63.11;63.045;63.11;500
20160204 152500;63.15;63.15;63.15;63.15;100
20160204 152700;63.02;63.085;62.99;63.085;400
20160204 152900;62.81;62.82;62.81;62.81;400
20160204 153300;62.67;62.84;62.67;62.84;700
20160204 153600;62.78;62.78;62.78;62.78;300
20160204 153800;62.6;62.6;62.51;62.51;200
20160204 153900;62.6;62.62;62.6;62.62;400
20160204 154200;62.77;62.77;62.63;62.63;200
20160204 154300;62.8;62.8;62.8;62.8;100
20160204 154500;62.93;62.93;62.93;62.93;100
20160204 154700;62.93;62.93;62.93;62.93;100
20160204 154900;62.9;62.9;62.9;62.9;100
20160204 155000;62.67;62.87;62.67;62.86;300
20160204 155100;62.88;63;62.86;62.86;500
20160204 155300;62.9;62.9;62.9;62.9;200
20160204 155500;62.84;63.04;62.84;63.04;600
20160204 155700;62.98;62.98;62.98;62.98;100
20160204 155800;62.96;63.03;62.96;63.025;700
20160204 155900;63.025;63.18;63.025;63.115;700
20160204 160000;63.105;63.14;63;63.02;5225
20160204 160100;63.02;63.02;63.02;63.02;146
20160204 160600;63.02;63.02;63.02;63.02;40
20160204 161100;63.7815;63.7815;63.7815;63.7815;900
20160204 163000;63.02;63.02;63.02;63.02;28
20160204 163100;63.02;63.02;63.02;63.02;57
20160205 093700;63.02;63.02;63.02;63.02;100
20160205 093800;63.17;63.17;63.17;63.17;100
20160205 094000;62.99;62.99;62.88;62.88;300
20160205 094100;63.04;63.15;62.91;62.91;400
20160205 094300;63.04;63.04;63.04;63.04;100
20160205 094500;63.06;63.06;63.06;63.06;100
20160205 095100;63.17;63.17;63.17;63.17;100
20160205 095200;63.15;63.15;63.15;63.15;100
20160205 095300;63.06;63.06;63.06;63.06;100
20160205 095600;63.1168;63.1168;63.1168;63.1168;140
20160205 095700;62.904;62.944;62.904;62.944;1000
20160205 100000;62.9;62.9;62.85;62.85;402
20160205 100100;62.64;62.64;62.64;62.64;200
20160205 100500;62.77;62.77;62.77;62.77;100
20160205 100600;62.67;62.67;62.67;62.67;200
20160205 100700;62.64;62.79;62.64;62.78;300
20160205 100800;62.62;62.77;62.57;62.77;500
20160205 101400;62.66;62.66;62.66;62.66;100
20160205 101500;62.5;62.5;62.5;62.5;100
20160205 102000;62.65;62.65;62.49;62.49;200
20160205 102300;62.36;62.4225;62.36;62.4225;200
20160205 102400;62.35;62.35;62.35;62.35;100
20160205 102900;62;62;61.87;61.87;200
20160205 103000;61.91;61.91;61.91;61.91;100
20160205 103200;61.711;61.81;61.28;61.45;4220
20160205 103400;61.48;61.48;61.48;61.48;100
20160205 103600;61.42;61.48;61.42;61.48;363
20160205 103700;61.49;61.79;61.49;61.54;500
20160205 103900;61.6;61.6;61.6;61.6;100
20160205 104300;62.24;62.33;62.24;62.33;300
20160205 104400;62.32;62.32;62.32;62.32;100
20160205 104600;62.26;62.27;62.26;62.27;200
20160205 105000;62.2;62.2;62.2;62.2;100
20160205 105900;62.31;62.31;62.31;62.31;100
20160205 110900;62.31;62.31;62.31;62.31;100
20160205 111400;62.27;62.27;62.06;62.13;3100
20160205 111900;62.33;62.33;62.33;62.33;100
20160205 112400;62.13;62.13;62.05;62.05;700
20160205 112700;61.85;61.85;61.85;61.85;100
20160205 112800;62.03;62.03;62.03;62.03;100
20160205 113700;62.02;62.07;62.02;62.07;360
20160205 113800;62.24;62.24;62.24;62.24;100
20160205 114300;62.075;62.39;62.075;62.39;200
20160205 114400;62.45;62.46;62.44;62.45;1100
20160205 114800;62.7;62.7;62.7;62.7;100
20160205 115000;62.459;62.459;62.459;62.459;120
20160205 115100;62.52;62.52;62.52;62.52;100
20160205 115200;62.45;62.52;62.45;62.48;700
20160205 115300;62.485;62.485;62.485;62.485;100
20160205 115600;62.5;62.5;62.5;62.5;600
20160205 115800;62.65;62.65;62.65;62.65;100
20160205 120100;62.5628;62.5628;62.5628;62.5628;120
20160205 120800;62.61;62.61;62.61;62.61;100
20160205 121000;62.59;62.59;62.59;62.59;100
20160205 121100;62.59;62.59;62.59;62.59;100
20160205 121700;62.59;62.59;62.59;62.59;100
20160205 122600;62.51;62.51;62.51;62.51;100
20160205 122700;62.535;62.535;62.535;62.535;100
20160205 123700;62.565;62.565;62.565;62.565;100
20160205 124400;62.59;62.59;62.54;62.54;200
20160205 124700;62.55;62.55;62.55;62.55;100
20160205 124800;62.56;62.56;62.56;62.56;100
20160205 125600;62.39;62.6;62.39;62.6;200
20160205 130600;62.55;62.55;62.55;62.55;100
20160205 132100;62.35;62.35;62.35;62.35;100
20160205 132700;62.45;62.45;62.45;62.45;100
20160205 133600;62.45;62.45;62.45;62.45;100
20160205 134300;62.27;62.325;62.22;62.22;500
20160205 134500;62.07;62.22;62.07;62.22;200
20160205 135400;61.975;61.975;61.975;61.975;100
20160205 135500;62.09;62.17;62.09;62.17;400
20160205 135700;61.92;61.92;61.92;61.92;100
20160205 135900;62.11;62.11;62.11;62.11;100
20160205 140000;62.0895;62.0895;62.0799;62.0799;400
20160205 140100;62.08;62.08;62.08;62.08;100
20160205 140300;62.08;62.08;62.08;62.08;200
20160205 140500;62.12;62.12;62.12;62.12;100
20160205 140900;61.98;62;61.98;62;300
20160205 141000;62.01;62.01;62.01;62.01;100
20160205 141400;61.99;62;61.9;62;400
20160205 141500;61.9;61.9;61.9;61.9;100
20160205 141600;61.82;61.82;61.82;61.82;100
20160205 142200;61.65;61.67;61.65;61.67;300
20160205 142500;61.66;61.66;61.66;61.66;100
20160205 143400;61.68;61.68;61.68;61.68;200
20160205 143900;61.7;61.89;61.7;61.89;300
20160205 144000;61.62;61.62;61.61;61.61;200
20160205 144200;61.6;61.6;61.6;61.6;200
20160205 144400;61.58;61.58;61.58;61.58;100
20160205 144600;61.49;61.49;61.49;61.49;100
20160205 145200;61.38;61.48;61.38;61.48;200
20160205 145300;61.48;61.49;61.48;61.49;200
20160205 145400;61.395;61.395;61.395;61.395;100
20160205 150400;61.24;61.24;61.24;61.24;100
20160205 150600;61.06;61.06;61.06;61.06;400
20160205 150700;61.06;61.06;61.05;61.05;400
20160205 150800;61.05;61.05;61.05;61.05;100
20160205 151000;61.09;61.13;61.09;61.1;531
20160205 151300;61.12;61.12;61.12;61.12;200
20160205 151500;61.12;61.12;61.11;61.11;300
20160205 151700;61.25;61.2589;61.25;61.2589;200
20160205 152200;60.95;61.03;60.95;61.03;304
20160205 152900;60.76;60.76;60.76;60.76;100
20160205 153400;60.75;60.75;60.59;60.59;650
20160205 153500;60.58;60.58;60.35;60.35;400
20160205 153600;60.36;60.36;60.35;60.35;300
20160205 153700;60.51;60.53;60.46;60.46;400
20160205 153800;60.42;60.42;60.37;60.37;200
20160205 153900;60.39;60.39;60.27;60.27;200
20160205 154300;60.45;60.48;60.395;60.48;708
20160205 154400;60.476;60.476;60.476;60.476;200
20160205 154500;60.52;60.52;60.52;60.52;100
20160205 154600;60.54;60.54;60.54;60.54;100
20160205 154700;60.55;60.7;60.54;60.7;400
20160205 154800;60.72;60.72;60.72;60.72;100
20160205 154900;60.34;60.63;60.34;60.63;600
20160205 155000;60.73;60.73;60.45;60.45;1250
20160205 155100;60.62;60.62;60.21;60.21;200
20160205 155200;60.58;60.58;60.22;60.22;200
20160205 155300;60.48;60.48;60.22;60.24;300
20160205 155400;60.32;60.32;60.21;60.21;200
20160205 155500;60.17;60.26;60.02;60.02;500
20160205 155600;60.25;60.25;60.03;60.03;300
20160205 155700;60.21;60.21;60.21;60.21;200
20160205 155800;60.04;60.09;60.04;60.09;500
20160205 155900;60.06;60.13;60.05;60.05;545
20160205 160000;60.06;60.095;60.04;60.04;10495
20160205 160100;60.04;60.04;60.04;60.04;246
20160205 161900;60.0328;60.0328;60.0328;60.0328;144
20160205 164400;61.408;61.408;61.408;61.408;679
20160205 165000;60.04;60.04;60.04;60.04;230
