20160119 094200;13.68;13.68;13.68;13.68;200
20160119 095400;13.76;13.76;13.575;13.73;2200
20160119 095600;13.68;13.7061;13.585;13.585;2200
20160119 100100;13.59;13.69;13.59;13.69;236
20160119 100200;13.778;13.778;13.778;13.778;102
20160119 101500;13.66;13.66;13.59;13.59;200
20160119 101700;13.6978;13.6978;13.6;13.6;500
20160119 103200;13.74;13.76;13.61;13.61;3500
20160119 103500;13.69;13.69;13.66;13.66;300
20160119 103700;13.648;13.648;13.648;13.648;500
20160119 104100;13.67;13.69;13.67;13.69;200
20160119 104300;13.68;13.68;13.68;13.68;200
20160119 104500;13.68;13.68;13.68;13.68;177
20160119 104800;13.67;13.67;13.67;13.67;100
20160119 104900;13.67;13.67;13.67;13.67;100
20160119 105300;13.67;13.674;13.67;13.67;1500
20160119 110100;13.67;13.671;13.56;13.56;3960
20160119 110200;13.56;13.56;13.56;13.56;1334
20160119 110300;13.495;13.55;13.43;13.54;400
20160119 110400;13.47;13.5;13.47;13.5;300
20160119 110900;13.4876;13.4876;13.4876;13.4876;100
20160119 112400;13.47;13.47;13.47;13.47;200
20160119 113600;13.4641;13.4641;13.4641;13.4641;200
20160119 114700;13.479;13.479;13.479;13.479;200
20160119 114900;13.43;13.43;13.43;13.43;100
20160119 120100;13.446;13.446;13.41;13.41;1600
20160119 120500;13.41;13.41;13.41;13.41;500
20160119 120900;13.3399;13.3399;13.3;13.3;1000
20160119 121400;13.3001;13.3048;13.3;13.3048;850
20160119 121500;13.3852;13.3852;13.3852;13.3852;150
20160119 122000;13.3199;13.3199;13.3199;13.3199;300
20160119 122700;13.261;13.3;13.26;13.3;1450
20160119 123500;13.2;13.2;13.2;13.2;100
20160119 125000;13.14;13.14;13.14;13.14;100
20160119 125500;13.14;13.14;13.14;13.14;100
20160119 130700;13.17;13.17;13.17;13.17;100
20160119 131100;13.17;13.17;13.17;13.17;100
20160119 131600;13.041;13.041;13.041;13.041;300
20160119 132300;13.071;13.1;13.071;13.1;400
20160119 133100;13.0971;13.0971;13.0971;13.0971;300
20160119 133300;13.115;13.115;13.115;13.115;150
20160119 133900;13.07;13.07;13.0611;13.0611;600
20160119 134400;13.11;13.11;13.11;13.11;200
20160119 135700;13.11;13.11;13.11;13.11;100
20160119 140900;13.14;13.14;13.14;13.14;2000
20160119 141100;13.14;13.14;13.14;13.14;1000
20160119 141200;13.1;13.1;13.1;13.1;100
20160119 141700;13.105;13.12;13.105;13.12;2000
20160119 142000;13.12;13.12;13.12;13.12;500
20160119 142400;13.091;13.091;13.091;13.091;181
20160119 143400;13.15;13.15;13.15;13.15;100
20160119 143800;13.13;13.13;13.13;13.13;100
20160119 144800;13.121;13.159;13.121;13.156;1600
20160119 145000;13.1211;13.1211;13.12;13.12;600
20160119 145100;13.12;13.1201;13.12;13.12;1500
20160119 145200;13.12;13.12;13.12;13.12;100
20160119 145400;13.2;13.2;13.2;13.2;100
20160119 151000;13.3;13.3;13.3;13.3;300
20160119 151200;13.319;13.32;13.319;13.32;500
20160119 151300;13.33;13.337;13.17;13.17;5200
20160119 152500;13.23;13.23;13.23;13.23;200
20160119 154700;13.21;13.22;13.21;13.22;400
20160119 155100;13.29;13.29;13.29;13.29;300
20160119 155800;13.24;13.24;13.24;13.24;200
20160119 155900;13.23;13.23;13.23;13.23;300
20160119 160000;13.24;13.43;13.24;13.43;1299
20160120 094800;13.102;13.102;13.05;13.098;2304
20160120 095000;13.07;13.07;13.07;13.07;100
20160120 095900;13;13;13;13;200
20160120 100100;13;13.005;13;13.005;300
20160120 100200;13.005;13.005;13.005;13.005;100
20160120 100700;13;13.005;13;13;700
20160120 101500;13.01;13.01;13.01;13.01;300
20160120 101900;13.072;13.072;13.005;13.005;200
20160120 102000;13.045;13.045;13;13.036;600
20160120 102200;13.05;13.05;13.03;13.03;1400
20160120 102300;13.05;13.05;13.01;13.01;400
20160120 102400;13.04;13.04;13.02;13.02;612
20160120 102900;13.055;13.055;13;13.044;3800
20160120 103400;12.9406;12.9406;12.9406;12.9406;100
20160120 103500;12.9;12.9;12.81;12.81;2214
20160120 103600;12.81;12.81;12.77;12.77;200
20160120 104100;12.835;12.835;12.59;12.59;2307
20160120 105600;12.77;12.77;12.77;12.77;100
20160120 105800;12.6829;12.6829;12.58;12.59;1700
20160120 110300;12.7;12.7;12.7;12.7;200
20160120 110500;12.6716;12.69;12.59;12.6;2300
20160120 110700;12.61;12.61;12.61;12.61;400
20160120 110800;12.61;12.62;12.61;12.61;499
20160120 112000;12.83;12.84;12.83;12.84;200
20160120 112800;12.8462;12.8462;12.81;12.81;900
20160120 113200;12.815;12.815;12.76;12.8;900
20160120 113300;12.75;12.75;12.75;12.75;200
20160120 115300;12.81;12.81;12.81;12.81;300
20160120 115400;12.837;12.837;12.82;12.82;300
20160120 115600;12.83;12.83;12.83;12.83;100
20160120 115800;12.82;12.82;12.82;12.82;300
20160120 120000;12.83;12.83;12.83;12.83;315
20160120 120700;12.87;12.87;12.87;12.87;100
20160120 120800;12.86;12.861;12.82;12.861;1178
20160120 121900;12.8201;12.83;12.8201;12.83;900
20160120 122300;12.839;12.839;12.83;12.83;800
20160120 123100;12.82;12.84;12.778;12.84;2499
20160120 125500;12.85;12.85;12.79;12.79;300
20160120 130000;12.81;12.81;12.81;12.81;100
20160120 130300;12.82;12.82;12.82;12.82;100
20160120 130700;12.72;12.72;12.72;12.72;300
20160120 133500;12.87;12.87;12.87;12.87;100
20160120 135400;12.98;12.98;12.98;12.98;100
20160120 135600;12.99;12.99;12.99;12.99;100
20160120 140800;12.97;12.97;12.95;12.95;200
20160120 141100;13;13;13;13;450
20160120 141400;13.09;13.09;13.09;13.09;100
20160120 141800;13.105;13.105;13.105;13.105;200
20160120 142300;13.13;13.13;13.09;13.09;200
20160120 142400;13.09;13.09;13.09;13.09;100
20160120 142700;13.0975;13.0975;13.04;13.04;600
20160120 142800;13.02;13.085;13.02;13.085;300
20160120 142900;13.03;13.03;13.03;13.03;914
20160120 144100;13.0925;13.0925;13.0925;13.0925;250
20160120 144200;13.1;13.17;13.09;13.095;3300
20160120 144400;13.16;13.16;13.132;13.132;3300
20160120 144500;13.15;13.16;13.142;13.142;3300
20160120 150600;13.12;13.12;13.12;13.12;100
20160120 150900;13.1392;13.1392;13.1392;13.1392;200
20160120 151100;13.1699;13.1699;13.1699;13.1699;200
20160120 151300;13.15;13.17;13.15;13.17;600
20160120 151400;13.15;13.2;13.15;13.2;400
20160120 151800;13.2;13.2;13.2;13.2;200
20160120 151900;13.19;13.2;13.19;13.2;400
20160120 152300;13.36;13.37;13.36;13.37;500
20160120 152700;13.314;13.39;13.314;13.326;1800
20160120 153000;13.41;13.41;13.41;13.41;200
20160120 153500;13.4999;13.4999;13.4999;13.4999;200
20160120 153700;13.45;13.45;13.45;13.45;100
20160120 153800;13.43;13.43;13.43;13.43;200
20160120 154900;13.51;13.51;13.5;13.5;400
20160120 155300;13.5499;13.5499;13.5499;13.5499;1000
20160120 155500;13.5341;13.5341;13.511;13.511;600
20160120 155600;13.5;13.5;13.5;13.5;400
20160120 155900;13.51;13.51;13.51;13.51;100
20160120 160000;13.51;13.51;13.47;13.5;1803
20160121 095400;13.6042;13.6042;13.6042;13.6042;100
20160121 095800;13.6876;13.6876;13.6876;13.6876;200
20160121 100200;13.6168;13.6168;13.6168;13.6168;200
20160121 103500;13.59;13.59;13.59;13.59;100
20160121 104700;13.65;13.65;13.65;13.65;100
20160121 110200;13.59;13.59;13.59;13.59;100
20160121 115000;13.582;13.582;13.57;13.57;400
20160121 115300;13.62;13.62;13.62;13.62;100
20160121 115800;13.66;13.66;13.66;13.66;100
20160121 120100;13.68;13.68;13.68;13.68;100
20160121 120300;13.68;13.68;13.68;13.68;100
20160121 120800;13.69;13.69;13.69;13.69;200
20160121 121800;13.69;13.69;13.69;13.69;400
20160121 124100;13.7695;13.7695;13.7695;13.7695;300
20160121 130100;13.85;13.85;13.822;13.822;2200
20160121 130800;13.85;13.85;13.85;13.85;200
20160121 130900;13.85;13.85;13.85;13.85;300
20160121 131500;13.86;13.86;13.86;13.86;100
20160121 132200;13.94;13.94;13.94;13.94;100
20160121 132400;13.93;13.93;13.91;13.91;200
20160121 134500;13.924;13.935;13.924;13.935;400
20160121 135800;13.9238;13.9238;13.91;13.91;400
20160121 135900;13.9101;13.9101;13.9101;13.9101;200
20160121 140000;13.919;13.919;13.9101;13.9101;400
20160121 140200;13.91;13.95;13.91;13.95;400
20160121 140900;13.9557;13.9557;13.9557;13.9557;300
20160121 141000;13.9205;13.9205;13.9205;13.9205;300
20160121 141100;13.9101;13.9101;13.9101;13.9101;300
20160121 141200;13.9408;13.9408;13.9408;13.9408;300
20160121 141300;13.909;13.909;13.909;13.909;300
20160121 141800;13.93;13.93;13.93;13.93;100
20160121 142300;13.95;13.95;13.95;13.95;210
20160121 142400;13.925;13.925;13.925;13.925;100
20160121 143500;13.95;13.95;13.95;13.95;100
20160121 143900;13.95;13.95;13.95;13.95;100
20160121 145100;13.94;13.94;13.94;13.94;100
20160121 145200;13.91;13.91;13.91;13.91;100
20160121 145300;13.9599;13.9599;13.9599;13.9599;100
20160121 145400;13.92;13.92;13.92;13.92;100
20160121 150400;13.96;13.96;13.96;13.96;100
20160121 152200;13.91;13.91;13.91;13.91;100
20160121 152600;13.9499;13.9499;13.9499;13.9499;100
20160121 153000;13.95;13.95;13.95;13.95;100
20160121 153300;13.95;13.95;13.95;13.95;100
20160121 153700;13.9499;13.9499;13.9499;13.9499;100
20160121 153900;13.95;13.95;13.95;13.95;100
20160121 154200;13.9499;13.9499;13.9499;13.9499;100
20160121 154500;13.91;13.91;13.91;13.91;200
20160121 155900;13.91;13.91;13.91;13.91;200
20160121 160000;13.91;13.91;13.9;13.9;300
20160122 093300;14.144;14.144;14.144;14.144;100
20160122 100500;14.094;14.094;14.094;14.094;400
20160122 101200;13.96;14.06;13.96;14.06;200
20160122 101600;14.0599;14.0599;14.0599;14.0599;200
20160122 103300;14.03;14.03;14.03;14.03;100
20160122 104100;14.02;14.0399;13.95;14.02;3124
20160122 104500;13.954;13.957;13.91;13.91;800
20160122 112800;13.8836;13.8836;13.83;13.83;1178
20160122 121600;13.872;13.872;13.872;13.872;800
20160122 123100;13.879;13.879;13.83;13.874;3700
20160122 124000;13.88;13.88;13.87;13.87;200
20160122 125000;13.89;13.89;13.89;13.89;100
20160122 125500;13.9599;13.96;13.95;13.96;900
20160122 131400;14.06;14.06;14.06;14.06;100
20160122 132200;14.007;14.007;14.007;14.007;400
20160122 132300;14.069;14.069;14;14.069;2200
20160122 134700;14.007;14.007;14;14;600
20160122 135500;14.07;14.07;14.07;14.07;100
20160122 140100;14.02;14.02;14.02;14.02;500
20160122 142400;14.06;14.06;14.009;14.009;5500
20160122 142500;14;14.005;13.98;13.98;700
20160122 142600;13.975;13.975;13.951;13.9542;2000
20160122 144000;13.99;13.99;13.99;13.99;100
20160122 144700;13.986;13.986;13.986;13.986;325
20160122 145700;13.99;13.99;13.99;13.99;100
20160122 152800;13.95;13.95;13.95;13.95;100
20160122 153700;13.975;13.982;13.91;13.982;3200
20160122 154100;13.9899;13.9899;13.9899;13.9899;500
20160122 154200;13.9899;13.99;13.98;13.98;1300
20160122 154600;13.99;13.99;13.99;13.99;200
20160122 155100;14;14;14;14;500
20160122 155200;14;14;14;14;890
20160122 155300;14;14;14;14;700
20160122 155800;14.06;14.06;14.06;14.06;100
20160122 160000;14.04;14.04;14.03;14.03;400
20160125 094200;14.0942;14.0942;14.0942;14.0942;400
20160125 100400;14.2;14.2;14.2;14.2;100
20160125 100800;14.2;14.27;14.2;14.27;490
20160125 103400;14.39;14.39;14.39;14.39;100
20160125 103700;14.36;14.36;14.36;14.36;100
20160125 104100;14.37;14.37;14.37;14.37;100
20160125 112300;14.3011;14.3011;14.3011;14.3011;210
20160125 112500;14.361;14.361;14.361;14.361;100
20160125 112700;14.3699;14.3699;14.3699;14.3699;135
20160125 112900;14.281;14.284;14.28;14.28;1100
20160125 113000;14.31;14.31;14.31;14.31;100
20160125 113800;14.31;14.31;14.31;14.31;200
20160125 114600;14.3436;14.3436;14.3436;14.3436;300
20160125 115800;14.35;14.35;14.35;14.35;210
20160125 121300;14.3;14.3;14.3;14.3;200
20160125 121700;14.254;14.254;14.254;14.254;200
20160125 122000;14.27;14.405;14.27;14.3601;400
20160125 122100;14.32;14.32;14.31;14.31;300
20160125 122200;14.42;14.42;14.3901;14.3901;200
20160125 122300;14.35;14.35;14.34;14.34;200
20160125 122400;14.36;14.3695;14.36;14.36;700
20160125 122500;14.42;14.5;14.42;14.5;400
20160125 122600;14.41;14.41;14.37;14.37;700
20160125 122800;14.36;14.3899;14.325;14.3899;500
20160125 122900;14.38;14.45;14.38;14.42;2100
20160125 123000;14.39;14.39;14.39;14.39;300
20160125 123100;14.39;14.45;14.39;14.44;2300
20160125 123200;14.42;14.42;14.33;14.4;600
20160125 123300;14.41;14.46;14.4;14.46;2000
20160125 123500;14.48;14.49;14.48;14.4801;1200
20160125 123600;14.4985;14.4985;14.4985;14.4985;150
20160125 123700;14.4;14.42;14.4;14.42;300
20160125 123800;14.42;14.42;14.41;14.41;800
20160125 123900;14.45;14.45;14.45;14.45;300
20160125 124100;14.46;14.55;14.46;14.55;600
20160125 124300;14.53;14.53;14.53;14.53;520
20160125 130000;14.69;14.69;14.69;14.69;100
20160125 131300;14.57;14.5799;14.54;14.5799;300
20160125 131400;14.59;14.6;14.59;14.59;500
20160125 131500;14.63;14.63;14.63;14.63;100
20160125 132000;14.63;14.63;14.63;14.63;100
20160125 132100;14.675;14.675;14.6201;14.6201;200
20160125 132200;14.62;14.62;14.61;14.61;700
20160125 132300;14.67;14.67;14.6301;14.6301;200
20160125 132400;14.61;14.61;14.61;14.61;100
20160125 132600;14.66;14.66;14.65;14.65;600
20160125 133000;14.62;14.63;14.565;14.63;1100
20160125 133300;14.67;14.67;14.67;14.67;100
20160125 133400;14.66;14.66;14.66;14.66;100
20160125 133600;14.73;14.73;14.66;14.73;1200
20160125 133700;14.67;14.67;14.66;14.66;400
20160125 133800;14.62;14.62;14.6;14.62;700
20160125 134200;14.61;14.6299;14.61;14.62;400
20160125 134300;14.62;14.6601;14.62;14.6601;500
20160125 134600;14.65;14.65;14.65;14.65;100
20160125 135200;14.65;14.65;14.65;14.65;100
20160125 135300;14.64;14.64;14.64;14.64;300
20160125 141500;14.77;14.77;14.77;14.77;100
20160125 151200;14.585;14.585;14.585;14.585;250
20160125 151600;14.6407;14.6407;14.6407;14.6407;1000
20160125 153600;14.6699;14.6699;14.6699;14.6699;1500
20160125 155100;14.57;14.57;14.548;14.548;525
20160125 155600;14.53;14.5533;14.53;14.5533;600
20160125 155700;14.535;14.58;14.535;14.58;500
20160125 160000;14.64;14.64;14.64;14.64;136
20160126 094900;14.5;14.5;14.5;14.5;100
20160126 100200;14.3716;14.3716;14.3716;14.3716;300
20160126 100400;14.45;14.45;14.45;14.45;400
20160126 103300;14.41;14.41;14.4;14.4;440
20160126 103400;14.3;14.3;14.3;14.3;200
20160126 104900;14.27;14.27;14.27;14.27;100
20160126 105000;14.4;14.4;14.4;14.4;100
20160126 105100;14.3301;14.345;14.3301;14.34;300
20160126 122500;14.28;14.29;14.28;14.29;700
20160126 122600;14.39;14.39;14.39;14.39;100
20160126 122700;14.4;14.41;14.3101;14.3101;400
20160126 122900;14.41;14.41;14.3;14.3;200
20160126 123000;14.39;14.39;14.39;14.39;100
20160126 123300;14.41;14.41;14.41;14.41;100
20160126 123400;14.27;14.27;14.27;14.27;200
20160126 123500;14.35;14.35;14.35;14.35;100
20160126 123600;14.2601;14.2601;14.26;14.26;200
20160126 123700;14.34;14.34;14.34;14.34;205
20160126 123800;14.31;14.31;14.3;14.3;200
20160126 123900;14.33;14.45;14.33;14.45;397
20160126 131500;14.3135;14.3135;14.25;14.25;375
20160126 140700;14.36;14.36;14.36;14.36;100
20160126 144600;14.42;14.42;14.42;14.42;200
20160126 150000;14.5599;14.5599;14.5599;14.5599;100
20160126 150800;14.5261;14.5261;14.46;14.47;1300
20160126 151300;14.66;14.66;14.66;14.66;100
20160126 151500;14.5;14.5;14.5;14.5;100
20160126 151600;14.5;14.5;14.5;14.5;100
20160126 155200;14.65;14.65;14.63;14.63;200
20160126 155300;14.625;14.625;14.625;14.625;100
20160126 155400;14.65;14.65;14.65;14.65;100
20160126 155600;14.59;14.59;14.541;14.541;500
20160126 155700;14.64;14.65;14.58;14.645;700
20160126 155900;14.65;14.65;14.65;14.65;100
20160126 160000;14.67;14.71;14.67;14.69;550
20160127 093700;14.41;14.41;14.41;14.41;100
20160127 093900;14.3898;14.3898;14.36;14.36;1100
20160127 095000;14.31;14.31;14.3;14.3;457
20160127 100600;14.28;14.28;14.27;14.27;1275
20160127 100900;14.261;14.261;14.24;14.248;800
20160127 102000;14.2699;14.2699;14.2699;14.2699;200
20160127 102200;14.27;14.27;14.255;14.255;400
20160127 103600;14.33;14.33;14.315;14.315;300
20160127 105700;14.34;14.35;14.34;14.35;300
20160127 113600;14.35;14.35;14.335;14.335;200
20160127 113700;14.35;14.35;14.35;14.35;200
20160127 114100;14.4;14.4;14.39;14.4;500
20160127 114300;14.41;14.41;14.41;14.41;100
20160127 114400;14.41;14.498;14.41;14.498;270
20160127 115900;14.41;14.41;14.41;14.41;100
20160127 120600;14.4;14.4;14.4;14.4;100
20160127 122000;14.39;14.39;14.39;14.39;100
20160127 122500;14.408;14.408;14.39;14.39;1400
20160127 122800;14.4;14.4;14.39;14.39;2291
20160127 122900;14.39;14.41;14.39;14.395;600
20160127 123500;14.39;14.39;14.39;14.39;200
20160127 123700;14.39;14.39;14.39;14.39;100
20160127 123800;14.39;14.39;14.39;14.39;100
20160127 131400;14.39;14.39;14.39;14.39;100
20160127 131500;14.38;14.38;14.38;14.38;100
20160127 131600;14.381;14.381;14.381;14.381;500
20160127 132100;14.38;14.38;14.38;14.38;100
20160127 140500;14.39;14.39;14.39;14.39;200
20160127 141500;14.35;14.35;14.35;14.35;100
20160127 141700;14.3895;14.3999;14.3895;14.3999;700
20160127 141800;14.351;14.351;14.351;14.351;100
20160127 142900;14.38;14.38;14.35;14.365;1000
20160127 143900;14.35;14.35;14.35;14.35;100
20160127 144000;14.35;14.35;14.35;14.35;100
20160127 144100;14.34;14.34;14.34;14.34;200
20160127 144900;14.35;14.36;14.345;14.345;900
20160127 145200;14.37;14.377;14.37;14.377;200
20160127 152500;14.39;14.39;14.38;14.39;585
20160127 152900;14.4;14.4;14.4;14.4;100
20160127 153500;14.42;14.42;14.42;14.42;200
20160127 153600;14.41;14.41;14.41;14.41;100
20160127 153700;14.41;14.4375;14.41;14.4375;500
20160127 153800;14.41;14.41;14.41;14.41;100
20160127 154000;14.4;14.4;14.4;14.4;100
20160127 154200;14.4;14.41;14.4;14.41;200
20160127 154300;14.41;14.41;14.41;14.41;100
20160127 154400;14.37;14.37;14.37;14.37;100
20160127 154800;14.4;14.4;14.4;14.4;100
20160127 155000;14.46;14.54;14.46;14.54;696
20160127 160000;14.52;14.52;14.41;14.41;357
20160128 104900;14.35;14.35;14.35;14.35;100
20160128 105000;14.35;14.35;14.282;14.282;200
20160128 105500;14.27;14.33;14.27;14.3;300
20160128 105600;14.26;14.26;14.26;14.26;200
20160128 111200;14.31;14.32;14.31;14.32;200
20160128 111600;14.35;14.35;14.35;14.35;200
20160128 111700;14.213;14.213;14.213;14.213;1000
20160128 112400;14.37;14.37;14.37;14.37;100
20160128 115600;14.3035;14.3035;14.3035;14.3035;100
20160128 120400;14.35;14.35;14.35;14.35;400
20160128 123000;14.3595;14.3595;14.3595;14.3595;359
20160128 123200;14.36;14.36;14.35;14.35;300
20160128 124300;14.36;14.36;14.36;14.36;200
20160128 132000;14.35;14.35;14.35;14.35;300
20160128 132600;14.26;14.26;14.26;14.26;100
20160128 135200;14.3199;14.3199;14.3199;14.3199;250
20160128 141000;14.28;14.28;14.28;14.28;100
20160128 141500;14.29;14.29;14.2872;14.2872;1700
20160128 142700;14.25;14.25;14.25;14.25;100
20160128 145000;14.25;14.25;14.25;14.25;200
20160128 150400;14.25;14.25;14.25;14.25;100
20160128 151300;14.25;14.25;14.25;14.25;100
20160128 153000;14.26;14.26;14.26;14.26;100
20160128 155400;14.26;14.26;14.26;14.26;100
20160128 155600;14.25;14.25;14.25;14.25;100
20160128 160000;14.26;14.26;14.26;14.26;200
20160128 160800;14.291;14.291;14.291;14.291;1000
20160129 094200;14.26;14.26;14.26;14.26;200
20160129 094300;14.32;14.33;14.32;14.33;500
20160129 094600;14.45;14.45;14.45;14.45;200
20160129 094900;14.45;14.45;14.45;14.45;100
20160129 095100;14.6;14.75;14.6;14.75;2000
20160129 095300;14.7;14.7;14.7;14.7;300
20160129 095500;14.61;14.61;14.61;14.61;200
20160129 095700;14.6501;14.6501;14.65;14.65;750
20160129 100100;14.66;14.66;14.66;14.66;100
20160129 100300;14.56;14.56;14.55;14.55;200
20160129 102300;14.57;14.57;14.57;14.57;100
20160129 103400;14.44;14.44;14.44;14.44;400
20160129 104600;14.49;14.49;14.49;14.49;100
20160129 105200;14.55;14.55;14.53;14.53;400
20160129 105600;14.52;14.52;14.52;14.52;200
20160129 105900;14.52;14.52;14.52;14.52;100
20160129 110000;14.48;14.48;14.48;14.48;100
20160129 111200;14.48;14.48;14.48;14.48;100
20160129 111300;14.5;14.5;14.5;14.5;300
20160129 113300;14.5;14.5;14.5;14.5;200
20160129 114300;14.5;14.518;14.5;14.518;800
20160129 114700;14.581;14.581;14.581;14.581;150
20160129 115800;14.53;14.55;14.53;14.54;500
20160129 115900;14.56;14.56;14.56;14.56;100
20160129 120000;14.59;14.6;14.59;14.6;200
20160129 120300;14.6;14.6;14.6;14.6;100
20160129 120400;14.6;14.6;14.6;14.6;100
20160129 120500;14.6;14.6;14.6;14.6;100
20160129 121700;14.6;14.6;14.6;14.6;100
20160129 124400;14.693;14.693;14.693;14.693;500
20160129 124800;14.699;14.699;14.699;14.699;800
20160129 125100;14.6627;14.6672;14.6627;14.6672;1000
20160129 125400;14.69;14.69;14.69;14.69;200
20160129 131400;14.707;14.74;14.707;14.74;600
20160129 133300;14.73;14.73;14.73;14.73;100
20160129 133600;14.64;14.64;14.63;14.63;200
20160129 134800;14.69;14.69;14.69;14.69;600
20160129 135100;14.68;14.68;14.68;14.68;300
20160129 135600;14.74;14.74;14.74;14.74;100
20160129 140300;14.7;14.7;14.7;14.7;100
20160129 141200;14.69;14.69;14.69;14.69;200
20160129 141400;14.75;14.75;14.75;14.75;800
20160129 143000;14.85;14.85;14.85;14.85;100
20160129 143100;14.85;14.85;14.85;14.85;100
20160129 143200;14.81;14.85;14.81;14.85;400
20160129 143500;14.81;14.81;14.81;14.81;100
20160129 143800;14.8101;14.8101;14.8101;14.8101;500
20160129 144000;14.81;14.81;14.81;14.81;131
20160129 144400;14.7823;14.7823;14.7823;14.7823;500
20160129 144500;14.7848;14.7848;14.7848;14.7848;500
20160129 145100;14.8;14.8;14.8;14.8;300
20160129 145300;14.8324;14.8324;14.8324;14.8324;300
20160129 145400;14.85;14.85;14.85;14.85;100
20160129 145800;14.84;14.84;14.84;14.84;100
20160129 150000;14.77;14.778;14.77;14.777;1300
20160129 150600;14.82;14.82;14.82;14.82;100
20160129 151000;14.77;14.77;14.77;14.77;100
20160129 151400;14.82;14.82;14.82;14.82;100
20160129 151800;14.785;14.785;14.785;14.785;100
20160129 152200;14.82;14.82;14.82;14.82;100
20160129 152400;14.84;14.84;14.84;14.84;200
20160129 153400;14.85;14.85;14.85;14.85;200
20160129 153700;14.9;14.9;14.9;14.9;100
20160129 153900;14.99;14.99;14.99;14.99;100
20160129 154100;14.97;14.97;14.97;14.97;100
20160129 154200;14.9101;14.9101;14.9101;14.9101;200
20160129 154400;14.95;14.95;14.95;14.95;100
20160129 154500;14.95;14.95;14.95;14.95;100
20160129 154700;14.924;14.927;14.904;14.927;800
20160129 155300;14.9445;14.9445;14.9445;14.9445;500
20160129 155600;14.922;14.958;14.914;14.958;1384
20160129 160000;14.93;14.9311;14.89;14.89;630
20160129 173200;14.75;14.75;14.75;14.75;1000
20160201 100100;14.63;14.63;14.63;14.63;100
20160201 100200;14.5601;14.5601;14.5601;14.5601;100
20160201 100300;14.55;14.55;14.55;14.55;100
20160201 105700;14.582;14.582;14.582;14.582;650
20160201 112400;14.605;14.65;14.605;14.65;300
20160201 113700;14.65;14.65;14.605;14.605;300
20160201 115900;14.605;14.75;14.605;14.75;3226
20160201 122300;14.8499;14.8499;14.8499;14.8499;1500
20160201 131200;14.67;14.67;14.67;14.67;100
20160201 145600;14.79;14.79;14.79;14.79;100
20160201 152700;14.78;14.78;14.78;14.78;100
20160201 152900;14.86;14.86;14.86;14.86;100
20160201 154400;14.99;14.99;14.99;14.99;600
20160201 155400;14.95;14.95;14.95;14.95;200
20160201 155700;14.9558;14.9558;14.9558;14.9558;1000
20160201 155900;14.96;14.96;14.96;14.96;100
20160201 160000;14.9;14.9;14.9;14.9;100
20160202 093700;14.9;14.9;14.9;14.9;270
20160202 102100;14.77;14.77;14.74;14.74;400
20160202 102400;14.7499;14.7499;14.7499;14.7499;217
20160202 102700;14.65;14.65;14.64;14.65;800
20160202 105300;14.751;14.758;14.694;14.703;1200
20160202 111600;14.84;14.85;14.84;14.85;233
20160202 112000;14.89;14.89;14.89;14.89;100
20160202 113100;14.936;14.936;14.936;14.936;650
20160202 114600;14.95;14.95;14.95;14.95;100
20160202 120400;14.95;14.95;14.9499;14.9499;600
20160202 120600;14.99;14.99;14.95;14.95;300
20160202 120900;14.99;15;14.99;14.99;1400
20160202 121600;14.97;14.97;14.97;14.97;200
20160202 122200;15;15;15;15;2295
20160202 123100;14.985;14.985;14.985;14.985;100
20160202 123200;14.97;14.973;14.97;14.97;895
20160202 123700;14.998;15;14.994;15;2200
20160202 123800;15;15;14.9995;14.9995;1100
20160202 125200;15;15;15;15;300
20160202 125700;15;15;15;15;100
20160202 130100;15;15;15;15;100
20160202 130300;14.97;14.97;14.97;14.97;100
20160202 130700;14.99;14.99;14.99;14.99;300
20160202 130800;14.98;14.98;14.98;14.98;100
20160202 131100;14.99;15;14.95;14.955;700
20160202 133000;14.96;14.96;14.96;14.96;100
20160202 133500;15;15;15;15;200
20160202 134200;14.99;14.99;14.99;14.99;500
20160202 142000;14.95;14.95;14.95;14.95;100
20160202 144500;15;15;15;15;100
20160202 144700;14.96;14.96;14.96;14.96;100
20160202 145500;14.96;14.96;14.96;14.96;100
20160202 154400;14.95;14.95;14.95;14.95;100
20160202 155300;14.92;14.92;14.92;14.92;100
20160202 155800;14.96;14.96;14.96;14.96;100
20160202 155900;14.96;14.96;14.96;14.96;100
20160202 160000;14.96;14.96;14.96;14.96;100
20160203 104100;14.8755;14.8755;14.8755;14.8755;178
20160203 104700;14.9491;14.9491;14.9491;14.9491;1000
20160203 114100;14.95;14.95;14.95;14.95;200
20160203 133300;14.949;14.949;14.942;14.942;1000
20160203 141800;14.9499;14.95;14.9499;14.95;1420
20160203 143300;14.95;14.95;14.95;14.95;200
20160203 143600;14.9;14.9;14.9;14.9;100
20160203 145000;14.9001;14.9001;14.9001;14.9001;173
20160203 145400;14.925;14.925;14.925;14.925;100
20160203 151300;14.94;14.94;14.94;14.94;100
20160203 151600;14.9499;14.95;14.9499;14.95;1378
20160203 151700;14.91;14.91;14.91;14.91;100
20160203 152400;14.94;15.11;14.94;15.11;3265
20160203 152500;15.1;15.1;15.1;15.1;100
20160203 152700;15.02;15.02;15.02;15.02;100
20160203 153400;15;15;14.95;14.95;11900
20160203 154700;15.02;15.02;15.02;15.02;100
20160203 155000;15.0419;15.0419;15;15;685
20160203 155300;14.98;15.05;14.98;14.99;2300
20160203 155800;15.02;15.02;15.02;15.02;100
20160203 155900;15;15;15;15;100
20160203 160000;14.97;15.05;14.97;15.05;305
20160203 160300;15;15;15;15;51
20160204 095300;15.05;15.05;14.94;14.965;800
20160204 095600;15.05;15.05;15.05;15.05;300
20160204 100100;15.05;15.05;15.05;15.05;200
20160204 100500;15.05;15.05;15.05;15.05;200
20160204 100700;15.05;15.05;15.045;15.045;600
20160204 101000;15.15;15.15;15.15;15.15;100
20160204 103000;15.2022;15.2022;15.2022;15.2022;1000
20160204 103100;15.22;15.22;15.22;15.22;1200
20160204 103300;15.2293;15.2293;15.2293;15.2293;2000
20160204 104600;15.15;15.15;15.15;15.15;100
20160204 105400;15.15;15.1653;15.15;15.1653;300
20160204 105900;15.16;15.16;15.16;15.16;100
20160204 110200;15.2;15.2;15.15;15.15;800
20160204 111200;15.1;15.1;15.1;15.1;100
20160204 111600;15.15;15.15;15.15;15.15;100
20160204 112100;15.13;15.13;15.13;15.13;200
20160204 112600;15.07;15.13;15.07;15.07;400
20160204 113100;15.09;15.1;15.06;15.06;300
20160204 113600;15.1;15.1;15.08;15.1;300
20160204 113700;15.09;15.09;15.09;15.09;100
20160204 114600;15.15;15.15;15.15;15.15;200
20160204 115200;15.17;15.17;15.15;15.158;3700
20160204 115300;15.15;15.15;15.15;15.15;100
20160204 121300;15.16;15.16;15.16;15.16;100
20160204 121700;15.15;15.15;15.15;15.15;100
20160204 121900;15.15;15.15;15.15;15.15;100
20160204 124400;15.15;15.15;15.15;15.15;100
20160204 124800;15.15;15.15;15.01;15.01;500
20160204 131300;15.08;15.09;15.01;15.01;300
20160204 131500;15.02;15.02;15.02;15.02;100
20160204 131800;15.07;15.07;15.07;15.07;100
20160204 131900;14.935;14.935;14.935;14.935;100
20160204 132300;15.07;15.15;15.07;15.15;200
20160204 132800;15.15;15.15;15.15;15.15;200
20160204 134300;15.15;15.15;15.15;15.15;100
20160204 140500;15.19;15.19;15.19;15.19;100
20160204 140600;15.15;15.15;15.15;15.15;200
20160204 141200;15.15;15.15;15.15;15.15;100
20160204 143100;15.15;15.15;15.15;15.15;100
20160204 143800;15.1565;15.1565;15.15;15.15;1100
20160204 143900;15.15;15.15;15.15;15.15;200
20160204 144600;15.15;15.15;15.15;15.15;100
20160204 145100;15.15;15.165;15.15;15.15;600
20160204 150100;15.165;15.165;15.165;15.165;100
20160204 150200;15.13;15.13;15.13;15.13;100
20160204 150400;15.15;15.15;15.15;15.15;9600
20160204 151500;15.12;15.12;15.12;15.12;100
20160204 152000;15.12;15.12;15.1;15.1;200
20160204 153000;15.08;15.08;15.08;15.08;100
20160204 153300;15.082;15.082;15.082;15.082;100
20160204 153400;15.08;15.08;15.08;15.08;100
20160204 154100;15.07;15.07;15.07;15.07;100
20160204 154200;15.06;15.06;15.06;15.06;100
20160204 154500;15.07;15.07;15.07;15.07;100
20160204 155000;15.06;15.06;15.06;15.06;100
20160204 155500;15.04;15.04;15.04;15.04;100
20160204 155600;15.043;15.043;15.043;15.043;500
20160204 155800;15.04;15.04;15.04;15.04;100
20160204 155900;15.01;15.01;15.01;15.01;100
20160204 160000;15;15.01;15;15.0002;500
20160205 094900;15.11;15.11;15.11;15.11;100
20160205 095100;15.12;15.12;15.12;15.12;100
20160205 095300;15.115;15.12;15.115;15.12;600
20160205 095600;15.12;15.12;15.12;15.12;400
20160205 101400;15.18;15.18;15.17;15.17;800
20160205 102800;15.17;15.17;15.17;15.17;200
20160205 103800;15.151;15.156;15.151;15.156;1000
20160205 104300;15.15;15.15;15.15;15.15;100
20160205 104500;15.15;15.15;15.15;15.15;400
20160205 104900;15.13;15.13;15.13;15.13;100
20160205 105200;15.11;15.11;15.11;15.11;100
20160205 105400;15.15;15.15;15.15;15.15;100
20160205 105900;15.16;15.16;15.15;15.15;500
20160205 110400;15.15;15.15;15.15;15.15;200
20160205 110800;15.15;15.15;15.11;15.11;200
20160205 110900;15.15;15.15;15.15;15.15;100
20160205 111400;15.12;15.14;15.12;15.14;200
20160205 111900;15.14;15.14;15.14;15.14;100
20160205 112100;15.11;15.11;15.11;15.11;1100
20160205 112300;15.11;15.11;15.11;15.11;200
20160205 112600;15.1;15.1;15.1;15.1;2700
20160205 112800;15.14;15.14;15.14;15.14;100
20160205 112900;15.14;15.14;15.14;15.14;100
20160205 113400;15.15;15.15;15.14;15.15;600
20160205 114300;15.1;15.1;15.1;15.1;100
20160205 115400;15.15;15.15;15.15;15.15;300
20160205 120000;15.1245;15.1245;15.1245;15.1245;1500
20160205 120100;15.1001;15.1001;15.1001;15.1001;2000
20160205 120900;15.14;15.14;15.14;15.14;100
20160205 121400;15.14;15.14;15.14;15.14;100
20160205 121800;15.15;15.15;15.15;15.15;300
20160205 121900;15.14;15.14;15.14;15.14;300
20160205 122000;15.14;15.14;15.14;15.14;400
20160205 122100;15.14;15.14;15.14;15.14;100
20160205 122400;15.13;15.13;15.13;15.13;100
20160205 122900;15.13;15.13;15.13;15.13;800
20160205 125200;15.1;15.1;15.1;15.1;1250
20160205 125300;15.09;15.09;15.09;15.09;300
20160205 130700;15.03;15.03;15.03;15.03;100
20160205 130900;15.03;15.04;15.03;15.04;1500
20160205 131100;15.03;15.03;15.03;15.03;100
20160205 132200;15.03;15.03;15.03;15.03;100
20160205 132500;15.03;15.03;15.03;15.03;100
20160205 133900;15.035;15.035;15.035;15.035;100
20160205 134400;15.04;15.04;15.04;15.04;100
20160205 134900;15.04;15.04;15.04;15.04;100
20160205 135400;15.06;15.06;15.06;15.06;100
20160205 135900;15.06;15.06;15.06;15.06;200
20160205 140400;15.06;15.06;15.06;15.06;100
20160205 140900;15.06;15.06;15.06;15.06;100
20160205 141400;15.09;15.09;15.09;15.09;100
20160205 141900;15.09;15.09;15.09;15.09;100
20160205 142300;15.06;15.06;15.06;15.06;100
20160205 142900;15.13;15.13;15.13;15.13;200
20160205 143400;15.15;15.15;15.15;15.15;100
20160205 143900;15.15;15.15;15.15;15.15;200
20160205 144400;15.11;15.11;15.06;15.06;200
20160205 144700;15.06;15.06;15.06;15.06;100
20160205 145400;15.12;15.12;15.12;15.12;200
20160205 145900;15.15;15.15;15.12;15.12;300
20160205 150200;15.13;15.13;15.13;15.13;100
20160205 150400;15.15;15.15;15.15;15.15;200
20160205 151400;15.15;15.15;15.15;15.15;200
20160205 151900;15.15;15.15;15.15;15.15;100
20160205 153800;15.2;15.2;15.2;15.2;100
20160205 154300;15.2;15.2;15.18;15.19;800
20160205 154600;15.19;15.19;15.175;15.175;900
20160205 154900;15.17;15.17;15.17;15.17;100
20160205 155000;15.17;15.17;15.17;15.17;100
20160205 155100;15.17;15.17;15.17;15.17;200
20160205 155300;15.15;15.15;15.15;15.15;100
20160205 160000;15.16;15.16;15.15;15.15;592
