20160119 094100;12.99;12.99;12.99;12.99;100
20160119 094400;12.874;12.8742;12.874;12.8742;450
20160119 095300;12.92;12.92;12.87;12.904;1400
20160119 095600;12.94;12.94;12.94;12.94;200
20160119 095900;12.96;12.96;12.96;12.96;200
20160119 100000;12.96;12.96;12.96;12.96;299
20160119 100400;12.95;12.95;12.95;12.95;140
20160119 101000;12.9405;12.9405;12.9405;12.9405;440
20160119 101400;12.95;12.95;12.95;12.95;100
20160119 101500;12.95;12.95;12.95;12.95;100
20160119 101700;12.94;12.94;12.94;12.94;464
20160119 102600;12.945;12.945;12.945;12.945;336
20160119 102900;12.95;12.95;12.95;12.95;560
20160119 103600;12.95;12.99;12.87;12.87;1998
20160119 103900;12.9399;12.9399;12.9399;12.9399;500
20160119 104200;12.9299;12.9299;12.9299;12.9299;1100
20160119 104800;12.8703;12.8703;12.8703;12.8703;100
20160119 112500;12.84;12.84;12.84;12.84;103
20160119 120800;12.86;12.88;12.86;12.88;600
20160119 121100;12.854;12.854;12.854;12.854;500
20160119 121700;12.8676;12.8676;12.8676;12.8676;1975
20160119 123700;12.8201;12.8201;12.8201;12.8201;1000
20160119 124700;12.82;12.82;12.82;12.82;100
20160119 125200;12.7731;12.7731;12.7731;12.7731;500
20160119 125700;12.7701;12.7701;12.77;12.77;600
20160119 125800;12.7715;12.7801;12.77;12.7701;1200
20160119 131200;12.77;12.85;12.77;12.85;200
20160119 131700;12.77;12.7701;12.77;12.7701;300
20160119 133400;12.7766;12.7766;12.7766;12.7766;252
20160119 135900;12.7981;12.7981;12.7981;12.7981;2000
20160119 140400;12.77;12.77;12.75;12.75;400
20160119 140700;12.7674;12.7674;12.7674;12.7674;550
20160119 140900;12.7684;12.7684;12.7684;12.7684;550
20160119 141000;12.77;12.77;12.77;12.77;100
20160119 142000;12.75;12.75;12.71;12.72;1543
20160119 143200;12.71;12.71;12.71;12.71;300
20160119 143300;12.71;12.71;12.71;12.71;100
20160119 143500;12.729;12.729;12.729;12.729;950
20160119 143700;12.729;12.729;12.729;12.729;950
20160119 145000;12.69;12.69;12.68;12.68;200
20160119 145400;12.68;12.68;12.68;12.68;100
20160119 150300;12.69;12.69;12.67;12.67;748
20160119 151800;12.68;12.68;12.68;12.68;100
20160119 153100;12.72;12.73;12.72;12.73;200
20160119 153500;12.69;12.69;12.69;12.69;100
20160119 154400;12.69;12.69;12.69;12.69;100
20160119 154500;12.73;12.73;12.73;12.73;200
20160119 154600;12.69;12.69;12.69;12.69;100
20160119 155300;12.7297;12.7297;12.7297;12.7297;3508
20160119 155400;12.7;12.7;12.69;12.69;200
20160119 155700;12.71;12.78;12.71;12.78;1800
20160119 155900;12.765;12.78;12.765;12.7775;533
20160119 160000;12.8;12.8;12.8;12.8;100
20160120 093200;12.6756;12.6756;12.6756;12.6756;381
20160120 093500;12.64;12.65;12.64;12.65;280
20160120 093800;12.6955;12.6955;12.6955;12.6955;1975
20160120 093900;12.65;12.65;12.64;12.64;1800
20160120 094000;12.64;12.64;12.64;12.64;560
20160120 094200;12.64;12.64;12.5703;12.5703;1333
20160120 094500;12.6;12.6;12.5;12.5042;4045
20160120 094600;12.52;12.52;12.52;12.52;500
20160120 094700;12.52;12.53;12.52;12.53;300
20160120 094900;12.5;12.5;12.5;12.5;100
20160120 095000;12.52;12.52;12.52;12.52;100
20160120 095100;12.51;12.51;12.51;12.51;200
20160120 095200;12.52;12.52;12.52;12.52;100
20160120 095300;12.5496;12.5496;12.5;12.5496;1400
20160120 095400;12.5;12.5;12.5;12.5;200
20160120 095500;12.49;12.49;12.47;12.49;400
20160120 095900;12.46;12.46;12.45;12.45;4063
20160120 100400;12.45;12.45;12.45;12.45;100
20160120 100500;12.44;12.44;12.42;12.42;200
20160120 100600;12.42;12.42;12.42;12.42;700
20160120 100700;12.448;12.448;12.42;12.42;800
20160120 101100;12.42;12.42;12.42;12.42;100
20160120 101200;12.42;12.42;12.42;12.42;100
20160120 101400;12.42;12.42;12.42;12.42;400
20160120 101500;12.4;12.4;12.4;12.4;300
20160120 101600;12.4;12.4;12.4;12.4;200
20160120 101800;12.4;12.4;12.4;12.4;200
20160120 102100;12.4;12.4;12.39;12.39;1000
20160120 102700;12.39;12.39;12.39;12.39;4037
20160120 103100;12.38;12.38;12.38;12.38;200
20160120 103400;12.36;12.36;12.36;12.36;400
20160120 103600;12.36;12.36;12.36;12.36;100
20160120 103800;12.33;12.372;12.33;12.372;4400
20160120 104500;12.34;12.34;12.34;12.34;100
20160120 104600;12.34;12.34;12.34;12.34;200
20160120 105000;12.33;12.33;12.33;12.33;100
20160120 105100;12.33;12.33;12.3;12.3;4700
20160120 105300;12.3;12.3;12.3;12.3;200
20160120 105400;12.3;12.3;12.3;12.3;200
20160120 105600;12.28;12.28;12.28;12.28;100
20160120 105700;12.28;12.2801;12.28;12.28;2200
20160120 105900;12.28;12.28;12.28;12.28;618
20160120 110100;12.28;12.28;12.28;12.28;400
20160120 110200;12.28;12.2801;12.28;12.2801;2350
20160120 110300;12.29;12.29;12.28;12.28;200
20160120 110500;12.28;12.28;12.28;12.28;400
20160120 110900;12.26;12.34;12.26;12.2601;472
20160120 111100;12.25;12.25;12.25;12.25;100
20160120 111200;12.25;12.25;12.25;12.25;300
20160120 111400;12.25;12.2699;12.25;12.2699;1980
20160120 111500;12.254;12.255;12.2;12.2;3080
20160120 111800;12.242;12.242;12.242;12.242;300
20160120 111900;12.2;12.2;12.2;12.2;100
20160120 112300;12.2;12.2;12.2;12.2;100
20160120 112700;12.24;12.28;12.2399;12.24;3070
20160120 112800;12.2;12.2;12.2;12.2;100
20160120 112900;12.24;12.24;12.24;12.24;100
20160120 113500;12.21;12.21;12.21;12.21;100
20160120 113800;12.24;12.24;12.24;12.24;100
20160120 114200;12.22;12.22;12.22;12.22;100
20160120 115000;12.22;12.24;12.22;12.24;200
20160120 115100;12.22;12.22;12.22;12.22;100
20160120 115800;12.22;12.22;12.22;12.22;100
20160120 120500;12.2246;12.2246;12.2246;12.2246;500
20160120 120600;12.2318;12.2318;12.22;12.22;2170
20160120 120700;12.22;12.22;12.21;12.21;300
20160120 120800;12.225;12.225;12.21;12.21;200
20160120 121500;12.22;12.22;12.22;12.22;200
20160120 122300;12.222;12.222;12.222;12.222;575
20160120 122400;12.21;12.21;12.21;12.21;600
20160120 122700;12.2;12.2;12.2;12.2;100
20160120 122800;12.16;12.16;12.16;12.16;300
20160120 123100;12.19;12.24;12.19;12.24;2044
20160120 123300;12.17;12.17;12.16;12.16;500
20160120 123500;12.16;12.16;12.15;12.15;802
20160120 123800;12.2199;12.2199;12.15;12.15;351
20160120 124300;12.15;12.15;12.15;12.15;600
20160120 124400;12.2099;12.2099;12.2099;12.2099;251
20160120 125000;12.2099;12.2099;12.18;12.18;1851
20160120 125800;12.18;12.18;12.18;12.18;600
20160120 131200;12.2099;12.2099;12.2;12.2099;400
20160120 131800;12.194;12.194;12.194;12.194;1149
20160120 132200;12.2085;12.209;12.2085;12.209;820
20160120 133100;12.206;12.206;12.206;12.206;100
20160120 133500;12.1932;12.1932;12.1932;12.1932;500
20160120 134100;12.198;12.198;12.198;12.198;125
20160120 134500;12.21;12.21;12.21;12.21;200
20160120 134600;12.21;12.21;12.21;12.21;100
20160120 134700;12.239;12.24;12.239;12.24;900
20160120 135100;12.25;12.25;12.25;12.25;200
20160120 135200;12.25;12.25;12.25;12.25;300
20160120 135600;12.28;12.28;12.28;12.28;200
20160120 135800;12.29;12.29;12.28;12.28;300
20160120 135900;12.3;12.3;12.3;12.3;500
20160120 140300;12.3699;12.3699;12.3699;12.3699;815
20160120 140800;12.3;12.3;12.3;12.3;200
20160120 141100;12.3358;12.3358;12.3358;12.3358;175
20160120 141400;12.345;12.372;12.345;12.372;500
20160120 143300;12.39;12.39;12.3899;12.3899;780
20160120 145400;12.3542;12.3542;12.3542;12.3542;670
20160120 145600;12.39;12.39;12.39;12.39;190
20160120 150600;12.39;12.4;12.39;12.39;2901
20160120 151000;12.4;12.4;12.4;12.4;913
20160120 151200;12.47;12.47;12.47;12.47;100
20160120 151300;12.47;12.47;12.47;12.47;100
20160120 151400;12.47;12.47;12.47;12.47;100
20160120 151500;12.47;12.47;12.47;12.47;100
20160120 151600;12.469;12.469;12.469;12.469;100
20160120 151700;12.47;12.53;12.441;12.53;1005
20160120 151800;12.528;12.528;12.528;12.528;100
20160120 151900;12.53;12.53;12.53;12.53;100
20160120 152000;12.578;12.578;12.578;12.578;100
20160120 152100;12.58;12.58;12.58;12.58;100
20160120 152200;12.58;12.58;12.58;12.58;100
20160120 152300;12.578;12.58;12.578;12.58;300
20160120 152400;12.58;12.58;12.58;12.58;100
20160120 152500;12.579;12.579;12.579;12.579;100
20160120 152600;12.58;12.58;12.58;12.58;100
20160120 152700;12.59;12.6;12.5877;12.6;500
20160120 152800;12.6;12.6;12.6;12.6;100
20160120 152900;12.6;12.6;12.6;12.6;100
20160120 153000;12.58;12.58;12.58;12.58;100
20160120 153100;12.59;12.59;12.59;12.59;200
20160120 153200;12.59;12.59;12.59;12.59;200
20160120 153300;12.58;12.68;12.58;12.68;6274
20160120 153500;12.63;12.63;12.63;12.63;100
20160120 153600;12.61;12.61;12.56;12.6;4900
20160120 153700;12.6;12.6;12.6;12.6;100
20160120 153800;12.6299;12.63;12.6299;12.63;898
20160120 153900;12.61;12.61;12.61;12.61;100
20160120 154000;12.63;12.64;12.63;12.64;200
20160120 154100;12.64;12.64;12.64;12.64;200
20160120 154200;12.615;12.64;12.6;12.6;300
20160120 154300;12.62;12.62;12.6;12.6;400
20160120 154500;12.63;12.63;12.63;12.63;200
20160120 154600;12.61;12.61;12.59;12.59;300
20160120 154700;12.6;12.6;12.6;12.6;200
20160120 154800;12.6;12.6;12.6;12.6;200
20160120 154900;12.6;12.6;12.6;12.6;300
20160120 155000;12.6;12.6;12.6;12.6;200
20160120 155100;12.6;12.6;12.6;12.6;300
20160120 155200;12.6;12.6;12.6;12.6;300
20160120 155300;12.6;12.6;12.6;12.6;300
20160120 155400;12.6;12.6;12.6;12.6;200
20160120 155500;12.6;12.6;12.6;12.6;300
20160120 155600;12.6;12.6;12.6;12.6;900
20160120 155700;12.6;12.63;12.58;12.63;900
20160120 155800;12.63;12.63;12.628;12.63;600
20160120 155900;12.63;12.63;12.62;12.62;600
20160120 160000;12.63;12.65;12.63;12.64;2400
20160121 093600;12.69;12.69;12.69;12.69;3019
20160121 094300;12.69;12.69;12.69;12.69;200
20160121 094400;12.69;12.69;12.69;12.69;100
20160121 094500;12.69;12.69;12.69;12.69;300
20160121 094600;12.69;12.69;12.69;12.69;1500
20160121 094700;12.61;12.61;12.61;12.61;100
20160121 094800;12.68;12.69;12.61;12.61;1800
20160121 095000;12.6;12.6;12.6;12.6;100
20160121 095200;12.61;12.61;12.61;12.61;100
20160121 095600;12.61;12.61;12.61;12.61;100
20160121 095800;12.6;12.6;12.6;12.6;100
20160121 100100;12.609;12.609;12.609;12.609;300
20160121 100200;12.61;12.61;12.61;12.61;100
20160121 100500;12.6613;12.6613;12.6613;12.6613;100
20160121 100700;12.62;12.62;12.62;12.62;100
20160121 101200;12.6889;12.6889;12.655;12.6883;400
20160121 101400;12.62;12.62;12.62;12.62;100
20160121 101500;12.68;12.69;12.68;12.69;600
20160121 101600;12.74;12.74;12.74;12.74;100
20160121 102300;12.7624;12.7624;12.7624;12.7624;1900
20160121 102600;12.69;12.69;12.69;12.69;988
20160121 111100;12.7301;12.7301;12.7301;12.7301;500
20160121 111700;12.8;12.8;12.8;12.8;500
20160121 114300;12.71;12.71;12.71;12.71;200
20160121 121100;12.87;12.87;12.87;12.87;100
20160121 121200;12.87;12.87;12.87;12.87;100
20160121 121300;12.81;12.81;12.81;12.81;100
20160121 121400;12.81;12.81;12.81;12.81;100
20160121 122900;12.86;12.86;12.86;12.86;100
20160121 123500;12.84;12.84;12.84;12.84;200
20160121 124900;12.82;12.82;12.82;12.82;100
20160121 125200;12.82;12.82;12.82;12.82;200
20160121 125500;12.83;12.83;12.82;12.82;200
20160121 131100;12.83;12.83;12.83;12.83;300
20160121 132200;12.82;12.825;12.82;12.825;200
20160121 132300;12.82;12.82;12.8;12.8;600
20160121 132400;12.8;12.8;12.8;12.8;100
20160121 132600;12.8;12.8;12.8;12.8;100
20160121 133100;12.8;12.8;12.8;12.8;400
20160121 133400;12.8;12.8;12.8;12.8;100
20160121 133500;12.8;12.8;12.8;12.8;2500
20160121 133900;12.755;12.7899;12.755;12.7899;400
20160121 135000;12.79;12.86;12.76;12.785;2600
20160121 135600;12.8;12.8;12.8;12.8;100
20160121 135800;12.794;12.794;12.784;12.7907;3742
20160121 135900;12.8;12.8;12.8;12.8;100
20160121 140300;12.8;12.8;12.8;12.8;110
20160121 141400;12.78;12.78;12.76;12.76;400
20160121 141700;12.76;12.77;12.76;12.77;300
20160121 142200;12.77;12.77;12.76;12.76;800
20160121 142800;12.76;12.76;12.76;12.76;100
20160121 143000;12.76;12.7957;12.76;12.7957;500
20160121 143200;12.78;12.78;12.77;12.77;300
20160121 143800;12.78;12.78;12.78;12.78;100
20160121 143900;12.77;12.77;12.77;12.77;100
20160121 144700;12.8;12.805;12.8;12.8;400
20160121 144900;12.81;12.81;12.81;12.81;1500
20160121 145700;12.82;12.82;12.82;12.82;100
20160121 150500;12.82;12.82;12.76;12.76;1300
20160121 151800;12.77;12.77;12.77;12.77;100
20160121 151900;12.76;12.77;12.76;12.76;500
20160121 152900;12.784;12.7842;12.784;12.7842;500
20160121 153000;12.78;12.78;12.78;12.78;100
20160121 153300;12.8352;12.8352;12.8352;12.8352;300
20160121 153700;12.78;12.78;12.78;12.78;100
20160121 153900;12.787;12.787;12.787;12.787;200
20160121 154000;12.815;12.815;12.76;12.802;9042
20160121 154400;12.73;12.73;12.725;12.725;765
20160121 154800;12.8;12.88;12.7999;12.88;505
20160121 154900;12.795;12.795;12.795;12.795;1300
20160121 155000;12.78;12.78;12.78;12.78;100
20160121 155100;12.81;12.81;12.79;12.81;1700
20160121 155200;12.79;12.79;12.79;12.79;600
20160121 155300;12.79;12.81;12.79;12.79;944
20160121 155600;12.8;12.8711;12.8;12.8;885
20160121 155700;12.83;12.83;12.805;12.805;800
20160121 155800;12.795;12.795;12.795;12.795;200
20160121 160000;12.85;12.85;12.795;12.83;1782
20160122 095800;12.91;12.98;12.91;12.98;400
20160122 095900;12.964;12.964;12.964;12.964;100
20160122 100000;12.99;13;12.99;13;620
20160122 100100;13.01;13.01;13.01;13.01;100
20160122 100600;13;13;13;13;300
20160122 101000;13.06;13.06;13.06;13.06;100
20160122 101200;13.01;13.068;13.01;13.068;200
20160122 101300;13.01;13.01;13.01;13.01;100
20160122 101600;13.06;13.06;13.06;13.06;100
20160122 101700;13.035;13.035;13.035;13.035;100
20160122 101800;13;13.045;13;13.045;200
20160122 102500;13.08;13.08;13.08;13.08;100
20160122 102600;13.045;13.045;13.01;13.01;200
20160122 103100;13.08;13.08;13.08;13.08;100
20160122 103400;13.08;13.08;13.08;13.08;100
20160122 103500;13.04;13.04;13.01;13.01;200
20160122 103700;13;13.035;13;13.035;200
20160122 104300;13.06;13.06;13.06;13.06;100
20160122 104700;13.05;13.05;13.05;13.05;100
20160122 104800;13;13;13;13;100
20160122 105000;13.09;13.09;13.09;13.09;100
20160122 105300;13.08;13.08;13.08;13.08;100
20160122 105500;13.0546;13.0546;13.0546;13.0546;500
20160122 105600;13.068;13.068;13.068;13.068;100
20160122 105900;13;13;13;13;200
20160122 110000;13.06;13.06;13.06;13.06;100
20160122 110100;13.035;13.035;13.035;13.035;100
20160122 110700;13.07;13.07;13.07;13.07;100
20160122 110800;13.004;13.035;13;13;600
20160122 110900;12.925;12.95;12.911;12.911;1173
20160122 112200;12.99;12.99;12.99;12.99;200
20160122 112700;12.9924;12.9924;12.9924;12.9924;1000
20160122 112800;12.94;13.01;12.94;13.01;200
20160122 113600;12.9301;12.9301;12.9301;12.9301;1500
20160122 114400;12.94;12.94;12.94;12.94;100
20160122 115200;12.9301;12.9301;12.895;12.895;917
20160122 115600;12.81;12.81;12.81;12.81;425
20160122 115800;12.92;12.92;12.9199;12.9199;200
20160122 120800;12.875;12.875;12.8301;12.8301;1500
20160122 121400;12.83;12.83;12.83;12.83;100
20160122 121500;12.94;12.94;12.94;12.94;100
20160122 121600;12.92;12.92;12.92;12.92;100
20160122 122100;12.92;12.92;12.92;12.92;200
20160122 123000;12.91;12.91;12.91;12.91;300
20160122 123200;12.94;12.94;12.94;12.94;100
20160122 123700;12.98;12.98;12.98;12.98;300
20160122 124400;12.96;12.96;12.96;12.96;500
20160122 132300;13.0557;13.0557;13.0557;13.0557;275
20160122 132600;13.06;13.06;13.06;13.06;100
20160122 132900;13.058;13.058;13.058;13.058;100
20160122 133100;13.05;13.05;13.05;13.05;100
20160122 133200;13.0392;13.0392;13.0392;13.0392;200
20160122 133400;13.06;13.06;13.06;13.06;100
20160122 133600;13.058;13.058;13.058;13.058;100
20160122 133800;13.06;13.06;13.06;13.06;100
20160122 134100;13.058;13.058;13.058;13.058;100
20160122 134300;13.06;13.06;13.06;13.06;100
20160122 134500;13.05;13.05;13.05;13.05;100
20160122 134800;13.088;13.088;13.088;13.088;100
20160122 140700;13.0706;13.0706;13.0706;13.0706;400
20160122 140900;13.08;13.08;13.08;13.08;100
20160122 141300;13.04;13.04;13.04;13.04;700
20160122 141500;13.04;13.04;13.04;13.04;100
20160122 142300;13.09;13.09;13.09;13.09;100
20160122 142700;13.09;13.09;13.09;13.09;100
20160122 143200;13.088;13.088;13.088;13.088;100
20160122 144100;13.088;13.088;13.088;13.088;100
20160122 144900;13.09;13.09;13.09;13.09;100
20160122 145700;13.09;13.09;13.09;13.09;100
20160122 150400;13.08;13.08;13.08;13.08;100
20160122 150500;13.0495;13.0495;13.0495;13.0495;200
20160122 151100;13.089;13.089;13.089;13.089;100
20160122 151800;13.09;13.09;13.09;13.09;200
20160122 152400;13.09;13.09;13.09;13.09;100
20160122 153000;13.09;13.09;13.09;13.09;100
20160122 153500;13.09;13.09;13.09;13.09;100
20160122 153600;13.05;13.05;13.05;13.05;200
20160122 153900;13.05;13.05;13.05;13.05;100
20160122 154200;13.05;13.05;13.05;13.05;370
20160122 154300;13.09;13.09;13.09;13.09;100
20160122 154500;13.0783;13.0783;13.0783;13.0783;400
20160122 154700;13.089;13.089;13.089;13.089;100
20160122 155000;13.088;13.088;13.088;13.088;100
20160122 155300;13.09;13.09;13.09;13.09;100
20160122 155500;13.09;13.09;13.09;13.09;100
20160122 155700;13.09;13.09;13.09;13.09;100
20160122 155800;13.075;13.09;13.06;13.06;300
20160122 160000;13.09;13.09;13.07;13.07;200
20160125 093300;13.0009;13.0009;13.0009;13.0009;1238
20160125 093600;13.0699;13.0699;13.0699;13.0699;108
20160125 094400;13.04;13.04;13.04;13.04;300
20160125 094500;13.04;13.04;13.02;13.02;1863
20160125 094600;13.04;13.06;13.04;13.06;200
20160125 094700;13.04;13.06;12.99;13.04;2350
20160125 095000;13.03;13.03;13.03;13.03;100
20160125 095200;13.0238;13.0238;13.0238;13.0238;215
20160125 095700;12.99;12.99;12.99;12.99;100
20160125 100100;13;13;13;13;100
20160125 100300;13.03;13.03;13.03;13.03;200
20160125 100500;13.03;13.03;13;13;200
20160125 100700;13.03;13.03;13.03;13.03;300
20160125 101300;13;13;13;13;100
20160125 101600;13.0001;13.04;13.0001;13.04;2600
20160125 101700;13;13;13;13;100
20160125 101800;13.04;13.04;13;13;1200
20160125 102100;12.94;12.94;12.94;12.94;100
20160125 102600;12.94;12.94;12.94;12.94;200
20160125 103000;12.94;12.94;12.94;12.94;100
20160125 103300;13.01;13.01;13.01;13.01;100
20160125 103500;12.95;12.95;12.95;12.95;100
20160125 103600;12.95;12.9745;12.95;12.9745;500
20160125 103900;13;13;12.95;12.95;200
20160125 104200;13;13;13;13;100
20160125 104400;12.95;12.95;12.95;12.95;100
20160125 104800;12.99;13;12.99;13;500
20160125 104900;12.9609;13.02;12.9609;13.02;8100
20160125 105000;13.02;13.04;13.02;13.04;400
20160125 105100;13.04;13.04;13.04;13.04;872
20160125 105200;13.04;13.04;13.0188;13.0188;1447
20160125 105400;13.03;13.03;13.03;13.03;100
20160125 105700;13.0075;13.0075;13.0075;13.0075;100
20160125 110000;13.02;13.02;13.02;13.02;100
20160125 110400;13.02;13.02;13.02;13.02;100
20160125 110500;12.97;12.97;12.97;12.97;100
20160125 110700;13.02;13.02;13.02;13.02;100
20160125 111000;12.97;13.01;12.97;13.01;200
20160125 111400;13.01;13.01;13.01;13.01;100
20160125 111500;12.97;12.97;12.97;12.97;100
20160125 111700;13;13;13;13;100
20160125 112100;12.9925;13.01;12.9925;13.01;700
20160125 112200;13.02;13.02;12.99;13.02;900
20160125 112300;13.02;13.02;13.02;13.02;200
20160125 112400;13.02;13.07;13.02;13.0666;3539
20160125 112700;13.07;13.07;13.07;13.07;100
20160125 113000;13.035;13.07;13.035;13.07;301
20160125 113100;13.035;13.07;13.035;13.07;300
20160125 113500;13.06;13.06;13.03;13.03;200
20160125 113800;13.05;13.05;13.05;13.05;100
20160125 113900;13.01;13.01;13.01;13.01;100
20160125 114200;13.06;13.06;13.06;13.06;100
20160125 114500;13.01;13.01;13.01;13.01;100
20160125 114600;13.05;13.05;13.05;13.05;100
20160125 115000;13.05;13.05;13.05;13.05;100
20160125 115400;13.05;13.05;13.05;13.05;100
20160125 115800;13.01;13.05;13.01;13.05;200
20160125 120200;13.05;13.05;13.05;13.05;100
20160125 120500;13.01;13.01;13.01;13.01;100
20160125 120700;13.04;13.04;13.04;13.04;100
20160125 120800;13.025;13.025;13.025;13.025;100
20160125 120900;13.01;13.01;13.01;13.01;400
20160125 122000;13.03;13.03;13.03;13.03;100
20160125 122500;13.03;13.03;13.03;13.03;700
20160125 123100;13.03;13.03;13.03;13.03;300
20160125 123400;13.04;13.04;13.04;13.04;100
20160125 123500;13.03;13.03;13.03;13.03;100
20160125 123600;13.04;13.04;13.04;13.04;2831
20160125 123700;13.025;13.025;13.025;13.025;100
20160125 124100;13.04;13.04;13.04;13.04;200
20160125 125000;13.04;13.04;13.04;13.04;200
20160125 125500;13.04;13.04;13.04;13.04;100
20160125 125700;13.014;13.0142;13.014;13.0142;500
20160125 130000;13.04;13.07;13.04;13.0585;1300
20160125 130500;13.07;13.07;13.07;13.07;200
20160125 131100;13.08;13.08;13.08;13.08;100
20160125 131700;13.07;13.07;13.07;13.07;234
20160125 132100;13.08;13.08;13.08;13.08;100
20160125 132600;13.08;13.08;13.08;13.08;121
20160125 132700;13.08;13.08;13.08;13.08;100
20160125 133200;13.09;13.09;13.09;13.09;100
20160125 133800;13.09;13.09;13.09;13.09;100
20160125 134300;13.09;13.09;13.09;13.09;100
20160125 134900;13.09;13.09;13.09;13.09;200
20160125 135000;13.09;13.09;13.09;13.09;100
20160125 135300;13.0772;13.0772;13.0772;13.0772;270
20160125 135400;13.09;13.09;13.09;13.09;100
20160125 135700;13.08;13.08;13.08;13.08;100
20160125 140000;13.08;13.08;13.08;13.08;100
20160125 140200;13.08;13.08;13.08;13.08;100
20160125 140500;13.08;13.08;13.08;13.08;100
20160125 140800;13.08;13.08;13.07;13.07;200
20160125 141000;13.08;13.08;13.08;13.08;100
20160125 141100;13.08;13.08;13.08;13.08;100
20160125 141200;13.08;13.08;13.08;13.08;100
20160125 141500;13.08;13.08;13.08;13.08;185
20160125 141900;13.08;13.08;13.08;13.08;100
20160125 142400;13.0601;13.0603;13.06;13.0603;2500
20160125 142700;13.0745;13.0745;13.0745;13.0745;1500
20160125 143000;13.06;13.07;12.98;12.98;3336
20160125 143800;13.0335;13.0335;13.0335;13.0335;258
20160125 145900;13.018;13.018;13.018;13.018;100
20160125 150500;13.0369;13.0369;13.0369;13.0369;127
20160125 150800;13.0369;13.0369;13.0369;13.0369;173
20160125 151700;13.01;13.01;13.01;13.01;181
20160125 152200;13;13;13;13;300
20160125 152500;12.99;12.99;12.99;12.99;300
20160125 152600;12.9988;12.9988;12.9988;12.9988;867
20160125 153700;12.97;12.97;12.97;12.97;500
20160125 153800;12.94;12.94;12.94;12.94;100
20160125 154200;12.9499;12.95;12.94;12.95;300
20160125 154300;12.95;12.95;12.95;12.95;100
20160125 154500;12.96;12.96;12.96;12.96;914
20160125 155100;12.96;12.96;12.96;12.96;300
20160125 155600;12.96;12.96;12.96;12.96;200
20160125 155700;12.96;12.96;12.96;12.96;336
20160125 160000;12.96;12.99;12.96;12.99;441
20160126 093900;12.993;13.05;12.93;13.05;3300
20160126 094900;12.96;12.96;12.96;12.96;100
20160126 095300;12.96;12.96;12.96;12.96;100
20160126 095500;12.9752;12.9752;12.9752;12.9752;600
20160126 095600;12.9752;13.04;12.9752;13.04;900
20160126 095700;12.96;12.96;12.96;12.96;200
20160126 100100;12.96;12.96;12.96;12.96;100
20160126 100300;12.96;12.96;12.96;12.96;300
20160126 100400;12.96;13;12.96;13;500
20160126 100600;12.96;12.96;12.96;12.96;100
20160126 101000;12.96;13;12.96;13;800
20160126 101400;12.96;12.96;12.96;12.96;100
20160126 101800;13;13;13;13;100
20160126 102200;12.98;13.04;12.98;12.9992;700
20160126 102300;13;13;13;13;500
20160126 103300;12.99;12.99;12.99;12.99;100
20160126 105700;12.99;13;12.99;13;1400
20160126 110200;13;13;13;13;400
20160126 110400;13;13;12.985;12.9993;500
20160126 111600;12.9879;12.9879;12.9879;12.9879;270
20160126 112600;12.99;12.99;12.99;12.99;100
20160126 112800;12.99;12.99;12.988;12.99;400
20160126 115500;12.96;12.96;12.96;12.96;250
20160126 115900;12.9601;12.9601;12.9601;12.9601;200
20160126 120400;12.98;12.98;12.98;12.98;547
20160126 121400;12.99;13.0499;12.9898;13.0499;3900
20160126 121700;13.05;13.05;13.05;13.05;200
20160126 121800;13.09;13.18;13.09;13.18;4600
20160126 122600;13.19;13.19;13.19;13.19;100
20160126 122800;13.1201;13.1201;13.1201;13.1201;500
20160126 131800;13.18;13.2;13.1675;13.18;2395
20160126 132200;13.2088;13.2088;13.2088;13.2088;500
20160126 132600;13.215;13.218;13.215;13.218;200
20160126 133100;13.21;13.2132;13.21;13.2132;310
20160126 134200;13.22;13.22;13.2;13.22;2000
20160126 134300;13.22;13.24;13.22;13.24;300
20160126 134400;13.26;13.26;13.2455;13.2455;945
20160126 142400;13.2609;13.2699;13.2609;13.2699;1600
20160126 142900;13.27;13.28;13.23;13.28;1100
20160126 144900;13.26;13.26;13.26;13.26;100
20160126 145100;13.21;13.21;13.21;13.21;100
20160126 145800;13.245;13.245;13.2201;13.2201;600
20160126 150500;13.2453;13.2453;13.2453;13.2453;347
20160126 151300;13.25;13.25;13.25;13.25;200
20160126 151400;13.2466;13.2466;13.2466;13.2466;276
20160126 151900;13.2599;13.2599;13.2599;13.2599;279
20160126 152400;13.25;13.25;13.25;13.25;100
20160126 153300;13.2469;13.2469;13.2469;13.2469;230
20160126 153800;13.2422;13.2422;13.2422;13.2422;493
20160126 154700;13.24;13.24;13.22;13.2201;1600
20160126 155100;13.26;13.26;13.2596;13.2596;770
20160126 155400;13.2596;13.26;13.244;13.244;1850
20160126 155700;13.24;13.24;13.22;13.22;400
20160126 155900;13.19;13.22;13.19;13.205;500
20160127 093400;13.2;13.21;13.2;13.21;1285
20160127 093900;13.22;13.22;13.22;13.22;100
20160127 094300;13.2101;13.25;13.21;13.23;2450
20160127 094400;13.27;13.27;13.21;13.26;1000
20160127 094500;13.26;13.26;13.26;13.26;100
20160127 094700;13.26;13.26;13.26;13.26;100
20160127 094900;13.22;13.26;13.21;13.22;1100
20160127 095000;13.24;13.27;13.24;13.27;1108
20160127 095100;13.27;13.27;13.27;13.27;100
20160127 095200;13.27;13.27;13.27;13.27;100
20160127 095300;13.2201;13.2201;13.2201;13.2201;1400
20160127 095400;13.27;13.27;13.27;13.27;100
20160127 095600;13.27;13.27;13.27;13.27;100
20160127 095700;13.245;13.245;13.245;13.245;100
20160127 095900;13.2478;13.26;13.2478;13.26;548
20160127 100000;13.27;13.27;13.27;13.27;100
20160127 100200;13.245;13.245;13.245;13.245;100
20160127 100300;13.245;13.245;13.21;13.22;3200
20160127 100600;13.25;13.25;13.25;13.25;100
20160127 100800;13.25;13.25;13.25;13.25;100
20160127 101300;13.24;13.24;13.21;13.21;500
20160127 101400;13.21;13.21;13.21;13.21;100
20160127 101700;13.218;13.218;13.218;13.218;237
20160127 101900;13.13;13.13;13.13;13.13;100
20160127 102400;13.17;13.17;13.17;13.17;100
20160127 102900;13.17;13.17;13.17;13.17;100
20160127 103100;13.1715;13.1715;13.11;13.11;1800
20160127 103200;13.1442;13.1442;13.13;13.13;900
20160127 103400;13.11;13.11;13.11;13.11;100
20160127 103900;13.07;13.07;13.07;13.07;100
20160127 104400;13.08;13.08;13.08;13.08;100
20160127 104900;13.07;13.07;13.07;13.07;100
20160127 105500;13.07;13.07;13.07;13.07;100
20160127 110100;13.07;13.07;13.07;13.07;100
20160127 110700;13.07;13.07;13.07;13.07;100
20160127 111200;13.07;13.07;13.07;13.07;100
20160127 111800;13.09;13.09;13.09;13.09;100
20160127 112500;13.09;13.09;13.09;13.09;100
20160127 113100;13.09;13.09;13.09;13.09;100
20160127 113700;13.11;13.12;13.11;13.12;300
20160127 114000;13.12;13.12;13.12;13.12;500
20160127 114400;13.1232;13.1232;13.1232;13.1232;300
20160127 114500;13.14;13.14;13.14;13.14;271
20160127 115300;13.15;13.15;13.15;13.15;200
20160127 120300;13.15;13.15;13.15;13.15;100
20160127 120500;13.17;13.17;13.17;13.17;100
20160127 120600;13.18;13.18;13.18;13.18;200
20160127 121400;13.24;13.24;13.24;13.24;100
20160127 121500;13.24;13.24;13.24;13.24;100
20160127 121600;13.23;13.23;13.23;13.23;100
20160127 121700;13.19;13.19;13.19;13.19;100
20160127 121800;13.19;13.19;13.19;13.19;100
20160127 121900;13.19;13.19;13.19;13.19;100
20160127 122000;13.18;13.18;13.18;13.18;100
20160127 122100;13.23;13.23;13.23;13.23;100
20160127 130000;13.24;13.24;13.24;13.24;150
20160127 130100;13.2;13.2;13.2;13.2;200
20160127 130600;13.24;13.24;13.24;13.24;100
20160127 131000;13.2399;13.2399;13.2399;13.2399;1100
20160127 134100;13.2325;13.2325;13.2325;13.2325;400
20160127 145500;13.2147;13.2147;13.2147;13.2147;400
20160127 145800;13.2;13.2;13.2;13.2;200
20160127 150100;13.2;13.2;13.2;13.2;500
20160127 152800;13.1301;13.1301;13.1301;13.1301;188
20160127 153700;13.135;13.135;13.135;13.135;100
20160127 153900;13.14;13.1799;13.14;13.1799;341
20160127 154000;13.1401;13.1401;13.1401;13.1401;800
20160127 154500;13.16;13.16;13.16;13.16;100
20160127 155400;13.16;13.16;13.16;13.16;100
20160127 155700;13.18;13.18;13.18;13.18;200
20160127 155900;13.17;13.17;13.17;13.17;200
20160127 160000;13.17;13.17;13.17;13.17;130
20160128 093800;13.206;13.206;13.206;13.206;400
20160128 094200;13.13;13.13;13.13;13.13;100
20160128 094600;13.2;13.24;13.2;13.24;700
20160128 095100;13.23;13.23;13.23;13.23;100
20160128 095400;13.2;13.2;13.2;13.2;100
20160128 095500;13.23;13.23;13.21;13.21;232
20160128 095900;13.2;13.23;13.2;13.23;200
20160128 100100;13.2;13.23;13.2;13.23;200
20160128 100300;13.2;13.2;13.2;13.2;100
20160128 100700;13.22;13.23;13.2;13.2;445
20160128 100800;13.215;13.2299;13.215;13.2299;492
20160128 101100;13.2;13.215;13.2;13.215;400
20160128 101300;13.22;13.22;13.22;13.22;133
20160128 101500;13.2066;13.2066;13.2066;13.2066;180
20160128 101600;13.2;13.2;13.2;13.2;100
20160128 102100;13.12;13.12;13.12;13.12;100
20160128 102600;13.04;13.04;13.04;13.04;100
20160128 103100;13.06;13.06;13.06;13.06;100
20160128 103500;12.99;12.99;12.99;12.99;100
20160128 103600;13;13;13;13;100
20160128 104100;12.99;12.99;12.99;12.99;100
20160128 104300;13.01;13.01;13.01;13.01;100
20160128 104400;13.0001;13.0001;13.0001;13.0001;1000
20160128 104600;13.01;13.01;13.01;13.01;100
20160128 105200;13.02;13.02;13.02;13.02;200
20160128 105800;13.02;13.02;13.02;13.02;200
20160128 110000;13.03;13.03;13.03;13.03;100
20160128 110100;13.064;13.064;13.064;13.064;113
20160128 110300;13.03;13.03;13.03;13.03;100
20160128 110900;13.04;13.04;13.04;13.04;100
20160128 111000;13.07;13.08;13.07;13.08;400
20160128 112700;13.08;13.08;13.08;13.08;100
20160128 113300;13.08;13.08;13.08;13.08;100
20160128 113800;13.08;13.08;13.08;13.08;100
20160128 114000;13.08;13.08;13.08;13.08;100
20160128 114700;13.08;13.08;13.08;13.08;100
20160128 115400;13.04;13.04;13.04;13.04;100
20160128 120200;13.04;13.04;13.04;13.04;100
20160128 120900;13.05;13.05;13.05;13.05;100
20160128 121600;13.06;13.06;13.06;13.06;100
20160128 122400;13.06;13.06;13.06;13.06;100
20160128 123200;13.06;13.06;13.06;13.06;100
20160128 123700;13.1099;13.11;13.09;13.09;500
20160128 124900;13.09;13.09;13.09;13.09;100
20160128 125400;13.08;13.08;13.08;13.08;200
20160128 131200;13.1;13.1;13.1;13.1;167
20160128 131800;13.1299;13.13;13.1299;13.13;304
20160128 132100;13.08;13.1195;13.06;13.1195;2362
20160128 132300;13.0692;13.0692;13.06;13.06;400
20160128 132700;13.095;13.095;13.095;13.095;100
20160128 133800;13.1299;13.1299;13.1299;13.1299;400
20160128 140900;13.09;13.09;13.09;13.09;200
20160128 141900;13.1186;13.1186;13.1186;13.1186;872
20160128 142000;13.1;13.1;13.0769;13.0769;480
20160128 142200;13.105;13.105;13.105;13.105;100
20160128 143600;13.12;13.12;13.11;13.11;200
20160128 145400;13.11;13.11;13.11;13.11;200
20160128 150000;13.08;13.08;13.08;13.08;1200
20160128 150100;13.07;13.07;13.04;13.05;8835
20160128 150200;13.02;13.02;12.99;12.99;2200
20160128 150300;12.99;12.99;12.99;12.99;4088
20160128 150400;13.03;13.03;13.03;13.03;200
20160128 151500;13.0296;13.03;13.0296;13.03;1300
20160128 152000;13.05;13.058;13.05;13.058;200
20160128 152100;13.075;13.09;13.075;13.075;800
20160128 152900;13.04;13.06;13.04;13.04;629
20160128 153100;13.04;13.04;13.04;13.04;200
20160128 153400;13.0599;13.0599;13.04;13.04;700
20160128 153500;13.04;13.05;13.04;13.04;1000
20160128 153600;13.05;13.05;13.0101;13.0101;3700
20160128 153700;13.01;13.03;13.01;13.03;1559
20160128 153800;13.04;13.04;13.04;13.04;200
20160128 153900;13.04;13.04;13.04;13.04;200
20160128 154100;13.05;13.05;13.05;13.05;400
20160128 154200;13.05;13.05;13.0231;13.0231;500
20160128 154400;13.06;13.06;13.06;13.06;300
20160128 154500;13.06;13.06;13.06;13.06;753
20160128 155400;13.018;13.018;13.018;13.018;100
20160128 155900;13.06;13.06;13.01;13.01;500
20160128 160000;13.03;13.03;13.02;13.02;265
20160129 093300;12.98;12.98;12.98;12.98;100
20160129 093800;13;13;13;13;100
20160129 094100;13.01;13.01;13.01;13.01;100
20160129 094200;13.02;13.02;13.02;13.02;100
20160129 094400;13.03;13.03;13.03;13.03;100
20160129 094500;13.04;13.04;13.04;13.04;100
20160129 094900;13.06;13.09;13.03;13.03;900
20160129 095300;13.06;13.06;13.04;13.04;400
20160129 095700;13.05;13.05;13.05;13.05;100
20160129 095900;13.09;13.09;13.09;13.09;100
20160129 100000;13.09;13.09;13.09;13.09;100
20160129 100400;13.095;13.095;13.095;13.095;100
20160129 100500;13.1293;13.1299;13.06;13.095;4060
20160129 100900;13.1;13.11;13.1;13.11;300
20160129 101200;13.1;13.1;13.1;13.1;100
20160129 101500;13.1001;13.14;13.1;13.1;2700
20160129 101600;13.1;13.1;13.1;13.1;100
20160129 101800;13.1;13.1;13.1;13.1;100
20160129 101900;13.11;13.11;13.11;13.11;100
20160129 102000;13.14;13.16;13.14;13.16;200
20160129 102200;13.1596;13.1596;13.12;13.12;1100
20160129 102600;13.11;13.11;13.11;13.11;100
20160129 102700;13.11;13.11;13.11;13.11;100
20160129 102800;13.15;13.15;13.15;13.15;100
20160129 103400;13.1;13.11;13.1;13.11;200
20160129 103700;13.1;13.1;13.1;13.1;100
20160129 103900;13.11;13.11;13.11;13.11;100
20160129 104100;13.11;13.12;13.11;13.11;500
20160129 104500;13.11;13.11;13.11;13.11;100
20160129 105200;13.11;13.11;13.11;13.11;600
20160129 105300;13.11;13.12;13.11;13.11;1100
20160129 105800;13.11;13.11;13.11;13.11;100
20160129 110000;13.1;13.1;13.1;13.1;100
20160129 110700;13.12;13.12;13.12;13.12;200
20160129 110900;13.1354;13.1354;13.1354;13.1354;200
20160129 111600;13.12;13.12;13.12;13.12;100
20160129 111800;13.11;13.12;13.11;13.12;200
20160129 113300;13.11;13.11;13.11;13.11;100
20160129 113700;13.11;13.11;13.11;13.11;100
20160129 114100;13.12;13.12;13.12;13.12;100
20160129 115000;13.11;13.1508;13.11;13.1508;323
20160129 115300;13.12;13.12;13.12;13.12;100
20160129 120100;13.12;13.12;13.12;13.12;100
20160129 120200;13.19;13.19;13.16;13.1899;2000
20160129 120300;13.13;13.19;13.13;13.16;300
20160129 120400;13.16;13.2199;13.16;13.2199;681
20160129 120800;13.16;13.16;13.16;13.16;100
20160129 121400;13.16;13.16;13.16;13.16;100
20160129 121900;13.2066;13.2066;13.2066;13.2066;300
20160129 122300;13.17;13.17;13.17;13.17;100
20160129 122400;13.17;13.17;13.17;13.17;1200
20160129 122700;13.1601;13.18;13.16;13.163;3700
20160129 123000;13.17;13.17;13.17;13.17;100
20160129 123400;13.17;13.195;13.17;13.195;200
20160129 124100;13.16;13.16;13.16;13.16;100
20160129 124600;13.17;13.2057;13.17;13.17;569
20160129 125700;13.18;13.18;13.18;13.18;100
20160129 125900;13.2599;13.2599;13.2599;13.2599;420
20160129 130400;13.2;13.2;13.2;13.2;100
20160129 131200;13.2;13.26;13.2;13.26;385
20160129 131400;13.253;13.253;13.253;13.253;1000
20160129 132200;13.26;13.26;13.26;13.26;100
20160129 132400;13.2;13.2;13.2;13.2;200
20160129 133800;13.19;13.2394;13.1899;13.2394;1050
20160129 134800;13.19;13.19;13.19;13.19;200
20160129 135600;13.25;13.25;13.25;13.25;100
20160129 135900;13.19;13.19;13.19;13.19;200
20160129 141200;13.19;13.19;13.19;13.19;100
20160129 142800;13.22;13.22;13.22;13.22;100
20160129 143700;13.22;13.22;13.22;13.22;300
20160129 143900;13.2115;13.2115;13.2115;13.2115;1725
20160129 144000;13.255;13.255;13.255;13.255;1397
20160129 144500;13.26;13.26;13.26;13.26;100
20160129 145300;13.22;13.23;13.22;13.23;200
20160129 150200;13.19;13.2;13.19;13.2;200
20160129 150700;13.19;13.19;13.19;13.19;100
20160129 151200;13.19;13.19;13.19;13.19;100
20160129 151400;13.2;13.2;13.2;13.2;100
20160129 151700;13.1907;13.1907;13.1907;13.1907;100
20160129 151800;13.19;13.19;13.19;13.19;100
20160129 151900;13.2;13.2;13.19;13.19;200
20160129 152000;13.21;13.21;13.21;13.21;100
20160129 152100;13.19;13.19;13.19;13.19;100
20160129 152400;13.2;13.2;13.2;13.2;100
20160129 152500;13.17;13.1775;13.17;13.1775;200
20160129 152600;13.17;13.1721;13.17;13.1721;300
20160129 152700;13.1714;13.19;13.1714;13.19;200
20160129 152900;13.19;13.19;13.19;13.19;100
20160129 153100;13.2;13.2;13.2;13.2;100
20160129 153200;13.2;13.2;13.17;13.17;200
20160129 153300;13.21;13.21;13.21;13.21;100
20160129 153400;13.2;13.21;13.2;13.21;200
20160129 153500;13.2;13.2;13.2;13.2;100
20160129 153600;13.2;13.2;13.2;13.2;100
20160129 153700;13.2;13.2;13.2;13.2;200
20160129 153800;13.2;13.2;13.2;13.2;200
20160129 153900;13.2;13.2;13.2;13.2;100
20160129 154100;13.1849;13.1849;13.18;13.18;200
20160129 154200;13.18;13.19;13.18;13.19;300
20160129 154300;13.1956;13.1956;13.1956;13.1956;100
20160129 154400;13.226;13.226;13.226;13.226;100
20160129 154500;13.1901;13.1901;13.19;13.19;500
20160129 154600;13.2;13.2;13.19;13.19;200
20160129 154700;13.18;13.18;13.18;13.18;100
20160129 154800;13.18;13.18;13.18;13.18;100
20160129 155000;13.19;13.19;13.19;13.19;100
20160129 155100;13.2645;13.2645;13.2;13.2001;1300
20160129 155200;13.2;13.2314;13.2;13.21;1300
20160129 155300;13.1763;13.22;13.1763;13.22;200
20160129 155400;13.2;13.2;13.17;13.18;978
20160129 155500;13.2;13.2;13.18;13.19;700
20160129 155600;13.18;13.19;13.17;13.17;700
20160129 155700;13.18;13.2;13.16;13.17;1100
20160129 155800;13.1614;13.17;13.16;13.16;700
20160129 155900;13.16;13.16;13.15;13.15;700
20160129 160000;13.14;13.2;13.14;13.18;1400
20160201 094700;13.13;13.13;13.13;13.13;503
20160201 094900;13.1;13.16;13.1;13.16;781
20160201 095000;13.16;13.16;13.15;13.16;2300
20160201 095100;13.16;13.16;13.16;13.16;800
20160201 095500;13.16;13.16;13.16;13.16;2550
20160201 100300;13.1301;13.1424;13.13;13.1424;3466
20160201 100800;13.13;13.13;13.13;13.13;100
20160201 100900;13.09;13.09;13.09;13.09;100
20160201 101200;13.1201;13.1201;13.1201;13.1201;100
20160201 101300;13.1201;13.1201;13.1201;13.1201;100
20160201 101600;13.14;13.14;13.14;13.14;100
20160201 101700;13.1201;13.1592;13.1201;13.1592;600
20160201 101900;13.13;13.13;13.13;13.13;100
20160201 102000;13.13;13.13;13.13;13.13;200
20160201 102100;13.135;13.14;13.135;13.14;200
20160201 102200;13.14;13.14;13.14;13.14;100
20160201 102600;13.135;13.135;13.135;13.135;200
20160201 102900;13.13;13.13;13.13;13.13;100
20160201 103000;13.13;13.17;13.13;13.17;500
20160201 103300;13.13;13.13;13.13;13.13;100
20160201 103400;13.13;13.13;13.13;13.13;100
20160201 103500;13.13;13.13;13.13;13.13;100
20160201 103600;13.13;13.13;13.13;13.13;100
20160201 103900;13.13;13.13;13.13;13.13;100
20160201 104000;13.13;13.13;13.13;13.13;100
20160201 104400;13.1;13.1;13.1;13.1;200
20160201 104500;13.1203;13.1203;13.1203;13.1203;199
20160201 104700;13.12;13.12;13.12;13.12;200
20160201 104900;13.14;13.17;13.14;13.17;200
20160201 105100;13.14;13.14;13.14;13.14;200
20160201 105400;13.14;13.14;13.14;13.14;300
20160201 105500;13.15;13.15;13.15;13.15;1509
20160201 105600;13.16;13.16;13.13;13.13;2000
20160201 105700;13.13;13.13;13.13;13.13;100
20160201 110100;13.13;13.166;13.13;13.166;300
20160201 110400;13.13;13.13;13.13;13.13;100
20160201 110600;13.169;13.169;13.169;13.169;100
20160201 110700;13.16;13.16;13.16;13.16;100
20160201 111100;13.16;13.16;13.16;13.16;100
20160201 111400;13.16;13.16;13.16;13.16;100
20160201 111800;13.16;13.16;13.16;13.16;100
20160201 112100;13.16;13.17;13.16;13.17;200
20160201 112300;13.16;13.16;13.16;13.16;200
20160201 112800;13.147;13.147;13.147;13.147;200
20160201 112900;13.14;13.14;13.14;13.14;456
20160201 113100;13.14;13.14;13.14;13.14;261
20160201 113200;13.14;13.14;13.14;13.14;100
20160201 113300;13.15;13.15;13.15;13.15;100
20160201 113700;13.15;13.16;13.15;13.16;400
20160201 113800;13.16;13.16;13.16;13.16;800
20160201 114300;13.16;13.16;13.16;13.16;200
20160201 114600;13.16;13.16;13.16;13.16;100
20160201 114800;13.16;13.16;13.16;13.16;1000
20160201 115200;13.2;13.2;13.17;13.17;500
20160201 115300;13.17;13.17;13.17;13.17;900
20160201 115400;13.178;13.178;13.178;13.178;294
20160201 115500;13.17;13.17;13.16;13.16;700
20160201 115600;13.17;13.17;13.17;13.17;100
20160201 120000;13.17;13.17;13.17;13.17;100
20160201 120600;13.16;13.16;13.16;13.16;100
20160201 120700;13.16;13.16;13.16;13.16;100
20160201 121200;13.16;13.16;13.16;13.16;100
20160201 121600;13.16;13.17;13.16;13.17;300
20160201 122500;13.16;13.16;13.16;13.16;100
20160201 122800;13.16;13.16;13.16;13.16;1400
20160201 122900;13.16;13.16;13.16;13.16;200
20160201 123000;13.15;13.15;13.13;13.14;3300
20160201 123100;13.15;13.15;13.15;13.15;200
20160201 123500;13.17;13.18;13.17;13.18;500
20160201 123900;13.1885;13.3;13.1885;13.272;1674
20160201 124300;13.23;13.23;13.23;13.23;100
20160201 124400;13.26;13.26;13.26;13.26;100
20160201 124500;13.24;13.24;13.22;13.22;900
20160201 124900;13.23;13.23;13.23;13.23;100
20160201 125100;13.23;13.23;13.23;13.23;100
20160201 125300;13.21;13.21;13.18;13.2;700
20160201 125400;13.21;13.24;13.21;13.24;1968
20160201 125900;13.27;13.27;13.27;13.27;100
20160201 130600;13.26;13.26;13.26;13.26;100
20160201 130700;13.24;13.2402;13.24;13.2402;693
20160201 130900;13.25;13.25;13.25;13.25;300
20160201 131000;13.24;13.24;13.24;13.24;200
20160201 131300;13.26;13.26;13.26;13.26;100
20160201 131600;13.275;13.275;13.275;13.275;1000
20160201 131700;13.27;13.27;13.27;13.27;100
20160201 131900;13.27;13.27;13.27;13.27;200
20160201 132000;13.26;13.26;13.26;13.26;200
20160201 132300;13.26;13.26;13.26;13.26;100
20160201 132400;13.16;13.16;13.16;13.16;100
20160201 132600;13.25;13.25;13.25;13.25;100
20160201 133300;13.18;13.18;13.18;13.18;100
20160201 134200;13.2;13.2;13.2;13.2;100
20160201 134700;13.21;13.21;13.21;13.21;100
20160201 135100;13.22;13.22;13.22;13.22;100
20160201 135600;13.23;13.23;13.23;13.23;100
20160201 135800;13.205;13.205;13.18;13.1815;1700
20160201 140000;13.19;13.19;13.19;13.19;100
20160201 140400;13.18;13.18;13.18;13.18;100
20160201 140900;13.19;13.19;13.19;13.19;100
20160201 141100;13.184;13.24;13.184;13.229;2100
20160201 141300;13.19;13.19;13.19;13.19;100
20160201 141600;13.24;13.24;13.24;13.24;100
20160201 141700;13.19;13.19;13.19;13.19;100
20160201 141800;13.19;13.24;13.13;13.19;2220
20160201 142100;13.17;13.17;13.17;13.17;100
20160201 142500;13.18;13.18;13.18;13.18;100
20160201 142900;13.17;13.17;13.17;13.17;100
20160201 143300;13.17;13.17;13.17;13.17;100
20160201 143500;13.2;13.2;13.2;13.2;100
20160201 143700;13.17;13.17;13.17;13.17;100
20160201 144100;13.17;13.17;13.17;13.17;100
20160201 144500;13.18;13.18;13.18;13.18;100
20160201 144900;13.18;13.18;13.18;13.18;100
20160201 145200;13.18;13.18;13.18;13.18;100
20160201 145400;13.23;13.23;13.205;13.205;200
20160201 145900;13.2;13.2;13.2;13.2;100
20160201 150200;13.19;13.19;13.19;13.19;100
20160201 150600;13.19;13.19;13.19;13.19;100
20160201 150900;13.18;13.18;13.18;13.18;100
20160201 151200;13.18;13.18;13.18;13.18;100
20160201 151500;13.2;13.2;13.18;13.18;200
20160201 151800;13.17;13.17;13.17;13.17;550
20160201 152200;13.21;13.21;13.21;13.21;100
20160201 152400;13.23;13.23;13.23;13.23;400
20160201 152800;13.23;13.23;13.23;13.23;600
20160201 153700;13.27;13.27;13.27;13.27;100
20160201 153800;13.25;13.27;13.24;13.24;300
20160201 154500;13.245;13.245;13.245;13.245;100
20160201 154700;13.22;13.22;13.22;13.22;200
20160201 154800;13.22;13.22;13.22;13.22;100
20160201 155000;13.22;13.22;13.22;13.22;100
20160201 155100;13.21;13.21;13.21;13.21;100
20160201 155300;13.21;13.21;13.21;13.21;200
20160201 155400;13.21;13.2203;13.21;13.2203;300
20160201 155500;13.21;13.21;13.21;13.21;200
20160201 155600;13.21;13.21;13.21;13.21;100
20160201 155700;13.21;13.22;13.21;13.22;1000
20160201 155900;13.21;13.22;13.21;13.21;588
20160201 160000;13.21;13.22;13.21;13.22;1400
20160202 093400;13.148;13.148;13.148;13.148;200
20160202 094700;13.125;13.125;13.125;13.125;670
20160202 095600;13.09;13.09;13.07;13.07;400
20160202 101200;13.07;13.11;13.07;13.11;300
20160202 101500;13.11;13.11;13.11;13.11;200
20160202 101600;13.09;13.09;13.09;13.09;100
20160202 101700;13.11;13.11;13.11;13.11;100
20160202 101900;13.07;13.15;13.07;13.15;200
20160202 102100;13.0601;13.0601;13.06;13.06;200
20160202 102300;13.0501;13.0501;13.0501;13.0501;100
20160202 102400;13.09;13.09;13.04;13.04;200
20160202 102600;13.0401;13.0401;13.0401;13.0401;100
20160202 102700;13.0401;13.08;13.0401;13.08;200
20160202 102800;13.08;13.08;13.08;13.08;100
20160202 103000;13.0501;13.0501;13.0501;13.0501;100
20160202 103100;13.0501;13.0501;13.0501;13.0501;100
20160202 103200;13.06;13.06;13.06;13.06;100
20160202 103400;13.0501;13.0501;13.05;13.05;400
20160202 103500;13.07;13.07;13.0501;13.0501;381
20160202 103700;13.0501;13.0501;13.0501;13.0501;100
20160202 103800;13.0501;13.0501;13.0501;13.0501;100
20160202 104000;13.0601;13.14;13.0601;13.14;200
20160202 104100;13.0601;13.0601;13.0601;13.0601;100
20160202 104200;13.0601;13.0601;13.0601;13.0601;100
20160202 104400;13.0601;13.0601;13.0601;13.0601;100
20160202 104500;13.0601;13.0601;13.0601;13.0601;100
20160202 104700;13.0601;13.0601;13.0601;13.0601;100
20160202 104800;13.09;13.09;13.09;13.09;100
20160202 105000;13.09;13.09;13.09;13.09;100
20160202 105100;13.09;13.09;13.09;13.09;100
20160202 105300;13.09;13.09;13.09;13.09;100
20160202 105400;13.09;13.09;13.09;13.09;100
20160202 105600;13.0701;13.0701;13.0701;13.0701;100
20160202 105700;13.1499;13.1499;13.14;13.14;1534
20160202 105900;13.0701;13.0701;13.0701;13.0701;100
20160202 110000;13.0701;13.0701;13.0701;13.0701;100
20160202 110200;13.07;13.07;13.07;13.07;100
20160202 110400;13.0701;13.0701;13.0701;13.0701;100
20160202 110500;13.0701;13.0701;13.0701;13.0701;100
20160202 110700;13.0401;13.0401;13.0401;13.0401;100
20160202 110800;13.04;13.04;13.04;13.04;100
20160202 111000;13.07;13.07;13.07;13.07;100
20160202 111200;13.07;13.07;13.07;13.07;100
20160202 111300;13.07;13.07;13.07;13.07;100
20160202 111500;13.08;13.105;13.08;13.105;200
20160202 111700;13.11;13.11;13.11;13.11;100
20160202 111800;13.08;13.08;13.08;13.08;100
20160202 112000;13.08;13.08;13.08;13.08;100
20160202 112200;13.0701;13.0701;13.0701;13.0701;100
20160202 112300;13.0701;13.0701;13.0701;13.0701;100
20160202 112500;13.11;13.11;13.11;13.11;100
20160202 112700;13.0701;13.0701;13.0701;13.0701;100
20160202 112800;13.11;13.11;13.11;13.11;100
20160202 113000;13.0701;13.0701;13.0701;13.0701;100
20160202 113100;13.11;13.11;13.11;13.11;100
20160202 113200;13.0801;13.0801;13.0801;13.0801;100
20160202 113300;13.0801;13.0801;13.0801;13.0801;100
20160202 113500;13.0801;13.0801;13.0801;13.0801;100
20160202 113600;13.08;13.08;13.08;13.08;100
20160202 113700;13.08;13.08;13.08;13.08;100
20160202 113900;13.08;13.08;13.08;13.08;100
20160202 114100;13.09;13.09;13.09;13.09;200
20160202 114200;13.09;13.09;13.09;13.09;100
20160202 114400;13.09;13.09;13.09;13.09;100
20160202 114600;13.09;13.11;13.09;13.09;300
20160202 114800;13.09;13.09;13.09;13.09;100
20160202 114900;13.0901;13.0901;13.0901;13.0901;700
20160202 115000;13.09;13.09;13.09;13.09;100
20160202 115100;13.09;13.09;13.09;13.09;400
20160202 115200;13.09;13.09;13.09;13.09;100
20160202 115400;13.07;13.07;13.07;13.07;100
20160202 115600;13.07;13.07;13.07;13.07;100
20160202 115800;13.07;13.07;13.07;13.07;100
20160202 120000;13.07;13.07;13.07;13.07;100
20160202 120200;13.07;13.07;13.07;13.07;100
20160202 120400;13.06;13.06;13.06;13.06;100
20160202 120600;13.06;13.06;13.06;13.06;200
20160202 120800;13.06;13.06;13.06;13.06;100
20160202 120900;13.05;13.05;13.05;13.05;600
20160202 121000;13.05;13.05;13.05;13.05;100
20160202 121100;13.05;13.05;13.05;13.05;200
20160202 121200;13.05;13.05;13.05;13.05;100
20160202 121400;13.01;13.01;13.01;13.01;100
20160202 121600;13.01;13.01;13.01;13.01;200
20160202 121900;13.01;13.01;13.01;13.01;100
20160202 122100;13.01;13.01;13;13;1600
20160202 122300;13.01;13.01;13.01;13.01;100
20160202 122500;13.04;13.04;13.04;13.04;100
20160202 122600;13.04;13.04;13.03;13.03;200
20160202 123100;13.03;13.03;13.03;13.03;100
20160202 124600;13.03;13.03;13.03;13.03;100
20160202 125100;13.03;13.03;13.03;13.03;100
20160202 125600;13.03;13.03;13.03;13.03;100
20160202 130100;13.03;13.03;13.03;13.03;100
20160202 130600;13.02;13.02;13.02;13.02;100
20160202 130700;13.0701;13.0701;13.0701;13.0701;1900
20160202 131100;13.03;13.03;13.03;13.03;100
20160202 131600;13.03;13.03;13.03;13.03;100
20160202 132100;13.03;13.03;13.03;13.03;100
20160202 132200;13.0375;13.0375;13.0375;13.0375;100
20160202 132300;13.0795;13.0795;13.0795;13.0795;800
20160202 133100;13.03;13.03;13.03;13.03;100
20160202 133600;13.03;13.03;13.03;13.03;100
20160202 134100;13.02;13.02;13.02;13.02;100
20160202 134600;13.02;13.02;13.02;13.02;100
20160202 135100;13.01;13.01;13.01;13.01;100
20160202 140100;13;13;13;13;100
20160202 140600;13;13;13;13;100
20160202 141100;13;13.01;13;13.01;200
20160202 141600;13;13.01;13;13.01;200
20160202 142100;13;13;13;13;100
20160202 142600;13;13;13;13;200
20160202 143100;13;13;13;13;100
20160202 143600;13;13;13;13;100
20160202 144100;13;13;13;13;100
20160202 144200;13.02;13.03;13.02;13.03;499
20160202 150600;13.01;13.045;13;13.045;2046
20160202 152300;13.02;13.04;13.02;13.0204;1649
20160202 152600;13.04;13.04;13.04;13.04;100
20160202 153200;13.01;13.01;13;13.0001;725
20160202 153600;13.04;13.04;13.04;13.04;100
20160202 154200;13.0386;13.0386;13.0386;13.0386;1000
20160202 154600;13.06;13.06;13.06;13.06;100
20160202 155200;13.0599;13.0599;13.0599;13.0599;150
20160202 155400;13.04;13.04;13.04;13.04;100
20160202 155600;13.04;13.04;13.04;13.04;100
20160202 155900;13.04;13.04;13.04;13.04;100
20160203 093400;13.05;13.05;13.05;13.05;100
20160203 093700;13.062;13.062;13.062;13.062;100
20160203 094100;13.08;13.08;13.08;13.08;100
20160203 094400;13.07;13.08;13.07;13.08;200
20160203 094800;13.08;13.08;13.08;13.08;164
20160203 095000;13.072;13.072;13.072;13.072;200
20160203 095100;13.07;13.07;13.07;13.07;331
20160203 095700;13.06;13.06;13.06;13.06;100
20160203 100000;13.062;13.062;13.062;13.062;100
20160203 100300;13.07;13.07;13.07;13.07;100
20160203 100400;13.06;13.06;13.06;13.06;100
20160203 100500;13.06;13.06;13.06;13.06;200
20160203 100900;13.04;13.04;13.04;13.04;100
20160203 101000;13.03;13.03;13.02;13.02;200
20160203 101100;13.02;13.02;13.02;13.02;100
20160203 101300;13.02;13.02;13.02;13.02;100
20160203 101500;13;13;13;13;100
20160203 101600;13;13;13;13;100
20160203 101700;13;13;12.992;12.992;200
20160203 101900;12.99;12.99;12.99;12.99;100
20160203 102100;13.002;13.002;13;13;200
20160203 102300;12.99;12.99;12.99;12.99;100
20160203 102400;12.99;12.99;12.99;12.99;100
20160203 102500;12.99;12.99;12.98;12.98;200
20160203 102600;12.95;12.95;12.95;12.95;100
20160203 102800;12.95;12.95;12.95;12.95;100
20160203 102900;12.92;12.92;12.92;12.92;200
20160203 103000;12.92;12.92;12.7701;12.8001;28777
20160203 103600;12.8;12.8;12.8;12.8;200
20160203 103700;12.8;12.8001;12.8;12.8;4300
20160203 103800;12.81;12.81;12.81;12.81;100
20160203 104000;12.82;12.82;12.82;12.82;100
20160203 104100;12.855;12.89;12.855;12.89;322
20160203 104200;12.82;12.82;12.82;12.82;100
20160203 104300;12.82;12.82;12.82;12.82;100
20160203 104400;12.8899;12.8899;12.8899;12.8899;2000
20160203 104500;12.85;12.8849;12.85;12.8849;2100
20160203 104600;12.87;12.87;12.87;12.87;1600
20160203 104800;12.8999;12.8999;12.8999;12.8999;2000
20160203 104900;12.8997;12.8997;12.8997;12.8997;2000
20160203 105000;12.9;12.92;12.9;12.92;1559
20160203 105400;12.925;12.925;12.925;12.925;113
20160203 105500;12.88;12.88;12.88;12.88;100
20160203 105700;12.95;12.95;12.95;12.95;500
20160203 110000;12.93;12.93;12.93;12.93;100
20160203 110200;12.9599;12.96;12.91;12.91;500
20160203 110500;12.91;12.91;12.91;12.91;100
20160203 110600;12.91;12.91;12.91;12.91;2100
20160203 110700;12.8701;12.8701;12.8701;12.8701;100
20160203 111000;12.87;12.87;12.87;12.87;400
20160203 111100;12.87;12.87;12.87;12.87;200
20160203 111200;12.8701;12.8701;12.8701;12.8701;100
20160203 111500;12.87;12.87;12.87;12.87;100
20160203 111800;12.8701;12.8701;12.8701;12.8701;100
20160203 111900;12.87;12.87;12.87;12.87;100
20160203 112000;12.87;12.872;12.87;12.8701;300
20160203 112200;12.91;12.91;12.91;12.91;100
20160203 112300;12.91;12.91;12.91;12.91;100
20160203 112600;12.91;12.91;12.91;12.91;100
20160203 112800;12.91;12.9181;12.91;12.91;1544
20160203 112900;12.91;12.91;12.91;12.91;200
20160203 113000;12.94;12.94;12.94;12.94;400
20160203 113100;12.96;12.96;12.96;12.96;100
20160203 113400;12.91;12.91;12.91;12.91;100
20160203 113600;12.91;12.91;12.91;12.91;100
20160203 113900;12.91;12.91;12.91;12.91;100
20160203 114200;12.92;12.92;12.92;12.92;100
20160203 114300;12.9678;12.97;12.9678;12.97;1500
20160203 114800;12.97;12.97;12.968;12.968;2400
20160203 115100;12.95;12.97;12.95;12.97;1645
20160203 115200;12.9549;12.9549;12.951;12.951;667
20160203 115400;12.95;12.95;12.95;12.95;100
20160203 115600;12.9908;12.9908;12.9908;12.9908;128
20160203 115700;12.95;12.95;12.95;12.95;100
20160203 120000;12.95;12.95;12.95;12.95;100
20160203 120300;12.95;12.95;12.95;12.95;100
20160203 120700;12.95;12.95;12.95;12.95;100
20160203 121000;12.951;12.951;12.95;12.95;300
20160203 121300;12.95;12.95;12.95;12.95;100
20160203 121400;12.9866;12.9866;12.9866;12.9866;1163
20160203 121600;12.95;12.95;12.95;12.95;100
20160203 122000;12.95;12.95;12.95;12.95;100
20160203 122100;12.95;12.95;12.95;12.95;200
20160203 122200;12.988;12.988;12.988;12.988;345
20160203 122300;12.96;12.96;12.96;12.96;100
20160203 122700;12.95;12.95;12.95;12.95;100
20160203 123200;12.95;12.95;12.95;12.95;100
20160203 123300;12.95;12.95;12.95;12.95;100
20160203 123400;12.96;12.96;12.95;12.95;2900
20160203 124400;12.91;12.91;12.91;12.91;100
20160203 124500;12.91;12.91;12.91;12.91;100
20160203 125600;12.93;12.93;12.93;12.93;100
20160203 125700;12.932;12.932;12.932;12.932;100
20160203 130800;12.93;12.93;12.93;12.93;200
20160203 130900;12.93;12.93;12.93;12.93;100
20160203 131900;12.932;12.932;12.932;12.932;100
20160203 132100;12.932;12.932;12.932;12.932;100
20160203 132500;12.98;12.98;12.98;12.98;100
20160203 133100;12.93;12.93;12.93;12.93;100
20160203 134200;12.932;12.932;12.932;12.932;100
20160203 134300;12.932;12.932;12.932;12.932;100
20160203 135300;12.93;12.93;12.93;12.93;200
20160203 140300;12.91;12.92;12.91;12.92;200
20160203 141300;12.92;12.92;12.92;12.92;200
20160203 142200;12.942;12.942;12.942;12.942;100
20160203 142300;12.942;12.942;12.942;12.942;100
20160203 142400;12.97;12.97;12.9685;12.9685;4000
20160203 142500;12.9699;13;12.9699;13;5000
20160203 142600;13.02;13.02;13.02;13.02;100
20160203 142900;13.04;13.04;13.04;13.04;200
20160203 143000;13.04;13.08;13.04;13.08;600
20160203 143900;13.05;13.05;13.05;13.05;100
20160203 144600;13.04;13.08;13.04;13.08;300
20160203 145100;13.08;13.12;13.0736;13.12;2200
20160203 145200;13.0963;13.0963;13.0963;13.0963;1000
20160203 145600;13.1;13.1;13.09;13.09;700
20160203 145700;13.0901;13.0901;13.0901;13.0901;1700
20160203 145900;13.09;13.09;13.09;13.09;400
20160203 150700;13.09;13.09;13.09;13.09;200
20160203 151400;13.09;13.09;13.09;13.09;200
20160203 151800;13.0901;13.11;13.0901;13.11;700
20160203 152200;13.1002;13.1002;13.1002;13.1002;1503
20160203 152400;13.09;13.0985;13.09;13.09;485
20160203 153100;13.1;13.1;13.09;13.09;795
20160203 153400;13.04;13.05;13;13;3804
20160203 153600;13.01;13.01;13.01;13.01;200
20160203 154100;13.03;13.03;13.01;13.01;200
20160203 154200;13.0499;13.0499;13.0499;13.0499;1500
20160203 154400;13.03;13.03;13.03;13.03;100
20160203 154700;13.032;13.032;13.03;13.03;200
20160203 155000;13.03;13.03;13.03;13.03;200
20160203 155100;13.04;13.11;13.04;13.11;600
20160203 155600;13.05;13.06;13.05;13.05;300
20160203 155700;13.05;13.05;13.05;13.05;200
20160203 155800;13.05;13.05;13.05;13.05;100
20160203 155900;13.05;13.08;13.05;13.08;300
20160203 160000;13.07;13.07;13.05;13.06;1811
20160204 093300;13.04;13.04;13.04;13.04;100
20160204 094200;12.95;12.992;12.95;12.992;1470
20160204 094400;13.02;13.02;13.02;13.02;100
20160204 094700;13.025;13.025;13.025;13.025;790
20160204 095300;12.98;12.98;12.98;12.98;269
20160204 095600;12.9901;12.9901;12.9901;12.9901;100
20160204 095900;13;13;13;13;100
20160204 100100;12.99;12.9901;12.99;12.9901;299
20160204 100300;12.97;12.97;12.97;12.97;100
20160204 100600;12.96;12.96;12.96;12.96;100
20160204 100800;13;13;13;13;100
20160204 101100;12.9801;12.9801;12.9801;12.9801;100
20160204 101300;13.0001;13.0001;13.0001;13.0001;100
20160204 101500;13.01;13.01;13.01;13.01;100
20160204 101600;13.02;13.02;13.02;13.02;100
20160204 101800;13.02;13.02;13.02;13.02;100
20160204 102100;13.0401;13.0401;13.0401;13.0401;100
20160204 102400;13.0401;13.0401;13.0401;13.0401;100
20160204 102600;13.0876;13.0876;13.0876;13.0876;100
20160204 102700;13.0401;13.0401;13.0401;13.0401;100
20160204 102800;13.08;13.11;13.08;13.11;700
20160204 103000;13.08;13.08;13.08;13.08;100
20160204 103100;13.1;13.1;13.1;13.1;100
20160204 103200;13.075;13.075;13.075;13.075;100
20160204 103500;13.0501;13.0501;13.0501;13.0501;100
20160204 103800;13.0601;13.0601;13.0601;13.0601;100
20160204 103900;13.12;13.12;13.12;13.12;300
20160204 104100;13.1;13.1;13.1;13.1;100
20160204 104400;13.1;13.1;13.1;13.1;100
20160204 104700;13.1;13.1;13.1;13.1;100
20160204 105300;13.06;13.06;13.06;13.06;100
20160204 105600;13.06;13.06;13.06;13.06;100
20160204 110000;13.1001;13.1001;13.1001;13.1001;100
20160204 110300;13.1001;13.1001;13.1001;13.1001;100
20160204 110700;13.1;13.1;13.1;13.1;100
20160204 110900;13.1;13.1;13.1;13.1;100
20160204 111300;13.1;13.1;13.1;13.1;200
20160204 111600;13.1;13.1;13.1;13.1;2211
20160204 113200;13.05;13.11;13.03;13.03;800
20160204 114000;13.0587;13.0587;13.0587;13.0587;395
20160204 142300;13.0575;13.0575;13.0575;13.0575;215
20160204 143700;13.04;13.0579;13.04;13.0579;1090
20160204 151500;13.08;13.08;13.08;13.08;426
20160204 152000;13.044;13.045;13.04;13.045;3100
20160204 152100;13.09;13.09;13.09;13.09;200
20160204 152800;13.09;13.09;13.09;13.09;200
20160204 153400;13.09;13.09;13.0874;13.0874;1200
20160204 153800;13.09;13.09;13.09;13.09;200
20160204 153900;13.08;13.08;13.08;13.08;154
20160204 154200;13.08;13.08;13.08;13.08;200
20160204 154500;13.08;13.08;13.08;13.08;100
20160204 154700;13.08;13.08;13.08;13.08;100
20160204 154900;13.08;13.08;13.08;13.08;100
20160204 155100;13.08;13.08;13.08;13.08;100
20160204 155200;13.08;13.08;13.08;13.08;100
20160204 155400;13.08;13.08;13.08;13.08;100
20160204 155600;13.09;13.09;13.09;13.09;100
20160204 155700;13.08;13.08;13.08;13.08;100
20160204 155900;13.09;13.09;13.09;13.09;100
20160205 094700;13.045;13.045;13.045;13.045;513
20160205 095000;12.99;12.99;12.99;12.99;4000
20160205 095700;12.95;12.95;12.95;12.95;100
20160205 100100;12.96;12.96;12.96;12.96;100
20160205 100300;12.95;12.95;12.95;12.95;100
20160205 100500;12.95;12.95;12.95;12.95;100
20160205 100700;12.95;12.95;12.95;12.95;100
20160205 100900;12.95;12.95;12.95;12.95;200
20160205 101100;12.92;12.92;12.92;12.92;100
20160205 101400;12.94;12.94;12.94;12.94;100
20160205 101600;12.93;12.93;12.93;12.93;100
20160205 101800;12.96;12.96;12.96;12.96;200
20160205 102100;12.92;12.92;12.92;12.92;100
20160205 102300;12.91;12.91;12.91;12.91;100
20160205 102600;12.91;12.91;12.91;12.91;100
20160205 102800;12.93;12.93;12.93;12.93;100
20160205 103100;12.92;12.92;12.92;12.92;100
20160205 103300;12.9;12.9;12.9;12.9;300
20160205 103600;12.92;12.92;12.92;12.92;100
20160205 103900;12.92;12.92;12.92;12.92;100
20160205 104100;12.92;12.92;12.92;12.92;100
20160205 104400;12.92;12.92;12.92;12.92;100
20160205 104600;12.92;12.92;12.92;12.92;100
20160205 104900;12.91;12.91;12.91;12.91;100
20160205 105200;12.9;12.9;12.9;12.9;100
20160205 105500;12.9;12.9;12.9;12.9;100
20160205 105800;12.9;12.9;12.9;12.9;100
20160205 110000;12.9;12.9;12.9;12.9;100
20160205 110300;12.9;12.9;12.9;12.9;100
20160205 110600;12.9;12.9;12.9;12.9;100
20160205 110900;12.9;12.9;12.9;12.9;100
20160205 111200;12.9;12.9;12.9;12.9;200
20160205 111500;12.9;12.94;12.9;12.94;200
20160205 111800;12.9;12.9;12.9;12.9;100
20160205 112100;12.9;12.9;12.9;12.9;100
20160205 112400;12.9;12.9;12.9;12.9;100
20160205 112700;12.9;12.9;12.9;12.9;100
20160205 113000;12.9;12.9;12.9;12.9;100
20160205 113300;12.9;12.9;12.9;12.9;100
20160205 113700;12.9;12.9;12.9;12.9;100
20160205 114000;12.9;12.9;12.9;12.9;100
20160205 114300;12.9;12.9;12.9;12.9;100
20160205 114700;12.9;12.9;12.9;12.9;100
20160205 115000;12.9;12.9;12.9;12.9;100
20160205 115400;12.9;12.9;12.9;12.9;100
20160205 115800;12.9;12.9;12.9;12.9;100
20160205 120100;12.9;12.9;12.9;12.9;100
20160205 120500;12.9;12.9;12.9;12.9;100
20160205 120800;12.9;12.9;12.9;12.9;100
20160205 121200;12.9;12.9;12.9;12.9;100
20160205 121600;12.9;12.9;12.9;12.9;100
20160205 122000;12.9;12.9;12.9;12.9;100
20160205 122400;12.9;12.9;12.9;12.9;100
20160205 130100;12.9195;12.9264;12.901;12.9264;550
20160205 131100;12.9;12.9;12.9;12.9;200
20160205 131600;12.9;12.9;12.9;12.9;100
20160205 132100;12.91;12.91;12.91;12.91;100
20160205 133100;12.91;12.91;12.91;12.91;100
20160205 133600;12.91;12.91;12.91;12.91;100
20160205 134300;12.9;12.9;12.9;12.9;600
20160205 134600;12.9;12.9;12.9;12.9;100
20160205 135100;12.9;12.9;12.9;12.9;100
20160205 135600;12.9;12.9;12.9;12.9;100
20160205 135800;12.9038;12.9038;12.9038;12.9038;3814
20160205 140100;12.9;12.9;12.9;12.9;100
20160205 141100;12.9;12.9;12.9;12.9;100
20160205 141600;12.9;12.9;12.9;12.9;100
20160205 142000;12.92;12.92;12.92;12.92;100
20160205 142100;12.9;12.9;12.9;12.9;100
20160205 142600;12.9;12.9;12.9;12.9;100
20160205 143100;12.9;12.9;12.9;12.9;100
20160205 143600;12.9;12.9;12.9;12.9;100
20160205 144100;12.9;12.9;12.9;12.9;100
20160205 145100;12.9;12.9;12.9;12.9;100
20160205 145300;12.91;12.91;12.91;12.91;200
20160205 145600;12.9;12.9;12.9;12.9;100
20160205 150100;12.9;12.9;12.9;12.9;100
20160205 150600;12.9;12.9;12.9;12.9;100
20160205 150800;12.9;12.9;12.9;12.9;100
20160205 151100;12.9;12.9;12.9;12.9;100
20160205 151600;12.9;12.9;12.84;12.84;500
20160205 152100;12.82;12.82;12.82;12.82;100
20160205 152600;12.82;12.82;12.82;12.82;100
20160205 153100;12.79;12.79;12.79;12.79;100
20160205 153600;12.79;12.79;12.79;12.79;200
20160205 153700;12.8325;12.8325;12.8325;12.8325;100
20160205 154100;12.77;12.775;12.44;12.625;65212
20160205 154200;12.64;12.65;12.64;12.64;2200
20160205 154500;12.657;12.657;12.657;12.657;150
20160205 154600;12.63;12.63;12.63;12.63;300
20160205 155000;12.63;12.63;12.63;12.63;200
20160205 155100;12.63;12.63;12.63;12.63;200
20160205 155200;12.63;12.6385;12.62;12.6385;1200
20160205 155400;12.62;12.62;12.62;12.62;200
20160205 155600;12.62;12.62;12.62;12.62;200
20160205 155700;12.62;12.62;12.62;12.62;296
20160205 155800;12.62;12.62;12.62;12.62;200
20160205 155900;12.62;12.62;12.62;12.62;300
20160205 160000;12.62;12.62;12.59;12.59;900
