20160119 121200;6.9;6.9;6.9;6.9;600
20160119 121300;6.9;6.9;6.9;6.9;1400
20160119 121400;6.9;6.9;6.9;6.9;200
20160119 121500;6.9;6.9;6.9;6.9;1100
20160119 121700;6.89;6.89;6.88;6.88;700
20160119 121900;6.88;6.88;6.88;6.88;300
20160119 123300;6.84;6.85;6.84;6.85;1032
20160119 124100;6.84;6.84;6.75;6.75;485
20160119 144900;6.85;6.85;6.8;6.85;1000
20160119 145000;6.85;6.9;6.8;6.8;1200
20160119 150000;6.85;6.85;6.825;6.85;2600
20160119 150100;6.85;6.9;6.8;6.8;5200
20160119 150200;6.9;6.9;6.8701;6.9;1300
20160119 154500;6.82;6.82;6.82;6.82;100
20160119 155300;6.96;6.96;6.96;6.96;100
20160120 094500;6.513;6.513;6.513;6.513;124
20160120 094900;6.8098;6.8098;6.8098;6.8098;100
20160120 105200;6.795;6.795;6.795;6.795;100
20160120 115800;6.55;6.55;6.55;6.55;200
20160120 115900;6.61;6.61;6.61;6.61;400
20160120 120000;7;7;7;7;100
20160120 120100;6.79;6.79;6.74;6.74;200
20160120 120200;6.7;6.7;6.55;6.55;900
20160120 120300;6.41;6.51;6.41;6.51;401
20160120 120500;6.63;6.63;6.63;6.63;400
20160120 120600;6.7;6.7;6.7;6.7;500
20160120 121700;6.55;6.55;6.05;6.05;1702
20160120 121800;6.385;6.385;6.385;6.385;100
20160120 122200;5.91;6.29;5.91;6.29;400
20160120 122300;6.31;6.31;6.31;6.31;100
20160120 122400;5.56;6.55;5.56;6.55;998
20160120 122600;6.55;6.55;6.55;6.55;200
20160120 122700;6.55;6.55;6.55;6.55;200
20160120 122800;6.55;6.55;6.55;6.55;100
20160120 123300;6.41;6.41;6.41;6.41;204
20160120 123500;6.45;6.45;6.45;6.45;200
20160120 124000;6.36;6.36;6.36;6.36;100
20160120 124100;6.35;6.35;6.35;6.35;100
20160120 124200;6.075;6.44;6.075;6.4001;798
20160120 124600;6.44;6.44;6.42;6.4201;400
20160120 130200;6.28;6.28;6.25;6.25;900
20160120 130800;6.28;6.28;6.28;6.28;100
20160120 130900;6.28;6.4;6.28;6.4;500
20160120 131000;6.4;6.4;6.4;6.4;100
20160120 131700;6.4;6.4;6.4;6.4;1100
20160120 132200;6.5;6.5;6.5;6.5;100
20160120 132900;6.49;6.49;6.49;6.49;100
20160120 133400;6.5;6.5;6.5;6.5;100
20160120 142900;6.4999;6.4999;6.4999;6.4999;2000
20160120 144800;6.95;6.95;6.9;6.9;1900
20160120 144900;6.95;6.95;6.95;6.95;100
20160120 153600;6.85;6.95;6.79;6.95;1000
20160120 153700;6.95;6.95;6.79;6.95;2300
20160120 153800;6.85;6.95;6.84;6.9499;2100
20160120 153900;6.95;6.95;6.95;6.95;100
20160120 154100;6.95;6.95;6.95;6.95;100
20160120 155000;6.95;6.95;6.95;6.95;100
20160120 155300;6.94;6.94;6.94;6.94;100
20160120 155600;6.85;6.94;6.85;6.94;200
20160120 155700;6.95;6.95;6.95;6.95;100
20160121 101100;6.83;6.83;6.83;6.83;100
20160121 101200;6.79;6.85;6.79;6.85;300
20160121 101800;6.83;6.83;6.83;6.83;200
20160121 105000;6.96;6.96;6.96;6.96;100
20160121 112000;7.05;7.05;7.05;7.05;100
20160121 115100;6.44;6.86;6.44;6.86;200
20160121 115200;6.89;7.09;6.89;7.05;853
20160121 115300;7.03;7.08;7.03;7.08;500
20160121 115400;6.71;6.71;6.71;6.71;100
20160121 115500;6.93;6.93;6.77;6.77;200
20160121 115600;6.96;7;6.96;7;400
20160121 115700;7.07;7.075;7.06;7.075;1000
20160121 115800;7.02;7.0695;6.96;6.96;400
20160121 115900;7.04;7.1;7.04;7.1;549
20160121 120300;7.07;7.07;7.07;7.07;100
20160121 125600;7.1;7.1;7.1;7.1;500
20160121 125800;7.42;7.72;7.42;7.72;200
20160121 132100;7.71;7.71;7.71;7.71;100
20160121 132200;7.62;7.62;7.62;7.62;100
20160121 135300;7.0149;7.0149;7.0149;7.0149;1003
20160121 135900;7.0101;7.0101;7.0101;7.0101;1200
20160121 140000;7.1;7.13;7.05;7.1;1000
20160121 140600;7.39;7.39;7.39;7.39;100
20160121 145900;7.2079;7.2079;7.2079;7.2079;300
20160122 095700;7.5;7.5;7.5;7.5;300
20160122 110600;7.3501;7.3501;7.3501;7.3501;666
20160122 114600;7.61;7.61;7.4905;7.4905;500
20160122 114700;7.49;7.49;7.49;7.49;200
20160122 114800;7.49;7.51;7.49;7.51;300
20160122 114900;7.41;7.51;7.41;7.51;500
20160122 115000;7.52;7.58;7.52;7.58;200
20160122 115100;7.515;7.515;7.515;7.515;100
20160122 120800;7.5;7.5;7.5;7.5;1000
20160122 121000;7.5;7.5;7.5;7.5;449
20160122 130300;7.5;7.5;7.5;7.5;1050
20160122 130400;7.5;7.5;7.5;7.5;1501
20160122 131300;7.5;7.5;7.5;7.5;3499
20160122 132700;7.5;7.5;7.5;7.5;1501
20160122 132900;7.5;7.5;7.5;7.5;733
20160125 102000;7.52;7.52;7.52;7.52;100
20160125 102100;7.44;7.44;7.44;7.44;300
20160125 102200;7.43;7.43;7.35;7.35;200
20160125 102300;7.46;7.46;7.46;7.46;200
20160125 102700;7.45;7.45;7.45;7.45;101
20160125 123400;7.32;7.32;7.32;7.32;100
20160125 140100;7.36;7.36;7.36;7.36;800
20160125 140300;7.32;7.32;7.32;7.32;100
20160125 153800;7.37;7.37;7.37;7.37;1000
20160125 160000;7.34;7.34;7.34;7.34;194
20160126 143800;7.56;7.56;7.56;7.56;100
20160126 150000;7.3201;7.3201;7.3201;7.3201;700
20160126 155800;7.413;7.413;7.413;7.413;500
20160126 160000;7.53;7.53;7.4;7.4;302
20160127 131300;7.48;7.48;7.47;7.47;500
20160127 144000;7.46;7.46;7.46;7.46;100
20160127 154900;7.41;7.41;7.41;7.41;100
20160128 130100;7.3203;7.3203;7.3203;7.3203;600
20160128 140000;7.371;7.371;7.3202;7.3202;1400
20160128 140200;7.36;7.36;7.36;7.36;600
20160128 152100;7.3217;7.3217;7.3217;7.3217;700
20160129 113500;7.32;7.3201;7.32;7.3201;1400
20160129 113600;7.32;7.32;7.32;7.32;100
20160129 122000;7.32;7.32;7.32;7.32;700
20160129 135800;7.2201;7.2201;7.2201;7.2201;100
20160129 143600;7.35;7.35;7.35;7.35;271
20160129 153100;7.2291;7.2291;7.2291;7.2291;800
20160129 155300;7.24;7.24;7.2301;7.2301;400
20160129 155600;7.34;7.34;7.34;7.34;714
20160129 160000;7.22;7.22;7.22;7.22;913
20160201 114400;7.346;7.346;7.346;7.346;1000
20160201 131400;7.283;7.283;7.283;7.283;890
20160201 142000;7.2501;7.2501;7.25;7.25;200
20160201 150400;7.3299;7.3299;7.3299;7.3299;500
20160201 153000;7.22;7.22;7.22;7.22;100
20160201 154900;7.22;7.22;7.22;7.22;100
20160201 160000;7.22;7.22;7.22;7.22;100
20160202 095500;7.22;7.22;7.22;7.22;100
20160202 151500;7.234;7.234;7.22;7.2212;4100
20160202 151600;7.22;7.2201;7.22;7.2201;3000
20160203 101400;7.14;7.14;7.14;7.14;100
20160203 102300;7.36;7.36;7.36;7.36;137
20160203 102500;7.15;7.2;7.15;7.2;200
20160203 110900;7.03;7.2985;7.03;7.2985;282
20160203 120300;6.8301;6.8301;6.8301;6.8301;1300
20160203 122200;7.2;7.2;7.2;7.2;100
20160203 131000;7.2;7.2;7.2;7.2;1100
20160203 133000;7.2;7.2;7.2;7.2;100
20160203 134900;7.24;7.24;7.24;7.24;116
20160203 155100;7.19;7.19;7.19;7.19;100
20160204 123300;7.35;7.4849;7.35;7.4849;500
20160204 125400;7.264;7.27;7.25;7.2618;1472
20160204 125600;7.2501;7.2501;7.2501;7.2501;250
20160204 131300;7.422;7.422;7.422;7.422;200
20160204 143000;7.4;7.4;7.4;7.4;1500
20160204 155900;7.2601;7.2601;7.2601;7.2601;100
20160204 160000;7.43;7.44;7.43;7.44;500
20160205 112000;7.2623;7.2623;7.2623;7.2623;500
20160205 112500;7.4899;7.4899;7.4899;7.4899;1000
20160205 113700;7.3201;7.3201;7.3201;7.3201;500
20160205 120600;7.49;7.49;7.49;7.49;100
20160205 124800;7.34;7.34;7.34;7.34;100
20160205 125500;7.32;7.32;7.27;7.27;47800
20160205 131700;7.27;7.27;7.27;7.27;100
20160205 132400;7.27;7.27;7.27;7.27;100
20160205 135100;7.27;7.27;7.27;7.27;100
20160205 151000;7.25;7.25;7.25;7.25;463
20160205 153800;7.23;7.3299;7.23;7.3299;300
20160205 155000;7.25;7.25;7.17;7.1701;2100
20160205 160000;7.18;7.18;7.18;7.18;200
20160205 161200;7.27;7.27;7.27;7.27;61
