20160119 155600;9.64;9.6499;9.64;9.6499;200
20160119 160000;9.51;9.51;9.51;9.51;100
20160120 102200;9.63;9.6395;9.63;9.6395;200
20160120 111400;9.35;9.35;9.35;9.35;735
20160120 122200;9.65;9.65;9.65;9.65;100
20160120 122300;9.64;9.64;9.63;9.63;200
20160120 132800;9.6;9.6;9.6;9.6;500
20160120 140300;9.4501;9.4696;9.4501;9.4696;1200
20160120 160000;9.58;9.58;9.58;9.58;100
20160121 114000;9.58;9.58;9.58;9.58;779
20160121 151000;9.976;9.976;9.976;9.976;300
20160122 142800;9.73;9.73;9.73;9.73;100
20160125 122300;9.75;9.75;9.75;9.75;100
20160125 132300;9.75;9.75;9.75;9.75;100
20160125 143800;9.75;9.75;9.75;9.75;100
20160125 152400;9.75;9.75;9.75;9.75;100
20160126 122800;9.9678;9.9678;9.9678;9.9678;300
20160126 131400;9.96;9.96;9.96;9.96;100
20160126 132100;9.96;9.96;9.96;9.96;100
20160127 094200;9.94;9.98;9.94;9.98;1000
20160127 094500;9.9799;9.9799;9.9799;9.9799;300
20160127 103800;9.97;9.98;9.97;9.98;379
20160127 104200;9.98;9.98;9.98;9.98;1000
20160127 110900;10;10;10;10;159
20160127 155200;9.99;9.99;9.99;9.99;900
20160128 135900;9.9;9.91;9.9;9.9;1100
20160128 145100;9.9001;9.9001;9.9001;9.9001;1000
20160128 155300;9.9001;9.9001;9.9001;9.9001;195
20160129 102900;9.9;9.94;9.9;9.94;500
20160129 140100;9.94;9.95;9.94;9.95;1400
20160129 140200;9.95;9.95;9.95;9.95;200
20160129 154600;10;10;10;10;200
20160129 160000;9.85;9.85;9.85;9.85;117
20160201 131200;10.47;10.47;10.47;10.47;100
20160201 150400;10.47;10.47;10.47;10.47;100
20160203 094100;10.49;10.49;10.49;10.49;106
20160203 095100;10.49;10.49;10.49;10.49;100
