20160119 095400;9.8942;9.8942;9.8913;9.8913;800
20160119 100300;10.02;10.02;10.02;10.02;100
20160119 100400;9.9681;9.9681;9.9681;9.9681;1180
20160119 102200;9.99;9.99;9.99;9.99;100
20160119 102500;9.95;9.95;9.95;9.95;100
20160119 102600;9.96;9.96;9.96;9.96;100
20160119 104800;9.97;9.97;9.97;9.97;100
20160119 105200;9.97;9.97;9.97;9.97;100
20160119 105400;9.93;9.94;9.93;9.93;400
20160119 105700;9.93;9.93;9.93;9.93;100
20160119 110000;9.93;9.93;9.93;9.93;200
20160119 110300;9.92;9.92;9.92;9.92;100
20160119 110600;9.92;9.92;9.92;9.92;100
20160119 110900;9.955;9.955;9.955;9.955;100
20160119 111300;9.92;9.92;9.92;9.92;100
20160119 111700;9.92;9.92;9.92;9.92;100
20160119 112100;9.92;9.92;9.92;9.92;100
20160119 112500;9.92;9.92;9.92;9.92;100
20160119 112900;9.92;9.92;9.92;9.92;100
20160119 113300;9.94;9.94;9.94;9.94;100
20160119 113700;9.94;9.94;9.94;9.94;100
20160119 114100;9.942;9.942;9.94;9.94;1200
20160119 114200;9.93;9.93;9.93;9.93;100
20160119 114500;9.92;9.92;9.92;9.92;500
20160119 114600;9.92;9.92;9.92;9.92;100
20160119 115000;9.92;9.92;9.92;9.92;100
20160119 115300;9.92;9.92;9.92;9.92;100
20160119 115700;9.92;9.92;9.92;9.92;100
20160119 120100;9.92;9.92;9.92;9.92;100
20160119 120500;9.92;9.92;9.92;9.92;100
20160119 120900;9.92;9.92;9.92;9.92;100
20160119 121300;9.92;9.92;9.92;9.92;100
20160119 121700;9.92;9.92;9.92;9.92;100
20160119 121900;9.92;9.92;9.92;9.92;3700
20160119 122100;9.92;9.92;9.92;9.92;100
20160119 122200;9.92;9.92;9.9;9.9;880
20160119 122500;9.9;9.9;9.9;9.9;100
20160119 122900;9.9;9.9;9.9;9.9;100
20160119 123300;9.9;9.9;9.9;9.9;100
20160119 123700;9.9;9.9;9.9;9.9;100
20160119 124100;9.91;9.91;9.91;9.91;100
20160119 124500;9.91;9.91;9.91;9.91;100
20160119 125000;9.9;9.9;9.9;9.9;100
20160119 125400;9.9;9.9;9.9;9.9;100
20160119 125800;9.9;9.9;9.9;9.9;100
20160119 125900;9.9092;9.9092;9.9092;9.9092;572
20160119 130300;9.9;9.9;9.9;9.9;100
20160119 130700;9.9;9.9;9.9;9.9;100
20160119 131100;9.9;9.9;9.9;9.9;100
20160119 131500;9.9;9.9;9.9;9.9;100
20160119 131700;9.9408;9.9408;9.9408;9.9408;1000
20160119 131900;9.9;9.9;9.9;9.9;100
20160119 132400;9.9;9.9;9.9;9.9;100
20160119 132800;9.9;9.9;9.9;9.9;100
20160119 133200;9.9;9.9;9.9;9.9;100
20160119 133600;9.9;9.9;9.9;9.9;100
20160119 134100;9.9;9.91;9.9;9.9;300
20160119 134500;9.9;9.9;9.9;9.9;1211
20160119 134900;9.89;9.89;9.89;9.89;100
20160119 135400;9.89;9.89;9.89;9.89;100
20160119 135800;9.88;9.88;9.88;9.88;100
20160119 140200;9.89;9.89;9.89;9.89;100
20160119 140400;9.895;9.895;9.895;9.895;200
20160119 140600;9.89;9.899;9.89;9.898;2900
20160119 141300;9.8801;9.8801;9.8801;9.8801;1000
20160119 141600;9.89;9.89;9.89;9.89;100
20160119 141900;9.89;9.89;9.88;9.88;3200
20160119 142000;9.84;9.84;9.84;9.84;100
20160119 142300;9.84;9.84;9.84;9.84;100
20160119 142700;9.84;9.84;9.84;9.84;100
20160119 143000;9.84;9.84;9.84;9.84;100
20160119 143400;9.84;9.84;9.84;9.84;100
20160119 143800;9.84;9.84;9.84;9.84;300
20160119 144100;9.76;9.76;9.76;9.76;100
20160119 144500;9.76;9.76;9.76;9.76;100
20160119 144800;9.76;9.76;9.76;9.76;100
20160119 145200;9.76;9.76;9.76;9.76;100
20160119 145500;9.76;9.76;9.76;9.76;100
20160119 145800;9.7784;9.7784;9.76;9.76;1900
20160119 150100;9.76;9.76;9.76;9.76;100
20160119 150400;9.76;9.76;9.76;9.76;100
20160119 150600;9.77;9.77;9.77;9.77;100
20160119 150800;9.76;9.76;9.76;9.76;100
20160119 150900;9.77;9.77;9.77;9.77;100
20160119 151100;9.76;9.76;9.76;9.76;100
20160119 151400;9.76;9.76;9.76;9.76;100
20160119 151500;9.76;9.76;9.76;9.76;100
20160119 151700;9.76;9.76;9.76;9.76;100
20160119 151900;9.76;9.76;9.76;9.76;100
20160119 152100;9.76;9.76;9.76;9.76;200
20160119 152300;9.77;9.77;9.77;9.77;100
20160119 152500;9.78;9.78;9.78;9.78;100
20160119 152600;9.78;9.78;9.78;9.78;100
20160119 153000;9.79;9.79;9.79;9.79;100
20160119 153100;9.8;9.8;9.8;9.8;200
20160119 153200;9.79;9.79;9.7664;9.7664;369
20160119 153400;9.79;9.79;9.79;9.79;100
20160119 153600;9.79;9.79;9.761;9.785;1145
20160119 153700;9.8099;9.8099;9.79;9.79;1897
20160119 153800;9.78;9.7999;9.78;9.7999;695
20160119 154100;9.76;9.76;9.76;9.76;100
20160119 154300;9.76;9.76;9.76;9.76;200
20160119 154400;9.8;9.8;9.8;9.8;100
20160119 154500;9.8;9.81;9.8;9.81;200
20160119 154600;9.76;9.76;9.76;9.76;100
20160119 154700;9.81;9.8199;9.81;9.8199;1285
20160119 154900;9.81;9.81;9.81;9.81;100
20160119 155000;9.81;9.81;9.81;9.81;100
20160119 155100;9.82;9.82;9.795;9.82;1144
20160119 155300;9.8;9.8;9.8;9.8;100
20160119 155400;9.8;9.8;9.8;9.8;100
20160119 155500;9.8;9.8;9.8;9.8;100
20160119 155600;9.8;9.8;9.8;9.8;100
20160119 155700;9.8;9.8;9.8;9.8;100
20160119 155800;9.8;9.8173;9.8;9.8173;780
20160119 155900;9.8;9.8;9.8;9.8;200
20160119 160000;9.8;9.82;9.8;9.82;800
20160120 093200;9.6001;9.6001;9.6001;9.6001;1000
20160120 093900;9.67;9.67;9.67;9.67;200
20160120 094100;9.69;9.69;9.69;9.69;100
20160120 094300;9.63;9.7;9.62;9.66;1904
20160120 094400;9.6317;9.65;9.6317;9.65;1300
20160120 094600;9.665;9.7;9.665;9.7;200
20160120 094800;9.7;9.7;9.7;9.7;100
20160120 095100;9.69;9.69;9.69;9.69;100
20160120 095200;9.64;9.64;9.63;9.6398;6509
20160120 095300;9.6999;9.6999;9.6999;9.6999;175
20160120 095600;9.7;9.7;9.7;9.7;100
20160120 095700;9.64;9.7;9.62;9.62;2548
20160120 100000;9.6;9.6;9.53;9.53;1600
20160120 100400;9.57;9.62;9.57;9.62;500
20160120 100500;9.57;9.58;9.55;9.55;700
20160120 100600;9.53;9.58;9.53;9.58;200
20160120 101400;9.56;9.56;9.56;9.56;100
20160120 101800;9.6;9.6;9.6;9.6;100
20160120 102100;9.57;9.57;9.57;9.57;100
20160120 102200;9.551;9.551;9.551;9.551;940
20160120 102300;9.59;9.59;9.59;9.59;100
20160120 102400;9.54;9.54;9.54;9.54;1000
20160120 102800;9.59;9.59;9.59;9.59;100
20160120 103500;9.54;9.54;9.54;9.54;200
20160120 103700;9.53;9.53;9.53;9.53;500
20160120 103800;9.55;9.55;9.55;9.55;100
20160120 104900;9.55;9.55;9.55;9.55;100
20160120 105100;9.53;9.535;9.43;9.44;5430
20160120 105200;9.51;9.51;9.51;9.51;100
20160120 110600;9.44;9.44;9.43;9.43;300
20160120 111000;9.45;9.45;9.45;9.45;100
20160120 111900;9.45;9.45;9.45;9.45;100
20160120 112100;9.47;9.47;9.47;9.47;100
20160120 112800;9.45;9.47;9.43;9.43;4384
20160120 113000;9.45;9.45;9.45;9.45;100
20160120 113100;9.45;9.452;9.43;9.43;10276
20160120 113400;9.43;9.43;9.43;9.43;100
20160120 114000;9.43;9.43;9.43;9.43;300
20160120 114200;9.43;9.4426;9.36;9.4426;7100
20160120 114900;9.35;9.35;9.35;9.35;100
20160120 115000;9.34;9.34;9.34;9.34;100
20160120 115400;9.34;9.34;9.34;9.34;200
20160120 115700;9.3994;9.3994;9.3994;9.3994;219
20160120 120400;9.34;9.34;9.34;9.34;100
20160120 120700;9.39;9.39;9.39;9.39;100
20160120 120900;9.34;9.34;9.34;9.34;100
20160120 121200;9.38;9.38;9.38;9.38;100
20160120 121300;9.34;9.3526;9.34;9.3526;800
20160120 121400;9.356;9.356;9.356;9.356;400
20160120 121500;9.38;9.38;9.34;9.34;300
20160120 122000;9.34;9.34;9.34;9.34;100
20160120 122100;9.34;9.34;9.34;9.34;100
20160120 122900;9.34;9.34;9.34;9.34;200
20160120 123200;9.34;9.34;9.21;9.21;5240
20160120 123300;9.215;9.215;9.215;9.215;100
20160120 123400;9.22;9.22;9.22;9.22;100
20160120 123500;9.22;9.22;9.22;9.22;100
20160120 124200;9.22;9.22;9.22;9.22;200
20160120 125100;9.274;9.274;9.22;9.22;290
20160120 125300;9.2799;9.2799;9.2799;9.2799;1864
20160120 125600;9.2799;9.2799;9.2799;9.2799;582
20160120 125800;9.2799;9.28;9.2586;9.28;1482
20160120 125900;9.27;9.28;9.27;9.28;1098
20160120 130700;9.28;9.28;9.28;9.28;100
20160120 131700;9.28;9.28;9.28;9.28;100
20160120 132700;9.28;9.28;9.28;9.28;100
20160120 132900;9.33;9.33;9.33;9.33;500
20160120 133200;9.33;9.34;9.33;9.34;400
20160120 134300;9.3668;9.3668;9.3668;9.3668;4300
20160120 134600;9.38;9.38;9.3785;9.38;1949
20160120 134900;9.4;9.41;9.4;9.41;300
20160120 140200;9.44;9.44;9.44;9.44;2497
20160120 140900;9.4338;9.4338;9.4338;9.4338;1133
20160120 141400;9.45;9.45;9.45;9.45;200
20160120 141800;9.451;9.451;9.451;9.451;650
20160120 142800;9.4621;9.4621;9.4621;9.4621;202
20160120 143200;9.454;9.454;9.43;9.452;8099
20160120 145200;9.446;9.446;9.446;9.446;830
20160120 150100;9.44;9.44;9.44;9.44;100
20160120 151000;9.4598;9.4599;9.4598;9.4599;941
20160120 151100;9.4598;9.46;9.4585;9.4585;1311
20160120 151200;9.4599;9.4599;9.4599;9.4599;580
20160120 151500;9.4576;9.4576;9.4576;9.4576;650
20160120 151600;9.444;9.4524;9.444;9.4524;800
20160120 151900;9.4599;9.4599;9.4599;9.4599;583
20160120 152100;9.46;9.46;9.46;9.46;400
20160120 152300;9.4599;9.47;9.44;9.47;1782
20160120 153200;9.589;9.589;9.589;9.589;585
20160120 153600;9.589;9.589;9.589;9.589;545
20160120 153800;9.5899;9.5899;9.5899;9.5899;1000
20160120 154100;9.5842;9.5842;9.5842;9.5842;1000
20160120 154200;9.56;9.6;9.53;9.53;3200
20160120 154500;9.57;9.57;9.5652;9.569;1800
20160120 155600;9.53;9.53;9.53;9.53;100
20160120 155700;9.54;9.54;9.53;9.53;400
20160120 155900;9.51;9.51;9.51;9.51;100
20160121 093300;9.3948;9.3948;9.3948;9.3948;100
20160121 093600;9.58;9.58;9.58;9.58;100
20160121 093700;9.59;9.6;9.59;9.6;200
20160121 093800;9.6;9.6;9.58;9.58;400
20160121 093900;9.58;9.59;9.58;9.59;200
20160121 094000;9.6;9.63;9.6;9.63;300
20160121 094100;9.63;9.63;9.63;9.63;200
20160121 094200;9.64;9.64;9.62;9.62;200
20160121 094300;9.62;9.62;9.62;9.62;200
20160121 094400;9.62;9.63;9.62;9.63;300
20160121 094500;9.62;9.62;9.61;9.62;300
20160121 094600;9.62;9.62;9.62;9.62;200
20160121 094700;9.62;9.62;9.62;9.62;200
20160121 094800;9.61;9.61;9.59;9.59;300
20160121 094900;9.6;9.6;9.6;9.6;200
20160121 095000;9.6;9.6;9.6;9.6;100
20160121 095100;9.59;9.59;9.59;9.59;200
20160121 095200;9.6;9.6;9.6;9.6;400
20160121 095300;9.6;9.6;9.6;9.6;200
20160121 095400;9.6;9.6;9.59;9.59;300
20160121 095500;9.59;9.59;9.59;9.59;200
20160121 095600;9.59;9.59;9.59;9.59;400
20160121 095700;9.59;9.59;9.59;9.59;300
20160121 095800;9.59;9.59;9.59;9.59;200
20160121 095900;9.59;9.59;9.59;9.59;300
20160121 100000;9.59;9.59;9.53;9.59;500
20160121 100100;9.59;9.59;9.59;9.59;200
20160121 100200;9.59;9.59;9.59;9.59;300
20160121 100300;9.59;9.59;9.59;9.59;200
20160121 100400;9.59;9.59;9.59;9.59;300
20160121 100500;9.6;9.6;9.59;9.59;300
20160121 100600;9.59;9.6;9.59;9.6;300
20160121 100700;9.6;9.6;9.6;9.6;200
20160121 100800;9.6;9.6;9.6;9.6;200
20160121 100900;9.59;9.59;9.58;9.59;3459
20160121 101100;9.59;9.59;9.59;9.59;100
20160121 101200;9.59;9.6;9.59;9.6;800
20160121 101300;9.6;9.6;9.6;9.6;300
20160121 101400;9.6;9.6;9.6;9.6;600
20160121 101500;9.6;9.61;9.6;9.61;300
20160121 101600;9.625;9.625;9.61;9.61;500
20160121 101700;9.63;9.63;9.63;9.63;100
20160121 101800;9.63;9.63;9.63;9.63;200
20160121 101900;9.63;9.63;9.63;9.63;200
20160121 102000;9.62;9.63;9.62;9.63;400
20160121 102100;9.63;9.63;9.63;9.63;200
20160121 102200;9.63;9.64;9.63;9.64;200
20160121 102300;9.63;9.63;9.63;9.63;200
20160121 102400;9.63;9.63;9.62;9.62;400
20160121 102500;9.62;9.62;9.61;9.61;1000
20160121 102700;9.63;9.63;9.63;9.63;100
20160121 102800;9.63;9.64;9.63;9.64;200
20160121 102900;9.64;9.64;9.64;9.64;200
20160121 103000;9.64;9.64;9.64;9.64;200
20160121 103100;9.64;9.64;9.64;9.64;200
20160121 103200;9.65;9.65;9.65;9.65;200
20160121 103300;9.65;9.65;9.65;9.65;200
20160121 103400;9.64;9.64;9.64;9.64;200
20160121 103500;9.65;9.65;9.64;9.64;300
20160121 103600;9.65;9.65;9.65;9.65;200
20160121 103700;9.65;9.65;9.64;9.64;200
20160121 103800;9.6499;9.65;9.64;9.65;300
20160121 103900;9.65;9.65;9.65;9.65;200
20160121 104000;9.65;9.65;9.65;9.65;200
20160121 104100;9.67;9.67;9.67;9.67;100
20160121 104200;9.658;9.67;9.658;9.67;300
20160121 104300;9.67;9.67;9.67;9.67;200
20160121 104400;9.67;9.67;9.67;9.67;200
20160121 104500;9.67;9.67;9.67;9.67;200
20160121 104600;9.67;9.67;9.67;9.67;200
20160121 104700;9.66;9.66;9.66;9.66;200
20160121 104800;9.66;9.67;9.66;9.67;200
20160121 104900;9.67;9.67;9.67;9.67;200
20160121 105000;9.67;9.7;9.67;9.7;500
20160121 105100;9.7;9.7;9.7;9.7;200
20160121 105200;9.7;9.7;9.7;9.7;200
20160121 105300;9.7;9.7;9.7;9.7;200
20160121 105400;9.7;9.7;9.7;9.7;200
20160121 105500;9.7;9.7;9.7;9.7;200
20160121 105600;9.7;9.7;9.7;9.7;200
20160121 105700;9.7;9.7;9.7;9.7;200
20160121 105800;9.69;9.69;9.69;9.69;200
20160121 105900;9.69;9.69;9.69;9.69;200
20160121 110000;9.69;9.69;9.69;9.69;200
20160121 110100;9.68;9.68;9.68;9.68;600
20160121 110400;9.674;9.68;9.674;9.68;700
20160121 110500;9.68;9.68;9.68;9.68;100
20160121 110600;9.68;9.68;9.68;9.68;200
20160121 110700;9.68;9.68;9.68;9.68;200
20160121 110800;9.68;9.68;9.68;9.68;200
20160121 110900;9.68;9.68;9.68;9.68;200
20160121 111000;9.68;9.68;9.68;9.68;200
20160121 111100;9.7;9.71;9.7;9.71;200
20160121 111200;9.71;9.71;9.71;9.71;200
20160121 111300;9.71;9.71;9.7;9.7;200
20160121 111400;9.71;9.71;9.71;9.71;200
20160121 111500;9.71;9.71;9.71;9.71;200
20160121 111600;9.71;9.71;9.71;9.71;200
20160121 111700;9.7;9.7;9.7;9.7;200
20160121 111800;9.69;9.69;9.662;9.662;700
20160121 111900;9.69;9.71;9.69;9.71;200
20160121 112000;9.71;9.71;9.71;9.71;200
20160121 112100;9.71;9.71;9.71;9.71;200
20160121 112200;9.71;9.72;9.71;9.72;200
20160121 112300;9.71;9.71;9.71;9.71;400
20160121 112400;9.71;9.71;9.71;9.71;200
20160121 112500;9.71;9.71;9.71;9.71;200
20160121 112600;9.71;9.71;9.71;9.71;487
20160121 112700;9.74;9.74;9.74;9.74;200
20160121 112800;9.74;9.74;9.74;9.74;200
20160121 112900;9.74;9.74;9.74;9.74;100
20160121 113000;9.76;9.76;9.752;9.76;662
20160121 113100;9.78;9.79;9.78;9.79;200
20160121 113200;9.79;9.79;9.79;9.79;100
20160121 113300;9.8;9.8;9.8;9.8;200
20160121 113400;9.8;9.8;9.8;9.8;200
20160121 113500;9.8;9.8;9.79;9.79;200
20160121 113600;9.8;9.81;9.8;9.81;200
20160121 113700;9.84;9.84;9.77;9.77;250
20160121 113800;9.88;9.89;9.88;9.89;200
20160121 113900;9.88;9.89;9.88;9.89;200
20160121 114000;9.88;9.88;9.88;9.88;200
20160121 114100;9.88;9.88;9.88;9.88;200
20160121 114200;9.7801;9.84;9.7801;9.815;2691
20160121 114300;9.85;9.85;9.85;9.85;200
20160121 114400;9.84;9.85;9.84;9.85;200
20160121 114500;9.85;9.85;9.78;9.78;500
20160121 114700;9.85;9.85;9.85;9.85;100
20160121 114800;9.85;9.85;9.85;9.85;200
20160121 114900;9.85;9.85;9.83;9.83;200
20160121 115000;9.83;9.83;9.71;9.71;7070
20160121 115200;9.8;9.8;9.78;9.78;400
20160121 115300;9.77;9.77;9.77;9.77;200
20160121 115400;9.77;9.77;9.77;9.77;500
20160121 115500;9.77;9.78;9.77;9.78;300
20160121 115600;9.78;9.78;9.78;9.78;200
20160121 115700;9.78;9.78;9.78;9.78;200
20160121 115800;9.8;9.8;9.79;9.79;200
20160121 115900;9.79;9.8;9.79;9.79;600
20160121 120000;9.79;9.8;9.79;9.8;200
20160121 120200;9.79;9.79;9.79;9.79;100
20160121 122500;9.82;9.86;9.8;9.83;2000
20160121 122600;9.87;9.87;9.87;9.87;100
20160121 123000;9.86;9.86;9.86;9.86;100
20160121 123200;9.85;9.85;9.85;9.85;100
20160121 123400;9.84;9.84;9.84;9.84;100
20160121 123500;9.83;9.83;9.83;9.83;100
20160121 123800;9.83;9.83;9.83;9.83;100
20160121 124000;9.84;9.84;9.84;9.84;100
20160121 124200;9.85;9.85;9.85;9.85;100
20160121 124400;9.86;9.86;9.86;9.86;100
20160121 124600;9.85;9.85;9.85;9.85;100
20160121 124800;9.85;9.85;9.85;9.85;100
20160121 125000;9.84;9.84;9.84;9.84;100
20160121 125200;9.86;9.86;9.86;9.86;100
20160121 125400;9.86;9.86;9.86;9.86;100
20160121 125600;9.86;9.86;9.86;9.86;100
20160121 125800;9.86;9.86;9.86;9.86;100
20160121 125900;9.83;9.83;9.83;9.83;100
20160121 130000;9.83;9.83;9.83;9.83;100
20160121 130200;9.84;9.84;9.84;9.84;100
20160121 130400;9.83;9.83;9.83;9.83;100
20160121 130600;9.83;9.83;9.83;9.83;100
20160121 130800;9.83;9.83;9.83;9.83;100
20160121 131000;9.83;9.83;9.83;9.83;100
20160121 131100;9.83;9.83;9.83;9.83;100
20160121 131300;9.83;9.83;9.83;9.83;100
20160121 131400;9.82;9.82;9.81;9.81;2142
20160121 131700;9.82;9.82;9.82;9.82;100
20160121 131900;9.81;9.81;9.81;9.81;100
20160121 132100;9.77;9.8;9.77;9.8;200
20160121 132300;9.78;9.81;9.78;9.81;200
20160121 132500;9.81;9.81;9.81;9.81;100
20160121 132800;9.79;9.79;9.79;9.79;100
20160121 133000;9.78;9.78;9.78;9.78;100
20160121 133200;9.79;9.79;9.79;9.79;100
20160121 133400;9.77;9.77;9.76;9.76;200
20160121 133800;9.77;9.77;9.77;9.77;100
20160121 140300;9.81;9.85;9.81;9.85;6700
20160121 140400;9.85;9.8501;9.85;9.85;17500
20160121 141300;9.76;9.76;9.76;9.76;100
20160121 141800;9.74;9.74;9.74;9.74;700
20160121 141900;9.73;9.73;9.73;9.73;200
20160121 142100;9.73;9.73;9.73;9.73;600
20160121 142600;9.72;9.73;9.7;9.72;4100
20160121 143700;9.76;9.76;9.76;9.76;100
20160121 143800;9.7;9.7;9.7;9.7;100
20160121 144900;9.76;9.76;9.76;9.76;100
20160121 145500;9.72;9.77;9.72;9.77;200
20160121 150100;9.73;9.73;9.73;9.73;100
20160121 150600;9.76;9.76;9.76;9.76;100
20160121 151200;9.76;9.76;9.76;9.76;100
20160121 151700;9.76;9.76;9.76;9.76;100
20160121 152100;9.73;9.73;9.73;9.73;100
20160121 152600;9.73;9.73;9.73;9.73;100
20160121 152800;9.71;9.71;9.71;9.71;100
20160121 153000;9.71;9.71;9.71;9.71;100
20160121 155900;9.66;9.66;9.66;9.66;100
20160121 160000;9.69;9.7;9.68;9.69;1179
20160122 093200;9.83;9.83;9.83;9.83;124
20160122 093300;9.76;9.76;9.76;9.76;100
20160122 094400;9.8;9.8;9.8;9.8;1000
20160122 094600;9.819;9.819;9.8185;9.819;1000
20160122 094700;9.8047;9.8047;9.8047;9.8047;1000
20160122 095100;9.8;9.8;9.8;9.8;100
20160122 095200;9.8;9.8;9.8;9.8;100
20160122 095300;9.81;9.82;9.81;9.82;200
20160122 095400;9.81;9.81;9.8073;9.8073;1100
20160122 095500;9.79;9.81;9.79;9.81;200
20160122 095600;9.8;9.82;9.8;9.82;300
20160122 095700;9.8025;9.8025;9.78;9.78;300
20160122 095800;9.7999;9.7999;9.79;9.79;3100
20160122 095900;9.817;9.84;9.817;9.8185;5477
20160122 100200;9.85;9.85;9.85;9.85;200
20160122 100400;9.82;9.82;9.82;9.82;100
20160122 100500;9.84;9.84;9.84;9.84;100
20160122 100700;9.83;9.83;9.83;9.83;100
20160122 100800;9.82;9.82;9.82;9.82;100
20160122 100900;9.84;9.84;9.84;9.84;100
20160122 101000;9.86;9.86;9.86;9.86;100
20160122 101100;9.84;9.85;9.83;9.85;300
20160122 101200;9.85;9.85;9.85;9.85;100
20160122 101300;9.86;9.86;9.86;9.86;100
20160122 101400;9.84;9.84;9.84;9.84;100
20160122 101600;9.84;9.86;9.84;9.86;200
20160122 101700;9.85;9.86;9.85;9.86;200
20160122 102100;9.886;9.886;9.886;9.886;185
20160122 102700;9.85;9.85;9.85;9.85;100
20160122 102800;9.85;9.85;9.85;9.85;100
20160122 102900;9.85;9.85;9.85;9.85;100
20160122 103100;9.86;9.86;9.86;9.86;100
20160122 103200;9.85;9.85;9.85;9.85;100
20160122 103300;9.85;9.85;9.85;9.85;100
20160122 103400;9.855;9.855;9.85;9.85;1300
20160122 103500;9.85;9.85;9.85;9.85;100
20160122 103600;9.85;9.85;9.85;9.85;100
20160122 103800;9.84;9.85;9.84;9.85;200
20160122 104000;9.86;9.86;9.85;9.85;200
20160122 104200;9.85;9.85;9.85;9.85;200
20160122 104300;9.89;9.9;9.89;9.9;404
20160122 104600;9.85;9.85;9.85;9.85;100
20160122 104700;9.86;9.86;9.86;9.86;100
20160122 104800;9.85;9.85;9.85;9.85;100
20160122 105000;9.84;9.84;9.84;9.84;100
20160122 105100;9.83;9.83;9.83;9.83;100
20160122 105300;9.83;9.83;9.83;9.83;100
20160122 105400;9.82;9.82;9.82;9.82;100
20160122 105600;9.82;9.82;9.82;9.82;100
20160122 105700;9.82;9.82;9.82;9.82;100
20160122 105900;9.82;9.82;9.82;9.82;100
20160122 110100;9.82;9.82;9.82;9.82;100
20160122 110200;9.83;9.83;9.83;9.83;100
20160122 110400;9.82;9.82;9.82;9.82;100
20160122 110500;9.82;9.82;9.82;9.82;100
20160122 110700;9.82;9.82;9.82;9.82;100
20160122 110900;9.82;9.82;9.82;9.82;100
20160122 111000;9.82;9.82;9.82;9.82;100
20160122 111200;9.82;9.82;9.82;9.82;100
20160122 111400;9.82;9.82;9.82;9.82;100
20160122 111500;9.84;9.84;9.82;9.83;2369
20160122 112800;9.9199;9.9199;9.9199;9.9199;335
20160122 113400;9.901;9.901;9.901;9.901;1000
20160122 113600;9.9;9.9;9.9;9.9;100
20160122 114400;9.8755;9.8755;9.8755;9.8755;500
20160122 114600;9.9;9.9;9.9;9.9;100
20160122 115200;9.92;9.92;9.91;9.91;2600
20160122 115400;9.9198;9.9198;9.9198;9.9198;530
20160122 115800;9.8501;9.91;9.8501;9.91;1500
20160122 122900;9.8501;9.8501;9.8501;9.8501;350
20160122 132000;9.87;9.87;9.87;9.87;100
20160122 132700;9.87;9.885;9.87;9.885;200
20160122 133000;9.9;9.9;9.9;9.9;208
20160122 133100;9.87;9.87;9.87;9.87;100
20160122 133500;9.86;9.86;9.86;9.86;100
20160122 133800;9.86;9.86;9.86;9.86;100
20160122 134600;9.9;9.9;9.9;9.9;198
20160122 135000;9.869;9.869;9.869;9.869;3300
20160122 135200;9.9;9.9;9.9;9.9;261
20160122 135400;9.899;9.899;9.8885;9.8885;419
20160122 135900;9.8897;9.89;9.8897;9.8897;2300
20160122 140100;9.8999;9.9;9.8999;9.9;2100
20160122 140900;9.9;9.9;9.9;9.9;1771
20160122 142000;9.94;9.94;9.9208;9.9208;4000
20160122 142300;9.94;9.94;9.94;9.94;200
20160122 142500;9.94;9.94;9.94;9.94;200
20160122 142600;9.97;9.97;9.97;9.97;100
20160122 143200;9.97;9.97;9.97;9.97;100
20160122 143600;9.96;9.96;9.96;9.96;300
20160122 144000;9.96;9.96;9.96;9.96;503
20160122 151200;9.9635;9.9635;9.9635;9.9635;557
20160122 151700;9.9799;9.9799;9.9799;9.9799;138
20160122 151900;9.98;10.06;9.94;9.99;7500
20160122 152000;9.98;9.98;9.98;9.98;100
20160122 152200;10.03;10.03;9.99;9.99;400
20160122 153500;9.985;9.985;9.985;9.985;250
20160122 154300;9.9751;9.9751;9.9751;9.9751;3100
20160122 154400;9.9751;10;9.9751;10;2150
20160122 155900;9.99;10;9.97;9.99;1800
20160122 160000;9.99;9.99;9.97;9.97;300
20160125 093700;9.95;9.97;9.95;9.95;4300
20160125 093800;9.99;10.05;9.95;10.05;2800
20160125 094000;10.03;10.03;10.03;10.03;100
20160125 094100;10.02;10.02;10.02;10.02;100
20160125 094800;9.96;9.97;9.91;9.91;8400
20160125 094900;9.89;9.89;9.89;9.89;100
20160125 095000;9.88;9.9;9.88;9.9;500
20160125 095100;9.87;9.87;9.87;9.87;100
20160125 095200;9.92;9.92;9.88;9.88;1500
20160125 095300;9.915;9.92;9.91;9.92;1600
20160125 095600;9.91;9.9499;9.91;9.94;3706
20160125 102600;9.93;9.93;9.93;9.93;100
20160125 102700;9.935;10.01;9.9201;9.99;2500
20160125 102800;9.95;9.95;9.95;9.95;100
20160125 103200;9.94;9.97;9.94;9.94;5950
20160125 103300;9.926;9.926;9.926;9.926;200
20160125 103900;9.93;9.956;9.93;9.956;300
20160125 104100;9.93;9.93;9.93;9.93;2700
20160125 104400;9.92;9.92;9.92;9.92;200
20160125 114000;9.9092;9.9092;9.9092;9.9092;500
20160125 120500;9.946;9.99;9.946;9.98;9520
20160125 121200;9.98;9.98;9.98;9.98;100
20160125 122700;9.98;9.98;9.98;9.98;100
20160125 122800;9.98;9.98;9.98;9.98;100
20160125 124100;9.99;9.99;9.99;9.99;100
20160125 124300;9.9802;9.99;9.9801;9.9801;6200
20160125 124400;9.99;9.99;9.98;9.98;11500
20160125 124500;9.987;9.99;9.986;9.99;500
20160125 140100;9.971;9.971;9.9701;9.9701;4500
20160125 140200;9.9701;9.971;9.97;9.97;5680
20160125 140500;9.96;9.96;9.96;9.96;100
20160125 140900;9.966;9.9785;9.966;9.9785;1318
20160125 141500;9.9701;9.9701;9.9701;9.9701;100
20160125 142100;9.98;9.98;9.98;9.98;100
20160125 142500;9.98;9.98;9.93;9.9301;10000
20160125 142900;9.94;9.94;9.94;9.94;100
20160125 145700;9.9456;9.9456;9.9456;9.9456;100
20160125 151700;9.9301;9.9301;9.9301;9.9301;586
20160125 152500;9.9301;9.9301;9.9301;9.9301;583
20160125 152600;9.932;9.932;9.932;9.932;100
20160125 153600;9.93;9.93;9.93;9.93;500
20160125 153700;9.91;9.91;9.91;9.91;200
20160125 155700;9.93;9.93;9.93;9.93;328
20160125 155900;9.91;9.91;9.91;9.91;100
20160126 093400;9.93;9.93;9.93;9.93;200
20160126 093600;9.976;10.02;9.9;10;5500
20160126 093700;9.9737;10.01;9.9737;10.01;1200
20160126 093800;10.01;10.01;9.977;10.01;1700
20160126 093900;10.0099;10.02;10.0099;10.02;1100
20160126 094000;10.01;10.01;10.01;10.01;900
20160126 095000;9.955;9.955;9.955;9.955;100
20160126 095400;9.955;9.955;9.955;9.955;100
20160126 100800;9.9669;9.9669;9.9669;9.9669;183
20160126 101100;9.97;9.97;9.97;9.97;100
20160126 101200;9.99;9.99;9.99;9.99;100
20160126 101400;10.01;10.01;10.01;10.01;400
20160126 102600;10.028;10.028;10.028;10.028;800
20160126 102800;10.02;10.02;10.02;10.02;100
20160126 105600;10.0101;10.0101;10.01;10.01;800
20160126 110100;10.01;10.01;10.01;10.01;250
20160126 110900;10.02;10.03;10.02;10.03;590
20160126 114500;10.03;10.03;10.03;10.03;1600
20160126 120000;10.0101;10.0101;10.0101;10.0101;1000
20160126 120500;10.0132;10.0132;10.01;10.0115;1800
20160126 120700;10.03;10.03;10.03;10.03;699
20160126 123800;10.056;10.056;10.056;10.056;300
20160126 124800;10.056;10.056;10.056;10.056;1000
20160126 125600;10.06;10.07;10.06;10.07;300
20160126 125700;10.06;10.06;10.06;10.06;200
20160126 130500;10.0685;10.069;10.0685;10.0685;419
20160126 134100;10.06;10.06;10.06;10.06;100
20160126 135100;10.0404;10.0404;10.0404;10.0404;1000
20160126 141200;10.06;10.06;10.06;10.06;100
20160126 141400;10.06;10.06;10.06;10.06;100
20160126 141600;10.0301;10.0301;10.0301;10.0301;2000
20160126 144000;10.03;10.047;10.03;10.047;1000
20160126 144100;10.06;10.06;10.06;10.06;300
20160126 145600;10.03;10.03;10.01;10.01;2500
20160126 150900;10.044;10.044;10.044;10.044;249
20160126 152100;10.06;10.06;10.06;10.06;100
20160126 152200;10.06;10.06;10.06;10.06;100
20160126 152400;10.06;10.06;10.06;10.06;100
20160126 152500;10.06;10.06;10.06;10.06;100
20160126 152700;10.06;10.06;10.06;10.06;100
20160126 152900;10.06;10.06;10.06;10.06;100
20160126 153000;10.06;10.06;10.06;10.06;100
20160126 153200;10.06;10.06;10.06;10.06;100
20160126 153300;10.06;10.06;10.06;10.06;100
20160126 153500;10.04;10.06;10.04;10.06;200
20160126 153600;10.06;10.06;10.06;10.06;100
20160126 153800;10.06;10.06;10.06;10.06;400
20160126 153900;10.06;10.06;10.06;10.06;100
20160126 154000;10.06;10.06;10.06;10.06;100
20160126 154100;10.06;10.06;10.06;10.06;400
20160126 154200;10.0551;10.0551;10.0551;10.0551;125
20160126 154300;10.018;10.018;10.018;10.018;100
20160126 154400;10.018;10.018;10.018;10.018;200
20160126 154500;10.0348;10.0348;10.0348;10.0348;100
20160126 154700;10.06;10.06;10.018;10.06;300
20160126 154800;10.018;10.06;10.018;10.06;1300
20160126 154900;10.023;10.06;10.023;10.06;700
20160126 155000;10.018;10.06;10.018;10.06;200
20160126 155100;10.06;10.06;10.018;10.018;300
20160126 155200;10.06;10.06;10.06;10.06;200
20160126 155300;10.06;10.06;10.018;10.06;500
20160126 155400;10.06;10.06;10.018;10.06;300
20160126 155500;10.05;10.05;10.0164;10.05;1300
20160126 155600;10.05;10.05;10.05;10.05;300
20160126 155700;10.05;10.05;10.02;10.05;600
20160126 155800;10.05;10.05;10.05;10.05;400
20160126 155900;10.05;10.05;10.02;10.05;500
20160126 160000;10.05;10.07;10.05;10.07;1100
20160127 093800;10.09;10.09;10.09;10.09;100
20160127 093900;10.09;10.09;10.09;10.09;100
20160127 094000;10.025;10.08;10.025;10.08;200
20160127 094200;10.09;10.09;9.98;9.98;200
20160127 094300;10.08;10.08;10.08;10.08;100
20160127 094400;10.03;10.07;9.99;10.07;300
20160127 094500;10.08;10.08;10.08;10.08;100
20160127 094600;10.08;10.08;10.08;10.08;100
20160127 094800;10.07;10.07;9.99;9.99;200
20160127 094900;10.06;10.07;9.98;9.98;600
20160127 095100;10.06;10.06;10.06;10.06;100
20160127 095200;9.98;9.99;9.98;9.99;200
20160127 095400;10.05;10.05;10.05;10.05;100
20160127 095600;10.055;10.055;9.98;9.98;200
20160127 095700;10.05;10.05;9.98;9.98;2600
20160127 095800;10.0001;10.015;10.0001;10.015;200
20160127 100200;10.05;10.05;10.04;10.04;2070
20160127 100400;10.05;10.05;10.05;10.05;100
20160127 100600;10.05;10.05;10.05;10.05;300
20160127 100700;10.05;10.05;10.05;10.05;200
20160127 100900;10.05;10.05;10.05;10.05;100
20160127 101100;10.05;10.05;10.05;10.05;100
20160127 101200;10.05;10.05;10.05;10.05;400
20160127 101300;10.04;10.04;10.03;10.03;1100
20160127 101400;10.0398;10.0398;10.0398;10.0398;119
20160127 102000;10.03;10.03;10.02;10.02;200
20160127 102100;10.02;10.02;10.02;10.02;100
20160127 102200;10.02;10.02;10.02;10.02;100
20160127 102300;10.03;10.03;10;10.015;955
20160127 102400;10.03;10.03;10.03;10.03;100
20160127 102600;10.03;10.03;10.03;10.03;888
20160127 102700;10.03;10.03;10.03;10.03;100
20160127 102900;10.02;10.02;10.02;10.02;100
20160127 103000;10.02;10.02;10.02;10.02;200
20160127 103100;10.02;10.02;10.02;10.02;100
20160127 103300;10.03;10.03;10.03;10.03;100
20160127 103400;10.03;10.03;10.03;10.03;100
20160127 103600;10.03;10.03;10.03;10.03;100
20160127 103700;10.03;10.03;10.03;10.03;100
20160127 103800;10.03;10.03;10.03;10.03;100
20160127 104000;10.03;10.03;10.03;10.03;100
20160127 104100;10.03;10.03;10.03;10.03;100
20160127 104300;10.03;10.03;10.03;10.03;100
20160127 104500;10.03;10.03;10.03;10.03;100
20160127 104700;10.03;10.03;10.03;10.03;200
20160127 104900;10.04;10.04;10.04;10.04;100
20160127 105000;10.025;10.025;10.025;10.025;100
20160127 105100;10.025;10.025;10.025;10.025;100
20160127 105300;10.01;10.02;10.01;10.01;300
20160127 105600;10.015;10.015;10.015;10.015;100
20160127 105800;10.015;10.015;10.015;10.015;100
20160127 110100;10.02;10.02;10.015;10.015;200
20160127 110500;10.03;10.03;10.03;10.03;100
20160127 110700;10.03;10.03;10.03;10.03;100
20160127 110900;10.02;10.02;10.02;10.02;100
20160127 111100;10.015;10.015;10.01;10.015;300
20160127 111400;10.015;10.015;10.015;10.015;100
20160127 111600;10.015;10.015;10.015;10.015;100
20160127 111900;10.02;10.02;10.02;10.02;100
20160127 112000;10.02;10.02;10.02;10.02;200
20160127 112100;10.02;10.02;10.02;10.02;350
20160127 112400;10.02;10.02;10.02;10.02;100
20160127 112600;10.02;10.02;10.02;10.02;100
20160127 112800;10.02;10.02;10.02;10.02;100
20160127 113000;10.02;10.02;10.02;10.02;100
20160127 113200;10.03;10.03;10.03;10.03;370
20160127 113300;10.03;10.03;10.03;10.03;100
20160127 113500;10.03;10.03;10.03;10.03;300
20160127 113700;10.05;10.05;10.05;10.05;100
20160127 113900;10.05;10.05;10.05;10.05;100
20160127 114200;10.05;10.05;10.05;10.05;100
20160127 114400;10.05;10.05;10.05;10.05;100
20160127 114600;10.05;10.05;10.05;10.05;400
20160127 114900;10.07;10.07;10.07;10.07;100
20160127 115100;10.07;10.07;10.07;10.07;100
20160127 115300;10.06;10.06;10.06;10.06;100
20160127 115600;10.06;10.06;10.06;10.06;100
20160127 115900;10.07;10.07;10.07;10.07;100
20160127 120100;10.0602;10.065;10.06;10.0608;700
20160127 120500;10.06;10.06;10.06;10.06;100
20160127 120900;10.06;10.06;10.06;10.06;100
20160127 121200;10.06;10.06;10.06;10.06;100
20160127 121400;10.06;10.06;10.06;10.06;100
20160127 121600;10.06;10.06;10.06;10.06;100
20160127 121800;10.06;10.06;10.06;10.06;100
20160127 122100;10.08;10.08;10.08;10.08;100
20160127 122300;10.08;10.08;10.08;10.08;100
20160127 122500;10.07;10.07;10.07;10.07;100
20160127 122700;10.07;10.07;10.07;10.07;100
20160127 122900;10.07;10.07;10.07;10.07;100
20160127 123200;10.07;10.07;10.07;10.07;100
20160127 123400;10.07;10.07;10.07;10.07;100
20160127 123600;10.07;10.07;10.07;10.07;100
20160127 123800;10.07;10.07;10.07;10.07;100
20160127 123900;10.051;10.052;10.05;10.05;700
20160127 124400;10.05;10.05;10.05;10.05;100
20160127 124500;10.05;10.05;10.05;10.05;300
20160127 124800;10.05;10.05;10.05;10.05;100
20160127 125000;10.05;10.05;10.0266;10.0266;1249
20160127 131400;10.06;10.06;10.06;10.06;128
20160127 131700;10.05;10.05;10.05;10.05;289
20160127 131800;10.04;10.04;10.04;10.04;200
20160127 134100;10.04;10.04;10;10.03;875
20160127 140300;10.04;10.04;10.04;10.04;245
20160127 140400;10.05;10.05;10.05;10.05;200
20160127 140500;10.0676;10.0676;10.0676;10.0676;1000
20160127 140800;10.0558;10.0558;10.0558;10.0558;106
20160127 141400;10.04;10.04;10.04;10.04;233
20160127 143100;10.04;10.04;10.04;10.04;200
20160127 143800;10.03;10.03;10.03;10.03;200
20160127 145000;10.01;10.01;10.01;10.01;100
20160127 145500;10;10;10;10;1270
20160127 145700;9.99;10.01;9.99;9.99;644
20160127 150700;9.9488;9.9488;9.9488;9.9488;257
20160127 151100;9.9599;9.9599;9.9599;9.9599;240
20160127 160000;9.98;9.98;9.98;9.98;400
20160128 094200;10.08;10.08;10.08;10.08;100
20160128 094500;10.07;10.07;10.07;10.07;100
20160128 094900;10.07;10.07;10.07;10.07;100
20160128 095300;10.07;10.08;10.07;10.08;200
20160128 095400;10.06;10.06;10.06;10.06;100
20160128 095600;10.07;10.07;10.07;10.07;100
20160128 100000;10.055;10.07;10.055;10.07;200
20160128 100100;10.07;10.07;10.06;10.06;300
20160128 100500;10.07;10.07;10.06;10.06;200
20160128 100700;10.061;10.07;10.061;10.066;4020
20160128 100800;10.08;10.08;10.08;10.08;100
20160128 101000;10.08;10.08;10.08;10.08;100
20160128 101300;10.08;10.12;10.08;10.12;600
20160128 101600;10.12;10.12;10.12;10.12;200
20160128 101800;10.12;10.12;10.12;10.12;100
20160128 101900;10.12;10.12;10.11;10.11;200
20160128 102000;10.11;10.11;10.11;10.11;100
20160128 102100;10.11;10.11;10.11;10.11;200
20160128 102500;10.11;10.11;10.11;10.11;100
20160128 102600;10.11;10.11;10.11;10.11;100
20160128 102700;10.11;10.11;10.1;10.101;1000
20160128 103100;10.0742;10.085;10.07;10.07;4500
20160128 103200;10.0725;10.0725;10.064;10.064;1600
20160128 103300;10.0796;10.0796;10.05;10.05;1300
20160128 103700;10.06;10.06;10.06;10.06;1800
20160128 103800;10.06;10.06;10.06;10.06;100
20160128 104300;10.0699;10.07;10.0699;10.07;1623
20160128 104600;10.0799;10.0799;10.0799;10.0799;200
20160128 104900;10.08;10.08;10.08;10.08;100
20160128 105000;10.08;10.08;10.0799;10.0799;200
20160128 105400;10.0799;10.0799;10.0799;10.0799;200
20160128 105600;10.08;10.08;10.075;10.075;200
20160128 105700;10.075;10.075;10.075;10.075;100
20160128 110200;10.09;10.09;10.0899;10.0899;300
20160128 110600;10.0899;10.0899;10.0899;10.0899;200
20160128 110700;10.09;10.09;10.09;10.09;100
20160128 111000;10.0899;10.0899;10.0899;10.0899;200
20160128 111300;10.09;10.09;10.09;10.09;100
20160128 111400;10.0899;10.0899;10.0899;10.0899;200
20160128 111600;10.07;10.0809;10.07;10.0809;555
20160128 111900;10.09;10.09;10.09;10.09;100
20160128 112000;10.09;10.09;10.0899;10.0899;200
20160128 112400;10.0899;10.0899;10.0899;10.0899;200
20160128 112600;10.09;10.09;10.09;10.09;100
20160128 112800;10.09;10.09;10.09;10.09;200
20160128 113100;10.06;10.06;10.05;10.05;450
20160128 113200;10.07;10.07;10.0504;10.0504;1200
20160128 113900;10.08;10.08;10.08;10.08;100
20160128 114000;10.08;10.08;10.08;10.08;100
20160128 114400;10.08;10.08;10.08;10.08;300
20160128 114600;10.08;10.08;10.08;10.08;200
20160128 115000;10.08;10.08;10.08;10.08;200
20160128 115300;10.09;10.09;10.09;10.09;300
20160128 115400;10.09;10.09;10.09;10.09;100
20160128 115800;10.09;10.09;10.09;10.09;100
20160128 120100;10.09;10.09;10.09;10.09;200
20160128 120500;10.09;10.09;10.09;10.09;1100
20160128 120600;10.09;10.09;10.09;10.09;235
20160128 120800;10.09;10.09;10.09;10.09;100
20160128 120900;10.09;10.09;10.09;10.09;200
20160128 121400;10.1;10.1;10.1;10.1;200
20160128 121500;10.1;10.1;10.1;10.1;100
20160128 122000;10.1;10.1;10.1;10.1;200
20160128 122400;10.1;10.1;10.1;10.1;100
20160128 122500;10.1;10.1;10.1;10.1;200
20160128 122700;10.0999;10.0999;10.0999;10.0999;200
20160128 122800;10.1;10.1;10.1;10.1;100
20160128 123000;10.1;10.1;10.1;10.1;200
20160128 123200;10.1;10.1;10.1;10.1;100
20160128 123500;10.1;10.1;10.1;10.1;200
20160128 124000;10.1;10.1;10.1;10.1;100
20160128 124100;10.1;10.1;10.1;10.1;200
20160128 124200;10.1;10.1;10.1;10.1;100
20160128 124300;10.0903;10.0903;10.0903;10.0903;100
20160128 124500;10.12;10.12;10.12;10.12;100
20160128 124600;10.12;10.12;10.12;10.12;200
20160128 124900;10.12;10.12;10.12;10.12;100
20160128 125200;10.119;10.119;10.119;10.119;200
20160128 125300;10.113;10.113;10.113;10.113;200
20160128 125700;10.11;10.12;10.11;10.12;235
20160128 130300;10.1199;10.1199;10.1199;10.1199;200
20160128 130800;10.119;10.119;10.119;10.119;200
20160128 131300;10.119;10.119;10.119;10.119;200
20160128 131400;10.1079;10.1079;10.1079;10.1079;541
20160128 131800;10.119;10.119;10.119;10.119;200
20160128 132400;10.1199;10.1199;10.1199;10.1199;200
20160128 132900;10.1199;10.1199;10.1199;10.1199;200
20160128 133400;10.12;10.12;10.119;10.119;200
20160128 133900;10.12;10.12;10.12;10.12;200
20160128 134400;10.12;10.12;10.12;10.12;200
20160128 134900;10.12;10.12;10.12;10.12;200
20160128 135400;10.12;10.12;10.12;10.12;200
20160128 135900;10.12;10.12;10.12;10.12;200
20160128 140300;10.12;10.12;10.12;10.12;100
20160128 140500;10.1136;10.1136;10.1136;10.1136;2500
20160128 140600;10.12;10.12;10.12;10.12;600
20160128 140900;10.1199;10.1199;10.1199;10.1199;100
20160128 141100;10.119;10.119;10.119;10.119;100
20160128 141300;10.119;10.119;10.119;10.119;100
20160128 141500;10.1199;10.1199;10.1199;10.1199;100
20160128 141700;10.12;10.12;10.12;10.12;100
20160128 142000;10.12;10.12;10.12;10.12;100
20160128 142200;10.1199;10.1199;10.1199;10.1199;100
20160128 142300;10.12;10.12;10.1172;10.12;4900
20160128 142400;10.13;10.13;10.13;10.13;100
20160128 142600;10.13;10.13;10.13;10.13;100
20160128 142800;10.13;10.13;10.13;10.13;100
20160128 143000;10.13;10.13;10.13;10.13;200
20160128 143200;10.14;10.14;10.14;10.14;100
20160128 143400;10.14;10.14;10.139;10.139;500
20160128 143500;10.14;10.14;10.14;10.14;266
20160128 143700;10.14;10.14;10.14;10.14;100
20160128 143900;10.139;10.139;10.139;10.139;100
20160128 144100;10.14;10.14;10.14;10.14;100
20160128 144300;10.14;10.14;10.14;10.14;100
20160128 144500;10.139;10.139;10.139;10.139;100
20160128 144700;10.14;10.14;10.14;10.14;100
20160128 144900;10.14;10.14;10.14;10.14;100
20160128 145100;10.139;10.139;10.139;10.139;100
20160128 145300;10.14;10.14;10.14;10.14;100
20160128 145500;10.14;10.14;10.14;10.14;100
20160128 145700;10.14;10.14;10.14;10.14;100
20160128 145900;10.14;10.14;10.1201;10.13;2300
20160128 150000;10.1399;10.1399;10.1399;10.1399;100
20160128 150200;10.1399;10.1399;10.1399;10.1399;100
20160128 150400;10.1399;10.1399;10.1399;10.1399;100
20160128 150600;10.1399;10.1399;10.1399;10.1399;100
20160128 150700;10.1399;10.1399;10.12;10.12;400
20160128 150800;10.12;10.12;10.12;10.12;100
20160128 150900;10.1;10.1;10.1;10.1;432
20160128 151400;10.14;10.14;10.13;10.13;500
20160128 151600;10.13;10.14;10.12;10.14;2042
20160128 151700;10.1264;10.1264;10.1151;10.1151;922
20160128 151800;10.11;10.115;10.11;10.11;300
20160128 152300;10.1299;10.1299;10.1299;10.1299;100
20160128 152500;10.1299;10.1299;10.1299;10.1299;100
20160128 152600;10.1299;10.1299;10.1299;10.1299;100
20160128 152800;10.1299;10.1299;10.1299;10.1299;100
20160128 152900;10.13;10.13;10.1299;10.1299;400
20160128 153100;10.1299;10.1299;10.1299;10.1299;100
20160128 153200;10.1299;10.1299;10.1299;10.1299;100
20160128 153300;10.1299;10.1299;10.1299;10.1299;100
20160128 153400;10.1299;10.1299;10.1299;10.1299;100
20160128 153500;10.13;10.13;10.13;10.13;100
20160128 153600;10.1299;10.1299;10.1299;10.1299;100
20160128 153700;10.13;10.13;10.13;10.13;100
20160128 153800;10.1285;10.1299;10.1285;10.1299;1087
20160128 154000;10.1299;10.1299;10.1299;10.1299;100
20160128 154100;10.1299;10.1299;10.1299;10.1299;100
20160128 154200;10.13;10.14;10.1179;10.1399;3400
20160128 154300;10.14;10.14;10.14;10.14;100
20160128 154400;10.1399;10.1399;10.1399;10.1399;100
20160128 154500;10.14;10.14;10.14;10.14;100
20160128 154600;10.1299;10.1299;10.1299;10.1299;100
20160128 154700;10.13;10.13;10.13;10.13;100
20160128 154800;10.1299;10.13;10.1299;10.13;500
20160128 154900;10.1299;10.1299;10.1299;10.1299;100
20160128 155000;10.13;10.13;10.13;10.13;100
20160128 155100;10.13;10.13;10.13;10.13;100
20160128 155200;10.1399;10.1399;10.1399;10.1399;100
20160128 155300;10.14;10.14;10.1399;10.1399;200
20160128 155400;10.14;10.14;10.14;10.14;200
20160128 155500;10.1399;10.14;10.1399;10.14;200
20160128 155600;10.14;10.14;10.14;10.14;300
20160128 155700;10.14;10.14;10.1399;10.14;300
20160128 155800;10.14;10.14;10.14;10.14;300
20160128 155900;10.15;10.16;10.1499;10.1499;1239
20160128 160000;10.15;10.16;10.15;10.15;300
20160128 161700;10.1211;10.1211;10.1211;10.1211;21939
20160129 093500;10.1412;10.1412;10.1412;10.1412;220
20160129 094000;10.2;10.2;10.2;10.2;100
20160129 094200;10.2;10.2;10.2;10.2;100
20160129 094400;10.2;10.2;10.2;10.2;100
20160129 094600;10.2;10.2;10.2;10.2;100
20160129 094900;10.15;10.15;10.15;10.15;100
20160129 095100;10.12;10.12;10.12;10.12;100
20160129 095400;10.12;10.12;10.09;10.1;1000
20160129 095500;10.1;10.12;10.09;10.09;300
20160129 095900;10.125;10.125;10.125;10.125;100
20160129 100200;10.15;10.15;10.15;10.15;100
20160129 100300;10.15;10.15;10.15;10.15;200
20160129 100500;10.165;10.165;10.165;10.165;100
20160129 100900;10.2;10.2;10.165;10.165;200
20160129 101000;10.165;10.165;10.165;10.165;100
20160129 101100;10.1657;10.1657;10.13;10.13;600
20160129 101200;10.165;10.165;10.165;10.165;100
20160129 101800;10.165;10.165;10.165;10.165;100
20160129 102200;10.165;10.165;10.165;10.165;100
20160129 102700;10.165;10.165;10.165;10.165;100
20160129 102900;10.165;10.165;10.165;10.165;100
20160129 103000;10.165;10.165;10.165;10.165;100
20160129 103500;10.165;10.165;10.165;10.165;100
20160129 103800;10.16;10.16;10.16;10.16;100
20160129 104400;10.165;10.165;10.165;10.165;100
20160129 104800;10.19;10.19;10.165;10.165;300
20160129 105200;10.165;10.165;10.165;10.165;100
20160129 105700;10.165;10.165;10.165;10.165;100
20160129 110100;10.165;10.165;10.165;10.165;100
20160129 110700;10.19;10.19;10.19;10.19;100
20160129 111100;10.18;10.18;10.18;10.18;100
20160129 111400;10.19;10.19;10.19;10.19;100
20160129 111800;10.19;10.19;10.19;10.19;100
20160129 112300;10.2;10.2;10.2;10.2;100
20160129 112700;10.2;10.2;10.2;10.2;100
20160129 113100;10.22;10.22;10.22;10.22;100
20160129 113500;10.23;10.23;10.23;10.23;100
20160129 113800;10.205;10.205;10.18;10.185;1400
20160129 114000;10.17;10.17;10.17;10.17;100
20160129 114100;10.18;10.19;10.18;10.18;500
20160129 114500;10.1834;10.1834;10.1834;10.1834;1000
20160129 114900;10.19;10.19;10.19;10.19;100
20160129 115000;10.19;10.19;10.19;10.19;140
20160129 115100;10.19;10.19;10.19;10.19;100
20160129 115300;10.24;10.24;10.24;10.24;100
20160129 115800;10.23;10.23;10.23;10.23;100
20160129 120300;10.23;10.23;10.23;10.23;100
20160129 120800;10.24;10.24;10.24;10.24;100
20160129 121300;10.24;10.24;10.24;10.24;100
20160129 121700;10.24;10.24;10.24;10.24;100
20160129 122100;10.25;10.25;10.25;10.25;100
20160129 122500;10.25;10.25;10.25;10.25;100
20160129 122700;10.249;10.249;10.249;10.249;800
20160129 123500;10.26;10.26;10.26;10.26;100
20160129 124100;10.26;10.26;10.25;10.25;200
20160129 124500;10.25;10.25;10.25;10.25;100
20160129 124800;10.26;10.26;10.26;10.26;100
20160129 130500;10.26;10.26;10.26;10.26;100
20160129 130700;10.2678;10.2678;10.2678;10.2678;1000
20160129 130900;10.26;10.26;10.26;10.26;100
20160129 132800;10.27;10.27;10.269;10.269;1000
20160129 134300;10.2896;10.2896;10.2896;10.2896;110
20160129 135000;10.2899;10.2899;10.28;10.28;500
20160129 141400;10.2701;10.2701;10.27;10.27;501
20160129 142700;10.2601;10.2601;10.2601;10.2601;336
20160129 144400;10.28;10.28;10.27;10.27;4200
20160129 150000;10.2786;10.2786;10.2786;10.2786;500
20160129 150500;10.27;10.28;10.27;10.27;1600
20160129 151600;10.28;10.28;10.26;10.27;1300
20160129 151700;10.26;10.28;10.26;10.28;2100
20160129 151900;10.26;10.26;10.26;10.26;200
20160129 152100;10.22;10.22;10.22;10.22;200
20160129 152200;10.24;10.24;10.24;10.24;100
20160129 152300;10.24;10.24;10.22;10.22;200
20160129 152400;10.21;10.21;10.18;10.18;300
20160129 152500;10.2;10.2;10.2;10.2;100
20160129 152600;10.19;10.19;10.19;10.19;100
20160129 152900;10.19;10.201;10.18;10.201;500
20160129 153000;10.186;10.186;10.186;10.186;100
20160129 153200;10.19;10.19;10.19;10.19;100
20160129 153300;10.19;10.19;10.19;10.19;200
20160129 153400;10.19;10.19;10.19;10.19;100
20160129 153500;10.19;10.19;10.19;10.19;100
20160129 153600;10.1802;10.1802;10.18;10.18;200
20160129 153800;10.18;10.19;10.18;10.19;300
20160129 153900;10.19;10.19;10.18;10.18;400
20160129 154100;10.1745;10.1745;10.1745;10.1745;100
20160129 154200;10.173;10.173;10.17;10.173;500
20160129 154300;10.18;10.18;10.18;10.18;260
20160129 154600;10.18;10.18;10.18;10.18;100
20160129 154700;10.1745;10.1745;10.1745;10.1745;100
20160129 154800;10.1805;10.1805;10.1805;10.1805;100
20160129 154900;10.189;10.189;10.189;10.189;450
20160129 155100;10.1975;10.1975;10.1975;10.1975;200
20160129 155200;10.19;10.19;10.19;10.19;100
20160129 155300;10.19;10.191;10.19;10.191;200
20160129 155500;10.19;10.23;10.19;10.196;5350
20160129 155600;10.2;10.2;10.2;10.2;100
20160129 155700;10.19;10.2;10.19;10.19;700
20160129 155800;10.19;10.19;10.19;10.19;100
20160129 160000;10.19;10.19;10.19;10.19;200
20160201 094300;10.27;10.27;10.25;10.25;200
20160201 094500;10.24;10.24;10.24;10.24;100
20160201 094700;10.21;10.24;10.21;10.24;2343
20160201 095000;10.23;10.23;10.23;10.23;100
20160201 095200;10.21;10.21;10.21;10.21;100
20160201 095600;10.21;10.21;10.21;10.21;100
20160201 095800;10.21;10.21;10.21;10.21;100
20160201 100000;10.23;10.23;10.23;10.23;100
20160201 100100;10.23;10.23;10.23;10.23;100
20160201 100300;10.23;10.23;10.23;10.23;100
20160201 100500;10.23;10.23;10.23;10.23;123
20160201 100800;10.23;10.23;10.23;10.23;100
20160201 101000;10.23;10.23;10.23;10.23;100
20160201 101200;10.19;10.19;10.19;10.19;100
20160201 102200;10.23;10.23;10.23;10.23;100
20160201 103500;10.23;10.23;10.23;10.23;100
20160201 104800;10.23;10.23;10.22;10.22;1400
20160201 104900;10.21;10.21;10.21;10.21;100
20160201 110200;10.23;10.23;10.23;10.23;100
20160201 111600;10.23;10.23;10.23;10.23;100
20160201 113100;10.25;10.25;10.25;10.25;100
20160201 114800;10.2699;10.2699;10.2699;10.2699;100
20160201 120600;10.26;10.26;10.26;10.26;100
20160201 133400;10.2101;10.2101;10.2101;10.2101;400
20160201 135100;10.19;10.19;10.19;10.19;100
20160201 135200;10.19;10.19;10.171;10.171;600
20160201 141000;10.181;10.19;10.18;10.18;600
20160201 143300;10.2109;10.2109;10.2109;10.2109;424
20160201 145400;10.1965;10.23;10.1965;10.23;700
20160201 145900;10.23;10.23;10.23;10.23;100
20160201 150600;10.2101;10.2101;10.2101;10.2101;100
20160201 153600;10.2398;10.2398;10.2398;10.2398;906
20160201 160200;10.25;10.25;10.25;10.25;78
20160202 093300;10.1419;10.1419;10.1419;10.1419;400
20160202 094300;10.16;10.16;10.16;10.16;500
20160202 094400;10.16;10.16;10.16;10.16;996
20160202 094700;10.16;10.16;10.16;10.16;715
20160202 094900;10.17;10.17;10.17;10.17;100
20160202 095700;10.15;10.15;10.14;10.14;3450
20160202 101900;10.1401;10.16;10.13;10.13;3858
20160202 113800;10.12;10.12;10.12;10.12;325
20160202 114500;10.11;10.11;10.11;10.11;100
20160202 115100;10.12;10.12;10.12;10.12;325
20160202 120500;10.12;10.12;10.12;10.12;1000
20160202 121300;10.12;10.12;10.11;10.1138;1300
20160202 121500;10.1234;10.1234;10.1234;10.1234;300
20160202 124200;10.13;10.13;10.13;10.13;156
20160202 125000;10.1299;10.1299;10.1299;10.1299;100
20160202 125200;10.13;10.13;10.13;10.13;155
20160202 133000;10.11;10.11;10.11;10.11;2000
20160202 133100;10.11;10.1195;10.11;10.1195;600
20160202 135300;10.1299;10.1299;10.1299;10.1299;5000
20160202 142000;10.126;10.126;10.126;10.126;129
20160202 143300;10.11;10.11;10.11;10.11;200
20160202 143400;10.11;10.11;10.11;10.11;391
20160202 143900;10.13;10.14;10.13;10.13;6889
20160202 144900;10.1262;10.1262;10.1262;10.1262;138
20160202 145600;10.136;10.136;10.136;10.136;300
20160202 150000;10.1399;10.1399;10.13;10.13;200
20160202 151300;10.11;10.11;10.11;10.11;600
20160202 153500;10.13;10.14;10.13;10.14;4400
20160202 154600;10.14;10.14;10.1371;10.1371;1751
20160202 154700;10.14;10.14;10.13;10.13;881
20160202 155400;10.15;10.17;10.15;10.17;6700
20160202 155600;10.17;10.17;10.17;10.17;300
20160202 155700;10.17;10.17;10.17;10.17;200
20160202 155800;10.17;10.17;10.16;10.16;500
20160202 155900;10.16;10.16;10.16;10.16;100
20160203 094600;10.13;10.13;10.13;10.13;300
20160203 094700;10.13;10.13;10.13;10.13;100
20160203 094800;10.11;10.11;10.11;10.11;772
20160203 095900;10.115;10.22;10.115;10.2155;3400
20160203 101700;10.16;10.16;10.13;10.13;200
20160203 102200;10.1301;10.132;10.13;10.13;2200
20160203 102300;10.1301;10.14;10.13;10.132;5200
20160203 102600;10.15;10.15;10.15;10.15;100
20160203 104500;10.15;10.15;10.15;10.15;100
20160203 110400;10.1344;10.1344;10.1344;10.1344;197
20160203 110600;10.15;10.15;10.15;10.15;100
20160203 111600;10.14;10.15;10.14;10.15;2600
20160203 112100;10.1;10.1;10.1;10.1;100
20160203 112600;10.1;10.1;10.1;10.1;100
20160203 112800;10.15;10.15;10.15;10.15;100
20160203 113100;10.1;10.1;10.1;10.1;100
20160203 113500;10.11;10.11;10.1;10.1;200
20160203 114800;10.1299;10.13;10.1299;10.13;800
20160203 115100;10.1;10.1;10.1;10.1;100
20160203 115300;10.13;10.13;10.13;10.13;100
20160203 115600;10.1;10.1;10.1;10.1;100
20160203 120100;10.1;10.1;10.1;10.1;100
20160203 122600;10.1;10.1;10.1;10.1;100
20160203 123100;10.1;10.1;10.1;10.1;100
20160203 124100;10.1;10.1;10.1;10.1;100
20160203 124600;10.1;10.1;10.1;10.1;100
20160203 125500;10.1;10.1;10.1;10.1;100
20160203 130000;10.1;10.1;10.1;10.1;100
20160203 131000;10.1;10.1;10.1;10.1;100
20160203 131500;10.1;10.1;10.1;10.1;100
20160203 132500;10.1;10.1;10.1;10.1;100
20160203 132600;10.13;10.13;10.13;10.13;300
20160203 133600;10.1;10.1;10.1;10.1;100
20160203 133800;10.1001;10.1001;10.1001;10.1001;250
20160203 134600;10.1;10.1;10.1;10.1;100
20160203 135000;10.1;10.1;10.1;10.1;600
20160203 135100;10.07;10.07;10.07;10.07;2029
20160203 135600;10.1;10.1;10.1;10.1;1500
20160203 140100;10.07;10.07;10.07;10.07;100
20160203 140600;10.06;10.06;10.06;10.06;100
20160203 141100;10.06;10.06;10.06;10.06;100
20160203 142100;10.06;10.06;10.06;10.06;100
20160203 142200;10.07;10.07;10.06;10.06;200
20160203 142600;10.07;10.07;10.07;10.07;100
20160203 143000;10.09;10.1;10.09;10.1;300
20160203 145100;10.12;10.12;10.12;10.12;100
20160203 145200;10.13;10.17;10.1248;10.17;4200
20160203 150600;10.11;10.11;10.11;10.11;100
20160203 151100;10.11;10.11;10.11;10.11;100
20160203 151600;10.11;10.11;10.11;10.11;100
20160203 152100;10.11;10.11;10.11;10.11;100
20160203 152300;10.12;10.12;10.12;10.12;200
20160203 152600;10.12;10.12;10.12;10.12;100
20160203 153600;10.11;10.11;10.11;10.11;100
20160203 154100;10.11;10.11;10.11;10.11;200
20160203 154600;10.11;10.11;10.11;10.11;100
20160203 155000;10.12;10.12;10.12;10.12;200
20160203 155400;10.12;10.12;10.12;10.12;200
20160203 155600;10.12;10.12;10.12;10.12;200
20160203 155800;10.11;10.11;10.11;10.11;200
20160203 155900;10.11;10.11;10.11;10.11;200
20160203 160000;10.11;10.12;10.11;10.12;300
20160203 160200;10.15;10.15;10.15;10.15;43
20160204 094300;10.12;10.12;10.12;10.12;300
20160204 094700;10.1;10.1;10.1;10.1;1068
20160204 094800;10.1;10.1;10.1;10.1;100
20160204 095200;10.1;10.1;10.1;10.1;100
20160204 095600;10.1;10.1;10.1;10.1;100
20160204 100100;10.1;10.1;10.1;10.1;100
20160204 100200;10.12;10.1699;10.07;10.1699;2282
20160204 100500;10.17;10.17;10.17;10.17;100
20160204 100800;10.16;10.16;10.16;10.16;100
20160204 101100;10.16;10.16;10.16;10.16;100
20160204 101500;10.16;10.16;10.16;10.16;100
20160204 101900;10.16;10.16;10.16;10.16;100
20160204 102200;10.16;10.16;10.16;10.16;100
20160204 102600;10.17;10.17;10.17;10.17;100
20160204 103000;10.17;10.17;10.17;10.17;100
20160204 103400;10.19;10.19;10.19;10.19;100
20160204 103800;10.19;10.19;10.19;10.19;100
20160204 104200;10.2;10.2;10.2;10.2;200
20160204 104600;10.2;10.2;10.2;10.2;100
20160204 105000;10.2;10.2;10.2;10.2;100
20160204 105100;10.22;10.22;10.17;10.2044;600
20160204 105400;10.22;10.22;10.22;10.22;100
20160204 105900;10.23;10.23;10.23;10.23;100
20160204 110300;10.23;10.23;10.23;10.23;100
20160204 110800;10.23;10.23;10.23;10.23;100
20160204 111200;10.23;10.23;10.23;10.23;100
20160204 111700;10.23;10.23;10.23;10.23;100
20160204 112200;10.22;10.22;10.22;10.22;100
20160204 112600;10.21;10.21;10.21;10.21;100
20160204 113100;10.2;10.2;10.2;10.2;100
20160204 113600;10.2;10.2;10.2;10.2;100
20160204 114100;10.2;10.2;10.2;10.2;100
20160204 114600;10.2;10.2;10.2;10.2;100
20160204 115200;10.2;10.2;10.2;10.2;100
20160204 115700;10.2;10.2;10.2;10.2;100
20160204 120100;10.1701;10.1701;10.14;10.14;3000
20160204 120200;10.15;10.15;10.15;10.15;200
20160204 120300;10.2;10.2;10.2;10.2;100
20160204 120900;10.2;10.2;10.15;10.15;300
20160204 121500;10.2;10.2;10.2;10.2;100
20160204 122100;10.2;10.2;10.2;10.2;100
20160204 123800;10.1605;10.1605;10.1605;10.1605;202
20160204 133800;10.175;10.175;10.175;10.175;300
20160204 135000;10.15;10.1783;10.11;10.11;3200
20160204 141300;10.1271;10.1271;10.1271;10.1271;800
20160204 144900;10.16;10.16;10.16;10.16;250
20160204 145900;10.13;10.13;10.13;10.13;300
20160204 150500;10.1;10.1;10.1;10.1;100
20160204 152300;10.11;10.11;10.11;10.11;300
20160204 153400;10.11;10.11;10.11;10.11;300
20160204 154300;10.12;10.12;10.12;10.12;300
20160204 154700;10.12;10.12;10.12;10.12;100
20160204 155000;10.12;10.12;10.12;10.12;200
20160204 155100;10.12;10.12;10.12;10.12;100
20160204 155300;10.11;10.11;10.11;10.11;100
20160204 155600;10.1;10.11;10.1;10.1;700
20160204 155900;10.11;10.11;10.11;10.11;100
20160204 160000;10.11;10.11;10.1;10.11;333
20160205 094000;10.14;10.14;10.14;10.14;600
20160205 094600;10.1;10.11;10.1;10.11;300
20160205 094700;10.09;10.09;10.09;10.09;854
20160205 095100;10.07;10.07;10.07;10.07;194
20160205 095400;10.11;10.11;10.11;10.11;200
20160205 100000;10.09;10.09;10.09;10.09;100
20160205 100200;10.11;10.11;10.11;10.11;100
20160205 101100;10.11;10.11;10.1;10.1;200
20160205 101500;10.1;10.1;10.1;10.1;100
20160205 101700;10.1;10.1;10.1;10.1;100
20160205 101900;10.1;10.1;10.1;10.1;100
20160205 102000;10.11;10.11;10.1;10.1;200
20160205 102100;10.09;10.1;10.09;10.1;200
20160205 102200;10.1;10.1;10.1;10.1;100
20160205 102500;10.1;10.1;10.1;10.1;100
20160205 102800;10.09;10.09;10.09;10.09;100
20160205 102900;10.07;10.07;10.07;10.07;210
20160205 103000;10.11;10.11;10.11;10.11;100
20160205 104000;10.11;10.11;10.11;10.11;100
20160205 104600;10.07;10.07;10.07;10.07;400
20160205 104800;10.09;10.09;10.09;10.09;100
20160205 105000;10.11;10.11;10.11;10.11;100
20160205 105100;10.09;10.09;10.09;10.09;100
20160205 105700;10.07;10.07;10.07;10.07;300
20160205 110100;10.11;10.11;10.11;10.11;100
20160205 110500;10.06;10.06;10.06;10.06;300
20160205 110800;10.06;10.06;10.06;10.06;100
20160205 111200;10.07;10.08;10.07;10.08;500
20160205 111500;10.07;10.07;10.07;10.07;300
20160205 112000;10.05;10.05;10.05;10.05;200
20160205 112400;10.1;10.1;10.1;10.1;100
20160205 112500;10.05;10.05;10.05;10.05;200
20160205 113100;10.05;10.05;10.05;10.05;200
20160205 113200;10.05;10.05;10.04;10.05;890
20160205 113300;10.03;10.03;10.03;10.03;100
20160205 113400;10.05;10.06;10.05;10.05;1100
20160205 114800;10.03;10.03;10.03;10.03;100
20160205 115000;10.09;10.09;10.09;10.09;100
20160205 115100;10.03;10.03;10.03;10.03;100
20160205 115400;10.03;10.03;10.03;10.03;100
20160205 115700;10.04;10.04;10.04;10.04;100
20160205 120000;10.04;10.04;10.04;10.04;100
20160205 120400;10.05;10.05;10.05;10.05;100
20160205 121300;10.04;10.04;10.04;10.04;200
20160205 122900;10.04;10.04;10.04;10.04;500
20160205 124000;10.04;10.04;10.04;10.04;100
20160205 124100;10.04;10.04;10.04;10.04;300
20160205 124300;10.039;10.039;10.039;10.039;1500
20160205 130100;10.04;10.04;10.04;10.04;500
20160205 130600;10.05;10.05;10.05;10.05;100
20160205 132600;10.05;10.05;10.05;10.05;100
20160205 133500;10.05;10.05;10.05;10.05;200
20160205 135500;10.04;10.04;10.04;10.04;900
20160205 135700;10.0305;10.0305;10.0305;10.0305;1000
20160205 140100;10.02;10.02;10.02;10.02;200
20160205 140400;10.02;10.02;10.02;10.02;100
20160205 140600;10.031;10.032;10.031;10.032;500
20160205 140700;10.03;10.03;10.03;10.03;100
20160205 141200;10.02;10.02;10.02;10.02;100
20160205 141500;10.02;10.02;10.02;10.02;100
20160205 141900;10.02;10.02;10.02;10.02;100
20160205 142200;10.01;10.01;10.01;10.01;100
20160205 142600;10.01;10.01;10.01;10.01;100
20160205 142900;10;10;10;10;100
20160205 143100;10.01;10.01;10.01;10.01;900
20160205 143200;10.01;10.01;10;10;800
20160205 145300;10;10;10;10;100
20160205 145700;10;10;9.97;9.97;600
20160205 151600;9.97;9.97;9.97;9.97;600
20160205 152100;9.9798;9.9798;9.96;9.96;1100
20160205 152400;9.96;9.96;9.96;9.96;100
20160205 153000;9.96;9.96;9.96;9.96;100
20160205 153100;9.96;9.96;9.96;9.96;100
20160205 153400;9.96;9.96;9.96;9.96;100
20160205 153500;9.96;9.96;9.96;9.96;100
20160205 153700;9.96;9.969;9.96;9.969;1700
20160205 153800;9.97;9.98;9.97;9.9716;1104
20160205 153900;9.97;9.97;9.97;9.97;100
20160205 154000;9.976;9.976;9.96;9.96;400
20160205 154200;9.96;9.96;9.96;9.96;100
20160205 154300;9.96;9.96;9.96;9.96;100
20160205 154400;9.9632;9.9632;9.9632;9.9632;100
20160205 154500;9.96;9.96;9.96;9.96;100
20160205 154600;9.96;9.96;9.96;9.96;100
20160205 155100;9.96;9.96;9.96;9.96;100
20160205 155200;9.96;9.96;9.96;9.96;100
20160205 155300;9.96;9.96;9.96;9.96;100
20160205 155400;9.96;9.96;9.96;9.96;200
20160205 155500;9.96;9.96;9.96;9.96;100
20160205 155600;9.96;9.96;9.96;9.96;200
20160205 155700;9.96;9.9724;9.96;9.96;900
20160205 155800;9.96;9.96;9.96;9.96;100
20160205 155900;9.96;9.96;9.96;9.96;100
20160205 160000;9.97;9.97;9.96;9.96;824
