20160119 070100;36;36;35.8;35.8;6
20160119 072400;35.15;35.15;35.15;35.15;200
20160119 082600;35.12;35.12;35.12;35.12;100
20160119 084800;35.15;35.15;35.15;35.15;100
20160119 085000;35.15;35.15;35.15;35.15;100
20160119 085400;35.15;35.15;35.15;35.15;24
20160119 085500;35.15;35.15;35.15;35.15;200
20160119 085700;35.15;35.28;35.15;35.28;39
20160119 090200;35.15;35.15;35;35;452
20160119 093000;34.64;34.64;34.56;34.56;200
20160119 093100;34.35;34.56;34.07;34.56;1600
20160119 093200;34.97;35.05;34.97;35.05;750
20160119 093300;35.14;35.14;35.05;35.05;400
20160119 093400;35.11;35.26;35.11;35.26;569
20160119 093500;35.15;35.15;35.11;35.11;350
20160119 093600;34.98;35.5;34.98;35.5;703
20160119 093800;36.1;36.2;36.1;36.2;700
20160119 094000;36.4;36.4;36.39;36.39;600
20160119 094100;36.46;36.57;36.46;36.5;2459
20160119 094200;36.49;36.49;36.49;36.49;100
20160119 094300;36.61;36.71;36.61;36.71;1100
20160119 094400;36.7;36.7;36.7;36.7;100
20160119 094500;36.52;36.64;36.52;36.64;525
20160119 094600;36.7;36.74;36.68;36.69;909
20160119 094700;36.58;36.58;36.49;36.49;200
20160119 095000;36.26;36.28;36.26;36.28;200
20160119 095100;36.51;36.56;36.49;36.56;500
20160119 095300;36.5;36.74;36.5;36.74;6000
20160119 095400;36.68;36.86;36.63;36.86;8988
20160119 095500;36.9;36.9;36.9;36.9;100
20160119 095900;37.19;37.19;37.19;37.19;1603
20160119 100100;37.33;37.33;37.33;37.33;100
20160119 100200;37.33;37.33;37.211;37.211;247
20160119 100300;37.3;37.5;37.3;37.5;200
20160119 100400;37.6;37.6;37.6;37.6;102
20160119 100500;37.98;38.13;37.92;38.13;5709
20160119 100600;38.22;38.55;38.16;38.55;2176
20160119 100700;38.57;38.57;38.52;38.52;200
20160119 100800;38.53;38.53;38.53;38.53;200
20160119 101200;38.69;38.71;38.68;38.71;400
20160119 101300;38.68;38.79;38.68;38.79;200
20160119 101400;38.73;38.73;38.73;38.73;1474
20160119 101600;38.83;38.85;38.83;38.85;1371
20160119 101800;38.96;38.96;38.96;38.96;200
20160119 102000;38.69;38.73;38.69;38.73;529
20160119 102100;38.78;38.79;38.78;38.79;226
20160119 102200;38.79;38.79;38.78;38.78;1545
20160119 102300;38.76;38.85;38.76;38.85;300
20160119 102500;38.86;38.86;38.86;38.86;100
20160119 102600;38.98;38.98;38.87;38.87;300
20160119 102700;38.9;38.98;38.9;38.98;500
20160119 103000;38.78;38.78;38.78;38.78;381
20160119 103300;38.68;38.68;38.68;38.68;658
20160119 103500;38.56;38.66;38.56;38.66;300
20160119 103600;38.54;38.67;38.52;38.64;1670
20160119 103700;38.61;38.65;38.61;38.65;200
20160119 103900;38.75;38.75;38.75;38.75;100
20160119 104100;38.85;38.85;38.85;38.85;600
20160119 104200;38.85;38.85;38.85;38.85;100
20160119 104500;38.25;38.25;38.25;38.25;100
20160119 104600;38.07;38.07;38.02;38.02;200
20160119 104700;38.14;38.14;38.14;38.14;100
20160119 104800;38.26;38.33;38.26;38.33;3215
20160119 105100;38.38;38.4;38.31;38.4;581
20160119 105400;38.51;38.51;38.51;38.51;100
20160119 110500;38.71;38.71;38.71;38.71;100
20160119 110700;38.75;38.8;38.73;38.8;500
20160119 110800;38.85;38.85;38.85;38.85;100
20160119 111700;38.91;38.91;38.9;38.9;200
20160119 112100;39.13;39.13;39.12;39.12;200
20160119 112200;39.24;39.24;39.24;39.24;100
20160119 112500;39.26;39.26;39.26;39.26;100
20160119 112800;39.17;39.17;39.17;39.17;100
20160119 112900;39.4;39.41;39.37;39.37;947
20160119 113400;39.25;39.3;39.25;39.3;200
20160119 113600;39.5;39.5;39.5;39.5;100
20160119 113700;39.67;39.67;39.58;39.58;300
20160119 113800;39.699;39.7;39.699;39.7;400
20160119 114000;39.8;39.81;39.79;39.81;300
20160119 114100;39.75;39.86;39.75;39.86;300
20160119 114200;39.9;39.9;39.9;39.9;100
20160119 114300;39.98;39.98;39.98;39.98;1314
20160119 114500;39.84;39.84;39.82;39.82;200
20160119 114600;39.86;39.86;39.82;39.82;1400
20160119 115100;39.55;39.56;39.55;39.56;912
20160119 115200;39.67;39.67;39.67;39.67;100
20160119 115400;39.59;39.6;39.59;39.6;600
20160119 115500;39.61;39.61;39.6;39.6;200
20160119 115600;39.5;39.5;39.5;39.5;100
20160119 115800;39.38;39.39;39.32;39.32;1500
20160119 115900;39.44;39.47;39.44;39.47;200
20160119 120100;39.5;39.5;39.5;39.5;130
20160119 120300;39.48;39.48;39.48;39.48;100
20160119 120400;39.45;39.45;39.26;39.26;600
20160119 120600;39.55;39.55;39.55;39.55;384
20160119 120800;39.52;39.52;39.52;39.52;100
20160119 120900;39.54;39.54;39.54;39.54;100
20160119 121300;39.76;39.76;39.76;39.76;100
20160119 122400;39.77;39.77;39.77;39.77;100
20160119 122600;39.75;39.75;39.75;39.75;100
20160119 122900;39.9;39.95;39.88;39.88;300
20160119 123000;39.95;39.95;39.95;39.95;100
20160119 123800;39.78;39.78;39.78;39.78;200
20160119 124100;39.82;39.82;39.82;39.82;100
20160119 124300;39.76;39.76;39.76;39.76;100
20160119 124400;39.3;39.3;39.12;39.12;1000
20160119 124800;38.77;38.77;38.77;38.77;100
20160119 125900;38.75;38.75;38.75;38.75;565
20160119 130100;38.77;38.77;38.77;38.77;150
20160119 130700;38.99;39.04;38.99;39.04;200
20160119 131100;39.19;39.24;39.18;39.24;300
20160119 131900;38.7;38.7;38.7;38.7;100
20160119 132000;38.74;38.74;38.74;38.74;100
20160119 132300;38.61;38.61;38.28;38.29;1230
20160119 133900;39.05;39.05;39.05;39.05;919
20160119 134200;38.78;38.78;38.78;38.78;100
20160119 134600;39.03;39.03;39.03;39.03;100
20160119 135400;39;39;39;39;100
20160119 135800;39.23;39.23;39.23;39.23;100
20160119 135900;39.35;39.35;39.35;39.35;150
20160119 140100;39.29;39.29;39.24;39.24;200
20160119 140400;39.27;39.27;39.27;39.27;100
20160119 141100;39.1;39.1;39.1;39.1;900
20160119 141200;39.1;39.1;39.1;39.1;100
20160119 141500;39.08;39.08;39.08;39.08;100
20160119 141700;39.03;39.03;39.03;39.03;100
20160119 141900;38.95;38.95;38.92;38.95;1720
20160119 142000;39.02;39.02;38.99;38.99;200
20160119 142200;39.04;39.04;39.04;39.04;200
20160119 142700;39.25;39.3;39.25;39.3;830
20160119 142900;39.26;39.3;39.26;39.3;700
20160119 143100;39.37;39.37;39.37;39.37;200
20160119 143700;39.92;39.92;39.9;39.9;856
20160119 143800;39.85;39.87;39.81;39.81;1000
20160119 144200;39.85;39.85;39.85;39.85;100
20160119 144300;39.9;39.98;39.9;39.98;1824
20160119 144600;39.83;39.84;39.83;39.84;300
20160119 144800;39.9;39.9;39.9;39.9;100
20160119 144900;39.9;39.9;39.9;39.9;150
20160119 145200;39.97;39.97;39.97;39.97;100
20160119 145400;39.97;39.97;39.97;39.97;100
20160119 145500;40;40;40;40;606
20160119 145600;40.06;40.06;40.06;40.06;499
20160119 145800;40.02;40.02;40.02;40.02;100
20160119 150100;40.2;40.2;40.19;40.19;2664
20160119 150200;40.24;40.24;40.24;40.24;100
20160119 150300;40.23;40.23;40.22;40.22;200
20160119 150900;39.89;39.94;39.89;39.94;200
20160119 151300;39.95;39.95;39.95;39.95;100
20160119 151400;39.84;39.84;39.84;39.84;100
20160119 151500;39.67;39.67;39.67;39.67;100
20160119 151900;39.8;39.8;39.8;39.8;250
20160119 152200;39.85;39.85;39.85;39.85;100
20160119 152500;39.88;39.88;39.88;39.88;100
20160119 152600;39.95;39.95;39.95;39.95;100
20160119 153000;39.52;39.52;39.52;39.52;200
20160119 153400;39.38;39.38;39.38;39.38;100
20160119 153500;39.18;39.18;39.17;39.17;800
20160119 153900;39.34;39.39;39.28;39.28;1800
20160119 154000;39.36;39.36;39.27;39.27;200
20160119 154100;39.2;39.2;39.2;39.2;400
20160119 154400;39.4;39.4;39.4;39.4;100
20160119 154700;39.34;39.39;39.34;39.39;500
20160119 154900;39.43;39.46;39.43;39.46;300
20160119 155000;39.43;39.43;39.43;39.43;100
20160119 155100;39.38;39.43;39.33;39.43;300
20160119 155200;39.48;39.48;39.48;39.48;100
20160119 155300;39.58;39.59;39.55;39.59;2581
20160119 155400;39.55;39.55;39.51;39.51;2286
20160119 155600;39.67;39.67;39.66;39.66;200
20160119 155700;39.76;39.89;39.76;39.89;347
20160119 155800;39.81;39.81;39.81;39.81;300
20160119 155900;39.77;39.99;39.73;39.88;4369
20160119 160000;40.01;40.18;39.96;39.96;5665
20160119 160100;40.11;40.11;40.11;40.11;2
20160119 160200;40.19;40.29;40.17;40.17;211
20160119 160300;40.3;40.32;40.25;40.31;628
20160119 160400;40.31;41.08;40.31;40.8;500
20160119 160500;40.44;40.63;40.44;40.49;222
20160119 160600;40.53;40.53;40.53;40.53;100
20160119 184600;39.78;39.78;39.78;39.78;1000
20160120 073700;38.1;38.1;38.1;38.1;100
20160120 075700;37.65;37.65;37.65;37.65;100
20160120 075800;37.6;37.6;37.6;37.6;700
20160120 081400;38.1;38.1;38.1;38.1;25
20160120 083100;38.33;38.33;38.33;38.33;100
20160120 083300;38.1;38.1;38.1;38.1;500
20160120 093000;38.32;38.32;38.32;38.32;100
20160120 093100;38.07;38.07;37.76;37.76;900
20160120 093200;38.32;38.32;38.32;38.32;100
20160120 093300;38.72;38.72;38.72;38.72;100
20160120 093400;38.31;38.31;38.07;38.07;200
20160120 093500;38.06;38.06;38.06;38.06;100
20160120 093900;38.92;39;38.92;39;43386
20160120 094000;38.67;38.67;38.66;38.66;500
20160120 094200;38.68;38.72;38.68;38.72;536
20160120 094600;38.85;38.85;38.76;38.76;300
20160120 094900;38.89;38.89;38.89;38.89;100
20160120 095000;38.81;38.81;38.81;38.81;863
20160120 095100;38.53;38.53;38.53;38.53;100
20160120 095400;38.82;38.82;38.82;38.82;963
20160120 095700;38.97;38.97;38.97;38.97;100
20160120 100300;39;39;39;39;200
20160120 100400;38.85;38.85;38.85;38.85;440
20160120 100600;39.46;39.48;39.46;39.48;990
20160120 100900;39.5;39.58;39.5;39.58;300
20160120 101300;39.92;39.92;39.92;39.92;133
20160120 101400;39.92;39.92;39.92;39.92;100
20160120 101500;39.9;39.9;39.9;39.9;150
20160120 101700;40.05;40.06;40.05;40.06;200
20160120 101800;40.33;40.33;40.33;40.33;100
20160120 101900;40.22;40.23;40.22;40.23;287
20160120 102600;39.55;39.55;39.41;39.41;200
20160120 102700;39.48;39.48;39.48;39.48;100
20160120 103000;39.35;39.35;39.35;39.35;100
20160120 103500;39.61;39.61;39.61;39.61;200
20160120 104000;40.16;40.16;40.12;40.12;200
20160120 104100;40.12;40.12;40.12;40.12;117
20160120 104400;40;40.2;40;40.2;350
20160120 104500;40.2;40.2;40.2;40.2;100
20160120 104600;40.51;40.51;40.51;40.51;300
20160120 104800;40.489;40.7;40.489;40.7;597
20160120 104900;40.7;40.7;40.69;40.69;280
20160120 105400;40.75;40.75;40.75;40.75;100
20160120 105700;40.84;40.84;40.84;40.84;100
20160120 111000;41.08;41.1;41.08;41.1;732
20160120 111100;41.07;41.07;41.07;41.07;100
20160120 111300;41.19;41.19;41.19;41.19;238
20160120 111600;40.85;40.85;40.85;40.85;650
20160120 113200;40.68;40.68;40.68;40.68;100
20160120 113400;40.65;40.65;40.65;40.65;100
20160120 113500;40.67;40.67;40.67;40.67;325
20160120 114400;40.71;40.71;40.71;40.71;300
20160120 114700;40.61;40.61;40.61;40.61;100
20160120 115000;40.53;40.53;40.53;40.53;100
20160120 120800;41.14;41.14;41.14;41.14;200
20160120 121600;41.5;41.5;41.5;41.5;800
20160120 122800;41.7;41.7;41.7;41.7;290
20160120 122900;41.41;41.54;41.41;41.54;200
20160120 123100;41.33;41.33;41.33;41.33;400
20160120 124000;40.2;40.2;40.2;40.2;124
20160120 124100;40.39;40.51;40.39;40.51;200
20160120 124200;40.65;40.65;40.65;40.65;100
20160120 124300;40.75;40.75;40.75;40.75;200
20160120 124600;40.65;40.65;40.65;40.65;100
20160120 124800;40.68;40.69;40.68;40.69;300
20160120 125200;41.25;41.26;41.25;41.26;300
20160120 125300;41.21;41.21;41.21;41.21;100
20160120 130500;41.1;41.1;41.1;41.1;2541
20160120 132000;40.85;40.85;40.85;40.85;200
20160120 133200;40.81;40.81;40.8;40.8;1350
20160120 133500;40.5;40.5;40.5;40.5;100
20160120 133700;40.6;40.6;40.6;40.6;300
20160120 134000;40.31;40.31;40.2;40.2;500
20160120 134100;40.16;40.16;40.16;40.16;100
20160120 134500;39.76;39.76;39.64;39.64;2400
20160120 134600;39.35;39.35;39.35;39.35;100
20160120 135100;39.28;39.28;39.28;39.28;100
20160120 135400;39.02;39.02;39.02;39.02;100
20160120 135500;38.89;38.89;38.89;38.89;100
20160120 141100;39.54;39.54;39.54;39.54;100
20160120 141500;39.12;39.12;39.12;39.12;129
20160120 142200;38.29;38.29;38.29;38.29;200
20160120 142400;38.25;38.34;38.2;38.34;500
20160120 142500;38.2;38.2;38.2;38.2;300
20160120 142700;37.98;37.98;37.98;37.98;100
20160120 143000;37.83;37.83;37.83;37.83;100
20160120 143200;37.6;37.6;37.6;37.6;200
20160120 143300;37.8;37.8;37.8;37.8;100
20160120 143700;37.87;37.87;37.87;37.87;507
20160120 145000;38.5;38.5;38.29;38.29;979
20160120 145100;38.29;38.29;38.28;38.28;497
20160120 151300;38.17;38.17;38.17;38.17;200
20160120 151700;38.15;38.15;38.15;38.15;100
20160120 151900;37.8;37.8;37.73;37.73;200
20160120 152200;37.86;37.86;37.86;37.86;100
20160120 152800;37.84;37.84;37.84;37.84;200
20160120 153600;37.59;37.59;37.59;37.59;100
20160120 153800;37.65;37.65;37.65;37.65;200
20160120 154100;37.8;37.85;37.79;37.85;500
20160120 154200;37.8;37.8;37.8;37.8;100
20160120 154400;38;38.05;38;38.05;500
20160120 154800;38.34;38.34;38.34;38.34;100
20160120 155200;38.29;38.29;38.28;38.28;2500
20160120 155300;38.23;38.23;38.23;38.23;100
20160120 155700;38.06;38.06;37.88;37.88;530
20160120 155800;37.81;37.81;37.8;37.8;500
20160120 155900;37.86;37.94;37.76;37.9;1020
20160120 160000;37.67;37.72;37.4;37.67;9636
20160121 080700;38.21;38.21;38.21;38.21;25
20160121 082000;38.07;38.07;38.07;38.07;300
20160121 093000;39.02;39.03;39.02;39.03;137
20160121 093500;39.12;39.12;39.07;39.07;200
20160121 093600;39.3;39.3;39.3;39.3;100
20160121 093700;39.68;40.04;39.68;39.92;3700
20160121 093800;39.88;39.88;39.88;39.88;700
20160121 093900;39.54;39.54;39.54;39.54;600
20160121 094700;39.54;39.54;39.54;39.54;100
20160121 094800;39.48;39.48;39.48;39.48;100
20160121 094900;39.72;39.72;39.72;39.72;400
20160121 095000;39.79;39.81;39.79;39.81;200
20160121 095100;39.79;39.8;39.75;39.75;350
20160121 095200;39.86;39.86;39.73;39.73;900
20160121 095300;39.8;39.8;39.8;39.8;100
20160121 095600;39.73;39.73;39.73;39.73;100
20160121 100100;40.19;40.2;40.12;40.12;500
20160121 100300;40.16;40.16;40.11;40.11;200
20160121 100500;40.1;40.1;40.1;40.1;100
20160121 100700;40.19;40.19;40.19;40.19;200
20160121 100800;40.36;40.36;40.36;40.36;100
20160121 100900;40.25;40.25;40.25;40.25;100
20160121 101200;40.16;40.16;39.99;39.99;3926
20160121 101300;39.7;39.7;39.7;39.7;1000
20160121 101500;39.7;39.7;39.6;39.6;300
20160121 101600;39.5;39.5;39.5;39.5;800
20160121 101900;39.81;39.81;39.8;39.8;200
20160121 102300;39.65;39.65;39.65;39.65;100
20160121 102500;40.05;40.06;40.05;40.06;400
20160121 102700;39.92;39.92;39.92;39.92;100
20160121 102900;40.16;40.16;40.16;40.16;100
20160121 103100;40.3;40.37;40.25;40.25;2619
20160121 103400;40.67;40.67;40.49;40.49;1250
20160121 103600;40.64;40.64;40.64;40.64;1300
20160121 103900;40.68;40.68;40.57;40.57;2200
20160121 104000;40.6;40.6;40.52;40.52;1950
20160121 104100;40.56;40.56;40.5;40.5;3188
20160121 104700;40.48;40.48;40.48;40.48;100
20160121 105000;40.44;40.45;40.44;40.45;200
20160121 105500;40.67;40.67;40.67;40.67;100
20160121 110000;40.6;40.6;40.6;40.6;100
20160121 111000;40.05;40.05;40;40;11662
20160121 111400;40;40;40;40;950
20160121 112800;39.76;39.93;39.76;39.93;400
20160121 114000;39.66;39.66;39.52;39.52;400
20160121 115600;39.07;39.07;39.01;39.01;200
20160121 115800;38.93;38.93;38.75;38.75;700
20160121 120500;38.71;38.71;38.71;38.71;100
20160121 120600;38.66;38.66;38.62;38.62;200
20160121 120700;38.63;38.63;38.63;38.63;436
20160121 121000;38.47;38.47;38.47;38.47;1300
20160121 121700;38.15;38.15;38.11;38.11;400
20160121 121900;38.3;38.3;38.3;38.3;100
20160121 122000;38.3;38.3;38.3;38.3;100
20160121 122100;38.22;38.22;38.22;38.22;300
20160121 122200;38.03;38.03;38.03;38.03;100
20160121 123600;38.17;38.17;38.17;38.17;200
20160121 125000;38.45;38.45;38.441;38.441;1100
20160121 125500;38.39;38.39;38.39;38.39;100
20160121 125700;38.4;38.4;38.4;38.4;100
20160121 130700;38.79;38.79;38.79;38.79;150
20160121 130800;38.8;38.8;38.8;38.8;265
20160121 131200;38.6;38.6;38.6;38.6;100
20160121 132000;38.43;38.43;38.43;38.43;100
20160121 132500;38.2;38.2;38.2;38.2;999
20160121 132700;38.2;38.2;38.2;38.2;8848
20160121 132800;37.73;37.73;37.73;37.73;300
20160121 133500;37.86;37.86;37.86;37.86;100
20160121 133600;37.66;37.66;37.66;37.66;207
20160121 133700;37.64;37.65;37.64;37.65;400
20160121 133900;37.39;37.4;37.39;37.4;200
20160121 134000;37.39;37.5;37.39;37.5;1104
20160121 134500;37.45;37.45;37.45;37.45;296
20160121 135100;37.45;37.45;37.45;37.45;100
20160121 135200;37.36;37.36;37.36;37.36;100
20160121 135300;37.3;37.3;37.21;37.21;807
20160121 135700;37.1;37.1;37.08;37.08;1668
20160121 140000;36.62;36.75;36.59;36.75;1099
20160121 140500;36.75;36.75;36.75;36.75;100
20160121 141100;36.66;36.66;36.66;36.66;200
20160121 141200;36.75;36.78;36.75;36.78;200
20160121 141300;36.86;36.86;36.81;36.81;200
20160121 141500;37.27;37.27;37.27;37.27;100
20160121 141600;37.31;37.31;37.31;37.31;200
20160121 141700;37.32;37.46;37.26;37.46;500
20160121 141800;37.44;37.64;37.4;37.64;600
20160121 141900;37.71;37.71;37.71;37.71;100
20160121 142200;37.51;37.51;37.51;37.51;100
20160121 142500;37.25;37.25;37.25;37.25;100
20160121 142800;37.88;37.88;37.88;37.88;600
20160121 144800;36.88;36.88;36.88;36.88;200
20160121 145100;37.02;37.02;37.02;37.02;100
20160121 150100;37.27;37.27;37.27;37.27;100
20160121 150800;37.45;37.45;37.45;37.45;200
20160121 150900;37.45;37.45;37.45;37.45;400
20160121 154200;37.2;37.2;37.2;37.2;100
20160121 154600;37.14;37.14;37.14;37.14;100
20160121 154800;37.14;37.15;37.14;37.15;200
20160121 154900;37.15;37.16;37.15;37.16;400
20160121 155200;37.23;37.23;37.23;37.23;200
20160121 155500;37.27;37.34;37.27;37.34;300
20160121 155600;37.41;37.41;37.41;37.41;100
20160121 155700;37.44;37.44;37.41;37.41;300
20160121 155800;37.41;37.42;37.41;37.42;500
20160121 155900;37.31;37.42;37.3;37.42;4595
20160121 160000;37.38;37.49;37.31;37.34;8181
20160121 164900;37.32;37.32;37.28;37.28;107
20160121 195800;37.68;37.68;37.68;37.68;100
20160122 083100;38.46;38.5;38.46;38.5;200
20160122 083500;38;38;38;38;50
20160122 084100;38.5;38.5;38.5;38.5;150
20160122 085500;38.5;38.5;38.5;38.5;200
20160122 093200;38;38.01;37.97;37.97;1200
20160122 093300;38.01;38.01;38.01;38.01;104
20160122 093600;37.97;38.09;37.97;38.04;5900
20160122 093900;38.1;38.1;38.1;38.1;3400
20160122 094200;38.33;38.33;38.33;38.33;300
20160122 094400;38.33;38.33;38.33;38.33;100
20160122 095000;38.24;38.24;38.24;38.24;108
20160122 095300;37.59;37.59;37.58;37.58;300
20160122 095500;37.28;37.28;37.28;37.28;125
20160122 095600;37.22;37.22;36.72;36.72;5400
20160122 095700;36.97;36.97;36.97;36.97;1100
20160122 095800;37.03;37.03;37.03;37.03;300
20160122 100000;36.91;36.91;36.91;36.91;500
20160122 100100;36.96;36.96;36.96;36.96;100
20160122 100900;36.44;36.44;36.43;36.43;4400
20160122 101100;36.22;36.22;36.22;36.22;5000
20160122 101200;36.11;36.11;36.11;36.11;200
20160122 101300;35.85;35.85;35.75;35.75;500
20160122 101400;35.78;35.78;35.74;35.74;500
20160122 101500;35.65;35.65;35.56;35.56;1600
20160122 101600;35.54;35.61;35.54;35.6;1100
20160122 101700;35.58;35.59;35.58;35.59;300
20160122 101900;35.63;35.63;35.63;35.63;200
20160122 102100;35.64;35.64;35.56;35.56;900
20160122 102400;35.72;35.72;35.72;35.72;100
20160122 102600;35.8;35.8;35.8;35.8;100
20160122 102700;35.75;35.75;35.75;35.75;400
20160122 102800;35.7;35.7;35.7;35.7;900
20160122 102900;35.55;35.55;35.48;35.48;450
20160122 103100;35.14;35.14;35.13;35.13;300
20160122 103200;35.1;35.119;35;35;4045
20160122 103500;35.05;35.14;35.05;35.14;200
20160122 103600;35.05;35.05;34.77;34.77;2575
20160122 103700;34.55;34.56;34.5;34.5;700
20160122 104300;34.88;34.88;34.88;34.88;100
20160122 104400;35.1;35.1;35.1;35.1;100
20160122 105400;35.59;35.59;35.59;35.59;300
20160122 105700;35.85;35.91;35.5;35.5;2150
20160122 110000;36;36;36;36;200
20160122 110300;35.79;35.79;35.79;35.79;120
20160122 110600;36.03;36.1;36;36.1;3104
20160122 110800;36.1;36.1;36.1;36.1;500
20160122 111300;36;36.2;36;36.2;1000
20160122 113100;36.29;36.29;36.29;36.29;100
20160122 113600;36.88;37;36.88;37;1300
20160122 113800;37.32;37.49;37.32;37.49;5100
20160122 114100;37.52;37.54;37.52;37.54;200
20160122 115000;37.67;37.67;37.67;37.67;100
20160122 115100;37.77;37.779;37.77;37.779;270
20160122 122600;36.54;36.6;36.54;36.6;1269
20160122 123000;36.8;36.8;36.8;36.8;100
20160122 123600;36.93;36.93;36.93;36.93;100
20160122 124800;36.87;36.91;36.87;36.91;400
20160122 130200;36.49;36.49;36.49;36.49;100
20160122 130400;36.5;36.5;36.5;36.5;1065
20160122 131700;36.8;36.8;36.8;36.8;100
20160122 133000;37.21;37.21;37.21;37.21;100
20160122 134200;37.07;37.07;37.07;37.07;1000
20160122 134300;37.19;37.2;37.19;37.2;200
20160122 134800;37.19;37.19;37.19;37.19;500
20160122 134900;37;37;37;37;100
20160122 135800;36.5;36.5;36.5;36.5;900
20160122 140300;36.55;36.59;36.55;36.59;1300
20160122 140700;36.36;36.36;36.36;36.36;100
20160122 141400;36.16;36.16;36.16;36.16;100
20160122 141500;36.16;36.16;36.05;36.05;300
20160122 142400;36.63;36.71;36.63;36.71;1794
20160122 142500;36.71;36.71;36.71;36.71;300
20160122 143100;36.75;36.83;36.75;36.83;1500
20160122 143200;36.83;36.87;36.83;36.87;1167
20160122 143500;36.7;36.7;36.7;36.7;400
20160122 145000;36.75;36.75;36.75;36.75;100
20160122 150900;36.29;36.29;36.23;36.23;298
20160122 151200;36.41;36.41;36.41;36.41;100
20160122 153600;36.15;36.15;36.15;36.15;300
20160122 153900;35.93;35.93;35.93;35.93;100
20160122 154100;35.92;35.92;35.92;35.92;200
20160122 154200;35.92;36;35.91;35.96;1200
20160122 154400;36.05;36.1;36.05;36.1;300
20160122 154500;36.04;36.04;36.04;36.04;100
20160122 154600;36.02;36.02;36.02;36.02;100
20160122 154700;36.14;36.14;36.14;36.14;450
20160122 154800;36.21;36.21;36.21;36.21;130
20160122 155200;36.14;36.14;36.14;36.14;700
20160122 155400;36.17;36.17;36.17;36.17;200
20160122 155500;36.2;36.2;36.2;36.2;300
20160122 155700;36.18;36.18;36.16;36.16;500
20160122 155800;36.15;36.15;36.15;36.15;730
20160122 155900;36.05;36.13;36.04;36.09;2700
20160122 160000;36.05;36.14;35.99;36.1;5300
20160122 160800;36.25;36.25;36.22;36.22;2115
20160122 161000;36.22;36.22;36.22;36.22;200
20160122 161100;36.2;36.2;36.2;36.2;685
20160122 161200;36.04;36.04;36.04;36.04;100
20160122 161500;35.92;35.92;35.75;35.75;101
20160125 070000;34.8;34.8;34.8;34.8;100
20160125 083400;34.09;34.09;34.09;34.09;200
20160125 084300;34;34;34;34;20
20160125 092600;34.62;34.62;34.62;34.62;8
20160125 093100;34.19;34.34;34.19;34.34;477
20160125 093300;34.71;34.71;34.71;34.71;200
20160125 093700;34.48;34.48;34.48;34.48;200
20160125 094000;34.3;34.3;34.3;34.3;100
20160125 094100;34.3;34.3;34.3;34.3;447
20160125 094200;34.16;34.16;34;34;250
20160125 094300;33.8;33.81;33.8;33.8;1100
20160125 094600;33.87;33.87;33.87;33.87;100
20160125 094700;33.75;33.94;33.75;33.94;200
20160125 094800;34.02;34.02;34.02;34.02;100
20160125 095200;34;34;33.87;33.87;472
20160125 095300;33.86;33.86;33.83;33.83;200
20160125 095400;33.75;33.75;33.64;33.64;200
20160125 095600;33.6;33.6;33.6;33.6;100
20160125 095700;33.63;33.63;33.63;33.63;100
20160125 095800;33.77;33.77;33.77;33.77;100
20160125 095900;33.84;33.84;33.84;33.84;100
20160125 100000;33.88;33.89;33.88;33.89;200
20160125 100100;34;34;33.85;33.85;400
20160125 100200;33.93;33.93;33.93;33.93;100
20160125 100600;34.02;34.02;34.02;34.02;100
20160125 101100;34.13;34.13;34.13;34.13;100
20160125 101300;34.32;34.32;34.32;34.32;150
20160125 101600;34.46;34.46;34.46;34.46;100
20160125 101700;34.31;34.31;34.24;34.24;400
20160125 101800;34.06;34.06;34.06;34.06;2000
20160125 101900;34;34;34;34;100
20160125 102000;33.95;33.95;33.95;33.95;100
20160125 102700;34.32;34.32;34.32;34.32;250
20160125 102800;34.31;34.31;34.31;34.31;356
20160125 103300;34.56;34.56;34.56;34.56;100
20160125 104000;34.5;34.5;34.5;34.5;100
20160125 104100;34.5;34.5;34.5;34.5;200
20160125 104800;34.3;34.3;34.3;34.3;150
20160125 105200;34.36;34.36;34.36;34.36;100
20160125 105600;34.58;34.58;34.58;34.58;500
20160125 105700;34.68;34.68;34.68;34.68;100
20160125 105900;34.55;34.55;34.55;34.55;100
20160125 110500;34.61;34.61;34.61;34.61;100
20160125 111100;35;35.18;35;35.18;900
20160125 111800;35.11;35.11;35.11;35.11;100
20160125 112000;35.23;35.23;35.23;35.23;100
20160125 112300;35;35;35;35;122
20160125 112400;34.91;34.91;34.91;34.91;100
20160125 115500;34.27;34.28;34.27;34.28;572
20160125 115600;34.47;34.47;34.47;34.47;100
20160125 120100;34;34;34;34;1856
20160125 120200;34.2;34.2;34.2;34.2;200
20160125 120300;34.2;34.2;34.2;34.2;100
20160125 122600;33.97;33.97;33.97;33.97;200
20160125 123800;34.05;34.05;34.05;34.05;100
20160125 124900;34.06;34.06;34.06;34.06;100
20160125 130300;34.15;34.15;34.15;34.15;100
20160125 131500;34.55;34.55;34.55;34.55;200
20160125 131700;34.6;34.6;34.6;34.6;100
20160125 132100;34.54;34.54;34.54;34.54;300
20160125 132400;34.38;34.38;34.32;34.32;300
20160125 133100;34.75;34.75;34.71;34.71;300
20160125 133900;34.81;34.81;34.81;34.81;200
20160125 144500;34.85;34.85;34.85;34.85;100
20160125 144900;35.15;35.15;35.15;35.15;100
20160125 145200;35.1;35.1;35.1;35.1;200
20160125 150600;34.67;34.67;34.67;34.67;100
20160125 152100;34.75;34.75;34.75;34.75;400
20160125 153500;35.43;35.43;35.43;35.43;100
20160125 154600;34.96;34.96;34.96;34.96;100
20160125 154700;34.95;35.05;34.95;35.05;200
20160125 154800;35.05;35.05;35.05;35.05;100
20160125 155400;35.34;35.34;35.34;35.34;100
20160125 155600;35.219;35.219;35.219;35.219;500
20160125 155700;35.14;35.14;35.06;35.06;200
20160125 155900;35.03;35.03;34.62;34.62;900
20160125 160000;34.56;34.67;34.12;34.38;6048
20160125 160200;34.61;34.61;34.56;34.56;50
20160125 160300;34.45;34.45;34.45;34.45;50
20160125 163500;34.68;34.68;34.68;34.68;50
20160126 085100;33.5;33.5;33.5;33.5;100
20160126 092500;33.58;33.58;33.58;33.58;200
20160126 092700;33.79;33.79;33.79;33.79;10
20160126 093100;33.47;33.47;33.46;33.46;600
20160126 093200;33.09;33.11;33.09;33.11;400
20160126 093300;33.1;33.1;33.1;33.1;200
20160126 093400;33;33;32.8;32.8;2246
20160126 093500;32.75;32.75;32.68;32.68;851
20160126 093900;33.13;33.13;33.13;33.13;100
20160126 094100;33.07;33.07;32.88;32.88;450
20160126 094200;32.79;32.79;32.79;32.79;100
20160126 094300;32.94;32.94;32.94;32.94;100
20160126 094400;32.69;32.7;32.65;32.65;345
20160126 094600;32.68;32.68;32.67;32.67;400
20160126 094800;32.75;32.75;32.75;32.75;100
20160126 095100;32.62;32.62;32.62;32.62;100
20160126 095200;32.5;32.5;32.37;32.42;2500
20160126 095300;32.21;32.21;32.21;32.21;100
20160126 095400;32.24;32.25;32.24;32.25;200
20160126 095500;32.23;32.23;32.23;32.23;100
20160126 095800;32.19;32.19;32.19;32.19;100
20160126 100600;32.1;32.1;32.1;32.1;100
20160126 100700;32;32;32;32;580
20160126 100800;31.95;31.95;31.85;31.85;650
20160126 100900;31.86;31.86;31.86;31.86;100
20160126 101200;31.68;31.68;31.68;31.68;500
20160126 101300;31.68;31.68;31.65;31.65;737
20160126 101600;31.77;31.77;31.77;31.77;100
20160126 101800;31.66;31.66;31.66;31.66;100
20160126 101900;31.659;31.659;31.58;31.58;200
20160126 102000;31.6;31.6;31.6;31.6;100
20160126 102300;31.43;31.43;31.43;31.43;100
20160126 102800;31.55;31.55;31.55;31.55;100
20160126 103000;31.55;31.55;31.55;31.55;100
20160126 103100;31.44;31.44;31.38;31.38;900
20160126 103300;31.39;31.39;31.39;31.39;100
20160126 103400;31.49;31.49;31.49;31.49;250
20160126 103600;31.25;31.25;31.2;31.2;320
20160126 103700;31.19;31.2;31.19;31.2;200
20160126 103900;31.15;31.15;31.1;31.1;500
20160126 104000;31.09;31.09;30.87;30.87;1100
20160126 104100;30.95;30.97;30.95;30.97;200
20160126 104300;30.8;30.8;30.8;30.8;100
20160126 104400;31.02;31.02;30.87;30.87;455
20160126 104500;30.8;30.8;30.63;30.63;636
20160126 104600;30.66;30.7;30.66;30.7;1100
20160126 104800;31.05;31.05;31.05;31.05;100
20160126 104900;31.38;31.38;31.38;31.38;100
20160126 105100;31.33;31.33;31.33;31.33;100
20160126 105300;31.3;31.3;31.3;31.3;100
20160126 110200;30.64;30.76;30.64;30.76;300
20160126 110300;30.7;30.7;30.7;30.7;100
20160126 110400;30.66;30.66;30.66;30.66;100
20160126 111200;30.8;30.8;30.73;30.73;1099
20160126 111300;30.63;30.64;30.63;30.64;200
20160126 111500;30.59;30.59;30.52;30.52;200
20160126 111600;30.52;30.52;30.43;30.43;700
20160126 111900;30.29;30.29;30.29;30.29;100
20160126 112300;30.59;30.6;30.59;30.6;871
20160126 112400;30.64;30.64;30.64;30.64;100
20160126 112700;30.52;30.53;30.52;30.52;800
20160126 113000;30.35;30.35;30.35;30.35;200
20160126 113300;30.4;30.4;30.4;30.4;100
20160126 113700;30.54;30.54;30.54;30.54;100
20160126 114000;30.35;30.35;30.35;30.35;400
20160126 114100;30.41;30.41;30.38;30.38;800
20160126 114300;30.41;30.41;30.41;30.41;100
20160126 114400;30.45;30.45;30.45;30.45;100
20160126 115300;30.26;30.26;30.2;30.2;3219
20160126 120300;30.35;30.35;30.29;30.29;3249
20160126 120400;30.24;30.24;30.24;30.24;500
20160126 120500;30.2;30.2;30.2;30.2;151
20160126 120600;30.15;30.18;30.15;30.18;470
20160126 121400;30.18;30.18;30.15;30.18;4742
20160126 122200;30.07;30.07;30.07;30.07;793
20160126 122300;30.06;30.08;30.06;30.08;200
20160126 122700;30.08;30.08;30.005;30.005;300
20160126 122800;30.005;30.005;30;30;600
20160126 122900;30;30.01;30;30.01;700
20160126 123000;30;30;30;30;100
20160126 123200;29.93;29.95;29.93;29.95;200
20160126 123500;29.93;29.94;29.93;29.93;600
20160126 123600;29.83;29.83;29.83;29.83;100
20160126 123700;29.68;29.68;29.68;29.68;164
20160126 124200;29.72;29.819;29.72;29.819;200
20160126 125800;30.239;30.239;30.239;30.239;100
20160126 130000;30.24;30.25;30.24;30.25;200
20160126 130700;29.83;29.83;29.83;29.83;100
20160126 131100;29.95;29.95;29.95;29.95;100
20160126 132100;29.77;29.77;29.77;29.77;100
20160126 132200;29.83;29.84;29.83;29.84;200
20160126 132700;29.95;29.95;29.95;29.95;100
20160126 133000;29.94;29.95;29.89;29.89;300
20160126 133200;30.07;30.1;30.07;30.09;300
20160126 133400;30.13;30.13;30.13;30.13;100
20160126 133500;30.11;30.13;30.11;30.13;300
20160126 133900;29.95;29.99;29.95;29.99;200
20160126 134200;29.96;29.96;29.95;29.95;200
20160126 134400;29.99;29.99;29.99;29.99;100
20160126 134500;30;30;29.99;30;960
20160126 134600;30;30;30;30;1600
20160126 134700;30.01;30.07;30.01;30.07;500
20160126 135000;30;30;30;30;302
20160126 135200;30;30;30;30;100
20160126 135500;30.13;30.13;30.13;30.13;100
20160126 140100;30.38;30.38;30.38;30.38;200
20160126 140200;30.23;30.23;30.23;30.23;100
20160126 141400;30.22;30.22;30.22;30.22;205
20160126 141600;30.19;30.19;30.17;30.17;400
20160126 142000;29.94;29.95;29.9;29.9;801
20160126 142100;29.78;29.78;29.7;29.7;1374
20160126 142200;29.43;29.43;29.43;29.43;400
20160126 143400;30.1;30.1;30.1;30.1;100
20160126 143600;30.34;30.34;30.34;30.34;100
20160126 143700;30.35;30.35;30.35;30.35;400
20160126 144100;30.31;30.31;30.24;30.24;235
20160126 145300;30.07;30.09;30.07;30.09;300
20160126 145500;30;30;30;30;144
20160126 150000;30.06;30.06;30.06;30.06;100
20160126 150200;30.06;30.06;30.06;30.06;100
20160126 150600;30.25;30.25;30.25;30.25;100
20160126 150900;30;30.01;30;30.01;303
20160126 151200;30.12;30.12;30.12;30.12;100
20160126 151300;30.02;30.02;29.96;30;649
20160126 151600;30.01;30.01;30.01;30.01;100
20160126 151700;30.08;30.08;30.08;30.08;100
20160126 152200;30.55;30.57;30.47;30.47;612
20160126 153000;30.27;30.35;30.27;30.35;200
20160126 153100;30.26;30.26;30.26;30.26;200
20160126 153400;30.18;30.18;30.18;30.18;100
20160126 153600;30.22;30.22;30.22;30.22;300
20160126 153700;30.24;30.29;30.24;30.29;500
20160126 153800;30.18;30.18;30.13;30.13;200
20160126 154000;30.06;30.08;30.06;30.08;1300
20160126 154200;30.05;30.07;30.05;30.06;550
20160126 154600;30.1;30.1;30.06;30.06;200
20160126 154700;30.06;30.09;30.06;30.08;1400
20160126 154800;30.05;30.05;30.01;30.01;200
20160126 154900;30;30.05;30;30.05;500
20160126 155000;30.01;30.01;29.98;29.98;500
20160126 155100;30.01;30.03;29.97;29.97;1100
20160126 155200;29.85;29.85;29.76;29.76;1100
20160126 155300;29.82;29.93;29.82;29.93;1000
20160126 155400;29.9;29.98;29.9;29.98;600
20160126 155500;29.87;29.91;29.8;29.82;1411
20160126 155600;29.87;29.93;29.75;29.81;2759
20160126 155700;29.86;29.98;29.86;29.98;900
20160126 155800;29.94;29.94;29.93;29.93;300
20160126 155900;29.89;29.89;29.89;29.89;1100
20160126 160000;29.89;29.89;29.8;29.81;13229
20160126 160100;29.84;29.84;29.84;29.84;1
20160126 160300;29.81;29.81;29.71;29.71;3
20160126 161600;29.76;29.78;29.76;29.78;3
20160126 161700;29.78;29.78;29.64;29.64;703
20160126 161800;29.64;29.65;29.62;29.62;8
20160126 161900;29.56;29.6;29.56;29.6;102
20160126 162100;29.6;29.6;29.6;29.6;1
20160126 162200;29.61;29.61;29.61;29.61;20
20160126 163200;29.62;29.62;29.62;29.62;200
20160126 164600;29.63;29.63;29.63;29.63;1
20160126 170000;29.7;29.7;29.7;29.7;1
20160126 171300;29.81;29.81;29.81;29.81;5
20160126 171400;29.81;29.81;29.81;29.81;2
20160126 172900;29.82;29.82;29.82;29.82;100
20160126 175800;31;31;31;31;123
20160127 090900;29.83;29.83;29.83;29.83;200
20160127 091200;29.74;29.74;29.74;29.74;200
20160127 091400;29.74;29.74;29.74;29.74;200
20160127 091500;29.74;29.74;29.74;29.74;100
20160127 091600;29.75;29.75;29.75;29.75;100
20160127 092100;30.01;30.01;29.92;29.92;10
20160127 093000;29.95;30.56;29.95;30.56;825
20160127 093400;30.25;30.259;30.25;30.259;200
20160127 093600;30.27;30.27;30;30;2500
20160127 093700;29.9;29.9;29.9;29.9;100
20160127 093800;29.82;29.82;29.82;29.82;197
20160127 093900;29.81;29.81;29.81;29.81;200
20160127 094000;29.68;29.68;29.68;29.68;104
20160127 094100;29.65;29.7;29.65;29.7;864
20160127 094400;29.53;29.53;29.53;29.53;100
20160127 094500;29.401;29.401;29.401;29.401;500
20160127 094800;29.15;29.28;29.15;29.28;900
20160127 094900;29.5;29.5;29.47;29.47;1367
20160127 095000;29.58;29.6;29.58;29.6;300
20160127 095100;29.66;29.66;29.66;29.66;200
20160127 095200;29.93;29.93;29.93;29.93;100
20160127 095400;29.73;29.73;29.73;29.73;100
20160127 095500;29.73;29.73;29.71;29.71;200
20160127 095600;29.78;29.78;29.78;29.78;100
20160127 095900;29.82;29.87;29.82;29.87;300
20160127 100000;29.88;29.88;29.88;29.88;100
20160127 100200;30.12;30.3;30.12;30.26;600
20160127 100300;30.32;30.36;30.32;30.35;500
20160127 100500;30.46;30.46;30.4;30.41;500
20160127 100800;30.5;30.5;30.5;30.5;210
20160127 101200;30.6;30.6;30.6;30.6;441
20160127 101300;30.62;30.62;30.62;30.62;100
20160127 101400;30.6;30.6;30.6;30.6;100
20160127 101700;30.69;30.7;30.69;30.7;800
20160127 101800;30.41;30.41;30.33;30.33;300
20160127 102000;29.94;29.94;29.93;29.94;300
20160127 102200;29.88;29.88;29.88;29.88;100
20160127 102400;29.8;29.8;29.8;29.8;100
20160127 103000;30.1;30.1;30.1;30.1;149
20160127 103100;29.91;29.91;29.9;29.9;300
20160127 103500;30.1;30.1;30.07;30.07;200
20160127 104100;29.83;29.83;29.78;29.78;1401
20160127 104200;29.78;29.78;29.59;29.59;500
20160127 104500;29.78;29.78;29.78;29.78;100
20160127 104900;29.86;29.86;29.86;29.86;100
20160127 105200;29.88;29.88;29.88;29.88;100
20160127 105300;30;30;30;30;100
20160127 105800;30.2;30.2;30.2;30.2;100
20160127 110200;30.05;30.05;30.05;30.05;100
20160127 110300;30.05;30.05;30.05;30.05;100
20160127 110400;30.12;30.12;30.12;30.12;100
20160127 111100;30.15;30.15;30.15;30.15;100
20160127 111300;30.23;30.23;30.23;30.23;100
20160127 111500;30.22;30.22;30.22;30.22;100
20160127 111700;30.15;30.15;30.15;30.15;100
20160127 112000;29.905;29.905;29.905;29.905;500
20160127 112100;29.74;29.74;29.72;29.72;601
20160127 112200;29.58;29.58;29.58;29.58;100
20160127 112300;29.58;29.58;29.5;29.5;445
20160127 112400;29.52;29.52;29.52;29.52;100
20160127 112500;29.49;29.49;29.49;29.49;100
20160127 112600;29.4;29.4;29.4;29.4;421
20160127 112800;29.27;29.27;29.27;29.27;513
20160127 113000;29.13;29.13;29.07;29.07;899
20160127 113100;29.07;29.08;29.04;29.04;1912
20160127 113200;29.02;29.08;29.02;29.07;2574
20160127 113300;29.08;29.08;29.08;29.08;200
20160127 113400;29.01;29.01;29;29;319
20160127 113600;28.78;28.78;28.76;28.76;500
20160127 113900;28.68;28.72;28.68;28.72;200
20160127 114000;28.68;28.68;28.66;28.66;400
20160127 114100;28.6;28.66;28.56;28.66;706
20160127 114400;28.74;28.74;28.74;28.74;399
20160127 114500;28.55;28.55;28.55;28.55;100
20160127 114700;28.6;28.6;28.6;28.6;100
20160127 115000;28.74;28.74;28.74;28.74;100
20160127 115500;28.84;28.84;28.84;28.84;100
20160127 120500;28.89;28.89;28.89;28.89;900
20160127 120900;28.87;28.87;28.87;28.87;1000
20160127 121700;28.5;28.5;28.5;28.5;900
20160127 122000;28.36;28.36;28.35;28.35;300
20160127 122300;28.69;28.74;28.69;28.74;300
20160127 122400;28.7;28.7;28.7;28.7;100
20160127 123200;28.69;28.69;28.69;28.69;100
20160127 123700;28.98;28.98;28.98;28.98;100
20160127 124200;28.78;28.78;28.78;28.78;795
20160127 124900;28.73;28.73;28.73;28.73;100
20160127 125000;28.73;28.73;28.54;28.54;900
20160127 125100;28.46;28.46;28.46;28.46;199
20160127 131000;29;29;29;29;100
20160127 132000;29;29.02;29;29.02;200
20160127 132300;29.22;29.42;29.22;29.42;296
20160127 132400;29.36;29.47;29.36;29.47;1400
20160127 132700;29.5;29.5;29.48;29.5;2000
20160127 132800;29.5;29.53;29.5;29.53;500
20160127 134500;29.59;29.59;29.59;29.59;200
20160127 134900;29.4;29.4;29.4;29.4;100
20160127 135000;29.5;29.57;29.5;29.57;800
20160127 135600;29.31;29.31;29.31;29.31;100
20160127 140200;28.97;28.97;28.97;28.97;200
20160127 140300;28.8;28.8;28.8;28.8;195
20160127 140700;28.48;28.48;28.31;28.31;796
20160127 140800;28.31;28.31;28.3;28.3;300
20160127 140900;28.32;28.32;28.16;28.16;7000
20160127 141000;28.43;28.64;28.43;28.64;1198
20160127 141100;28.62;28.71;28.62;28.66;1299
20160127 141300;28.69;28.69;28.69;28.69;100
20160127 141600;28.41;28.41;28.41;28.41;100
20160127 142200;28.77;28.77;28.77;28.77;100
20160127 142400;28.89;28.9;28.89;28.9;200
20160127 142700;28.94;28.94;28.94;28.94;100
20160127 143400;28.92;29.03;28.92;29.03;3271
20160127 143900;28.69;28.8;28.69;28.78;307
20160127 144000;28.76;28.76;28.76;28.76;200
20160127 144100;28.82;28.82;28.77;28.77;200
20160127 144200;28.77;28.82;28.74;28.74;3000
20160127 144400;28.64;28.64;28.55;28.55;200
20160127 144500;28.555;28.56;28.44;28.44;1700
20160127 144900;28.24;28.24;28.24;28.24;148
20160127 145000;28.21;28.21;28.21;28.21;100
20160127 145100;28.21;28.21;28.15;28.15;350
20160127 145300;28.1;28.1;28.05;28.07;1067
20160127 145400;28.05;28.07;28;28;2599
20160127 145600;27.97;27.97;27.97;27.97;200
20160127 145700;27.98;27.98;27.97;27.97;500
20160127 145800;27.95;27.97;27.95;27.95;1500
20160127 145900;27.95;27.95;27.95;27.95;6800
20160127 150000;27.95;27.95;27.95;27.95;2600
20160127 150200;27.9;27.92;27.9;27.92;409
20160127 150300;27.97;27.97;27.9;27.9;390
20160127 150400;27.95;27.95;27.95;27.95;971
20160127 150500;27.9;27.9;27.86;27.86;500
20160127 150700;27.88;27.88;27.88;27.88;100
20160127 151000;27.77;27.77;27.77;27.77;100
20160127 151100;27.93;27.93;27.93;27.93;100
20160127 151500;28.73;28.73;28.73;28.73;100
20160127 151600;28.66;28.66;28.66;28.66;1266
20160127 151700;28.65;28.65;28.65;28.65;100
20160127 152200;28.32;28.32;28.32;28.32;100
20160127 152500;28.17;28.17;28.17;28.17;207
20160127 152700;28.16;28.16;28.16;28.16;100
20160127 152800;28.14;28.14;28.14;28.14;100
20160127 153000;28.31;28.31;28.31;28.31;119
20160127 153100;28.29;28.29;28.29;28.29;100
20160127 153200;28.31;28.31;28.31;28.31;100
20160127 153500;28.25;28.31;28.25;28.31;201
20160127 153600;28.35;28.35;28.35;28.35;100
20160127 153700;28.39;28.39;28.39;28.39;100
20160127 153800;28.49;28.51;28.37;28.37;2205
20160127 154200;28.46;28.46;28.46;28.46;102
20160127 154300;28.43;28.43;28.43;28.43;100
20160127 154500;28.54;28.55;28.51;28.51;393
20160127 154600;28.39;28.39;28.39;28.39;191
20160127 154800;28.35;28.35;28.35;28.35;100
20160127 154900;28.31;28.31;28.31;28.31;101
20160127 155100;28.31;28.31;28.28;28.28;2320
20160127 155200;28.29;28.29;28.29;28.29;100
20160127 155300;28.35;28.35;28.28;28.28;600
20160127 155500;28.27;28.27;28.25;28.25;1094
20160127 155600;28.12;28.13;28.12;28.13;300
20160127 155700;28.17;28.17;28.17;28.17;400
20160127 155800;28.1;28.1;28.08;28.1;300
20160127 155900;28.1;28.1;28.08;28.08;223
20160127 160000;28.04;28.15;28.04;28.15;384
20160127 185400;28.16;28.16;28.16;28.16;48
20160127 193600;28.12;28.12;28;28;101
20160127 193700;28;28;28;28;104
20160127 194300;28.07;28.16;28.07;28.16;101
20160128 070100;27.78;28.11;27.78;28.11;375
20160128 070300;28;28;28;28;200
20160128 090300;28.5;28.5;28.5;28.5;100
20160128 091400;28.95;28.95;28.95;28.95;40
20160128 092700;29.21;29.21;29.21;29.21;2
20160128 092800;29.21;29.21;29.21;29.21;4
20160128 092900;29.21;29.21;29.2;29.21;3
20160128 093000;29.23;29.23;29.23;29.23;1
20160128 093100;29.49;29.5;29.49;29.5;1150
20160128 093200;29.43;29.43;29.42;29.42;200
20160128 093300;29.08;29.08;29;29;600
20160128 093400;29.21;29.21;29.04;29.04;300
20160128 093500;28.96;28.96;28.96;28.96;200
20160128 093600;29.01;29.01;29.01;29.01;187
20160128 093700;29.19;29.19;29.19;29.19;220
20160128 093800;29.26;29.43;29.26;29.3;1330
20160128 094000;29.56;29.64;29.52;29.52;721
20160128 094100;29.21;29.21;29.2;29.2;1100
20160128 094500;29.31;29.31;29.31;29.31;100
20160128 094600;29.3;29.3;29.3;29.3;500
20160128 095200;29.51;29.58;29.51;29.58;604
20160128 095300;29.7;29.82;29.7;29.82;1799
20160128 095700;29.79;29.79;29.79;29.79;200
20160128 100200;29.75;29.75;29.75;29.75;100
20160128 100400;29.3;29.3;29.3;29.3;654
20160128 101400;29.03;29.03;29;29;603
20160128 101800;29.07;29.07;29.07;29.07;100
20160128 101900;29.07;29.07;29.07;29.07;100
20160128 102000;28.95;28.95;28.95;28.95;237
20160128 102700;28.7;28.7;28.7;28.7;1638
20160128 103200;28.95;28.95;28.95;28.95;300
20160128 103800;29.12;29.12;29.079;29.079;500
20160128 105100;29.3;29.41;29.3;29.41;800
20160128 110000;29.17;29.17;29.17;29.17;100
20160128 111200;28.87;29.11;28.86;29.09;4187
20160128 112800;28.86;28.86;28.85;28.86;300
20160128 113500;29.21;29.21;29.21;29.21;100
20160128 113600;29.08;29.08;29.08;29.08;133
20160128 120300;28.64;28.85;28.64;28.82;7277
20160128 120400;28.82;28.82;28.69;28.69;10593
20160128 121000;28.63;28.66;28.63;28.64;300
20160128 121300;28.77;28.77;28.77;28.77;100
20160128 121400;28.78;28.78;28.78;28.78;100
20160128 121800;28.61;28.61;28.61;28.61;100
20160128 121900;28.76;28.77;28.73;28.73;400
20160128 122100;28.73;28.73;28.66;28.67;404
20160128 122200;28.69;28.69;28.69;28.69;100
20160128 122900;29;29;29;29;200
20160128 123900;28.69;28.72;28.69;28.72;300
20160128 124600;28.5;28.5;28.5;28.5;133
20160128 125200;28.42;28.42;28.41;28.41;200
20160128 125300;28.51;28.51;28.51;28.51;100
20160128 125800;28.6;28.6;28.6;28.6;499
20160128 130100;28.42;28.42;28.42;28.42;100
20160128 130300;28.28;28.29;28.28;28.29;300
20160128 131200;28.29;28.29;28.29;28.29;200
20160128 131500;28.2;28.2;28.18;28.18;1738
20160128 131600;28.19;28.19;28.19;28.19;100
20160128 131700;28.2;28.22;28.2;28.22;400
20160128 132100;28.43;28.44;28.43;28.43;1300
20160128 132200;28.44;28.44;28.44;28.44;1800
20160128 132400;28.56;28.56;28.56;28.56;100
20160128 132800;28.45;28.45;28.45;28.45;100
20160128 134100;28.64;28.64;28.64;28.64;100
20160128 140500;28.4;28.4;28.31;28.31;600
20160128 141600;28.51;28.51;28.51;28.51;150
20160128 142800;29.09;29.09;29.09;29.09;100
20160128 143000;28.92;28.92;28.92;28.92;100
20160128 143300;29.06;29.1;29.06;29.1;200
20160128 143700;29.28;29.28;29.28;29.28;200
20160128 144400;29.55;29.55;29.55;29.55;100
20160128 144800;29.67;29.69;29.67;29.69;900
20160128 145100;29.75;29.75;29.75;29.75;100
20160128 145400;29.8;29.8;29.8;29.8;100
20160128 145700;29.52;29.52;29.44;29.47;1100
20160128 150000;29.4;29.4;29.4;29.4;200
20160128 150100;29.18;29.18;29;29.17;2200
20160128 150700;29.44;29.44;29.44;29.44;100
20160128 151700;29.49;29.49;29.49;29.49;100
20160128 152000;29.45;29.45;29.45;29.45;100
20160128 153000;29.53;29.53;29.43;29.43;200
20160128 153100;29.39;29.39;29.34;29.34;299
20160128 153400;29.35;29.35;29.35;29.35;100
20160128 153800;29.48;29.48;29.48;29.48;137
20160128 154200;29.5;29.5;29.5;29.5;300
20160128 154300;29.58;29.62;29.58;29.62;2300
20160128 154500;29.57;29.57;29.57;29.57;100
20160128 154600;29.55;29.55;29.55;29.55;100
20160128 155000;29.6;29.6;29.55;29.55;3710
20160128 155100;29.59;29.59;29.53;29.53;300
20160128 155500;29.52;29.52;29.52;29.52;120
20160128 155700;29.59;29.66;29.59;29.66;1461
20160128 155800;29.65;29.65;29.6;29.6;1100
20160128 155900;29.66;29.8;29.62;29.74;8072
20160128 160000;29.76;29.86;29.6;29.6;52166
20160128 160100;29.62;29.63;29.62;29.63;968
20160128 160300;29.8;29.8;29.8;29.8;10
20160128 161100;29.74;29.76;29.74;29.76;82
20160128 161300;29.61;29.61;29.61;29.61;50
20160128 163700;29.66;29.67;29.66;29.67;55
20160128 171300;29.6;29.6;29.6;29.6;28
20160128 172500;29.68;29.68;29.68;29.68;100
20160129 040200;29.71;29.71;29.71;29.71;100
20160129 085600;30.1;30.1;30.1;30.1;1
20160129 085900;30.1;30.1;30.1;30.1;225
20160129 092800;29.93;29.93;29.93;29.93;190
20160129 093100;30;30.01;30;30;500
20160129 093300;29.78;29.78;29.75;29.75;1405
20160129 093400;29.74;29.74;29.74;29.74;500
20160129 094600;29.78;29.78;29.78;29.78;100
20160129 094900;30.18;30.28;30.18;30.28;750
20160129 095100;30.5;30.6;30.5;30.6;800
20160129 095200;30.64;30.7;30.64;30.7;400
20160129 095300;30.4;30.4;30.36;30.36;200
20160129 095400;30.41;30.41;30.38;30.39;1937
20160129 095700;30.12;30.12;30.09;30.09;400
20160129 100200;29.87;29.87;29.74;29.74;200
20160129 101400;29.65;29.65;29.65;29.65;800
20160129 101900;29.93;29.93;29.93;29.93;100
20160129 102400;30.15;30.26;30.15;30.26;1100
20160129 102500;30.34;30.34;30.32;30.33;500
20160129 102900;30.17;30.17;30.17;30.17;300
20160129 103100;30.18;30.18;30.18;30.18;250
20160129 103400;30.11;30.11;30.11;30.11;100
20160129 103900;29.18;29.18;29.18;29.18;291
20160129 104000;29.24;29.24;29.24;29.24;100
20160129 104100;29.2;29.2;29.11;29.11;400
20160129 104200;29.2;29.28;29.2;29.25;13700
20160129 104300;29.34;29.34;29.25;29.31;5868
20160129 104500;29.35;29.35;29.3;29.3;700
20160129 104600;29.2;29.2;29.2;29.2;100
20160129 104700;28.99;28.99;28.97;28.97;200
20160129 105100;28.98;28.98;28.98;28.98;100
20160129 105200;28.92;28.92;28.92;28.92;100
20160129 110000;28.74;28.75;28.74;28.75;200
20160129 110100;28.68;28.68;28.68;28.68;200
20160129 110200;28.7;28.76;28.7;28.76;200
20160129 110600;28.74;28.74;28.74;28.74;100
20160129 110700;28.79;28.79;28.79;28.79;2100
20160129 110900;28.95;28.95;28.95;28.95;250
20160129 111100;28.91;28.91;28.91;28.91;100
20160129 112400;28.78;28.78;28.78;28.78;350
20160129 112500;28.67;28.67;28.67;28.67;600
20160129 113100;28.73;28.73;28.73;28.73;1939
20160129 113300;28.88;28.88;28.88;28.88;200
20160129 120600;28.69;28.69;28.69;28.69;215
20160129 120800;28.65;28.65;28.65;28.65;698
20160129 120900;28.66;28.66;28.66;28.66;100
20160129 122800;28.75;28.75;28.75;28.75;195
20160129 123100;28.67;28.67;28.67;28.67;100
20160129 123500;28.63;28.63;28.6;28.6;700
20160129 123800;28.51;28.51;28.5;28.5;200
20160129 124700;28.59;28.59;28.59;28.59;402
20160129 124900;28.58;28.58;28.58;28.58;100
20160129 125600;28.58;28.58;28.58;28.58;100
20160129 125700;28.48;28.48;28.48;28.48;100
20160129 125800;28.48;28.48;28.48;28.48;211
20160129 130000;28.58;28.58;28.58;28.58;100
20160129 131300;28.48;28.48;28.48;28.48;200
20160129 132400;28.7;28.7;28.7;28.7;400
20160129 133900;28.91;28.91;28.91;28.91;250
20160129 134800;28.83;28.83;28.83;28.83;600
20160129 135300;28.79;28.79;28.79;28.79;362
20160129 135400;28.79;28.79;28.79;28.79;410
20160129 135500;28.73;28.73;28.73;28.73;100
20160129 141400;28.68;28.68;28.68;28.68;500
20160129 142100;28.52;28.52;28.52;28.52;217
20160129 142600;28.38;28.38;28.38;28.38;200
20160129 142800;28.28;28.28;28.26;28.26;300
20160129 144300;28.55;28.55;28.55;28.55;127
20160129 145100;28.62;28.62;28.62;28.62;100
20160129 150200;28.5;28.5;28.5;28.5;526
20160129 150800;28.44;28.44;28.44;28.44;397
20160129 151200;28.32;28.32;28.32;28.32;500
20160129 151500;28.34;28.34;28.34;28.34;100
20160129 152300;28.3;28.3;28.3;28.3;500
20160129 152400;28.15;28.15;28.15;28.15;1600
20160129 152500;28.06;28.09;28.03;28.09;658
20160129 152600;28.03;28.03;28;28;2300
20160129 152900;28.09;28.09;28.09;28.09;100
20160129 153300;28.29;28.3;28.29;28.3;200
20160129 153600;28.37;28.37;28.37;28.37;500
20160129 154000;28.201;28.201;28.16;28.16;700
20160129 155100;28.27;28.33;28.27;28.33;200
20160129 155200;28.31;28.31;28.31;28.31;104
20160129 155400;28.3;28.3;28.3;28.3;100
20160129 155600;28.24;28.24;28.24;28.24;100
20160129 155900;28.2;28.2;28.15;28.18;400
20160129 160000;28.14;28.26;28.14;28.24;1054
20160129 160200;28.16;28.16;28.16;28.16;1
20160129 160700;28.22;28.22;28.22;28.22;99
20160129 161100;28.19;28.19;28.19;28.19;1
20160129 163700;28.18;28.18;28.16;28.16;3
20160129 165500;28.15;28.15;28.04;28.04;2
20160201 061200;27.89;27.89;27.89;27.89;40
20160201 080100;27.6;27.6;27.51;27.51;200
20160201 080600;27.51;27.51;27.51;27.51;1
20160201 080900;27.12;27.12;27.12;27.12;1
20160201 083300;27.51;27.51;27.51;27.51;99
20160201 084000;28;28;28;28;100
20160201 092000;27.15;27.15;27.15;27.15;200
20160201 092100;27;27;27;27;20
20160201 093100;27.38;27.38;27.38;27.38;100
20160201 093200;27.5;27.58;27.5;27.58;200
20160201 093300;27.25;27.25;27.25;27.25;100
20160201 093400;27.09;27.09;27.09;27.09;100
20160201 093500;27;27;26.95;27;1362
20160201 093600;27.02;27.17;26.99;27.17;1742
20160201 093700;27;27;27;27;300
20160201 094100;26.74;26.74;26.58;26.58;905
20160201 094200;26.59;26.67;26.58;26.67;3329
20160201 094400;26.5;26.5;26.5;26.5;200
20160201 094500;26.38;26.38;26.3;26.3;313
20160201 094600;26.28;26.28;26.18;26.18;1300
20160201 094700;26.07;26.07;26.07;26.07;100
20160201 094900;26.24;26.29;26.24;26.29;200
20160201 095000;26.18;26.33;26.18;26.33;600
20160201 095100;26.17;26.17;26.16;26.16;300
20160201 095300;26.2;26.2;26.2;26.2;120
20160201 095700;26.16;26.16;26.16;26.16;200
20160201 095800;26.08;26.08;26.08;26.08;200
20160201 100000;26.27;26.27;26.27;26.27;100
20160201 100500;26.11;26.11;26.11;26.11;200
20160201 100600;26.11;26.11;26.02;26.02;3225
20160201 100700;26.02;26.04;25.88;25.88;1483
20160201 101000;25.86;25.86;25.86;25.86;200
20160201 101100;25.8;25.85;25.8;25.85;877
20160201 101200;25.7;25.7;25.7;25.7;100
20160201 101300;25.81;25.81;25.8;25.8;900
20160201 101400;25.8;25.8;25.8;25.8;3199
20160201 102200;25.94;25.94;25.94;25.94;100
20160201 102600;26.11;26.11;26.11;26.11;100
20160201 102900;26.24;26.25;26.24;26.25;1100
20160201 103000;26.33;26.33;26.33;26.33;322
20160201 103100;26.22;26.25;26.22;26.22;528
20160201 103200;26.22;26.22;26.15;26.15;738
20160201 103400;26.31;26.36;26.31;26.36;200
20160201 103600;26.37;26.37;26.37;26.37;112
20160201 103700;26.13;26.13;26.05;26.05;550
20160201 103800;26.15;26.15;26.15;26.15;800
20160201 104300;26.13;26.13;26.11;26.11;1400
20160201 104600;26.14;26.14;26.14;26.14;400
20160201 104700;26.19;26.19;26.19;26.19;519
20160201 105700;26.1;26.1;26.1;26.1;2015
20160201 105900;26.02;26.02;26;26;200
20160201 110200;26.06;26.06;26.06;26.06;200
20160201 110600;26.07;26.07;26.07;26.07;100
20160201 110700;26.02;26.03;26.02;26.03;200
20160201 111100;26.02;26.02;26.02;26.02;400
20160201 111200;26.02;26.02;26.02;26.02;100
20160201 111400;26.06;26.06;26.06;26.06;100
20160201 111500;26.04;26.04;26;26;2200
20160201 112100;26.06;26.06;26.06;26.06;300
20160201 112300;26.12;26.25;26.12;26.25;1024
20160201 112700;26.32;26.32;26.32;26.32;264
20160201 112800;26.49;26.54;26.47;26.54;600
20160201 113000;26.55;26.56;26.55;26.56;300
20160201 113100;26.55;26.55;26.55;26.55;100
20160201 113200;26.65;26.65;26.65;26.65;200
20160201 113600;26.53;26.53;26.53;26.53;337
20160201 113800;26.37;26.37;26.37;26.37;214
20160201 113900;26.36;26.36;26.36;26.36;100
20160201 114200;26.6;26.6;26.6;26.6;1000
20160201 114600;26.5;26.55;26.5;26.55;1120
20160201 114800;26.47;26.48;26.47;26.48;300
20160201 115000;26.38;26.38;26.38;26.38;100
20160201 115300;26.5;26.5;26.38;26.38;312
20160201 115900;26.38;26.38;26.38;26.38;100
20160201 120800;26.64;26.64;26.64;26.64;100
20160201 120900;26.81;26.81;26.81;26.81;433
20160201 121100;26.81;26.88;26.81;26.88;300
20160201 121300;26.76;26.76;26.76;26.76;1100
20160201 121600;26.77;26.77;26.76;26.76;961
20160201 122400;26.88;27.04;26.88;27.04;309
20160201 122500;27;27;27;27;300
20160201 124200;26.9;26.9;26.9;26.9;100
20160201 125500;27.14;27.16;27.14;27.16;859
20160201 125700;27.12;27.12;27.12;27.12;300
20160201 130300;27;27;27;27;833
20160201 130700;27;27;27;27;1200
20160201 131300;26.86;26.86;26.86;26.86;200
20160201 131500;26.61;26.62;26.55;26.55;700
20160201 131700;26.53;26.53;26.53;26.53;100
20160201 132700;26.32;26.32;26.32;26.32;105
20160201 133300;26.36;26.36;26.36;26.36;100
20160201 134500;26.46;26.46;26.46;26.46;100
20160201 135900;26.3;26.3;26.25;26.25;2000
20160201 140000;26.2;26.2;26.2;26.2;100
20160201 140300;26.16;26.16;26.16;26.16;100
20160201 140400;26.1;26.1;26.1;26.1;100
20160201 140600;26.2;26.2;26.2;26.2;100
20160201 141900;26.18;26.18;26.18;26.18;300
20160201 142400;26.11;26.11;26.11;26.11;100
20160201 142500;26.07;26.07;26.06;26.06;5200
20160201 143200;25.98;25.98;25.98;25.98;100
20160201 143800;25.9;25.9;25.9;25.9;200
20160201 143900;25.8;25.8;25.8;25.8;401
20160201 144200;25.8;25.85;25.8;25.85;653
20160201 144500;25.8;25.8;25.8;25.8;847
20160201 144600;25.81;25.81;25.81;25.81;200
20160201 144700;25.8;25.8;25.78;25.79;600
20160201 144900;25.76;25.76;25.76;25.76;100
20160201 145000;25.8;25.82;25.8;25.82;200
20160201 145200;25.83;25.83;25.83;25.83;100
20160201 145500;25.8;25.85;25.7;25.85;955
20160201 145600;25.93;25.94;25.93;25.93;1700
20160201 145900;25.87;25.87;25.87;25.87;100
20160201 150000;25.799;25.799;25.78;25.78;700
20160201 150600;25.68;25.68;25.68;25.68;195
20160201 150700;25.67;25.67;25.65;25.65;200
20160201 150800;25.68;25.68;25.68;25.68;100
20160201 151000;25.65;25.67;25.65;25.67;300
20160201 151100;25.709;25.72;25.709;25.72;300
20160201 151200;25.7;25.7;25.7;25.7;200
20160201 152000;25.85;25.85;25.85;25.85;200
20160201 152600;26;26;26;26;200
20160201 152800;25.95;25.95;25.92;25.92;422
20160201 153400;26;26;26;26;300
20160201 153500;25.83;25.85;25.83;25.85;200
20160201 153600;25.85;25.85;25.7;25.7;400
20160201 153900;25.78;25.78;25.77;25.77;400
20160201 154500;25.75;25.75;25.75;25.75;100
20160201 154600;25.7;25.71;25.7;25.71;216
20160201 154700;25.7;25.719;25.7;25.7;4000
20160201 154800;25.66;25.66;25.65;25.65;600
20160201 154900;25.66;25.7;25.66;25.7;700
20160201 155000;25.75;25.75;25.75;25.75;200
20160201 155100;25.73;25.73;25.71;25.71;200
20160201 155200;25.71;25.71;25.7;25.7;200
20160201 155300;25.7;25.7;25.7;25.7;300
20160201 155400;25.71;25.71;25.71;25.71;100
20160201 155600;25.7;25.7;25.7;25.7;9830
20160201 155700;25.7;25.73;25.66;25.73;1101
20160201 155800;25.74;25.76;25.73;25.74;1151
20160201 155900;25.65;25.65;25.49;25.49;3991
20160201 160000;25.5;25.66;25.46;25.66;7389
20160201 160300;25.54;25.58;25.54;25.58;5
20160201 160400;25.57;25.57;25.57;25.57;100
20160201 160500;25.6;25.6;25.6;25.6;1
20160201 162000;25.57;25.57;25.55;25.55;3
20160201 162100;25.54;25.54;25.54;25.54;1
20160201 163600;25.57;25.57;25.57;25.57;1
20160201 164700;25.6;25.6;25.6;25.6;503
20160201 170000;25.6;25.6;25.6;25.6;11
20160201 170700;25.6;25.6;25.6;25.6;187
20160201 184200;25.67;25.67;25.67;25.67;1
20160202 071300;25.72;26;25.72;26;400
20160202 071400;26.01;26.01;26.01;26.01;200
20160202 083300;26;26;25.81;25.81;118
20160202 083400;25.82;25.82;25.82;25.82;118
20160202 091300;25.8;25.8;25.8;25.8;125
20160202 092700;26;26;26;26;150
20160202 093200;26.14;26.14;26.07;26.07;550
20160202 093300;26.01;26.01;25.88;25.88;2898
20160202 093500;25.69;25.69;25.28;25.35;5800
20160202 093700;25.74;25.74;25.74;25.74;3600
20160202 093800;25.88;25.96;25.88;25.96;531
20160202 094200;26.02;26.03;26.02;26.03;200
20160202 094300;26.11;26.15;26.11;26.15;800
20160202 094400;26.2;26.2;26.2;26.2;101
20160202 094500;26.23;26.23;26.23;26.23;100
20160202 094900;26.3;26.3;26.3;26.3;300
20160202 095000;26.38;26.38;26.38;26.38;100
20160202 095100;26.39;26.39;26.38;26.38;300
20160202 095200;26.35;26.35;26.27;26.27;2068
20160202 095300;26.34;26.34;26.34;26.34;100
20160202 095400;26.4;26.5;26.4;26.5;1386
20160202 095500;26.49;26.5;26.49;26.5;200
20160202 100400;26.62;26.62;26.61;26.61;1000
20160202 100500;26.62;26.62;26.54;26.59;1000
20160202 100600;26.64;26.64;26.64;26.64;100
20160202 100700;26.6;26.6;26.43;26.43;4600
20160202 101000;26.3;26.3;26.3;26.3;102
20160202 101100;26.36;26.36;26.36;26.36;100
20160202 101200;26.5;26.52;26.5;26.52;1302
20160202 101400;26.59;26.59;26.59;26.59;719
20160202 101600;26.61;26.61;26.61;26.61;599
20160202 102100;26.7;26.81;26.7;26.81;1550
20160202 102200;26.9;26.9;26.89;26.89;300
20160202 102600;26.87;26.87;26.87;26.87;100
20160202 103000;26.73;26.73;26.73;26.73;100
20160202 103900;26.82;26.82;26.82;26.82;354
20160202 104100;26.98;27;26.98;27;7775
20160202 104200;26.93;26.93;26.93;26.93;100
20160202 104400;26.81;26.81;26.81;26.81;100
20160202 104900;27;27;27;27;100
20160202 105000;27;27.04;27;27.04;977
20160202 105200;27.1;27.1;27.1;27.1;1179
20160202 105300;27.11;27.11;27.11;27.11;200
20160202 105700;27.2;27.24;27.2;27.24;600
20160202 105900;27.3;27.3;27.3;27.3;100
20160202 110100;27.24;27.24;27.16;27.16;300
20160202 110700;27.35;27.35;27.35;27.35;200
20160202 111000;27.36;27.37;27.35;27.35;599
20160202 111100;27.47;27.52;27.47;27.52;1050
20160202 111200;27.55;27.55;27.55;27.55;200
20160202 111300;27.53;27.53;27.53;27.53;300
20160202 111400;27.32;27.32;27.32;27.32;200
20160202 112000;27.32;27.32;27.16;27.16;500
20160202 112500;27.13;27.13;27.13;27.13;100
20160202 112700;27.17;27.18;27.17;27.18;200
20160202 113100;27.4;27.4;27.4;27.4;125
20160202 113400;27.29;27.29;27.29;27.29;100
20160202 113500;27.39;27.39;27.39;27.39;100
20160202 114200;27.38;27.38;27.38;27.38;100
20160202 115400;27.45;27.45;27.45;27.45;229
20160202 115600;27.67;27.67;27.67;27.67;100
20160202 115700;27.61;27.61;27.56;27.59;2649
20160202 120200;27.75;27.75;27.75;27.75;150
20160202 120500;27.67;27.67;27.67;27.67;300
20160202 120600;27.81;27.81;27.81;27.81;223
20160202 120700;27.85;27.96;27.85;27.96;317
20160202 120800;27.96;27.96;27.96;27.96;150
20160202 120900;27.8;27.8;27.8;27.8;100
20160202 121000;27.78;27.85;27.78;27.85;817
20160202 121400;27.91;27.91;27.91;27.91;100
20160202 121600;28;28.17;28;28.13;622
20160202 121900;28.15;28.15;28.15;28.15;100
20160202 122000;28.21;28.3;28.21;28.3;300
20160202 122300;28.17;28.17;28.17;28.17;100
20160202 122400;28.18;28.18;28.18;28.18;100
20160202 122900;28.21;28.21;28.21;28.21;494
20160202 123800;27.81;27.81;27.77;27.77;1400
20160202 123900;27.711;27.711;27.711;27.711;500
20160202 124000;27.52;27.52;27.51;27.51;700
20160202 124100;27.55;27.55;27.55;27.55;2350
20160202 124200;27.66;27.66;27.66;27.66;100
20160202 125500;27.86;27.86;27.81;27.81;1727
20160202 125600;27.72;27.72;27.72;27.72;767
20160202 125800;27.76;27.76;27.63;27.63;200
20160202 125900;27.55;27.55;27.55;27.55;286
20160202 132500;27.24;27.24;27.24;27.24;150
20160202 132600;27.11;27.11;27.09;27.09;218
20160202 133400;27.15;27.15;27.15;27.15;644
20160202 133800;27;27;26.98;26.98;1100
20160202 134300;26.9;26.9;26.9;26.9;400
20160202 135700;27.43;27.43;27.43;27.43;100
20160202 135800;27.45;27.46;27.45;27.46;564
20160202 140200;27.46;27.46;27.46;27.46;150
20160202 140300;27.46;27.46;27.46;27.46;100
20160202 141400;27.64;27.64;27.64;27.64;200
20160202 141600;27.5;27.5;27.5;27.5;246
20160202 141700;27.5;27.5;27.5;27.5;1111
20160202 142200;27.45;27.45;27.45;27.45;100
20160202 143100;27.54;27.54;27.54;27.54;270
20160202 143200;27.5;27.5;27.5;27.5;100
20160202 144000;27.46;27.46;27.46;27.46;100
20160202 144300;27.39;27.39;27.39;27.39;3550
20160202 145200;27.47;27.47;27.47;27.47;450
20160202 150300;27.6;27.6;27.6;27.6;410
20160202 151200;27.59;27.59;27.59;27.59;100
20160202 151400;27.51;27.51;27.51;27.51;100
20160202 151600;27.42;27.42;27.42;27.42;100
20160202 151700;27.39;27.39;27.39;27.39;500
20160202 152400;27.55;27.55;27.55;27.55;100
20160202 152800;27.47;27.47;27.47;27.47;100
20160202 153600;27.38;27.38;27.311;27.311;301
20160202 154100;27.28;27.28;27.28;27.28;111
20160202 154200;27.28;27.29;27.28;27.29;622
20160202 154500;27.29;27.29;27.29;27.29;299
20160202 154600;27.28;27.28;27.28;27.28;111
20160202 154700;27.27;27.27;27.27;27.27;100
20160202 154900;27.21;27.22;27.21;27.22;200
20160202 155000;27.2;27.2;27.11;27.11;213
20160202 155300;27.08;27.09;27.08;27.09;211
20160202 155400;27.11;27.11;27.11;27.11;100
20160202 155500;27.1;27.1;27.1;27.1;3287
20160202 155700;27.05;27.07;27.04;27.04;900
20160202 155800;27.01;27.05;26.99;27.05;3646
20160202 155900;27.04;27.21;27.04;27.12;1180
20160202 160000;27.17;27.3;27.16;27.3;27099
20160202 160100;27.19;27.19;27.19;27.19;1
20160202 160500;27.16;27.17;27.16;27.17;101
20160202 160800;27.2;27.2;27.2;27.2;1
20160202 165900;27.19;27.19;27.14;27.14;100
20160202 170900;27.14;27.14;27.14;27.14;100
20160202 180400;27.17;27.17;27.17;27.17;1
20160202 180900;27.23;27.23;27.23;27.23;11
20160202 182700;27.4;28;27.4;28;211
20160203 053100;27.31;27.31;27.31;27.31;500
20160203 055500;27.3;27.3;27.3;27.3;100
20160203 071200;26.72;26.72;26.71;26.71;300
20160203 071500;26.99;26.99;26.99;26.99;100
20160203 071600;27;27;27;27;300
20160203 071700;27;27;27;27;100
20160203 084200;26.7;26.7;26.7;26.7;300
20160203 084500;26.7;26.7;26.7;26.7;200
20160203 093100;26.71;26.71;26.66;26.66;600
20160203 093400;26.18;26.18;26.01;26.01;200
20160203 093500;25.9;25.9;25.89;25.89;300
20160203 093600;25.63;25.63;25.63;25.63;300
20160203 093800;25.81;25.81;25.75;25.75;200
20160203 093900;25.94;25.94;25.85;25.85;604
20160203 094000;25.85;25.85;25.72;25.72;700
20160203 094700;25.88;25.88;25.75;25.75;610
20160203 094800;25.64;25.69;25.64;25.69;600
20160203 095000;25.6;25.6;25.55;25.55;900
20160203 095500;25.78;25.78;25.78;25.78;450
20160203 095700;25.5;25.5;25.4;25.4;200
20160203 095800;25.33;25.33;25.33;25.33;100
20160203 100100;25.41;25.41;25.35;25.35;5917
20160203 100300;25.27;25.27;25.21;25.24;1410
20160203 100500;25.25;25.25;25.19;25.19;20600
20160203 100700;25.23;25.23;25.23;25.23;105
20160203 100900;25.179;25.179;25.08;25.08;1311
20160203 101000;25.19;25.19;25.14;25.14;690
20160203 101100;25.06;25.06;25.06;25.06;100
20160203 101300;25;25;24.88;24.88;2071
20160203 101400;24.96;24.96;24.96;24.96;177
20160203 101600;24.94;24.94;24.94;24.94;100
20160203 101700;24.85;24.85;24.85;24.85;1490
20160203 101800;24.79;24.799;24.71;24.719;1300
20160203 102200;24.72;24.72;24.72;24.72;285
20160203 102300;24.56;24.58;24.54;24.54;700
20160203 102400;24.5;24.51;24.48;24.51;799
20160203 102700;24.55;24.55;24.55;24.55;200
20160203 103000;24.42;24.44;24.4;24.43;1242
20160203 103100;24.46;24.46;24.4;24.4;611
20160203 104000;24.98;24.98;24.98;24.98;121
20160203 104200;24.85;24.85;24.62;24.62;399
20160203 104300;24.64;24.68;24.64;24.68;305
20160203 104400;24.67;24.67;24.67;24.67;1000
20160203 104600;24.63;24.63;24.63;24.63;300
20160203 104700;24.61;24.63;24.51;24.51;500
20160203 104800;24.5;24.55;24.48;24.55;1086
20160203 105200;24.425;24.425;24.42;24.42;200
20160203 105300;24.4;24.4;24.4;24.4;700
20160203 105400;24.38;24.38;24.38;24.38;100
20160203 105500;24.36;24.36;24.36;24.36;100
20160203 105600;24.35;24.35;24.35;24.35;100
20160203 105700;24.39;24.39;24.38;24.38;700
20160203 105800;24.42;24.42;24.42;24.42;200
20160203 110300;24.46;24.46;24.46;24.46;100
20160203 110600;24.45;24.45;24.44;24.44;200
20160203 110800;24.38;24.38;24.34;24.34;400
20160203 111000;24.33;24.33;24.3;24.3;878
20160203 111100;24.3;24.3;24.19;24.19;2221
20160203 111200;24.05;24.05;24.03;24.03;300
20160203 111300;24.06;24.06;24.06;24.06;300
20160203 111400;24.06;24.06;24.06;24.06;468
20160203 111500;24.01;24.01;24;24;300
20160203 111600;24.02;24.03;24.02;24.03;200
20160203 111700;24.02;24.02;24.015;24.015;404
20160203 111800;24.01;24.01;24;24;250
20160203 111900;24.05;24.05;24;24.01;751
20160203 112000;24;24.04;24;24.04;1400
20160203 112100;24.06;24.06;24.06;24.06;200
20160203 112200;24;24;24;24;206
20160203 112300;23.91;23.91;23.91;23.91;100
20160203 112400;23.95;23.95;23.95;23.95;522
20160203 112500;24.08;24.08;24.08;24.08;200
20160203 112800;23.94;23.94;23.94;23.94;100
20160203 113300;23.97;23.97;23.97;23.97;100
20160203 113500;23.9;23.91;23.9;23.91;301
20160203 113600;23.81;23.81;23.755;23.755;462
20160203 113700;23.7;23.705;23.55;23.55;845
20160203 113800;23.5;23.51;23.5;23.51;600
20160203 113900;23.55;23.55;23.55;23.55;100
20160203 114200;23.48;23.48;23.48;23.48;100
20160203 114600;23.45;23.45;23.45;23.45;499
20160203 114900;23.54;23.54;23.52;23.52;699
20160203 115300;23.5;23.5;23.48;23.48;499
20160203 115400;23.46;23.5;23.46;23.5;798
20160203 115700;23.44;23.44;23.44;23.44;302
20160203 115800;23.48;23.48;23.48;23.48;100
20160203 115900;23.75;23.75;23.75;23.75;100
20160203 120000;23.69;23.69;23.69;23.69;100
20160203 120200;23.79;23.79;23.79;23.79;706
20160203 120700;23.77;23.77;23.77;23.77;100
20160203 120800;23.83;23.83;23.83;23.83;100
20160203 121000;23.75;23.75;23.75;23.75;101
20160203 121200;23.82;23.82;23.82;23.82;200
20160203 121500;23.81;23.83;23.81;23.81;958
20160203 121600;23.74;23.74;23.7;23.7;300
20160203 121700;23.7;23.7;23.7;23.7;200
20160203 121800;23.7;23.7;23.7;23.7;244
20160203 122300;23.72;23.72;23.72;23.72;100
20160203 122400;23.7;23.7;23.64;23.64;300
20160203 122600;23.7;23.7;23.7;23.7;200
20160203 122800;23.7;23.7;23.7;23.7;200
20160203 122900;23.66;23.66;23.62;23.62;800
20160203 123200;23.73;23.73;23.73;23.73;125
20160203 124200;23.55;23.55;23.55;23.55;200
20160203 124300;23.52;23.52;23.5;23.5;358
20160203 124400;23.55;23.55;23.55;23.55;400
20160203 124700;23.6;23.6;23.6;23.6;200
20160203 125200;23.5;23.5;23.49;23.49;500
20160203 125300;23.53;23.53;23.53;23.53;100
20160203 125500;23.53;23.53;23.53;23.53;400
20160203 125600;23.53;23.56;23.53;23.56;400
20160203 125700;23.57;23.59;23.57;23.59;200
20160203 125800;23.56;23.56;23.55;23.55;396
20160203 125900;23.55;23.55;23.55;23.55;244
20160203 130100;23.49;23.49;23.49;23.49;100
20160203 130200;23.49;23.49;23.49;23.49;100
20160203 130300;23.48;23.48;23.45;23.45;1700
20160203 130400;23.46;23.46;23.43;23.43;200
20160203 130700;23.46;23.46;23.46;23.46;100
20160203 130900;23.41;23.41;23.4;23.4;200
20160203 131000;23.38;23.39;23.37;23.38;700
20160203 131100;23.39;23.43;23.39;23.43;501
20160203 131200;23.45;23.45;23.45;23.45;100
20160203 131300;23.49;23.49;23.49;23.49;100
20160203 132100;23.92;23.99;23.92;23.99;1916
20160203 132200;23.98;23.98;23.98;23.98;100
20160203 132600;23.74;23.74;23.74;23.74;100
20160203 132700;23.68;23.68;23.68;23.68;175
20160203 132800;23.75;23.77;23.75;23.77;300
20160203 133000;23.8;23.8;23.8;23.8;100
20160203 133200;23.71;23.71;23.7;23.7;300
20160203 133300;23.6;23.6;23.6;23.6;222
20160203 133500;23.46;23.46;23.42;23.45;400
20160203 133700;23.33;23.33;23.31;23.32;700
20160203 133800;23.38;23.43;23.38;23.4;3123
20160203 133900;23.4;23.4;23.36;23.36;1715
20160203 134100;23.3;23.3;23.28;23.28;700
20160203 134200;23.27;23.27;23.25;23.25;300
20160203 134300;23.13;23.14;23.08;23.08;1129
20160203 134400;23.02;23.08;23;23.02;3044
20160203 134500;23.01;23.04;23.01;23.02;1722
20160203 134600;23.04;23.04;23.04;23.04;100
20160203 134700;23.01;23.01;23.01;23.01;2868
20160203 134800;23.05;23.05;23.05;23.05;500
20160203 134900;23.07;23.07;23.05;23.05;300
20160203 135000;23.07;23.07;23.07;23.07;200
20160203 135100;23.07;23.09;23.07;23.09;200
20160203 135300;23.08;23.09;23.08;23.09;200
20160203 135400;23.07;23.07;23.07;23.07;110
20160203 135500;23.03;23.03;23.02;23.02;700
20160203 135600;23.01;23.01;23;23;5354
20160203 135700;22.99;23;22.92;22.92;1044
20160203 140200;23.1;23.11;23.1;23.11;400
20160203 140300;23.1;23.1;23.08;23.08;1349
20160203 140500;23.05;23.13;23.02;23.13;500
20160203 140600;23.06;23.06;23;23;500
20160203 140700;23.01;23.01;22.88;22.88;1174
20160203 140800;22.9;22.9;22.86;22.86;200
20160203 140900;22.85;22.85;22.81;22.81;501
20160203 141000;22.7;22.7;22.7;22.7;100
20160203 141700;23.11;23.11;23.11;23.11;100
20160203 141800;23.25;23.25;23.25;23.25;100
20160203 141900;23.1;23.11;23.1;23.11;1014
20160203 142300;23.1;23.1;23.1;23.1;1273
20160203 142400;23.12;23.22;23.12;23.22;600
20160203 142600;23.51;23.51;23.51;23.51;100
20160203 142700;23.65;23.65;23.65;23.65;926
20160203 142800;23.75;23.75;23.75;23.75;400
20160203 142900;23.6;23.68;23.6;23.68;945
20160203 143000;23.75;23.8;23.75;23.8;300
20160203 143100;23.91;23.92;23.91;23.91;1092
20160203 143200;23.98;23.98;23.98;23.98;900
20160203 143300;23.92;23.92;23.87;23.87;495
20160203 143400;23.82;23.82;23.82;23.82;100
20160203 143500;23.91;24;23.91;24;700
20160203 143600;23.96;23.96;23.92;23.92;1124
20160203 144100;23.87;23.87;23.87;23.87;100
20160203 144200;23.91;23.91;23.91;23.91;100
20160203 144600;24.25;24.26;24.25;24.26;200
20160203 144800;24.3;24.3;24.3;24.3;3907
20160203 145200;24.26;24.26;24.25;24.25;600
20160203 145300;23.955;23.955;23.955;23.955;199
20160203 145400;23.95;23.95;23.95;23.95;136
20160203 145900;23.95;23.95;23.94;23.94;2063
20160203 150000;23.9;23.9;23.9;23.9;362
20160203 150100;23.88;23.88;23.88;23.88;340
20160203 150500;23.8;23.8;23.8;23.8;200
20160203 150700;23.78;23.9;23.78;23.9;599
20160203 150900;23.78;23.78;23.78;23.78;100
20160203 151100;23.66;23.66;23.66;23.66;201
20160203 151300;23.63;23.63;23.63;23.63;100
20160203 151400;23.5;23.5;23.5;23.5;923
20160203 151500;23.46;23.46;23.46;23.46;100
20160203 151800;23.41;23.41;23.41;23.41;100
20160203 152400;23.62;23.62;23.62;23.62;150
20160203 152700;23.55;23.55;23.5;23.5;400
20160203 153000;23.23;23.24;23.23;23.23;730
20160203 153100;23.35;23.35;23.35;23.35;170
20160203 153200;23.21;23.21;23.2;23.2;300
20160203 153300;23.21;23.21;23.21;23.21;200
20160203 153400;23.24;23.24;23.21;23.21;400
20160203 153600;23.21;23.21;23.21;23.21;148
20160203 153800;23.28;23.28;23.28;23.28;100
20160203 154000;23.23;23.23;23.23;23.23;100
20160203 154100;23.25;23.25;23.25;23.25;17849
20160203 154400;23.34;23.36;23.34;23.36;500
20160203 154600;23.44;23.48;23.43;23.48;1300
20160203 154700;23.53;23.53;23.53;23.53;100
20160203 154800;23.52;23.57;23.52;23.57;299
20160203 154900;23.52;23.52;23.52;23.52;100
20160203 155000;23.57;23.57;23.56;23.56;200
20160203 155200;23.57;23.57;23.56;23.56;300
20160203 155300;23.62;23.62;23.6;23.6;200
20160203 155400;23.61;23.61;23.61;23.61;100
20160203 155600;23.62;23.62;23.55;23.6;705
20160203 155700;23.53;23.56;23.51;23.56;503
20160203 155800;23.53;23.53;23.48;23.49;1000
20160203 155900;23.48;23.53;23.46;23.46;1399
20160203 160000;23.52;23.52;23.44;23.52;2113
20160203 160100;23.47;23.47;23.45;23.45;14
20160203 161100;23.46;23.49;23.46;23.49;5
20160203 161600;23.5;23.5;23.49;23.49;2
20160203 162700;23.49;23.49;23.49;23.49;1
20160203 172600;23.51;23.51;23.51;23.51;100
20160203 181000;23.52;23.52;23.52;23.52;2
20160203 181400;23.55;23.55;23.55;23.55;6
20160203 183200;23.66;23.66;23.66;23.66;10
20160203 183300;23.66;23.66;23.66;23.66;12
20160203 184100;23.66;23.66;23.66;23.66;100
20160203 190700;23.66;23.66;23.66;23.66;100
20160203 191000;23.66;23.66;23.66;23.66;100
20160203 195800;23.71;23.75;23.71;23.75;10
20160204 040700;22.8;22.8;22.8;22.8;100
20160204 040900;22.7;22.7;22.7;22.7;5344
20160204 045600;22.9;22.9;22.9;22.9;100
20160204 070800;23.31;23.31;23.31;23.31;56
20160204 074200;22.9;22.9;22.9;22.9;200
20160204 075400;22.7;22.7;22.5;22.5;170
20160204 080100;22.74;22.74;22.74;22.74;242
20160204 081200;22.22;22.22;22;22;251
20160204 083500;22.03;22.03;22;22.02;210
20160204 084400;21.71;21.71;21.65;21.65;180
20160204 084800;21.51;21.51;21.51;21.51;1
20160204 085400;21.55;21.55;21.55;21.55;250
20160204 085500;21.5;21.5;21.5;21.5;1000
20160204 090000;21.74;21.74;21.74;21.74;100
20160204 091600;21.55;21.55;21.47;21.47;1565
20160204 092600;21.4;21.4;21.32;21.32;101
20160204 092900;21.31;21.31;21.28;21.28;410
20160204 093000;21.28;21.28;21.28;21.28;460
20160204 093100;21.13;21.14;21.08;21.14;699
20160204 093200;21.25;21.31;21;21.01;1195
20160204 093300;21;21.05;20.95;20.97;3172
20160204 093400;20.97;21.35;20.96;21.35;980
20160204 093600;21.25;21.25;21.25;21.25;4972
20160204 093700;21;21.04;21;21.04;225
20160204 093800;21;21;20.84;20.87;1807
20160204 093900;20.96;21.02;20.96;21.02;400
20160204 094000;20.89;20.89;20.89;20.89;100
20160204 094100;20.81;20.81;20.8;20.8;1280
20160204 094200;20.92;20.92;20.92;20.92;200
20160204 094300;20.82;20.97;20.82;20.92;1000
20160204 094400;20.9;20.9;20.85;20.889;900
20160204 094500;20.8;20.8;20.7;20.7;312
20160204 094600;20.7;20.7;20.6;20.6;4030
20160204 094700;20.57;20.57;20.57;20.57;100
20160204 094800;20.52;20.52;20.51;20.51;500
20160204 095000;20.65;20.65;20.65;20.65;100
20160204 095100;20.63;20.63;20.6;20.6;1474
20160204 095200;20.55;20.55;20.5;20.5;1697
20160204 095300;20.53;20.53;20.34;20.34;1100
20160204 095400;20.32;20.32;20.28;20.28;2029
20160204 095500;20.37;20.44;20.37;20.44;200
20160204 095600;20.51;20.51;20.51;20.51;200
20160204 095700;20.42;20.42;20.42;20.42;375
20160204 095800;20.36;20.36;20.36;20.36;3946
20160204 095900;20.33;20.37;20.33;20.37;300
20160204 100000;20.43;20.43;20.43;20.43;100
20160204 100200;20.31;20.31;20.31;20.31;100
20160204 100300;20.26;20.26;20.18;20.18;1382
20160204 100400;20.19;20.19;20.12;20.12;524
20160204 100600;20.1;20.1;20.05;20.05;3091
20160204 100700;20.015;20.04;20;20.04;2514
20160204 100800;20.15;20.15;20.15;20.15;100
20160204 101000;20.05;20.05;20.01;20.01;200
20160204 101100;20.005;20.005;20.005;20.005;100
20160204 101200;20.01;20.06;20.01;20.06;3684
20160204 101400;20.12;20.12;20.12;20.12;100
20160204 101500;20.05;20.05;20.05;20.05;100
20160204 101600;20.23;20.23;20.23;20.23;500
20160204 101800;20.3;20.33;20.3;20.33;395
20160204 101900;20.31;20.31;20.31;20.31;130
20160204 102100;20.1;20.1;20.1;20.1;100
20160204 102200;20.02;20.11;20.02;20.11;522
20160204 102400;20.23;20.299;20.23;20.29;1100
20160204 102500;20.33;20.33;20.24;20.24;550
20160204 102800;20.54;20.54;20.49;20.49;1046
20160204 102900;20.57;20.69;20.57;20.69;649
20160204 103000;20.65;20.65;20.65;20.65;200
20160204 103100;20.59;20.59;20.53;20.53;599
20160204 103200;20.5;20.5;20.41;20.41;700
20160204 103300;20.38;20.38;20.23;20.23;1060
20160204 103400;20.2;20.2;20.2;20.2;400
20160204 103600;20.2;20.2;20.2;20.2;918
20160204 104000;20.4;20.4;20.4;20.4;200
20160204 104100;20.36;20.36;20.295;20.295;200
20160204 104200;20.3;20.35;20.3;20.3;300
20160204 104300;20.29;20.29;20.28;20.28;1400
20160204 104500;20.3;20.3;20.3;20.3;100
20160204 104600;20.36;20.37;20.36;20.37;400
20160204 105100;20.2;20.23;20.2;20.23;300
20160204 105200;20.2;20.2;20.06;20.06;3043
20160204 105300;20.1;20.1;20.04;20.04;400
20160204 105400;20.11;20.11;20.09;20.09;399
20160204 105500;20.09;20.09;20.09;20.09;100
20160204 105600;20.08;20.08;20.07;20.08;700
20160204 110000;20.055;20.055;20.03;20.03;742
20160204 110100;20.025;20.025;19.97;19.98;4820
20160204 110200;19.98;19.98;19.92;19.92;903
20160204 110300;19.9;19.9;19.86;19.86;2486
20160204 110400;19.85;19.85;19.75;19.75;3665
20160204 110500;19.7;19.7;19.63;19.63;600
20160204 110600;19.63;19.66;19.6;19.66;400
20160204 110700;19.73;19.73;19.7;19.71;300
20160204 110800;19.74;19.77;19.74;19.77;400
20160204 110900;19.78;19.78;19.78;19.78;295
20160204 111100;19.67;19.67;19.67;19.67;341
20160204 111200;19.68;19.68;19.68;19.68;100
20160204 111300;19.65;19.66;19.65;19.66;699
20160204 111400;19.66;19.66;19.66;19.66;100
20160204 111500;19.7;19.7;19.7;19.7;272
20160204 111800;19.84;19.84;19.84;19.84;100
20160204 112100;19.88;19.89;19.88;19.89;300
20160204 112200;19.88;19.88;19.88;19.88;100
20160204 112600;19.921;19.921;19.921;19.921;200
20160204 112900;19.98;19.98;19.98;19.98;300
20160204 113200;19.98;19.99;19.96;19.96;493
20160204 113400;19.97;20.07;19.97;20.07;741
20160204 113600;20.01;20.01;19.96;19.96;311
20160204 113800;20.06;20.08;20.06;20.08;200
20160204 114000;20.13;20.13;20.13;20.13;100
20160204 114300;20.16;20.16;20.16;20.16;100
20160204 114800;20.06;20.06;20.06;20.06;100
20160204 114900;19.95;19.95;19.92;19.92;600
20160204 115000;19.98;19.98;19.92;19.92;935
20160204 115100;19.93;19.93;19.92;19.92;2702
20160204 115200;19.92;19.92;19.88;19.88;2230
20160204 115300;19.89;19.89;19.85;19.87;1033
20160204 115600;19.97;19.97;19.97;19.97;100
20160204 115700;19.99;19.99;19.99;19.99;113
20160204 115800;19.95;19.96;19.87;19.87;300
20160204 115900;19.88;19.95;19.88;19.95;300
20160204 120000;20;20;20;20;100
20160204 120300;20;20;20;20;150
20160204 120600;19.89;19.89;19.89;19.89;100
20160204 120700;19.93;19.93;19.93;19.93;431
20160204 121000;19.88;19.88;19.88;19.88;100
20160204 121800;19.87;19.88;19.87;19.88;200
20160204 122100;19.77;19.77;19.77;19.77;100
20160204 122300;19.78;19.78;19.78;19.78;100
20160204 122400;19.84;19.84;19.84;19.84;200
20160204 122800;19.78;19.78;19.77;19.78;468
20160204 122900;19.75;19.75;19.75;19.75;200
20160204 123100;19.74;19.74;19.74;19.74;101
20160204 123200;19.75;19.75;19.75;19.75;472
20160204 123300;19.75;19.76;19.75;19.76;400
20160204 123400;19.73;19.73;19.73;19.73;107
20160204 123500;19.71;19.71;19.71;19.71;200
20160204 123600;19.69;19.69;19.67;19.67;600
20160204 124200;19.66;19.67;19.65;19.67;499
20160204 124300;19.819;19.819;19.819;19.819;100
20160204 124500;19.82;19.82;19.8;19.8;1010
20160204 124700;19.67;19.67;19.67;19.67;101
20160204 124800;19.66;19.66;19.66;19.66;100
20160204 124900;19.66;19.66;19.63;19.63;200
20160204 125000;19.62;19.62;19.55;19.56;4952
20160204 125200;19.59;19.6;19.53;19.54;741
20160204 125300;19.53;19.53;19.51;19.51;1409
20160204 125400;19.51;19.52;19.5;19.505;1130
20160204 125500;19.52;19.53;19.52;19.53;299
20160204 125600;19.55;19.55;19.5;19.5;500
20160204 130000;19.57;19.57;19.57;19.57;100
20160204 130500;19.55;19.55;19.55;19.55;305
20160204 130600;19.5;19.5;19.5;19.5;100
20160204 130700;19.5;19.53;19.5;19.53;299
20160204 131000;19.86;19.86;19.86;19.86;100
20160204 131100;19.94;19.94;19.94;19.94;100
20160204 131400;19.92;19.93;19.92;19.93;582
20160204 131600;19.95;19.95;19.95;19.95;499
20160204 131900;20.07;20.14;20.07;20.14;7767
20160204 132000;20.05;20.05;20.05;20.05;320
20160204 132100;20;20;20;20;100
20160204 132700;19.93;19.93;19.93;19.93;100
20160204 133200;19.72;19.72;19.72;19.72;100
20160204 133300;19.66;19.66;19.61;19.61;7041
20160204 133500;19.85;19.85;19.85;19.85;425
20160204 134000;19.65;19.66;19.65;19.66;200
20160204 134200;19.7;19.7;19.7;19.7;282
20160204 134400;19.7;19.7;19.7;19.7;788
20160204 134500;19.73;19.78;19.73;19.78;200
20160204 134700;19.8;19.8;19.8;19.8;200
20160204 134800;19.86;19.86;19.86;19.86;100
20160204 135000;20.04;20.04;20.04;20.04;100
20160204 135300;20.06;20.09;20.06;20.09;400
20160204 135400;20.1;20.12;20.1;20.12;7200
20160204 135800;20.15;20.15;20.12;20.12;217
20160204 135900;20.15;20.15;20.15;20.15;100
20160204 140100;20.22;20.22;20.22;20.22;100
20160204 140600;20.3;20.35;20.3;20.35;642
20160204 140700;20.35;20.36;20.34;20.36;841
20160204 140800;20.34;20.35;20.34;20.35;300
20160204 140900;20.59;20.6;20.59;20.6;600
20160204 141000;20.5;20.5;20.5;20.5;104
20160204 142100;20.48;20.54;20.47;20.54;4886
20160204 142200;20.58;20.58;20.44;20.44;2500
20160204 142400;20.55;20.55;20.545;20.545;200
20160204 142500;20.545;20.58;20.545;20.58;542
20160204 142600;20.55;20.61;20.55;20.61;1000
20160204 142700;20.6;20.6;20.6;20.6;100
20160204 142800;20.53;20.53;20.53;20.53;100
20160204 143100;20.45;20.45;20.45;20.45;257
20160204 143200;20.43;20.43;20.43;20.43;100
20160204 143500;20.41;20.45;20.41;20.45;1050
20160204 143600;20.5;20.52;20.5;20.52;300
20160204 144000;20.37;20.37;20.37;20.37;2908
20160204 144200;20.01;20.05;19.99;19.99;2810
20160204 144500;20.16;20.16;20.16;20.16;100
20160204 144900;20.06;20.06;20.06;20.06;100
20160204 145300;20.09;20.09;20.09;20.09;100
20160204 150100;20.09;20.09;20.09;20.09;200
20160204 150200;20.04;20.04;20;20;319
20160204 150300;19.98;20;19.98;20;1183
20160204 150800;20.26;20.26;20.26;20.26;386
20160204 151000;20.22;20.22;20.22;20.22;400
20160204 151900;20.01;20.01;20.01;20.01;517
20160204 152000;20.13;20.13;20.13;20.13;100
20160204 152600;20.2;20.2;20.2;20.2;900
20160204 153100;20.23;20.23;20.23;20.23;100
20160204 153200;20.38;20.39;20.38;20.39;600
20160204 153300;20.5;20.53;20.5;20.53;2001
20160204 153500;20.63;20.65;20.63;20.65;1947
20160204 153700;20.63;20.64;20.63;20.64;200
20160204 154200;20.64;20.64;20.58;20.58;200
20160204 154300;20.54;20.54;20.54;20.54;100
20160204 154500;20.57;20.59;20.57;20.59;1400
20160204 154700;20.57;20.6;20.57;20.6;306
20160204 154800;20.7;20.7;20.7;20.7;1500
20160204 154900;20.8;20.8;20.8;20.8;700
20160204 155100;20.95;21;20.94;20.94;1100
20160204 155300;20.9;20.9;20.9;20.9;2800
20160204 155400;20.9;20.91;20.9;20.91;4400
20160204 155600;20.96;20.969;20.92;20.93;7353
20160204 155700;20.92;20.95;20.92;20.94;1400
20160204 155800;20.93;20.99;20.93;20.97;400
20160204 155900;20.95;21.06;20.95;21.06;3152
20160204 160000;21.1;21.2;21.1;21.16;19063
20160204 160100;21.25;21.25;21.17;21.17;5
20160204 160200;21.16;21.16;21.14;21.14;4
20160204 160300;21.12;21.12;21.12;21.12;1
20160204 160600;21.07;21.13;21.07;21.13;2
20160204 161100;21.13;21.19;21.13;21.19;98
20160204 161300;21.13;21.13;21.13;21.13;1
20160204 161400;21.24;21.24;21.24;21.24;1
20160204 164900;21.3;21.3;21.3;21.3;2
20160204 165000;21.3;21.3;21.3;21.3;11
20160204 165900;21.3;21.3;21.3;21.3;100
20160204 170900;21.2;21.2;21.2;21.2;46
20160204 172000;21.3;21.3;21.3;21.3;20
20160204 182400;21.06;21.06;21.06;21.06;16
20160204 192500;21.28;21.28;21.28;21.28;1
20160204 195900;21.28;21.3;21.28;21.3;300
20160204 200000;21.3;21.3;21.3;21.3;289
20160205 041000;21;21;21;21;1
20160205 070000;20.5;20.5;19.5;19.5;100
20160205 071100;20.5;20.5;20.5;20.5;300
20160205 071300;20.5;20.5;20.5;20.5;200
20160205 080000;20.5;20.5;20.5;20.5;100
20160205 083000;20.47;20.47;20.47;20.47;100
20160205 083100;20.26;20.26;20.26;20.26;400
20160205 083200;20.48;20.48;20.48;20.48;50
20160205 083700;19.99;19.99;19.9;19.9;300
20160205 084300;20.1;20.1;20.1;20.1;800
20160205 084400;20.46;20.46;20.1;20.1;500
20160205 084500;20.64;20.64;20.64;20.64;50
20160205 084600;20.71;21;20.71;21;1251
20160205 084700;21.2;21.2;21.2;21.2;100
20160205 084800;21.12;21.42;21.12;21.35;1967
20160205 084900;21.44;21.44;21.35;21.35;483
20160205 085000;21.02;21.02;20.79;21;443
20160205 085200;20.71;20.71;20.71;20.71;200
20160205 085500;20.89;21;20.89;21;200
20160205 085600;20.99;21.26;20.99;21.26;320
20160205 085700;21.44;21.7;21.44;21.7;717
20160205 085800;21.5;21.54;21.5;21.5;627
20160205 085900;21.55;21.55;21.55;21.55;101
20160205 090000;21.55;21.55;21.55;21.55;100
20160205 090100;21.55;21.55;21.5;21.55;500
20160205 090200;21.55;21.55;21.55;21.55;30
20160205 090500;21.4;21.71;21.4;21.53;706
20160205 090600;21.74;21.88;21.71;21.88;63
20160205 090800;21.6;21.6;21.6;21.6;100
20160205 090900;21.85;21.94;21.85;21.94;2000
20160205 091100;21.7;21.7;21.7;21.7;10
20160205 091300;21.86;21.86;21.86;21.86;100
20160205 091800;21.86;21.95;21.86;21.95;307
20160205 091900;21.96;21.96;21.95;21.95;100
20160205 092000;21.95;21.95;21.95;21.95;628
20160205 092200;21.96;21.96;21.96;21.96;130
20160205 092400;21.94;21.94;21.94;21.94;202
20160205 092500;21.96;22;21.96;22;235
20160205 092900;22;22;22;22;75
20160205 093100;22.19;22.31;22;22.02;4836
20160205 093200;22.08;22.39;22.08;22.39;1832
20160205 093300;22.34;22.34;22.28;22.28;600
20160205 093500;22.16;22.2;22.16;22.18;1698
20160205 093600;22.31;22.33;22.31;22.33;300
20160205 093700;22.38;22.62;22.38;22.62;1800
20160205 093800;22.64;22.67;22.5;22.5;1895
20160205 094000;22.52;22.52;22.5;22.5;200
20160205 094100;22.59;22.59;22.59;22.59;388
20160205 094200;22.61;22.61;22.6;22.6;200
20160205 094300;22.5;22.5;22.44;22.44;981
20160205 094400;22.22;22.22;22.22;22.22;100
20160205 094500;22.2;22.2;22.15;22.17;432
20160205 094600;22.24;22.25;22;22;2787
20160205 094700;21.98;21.99;21.98;21.98;1839
20160205 094800;21.98;22.05;21.98;21.98;4421
20160205 094900;21.87;21.87;21.6;21.6;2832
20160205 095100;21.71;21.71;21.6;21.6;702
20160205 095300;21.5;21.5;21.28;21.37;2200
20160205 100100;21.47;21.47;21.47;21.47;599
20160205 100400;21.8;21.85;21.8;21.85;692
20160205 100500;21.91;21.91;21.91;21.91;100
20160205 100600;21.82;21.88;21.82;21.88;2246
20160205 100700;21.74;21.74;21.74;21.74;100
20160205 100900;21.77;21.84;21.77;21.84;743
20160205 101100;21.98;21.98;21.98;21.98;100
20160205 101400;21.95;21.95;21.95;21.95;227
20160205 101600;22;22.01;22;22.01;1572
20160205 101800;21.97;21.97;21.951;21.951;660
20160205 101900;22.07;22.07;22.04;22.04;300
20160205 102100;22;22;22;22;125
20160205 102300;22;22;22;22;416
20160205 102500;21.94;21.94;21.94;21.94;100
20160205 102600;22;22;21.73;21.73;2706
20160205 102700;21.8;21.8;21.73;21.73;200
20160205 102800;21.72;21.72;21.72;21.72;350
20160205 102900;21.69;21.69;21.69;21.69;100
20160205 103100;21.55;21.62;21.55;21.61;600
20160205 103300;21.49;21.49;21.34;21.34;800
20160205 103500;21.23;21.26;21.23;21.26;1071
20160205 103600;21.3;21.3;21.19;21.19;5300
20160205 103700;21.13;21.13;21;21.01;1387
20160205 104100;21.07;21.07;21.07;21.07;100
20160205 104200;21.01;21.01;21.01;21.01;100
20160205 104300;21.07;21.11;21.07;21.11;300
20160205 104400;21.12;21.12;21.09;21.09;258
20160205 104500;21.11;21.11;21.08;21.08;600
20160205 104700;21.12;21.12;21.12;21.12;200
20160205 104800;21.19;21.19;21.15;21.15;900
20160205 104900;21.26;21.26;21.21;21.21;401
20160205 105000;21.28;21.28;21.28;21.28;200
20160205 105100;21.16;21.16;21.11;21.12;2861
20160205 105300;21.18;21.18;21.18;21.18;100
20160205 105500;21.06;21.06;21.04;21.04;401
20160205 105600;21.03;21.03;20.98;20.98;414
20160205 105700;20.89;20.89;20.89;20.89;100
20160205 105900;20.95;20.95;20.89;20.89;600
20160205 110100;20.83;20.83;20.77;20.77;2400
20160205 110200;20.77;20.77;20.76;20.76;200
20160205 110400;20.64;20.64;20.64;20.64;100
20160205 110500;20.51;20.51;20.51;20.51;395
20160205 110600;20.61;20.63;20.61;20.63;300
20160205 110700;20.61;20.61;20.61;20.61;200
20160205 110800;20.63;20.63;20.63;20.63;300
20160205 110900;20.79;20.86;20.79;20.86;500
20160205 111000;20.77;20.81;20.77;20.81;284
20160205 111100;20.77;20.77;20.77;20.77;100
20160205 111300;20.78;20.78;20.68;20.68;200
20160205 111400;20.73;20.75;20.73;20.75;200
20160205 111500;20.67;20.67;20.67;20.67;100
20160205 111700;20.64;20.64;20.62;20.62;300
20160205 111800;20.55;20.57;20.55;20.57;200
20160205 111900;20.5;20.5;20.4;20.4;519
20160205 112000;20.311;20.311;20.311;20.311;100
20160205 112100;20.37;20.37;20.37;20.37;100
20160205 112200;20.24;20.24;20.24;20.24;100
20160205 112300;20.16;20.22;20.16;20.21;400
20160205 112400;20.12;20.15;20.12;20.15;733
20160205 112500;20.16;20.16;20.16;20.16;500
20160205 112700;20.07;20.07;20.07;20.07;100
20160205 112800;20.01;20.05;20;20;2766
20160205 112900;20;20;19.96;19.96;1002
20160205 113000;19.95;20;19.95;20;1400
20160205 113300;19.96;20;19.96;20;3998
20160205 113400;20;20;20;20;359
20160205 113500;20;20;19.92;19.92;4614
20160205 113600;19.92;19.92;19.92;19.92;200
20160205 113700;19.9;19.9;19.9;19.9;200
20160205 113800;19.92;19.95;19.92;19.95;3034
20160205 113900;19.85;19.85;19.85;19.85;800
20160205 114000;19.97;20;19.91;19.91;5986
20160205 114100;19.95;19.97;19.86;19.86;1400
20160205 114200;19.85;19.85;19.85;19.85;443
20160205 114300;19.75;19.75;19.75;19.75;500
20160205 114400;19.74;19.74;19.7;19.7;10119
20160205 114600;19.6;19.6;19.58;19.58;3825
20160205 114700;19.55;19.55;19.47;19.47;5432
20160205 114800;19.45;19.45;19.4;19.43;600
20160205 114900;19.37;19.46;19.37;19.46;2498
20160205 115000;19.42;19.42;19.37;19.37;1600
20160205 115100;19.4;19.4;19.4;19.4;100
20160205 115200;19.55;19.72;19.55;19.72;1100
20160205 115300;19.83;19.87;19.83;19.87;200
20160205 115800;19.8;19.8;19.8;19.8;100
20160205 120000;20;20;20;20;985
20160205 120200;20.12;20.12;20.07;20.07;200
20160205 120400;20.07;20.07;20.07;20.07;400
20160205 120600;19.98;19.98;19.98;19.98;300
20160205 121000;19.74;19.74;19.74;19.74;100
20160205 121100;19.79;19.79;19.79;19.79;100
20160205 121200;19.97;19.97;19.97;19.97;100
20160205 121700;19.64;19.64;19.64;19.64;336
20160205 121800;19.75;19.76;19.75;19.76;400
20160205 122100;19.7;19.7;19.7;19.7;315
20160205 122300;19.73;19.73;19.73;19.73;100
20160205 122900;19.7;19.7;19.7;19.7;100
20160205 123000;19.68;19.68;19.68;19.68;100
20160205 123200;19.67;19.67;19.67;19.67;100
20160205 123300;19.7;19.7;19.7;19.7;100
20160205 123400;19.74;19.74;19.74;19.74;100
20160205 124600;19.97;19.97;19.97;19.97;300
20160205 124800;20.03;20.03;20.03;20.03;100
20160205 124900;20.05;20.1;20.03;20.1;1200
20160205 125100;20.15;20.15;20.15;20.15;100
20160205 125400;20.1;20.1;20.1;20.1;157
20160205 130400;19.9;19.9;19.88;19.88;1400
20160205 131100;19.87;19.88;19.87;19.88;400
20160205 131200;19.95;19.96;19.95;19.96;200
20160205 131700;19.9;19.9;19.9;19.9;100
20160205 131900;19.76;19.76;19.72;19.72;217
20160205 132200;19.79;19.81;19.79;19.81;200
20160205 132400;19.79;19.79;19.74;19.74;507
20160205 132500;19.72;19.72;19.72;19.72;100
20160205 132600;19.72;19.72;19.68;19.68;1504
20160205 132700;19.68;19.68;19.68;19.68;200
20160205 133000;19.81;19.83;19.81;19.83;200
20160205 134000;19.97;19.97;19.97;19.97;100
20160205 134800;20.07;20.1;20.07;20.1;4570
20160205 135400;20.13;20.13;20.13;20.13;100
20160205 140300;19.92;19.92;19.87;19.87;300
20160205 140500;19.92;19.92;19.81;19.85;300
20160205 140700;19.8;19.8;19.8;19.8;249
20160205 140800;19.83;19.83;19.83;19.83;299
20160205 140900;19.75;19.75;19.75;19.75;900
20160205 141500;19.67;19.67;19.67;19.67;100
20160205 141700;19.69;19.69;19.69;19.69;100
20160205 141900;19.65;19.7;19.65;19.7;900
20160205 142000;19.66;19.66;19.66;19.66;100
20160205 142100;19.62;19.62;19.62;19.62;150
20160205 142200;19.78;19.8;19.78;19.8;300
20160205 142600;19.83;19.83;19.83;19.83;300
20160205 142900;19.83;19.83;19.83;19.83;489
20160205 143200;19.75;19.75;19.75;19.75;164
20160205 143400;19.82;19.84;19.82;19.84;973
20160205 143500;19.75;19.75;19.75;19.75;300
20160205 143900;19.72;19.72;19.72;19.72;100
20160205 144200;19.75;19.75;19.75;19.75;300
20160205 144400;19.7;19.7;19.62;19.62;700
20160205 144500;19.62;19.62;19.6;19.6;4462
20160205 144700;19.6;19.6;19.58;19.58;400
20160205 144800;19.6;19.6;19.6;19.6;155
20160205 144900;19.51;19.51;19.51;19.51;100
20160205 145000;19.599;19.599;19.599;19.599;100
20160205 145200;19.5;19.5;19.5;19.5;3000
20160205 145300;19.46;19.46;19.46;19.46;369
20160205 145400;19.43;19.43;19.43;19.43;100
20160205 145500;19.47;19.47;19.47;19.47;100
20160205 145800;19.43;19.43;19.4;19.4;500
20160205 150000;19.4;19.41;19.4;19.4;500
20160205 150100;19.42;19.42;19.42;19.42;300
20160205 150300;19.28;19.28;19.28;19.28;575
20160205 150400;19.18;19.18;19.18;19.18;100
20160205 150600;19.18;19.18;19.18;19.18;100
20160205 150800;19.15;19.15;19.11;19.13;760
20160205 151300;19.19;19.2;19.14;19.14;900
20160205 151400;19.14;19.14;19.14;19.14;100
20160205 151700;19.18;19.18;19.13;19.13;200
20160205 151800;19.13;19.13;19.03;19.05;4070
20160205 151900;19.06;19.1;19.06;19.09;1900
20160205 152000;19.12;19.12;19.12;19.12;300
20160205 152100;19.15;19.15;19.15;19.15;174
20160205 152400;19.2;19.2;19.2;19.2;200
20160205 152500;19.12;19.12;19.07;19.07;2011
20160205 152600;19.08;19.08;19;19;657
20160205 152700;19.005;19.005;19;19;1200
20160205 152900;18.93;18.93;18.93;18.93;100
20160205 153200;18.97;18.97;18.97;18.97;200
20160205 153300;19;19;19;19;100
20160205 153400;18.95;18.95;18.95;18.95;200
20160205 153500;18.94;18.94;18.94;18.94;100
20160205 153700;19;19;19;19;340
20160205 153900;18.95;19.01;18.94;19.01;1100
20160205 154100;18.97;18.97;18.91;18.91;499
20160205 154200;18.91;18.91;18.905;18.905;2104
20160205 154300;18.88;18.88;18.815;18.82;847
20160205 154400;18.8;18.82;18.75;18.75;5582
20160205 154500;18.76;18.76;18.75;18.75;200
20160205 154600;18.75;18.755;18.72;18.73;624
20160205 154700;18.7;18.7;18.6;18.6;3361
20160205 154800;18.63;18.63;18.63;18.63;494
20160205 154900;18.59;18.59;18.5;18.5;1929
20160205 155000;18.47;18.47;18.42;18.46;1239
20160205 155100;18.42;18.58;18.42;18.58;15513
20160205 155200;18.61;18.61;18.59;18.61;500
20160205 155300;18.61;18.61;18.49;18.52;1271
20160205 155400;18.52;18.52;18.49;18.49;614
20160205 155500;18.51;18.51;18.51;18.51;200
20160205 155600;18.43;18.46;18.37;18.39;3251
20160205 155700;18.36;18.4;18.35;18.35;8548
20160205 155800;18.31;18.33;18.28;18.28;5731
20160205 155900;18.22;18.28;18.12;18.13;4777
20160205 160000;18.1;18.1;18;18.03;11267
20160205 160100;18.02;18.02;18.02;18.02;1
20160205 160200;18.03;18.03;18.03;18.03;1
20160205 160400;18.08;18.08;18.08;18.08;1
20160205 160500;18.11;18.11;18.11;18.11;1
20160205 160700;18.15;18.15;18.15;18.15;1
20160205 164700;18.48;18.48;18.48;18.48;1
20160205 172200;18.32;18.32;18.32;18.32;1
20160205 181600;18.27;18.3;18.27;18.3;20
20160205 183200;18.35;18.35;18.35;18.35;100
20160205 184100;18.35;18.35;18.35;18.35;1
20160205 195800;18.51;18.51;18.51;18.51;50
