20160119 101100;6.8;6.8;6.8;6.8;100
20160119 110500;6.85;6.85;6.85;6.85;200
20160119 110600;6.85;6.85;6.84;6.84;2800
20160119 122300;6.85;6.85;6.85;6.85;100
20160119 123200;6.8498;6.8498;6.8498;6.8498;500
20160119 131800;6.8502;6.8502;6.8502;6.8502;1000
20160119 135500;6.87;6.87;6.87;6.87;1300
20160119 135600;6.87;6.87;6.87;6.87;300
20160119 141300;6.87;6.87;6.87;6.87;400
20160119 141500;6.87;6.87;6.87;6.87;100
20160119 141600;6.87;6.87;6.87;6.87;100
20160119 141700;6.87;6.87;6.87;6.87;300
20160119 142000;6.87;6.87;6.87;6.87;100
20160119 142100;6.87;6.87;6.87;6.87;100
20160119 142300;6.87;6.87;6.87;6.87;100
20160119 142500;6.87;6.87;6.87;6.87;100
20160119 142900;6.86;6.87;6.86;6.86;500
20160119 143000;6.85;6.87;6.85;6.87;1900
20160119 143200;6.86;6.86;6.86;6.86;200
20160119 143600;6.87;6.87;6.87;6.87;200
20160119 143700;6.86;6.87;6.86;6.87;300
20160119 143800;6.86;6.86;6.86;6.86;800
20160119 143900;6.9;6.9;6.9;6.9;200
20160119 144200;6.87;6.87;6.87;6.87;100
20160119 144400;6.87;6.87;6.87;6.87;100
20160119 144900;6.86;6.86;6.86;6.86;100
20160119 145100;6.85;6.85;6.85;6.85;139
20160119 145200;6.85;6.85;6.85;6.85;138
20160119 150300;6.855;6.855;6.84;6.84;631
20160119 150800;6.86;6.86;6.86;6.86;200
20160119 151000;6.86;6.86;6.84;6.84;2077
20160119 151100;6.84;6.84;6.84;6.84;194
20160119 151200;6.87;6.87;6.87;6.87;600
20160119 151400;6.87;6.87;6.87;6.87;200
20160119 151600;6.87;6.87;6.87;6.87;400
20160119 151900;6.87;6.87;6.87;6.87;400
20160119 152100;6.87;6.87;6.87;6.87;400
20160119 152300;6.86;6.86;6.86;6.86;200
20160119 152400;6.87;6.87;6.84;6.84;2100
20160119 152900;6.86;6.86;6.86;6.86;300
20160119 153000;6.84;6.84;6.84;6.84;163
20160119 153100;6.84;6.84;6.84;6.84;138
20160119 153200;6.84;6.84;6.84;6.84;700
20160119 153800;6.84;6.84;6.84;6.84;139
20160119 154300;6.84;6.84;6.84;6.84;249
20160119 154900;6.8425;6.85;6.8425;6.85;1200
20160119 155000;6.85;6.85;6.85;6.85;277
20160119 155100;6.855;6.855;6.855;6.855;200
20160119 155200;6.845;6.845;6.845;6.845;100
20160119 155500;6.8425;6.845;6.81;6.81;3593
20160119 155700;6.84;6.84;6.84;6.84;100
20160120 094500;6.67;6.67;6.67;6.67;400
20160120 095800;6.65;6.65;6.65;6.65;100
20160120 100400;6.61;6.61;6.61;6.61;3700
20160120 100900;6.614;6.614;6.614;6.614;120
20160120 101700;6.61;6.62;6.6;6.6;2200
20160120 101800;6.59;6.59;6.59;6.59;300
20160120 103900;6.59;6.59;6.59;6.59;100
20160120 104100;6.59;6.59;6.54;6.55;9120
20160120 105200;6.55;6.55;6.55;6.55;2080
20160120 113300;6.58;6.58;6.58;6.58;100
20160120 120700;6.58;6.58;6.58;6.58;300
20160120 120900;6.57;6.58;6.57;6.58;300
20160120 121100;6.59;6.59;6.59;6.59;100
20160120 125400;6.59;6.59;6.59;6.59;100
20160120 141200;6.6335;6.6335;6.6335;6.6335;300
20160120 145100;6.63;6.63;6.63;6.63;400
20160120 145300;6.65;6.65;6.65;6.65;1064
20160120 150300;6.65;6.65;6.65;6.65;900
20160120 151000;6.6723;6.6723;6.6723;6.6723;106
20160120 153800;6.6958;6.6958;6.6958;6.6958;200
20160120 155900;6.7;6.7;6.7;6.7;164
20160121 100900;6.68;6.68;6.68;6.68;100
20160121 101500;6.7;6.7;6.7;6.7;100
20160121 110600;6.69;6.69;6.69;6.69;300
20160121 110700;6.69;6.69;6.69;6.69;600
20160121 110800;6.69;6.69;6.69;6.69;400
20160121 110900;6.69;6.69;6.69;6.69;400
20160121 111000;6.69;6.69;6.69;6.69;100
20160121 130200;6.67;6.68;6.67;6.68;2200
20160121 131800;6.68;6.68;6.68;6.68;186
20160121 133100;6.66;6.66;6.66;6.66;100
20160121 135600;6.68;6.68;6.68;6.68;400
20160121 135700;6.68;6.68;6.68;6.68;100
20160121 135900;6.68;6.68;6.68;6.68;100
20160121 141300;6.68;6.68;6.68;6.68;600
20160121 142300;6.675;6.675;6.67;6.67;510
20160121 142400;6.67;6.67;6.67;6.67;400
20160121 142700;6.68;6.68;6.68;6.68;700
20160121 142900;6.68;6.68;6.67;6.67;4580
20160121 143100;6.68;6.68;6.68;6.68;400
20160121 143600;6.68;6.68;6.68;6.68;100
20160121 144100;6.68;6.68;6.68;6.68;200
20160121 144700;6.68;6.68;6.68;6.68;300
20160121 144900;6.68;6.68;6.68;6.68;900
20160122 095100;6.64;6.64;6.64;6.64;149
20160122 100800;6.76;6.77;6.76;6.77;400
20160122 105100;6.822;6.822;6.822;6.822;300
20160122 110600;6.82;6.83;6.82;6.83;1100
20160122 110700;6.82;6.82;6.82;6.82;400
20160122 110900;6.82;6.82;6.82;6.82;300
20160122 121400;6.81;6.81;6.81;6.81;170
20160122 121500;6.8101;6.8101;6.8101;6.8101;200
20160122 155900;6.85;6.85;6.85;6.85;100
20160122 160000;6.85;6.85;6.85;6.85;100
20160125 093100;6.84;6.85;6.84;6.85;900
20160125 095400;6.85;6.86;6.85;6.86;500
20160125 095900;6.87;6.87;6.87;6.87;100
20160125 103300;6.86;6.86;6.86;6.86;100
20160125 105000;6.86;6.86;6.85;6.85;800
20160125 105100;6.85;6.85;6.85;6.85;100
20160125 105500;6.85;6.85;6.85;6.85;100
20160125 111100;6.8501;6.8501;6.8501;6.8501;3000
20160125 113200;6.85;6.86;6.85;6.85;8772
20160125 115500;6.8501;6.8501;6.8501;6.8501;5100
20160125 121100;6.85;6.85;6.85;6.85;100
20160125 131200;6.86;6.86;6.86;6.86;200
20160125 133900;6.86;6.86;6.86;6.86;279
20160125 141900;6.85;6.86;6.85;6.85;300
20160125 155700;6.87;6.87;6.87;6.87;1900
20160125 155900;6.87;6.87;6.87;6.87;100
20160125 160000;6.86;6.86;6.86;6.86;400
20160126 105700;6.82;6.83;6.82;6.83;300
20160126 120000;6.8299;6.8299;6.8299;6.8299;3200
20160126 121400;6.825;6.825;6.825;6.825;100
20160126 121500;6.83;6.83;6.83;6.83;500
20160126 121600;6.83;6.83;6.83;6.83;500
20160126 123600;6.8399;6.8399;6.8366;6.8366;1500
20160126 131900;6.8399;6.8399;6.8399;6.8399;111
20160126 134700;6.84;6.84;6.84;6.84;100
20160126 143700;6.85;6.85;6.85;6.85;100
20160126 143800;6.85;6.85;6.85;6.85;148
20160126 150200;6.86;6.86;6.86;6.86;100
20160126 150400;6.87;6.87;6.87;6.87;100
20160126 154500;6.8788;6.8788;6.8788;6.8788;450
20160127 093200;6.916;6.916;6.916;6.916;900
20160127 093300;6.916;6.916;6.916;6.916;1000
20160127 114800;6.98;6.98;6.98;6.98;3677
20160127 114900;6.99;7;6.99;7;3777
20160127 115400;6.99;6.99;6.99;6.99;100
20160127 135800;6.99;6.99;6.99;6.99;200
20160127 140500;6.9998;7;6.9998;7;284
20160127 142400;7;7;6.99;6.99;1600
20160127 145900;6.9999;6.9999;6.9999;6.9999;700
20160127 150900;6.97;6.97;6.96;6.97;1700
20160127 155300;6.943;6.943;6.943;6.943;600
20160127 155900;6.95;6.95;6.95;6.95;100
20160127 160000;6.97;6.97;6.97;6.97;537
20160128 094800;6.94;6.94;6.93;6.93;1300
20160128 102700;6.89;6.89;6.89;6.89;400
20160128 110400;6.88;6.88;6.88;6.88;200
20160128 133100;6.89;6.9;6.89;6.9;3625
20160128 154000;6.8996;6.9;6.8996;6.9;400
20160129 095400;6.9877;6.9877;6.96;6.96;1100
20160129 100100;6.97;6.97;6.97;6.97;100
20160129 115800;6.99;6.99;6.99;6.99;100
20160129 143000;7.0499;7.0499;7.0499;7.0499;1000
20160129 144400;7;7.01;7;7.01;200
20160201 101000;7.01;7.01;7.01;7.01;400
20160201 102000;7.04;7.04;7.04;7.04;700
20160201 102100;7.03;7.03;7.03;7.03;1200
20160201 104000;7;7;6.95;6.95;700
20160201 104100;6.9701;6.98;6.94;6.94;1500
20160201 104200;6.9501;6.9801;6.9501;6.9801;1900
20160201 104300;6.99;6.9901;6.98;6.99;1510
20160201 104400;6.98;6.98;6.9601;6.9701;1200
20160201 104500;6.9701;6.9701;6.97;6.9701;1090
20160201 104600;6.9801;6.9801;6.9601;6.9601;1400
20160201 104700;6.9601;6.9601;6.9601;6.9601;800
20160201 131300;7.03;7.03;7.03;7.03;4200
20160201 131500;7.03;7.03;7.03;7.03;1000
20160201 131700;7.03;7.03;7.03;7.03;800
20160201 131900;7.03;7.03;7.03;7.03;1100
20160201 132000;7.03;7.03;7.03;7.03;300
20160201 132100;7.03;7.03;7.03;7.03;1300
20160201 134200;7.03;7.03;7.03;7.03;100
20160201 140200;7.05;7.05;7.0451;7.0451;200
20160201 141800;7.06;7.06;7.06;7.06;1210
20160201 143200;7.06;7.07;7.06;7.07;1180
20160201 150900;7.08;7.08;7.08;7.08;100
20160201 155600;7.08;7.08;7.08;7.08;100
20160202 101100;7.01;7.05;6.96;7.04;3090
20160202 102700;7.01;7.01;7.01;7.01;100
20160202 113900;7.04;7.04;7.0387;7.0387;1380
20160202 141600;7.07;7.08;7.07;7.07;1600
20160203 093700;7.06;7.06;7.06;7.06;200
20160203 094300;7.087;7.087;7.087;7.087;200
20160203 094600;7.06;7.06;7.06;7.06;1915
20160203 094800;7.061;7.061;7.06;7.06;200
20160203 095100;7.06;7.06;7.06;7.06;100
20160203 095700;7.05;7.05;7.05;7.05;500
20160203 100800;7.05;7.05;7.05;7.05;600
20160203 100900;7.05;7.05;7.03;7.03;1100
20160203 101000;7.03;7.03;7.0011;7.003;2022
20160203 113600;7;7;7;7;100
20160203 115100;7.0147;7.0147;7.0147;7.0147;461
20160203 135300;6.997;6.997;6.997;6.997;302
20160203 135400;6.99;6.99;6.99;6.99;100
20160203 152200;7.008;7.008;7.008;7.008;350
20160203 153100;7;7;7;7;100
20160203 155800;6.99;6.99;6.99;6.99;100
20160204 105700;7.0301;7.0301;7.0301;7.0301;500
20160204 110300;7.03;7.03;7.03;7.03;1000
20160204 110600;7.03;7.03;7.03;7.03;500
20160204 121400;6.9919;6.9919;6.9919;6.9919;166
20160204 141800;6.98;6.98;6.98;6.98;420
20160204 142600;7;7;7;7;100
20160204 150200;7;7;7;7;500
20160204 154900;6.99;6.99;6.99;6.99;100
20160205 124700;6.89;6.89;6.887;6.887;1300
20160205 134100;6.8701;6.8701;6.8701;6.8701;142
20160205 140800;6.89;6.9;6.89;6.9;1000
20160205 141000;6.9;6.9;6.9;6.9;2000
20160205 141800;6.9;6.9;6.9;6.9;400
20160205 154100;6.89;6.89;6.89;6.89;400
