20160119 093300;12.6918;12.6918;12.6918;12.6918;1060
20160119 093400;12.6696;12.6696;12.6696;12.6696;1507
20160119 093600;12.65;12.65;12.65;12.65;300
20160119 093800;12.65;12.65;12.65;12.65;276
20160119 100800;12.6;12.6;12.6;12.6;300
20160119 100900;12.6;12.6;12.6;12.6;100
20160119 101000;12.6;12.6;12.6;12.6;100
20160119 102300;12.59;12.592;12.59;12.592;595
20160119 103700;12.58;12.58;12.5;12.5;1100
20160119 103800;12.51;12.51;12.49;12.49;2220
20160119 104100;12.4901;12.4901;12.4901;12.4901;725
20160119 104300;12.4901;12.4901;12.4901;12.4901;520
20160119 104400;12.493;12.493;12.49;12.49;347
20160119 105400;12.5;12.5;12.5;12.5;200
20160119 105600;12.53;12.53;12.5;12.5;688
20160119 110100;12.5;12.5;12.5;12.5;100
20160119 110300;12.49;12.49;12.49;12.49;100
20160119 110600;12.519;12.52;12.5;12.5;2700
20160119 110800;12.5216;12.5216;12.5216;12.5216;750
20160119 111700;12.5101;12.5101;12.5101;12.5101;235
20160119 111900;12.5368;12.5368;12.5368;12.5368;135
20160119 112100;12.5142;12.538;12.51;12.51;2000
20160119 112600;12.55;12.55;12.5397;12.5397;800
20160119 113900;12.55;12.55;12.51;12.51;1600
20160119 114500;12.5368;12.5368;12.5368;12.5368;1000
20160119 114600;12.5104;12.5104;12.51;12.51;320
20160119 115300;12.53;12.53;12.53;12.53;1500
20160119 121000;12.51;12.51;12.5;12.5;3100
20160119 121100;12.5001;12.5001;12.5;12.5;463
20160119 122200;12.5;12.5;12.5;12.5;3200
20160119 123200;12.54;12.55;12.54;12.55;1790
20160119 123300;12.55;12.55;12.55;12.55;100
20160119 123600;12.55;12.55;12.55;12.55;1068
20160119 123700;12.55;12.55;12.55;12.55;7900
20160119 124000;12.55;12.5511;12.49;12.49;10344
20160119 124200;12.4949;12.4949;12.49;12.49;1600
20160119 124500;12.49;12.49;12.49;12.49;100
20160119 124600;12.4999;12.4999;12.4999;12.4999;1000
20160119 124800;12.49;12.49;12.49;12.49;200
20160119 125100;12.49;12.49;12.49;12.49;3200
20160119 125300;12.49;12.49;12.49;12.49;100
20160119 125500;12.49;12.49;12.49;12.49;200
20160119 125900;12.4919;12.4919;12.4919;12.4919;558
20160119 130100;12.49;12.49;12.49;12.49;300
20160119 130600;12.49;12.49;12.49;12.49;100
20160119 130800;12.49;12.49;12.49;12.49;100
20160119 131100;12.49;12.49;12.49;12.49;200
20160119 131500;12.49;12.49;12.49;12.49;300
20160119 132000;12.49;12.49;12.49;12.49;200
20160119 132500;12.49;12.49;12.49;12.49;191
20160119 132900;12.49;12.49;12.49;12.49;200
20160119 133000;12.4961;12.4961;12.4961;12.4961;300
20160119 133400;12.49;12.49;12.49;12.49;200
20160119 133800;12.49;12.49;12.49;12.49;200
20160119 134200;12.49;12.49;12.49;12.49;109
20160119 134600;12.49;12.4931;12.49;12.4931;1919
20160119 134700;12.49;12.49;12.49;12.49;200
20160119 135000;12.49;12.49;12.49;12.49;200
20160119 135300;12.49;12.49;12.49;12.49;100
20160119 135600;12.4905;12.4931;12.49;12.49;788
20160119 140000;12.49;12.49;12.49;12.49;200
20160119 140400;12.49;12.49;12.49;12.49;300
20160119 140600;12.49;12.49;12.49;12.49;100
20160119 140800;12.49;12.49;12.49;12.49;100
20160119 141100;12.49;12.49;12.49;12.49;200
20160119 141400;12.4901;12.4901;12.4901;12.4901;300
20160119 141500;12.49;12.49;12.49;12.49;200
20160119 141700;12.49;12.49;12.49;12.49;100
20160119 142000;12.49;12.49;12.49;12.49;200
20160119 142200;12.49;12.49;12.41;12.41;4387
20160119 143200;12.4466;12.4466;12.4466;12.4466;193
20160119 143500;12.46;12.46;12.46;12.46;100
20160119 144100;12.452;12.452;12.452;12.452;401
20160119 144600;12.44;12.45;12.43;12.43;1900
20160119 144900;12.4097;12.4097;12.4097;12.4097;294
20160119 145100;12.4;12.4;12.38;12.38;500
20160119 145700;12.39;12.39;12.39;12.39;100
20160119 145800;12.38;12.38;12.38;12.38;100
20160119 150600;12.416;12.416;12.416;12.416;1000
20160119 150700;12.39;12.39;12.39;12.39;200
20160119 151200;12.39;12.39;12.39;12.39;100
20160119 151400;12.39;12.39;12.39;12.39;200
20160119 151500;12.4332;12.4332;12.4332;12.4332;215
20160119 151600;12.39;12.39;12.39;12.39;300
20160119 151700;12.4298;12.4298;12.4298;12.4298;336
20160119 151800;12.39;12.39;12.39;12.39;300
20160119 152700;12.4201;12.4201;12.4201;12.4201;336
20160119 154400;12.42;12.42;12.42;12.42;200
20160119 154500;12.43;12.43;12.43;12.43;400
20160119 154600;12.43;12.43;12.43;12.43;200
20160119 154700;12.44;12.44;12.44;12.44;200
20160119 154800;12.44;12.44;12.44;12.44;376
20160119 154900;12.44;12.44;12.44;12.44;300
20160119 155000;12.44;12.44;12.4;12.4;2100
20160119 155200;12.4;12.4;12.4;12.4;600
20160119 155300;12.4;12.4;12.4;12.4;200
20160119 155400;12.43;12.43;12.4102;12.4102;1818
20160119 155500;12.4032;12.4032;12.4032;12.4032;100
20160119 155600;12.44;12.46;12.44;12.46;300
20160119 155700;12.41;12.47;12.41;12.47;400
20160119 155800;12.46;12.46;12.4;12.4;1813
20160119 155900;12.4;12.4;12.38;12.38;599
20160119 160000;12.37;12.37;12.36;12.36;290
20160120 093600;12.205;12.275;12.205;12.275;200
20160120 094100;12.25;12.25;12.25;12.25;100
20160120 094200;12.312;12.312;12.312;12.312;106
20160120 094300;12.3;12.3;12.3;12.3;100
20160120 094400;12.3015;12.33;12.3;12.33;1300
20160120 094500;12.3;12.3;12.25;12.25;2500
20160120 094600;12.2512;12.275;12.25;12.275;2400
20160120 094700;12.25;12.275;12.25;12.275;300
20160120 095600;12.2501;12.2501;12.2501;12.2501;100
20160120 095700;12.25;12.25;12.25;12.25;3800
20160120 095800;12.2825;12.2825;12.2825;12.2825;400
20160120 095900;12.25;12.25;12.25;12.25;100
20160120 100200;12.22;12.22;12.22;12.22;100
20160120 100300;12.21;12.21;12.21;12.21;100
20160120 100400;12.224;12.224;12.224;12.224;155
20160120 100800;12.21;12.22;12.2;12.2;500
20160120 101200;12.206;12.206;12.2;12.2;575
20160120 101700;12.21;12.21;12.21;12.21;100
20160120 101900;12.2;12.2025;12.11;12.12;2974
20160120 102000;12.11;12.11;12.11;12.11;100
20160120 102300;12.09;12.09;12.09;12.09;100
20160120 102400;12.1;12.1;12.1;12.1;500
20160120 102600;12.1;12.1;12.1;12.1;1064
20160120 102700;12.1;12.1;12.09;12.09;503
20160120 102800;12.06;12.06;12.06;12.06;100
20160120 102900;12.0763;12.0763;12.0763;12.0763;500
20160120 103000;12.06;12.08;12;12.0566;1700
20160120 103100;11.98;12.06;11.98;12.06;250
20160120 103300;12.016;12.02;12.01;12.01;1700
20160120 103800;12.02;12.02;12.02;12.02;800
20160120 103900;12.02;12.02;12.02;12.02;100
20160120 104200;12.02;12.025;12.02;12.02;1400
20160120 104400;12.02;12.02;12.02;12.02;353
20160120 104500;12.025;12.03;12.02;12.02;500
20160120 104600;12.03;12.03;12.03;12.03;106
20160120 105400;12.02;12.02;12.02;12.02;100
20160120 105700;12.02;12.02;12.02;12.02;200
20160120 105800;12.01;12.01;12.01;12.01;920
20160120 105900;12.01;12.01;12.01;12.01;600
20160120 110000;12.01;12.01;12.01;12.01;100
20160120 110100;12.0126;12.0126;12.01;12.01;270
20160120 110400;12.01;12.01;12.01;12.01;100
20160120 110700;12.02;12.02;12.02;12.02;600
20160120 110800;12.01;12.015;12.01;12.015;325
20160120 111000;12.0199;12.0199;12.0199;12.0199;391
20160120 111100;12.01;12.01;12.01;12.01;100
20160120 111300;12.0199;12.02;12.015;12.02;600
20160120 111600;12.02;12.02;12.02;12.02;100
20160120 111700;12.02;12.02;12.02;12.02;600
20160120 112000;12.02;12.02;12.02;12.02;100
20160120 112400;12.02;12.02;12.02;12.02;100
20160120 112500;12.0201;12.0201;12.0201;12.0201;218
20160120 112700;12.022;12.022;12.022;12.022;1300
20160120 113000;12.02;12.02;12.02;12.02;400
20160120 113300;12.0275;12.0275;12.02;12.02;551
20160120 113500;12.03;12.05;12.03;12.031;1468
20160120 114200;12.04;12.04;12.04;12.04;100
20160120 114600;12.03;12.03;12.03;12.03;100
20160120 114800;12.03;12.03;12.03;12.03;100
20160120 115200;12.03;12.03;12.03;12.03;100
20160120 115400;12.0399;12.0399;12.0399;12.0399;1000
20160120 115600;12.03;12.03;12.03;12.03;300
20160120 115700;12.03;12.04;12.03;12.04;500
20160120 120100;12.0434;12.0434;12.0434;12.0434;336
20160120 120300;12.0468;12.0598;12.04;12.04;2300
20160120 120400;12.06;12.06;12.06;12.06;210
20160120 120500;12.04;12.04;12.04;12.04;100
20160120 120600;12.04;12.04;12.04;12.04;100
20160120 120700;12.04;12.04;12.04;12.04;100
20160120 121000;12.04;12.04;12.04;12.04;100
20160120 121400;12.04;12.04;12.04;12.04;100
20160120 121900;12.05;12.05;12.05;12.05;100
20160120 122100;12.05;12.05;12.05;12.05;100
20160120 122200;12.05;12.05;12.05;12.05;200
20160120 122400;12.05;12.06;12.04;12.04;2599
20160120 122700;12.0474;12.0474;12.04;12.04;500
20160120 122900;12.04;12.04;12.04;12.04;2100
20160120 123400;12.04;12.04;12.04;12.04;100
20160120 123900;12.04;12.04;12.04;12.04;100
20160120 124100;12.04;12.04;12.04;12.04;100
20160120 124500;12.04;12.04;12.04;12.04;100
20160120 124700;12.06;12.06;12.04;12.04;1835
20160120 124900;12.04;12.04;12.04;12.04;100
20160120 125000;12.04;12.04;12.04;12.04;100
20160120 125300;12.05;12.0547;12.05;12.05;1520
20160120 125600;12.05;12.05;12.05;12.05;100
20160120 125700;12.06;12.06;12.06;12.06;200
20160120 130000;12.05;12.05;12.05;12.05;100
20160120 130200;12.066;12.066;12.066;12.066;1000
20160120 132000;12.0899;12.0899;12.0899;12.0899;215
20160120 133200;12.08;12.08;12.08;12.08;100
20160120 133300;12.08;12.08;12.08;12.08;100
20160120 133900;12.08;12.08;12.08;12.08;1000
20160120 134700;12.09;12.09;12.089;12.089;600
20160120 134800;12.11;12.12;12.11;12.12;500
20160120 135800;12.1393;12.1393;12.1393;12.1393;2000
20160120 140000;12.12;12.12;12.12;12.12;100
20160120 140600;12.12;12.1265;12.12;12.1265;261
20160120 140800;12.12;12.12;12.12;12.12;276
20160120 141300;12.12;12.12;12.12;12.12;100
20160120 141600;12.1399;12.1399;12.1399;12.1399;700
20160120 142200;12.1298;12.1298;12.1298;12.1298;117
20160120 142600;12.12;12.12;12.12;12.12;100
20160120 143100;12.12;12.12;12.12;12.12;100
20160120 143300;12.12;12.1201;12.12;12.1201;988
20160120 144800;12.12;12.12;12.12;12.12;100
20160120 144900;12.12;12.12;12.12;12.12;100
20160120 145300;12.1337;12.1337;12.1337;12.1337;385
20160120 145600;12.126;12.126;12.126;12.126;1000
20160120 150300;12.12;12.1265;12.12;12.12;2300
20160120 150400;12.12;12.12;12.12;12.12;100
20160120 150900;12.1338;12.1338;12.1338;12.1338;500
20160120 151100;12.12;12.12;12.12;12.12;100
20160120 151900;12.1298;12.1298;12.12;12.12;1750
20160120 152000;12.1396;12.1396;12.1396;12.1396;1000
20160120 152800;12.14;12.14;12.138;12.138;1800
20160120 153200;12.17;12.17;12.17;12.17;100
20160120 153700;12.1475;12.1475;12.1475;12.1475;571
20160120 153800;12.17;12.17;12.17;12.17;100
20160120 154300;12.15;12.15;12.15;12.15;100
20160120 154400;12.1622;12.1622;12.1622;12.1622;100
20160120 154700;12.15;12.15;12.15;12.15;600
20160120 154800;12.15;12.15;12.15;12.15;100
20160120 154900;12.15;12.15;12.15;12.15;100
20160120 155000;12.1551;12.1586;12.15;12.15;573
20160120 155400;12.15;12.15;12.15;12.15;100
20160120 155500;12.1578;12.1578;12.1578;12.1578;1000
20160120 155600;12.15;12.16;12.15;12.16;376
20160120 160000;12.16;12.16;12.15;12.15;424
20160121 094400;12.15;12.15;12.15;12.15;100
20160121 094700;12.17;12.17;12.0801;12.0801;400
20160121 094800;12.09;12.09;12.09;12.09;200
20160121 094900;12.08;12.08;12.08;12.08;100
20160121 095500;11.96;11.96;11.96;11.96;100
20160121 100500;12.03;12.04;12.03;12.04;2589
20160121 100600;12.03;12.04;12.02;12.04;600
20160121 100700;12.1399;12.15;12.06;12.11;1500
20160121 101200;12.21;12.21;12.21;12.21;100
20160121 102100;12.1496;12.15;12.13;12.15;515
20160121 104100;12.14;12.21;12.14;12.21;1400
20160121 104900;12.278;12.28;12.278;12.28;580
20160121 105500;12.16;12.26;12.1501;12.26;442
20160121 105900;12.167;12.167;12.167;12.167;800
20160121 110000;12.24;12.26;12.1401;12.16;2667
20160121 110100;12.18;12.25;12.18;12.25;1100
20160121 110200;12.23;12.23;12.23;12.23;700
20160121 110300;12.23;12.23;12.19;12.19;1200
20160121 110400;12.175;12.22;12.175;12.22;1400
20160121 110500;12.22;12.27;12.22;12.27;581
20160121 110600;12.2;12.2;12.2;12.2;200
20160121 110800;12.1985;12.1985;12.1985;12.1985;110
20160121 111000;12.2;12.2;12.15;12.2;2100
20160121 111400;12.1999;12.2;12.1999;12.2;1900
20160121 113200;12.2;12.2;12.2;12.2;700
20160121 113300;12.2;12.2;12.15;12.2;1400
20160121 113500;12.2;12.2;12.2;12.2;500
20160121 113600;12.2;12.2;12.2;12.2;100
20160121 113700;12.2;12.2;12.2;12.2;100
20160121 114100;12.26;12.26;12.21;12.21;200
20160121 114200;12.21;12.21;12.21;12.21;100
20160121 114400;12.2;12.2;12.2;12.2;100
20160121 114600;12.2001;12.2001;12.2001;12.2001;494
20160121 114800;12.2;12.2189;12.2;12.2189;814
20160121 114900;12.2;12.2;12.2;12.2;100
20160121 115100;12.2;12.2137;12.2;12.2001;4631
20160121 115200;12.2;12.2;12.2;12.2;300
20160121 115300;12.2;12.2;12.2;12.2;100
20160121 115600;12.2;12.2;12.2;12.2;200
20160121 115700;12.2335;12.2335;12.2335;12.2335;258
20160121 115800;12.27;12.37;12.27;12.33;2430
20160121 120200;12.25;12.25;12.25;12.25;100
20160121 121600;12.2833;12.2833;12.2833;12.2833;3072
20160121 130200;12.29;12.2901;12.29;12.2901;2900
20160121 130500;12.29;12.29;12.24;12.29;8090
20160121 130800;12.3;12.3;12.29;12.29;8180
20160121 130900;12.337;12.339;12.337;12.339;500
20160121 131200;12.3;12.3;12.3;12.3;200
20160121 131600;12.3;12.3;12.3;12.3;200
20160121 131700;12.2973;12.2973;12.2973;12.2973;501
20160121 132100;12.2948;12.2948;12.2948;12.2948;100
20160121 132300;12.29;12.29;12.29;12.29;1493
20160121 132400;12.29;12.29;12.29;12.29;261
20160121 132600;12.29;12.29;12.29;12.29;5966
20160121 133200;12.2795;12.2795;12.2795;12.2795;5000
20160121 133400;12.2799;12.28;12.2799;12.28;6900
20160121 134000;12.2301;12.2301;12.2301;12.2301;800
20160121 135900;12.2533;12.29;12.25;12.25;9197
20160121 141700;12.2647;12.2647;12.2647;12.2647;219
20160121 142400;12.25;12.25;12.25;12.25;553
20160121 142500;12.2508;12.2508;12.2508;12.2508;500
20160121 143600;12.2519;12.2519;12.25;12.25;417
20160121 144000;12.25;12.25;12.25;12.25;1847
20160121 144100;12.2499;12.2499;12.23;12.23;1700
20160121 145000;12.2201;12.2201;12.2201;12.2201;235
20160121 145400;12.2201;12.2201;12.2201;12.2201;290
20160121 145600;12.23;12.23;12.23;12.23;600
20160121 145700;12.23;12.27;12.23;12.23;800
20160121 145800;12.23;12.23;12.22;12.23;2100
20160121 145900;12.22;12.22;12.18;12.199;1600
20160121 150000;12.18;12.21;12.18;12.21;400
20160121 150100;12.2;12.2;12.2;12.2;500
20160121 150300;12.1806;12.1806;12.1806;12.1806;205
20160121 150500;12.22;12.22;12.2;12.2;300
20160121 150700;12.2;12.2;12.2;12.2;100
20160121 151000;12.2;12.2;12.2;12.2;100
20160121 152100;12.2;12.2;12.2;12.2;100
20160121 152200;12.196;12.196;12.196;12.196;200
20160121 152300;12.2;12.2;12.2;12.2;554
20160121 152600;12.2;12.2;12.2;12.2;5100
20160121 152700;12.2;12.2;12.2;12.2;2605
20160121 152900;12.2;12.2;12.2;12.2;3395
20160121 153100;12.1901;12.1901;12.1901;12.1901;200
20160121 153900;12.1701;12.1798;12.17;12.1798;442
20160121 154900;12.1701;12.1701;12.17;12.17;318
20160121 155000;12.1701;12.1701;12.1701;12.1701;100
20160121 155500;12.2;12.2;12.2;12.2;100
20160121 155600;12.19;12.19;12.19;12.19;100
20160121 155900;12.19;12.19;12.19;12.19;100
20160121 160000;12.19;12.19;12.19;12.19;281
20160122 093300;12.28;12.28;12.28;12.28;175
20160122 093600;12.28;12.28;12.28;12.28;100
20160122 093800;12.2731;12.2731;12.2731;12.2731;646
20160122 095000;12.2383;12.2383;12.2383;12.2383;506
20160122 095100;12.2758;12.2758;12.2758;12.2758;100
20160122 095500;12.28;12.28;12.28;12.28;2301
20160122 095600;12.28;12.38;12.28;12.38;11277
20160122 095700;12.43;12.43;12.43;12.43;100
20160122 095900;12.38;12.38;12.38;12.38;300
20160122 100000;12.38;12.38;12.38;12.38;6401
20160122 100200;12.38;12.38;12.38;12.38;3000
20160122 100300;12.38;12.38;12.38;12.38;5477
20160122 100600;12.39;12.39;12.36;12.37;3323
20160122 101100;12.38;12.38;12.38;12.38;600
20160122 101200;12.38;12.38;12.38;12.38;1000
20160122 101400;12.38;12.38;12.38;12.38;4000
20160122 101500;12.38;12.38;12.38;12.38;1000
20160122 101800;12.38;12.38;12.38;12.38;5100
20160122 101900;12.38;12.38;12.38;12.38;2600
20160122 102000;12.42;12.44;12.42;12.44;2000
20160122 103000;12.42;12.42;12.42;12.42;900
20160122 103400;12.38;12.38;12.38;12.38;900
20160122 105500;12.38;12.38;12.38;12.38;4500
20160122 105600;12.37;12.37;12.34;12.34;6600
20160122 105700;12.34;12.34;12.34;12.34;500
20160122 105800;12.2901;12.3451;12.2901;12.3224;4927
20160122 110100;12.3213;12.3213;12.3213;12.3213;320
20160122 110200;12.37;12.37;12.37;12.37;200
20160122 110700;12.3101;12.346;12.31;12.346;755
20160122 110800;12.33;12.33;12.33;12.33;100
20160122 111600;12.4199;12.4199;12.4199;12.4199;797
20160122 112400;12.3032;12.3032;12.3032;12.3032;400
20160122 112600;12.32;12.32;12.32;12.32;100
20160122 113400;12.3492;12.3492;12.3492;12.3492;500
20160122 114800;12.2701;12.2701;12.2701;12.2701;150
20160122 115000;12.27;12.305;12.27;12.27;3200
20160122 115300;12.27;12.27;12.27;12.27;100
20160122 115400;12.27;12.27;12.27;12.27;500
20160122 115700;12.21;12.27;12.2;12.2;800
20160122 121100;12.27;12.27;12.27;12.27;120
20160122 121600;12.27;12.27;12.27;12.27;100
20160122 122100;12.27;12.27;12.27;12.27;100
20160122 122900;12.369;12.369;12.369;12.369;278
20160122 123200;12.4;12.4;12.4;12.4;100
20160122 123400;12.4;12.4;12.4;12.4;3000
20160122 124200;12.27;12.27;12.27;12.27;147
20160122 131700;12.38;12.38;12.38;12.38;400
20160122 132300;12.4392;12.4392;12.4392;12.4392;1000
20160122 134000;12.39;12.43;12.39;12.43;1920
20160122 134100;12.3501;12.3501;12.35;12.3501;3199
20160122 135600;12.3891;12.3891;12.3891;12.3891;239
20160122 140600;12.3634;12.3634;12.3634;12.3634;200
20160122 140700;12.44;12.44;12.44;12.44;105
20160122 142000;12.4;12.4;12.4;12.4;100
20160122 143300;12.4;12.4;12.4;12.4;2000
20160122 144600;12.4399;12.4399;12.4399;12.4399;1200
20160122 151300;12.4358;12.436;12.384;12.384;1000
20160122 152200;12.3823;12.3823;12.3823;12.3823;470
20160122 152900;12.4399;12.4399;12.4399;12.4399;500
20160122 153000;12.4204;12.4204;12.4204;12.4204;200
20160122 154500;12.436;12.436;12.436;12.436;500
20160122 154800;12.42;12.42;12.4;12.4;393
20160122 155000;12.44;12.44;12.44;12.44;351
20160122 155600;12.41;12.4195;12.41;12.4195;866
20160125 094500;12.3938;12.3938;12.3938;12.3938;1343
20160125 095000;12.4;12.408;12.4;12.408;532
20160125 095100;12.41;12.41;12.41;12.41;100
20160125 095300;12.41;12.445;12.41;12.445;700
20160125 095500;12.41;12.41;12.41;12.41;100
20160125 095700;12.41;12.41;12.41;12.41;100
20160125 100000;12.38;12.38;12.38;12.38;100
20160125 100100;12.47;12.47;12.47;12.47;879
20160125 100200;12.45;12.45;12.45;12.45;200
20160125 100500;12.44;12.44;12.44;12.44;100
20160125 100600;12.45;12.45;12.45;12.45;100
20160125 100700;12.45;12.45;12.39;12.39;700
20160125 100900;12.477;12.48;12.45;12.47;3200
20160125 101100;12.49;12.49;12.49;12.49;1500
20160125 101200;12.4425;12.4425;12.4425;12.4425;100
20160125 101600;12.4;12.436;12.4;12.436;300
20160125 101800;12.42;12.42;12.42;12.42;100
20160125 102000;12.466;12.466;12.4;12.4;300
20160125 102200;12.4;12.4;12.4;12.4;100
20160125 102400;12.4;12.4;12.4;12.4;100
20160125 102500;12.43;12.43;12.43;12.43;100
20160125 103100;12.4;12.4;12.4;12.4;525
20160125 103300;12.4;12.4;12.4;12.4;100
20160125 103500;12.41;12.41;12.41;12.41;100
20160125 103800;12.41;12.41;12.41;12.41;100
20160125 104000;12.41;12.41;12.41;12.41;400
20160125 104200;12.4;12.4;12.4;12.4;500
20160125 104300;12.4;12.4;12.4;12.4;100
20160125 104500;12.4;12.4;12.4;12.4;600
20160125 104600;12.4;12.4;12.4;12.4;100
20160125 104800;12.4;12.4;12.4;12.4;100
20160125 105100;12.4;12.4;12.4;12.4;100
20160125 105300;12.4;12.4;12.4;12.4;100
20160125 105600;12.4;12.4;12.4;12.4;100
20160125 105800;12.43;12.44;12.43;12.44;830
20160125 110100;12.4;12.4;12.4;12.4;100
20160125 110400;12.4;12.4;12.4;12.4;100
20160125 110600;12.41;12.41;12.41;12.41;100
20160125 110900;12.42;12.42;12.42;12.42;100
20160125 111100;12.42;12.42;12.42;12.42;100
20160125 111400;12.42;12.42;12.42;12.42;200
20160125 111500;12.41;12.41;12.41;12.41;100
20160125 111800;12.41;12.41;12.41;12.41;100
20160125 112000;12.41;12.41;12.41;12.41;1100
20160125 112800;12.42;12.42;12.42;12.42;100
20160125 113100;12.42;12.42;12.42;12.42;100
20160125 113300;12.4232;12.4232;12.4232;12.4232;780
20160125 113400;12.42;12.42;12.42;12.42;100
20160125 113700;12.42;12.42;12.42;12.42;100
20160125 114000;12.42;12.42;12.42;12.42;100
20160125 114200;12.42;12.42;12.42;12.42;100
20160125 114300;12.42;12.42;12.42;12.42;200
20160125 114400;12.42;12.42;12.42;12.42;125
20160125 114900;12.41;12.41;12.41;12.41;100
20160125 115200;12.42;12.42;12.42;12.42;100
20160125 120500;12.42;12.42;12.42;12.42;1200
20160125 121000;12.42;12.42;12.42;12.42;100
20160125 121300;12.42;12.42;12.42;12.42;100
20160125 121500;12.4201;12.4201;12.42;12.42;1600
20160125 121600;12.42;12.42;12.42;12.42;100
20160125 122200;12.42;12.42;12.42;12.42;100
20160125 122500;12.42;12.42;12.42;12.42;100
20160125 122900;12.42;12.42;12.42;12.42;100
20160125 123200;12.42;12.42;12.42;12.42;100
20160125 123400;12.4237;12.4237;12.4237;12.4237;294
20160125 123500;12.42;12.42;12.42;12.42;100
20160125 123800;12.42;12.42;12.42;12.42;100
20160125 124100;12.42;12.42;12.42;12.42;100
20160125 124200;12.4298;12.4298;12.4298;12.4298;470
20160125 124400;12.42;12.42;12.42;12.42;100
20160125 124700;12.42;12.42;12.42;12.42;100
20160125 125000;12.42;12.42;12.42;12.42;100
20160125 125200;12.42;12.42;12.42;12.42;3401
20160125 125300;12.38;12.38;12.38;12.38;200
20160125 125500;12.37;12.37;12.37;12.37;100
20160125 125600;12.4;12.4;12.4;12.4;232
20160125 125800;12.37;12.37;12.37;12.37;100
20160125 130100;12.37;12.37;12.37;12.37;100
20160125 130200;12.3853;12.3853;12.3853;12.3853;150
20160125 130400;12.37;12.37;12.37;12.37;100
20160125 130700;12.38;12.38;12.38;12.38;100
20160125 131000;12.38;12.38;12.38;12.38;100
20160125 131300;12.38;12.38;12.38;12.38;100
20160125 131600;12.38;12.38;12.38;12.38;100
20160125 131800;12.39;12.39;12.39;12.39;100
20160125 132100;12.39;12.39;12.39;12.39;201
20160125 132800;12.38;12.38;12.38;12.38;100
20160125 133100;12.38;12.38;12.38;12.38;100
20160125 133300;12.38;12.38;12.38;12.38;100
20160125 133600;12.38;12.38;12.38;12.38;100
20160125 133900;12.38;12.3801;12.38;12.3801;2100
20160125 134100;12.39;12.39;12.39;12.39;100
20160125 134400;12.39;12.39;12.39;12.39;100
20160125 134800;12.37;12.37;12.37;12.37;100
20160125 135100;12.37;12.37;12.37;12.37;100
20160125 135400;12.37;12.37;12.37;12.37;100
20160125 135700;12.37;12.37;12.37;12.37;100
20160125 135900;12.37;12.37;12.37;12.37;100
20160125 140200;12.37;12.37;12.37;12.37;100
20160125 140400;12.37;12.37;12.37;12.37;100
20160125 140700;12.37;12.37;12.37;12.37;100
20160125 141000;12.37;12.37;12.37;12.37;284
20160125 141200;12.37;12.37;12.37;12.37;100
20160125 141500;12.37;12.37;12.37;12.37;100
20160125 141700;12.37;12.37;12.37;12.37;100
20160125 141900;12.37;12.37;12.37;12.37;100
20160125 142100;12.37;12.37;12.37;12.37;100
20160125 142300;12.37;12.37;12.37;12.37;100
20160125 142600;12.37;12.37;12.37;12.37;100
20160125 142800;12.37;12.37;12.37;12.37;100
20160125 143000;12.37;12.37;12.37;12.37;1100
20160125 143300;12.37;12.37;12.37;12.37;100
20160125 143500;12.37;12.37;12.37;12.37;100
20160125 143700;12.37;12.37;12.37;12.37;100
20160125 144000;12.37;12.37;12.37;12.37;100
20160125 144200;12.37;12.37;12.37;12.37;100
20160125 144400;12.37;12.37;12.37;12.37;100
20160125 144600;12.37;12.37;12.37;12.37;100
20160125 144900;12.37;12.37;12.37;12.37;100
20160125 145100;12.37;12.37;12.37;12.37;100
20160125 145300;12.37;12.37;12.37;12.37;100
20160125 145500;12.37;12.3798;12.37;12.37;2300
20160125 145700;12.37;12.37;12.37;12.37;100
20160125 145900;12.37;12.37;12.37;12.37;100
20160125 150100;12.37;12.37;12.37;12.37;100
20160125 150300;12.37;12.37;12.37;12.37;100
20160125 150400;12.4;12.4;12.3997;12.3997;270
20160125 150700;12.37;12.3748;12.37;12.3748;2863
20160125 151100;12.37;12.37;12.37;12.37;100
20160125 151300;12.37;12.37;12.37;12.37;100
20160125 151400;12.37;12.37;12.37;12.37;100
20160125 151500;12.37;12.37;12.37;12.37;100
20160125 151600;12.37;12.37;12.37;12.37;100
20160125 151800;12.37;12.37;12.37;12.37;100
20160125 151900;12.37;12.37;12.37;12.37;100
20160125 152000;12.37;12.37;12.37;12.37;100
20160125 152100;12.37;12.37;12.37;12.37;100
20160125 152200;12.37;12.37;12.37;12.37;100
20160125 152400;12.37;12.37;12.37;12.37;100
20160125 152500;12.37;12.37;12.37;12.37;300
20160125 152600;12.37;12.37;12.37;12.37;100
20160125 152800;12.3757;12.3757;12.37;12.37;1439
20160125 152900;12.37;12.37;12.37;12.37;100
20160125 153100;12.37;12.37;12.37;12.37;100
20160125 153200;12.37;12.37;12.37;12.37;100
20160125 153300;12.37;12.37;12.37;12.37;100
20160125 153400;12.37;12.37;12.37;12.37;100
20160125 153500;12.37;12.37;12.37;12.37;200
20160125 153600;12.37;12.37;12.37;12.37;200
20160125 153700;12.37;12.37;12.37;12.37;1100
20160125 153800;12.37;12.37;12.34;12.34;2516
20160125 154000;12.33;12.33;12.33;12.33;100
20160125 154200;12.33;12.33;12.33;12.33;100
20160125 154400;12.33;12.3402;12.33;12.33;1200
20160125 154500;12.31;12.31;12.31;12.31;100
20160125 154600;12.3206;12.3206;12.3206;12.3206;349
20160125 154700;12.32;12.32;12.32;12.32;100
20160125 154800;12.32;12.3283;12.28;12.28;1002
20160125 155100;12.29;12.29;12.29;12.29;100
20160125 155400;12.26;12.2814;12.26;12.2814;1300
20160125 155500;12.26;12.26;12.26;12.26;100
20160125 155600;12.26;12.3;12.26;12.26;1100
20160125 155700;12.26;12.26;12.26;12.26;200
20160125 155800;12.26;12.26;12.26;12.26;200
20160125 155900;12.26;12.26;12.26;12.26;361
20160126 093900;12.3482;12.355;12.33;12.35;1688
20160126 094000;12.35;12.38;12.34;12.38;800
20160126 094100;12.34;12.34;12.33;12.33;300
20160126 094200;12.34;12.38;12.34;12.38;1350
20160126 094500;12.34;12.34;12.34;12.34;100
20160126 094700;12.35;12.35;12.34;12.34;300
20160126 095600;12.4299;12.4299;12.4299;12.4299;338
20160126 100000;12.3501;12.3501;12.3501;12.3501;377
20160126 100500;12.399;12.399;12.399;12.399;950
20160126 101000;12.37;12.37;12.36;12.36;200
20160126 101100;12.42;12.42;12.42;12.42;113
20160126 101700;12.432;12.432;12.432;12.432;1000
20160126 102700;12.4;12.45;12.4;12.45;1000
20160126 105000;12.4151;12.4151;12.4151;12.4151;300
20160126 110400;12.3949;12.3949;12.3949;12.3949;145
20160126 110500;12.45;12.45;12.45;12.45;1200
20160126 111400;12.4137;12.4137;12.4086;12.4086;355
20160126 114700;12.437;12.437;12.437;12.437;1450
20160126 115200;12.4499;12.4499;12.4499;12.4499;100
20160126 120600;12.45;12.45;12.45;12.45;100
20160126 121200;12.46;12.49;12.46;12.49;200
20160126 122000;12.5;12.5;12.5;12.5;200
20160126 122400;12.485;12.4883;12.45;12.45;5900
20160126 122700;12.45;12.46;12.45;12.46;2147
20160126 122900;12.46;12.46;12.46;12.46;100
20160126 123100;12.46;12.47;12.46;12.47;300
20160126 123500;12.47;12.47;12.47;12.47;100
20160126 124600;12.47;12.47;12.47;12.47;100
20160126 124900;12.46;12.46;12.46;12.46;385
20160126 125600;12.456;12.456;12.456;12.456;100
20160126 130800;12.4462;12.4462;12.4462;12.4462;120
20160126 132100;12.4505;12.4505;12.4505;12.4505;400
20160126 132400;12.44;12.4495;12.44;12.4495;1500
20160126 132900;12.47;12.47;12.47;12.47;300
20160126 133200;12.47;12.47;12.47;12.47;100
20160126 133500;12.47;12.47;12.4635;12.4635;2700
20160126 140300;12.5288;12.5288;12.5288;12.5288;390
20160126 141800;12.4978;12.4978;12.4978;12.4978;250
20160126 142900;12.53;12.53;12.53;12.53;100
20160126 143800;12.53;12.53;12.53;12.53;3000
20160126 145900;12.5204;12.5204;12.5204;12.5204;844
20160126 150200;12.49;12.4901;12.4601;12.4601;400
20160126 151400;12.4672;12.4672;12.4672;12.4672;324
20160126 151600;12.4701;12.4701;12.4701;12.4701;110
20160126 154400;12.5;12.5;12.5;12.5;600
20160126 154700;12.51;12.51;12.5;12.5;600
20160126 155000;12.5;12.5;12.47;12.47;1700
20160126 155200;12.48;12.495;12.46;12.46;1500
20160126 155400;12.47;12.5;12.44;12.44;1452
20160126 155700;12.44;12.44;12.44;12.44;200
20160126 160000;12.41;12.4399;12.41;12.4399;340
20160127 093600;12.5;12.5;12.5;12.5;100
20160127 095200;12.495;12.495;12.495;12.495;100
20160127 095300;12.49;12.5;12.49;12.5;200
20160127 095800;12.4899;12.4899;12.4899;12.4899;2500
20160127 100400;12.4292;12.4292;12.4292;12.4292;382
20160127 100800;12.45;12.45;12.45;12.45;100
20160127 101300;12.465;12.465;12.465;12.465;120
20160127 102900;12.41;12.45;12.41;12.45;1500
20160127 103200;12.49;12.49;12.49;12.49;100
20160127 104000;12.46;12.49;12.46;12.49;3131
20160127 104200;12.49;12.49;12.49;12.49;100
20160127 104700;12.47;12.47;12.47;12.47;100
20160127 104800;12.4537;12.4537;12.4537;12.4537;800
20160127 104900;12.45;12.45;12.45;12.45;300
20160127 111300;12.43;12.43;12.43;12.43;100
20160127 111500;12.4215;12.4215;12.41;12.41;1100
20160127 111900;12.41;12.41;12.41;12.41;500
20160127 112100;12.4201;12.4201;12.4201;12.4201;710
20160127 112300;12.43;12.4549;12.42;12.42;1300
20160127 113300;12.4601;12.4601;12.46;12.46;443
20160127 114300;12.49;12.49;12.49;12.49;100
20160127 120000;12.44;12.44;12.44;12.44;100
20160127 120400;12.49;12.52;12.49;12.52;1950
20160127 120500;12.509;12.509;12.509;12.509;100
20160127 120700;12.44;12.44;12.44;12.44;100
20160127 120900;12.43;12.43;12.43;12.43;100
20160127 121200;12.43;12.43;12.43;12.43;100
20160127 121400;12.43;12.43;12.43;12.43;200
20160127 121900;12.45;12.48;12.45;12.48;200
20160127 122100;12.45;12.45;12.45;12.45;100
20160127 122200;12.45;12.45;12.45;12.45;100
20160127 122400;12.46;12.46;12.46;12.46;100
20160127 122700;12.46;12.46;12.46;12.46;100
20160127 123000;12.46;12.46;12.46;12.46;400
20160127 123300;12.46;12.46;12.46;12.46;100
20160127 123600;12.46;12.46;12.46;12.46;400
20160127 123700;12.48;12.48;12.48;12.48;699
20160127 124100;12.49;12.49;12.49;12.49;100
20160127 124300;12.4981;12.4981;12.48;12.48;900
20160127 124600;12.48;12.48;12.48;12.48;100
20160127 124900;12.48;12.48;12.48;12.48;100
20160127 125100;12.49;12.49;12.49;12.49;100
20160127 125400;12.48;12.48;12.48;12.48;100
20160127 125700;12.48;12.48;12.48;12.48;100
20160127 125900;12.49;12.49;12.49;12.49;100
20160127 132800;12.5;12.5;12.5;12.5;100
20160127 133100;12.5;12.5;12.5;12.5;100
20160127 133200;12.48;12.48;12.48;12.48;100
20160127 133300;12.48;12.4878;12.48;12.4878;1500
20160127 133600;12.48;12.48;12.48;12.48;800
20160127 133700;12.45;12.45;12.45;12.45;100
20160127 133900;12.45;12.45;12.45;12.45;100
20160127 134000;12.46;12.46;12.46;12.46;100
20160127 134100;12.45;12.45;12.45;12.45;100
20160127 134200;12.49;12.49;12.49;12.49;200
20160127 134400;12.44;12.44;12.44;12.44;100
20160127 134600;12.45;12.45;12.45;12.45;100
20160127 134700;12.46;12.46;12.46;12.46;100
20160127 134800;12.45;12.45;12.45;12.45;100
20160127 135000;12.47;12.47;12.47;12.47;100
20160127 135300;12.44;12.44;12.44;12.44;100
20160127 135500;12.44;12.44;12.44;12.44;100
20160127 135700;12.44;12.44;12.44;12.44;100
20160127 140000;12.43;12.43;12.43;12.43;100
20160127 140100;12.44;12.44;12.44;12.44;100
20160127 140200;12.47;12.47;12.47;12.47;100
20160127 140600;12.4742;12.4742;12.4742;12.4742;300
20160127 140700;12.4628;12.4628;12.4628;12.4628;500
20160127 140800;12.4706;12.4706;12.45;12.45;210
20160127 140900;12.4785;12.499;12.4785;12.499;600
20160127 141000;12.48;12.48;12.4703;12.4703;600
20160127 141100;12.45;12.45;12.45;12.45;100
20160127 141300;12.48;12.48;12.48;12.48;100
20160127 141500;12.45;12.45;12.45;12.45;100
20160127 141600;12.469;12.469;12.469;12.469;100
20160127 141700;12.45;12.45;12.45;12.45;100
20160127 142000;12.45;12.45;12.45;12.45;100
20160127 142200;12.45;12.45;12.45;12.45;100
20160127 142400;12.45;12.45;12.44;12.44;200
20160127 142600;12.43;12.43;12.43;12.43;100
20160127 142800;12.469;12.469;12.469;12.469;100
20160127 143100;12.43;12.43;12.43;12.43;100
20160127 143300;12.4363;12.4363;12.4363;12.4363;262
20160127 143500;12.44;12.44;12.44;12.44;100
20160127 143800;12.44;12.44;12.44;12.44;5000
20160127 144000;12.44;12.44;12.44;12.44;100
20160127 144100;12.42;12.42;12.42;12.42;100
20160127 144200;12.42;12.43;12.42;12.43;200
20160127 144300;12.42;12.44;12.42;12.44;200
20160127 144500;12.43;12.43;12.43;12.43;100
20160127 144700;12.45;12.45;12.45;12.45;100
20160127 145100;12.42;12.42;12.42;12.42;100
20160127 145300;12.42;12.42;12.42;12.42;100
20160127 145500;12.42;12.42;12.42;12.42;100
20160127 145700;12.42;12.42;12.42;12.42;100
20160127 145900;12.42;12.42;12.42;12.42;100
20160127 150000;12.42;12.42;12.42;12.42;200
20160127 150100;12.42;12.42;12.42;12.42;100
20160127 150200;12.43;12.43;12.43;12.43;100
20160127 150300;12.42;12.42;12.42;12.42;100
20160127 150500;12.44;12.44;12.44;12.44;100
20160127 150600;12.4337;12.4337;12.4337;12.4337;290
20160127 150700;12.42;12.42;12.42;12.42;100
20160127 150800;12.42;12.42;12.42;12.42;3000
20160127 150900;12.42;12.42;12.42;12.42;1000
20160127 151000;12.42;12.42;12.42;12.42;100
20160127 151200;12.41;12.41;12.41;12.41;100
20160127 151400;12.41;12.41;12.41;12.41;100
20160127 151600;12.4;12.4;12.4;12.4;200
20160127 151700;12.4;12.4;12.4;12.4;100
20160127 151900;12.4;12.4;12.4;12.4;100
20160127 152100;12.4;12.4;12.4;12.4;100
20160127 152200;12.4037;12.4037;12.4037;12.4037;841
20160127 152300;12.4;12.4;12.4;12.4;100
20160127 152400;12.4;12.4;12.4;12.4;100
20160127 152500;12.4;12.4;12.4;12.4;100
20160127 152600;12.4;12.4;12.4;12.4;100
20160127 152800;12.4;12.4;12.4;12.4;100
20160127 153000;12.4;12.4;12.4;12.4;100
20160127 153200;12.4;12.4;12.4;12.4;100
20160127 153300;12.4;12.4;12.4;12.4;100
20160127 153400;12.4;12.41;12.4;12.41;400
20160127 153600;12.42;12.4499;12.41;12.4499;4752
20160127 153700;12.41;12.43;12.41;12.41;4168
20160127 153800;12.41;12.41;12.41;12.41;100
20160127 153900;12.41;12.41;12.41;12.41;100
20160127 154100;12.41;12.41;12.4;12.4;2100
20160127 154200;12.41;12.41;12.4;12.4;400
20160127 154300;12.41;12.41;12.41;12.41;200
20160127 154400;12.41;12.41;12.41;12.41;100
20160127 154600;12.41;12.41;12.39;12.4;500
20160127 154700;12.4;12.4;12.4;12.4;400
20160127 154800;12.4;12.43;12.3965;12.43;2824
20160127 155000;12.38;12.38;12.38;12.38;600
20160127 155100;12.3873;12.42;12.3873;12.4;3088
20160127 155200;12.41;12.41;12.3806;12.3806;355
20160127 155300;12.39;12.42;12.3801;12.42;412
20160127 155400;12.41;12.41;12.38;12.4;300
20160127 155500;12.41;12.41;12.38;12.38;400
20160127 155600;12.43;12.43;12.43;12.43;329
20160127 155700;12.4;12.4;12.4;12.4;100
20160127 155800;12.4;12.4;12.4;12.4;100
20160127 160000;12.42;12.43;12.4;12.4;300
20160128 094400;12.5;12.5;12.5;12.5;100
20160128 094500;12.5001;12.5001;12.5001;12.5001;500
20160128 094800;12.5;12.52;12.5;12.52;600
20160128 095100;12.52;12.53;12.52;12.53;200
20160128 095200;12.5;12.5;12.5;12.5;100
20160128 095500;12.48;12.48;12.48;12.48;100
20160128 100100;12.5;12.5;12.5;12.5;100
20160128 100700;12.49;12.49;12.49;12.49;300
20160128 101100;12.5;12.5;12.5;12.5;100
20160128 101400;12.501;12.512;12.5;12.51;5200
20160128 101500;12.5;12.5;12.5;12.5;100
20160128 101800;12.5;12.5;12.5;12.5;100
20160128 102000;12.5;12.5;12.5;12.5;100
20160128 102100;12.5;12.5;12.5;12.5;100
20160128 102200;12.51;12.51;12.51;12.51;100
20160128 102300;12.5;12.501;12.5;12.501;800
20160128 102400;12.5;12.5;12.5;12.5;100
20160128 102500;12.505;12.505;12.505;12.505;100
20160128 102700;12.5;12.5;12.5;12.5;100
20160128 103300;12.51;12.51;12.51;12.51;100
20160128 103500;12.51;12.51;12.51;12.51;100
20160128 103800;12.51;12.51;12.51;12.51;1400
20160128 104200;12.52;12.52;12.52;12.52;100
20160128 104500;12.51;12.512;12.51;12.51;1300
20160128 104900;12.51;12.51;12.51;12.51;100
20160128 105100;12.51;12.51;12.51;12.51;100
20160128 105200;12.5199;12.5199;12.512;12.512;1300
20160128 105400;12.51;12.51;12.51;12.51;100
20160128 105700;12.5125;12.59;12.5125;12.52;2574
20160128 110000;12.52;12.52;12.52;12.52;100
20160128 114100;12.58;12.58;12.52;12.55;4716
20160128 114400;12.55;12.55;12.55;12.55;100
20160128 114600;12.55;12.55;12.55;12.55;1500
20160128 114900;12.55;12.55;12.55;12.55;100
20160128 115200;12.55;12.55;12.55;12.55;100
20160128 115300;12.55;12.55;12.55;12.55;480
20160128 115600;12.52;12.52;12.52;12.52;100
20160128 115900;12.52;12.52;12.52;12.52;100
20160128 120200;12.52;12.52;12.52;12.52;120
20160128 120900;12.52;12.52;12.52;12.52;100
20160128 121200;12.52;12.52;12.52;12.52;100
20160128 121400;12.52;12.52;12.52;12.52;100
20160128 121700;12.52;12.52;12.52;12.52;100
20160128 122000;12.52;12.52;12.52;12.52;100
20160128 122400;12.52;12.523;12.52;12.523;300
20160128 122800;12.52;12.52;12.52;12.52;100
20160128 123100;12.52;12.52;12.52;12.52;100
20160128 123400;12.52;12.52;12.52;12.52;100
20160128 123700;12.52;12.52;12.52;12.52;100
20160128 123900;12.52;12.52;12.52;12.52;100
20160128 124100;12.53;12.53;12.53;12.53;100
20160128 124300;12.52;12.52;12.52;12.52;100
20160128 124600;12.52;12.52;12.52;12.52;100
20160128 124800;12.52;12.52;12.52;12.52;100
20160128 124900;12.52;12.52;12.52;12.52;100
20160128 125200;12.52;12.525;12.52;12.525;300
20160128 125300;12.5261;12.5261;12.5261;12.5261;200
20160128 125500;12.52;12.525;12.52;12.525;200
20160128 125800;12.52;12.52;12.52;12.52;100
20160128 130100;12.52;12.52;12.52;12.52;200
20160128 130400;12.52;12.52;12.52;12.52;100
20160128 130700;12.52;12.52;12.52;12.52;100
20160128 131000;12.52;12.52;12.52;12.52;100
20160128 131300;12.52;12.52;12.52;12.52;100
20160128 131600;12.52;12.52;12.52;12.52;100
20160128 131900;12.52;12.52;12.52;12.52;100
20160128 132100;12.52;12.52;12.52;12.52;100
20160128 132400;12.52;12.52;12.52;12.52;100
20160128 132500;12.52;12.52;12.51;12.51;1300
20160128 132800;12.5105;12.5105;12.51;12.51;630
20160128 133000;12.5101;12.5121;12.51;12.5121;1953
20160128 133100;12.5146;12.5146;12.5;12.5;222
20160128 133300;12.5;12.5;12.5;12.5;303
20160128 133400;12.505;12.57;12.5;12.57;992
20160128 133500;12.51;12.51;12.51;12.51;100
20160128 141900;12.5616;12.5616;12.52;12.52;2500
20160128 145200;12.53;12.53;12.53;12.53;200
20160128 145400;12.53;12.53;12.53;12.53;300
20160128 145500;12.53;12.53;12.53;12.53;100
20160128 145600;12.5525;12.5525;12.53;12.53;1000
20160128 145700;12.53;12.53;12.53;12.53;100
20160128 145800;12.53;12.53;12.53;12.53;100
20160128 145900;12.53;12.53;12.53;12.53;100
20160128 150000;12.53;12.53;12.53;12.53;100
20160128 150200;12.53;12.53;12.53;12.53;200
20160128 150400;12.52;12.52;12.52;12.52;100
20160128 150500;12.52;12.52;12.52;12.52;100
20160128 150600;12.53;12.53;12.53;12.53;200
20160128 150700;12.56;12.56;12.56;12.56;100
20160128 150800;12.52;12.52;12.52;12.52;100
20160128 151000;12.52;12.52;12.52;12.52;200
20160128 151100;12.53;12.53;12.53;12.53;100
20160128 151400;12.53;12.53;12.53;12.53;100
20160128 151600;12.53;12.53;12.53;12.53;200
20160128 151700;12.53;12.53;12.53;12.53;100
20160128 152200;12.53;12.53;12.53;12.53;141
20160128 152300;12.5301;12.5301;12.51;12.51;13527
20160128 152400;12.51;12.51;12.51;12.51;100
20160128 152500;12.51;12.51;12.51;12.51;100
20160128 152600;12.51;12.51;12.51;12.51;200
20160128 152700;12.51;12.51;12.51;12.51;900
20160128 152900;12.51;12.51;12.51;12.51;100
20160128 153000;12.51;12.51;12.51;12.51;300
20160128 153100;12.5219;12.5219;12.51;12.51;256
20160128 153200;12.52;12.52;12.51;12.51;300
20160128 153400;12.51;12.5262;12.51;12.51;1200
20160128 153500;12.51;12.52;12.51;12.52;2600
20160128 153600;12.51;12.515;12.51;12.51;500
20160128 153700;12.51;12.51;12.51;12.51;100
20160128 153800;12.51;12.51;12.51;12.51;100
20160128 153900;12.51;12.515;12.51;12.515;300
20160128 154000;12.51;12.515;12.51;12.515;300
20160128 154100;12.51;12.52;12.51;12.52;200
20160128 154200;12.51;12.51;12.51;12.51;100
20160128 154300;12.51;12.51;12.51;12.51;100
20160128 154400;12.51;12.51;12.51;12.51;200
20160128 154500;12.51;12.51;12.51;12.51;300
20160128 154600;12.51;12.51;12.51;12.51;100
20160128 154700;12.51;12.51;12.51;12.51;200
20160128 154800;12.51;12.516;12.51;12.516;213
20160128 154900;12.515;12.515;12.51;12.51;300
20160128 155000;12.51;12.51;12.51;12.51;100
20160128 155100;12.5131;12.5131;12.51;12.51;376
20160128 155200;12.51;12.5133;12.51;12.51;1300
20160128 155300;12.51;12.51;12.51;12.51;200
20160128 155400;12.51;12.51;12.51;12.51;200
20160128 155500;12.51;12.515;12.51;12.515;600
20160128 155600;12.51;12.52;12.51;12.519;300
20160128 155700;12.51;12.52;12.51;12.51;1700
20160128 155800;12.51;12.51;12.51;12.51;100
20160128 155900;12.51;12.51;12.51;12.51;200
20160128 160000;12.53;12.53;12.53;12.53;150
20160129 093800;12.6;12.6;12.6;12.6;400
20160129 094100;12.62;12.62;12.62;12.62;200
20160129 094600;12.647;12.647;12.635;12.635;500
20160129 095100;12.6499;12.6499;12.6499;12.6499;1900
20160129 095300;12.62;12.63;12.62;12.62;500
20160129 095900;12.61;12.61;12.5922;12.5922;1480
20160129 100500;12.63;12.63;12.63;12.63;100
20160129 100900;12.655;12.69;12.61;12.69;2000
20160129 101900;12.69;12.69;12.65;12.65;325
20160129 102200;12.64;12.64;12.64;12.64;500
20160129 102300;12.65;12.65;12.65;12.65;100
20160129 102500;12.65;12.65;12.65;12.65;200
20160129 102600;12.6168;12.6168;12.6168;12.6168;294
20160129 103100;12.645;12.645;12.645;12.645;100
20160129 103900;12.57;12.57;12.57;12.57;100
20160129 104200;12.57;12.57;12.57;12.57;100
20160129 104400;12.57;12.57;12.57;12.57;100
20160129 104500;12.6;12.6;12.57;12.57;1100
20160129 105000;12.612;12.6399;12.612;12.6399;1050
20160129 110000;12.64;12.64;12.64;12.64;100
20160129 110400;12.64;12.64;12.64;12.64;300
20160129 110700;12.59;12.59;12.59;12.59;100
20160129 111100;12.6;12.6;12.6;12.6;100
20160129 111300;12.6;12.6;12.6;12.6;100
20160129 111500;12.62;12.62;12.62;12.62;100
20160129 111700;12.62;12.62;12.6;12.6;400
20160129 111800;12.6;12.62;12.6;12.62;500
20160129 112200;12.6;12.6;12.6;12.6;100
20160129 112300;12.62;12.62;12.62;12.62;100
20160129 112700;12.62;12.62;12.62;12.62;100
20160129 113000;12.6;12.6;12.6;12.6;100
20160129 113100;12.62;12.62;12.62;12.62;100
20160129 113500;12.62;12.62;12.62;12.62;100
20160129 114000;12.62;12.62;12.62;12.62;100
20160129 114100;12.6188;12.6188;12.6188;12.6188;150
20160129 114400;12.62;12.62;12.62;12.62;100
20160129 114700;12.6;12.6;12.6;12.6;100
20160129 114900;12.62;12.62;12.62;12.62;100
20160129 115000;12.6399;12.6399;12.6399;12.6399;1453
20160129 115100;12.62;12.62;12.62;12.62;100
20160129 115200;12.6196;12.6196;12.6196;12.6196;1000
20160129 115300;12.628;12.628;12.628;12.628;500
20160129 115600;12.6;12.64;12.6;12.64;900
20160129 120200;12.67;12.67;12.67;12.67;100
20160129 120500;12.67;12.67;12.67;12.67;100
20160129 120900;12.67;12.67;12.67;12.67;100
20160129 121000;12.67;12.67;12.67;12.67;100
20160129 122200;12.67;12.67;12.67;12.67;100
20160129 122700;12.67;12.67;12.67;12.67;100
20160129 123000;12.6755;12.6755;12.67;12.67;200
20160129 123300;12.67;12.67;12.67;12.67;100
20160129 123600;12.67;12.67;12.67;12.67;100
20160129 123900;12.685;12.685;12.67;12.67;200
20160129 124200;12.67;12.69;12.67;12.69;200
20160129 124500;12.67;12.67;12.67;12.67;100
20160129 124800;12.67;12.67;12.67;12.67;100
20160129 125000;12.67;12.67;12.67;12.67;100
20160129 125300;12.67;12.67;12.67;12.67;100
20160129 125400;12.7;12.7;12.695;12.695;400
20160129 125500;12.67;12.685;12.67;12.685;800
20160129 125800;12.67;12.67;12.67;12.67;100
20160129 125900;12.67;12.67;12.67;12.67;100
20160129 130200;12.67;12.74;12.67;12.74;4650
20160129 130400;12.73;12.73;12.73;12.73;200
20160129 130600;12.73;12.75;12.73;12.75;742
20160129 130700;12.75;12.8;12.75;12.8;600
20160129 131100;12.71;12.71;12.71;12.71;100
20160129 131200;12.7101;12.7101;12.7101;12.7101;839
20160129 131400;12.71;12.71;12.71;12.71;100
20160129 131600;12.71;12.71;12.68;12.68;3200
20160129 132700;12.76;12.76;12.76;12.76;100
20160129 132800;12.71;12.71;12.71;12.71;100
20160129 133000;12.78;12.78;12.78;12.78;100
20160129 133500;12.75;12.75;12.75;12.75;200
20160129 133600;12.76;12.79;12.75;12.7665;3840
20160129 133700;12.76;12.76;12.75;12.75;2400
20160129 133900;12.6988;12.6995;12.675;12.6995;400
20160129 134000;12.7;12.7;12.7;12.7;100
20160129 135300;12.6;12.6;12.6;12.6;200
20160129 135400;12.6;12.625;12.6;12.625;1865
20160129 135500;12.63;12.695;12.63;12.695;1580
20160129 135600;12.695;12.695;12.69;12.69;200
20160129 135800;12.69;12.69;12.69;12.69;200
20160129 140000;12.69;12.69;12.69;12.69;100
20160129 140100;12.7;12.7;12.7;12.7;100
20160129 140500;12.69;12.69;12.69;12.69;100
20160129 140900;12.69;12.7365;12.69;12.7365;715
20160129 141000;12.694;12.695;12.694;12.695;2794
20160129 141300;12.69;12.69;12.69;12.69;150
20160129 141600;12.715;12.715;12.69;12.69;300
20160129 142000;12.7;12.715;12.69;12.715;300
20160129 142400;12.69;12.7;12.69;12.7;200
20160129 142700;12.69;12.69;12.69;12.69;200
20160129 142800;12.73;12.73;12.73;12.73;300
20160129 142900;12.7;12.7;12.7;12.7;100
20160129 143200;12.69;12.69;12.69;12.69;200
20160129 143300;12.73;12.73;12.73;12.73;200
20160129 143600;12.7695;12.78;12.76;12.77;800
20160129 144000;12.76;12.76;12.76;12.76;100
20160129 144400;12.73;12.73;12.73;12.73;200
20160129 144600;12.73;12.73;12.73;12.73;100
20160129 144700;12.73;12.73;12.73;12.73;100
20160129 144900;12.73;12.73;12.73;12.73;200
20160129 145000;12.731;12.74;12.73;12.73;5519
20160129 145500;12.67;12.67;12.67;12.67;100
20160129 145600;12.67;12.67;12.67;12.67;100
20160129 145900;12.63;12.63;12.63;12.63;100
20160129 150100;12.66;12.66;12.66;12.66;100
20160129 150500;12.67;12.67;12.67;12.67;200
20160129 150600;12.64;12.64;12.64;12.64;500
20160129 150700;12.61;12.61;12.61;12.61;100
20160129 150800;12.61;12.65;12.58;12.6;2000
20160129 150900;12.585;12.585;12.585;12.585;100
20160129 151000;12.57;12.5853;12.57;12.5853;1700
20160129 151100;12.6;12.6;12.6;12.6;200
20160129 151200;12.625;12.625;12.625;12.625;100
20160129 151300;12.65;12.65;12.63;12.63;200
20160129 151400;12.645;12.645;12.645;12.645;200
20160129 151500;12.612;12.612;12.612;12.612;478
20160129 151800;12.59;12.59;12.59;12.59;100
20160129 151900;12.6;12.6;12.6;12.6;100
20160129 152000;12.615;12.625;12.6;12.625;300
20160129 152100;12.62;12.62;12.62;12.62;100
20160129 152400;12.6599;12.6599;12.61;12.61;1300
20160129 152500;12.6;12.6;12.6;12.6;100
20160129 152600;12.635;12.635;12.635;12.635;100
20160129 152900;12.6;12.62;12.6;12.62;200
20160129 153000;12.62;12.62;12.62;12.62;100
20160129 153300;12.635;12.635;12.635;12.635;100
20160129 153600;12.6;12.6;12.59;12.59;200
20160129 153700;12.62;12.645;12.62;12.645;626
20160129 154200;12.58;12.58;12.58;12.58;100
20160129 154300;12.59;12.59;12.59;12.59;200
20160129 154400;12.62;12.62;12.62;12.62;300
20160129 154500;12.59;12.6;12.58;12.58;931
20160129 154600;12.62;12.635;12.62;12.62;1400
20160129 154700;12.63;12.64;12.63;12.64;200
20160129 154800;12.62;12.62;12.62;12.62;100
20160129 155000;12.62;12.62;12.62;12.62;100
20160129 155100;12.64;12.6495;12.64;12.6495;300
20160129 155200;12.65;12.665;12.65;12.66;600
20160129 155400;12.66;12.66;12.65;12.65;200
20160129 155500;12.65;12.65;12.65;12.65;100
20160129 155600;12.66;12.71;12.66;12.7002;1872
20160129 155700;12.691;12.71;12.69;12.69;700
20160129 155800;12.7;12.7;12.63;12.63;817
20160129 160000;12.7;12.7095;12.7;12.7095;600
20160201 093100;12.8099;12.8099;12.771;12.771;1098
20160201 093900;12.645;12.645;12.645;12.645;500
20160201 094400;12.6799;12.6799;12.6799;12.6799;569
20160201 094500;12.69;12.7;12.68;12.69;1240
20160201 094800;12.69;12.69;12.69;12.69;116
20160201 095900;12.6475;12.6475;12.6475;12.6475;139
20160201 100400;12.627;12.627;12.627;12.627;184
20160201 100800;12.6174;12.6174;12.51;12.51;2340
20160201 102000;12.6199;12.6199;12.6199;12.6199;163
20160201 102400;12.59;12.59;12.59;12.59;200
20160201 102900;12.6071;12.6071;12.6;12.6;3109
20160201 103100;12.6;12.6;12.59;12.6;3760
20160201 104600;12.6189;12.6189;12.6189;12.6189;226
20160201 104900;12.6425;12.6425;12.6304;12.6304;1130
20160201 111800;12.705;12.705;12.705;12.705;500
20160201 112300;12.703;12.74;12.703;12.74;294
20160201 112400;12.7001;12.7001;12.7001;12.7001;128
20160201 112500;12.705;12.705;12.705;12.705;100
20160201 113700;12.715;12.75;12.715;12.7308;800
20160201 114900;12.7499;12.7499;12.695;12.7478;400
20160201 115600;12.66;12.66;12.66;12.66;100
20160201 122400;12.66;12.68;12.66;12.66;1310
20160201 122800;12.662;12.662;12.662;12.662;200
20160201 122900;12.66;12.66;12.66;12.66;1800
20160201 124100;12.68;12.68;12.674;12.674;1192
20160201 130000;12.68;12.68;12.66;12.66;200
20160201 131100;12.68;12.68;12.68;12.68;611
20160201 133500;12.6949;12.6949;12.6949;12.6949;1173
20160201 135000;12.673;12.673;12.673;12.673;100
20160201 141400;12.68;12.68;12.68;12.68;100
20160201 142200;12.6938;12.7;12.6938;12.7;200
20160201 142700;12.7;12.7;12.7;12.7;800
20160201 143100;12.713;12.713;12.713;12.713;100
20160201 144000;12.74;12.74;12.71;12.71;984
20160201 144500;12.716;12.716;12.716;12.716;100
20160201 144900;12.719;12.74;12.719;12.74;400
20160201 145000;12.74;12.74;12.71;12.74;1800
20160201 145500;12.713;12.74;12.713;12.74;400
20160201 145900;12.73;12.73;12.7205;12.7205;200
20160201 150100;12.74;12.75;12.72;12.72;2948
20160201 150600;12.703;12.73;12.703;12.73;500
20160201 150800;12.73;12.73;12.7299;12.73;5000
20160201 151000;12.715;12.715;12.7;12.715;764
20160201 151100;12.73;12.73;12.73;12.73;4628
20160201 151400;12.75;12.75;12.75;12.75;200
20160201 153100;12.77;12.77;12.76;12.76;300
20160201 153200;12.7836;12.7836;12.7836;12.7836;721
20160201 153400;12.78;12.78;12.78;12.78;1000
20160201 153800;12.77;12.77;12.7699;12.7699;200
20160201 153900;12.76;12.762;12.76;12.76;300
20160201 154500;12.78;12.79;12.7799;12.7799;1016
20160201 154800;12.7701;12.79;12.7701;12.79;500
20160201 154900;12.79;12.8;12.7899;12.795;3481
20160201 155000;12.795;12.795;12.795;12.795;200
20160201 155100;12.795;12.795;12.795;12.795;100
20160201 155300;12.8097;12.8097;12.795;12.795;2600
20160201 155500;12.798;12.798;12.78;12.795;2091
20160201 155600;12.79;12.8;12.76;12.76;7200
20160201 160000;12.78;12.78;12.78;12.78;100
20160202 093200;12.78;12.78;12.78;12.78;100
20160202 093700;12.78;12.78;12.78;12.78;100
20160202 094000;12.78;12.78;12.78;12.78;100
20160202 095500;12.772;12.772;12.772;12.772;250
20160202 095700;12.76;12.76;12.711;12.7115;1939
20160202 100100;12.7599;12.7599;12.72;12.72;1354
20160202 100200;12.72;12.7257;12.7101;12.7257;600
20160202 100300;12.71;12.71;12.71;12.71;100
20160202 100500;12.7;12.7;12.6794;12.6794;1690
20160202 101100;12.7;12.71;12.7;12.71;200
20160202 101400;12.71;12.71;12.71;12.71;100
20160202 101600;12.73;12.73;12.73;12.73;100
20160202 102500;12.71;12.71;12.71;12.71;100
20160202 102700;12.71;12.71;12.71;12.71;100
20160202 103000;12.738;12.74;12.738;12.74;402
20160202 103100;12.71;12.7115;12.71;12.71;1100
20160202 103200;12.725;12.7699;12.71;12.7125;2800
20160202 103300;12.754;12.754;12.754;12.754;139
20160202 103400;12.745;12.745;12.745;12.745;100
20160202 103600;12.77;12.77;12.77;12.77;100
20160202 104200;12.8094;12.8094;12.8094;12.8094;500
20160202 104400;12.81;12.81;12.81;12.81;100
20160202 105100;12.84;12.84;12.83;12.83;200
20160202 105200;12.7667;12.8399;12.7667;12.8399;354
20160202 105900;12.87;12.87;12.87;12.87;100
20160202 110000;12.7952;12.7952;12.7952;12.7952;1176
20160202 110700;12.77;12.77;12.77;12.77;100
20160202 110800;12.84;12.84;12.8047;12.8047;764
20160202 111500;12.79;12.85;12.79;12.85;200
20160202 112300;12.89;12.89;12.89;12.89;100
20160202 112500;12.892;12.892;12.892;12.892;200
20160202 112700;12.9;12.91;12.9;12.91;200
20160202 113200;12.94;12.94;12.94;12.94;100
20160202 114600;12.913;12.913;12.913;12.913;900
20160202 114800;12.925;12.95;12.925;12.9324;2850
20160202 114900;12.96;12.96;12.96;12.96;100
20160202 115000;12.97;13;12.97;13;200
20160202 115300;13;13;12.975;13;400
20160202 115700;12.95;12.95;12.95;12.95;300
20160202 115800;12.95;12.95;12.95;12.95;2200
20160202 120500;12.95;12.95;12.95;12.95;3520
20160202 120600;12.95;12.95;12.95;12.95;500
20160202 120700;12.95;12.95;12.95;12.95;500
20160202 120800;12.95;12.95;12.95;12.95;1000
20160202 121000;12.89;12.89;12.89;12.89;100
20160202 121700;12.89;12.9399;12.89;12.9399;4000
20160202 121800;12.9;12.9;12.9;12.9;100
20160202 122000;12.9;12.9;12.9;12.9;200
20160202 122100;12.9044;12.9044;12.9044;12.9044;900
20160202 124900;12.93;12.93;12.93;12.93;1000
20160202 125900;12.95;12.95;12.9;12.95;705
20160202 131100;12.9399;12.9399;12.9399;12.9399;2000
20160202 131400;12.9;12.9;12.89;12.89;1100
20160202 131500;12.89;12.89;12.89;12.89;600
20160202 133200;12.9006;12.9006;12.9006;12.9006;470
20160202 134300;12.87;12.87;12.87;12.87;100
20160202 135100;12.88;12.88;12.88;12.88;100
20160202 135900;12.88;12.88;12.88;12.88;200
20160202 140000;12.8647;12.8647;12.8647;12.8647;210
20160202 140300;12.88;12.88;12.88;12.88;100
20160202 140500;12.9;12.9;12.885;12.9;900
20160202 141000;12.9;12.9;12.9;12.9;600
20160202 141500;12.9;12.9;12.9;12.9;770
20160202 141800;12.9001;12.9001;12.9001;12.9001;5000
20160202 141900;12.95;12.95;12.95;12.95;100
20160202 142000;12.95;12.95;12.95;12.95;137
20160202 142100;12.9344;12.9344;12.9344;12.9344;220
20160202 142700;12.91;12.91;12.9;12.9;1180
20160202 142800;12.885;12.885;12.85;12.85;500
20160202 143400;12.8899;12.8899;12.8899;12.8899;500
20160202 143700;12.87;12.87;12.87;12.87;100
20160202 143800;12.86;12.87;12.86;12.87;1200
20160202 144100;12.85;12.85;12.85;12.85;100
20160202 144200;12.84;12.84;12.84;12.84;200
20160202 144900;12.8156;12.8156;12.8156;12.8156;147
20160202 145200;12.805;12.805;12.805;12.805;1400
20160202 150200;12.831;12.831;12.831;12.831;2500
20160202 152600;12.8472;12.87;12.8242;12.8242;2746
20160202 152900;12.84;12.84;12.84;12.84;100
20160202 154100;12.8112;12.8112;12.8112;12.8112;500
20160202 154200;12.87;12.87;12.87;12.87;100
20160202 154400;12.81;12.81;12.81;12.81;480
20160202 154600;12.84;12.84;12.84;12.84;100
20160202 154900;12.86;12.86;12.846;12.846;325
20160202 155000;12.8472;12.8472;12.8472;12.8472;200
20160202 155700;12.83;12.83;12.83;12.83;100
20160202 155900;12.86;12.86;12.86;12.86;100
20160202 160000;12.87;12.87;12.83;12.83;500
20160203 093100;13.09;13.09;13.09;13.09;100
20160203 095800;12.88;12.88;12.88;12.88;400
20160203 101500;12.82;12.82;12.82;12.82;400
20160203 101600;12.8215;12.8215;12.8215;12.8215;1176
20160203 102100;12.85;12.85;12.835;12.835;400
20160203 102300;12.82;12.823;12.82;12.823;200
20160203 103100;12.82;12.82;12.82;12.82;600
20160203 105000;12.8194;12.835;12.8194;12.835;1408
20160203 105200;12.8499;12.8499;12.8499;12.8499;500
20160203 105300;12.85;12.85;12.85;12.85;300
20160203 111100;12.852;12.86;12.84;12.84;7473
20160203 111700;12.85;12.85;12.8499;12.85;5700
20160203 112100;12.84;12.84;12.84;12.84;200
20160203 112900;12.83;12.83;12.83;12.83;200
20160203 115200;12.84;12.88;12.835;12.88;5478
20160203 120100;12.865;12.865;12.865;12.865;100
20160203 121000;12.88;12.88;12.88;12.88;100
20160203 121200;12.8606;12.8606;12.8606;12.8606;551
20160203 121500;12.8505;12.8505;12.8505;12.8505;120
20160203 122300;12.859;12.865;12.859;12.865;1548
20160203 122900;12.868;12.868;12.868;12.868;225
20160203 124800;12.85;12.8563;12.85;12.8563;873
20160203 125000;12.85;12.85;12.85;12.85;100
20160203 130300;12.88;12.88;12.88;12.88;100
20160203 131000;12.88;12.88;12.88;12.88;200
20160203 134800;12.8724;12.8724;12.8724;12.8724;200
20160203 135100;12.868;12.868;12.868;12.868;2500
20160203 135400;12.86;12.86;12.86;12.86;2063
20160203 135500;12.86;12.86;12.86;12.86;100
20160203 141400;12.8616;12.8616;12.8616;12.8616;478
20160203 142600;12.88;12.88;12.88;12.88;400
20160203 142700;12.8677;12.8677;12.8677;12.8677;300
20160203 143300;12.8706;12.8706;12.8706;12.8706;271
20160203 150100;12.865;12.9;12.865;12.885;5568
20160203 150500;12.9;12.9;12.89;12.9;300
20160203 150600;12.9;12.9;12.9;12.9;300
20160203 151200;12.9;12.9;12.9;12.9;546
20160203 151400;12.9;12.9;12.9;12.9;100
20160203 151700;12.9299;12.9299;12.9299;12.9299;1200
20160203 152200;12.9018;12.9018;12.9018;12.9018;217
20160203 153200;12.91;12.93;12.91;12.9199;1100
20160203 153700;12.9363;12.9363;12.9363;12.9363;1500
20160203 153900;12.9301;12.945;12.9301;12.945;1100
20160203 154200;12.93;12.945;12.93;12.93;1183
20160203 154500;12.93;12.93;12.92;12.92;797
20160203 154600;12.96;12.96;12.9385;12.9549;786
20160203 154800;12.9301;12.9301;12.9301;12.9301;138
20160203 155800;12.93;12.93;12.93;12.93;1300
20160203 160000;12.93;12.95;12.93;12.95;388
20160204 093800;12.84;12.92;12.8205;12.92;500
20160204 094400;12.86;12.86;12.86;12.86;300
20160204 094600;12.86;12.86;12.86;12.86;617
20160204 101700;12.89;12.9;12.89;12.9;1100
20160204 103600;12.91;12.91;12.91;12.91;100
20160204 104500;12.91;12.91;12.91;12.91;100
20160204 104800;12.894;12.894;12.894;12.894;200
20160204 105700;12.89;12.91;12.89;12.906;3100
20160204 110100;12.8969;12.8969;12.8969;12.8969;100
20160204 110200;12.8714;12.8714;12.8714;12.8714;269
20160204 110300;12.87;12.87;12.87;12.87;100
20160204 110900;12.89;12.89;12.89;12.89;300
20160204 111500;12.89;12.9086;12.89;12.9086;2675
20160204 112600;12.89;12.89;12.89;12.89;1000
20160204 114200;12.8701;12.8701;12.8701;12.8701;1000
20160204 114900;12.87;12.87;12.86;12.86;400
20160204 115200;12.8501;12.8501;12.8501;12.8501;147
20160204 121900;12.88;12.88;12.88;12.88;100
20160204 122400;12.8701;12.8701;12.8701;12.8701;750
20160204 122600;12.91;12.91;12.91;12.91;100
20160204 123500;12.9099;12.9099;12.9099;12.9099;200
20160204 124500;12.91;12.91;12.89;12.89;1309
20160204 125500;12.91;12.91;12.91;12.91;100
20160204 125800;12.91;12.91;12.91;12.91;100
20160204 130000;12.8837;12.8837;12.8837;12.8837;323
20160204 130100;12.91;12.91;12.91;12.91;100
20160204 130600;12.8701;12.8701;12.8701;12.8701;1790
20160204 131200;12.91;12.91;12.91;12.91;100
20160204 131500;12.8914;12.91;12.8914;12.91;407
20160204 131800;12.91;12.91;12.91;12.91;100
20160204 131900;12.91;12.91;12.91;12.91;200
20160204 132000;12.9199;12.9199;12.9199;12.9199;1790
20160204 132200;12.86;12.86;12.86;12.86;100
20160204 132900;12.92;12.92;12.92;12.92;100
20160204 133100;12.88;12.88;12.87;12.87;200
20160204 133200;12.92;12.92;12.92;12.92;100
20160204 133500;12.878;12.878;12.878;12.878;190
20160204 133600;12.9;12.9;12.9;12.9;100
20160204 133900;12.92;12.92;12.92;12.92;100
20160204 134200;12.92;12.92;12.86;12.86;600
20160204 134300;12.86;12.86;12.86;12.86;600
20160204 134400;12.86;12.86;12.86;12.86;1600
20160204 134700;12.91;12.91;12.91;12.91;100
20160204 134800;12.89;12.9;12.89;12.9;1700
20160204 135000;12.9;12.9;12.86;12.86;4700
20160204 135800;12.86;12.86;12.86;12.86;100
20160204 140000;12.86;12.86;12.86;12.86;400
20160204 140100;12.86;12.86;12.86;12.86;300
20160204 140200;12.86;12.86;12.86;12.86;165
20160204 141300;12.85;12.85;12.85;12.85;100
20160204 141400;12.8501;12.8501;12.85;12.85;1400
20160204 141500;12.84;12.85;12.8;12.82;1200
20160204 141600;12.8324;12.8324;12.8324;12.8324;181
20160204 141800;12.84;12.84;12.836;12.836;770
20160204 141900;12.8437;12.8437;12.8437;12.8437;200
20160204 142000;12.84;12.84;12.84;12.84;100
20160204 142200;12.84;12.84;12.84;12.84;100
20160204 142600;12.8301;12.85;12.8301;12.85;2350
20160204 142800;12.84;12.84;12.83;12.83;2100
20160204 143400;12.8499;12.85;12.835;12.835;5500
20160204 143600;12.84;12.84;12.84;12.84;100
20160204 143900;12.86;12.86;12.86;12.86;100
20160204 144000;12.85;12.85;12.85;12.85;100
20160204 144200;12.8791;12.8791;12.835;12.835;4300
20160204 144400;12.835;12.835;12.835;12.835;1600
20160204 144700;12.84;12.84;12.84;12.84;400
20160204 144900;12.8351;12.8351;12.8351;12.8351;183
20160204 145000;12.84;12.84;12.84;12.84;100
20160204 145500;12.86;12.8687;12.855;12.8687;559
20160204 145700;12.86;12.86;12.86;12.86;100
20160204 145900;12.86;12.86;12.86;12.86;400
20160204 150200;12.85;12.85;12.85;12.85;100
20160204 150300;12.85;12.85;12.85;12.85;100
20160204 150400;12.85;12.85;12.85;12.85;500
20160204 150500;12.86;12.86;12.86;12.86;300
20160204 150700;12.86;12.86;12.86;12.86;200
20160204 150800;12.86;12.86;12.86;12.86;100
20160204 150900;12.85;12.85;12.85;12.85;1000
20160204 151000;12.86;12.9099;12.86;12.86;500
20160204 151100;12.86;12.86;12.85;12.85;300
20160204 151200;12.85;12.85;12.81;12.81;3119
20160204 151700;12.84;12.84;12.84;12.84;300
20160204 151900;12.829;12.829;12.82;12.82;868
20160204 152200;12.83;12.83;12.83;12.83;100
20160204 152500;12.8315;12.8315;12.83;12.83;900
20160204 152600;12.82;12.82;12.82;12.82;100
20160204 152700;12.83;12.83;12.82;12.83;300
20160204 152800;12.82;12.83;12.82;12.82;400
20160204 152900;12.81;12.8133;12.81;12.81;1400
20160204 153300;12.817;12.817;12.81;12.81;1178
20160204 153800;12.8169;12.8169;12.815;12.815;555
20160204 154100;12.82;12.82;12.82;12.82;200
20160204 154200;12.82;12.82;12.82;12.82;200
20160204 154400;12.82;12.82;12.815;12.82;1800
20160204 154500;12.825;12.825;12.825;12.825;100
20160204 154700;12.89;12.89;12.8608;12.8608;200
20160204 154800;12.865;12.8744;12.865;12.865;800
20160204 154900;12.852;12.8862;12.852;12.8862;1214
20160204 155100;12.85;12.85;12.85;12.85;100
20160204 155200;12.89;12.89;12.89;12.89;100
20160204 155300;12.89;12.89;12.89;12.89;100
20160204 155400;12.85;12.865;12.85;12.865;200
20160204 155500;12.865;12.865;12.865;12.865;200
20160204 155600;12.865;12.865;12.84;12.865;300
20160204 155700;12.85;12.85;12.85;12.85;100
20160204 155800;12.865;12.865;12.865;12.865;300
20160204 155900;12.87;12.9;12.85;12.9;300
20160204 160000;12.89;12.9;12.85;12.9;1000
20160205 094300;12.8;12.8;12.74;12.75;400
20160205 094400;12.76;12.8;12.76;12.77;800
20160205 095400;12.808;12.808;12.808;12.808;1930
20160205 100800;12.7001;12.755;12.7001;12.755;511
20160205 101400;12.8;12.81;12.775;12.809;1200
20160205 101500;12.808;12.808;12.806;12.806;500
20160205 101700;12.775;12.82;12.75;12.75;1200
20160205 102600;12.7808;12.7808;12.7808;12.7808;130
20160205 102700;12.7808;12.7808;12.7808;12.7808;480
20160205 104900;12.795;12.795;12.788;12.788;504
20160205 110000;12.8146;12.8146;12.8146;12.8146;780
20160205 111000;12.7638;12.7638;12.7638;12.7638;148
20160205 114100;12.8;12.8;12.8;12.8;500
20160205 114800;12.8;12.8207;12.8;12.8207;541
20160205 115700;12.7701;12.7701;12.7701;12.7701;100
20160205 120900;12.81;12.81;12.79;12.79;3200
20160205 121300;12.814;12.814;12.75;12.75;582
20160205 121500;12.8;12.8;12.8;12.8;3055
20160205 130900;12.7486;12.7486;12.731;12.731;1000
20160205 131000;12.732;12.79;12.731;12.732;3000
20160205 132600;12.7899;12.7899;12.7899;12.7899;300
20160205 133400;12.766;12.766;12.766;12.766;400
20160205 133900;12.7308;12.735;12.7308;12.735;2238
20160205 134900;12.7445;12.7445;12.7445;12.7445;965
20160205 142700;12.7515;12.7515;12.7515;12.7515;509
20160205 142900;12.75;12.7501;12.75;12.75;1000
20160205 143200;12.7738;12.7738;12.7738;12.7738;125
20160205 143700;12.75;12.75;12.75;12.75;1500
20160205 145000;12.77;12.77;12.763;12.7691;2548
20160205 150900;12.77;12.77;12.76;12.77;2504
20160205 152000;12.77;12.77;12.765;12.765;300
20160205 153500;12.765;12.77;12.765;12.77;2105
20160205 154500;12.7786;12.78;12.7768;12.78;2616
20160205 154600;12.78;12.79;12.78;12.79;300
20160205 154700;12.77;12.77;12.77;12.77;3829
20160205 154800;12.77;12.77;12.77;12.77;2000
20160205 155100;12.77;12.77;12.77;12.77;666
20160205 155500;12.77;12.77;12.77;12.77;100
20160205 155700;12.77;12.77;12.77;12.77;812
20160205 155900;12.77;12.77;12.77;12.77;300
20160205 160000;12.79;12.79;12.79;12.79;100
