20160119 093400;9.835;9.835;9.835;9.835;100
20160119 094100;9.89;9.89;9.87;9.87;200
20160119 094700;9.85;9.855;9.85;9.855;200
20160119 095100;9.85;9.85;9.82;9.82;400
20160119 095300;9.8413;9.8413;9.8413;9.8413;440
20160119 095600;9.81;9.81;9.81;9.81;100
20160119 100000;9.83;9.83;9.83;9.83;200
20160119 100200;9.83;9.83;9.83;9.83;100
20160119 100500;9.83;9.83;9.83;9.83;200
20160119 101000;9.83;9.83;9.83;9.83;700
20160119 101100;9.83;9.83;9.83;9.83;2300
20160119 101600;9.83;9.83;9.83;9.83;200
20160119 101900;9.83;9.83;9.83;9.83;200
20160119 102300;9.83;9.83;9.83;9.83;300
20160119 102700;9.83;9.83;9.83;9.83;200
20160119 102900;9.83;9.8301;9.83;9.83;1410
20160119 103100;9.84;9.84;9.84;9.84;1200
20160119 103200;9.84;9.85;9.84;9.85;1500
20160119 103300;9.85;9.86;9.85;9.86;937
20160119 103800;9.86;9.86;9.852;9.852;900
20160119 104000;9.85;9.85;9.85;9.85;200
20160119 104200;9.8477;9.8477;9.8477;9.8477;303
20160119 104500;9.84;9.84;9.84;9.84;1233
20160119 104600;9.84;9.85;9.84;9.84;1300
20160119 104700;9.84;9.84;9.832;9.832;4473
20160119 104900;9.84;9.85;9.84;9.85;1256
20160119 105400;9.84;9.84;9.8312;9.84;400
20160119 105600;9.8301;9.84;9.8301;9.8312;534
20160119 110000;9.83;9.83;9.83;9.83;100
20160119 110500;9.83;9.8349;9.83;9.83;1608
20160119 110800;9.83;9.837;9.83;9.837;1500
20160119 110900;9.837;9.837;9.837;9.837;100
20160119 111400;9.822;9.83;9.822;9.83;382
20160119 111700;9.82;9.8286;9.82;9.8286;2720
20160119 112000;9.82;9.82;9.82;9.82;200
20160119 112500;9.82;9.82;9.81;9.8171;1304
20160119 112600;9.81;9.81;9.81;9.81;500
20160119 112700;9.81;9.81;9.81;9.81;300
20160119 113000;9.81;9.82;9.81;9.82;300
20160119 113300;9.8101;9.8101;9.8101;9.8101;2051
20160119 113400;9.82;9.82;9.82;9.82;200
20160119 113500;9.82;9.82;9.82;9.82;100
20160119 113600;9.82;9.82;9.82;9.82;100
20160119 113700;9.82;9.82;9.815;9.82;2102
20160119 114000;9.83;9.834;9.83;9.834;3324
20160119 114200;9.838;9.838;9.83;9.83;1450
20160119 114900;9.83;9.84;9.8201;9.83;2786
20160119 115100;9.83;9.83;9.83;9.83;200
20160119 115200;9.83;9.83;9.8212;9.83;400
20160119 115400;9.8264;9.8264;9.8264;9.8264;170
20160119 115700;9.83;9.83;9.82;9.8216;5305
20160119 115800;9.83;9.83;9.83;9.83;300
20160119 115900;9.83;9.84;9.83;9.84;1100
20160119 120100;9.83;9.83;9.83;9.83;300
20160119 120600;9.82;9.8235;9.8;9.805;3208
20160119 120800;9.8204;9.8204;9.8204;9.8204;100
20160119 120900;9.81;9.81;9.81;9.81;100
20160119 121100;9.81;9.81;9.8;9.8;2600
20160119 122400;9.79;9.79;9.79;9.79;100
20160119 122700;9.7924;9.7924;9.78;9.78;300
20160119 123600;9.78;9.78;9.78;9.78;200
20160119 123800;9.78;9.782;9.7542;9.782;3886
20160119 124500;9.77;9.77;9.77;9.77;200
20160119 124600;9.765;9.765;9.765;9.765;300
20160119 125700;9.75;9.75;9.71;9.71;3237
20160119 130000;9.735;9.735;9.735;9.735;200
20160119 130300;9.72;9.72;9.72;9.72;100
20160119 130900;9.72;9.72;9.72;9.72;100
20160119 131000;9.735;9.75;9.735;9.75;5601
20160119 131200;9.74;9.74;9.74;9.74;300
20160119 131800;9.745;9.745;9.745;9.745;600
20160119 132100;9.745;9.75;9.74;9.75;2400
20160119 132200;9.75;9.75;9.75;9.75;400
20160119 132300;9.74;9.75;9.74;9.75;1100
20160119 132400;9.75;9.75;9.75;9.75;1347
20160119 133000;9.75;9.75;9.75;9.75;200
20160119 133600;9.75;9.75;9.75;9.75;100
20160119 133700;9.75;9.75;9.75;9.75;100
20160119 133900;9.75;9.75;9.75;9.75;300
20160119 134500;9.75;9.75;9.75;9.75;100
20160119 135100;9.75;9.75;9.75;9.75;300
20160119 135200;9.7599;9.7599;9.7599;9.7599;191
20160119 135300;9.75;9.75;9.75;9.75;100
20160119 135400;9.75;9.75;9.75;9.75;100
20160119 135500;9.75;9.75;9.75;9.75;1700
20160119 135900;9.75;9.75;9.75;9.75;200
20160119 140300;9.75;9.75;9.75;9.75;100
20160119 140400;9.75;9.75;9.75;9.75;200
20160119 140500;9.75;9.75;9.725;9.75;2100
20160119 140600;9.75;9.75;9.735;9.75;3200
20160119 140800;9.73;9.73;9.73;9.73;100
20160119 141100;9.748;9.748;9.748;9.748;2030
20160119 141200;9.74;9.74;9.74;9.74;800
20160119 142000;9.74;9.74;9.74;9.74;650
20160119 142100;9.74;9.74;9.72;9.73;1500
20160119 142200;9.73;9.73;9.72;9.72;200
20160119 142400;9.685;9.685;9.685;9.685;100
20160119 142600;9.69;9.7;9.69;9.7;700
20160119 143200;9.71;9.71;9.71;9.71;200
20160119 143600;9.7;9.7;9.7;9.7;100
20160119 143700;9.7;9.7;9.7;9.7;100
20160119 144100;9.7;9.7;9.7;9.7;200
20160119 144300;9.7;9.7;9.7;9.7;100
20160119 144600;9.7;9.7;9.7;9.7;200
20160119 144800;9.69;9.7;9.69;9.7;600
20160119 145000;9.7;9.7;9.7;9.7;400
20160119 145400;9.69;9.69;9.67;9.67;300
20160119 145700;9.675;9.675;9.675;9.675;200
20160119 145800;9.68;9.68;9.68;9.68;300
20160119 145900;9.6899;9.6899;9.6899;9.6899;200
20160119 150100;9.68;9.68;9.68;9.68;500
20160119 150300;9.68;9.6819;9.68;9.6819;700
20160119 150400;9.68;9.6899;9.68;9.6899;300
20160119 150600;9.68;9.68;9.68;9.68;100
20160119 150700;9.68;9.68;9.68;9.68;100
20160119 150800;9.68;9.68;9.68;9.68;200
20160119 150900;9.6838;9.6838;9.6838;9.6838;333
20160119 151300;9.68;9.68;9.68;9.68;100
20160119 151500;9.68;9.68;9.68;9.68;200
20160119 151600;9.68;9.68;9.68;9.68;200
20160119 151900;9.68;9.68;9.68;9.68;100
20160119 152100;9.68;9.69;9.68;9.687;848
20160119 152200;9.68;9.68;9.68;9.68;700
20160119 152600;9.687;9.687;9.68;9.68;300
20160119 152700;9.68;9.68;9.68;9.68;200
20160119 153000;9.69;9.69;9.685;9.685;1800
20160119 153100;9.68;9.69;9.68;9.69;1260
20160119 153500;9.69;9.69;9.69;9.69;300
20160119 153800;9.71;9.71;9.71;9.71;400
20160119 153900;9.71;9.71;9.71;9.71;100
20160119 154500;9.71;9.71;9.71;9.71;200
20160119 154800;9.695;9.695;9.695;9.695;200
20160119 154900;9.695;9.7;9.69;9.69;2033
20160119 155000;9.695;9.695;9.695;9.695;100
20160119 155400;9.695;9.695;9.695;9.695;200
20160119 155500;9.7;9.7;9.695;9.695;200
20160119 155600;9.7;9.7;9.695;9.695;2600
20160119 155700;9.7;9.7;9.6879;9.695;1000
20160119 155800;9.7;9.7;9.695;9.695;500
20160119 155900;9.695;9.695;9.695;9.695;100
20160119 160000;9.695;9.7;9.695;9.7;891
20160120 094500;9.5204;9.524;9.44;9.48;3700
20160120 094600;9.48;9.4801;9.48;9.48;1100
20160120 094700;9.48;9.48;9.48;9.48;100
20160120 095100;9.51;9.51;9.5;9.5;200
20160120 095300;9.5;9.5;9.5;9.5;200
20160120 095400;9.5;9.5;9.5;9.5;100
20160120 100100;9.46;9.46;9.46;9.46;300
20160120 100200;9.43;9.43;9.43;9.43;100
20160120 100500;9.42;9.42;9.42;9.42;300
20160120 101700;9.4;9.4;9.38;9.38;700
20160120 102000;9.39;9.39;9.39;9.39;400
20160120 102100;9.385;9.39;9.38;9.39;3028
20160120 102400;9.39;9.39;9.39;9.39;100
20160120 102900;9.38;9.38;9.38;9.38;100
20160120 103200;9.375;9.375;9.375;9.375;100
20160120 104300;9.4;9.4;9.34;9.34;4700
20160120 104700;9.35;9.36;9.34;9.36;1090
20160120 105300;9.3644;9.3644;9.3644;9.3644;737
20160120 105400;9.34;9.34;9.34;9.34;100
20160120 110000;9.3526;9.3526;9.3526;9.3526;1690
20160120 110100;9.325;9.325;9.32;9.32;200
20160120 110300;9.32;9.32;9.32;9.32;100
20160120 110800;9.32;9.4;9.31;9.31;5624
20160120 111000;9.335;9.335;9.335;9.335;400
20160120 111300;9.3359;9.3359;9.3359;9.3359;750
20160120 111400;9.32;9.34;9.32;9.34;700
20160120 111500;9.34;9.34;9.34;9.34;100
20160120 111900;9.34;9.34;9.34;9.34;100
20160120 112000;9.335;9.34;9.335;9.34;2000
20160120 112100;9.335;9.335;9.335;9.335;100
20160120 112200;9.32;9.325;9.18;9.295;20187
20160120 112300;9.3;9.31;9.3;9.31;4300
20160120 112500;9.31;9.3163;9.3;9.3163;1500
20160120 113500;9.31;9.31;9.2879;9.3005;2000
20160120 113600;9.305;9.305;9.305;9.305;1900
20160120 114100;9.305;9.305;9.305;9.305;100
20160120 114600;9.3;9.3;9.3;9.3;100
20160120 114700;9.3098;9.3098;9.3098;9.3098;1400
20160120 115200;9.3098;9.3098;9.3098;9.3098;1100
20160120 115300;9.2701;9.2701;9.2701;9.2701;2059
20160120 115600;9.3;9.3;9.3;9.3;100
20160120 121000;9.29;9.29;9.29;9.29;100
20160120 121100;9.29;9.29;9.285;9.29;400
20160120 122400;9.29;9.29;9.28;9.28;1000
20160120 122500;9.29;9.29;9.27;9.28;8150
20160120 122600;9.28;9.28;9.28;9.28;1800
20160120 122900;9.28;9.28;9.265;9.265;500
20160120 123200;9.28;9.29;9.28;9.29;600
20160120 123300;9.28;9.28;9.28;9.28;200
20160120 123500;9.2594;9.2594;9.2594;9.2594;130
20160120 123900;9.25;9.25;9.25;9.25;100
20160120 124600;9.27;9.27;9.27;9.27;200
20160120 124700;9.24;9.24;9.24;9.24;200
20160120 130000;9.26;9.26;9.26;9.26;400
20160120 130100;9.26;9.26;9.26;9.26;300
20160120 130400;9.2503;9.26;9.25;9.25;1740
20160120 130500;9.26;9.26;9.26;9.26;1000
20160120 130800;9.25;9.25;9.2388;9.25;2400
20160120 130900;9.25;9.25;9.25;9.25;100
20160120 131000;9.25;9.25;9.25;9.25;800
20160120 131300;9.25;9.25;9.25;9.25;100
20160120 131700;9.26;9.26;9.26;9.26;2000
20160120 131800;9.26;9.26;9.26;9.26;1200
20160120 131900;9.26;9.27;9.26;9.26;1200
20160120 132000;9.25;9.25;9.25;9.25;100
20160120 132200;9.24;9.24;9.24;9.24;100
20160120 132300;9.24;9.24;9.24;9.24;100
20160120 132800;9.2626;9.2626;9.2626;9.2626;700
20160120 133700;9.27;9.28;9.27;9.28;300
20160120 134500;9.28;9.28;9.28;9.28;1000
20160120 134700;9.31;9.31;9.31;9.31;100
20160120 135000;9.31;9.31;9.31;9.31;100
20160120 135100;9.31;9.31;9.31;9.31;916
20160120 135300;9.3001;9.31;9.3001;9.31;2000
20160120 135400;9.32;9.32;9.304;9.3042;1600
20160120 135500;9.33;9.33;9.33;9.33;1700
20160120 135600;9.34;9.34;9.34;9.34;700
20160120 135800;9.34;9.34;9.34;9.34;2652
20160120 135900;9.35;9.35;9.35;9.35;5300
20160120 140100;9.3535;9.3535;9.3535;9.3535;250
20160120 141600;9.36;9.36;9.36;9.36;200
20160120 141700;9.36;9.36;9.36;9.36;408
20160120 141800;9.37;9.37;9.37;9.37;200
20160120 141900;9.37;9.37;9.37;9.37;300
20160120 142200;9.38;9.3844;9.38;9.3844;1180
20160120 142300;9.38;9.38;9.38;9.38;100
20160120 143300;9.37;9.37;9.36;9.36;800
20160120 143800;9.38;9.38;9.38;9.38;800
20160120 144000;9.37;9.37;9.37;9.37;100
20160120 144200;9.38;9.38;9.38;9.38;500
20160120 145800;9.4;9.4;9.4;9.4;800
20160120 150300;9.3942;9.3942;9.392;9.392;3000
20160120 150400;9.39;9.39;9.39;9.39;100
20160120 150700;9.39;9.39;9.39;9.39;100
20160120 151200;9.3901;9.3901;9.3901;9.3901;580
20160120 151400;9.41;9.41;9.4037;9.4037;728
20160120 151600;9.41;9.41;9.41;9.41;100
20160120 151700;9.41;9.41;9.41;9.41;100
20160120 152500;9.43;9.43;9.43;9.43;100
20160120 152900;9.45;9.45;9.45;9.45;500
20160120 153000;9.4401;9.4401;9.4401;9.4401;394
20160120 153100;9.45;9.45;9.45;9.45;200
20160120 153200;9.47;9.47;9.47;9.47;100
20160120 153500;9.46;9.46;9.46;9.46;200
20160120 153600;9.46;9.46;9.46;9.46;100
20160120 153700;9.4622;9.4622;9.4622;9.4622;900
20160120 153900;9.46;9.46;9.46;9.46;200
20160120 154000;9.46;9.46;9.46;9.46;200
20160120 154200;9.44;9.44;9.44;9.44;100
20160120 154600;9.43;9.43;9.43;9.43;100
20160120 154800;9.43;9.43;9.43;9.43;100
20160120 154900;9.42;9.42;9.42;9.42;100
20160120 155000;9.44;9.44;9.44;9.44;100
20160120 155200;9.44;9.44;9.44;9.44;1000
20160120 155400;9.4242;9.4294;9.4242;9.4294;279
20160120 155700;9.42;9.42;9.42;9.42;272
20160120 155900;9.39;9.39;9.39;9.39;100
20160120 160000;9.4;9.4;9.4;9.4;100
20160121 093500;9.4874;9.4874;9.4874;9.4874;1500
20160121 093900;9.45;9.45;9.44;9.44;200
20160121 094100;9.44;9.44;9.44;9.44;100
20160121 094300;9.4601;9.4601;9.46;9.46;2100
20160121 094400;9.46;9.46;9.46;9.46;100
20160121 094500;9.44;9.44;9.44;9.44;100
20160121 095600;9.45;9.45;9.45;9.45;100
20160121 095800;9.45;9.45;9.45;9.45;100
20160121 100000;9.43;9.46;9.43;9.43;3655
20160121 100400;9.44;9.44;9.42;9.42;400
20160121 100500;9.44;9.47;9.44;9.465;2726
20160121 100600;9.47;9.48;9.47;9.48;1976
20160121 100700;9.48;9.48;9.48;9.48;200
20160121 100800;9.47;9.4749;9.47;9.47;3109
20160121 100900;9.475;9.48;9.475;9.48;400
20160121 101100;9.48;9.5;9.48;9.5;1001
20160121 101200;9.5;9.5;9.5;9.5;1100
20160121 101300;9.5;9.51;9.49;9.49;2031
20160121 101400;9.51;9.51;9.51;9.51;2000
20160121 102100;9.52;9.52;9.52;9.52;100
20160121 102500;9.51;9.51;9.5001;9.51;900
20160121 103200;9.52;9.52;9.52;9.52;400
20160121 103900;9.51;9.51;9.5;9.5;5603
20160121 104000;9.505;9.505;9.505;9.505;200
20160121 104300;9.5;9.51;9.5;9.51;840
20160121 104400;9.51;9.51;9.51;9.51;1900
20160121 104500;9.5299;9.5299;9.5299;9.5299;200
20160121 104700;9.52;9.52;9.52;9.52;300
20160121 104800;9.525;9.525;9.458;9.51;6283
20160121 104900;9.525;9.53;9.525;9.53;400
20160121 105000;9.53;9.54;9.53;9.54;800
20160121 105600;9.53;9.53;9.5212;9.5212;1728
20160121 105800;9.5301;9.5301;9.5301;9.5301;154
20160121 105900;9.525;9.525;9.525;9.525;300
20160121 110000;9.53;9.53;9.53;9.53;600
20160121 110200;9.53;9.53;9.52;9.52;1700
20160121 110300;9.5298;9.53;9.5176;9.5176;2659
20160121 110400;9.53;9.53;9.53;9.53;100
20160121 110600;9.53;9.53;9.53;9.53;100
20160121 110800;9.535;9.535;9.535;9.535;400
20160121 111000;9.53;9.54;9.48;9.54;3191
20160121 111200;9.55;9.55;9.55;9.55;100
20160121 111800;9.531;9.5315;9.531;9.5315;200
20160121 111900;9.5486;9.5486;9.5486;9.5486;2934
20160121 112000;9.5419;9.5419;9.5419;9.5419;1000
20160121 112200;9.57;9.57;9.57;9.57;100
20160121 112400;9.57;9.57;9.57;9.57;100
20160121 112600;9.545;9.56;9.545;9.55;5100
20160121 112800;9.56;9.56;9.56;9.56;100
20160121 113000;9.56;9.56;9.56;9.56;100
20160121 113100;9.53;9.53;9.48;9.52;2345
20160121 113300;9.53;9.53;9.53;9.53;300
20160121 113900;9.5376;9.5376;9.5376;9.5376;200
20160121 114100;9.5201;9.5201;9.5201;9.5201;921
20160121 114700;9.56;9.56;9.56;9.56;100
20160121 114900;9.56;9.56;9.56;9.56;100
20160121 115000;9.5426;9.56;9.5426;9.56;1084
20160121 115100;9.56;9.56;9.5401;9.5401;1700
20160121 115600;9.56;9.56;9.56;9.56;100
20160121 115800;9.56;9.58;9.55;9.5501;6384
20160121 115900;9.58;9.58;9.58;9.58;200
20160121 120200;9.56;9.57;9.56;9.57;716
20160121 120700;9.5742;9.5742;9.5742;9.5742;1487
20160121 121200;9.6;9.6;9.6;9.6;200
20160121 121600;9.5978;9.5978;9.5978;9.5978;3939
20160121 122000;9.6099;9.6099;9.6003;9.6003;400
20160121 123100;9.61;9.61;9.6;9.6;1500
20160121 123200;9.6;9.6;9.595;9.6;3600
20160121 123400;9.6;9.6;9.58;9.58;400
20160121 123500;9.59;9.59;9.59;9.59;100
20160121 123900;9.59;9.59;9.59;9.59;200
20160121 124600;9.5902;9.5902;9.5902;9.5902;300
20160121 125100;9.6;9.6;9.6;9.6;100
20160121 125200;9.6;9.6;9.5935;9.5935;200
20160121 125300;9.6;9.6;9.6;9.6;100
20160121 125600;9.6;9.6;9.6;9.6;100
20160121 125900;9.6;9.6;9.6;9.6;100
20160121 130100;9.6;9.6;9.6;9.6;100
20160121 130200;9.6;9.6;9.6;9.6;100
20160121 130400;9.5801;9.5801;9.58;9.58;1425
20160121 130600;9.6;9.6;9.6;9.6;200
20160121 130700;9.6;9.6;9.5801;9.59;2500
20160121 130900;9.6;9.6;9.6;9.6;100
20160121 131600;9.6;9.6;9.6;9.6;1100
20160121 131700;9.6;9.6;9.6;9.6;900
20160121 131800;9.6;9.6;9.6;9.6;300
20160121 132000;9.6;9.6;9.6;9.6;1700
20160121 132100;9.6;9.6;9.6;9.6;300
20160121 132200;9.6;9.6;9.6;9.6;800
20160121 132300;9.6;9.6;9.6;9.6;200
20160121 132400;9.59;9.59;9.59;9.59;946
20160121 133200;9.59;9.59;9.59;9.59;100
20160121 133500;9.57;9.57;9.57;9.57;100
20160121 133600;9.5686;9.5686;9.5686;9.5686;100
20160121 133800;9.57;9.57;9.57;9.57;100
20160121 134000;9.575;9.575;9.575;9.575;100
20160121 134100;9.59;9.59;9.59;9.59;100
20160121 134300;9.6;9.6;9.6;9.6;200
20160121 134500;9.5842;9.5842;9.58;9.58;707
20160121 134700;9.58;9.58;9.58;9.58;200
20160121 135500;9.58;9.58;9.58;9.58;100
20160121 135900;9.58;9.58;9.58;9.58;100
20160121 140100;9.58;9.58;9.58;9.58;100
20160121 140200;9.58;9.58;9.58;9.58;100
20160121 140400;9.57;9.57;9.56;9.56;1122
20160121 140500;9.55;9.56;9.55;9.56;200
20160121 140700;9.5692;9.5692;9.5692;9.5692;200
20160121 140800;9.5692;9.5692;9.5692;9.5692;200
20160121 141100;9.54;9.54;9.54;9.54;100
20160121 141500;9.5424;9.5424;9.5424;9.5424;670
20160121 141800;9.52;9.52;9.52;9.52;100
20160121 142100;9.52;9.52;9.52;9.52;100
20160121 142700;9.54;9.54;9.54;9.54;100
20160121 142900;9.54;9.54;9.54;9.54;100
20160121 143100;9.54;9.54;9.54;9.54;200
20160121 143200;9.54;9.55;9.54;9.55;600
20160121 143800;9.57;9.57;9.57;9.57;100
20160121 144300;9.54;9.54;9.54;9.54;100
20160121 144400;9.57;9.57;9.57;9.57;100
20160121 145200;9.57;9.57;9.57;9.57;100
20160121 145400;9.57;9.57;9.57;9.57;100
20160121 145500;9.57;9.57;9.57;9.57;600
20160121 145600;9.57;9.57;9.57;9.57;100
20160121 145900;9.5605;9.57;9.56;9.57;2000
20160121 150800;9.57;9.57;9.57;9.57;700
20160121 150900;9.57;9.57;9.57;9.57;600
20160121 152500;9.58;9.58;9.58;9.58;100
20160121 152700;9.58;9.58;9.58;9.58;100
20160121 152900;9.5716;9.58;9.5716;9.58;1100
20160121 153100;9.58;9.58;9.58;9.58;500
20160121 153700;9.5699;9.5699;9.5699;9.5699;275
20160121 153900;9.564;9.58;9.564;9.5757;900
20160121 154100;9.59;9.59;9.59;9.59;100
20160121 154200;9.59;9.59;9.59;9.59;200
20160121 154300;9.6;9.6;9.6;9.6;200
20160121 154400;9.6;9.6;9.6;9.6;200
20160121 154700;9.61;9.61;9.61;9.61;100
20160121 154800;9.61;9.61;9.61;9.61;500
20160121 154900;9.61;9.61;9.61;9.61;100
20160121 155000;9.61;9.61;9.61;9.61;500
20160121 155100;9.61;9.61;9.61;9.61;100
20160121 155200;9.59;9.592;9.59;9.59;2059
20160121 155300;9.61;9.61;9.61;9.61;804
20160121 155400;9.6;9.61;9.6;9.61;200
20160121 155500;9.61;9.61;9.59;9.59;1200
20160121 155600;9.61;9.61;9.61;9.61;200
20160121 155700;9.61;9.62;9.61;9.62;300
20160121 155800;9.62;9.62;9.62;9.62;200
20160121 155900;9.62;9.62;9.62;9.62;200
20160121 160000;9.62;9.62;9.62;9.62;838
20160122 093600;9.75;9.75;9.75;9.75;1100
20160122 093700;9.76;9.76;9.75;9.75;600
20160122 093900;9.75;9.75;9.705;9.73;800
20160122 094000;9.73;9.73;9.73;9.73;100
20160122 094100;9.71;9.71;9.71;9.71;100
20160122 094200;9.72;9.72;9.72;9.72;100
20160122 094500;9.72;9.72;9.72;9.72;100
20160122 094800;9.74;9.74;9.74;9.74;100
20160122 094900;9.73;9.73;9.73;9.73;100
20160122 095400;9.75;9.76;9.75;9.76;600
20160122 095500;9.7699;9.77;9.755;9.77;2201
20160122 095600;9.77;9.77;9.77;9.77;200
20160122 100000;9.79;9.79;9.79;9.79;200
20160122 100100;9.8;9.8;9.8;9.8;501
20160122 100200;9.78;9.78;9.78;9.78;100
20160122 100400;9.78;9.78;9.78;9.78;100
20160122 100700;9.77;9.77;9.77;9.77;200
20160122 100900;9.77;9.77;9.77;9.77;100
20160122 101400;9.79;9.79;9.79;9.79;100
20160122 101500;9.8;9.8;9.8;9.8;508
20160122 101600;9.8;9.8;9.8;9.8;502
20160122 102300;9.79;9.79;9.78;9.78;200
20160122 102400;9.775;9.775;9.775;9.775;100
20160122 102500;9.77;9.78;9.76;9.78;2000
20160122 103400;9.7699;9.7699;9.7699;9.7699;195
20160122 103800;9.76;9.76;9.76;9.76;100
20160122 104600;9.76;9.76;9.76;9.76;300
20160122 105000;9.76;9.76;9.76;9.76;700
20160122 105900;9.7581;9.7581;9.7581;9.7581;1000
20160122 110700;9.767;9.767;9.7547;9.7547;2247
20160122 110800;9.75;9.76;9.75;9.76;2016
20160122 111600;9.7301;9.7301;9.7301;9.7301;584
20160122 112400;9.75;9.75;9.75;9.75;100
20160122 112900;9.75;9.75;9.7412;9.7412;400
20160122 114300;9.7409;9.7409;9.7409;9.7409;530
20160122 114900;9.753;9.753;9.753;9.753;500
20160122 115000;9.7596;9.7596;9.74;9.74;616
20160122 115600;9.73;9.73;9.72;9.72;4000
20160122 115700;9.72;9.72;9.72;9.72;100
20160122 115800;9.73;9.73;9.725;9.73;2200
20160122 120100;9.73;9.73;9.73;9.73;200
20160122 120300;9.7101;9.7101;9.7101;9.7101;1108
20160122 121500;9.72;9.72;9.72;9.72;300
20160122 121900;9.7262;9.7262;9.7262;9.7262;4087
20160122 123600;9.7354;9.7354;9.7354;9.7354;3000
20160122 123900;9.72;9.72;9.71;9.71;400
20160122 124500;9.73;9.74;9.73;9.74;1600
20160122 124800;9.71;9.735;9.71;9.735;1100
20160122 125400;9.723;9.723;9.723;9.723;4000
20160122 132200;9.74;9.7468;9.74;9.7468;7057
20160122 133500;9.76;9.76;9.76;9.76;200
20160122 134200;9.7599;9.7599;9.74;9.74;3200
20160122 134700;9.755;9.755;9.755;9.755;300
20160122 134900;9.76;9.77;9.76;9.77;2179
20160122 135000;9.8;9.8;9.78;9.8;15130
20160122 135100;9.8166;9.8166;9.8166;9.8166;3343
20160122 140100;9.8213;9.8213;9.8213;9.8213;790
20160122 140800;9.8;9.8;9.76;9.76;976
20160122 141300;9.78;9.78;9.77;9.77;500
20160122 141500;9.815;9.815;9.815;9.815;400
20160122 141600;9.82;9.82;9.82;9.82;3600
20160122 144100;9.77;9.78;9.76;9.76;887
20160122 145600;9.7954;9.7954;9.7954;9.7954;1000
20160122 145700;9.78;9.78;9.78;9.78;300
20160122 145900;9.8;9.8;9.8;9.8;1300
20160122 150800;9.8;9.8;9.8;9.8;309
20160122 151800;9.82;9.82;9.82;9.82;100
20160122 152300;9.82;9.82;9.82;9.82;100
20160122 152400;9.82;9.83;9.82;9.83;2459
20160122 152700;9.8101;9.85;9.8101;9.85;356
20160122 152900;9.85;9.85;9.85;9.85;100
20160122 153000;9.85;9.85;9.85;9.85;100
20160122 153100;9.85;9.85;9.85;9.85;100
20160122 153300;9.86;9.86;9.8;9.81;1100
20160122 153400;9.85;9.85;9.85;9.85;100
20160122 153500;9.86;9.86;9.83;9.83;200
20160122 153600;9.86;9.86;9.86;9.86;100
20160122 153800;9.86;9.86;9.86;9.86;100
20160122 153900;9.86;9.86;9.86;9.86;100
20160122 154000;9.87;9.87;9.87;9.87;100
20160122 154100;9.86;9.86;9.86;9.86;100
20160122 154300;9.92;9.92;9.92;9.92;100
20160122 154400;9.92;9.92;9.92;9.92;100
20160122 154600;9.92;9.92;9.92;9.92;100
20160122 154800;9.92;9.92;9.92;9.92;100
20160122 154900;9.92;9.92;9.92;9.92;200
20160122 155100;9.92;9.92;9.92;9.92;100
20160122 155200;9.92;9.92;9.86;9.86;200
20160122 155300;9.92;9.92;9.92;9.92;100
20160122 155400;9.92;9.92;9.92;9.92;100
20160122 155500;9.91;9.92;9.91;9.92;200
20160122 155600;9.92;9.92;9.89;9.89;200
20160122 155700;9.89;9.89;9.89;9.89;100
20160122 155800;9.87;9.87;9.87;9.87;100
20160122 155900;9.87;9.87;9.87;9.87;100
20160122 160000;9.86;9.92;9.86;9.89;589
20160125 093800;9.83;9.846;9.83;9.846;800
20160125 094200;9.81;9.81;9.81;9.81;100
20160125 100500;9.81;9.81;9.81;9.81;300
20160125 101800;9.81;9.81;9.81;9.81;100
20160125 101900;9.81;9.81;9.81;9.81;512
20160125 102200;9.81;9.81;9.81;9.81;200
20160125 102300;9.81;9.81;9.81;9.81;100
20160125 103700;9.81;9.81;9.81;9.81;1200
20160125 104300;9.79;9.79;9.79;9.79;100
20160125 104400;9.79;9.79;9.79;9.79;300
20160125 104700;9.79;9.79;9.79;9.79;400
20160125 104800;9.79;9.79;9.79;9.79;400
20160125 105000;9.79;9.79;9.79;9.79;500
20160125 105500;9.79;9.79;9.79;9.79;502
20160125 110200;9.79;9.79;9.79;9.79;649
20160125 110900;9.7887;9.7887;9.7887;9.7887;1200
20160125 111100;9.7878;9.7878;9.7878;9.7878;835
20160125 111700;9.79;9.79;9.79;9.79;904
20160125 114300;9.8;9.8;9.8;9.8;613
20160125 114400;9.7801;9.7801;9.7801;9.7801;150
20160125 115900;9.8048;9.8048;9.8048;9.8048;100
20160125 124700;9.7801;9.81;9.7801;9.81;300
20160125 125400;9.7966;9.7966;9.7966;9.7966;1200
20160125 130800;9.81;9.81;9.81;9.81;100
20160125 131200;9.81;9.81;9.81;9.81;100
20160125 131400;9.81;9.81;9.81;9.81;100
20160125 131600;9.81;9.81;9.81;9.81;200
20160125 131800;9.81;9.81;9.81;9.81;301
20160125 132900;9.836;9.836;9.836;9.836;2000
20160125 133000;9.8399;9.8399;9.8399;9.8399;100
20160125 134900;9.8101;9.84;9.8101;9.84;1300
20160125 135000;9.81;9.81;9.81;9.81;200
20160125 135900;9.79;9.79;9.79;9.79;500
20160125 142800;9.79;9.79;9.79;9.79;700
20160125 142900;9.79;9.79;9.79;9.79;800
20160125 143000;9.79;9.79;9.79;9.79;600
20160125 143100;9.79;9.79;9.79;9.79;500
20160125 144800;9.79;9.79;9.79;9.79;300
20160125 144900;9.79;9.7999;9.79;9.7999;800
20160125 145500;9.7925;9.7925;9.7925;9.7925;2000
20160125 145600;9.79;9.79;9.79;9.79;150
20160125 151100;9.79;9.79;9.79;9.79;502
20160125 152000;9.785;9.785;9.78;9.78;200
20160125 152100;9.79;9.795;9.79;9.795;4619
20160125 152500;9.8;9.8;9.79;9.79;3612
20160125 152600;9.799;9.799;9.799;9.799;800
20160125 152700;9.795;9.795;9.795;9.795;100
20160125 152800;9.795;9.8;9.795;9.7999;1400
20160125 153300;9.8;9.8;9.79;9.79;3200
20160125 153400;9.79;9.799;9.79;9.799;1500
20160125 153800;9.785;9.7899;9.78;9.78;2333
20160125 154900;9.7764;9.7764;9.7764;9.7764;200
20160125 155000;9.77;9.77;9.77;9.77;1702
20160125 155200;9.76;9.76;9.7548;9.76;5035
20160125 155500;9.77;9.77;9.75;9.75;2206
20160125 155600;9.7599;9.7599;9.7599;9.7599;100
20160125 155900;9.74;9.74;9.72;9.72;329
20160126 093200;9.77;9.77;9.77;9.77;100
20160126 093600;9.77;9.77;9.77;9.77;106
20160126 094000;9.8;9.8;9.8;9.8;200
20160126 094200;9.8;9.8;9.8;9.8;200
20160126 094300;9.79;9.82;9.79;9.82;500
20160126 094400;9.8;9.81;9.8;9.81;200
20160126 094500;9.774;9.7742;9.774;9.7742;300
20160126 094600;9.773;9.773;9.773;9.773;350
20160126 095100;9.79;9.79;9.79;9.79;500
20160126 095400;9.8;9.8;9.8;9.8;400
20160126 095500;9.78;9.78;9.78;9.78;450
20160126 095900;9.78;9.78;9.74;9.74;737
20160126 100000;9.78;9.78;9.78;9.78;112
20160126 100100;9.79;9.79;9.79;9.79;1100
20160126 100500;9.81;9.81;9.81;9.81;1005
20160126 100600;9.81;9.81;9.81;9.81;500
20160126 100900;9.82;9.82;9.82;9.82;503
20160126 101000;9.82;9.82;9.81;9.81;490
20160126 101100;9.83;9.83;9.83;9.83;605
20160126 101200;9.83;9.83;9.83;9.83;502
20160126 101300;9.83;9.83;9.8289;9.83;1093
20160126 101900;9.84;9.85;9.84;9.85;1100
20160126 102900;9.8362;9.8362;9.8362;9.8362;450
20160126 103600;9.84;9.84;9.84;9.84;350
20160126 104100;9.85;9.85;9.85;9.85;500
20160126 104500;9.85;9.86;9.85;9.86;599
20160126 105600;9.8511;9.8511;9.8511;9.8511;1300
20160126 110500;9.86;9.87;9.86;9.87;1300
20160126 111200;9.855;9.855;9.855;9.855;1100
20160126 111300;9.85;9.85;9.85;9.85;300
20160126 111400;9.8608;9.8608;9.8608;9.8608;191
20160126 111600;9.86;9.86;9.86;9.86;1000
20160126 112100;9.865;9.87;9.865;9.87;700
20160126 112200;9.8699;9.8699;9.8699;9.8699;200
20160126 114000;9.87;9.87;9.87;9.87;700
20160126 115500;9.88;9.88;9.88;9.88;400
20160126 115900;9.88;9.88;9.88;9.88;200
20160126 120300;9.8744;9.8744;9.8744;9.8744;809
20160126 120800;9.89;9.89;9.89;9.89;277
20160126 121400;9.89;9.89;9.89;9.89;100
20160126 121700;9.9;9.9;9.9;9.9;500
20160126 125200;9.9;9.9;9.9;9.9;100
20160126 125800;9.92;9.92;9.92;9.92;200
20160126 130400;9.92;9.92;9.92;9.92;800
20160126 130500;9.9185;9.9185;9.9164;9.9176;370
20160126 131000;9.9147;9.9147;9.9;9.9;700
20160126 131800;9.92;9.92;9.92;9.92;1400
20160126 132100;9.92;9.92;9.92;9.92;400
20160126 133200;9.91;9.91;9.91;9.91;300
20160126 133300;9.9;9.9;9.9;9.9;2253
20160126 133500;9.91;9.91;9.91;9.91;100
20160126 133600;9.9001;9.9001;9.9001;9.9001;500
20160126 133700;9.9;9.9;9.9;9.9;600
20160126 134400;9.923;9.923;9.923;9.923;620
20160126 134700;9.93;9.93;9.916;9.916;1200
20160126 140200;9.91;9.91;9.91;9.91;100
20160126 140700;9.91;9.91;9.905;9.91;935
20160126 142100;9.91;9.92;9.91;9.92;1000
20160126 142200;9.9;9.9;9.9;9.9;100
20160126 142600;9.89;9.89;9.89;9.89;700
20160126 143100;9.9;9.9;9.9;9.9;2000
20160126 143200;9.9;9.9;9.9;9.9;1000
20160126 144000;9.8963;9.8963;9.8963;9.8963;350
20160126 144300;9.8957;9.8957;9.8957;9.8957;350
20160126 144700;9.9;9.9;9.9;9.9;800
20160126 150000;9.9;9.9;9.9;9.9;100
20160126 150400;9.8962;9.8962;9.8962;9.8962;225
20160126 150900;9.91;9.91;9.91;9.91;737
20160126 151000;9.91;9.91;9.91;9.91;100
20160126 151200;9.89;9.9;9.89;9.9;2200
20160126 151900;9.91;9.91;9.91;9.91;1100
20160126 152800;9.892;9.892;9.892;9.892;125
20160126 153300;9.9;9.9;9.9;9.9;100
20160126 154200;9.91;9.91;9.91;9.91;100
20160126 154700;9.91;9.91;9.9;9.9;400
20160126 154800;9.9;9.9;9.9;9.9;100
20160126 155200;9.9;9.9;9.9;9.9;100
20160126 155400;9.92;9.92;9.92;9.92;1700
20160126 155600;9.92;9.92;9.92;9.92;400
20160126 155700;9.91;9.91;9.91;9.91;111
20160126 155800;9.9148;9.9148;9.9148;9.9148;190
20160126 155900;9.91;9.93;9.91;9.93;389
20160126 160000;9.93;9.93;9.93;9.93;711
20160127 093700;9.88;9.88;9.88;9.88;241
20160127 094300;9.9202;9.9202;9.9202;9.9202;478
20160127 094900;9.91;9.91;9.91;9.91;100
20160127 095100;9.93;9.93;9.93;9.93;400
20160127 095600;9.94;9.94;9.94;9.94;300
20160127 095900;9.95;9.95;9.9461;9.9461;1200
20160127 100100;9.94;9.94;9.94;9.94;1200
20160127 100200;9.93;9.93;9.93;9.93;100
20160127 100300;9.94;9.94;9.94;9.94;3700
20160127 100500;9.95;9.95;9.95;9.95;4000
20160127 101200;9.92;9.92;9.92;9.92;100
20160127 101300;9.935;9.95;9.935;9.94;2500
20160127 101500;9.93;9.93;9.92;9.93;3000
20160127 101600;9.93;9.93;9.93;9.93;1200
20160127 102000;9.93;9.94;9.93;9.93;3000
20160127 102100;9.925;9.925;9.925;9.925;300
20160127 102200;9.93;9.94;9.93;9.94;900
20160127 102800;9.9192;9.9192;9.9192;9.9192;125
20160127 104600;9.94;9.94;9.9399;9.9399;1187
20160127 105000;9.93;9.93;9.93;9.93;100
20160127 105700;9.94;9.94;9.94;9.94;100
20160127 110400;9.94;9.94;9.94;9.94;100
20160127 111600;9.93;9.93;9.93;9.93;100
20160127 112400;9.93;9.94;9.93;9.94;900
20160127 112900;9.94;9.94;9.94;9.94;200
20160127 113500;9.95;9.95;9.95;9.95;1100
20160127 113800;9.96;9.96;9.96;9.96;100
20160127 114100;9.96;9.96;9.96;9.96;100
20160127 114400;9.96;9.97;9.96;9.97;2730
20160127 114500;9.978;9.978;9.97;9.97;1603
20160127 114700;9.99;9.99;9.99;9.99;400
20160127 114800;9.99;10;9.99;10;700
20160127 114900;10;10;10;10;500
20160127 120000;9.99;9.99;9.99;9.99;100
20160127 120200;9.99;9.99;9.99;9.99;100
20160127 120300;9.99;9.99;9.99;9.99;400
20160127 120500;9.99;9.99;9.99;9.99;100
20160127 120700;9.99;9.99;9.99;9.99;100
20160127 120900;9.99;9.99;9.99;9.99;100
20160127 121100;9.99;9.99;9.99;9.99;100
20160127 121400;9.99;9.99;9.99;9.99;100
20160127 121600;9.99;10;9.99;10;487
20160127 122700;10.001;10.001;10.001;10.001;600
20160127 122800;10;10;10;10;100
20160127 123000;10;10;10;10;100
20160127 123300;10;10;10;10;100
20160127 123500;9.99;9.99;9.99;9.99;100
20160127 123800;9.99;9.99;9.99;9.99;100
20160127 124000;9.99;9.99;9.99;9.99;300
20160127 124200;9.99;9.99;9.99;9.99;100
20160127 124300;9.98;9.98;9.98;9.98;100
20160127 124500;9.97;9.97;9.97;9.97;100
20160127 124800;9.97;9.97;9.97;9.97;100
20160127 125000;9.98;9.985;9.98;9.985;200
20160127 125300;9.97;9.97;9.97;9.97;100
20160127 125500;9.97;9.97;9.97;9.97;100
20160127 125600;9.99;9.99;9.99;9.99;100
20160127 125800;9.98;9.99;9.98;9.99;200
20160127 130000;9.98;10;9.98;10;200
20160127 130200;9.99;9.99;9.99;9.99;100
20160127 130300;9.99;9.99;9.99;9.99;100
20160127 130500;9.98;9.99;9.98;9.99;200
20160127 130800;9.98;9.9801;9.98;9.9801;450
20160127 131000;9.98;9.98;9.98;9.98;100
20160127 131100;10;10;10;10;1100
20160127 132300;9.98;9.98;9.98;9.98;100
20160127 132500;9.98;9.98;9.98;9.98;100
20160127 132800;9.98;9.98;9.98;9.98;100
20160127 133000;9.98;9.99;9.98;9.99;1000
20160127 133100;9.99;9.99;9.99;9.99;1000
20160127 133200;9.975;9.98;9.975;9.98;400
20160127 133500;9.98;9.98;9.98;9.98;100
20160127 133800;9.98;9.98;9.98;9.98;100
20160127 134000;9.96;9.97;9.96;9.97;200
20160127 134500;9.96;9.98;9.96;9.98;200
20160127 134700;9.97;9.97;9.954;9.954;1100
20160127 134900;9.95;9.95;9.95;9.95;100
20160127 135200;9.95;9.98;9.95;9.98;200
20160127 135300;9.98;9.98;9.98;9.98;700
20160127 135500;9.98;9.98;9.9707;9.9707;400
20160127 135600;9.98;9.98;9.98;9.98;100
20160127 135700;9.98;9.98;9.98;9.98;100
20160127 140000;9.99;9.99;9.99;9.99;100
20160127 140900;9.98;9.98;9.98;9.98;100
20160127 141000;9.96;9.96;9.96;9.96;100
20160127 141100;9.95;9.95;9.95;9.95;100
20160127 141300;9.94;9.94;9.94;9.94;100
20160127 141400;9.94;9.94;9.94;9.94;100
20160127 141600;9.94;9.94;9.94;9.94;100
20160127 141700;9.93;9.93;9.93;9.93;100
20160127 141900;9.93;9.9445;9.93;9.9445;215
20160127 142000;9.94;9.94;9.94;9.94;100
20160127 142200;9.93;9.93;9.93;9.93;100
20160127 142300;9.95;9.95;9.95;9.95;200
20160127 142400;9.945;9.96;9.93;9.93;600
20160127 142600;9.96;9.96;9.96;9.96;200
20160127 142700;9.96;9.96;9.96;9.96;1400
20160127 143800;9.94;9.96;9.94;9.96;400
20160127 143900;9.95;9.96;9.95;9.96;200
20160127 144100;9.95;9.95;9.95;9.95;200
20160127 144200;9.93;9.93;9.93;9.93;100
20160127 144300;9.96;9.96;9.96;9.96;190
20160127 144400;9.92;9.92;9.92;9.92;100
20160127 144500;9.92;9.92;9.92;9.92;100
20160127 144600;9.92;9.95;9.91;9.95;409
20160127 144700;9.91;9.91;9.91;9.91;100
20160127 144800;9.91;9.91;9.91;9.91;200
20160127 144900;9.92;9.92;9.91;9.91;600
20160127 145000;9.91;9.91;9.91;9.91;100
20160127 145100;9.9499;9.9499;9.91;9.91;378
20160127 145300;9.91;9.91;9.91;9.91;100
20160127 145400;9.91;9.93;9.91;9.93;500
20160127 145600;9.92;9.92;9.92;9.92;100
20160127 145700;9.92;9.935;9.92;9.935;300
20160127 145900;9.92;9.92;9.92;9.92;100
20160127 150000;9.91;9.91;9.91;9.91;100
20160127 150100;9.91;9.91;9.91;9.91;100
20160127 150300;9.91;9.9229;9.91;9.9229;1900
20160127 150400;9.9;9.9;9.9;9.9;300
20160127 150600;9.88;9.9099;9.88;9.9099;450
20160127 150800;9.87;9.87;9.87;9.87;100
20160127 151000;9.88;9.88;9.87;9.88;1100
20160127 151200;9.87;9.87;9.87;9.87;100
20160127 151800;9.85;9.85;9.85;9.85;100
20160127 151900;9.85;9.865;9.85;9.865;200
20160127 152100;9.85;9.85;9.85;9.85;100
20160127 152200;9.84;9.84;9.84;9.84;100
20160127 152300;9.83;9.83;9.83;9.83;100
20160127 152500;9.86;9.86;9.86;9.86;100
20160127 152600;9.83;9.83;9.83;9.83;100
20160127 152700;9.87;9.87;9.87;9.87;1500
20160127 152800;9.88;9.88;9.88;9.88;500
20160127 153000;9.89;9.9;9.89;9.9;1300
20160127 153300;9.87;9.88;9.87;9.88;200
20160127 153600;9.88;9.88;9.86;9.86;1190
20160127 153700;9.865;9.865;9.865;9.865;200
20160127 154200;9.84;9.84;9.84;9.84;100
20160127 154300;9.84;9.84;9.84;9.84;100
20160127 154400;9.84;9.855;9.84;9.855;200
20160127 154500;9.84;9.86;9.84;9.86;1000
20160127 154600;9.84;9.84;9.84;9.84;100
20160127 154700;9.84;9.86;9.84;9.86;600
20160127 154800;9.85;9.85;9.85;9.85;100
20160127 154900;9.85;9.86;9.85;9.86;600
20160127 155100;9.8563;9.8563;9.8563;9.8563;200
20160127 155300;9.86;9.86;9.85;9.86;300
20160127 155400;9.85;9.87;9.85;9.87;2709
20160127 155500;9.88;9.88;9.88;9.88;300
20160127 155600;9.88;9.88;9.875;9.875;1000
20160127 155700;9.88;9.88;9.88;9.88;200
20160127 155800;9.89;9.92;9.89;9.92;1200
20160128 093300;9.93;9.93;9.93;9.93;100
20160128 094100;10.0303;10.0303;10.0303;10.0303;404
20160128 094300;9.97;9.97;9.97;9.97;400
20160128 094500;9.96;9.96;9.96;9.96;100
20160128 094900;9.95;9.95;9.95;9.95;100
20160128 095000;9.95;9.95;9.95;9.95;100
20160128 095200;9.96;9.96;9.96;9.96;100
20160128 095300;9.96;9.96;9.96;9.96;100
20160128 095500;9.96;9.96;9.96;9.96;100
20160128 095600;9.96;9.96;9.96;9.96;100
20160128 095700;9.96;9.96;9.96;9.96;100
20160128 095800;9.97;9.97;9.97;9.97;100
20160128 100000;9.97;9.97;9.97;9.97;100
20160128 100200;9.96;9.98;9.96;9.98;200
20160128 101500;9.95;9.95;9.95;9.95;1000
20160128 101900;9.93;9.93;9.92;9.92;700
20160128 102100;9.92;9.92;9.92;9.92;100
20160128 102900;9.91;9.91;9.91;9.91;200
20160128 103000;9.91;9.91;9.91;9.91;300
20160128 103100;9.91;9.91;9.91;9.91;300
20160128 103200;9.9;9.9;9.9;9.9;300
20160128 103300;9.9;9.9;9.9;9.9;200
20160128 103700;9.9046;9.9046;9.9046;9.9046;700
20160128 110900;9.9199;9.9199;9.9199;9.9199;1000
20160128 111000;9.9199;9.9199;9.91;9.91;1100
20160128 111100;9.92;9.92;9.9135;9.9135;1075
20160128 111300;9.91;9.91;9.91;9.91;900
20160128 111500;9.91;9.91;9.91;9.91;100
20160128 111700;9.91;9.91;9.91;9.91;200
20160128 112500;9.914;9.92;9.914;9.92;2729
20160128 112700;9.92;9.92;9.92;9.92;700
20160128 112900;9.92;9.92;9.92;9.92;1100
20160128 113000;9.92;9.92;9.92;9.92;100
20160128 113200;9.92;9.92;9.92;9.92;100
20160128 114600;9.9;9.9;9.9;9.9;500
20160128 114700;9.9;9.9;9.9;9.9;400
20160128 115800;9.9;9.9;9.9;9.9;100
20160128 120000;9.9;9.9;9.9;9.9;300
20160128 121700;9.91;9.91;9.91;9.91;1000
20160128 122000;9.91;9.91;9.91;9.91;201
20160128 122200;9.9101;9.9101;9.9101;9.9101;400
20160128 123500;9.9101;9.9101;9.9101;9.9101;3500
20160128 125000;9.91;9.9189;9.91;9.9189;1000
20160128 125200;9.92;9.92;9.92;9.92;100
20160128 125300;9.92;9.9211;9.92;9.9211;1800
20160128 130400;9.91;9.91;9.91;9.91;999
20160128 131500;9.91;9.91;9.91;9.91;100
20160128 131600;9.9199;9.92;9.9199;9.9199;1800
20160128 131700;9.9365;9.9365;9.9365;9.9365;300
20160128 132200;9.9353;9.9404;9.9353;9.9404;400
20160128 132500;9.943;9.943;9.943;9.943;625
20160128 133400;9.93;9.93;9.93;9.93;710
20160128 134700;9.9302;9.9302;9.9302;9.9302;1000
20160128 134900;9.92;9.92;9.92;9.92;300
20160128 135900;9.92;9.92;9.92;9.92;1200
20160128 140000;9.92;9.92;9.92;9.92;100
20160128 140500;9.9298;9.9298;9.9298;9.9298;750
20160128 141300;9.9262;9.94;9.9262;9.9337;3100
20160128 143900;9.9263;9.9263;9.9263;9.9263;150
20160128 144200;9.92;9.92;9.92;9.92;100
20160128 144400;9.92;9.92;9.92;9.92;900
20160128 144500;9.92;9.92;9.92;9.92;400
20160128 150100;9.938;9.938;9.938;9.938;2000
20160128 150300;9.94;9.94;9.93;9.93;3100
20160128 150800;9.9437;9.9437;9.9437;9.9437;250
20160128 151600;9.9384;9.9384;9.9384;9.9384;160
20160128 152700;9.95;9.95;9.95;9.95;700
20160128 153300;9.95;9.95;9.95;9.95;100
20160128 153500;9.95;9.95;9.95;9.95;100
20160128 153600;9.94;9.94;9.94;9.94;200
20160128 153700;9.94;9.94;9.94;9.94;100
20160128 153800;9.94;9.94;9.94;9.94;100
20160128 153900;9.94;9.94;9.94;9.94;100
20160128 154100;9.94;9.94;9.94;9.94;100
20160128 154200;9.94;9.94;9.94;9.94;700
20160128 154300;9.95;9.95;9.95;9.95;200
20160128 155000;9.94;9.94;9.94;9.94;200
20160128 155100;9.94;9.9583;9.94;9.94;2500
20160128 155400;9.94;9.94;9.94;9.94;357
20160128 155500;9.95;9.96;9.95;9.96;2200
20160128 155800;9.94;9.94;9.94;9.94;200
20160128 155900;9.94;9.94;9.94;9.94;100
20160128 160000;9.94;9.94;9.94;9.94;800
20160129 094300;9.9999;9.9999;9.98;9.98;3400
20160129 094400;9.9999;10;9.999;9.9999;7600
20160129 094500;10.01;10.03;10.0099;10.02;4780
20160129 094700;10.01;10.04;10.01;10.04;4500
20160129 095700;10.0454;10.0454;10.0454;10.0454;925
20160129 100500;10.04;10.04;10.03;10.04;500
20160129 100600;10.04;10.04;10.04;10.04;200
20160129 100700;10.04;10.04;10.04;10.04;100
20160129 100900;10.0434;10.0434;10.0434;10.0434;200
20160129 101000;10.04;10.04;10.04;10.04;100
20160129 101100;10.0301;10.05;10.0301;10.05;1350
20160129 101200;10.03;10.03;10.03;10.03;100
20160129 101300;10.03;10.03;10.03;10.03;100
20160129 101400;10.0346;10.0346;10.03;10.03;800
20160129 101500;10.03;10.04;10.03;10.04;200
20160129 101600;10.0368;10.0368;10.0368;10.0368;200
20160129 101800;10.04;10.04;10.04;10.04;100
20160129 102000;10.05;10.05;10.05;10.05;964
20160129 102200;10.045;10.045;10.045;10.045;100
20160129 102300;10.05;10.05;10.05;10.05;457
20160129 102900;10.045;10.045;10.045;10.045;400
20160129 103100;10.05;10.05;10.05;10.05;100
20160129 103400;10.06;10.06;10.06;10.06;813
20160129 103500;10.05;10.05;10.05;10.05;400
20160129 103600;10.05;10.05;10.05;10.05;200
20160129 103800;10.05;10.05;10.05;10.05;100
20160129 104100;10.06;10.06;10.06;10.06;1000
20160129 104500;10.055;10.055;10.055;10.055;100
20160129 104600;10.06;10.06;10.06;10.06;200
20160129 104700;10.06;10.06;10.0531;10.0531;1200
20160129 105300;10.0531;10.0531;10.0531;10.0531;140
20160129 105400;10.06;10.06;10.06;10.06;1100
20160129 105500;10.05;10.05;10.05;10.05;600
20160129 105600;10.06;10.06;10.06;10.06;800
20160129 105700;10.06;10.06;10.06;10.06;800
20160129 105900;10.045;10.045;10.03;10.03;2025
20160129 110100;10.0499;10.05;10.0499;10.05;3400
20160129 110500;10.05;10.05;10.05;10.05;100
20160129 111000;10.06;10.06;10.06;10.06;200
20160129 111200;10.07;10.07;10.07;10.07;200
20160129 111400;10.08;10.08;10.07;10.07;400
20160129 111800;10.0656;10.0656;10.0656;10.0656;1000
20160129 112500;10.0663;10.0663;10.0663;10.0663;450
20160129 113000;10.07;10.07;10.07;10.07;100
20160129 113600;10.08;10.08;10.08;10.08;500
20160129 113800;10.075;10.075;10.075;10.075;100
20160129 113900;10.075;10.075;10.07;10.075;1300
20160129 114100;10.08;10.08;10.08;10.08;700
20160129 114200;10.08;10.08;10.08;10.08;400
20160129 115000;10.0762;10.0762;10.0762;10.0762;375
20160129 121500;10.0947;10.0947;10.09;10.094;1100
20160129 121600;10.1;10.1;10.0901;10.0901;1100
20160129 122800;10.1102;10.1102;10.1102;10.1102;424
20160129 123100;10.1;10.1;10.1;10.1;100
20160129 123300;10.1;10.1;10.1;10.1;100
20160129 123400;10.1;10.1;10.1;10.1;100
20160129 123700;10.1;10.1;10.1;10.1;100
20160129 123900;10.1;10.1;10.1;10.1;100
20160129 124000;10.11;10.11;10.11;10.11;200
20160129 124100;10.1299;10.1299;10.1299;10.1299;600
20160129 124200;10.1299;10.13;10.1299;10.1299;1400
20160129 124700;10.1201;10.1201;10.1201;10.1201;150
20160129 124900;10.12;10.12;10.12;10.12;100
20160129 125000;10.13;10.13;10.13;10.13;300
20160129 130300;10.1399;10.1399;10.1399;10.1399;650
20160129 130400;10.12;10.12;10.12;10.12;300
20160129 130500;10.12;10.12;10.12;10.12;200
20160129 131900;10.12;10.12;10.12;10.12;100
20160129 132100;10.12;10.12;10.12;10.12;100
20160129 132400;10.12;10.12;10.12;10.12;100
20160129 132700;10.12;10.12;10.12;10.12;100
20160129 133000;10.12;10.12;10.12;10.12;100
20160129 133200;10.12;10.12;10.12;10.12;100
20160129 133400;10.12;10.12;10.12;10.12;100
20160129 133500;10.1399;10.14;10.12;10.14;2200
20160129 133600;10.1397;10.1397;10.1397;10.1397;400
20160129 133700;10.1397;10.14;10.1397;10.14;1589
20160129 133900;10.135;10.135;10.135;10.135;100
20160129 134300;10.1347;10.15;10.1347;10.15;431
20160129 134900;10.15;10.15;10.15;10.15;411
20160129 135800;10.13;10.13;10.13;10.13;100
20160129 140100;10.13;10.1368;10.13;10.1368;761
20160129 140300;10.13;10.14;10.13;10.14;1100
20160129 140700;10.14;10.14;10.14;10.14;191
20160129 141200;10.14;10.14;10.14;10.14;100
20160129 141300;10.14;10.14;10.14;10.14;100
20160129 141900;10.1356;10.1356;10.1356;10.1356;1056
20160129 143700;10.1499;10.1499;10.1499;10.1499;500
20160129 143900;10.1499;10.15;10.1499;10.15;1800
20160129 144200;10.157;10.157;10.157;10.157;1500
20160129 144400;10.16;10.16;10.16;10.16;300
20160129 144900;10.16;10.16;10.1597;10.1597;200
20160129 145300;10.1597;10.16;10.1597;10.16;1809
20160129 145600;10.16;10.16;10.16;10.16;300
20160129 145900;10.15;10.15;10.15;10.15;900
20160129 151700;10.16;10.16;10.16;10.16;400
20160129 153000;10.15;10.15;10.15;10.15;100
20160129 153100;10.16;10.16;10.16;10.16;500
20160129 153200;10.16;10.16;10.16;10.16;400
20160129 153300;10.16;10.16;10.1447;10.16;2200
20160129 153800;10.16;10.16;10.15;10.152;750
20160129 154000;10.1671;10.18;10.1671;10.18;1100
20160129 154500;10.16;10.16;10.16;10.16;100
20160129 154600;10.16;10.16;10.16;10.16;100
20160129 154700;10.16;10.16;10.16;10.16;100
20160129 154800;10.16;10.19;10.16;10.19;2100
20160129 154900;10.19;10.19;10.18;10.19;1000
20160129 155300;10.19;10.19;10.19;10.19;500
20160129 155600;10.19;10.19;10.19;10.19;600
20160129 155700;10.2;10.2;10.1999;10.1999;2100
20160129 155800;10.1999;10.1999;10.18;10.18;1100
20160129 155900;10.18;10.2;10.18;10.2;1200
20160129 160000;10.19;10.2;10.19;10.19;600
20160201 094000;10.13;10.13;10.13;10.13;100
20160201 094200;10.12;10.12;10.12;10.12;100
20160201 094500;10.12;10.12;10.12;10.12;100
20160201 094900;10.11;10.11;10.11;10.11;100
20160201 095300;10.1;10.1;10.1;10.1;100
20160201 100900;10.1;10.1;10.1;10.1;300
20160201 101400;10.14;10.14;10.14;10.14;2000
20160201 101700;10.14;10.14;10.14;10.14;700
20160201 102500;10.14;10.15;10.14;10.15;300
20160201 102900;10.16;10.16;10.145;10.145;2643
20160201 103000;10.145;10.145;10.145;10.145;100
20160201 103200;10.16;10.16;10.16;10.16;1000
20160201 103500;10.15;10.16;10.15;10.16;900
20160201 103800;10.16;10.16;10.16;10.16;900
20160201 104000;10.13;10.13;10.13;10.13;100
20160201 104100;10.13;10.13;10.13;10.13;100
20160201 104200;10.15;10.15;10.15;10.15;700
20160201 104600;10.15;10.15;10.15;10.15;500
20160201 104800;10.16;10.16;10.16;10.16;700
20160201 105300;10.16;10.16;10.16;10.16;500
20160201 105900;10.16;10.16;10.16;10.16;600
20160201 110000;10.16;10.16;10.16;10.16;800
20160201 110600;10.16;10.16;10.1511;10.1511;1400
20160201 111200;10.16;10.16;10.16;10.16;500
20160201 111300;10.16;10.16;10.16;10.16;1000
20160201 112100;10.16;10.16;10.16;10.16;400
20160201 112300;10.16;10.16;10.16;10.16;200
20160201 112700;10.16;10.18;10.15;10.15;1334
20160201 113200;10.17;10.17;10.17;10.17;1502
20160201 113600;10.17;10.17;10.17;10.17;1200
20160201 113800;10.17;10.17;10.17;10.17;500
20160201 114200;10.17;10.17;10.17;10.17;1200
20160201 114600;10.17;10.17;10.17;10.17;200
20160201 114900;10.17;10.17;10.17;10.17;1200
20160201 115400;10.1611;10.1611;10.1611;10.1611;100
20160201 115700;10.17;10.17;10.17;10.17;340
20160201 121100;10.163;10.163;10.163;10.163;344
20160201 123500;10.17;10.17;10.17;10.17;113
20160201 123800;10.17;10.17;10.17;10.17;387
20160201 124100;10.17;10.17;10.17;10.17;100
20160201 124600;10.17;10.17;10.17;10.17;300
20160201 124800;10.17;10.17;10.17;10.17;200
20160201 125100;10.1601;10.1601;10.1601;10.1601;1100
20160201 125600;10.14;10.17;10.14;10.17;1000
20160201 125800;10.15;10.16;10.15;10.16;4935
20160201 130200;10.15;10.15;10.15;10.15;5060
20160201 130600;10.15;10.15;10.15;10.15;427
20160201 131300;10.15;10.15;10.15;10.15;641
20160201 131800;10.15;10.15;10.15;10.15;100
20160201 132400;10.16;10.16;10.16;10.16;340
20160201 132700;10.16;10.16;10.16;10.16;100
20160201 133000;10.16;10.18;10.16;10.18;300
20160201 133500;10.17;10.17;10.17;10.17;300
20160201 140700;10.18;10.18;10.17;10.17;3640
20160201 140800;10.18;10.18;10.18;10.18;1800
20160201 141300;10.1611;10.1611;10.1611;10.1611;100
20160201 143200;10.1751;10.1751;10.1751;10.1751;500
20160201 143500;10.18;10.18;10.1768;10.1768;400
20160201 144000;10.18;10.18;10.18;10.18;1000
20160201 144300;10.18;10.18;10.18;10.18;502
20160201 144400;10.18;10.18;10.18;10.18;100
20160201 144500;10.2;10.2;10.19;10.19;1100
20160201 144800;10.2;10.2;10.198;10.198;600
20160201 145300;10.1852;10.1852;10.1852;10.1852;400
20160201 150600;10.1801;10.1801;10.18;10.18;550
20160201 151200;10.2;10.2;10.2;10.2;400
20160201 151600;10.2099;10.2099;10.2;10.2;912
20160201 151700;10.21;10.21;10.21;10.21;1600
20160201 151800;10.21;10.21;10.21;10.21;600
20160201 152000;10.21;10.21;10.21;10.21;100
20160201 152100;10.2041;10.2041;10.2041;10.2041;396
20160201 152200;10.21;10.21;10.2;10.2;600
20160201 152500;10.22;10.22;10.22;10.22;900
20160201 154200;10.23;10.23;10.23;10.23;400
20160201 154400;10.2251;10.2251;10.2251;10.2251;300
20160201 154700;10.2278;10.2278;10.2278;10.2278;1000
20160201 155000;10.23;10.23;10.23;10.23;301
20160201 155100;10.238;10.238;10.238;10.238;133
20160201 155300;10.2353;10.2353;10.2353;10.2353;400
20160201 155500;10.2211;10.2211;10.2211;10.2211;100
20160201 155700;10.2263;10.2263;10.2263;10.2263;450
20160201 155900;10.23;10.24;10.23;10.24;500
20160202 093200;10.11;10.11;10.11;10.11;500
20160202 094300;10.08;10.08;10.05;10.05;550
20160202 095100;10.05;10.05;10.05;10.05;100
20160202 095200;10.05;10.05;10.05;10.05;200
20160202 095600;10.03;10.03;10.03;10.03;497
20160202 095700;10.03;10.03;10.03;10.03;100
20160202 100000;10.0301;10.0301;10.03;10.03;1300
20160202 100200;10.03;10.03;10.01;10.01;2400
20160202 100600;10.03;10.03;10.01;10.01;300
20160202 102000;10.0268;10.03;10.01;10.01;800
20160202 102100;10.0175;10.0175;10.0175;10.0175;100
20160202 102500;10.01;10.01;9.97;9.97;600
20160202 103300;9.9953;9.9953;9.9953;9.9953;100
20160202 103500;10.01;10.01;10;10;200
20160202 111000;10;10;9.98;9.98;300
20160202 111700;10;10;10;10;200
20160202 111800;10.01;10.03;10.01;10.02;2100
20160202 111900;10.035;10.035;10.0301;10.0301;200
20160202 112000;10.03;10.03;10.02;10.02;300
20160202 112200;10.02;10.02;10.01;10.01;800
20160202 112300;10.02;10.02;10.01;10.01;1000
20160202 112600;10.02;10.02;10.01;10.01;300
20160202 113000;10.01;10.01;10.01;10.01;400
20160202 113400;10.02;10.02;10.02;10.02;200
20160202 113600;10.02;10.02;10.02;10.02;100
20160202 113800;10.02;10.02;10.02;10.02;100
20160202 115000;10.02;10.02;10.02;10.02;100
20160202 115400;10.02;10.02;10.01;10.01;600
20160202 115500;10.01;10.01;10.01;10.01;600
20160202 120200;10.01;10.01;10.01;10.01;600
20160202 120400;10.0107;10.015;10.01;10.01;2250
20160202 120500;10;10;9.99;9.99;3200
20160202 120600;9.99;9.99;9.97;9.98;2000
20160202 120700;9.97;9.97;9.97;9.97;1000
20160202 120800;9.97;9.97;9.97;9.97;400
20160202 120900;9.97;9.97;9.97;9.97;489
20160202 121200;9.97;9.9799;9.97;9.9799;200
20160202 121500;9.97;9.97;9.97;9.97;200
20160202 121600;9.9756;9.9756;9.9756;9.9756;100
20160202 122100;9.9707;9.9707;9.9707;9.9707;1164
20160202 122200;9.98;9.99;9.98;9.99;1685
20160202 122300;9.98;9.98;9.98;9.98;100
20160202 122500;9.99;9.99;9.99;9.99;100
20160202 123400;10.01;10.01;10.01;10.01;100
20160202 123800;10.004;10.02;9.9945;10.02;3630
20160202 132500;10.0199;10.0199;10.0199;10.0199;707
20160202 140800;10.007;10.007;9.98;9.98;670
20160202 142600;9.9953;9.9953;9.9953;9.9953;500
20160202 144300;9.9953;9.9953;9.9953;9.9953;100
20160202 145200;9.98;9.98;9.98;9.98;200
20160202 145500;9.9968;9.9968;9.9968;9.9968;119
20160202 145900;9.99;9.9965;9.99;9.9965;1730
20160202 151200;9.9999;9.9999;9.9999;9.9999;1000
20160202 153700;9.9902;9.9902;9.9902;9.9902;250
20160202 160000;9.99;9.99;9.99;9.99;100
20160203 093600;10.05;10.05;10.05;10.05;100
20160203 094100;10.04;10.04;10.04;10.04;100
20160203 094200;10.04;10.04;10.04;10.04;100
20160203 094400;10.02;10.02;10.02;10.02;700
20160203 094500;10.02;10.02;10.02;10.02;200
20160203 094600;10.02;10.02;10.02;10.02;500
20160203 095100;9.99;9.99;9.97;9.97;477
20160203 095300;9.993;9.993;9.993;9.993;1026
20160203 095800;9.97;9.97;9.97;9.97;100
20160203 100100;9.96;9.96;9.96;9.96;200
20160203 100600;9.9696;9.9696;9.9696;9.9696;255
20160203 100700;9.95;9.95;9.95;9.95;400
20160203 100900;9.95;9.95;9.95;9.95;100
20160203 101500;9.94;9.94;9.94;9.94;400
20160203 101900;9.94;9.94;9.94;9.94;300
20160203 103000;9.91;9.91;9.91;9.91;100
20160203 103400;9.9;9.9;9.9;9.9;400
20160203 103500;9.9;9.9;9.9;9.9;100
20160203 103700;9.9;9.9;9.9;9.9;300
20160203 104600;9.9;9.9;9.9;9.9;300
20160203 104800;9.9;9.92;9.9;9.92;200
20160203 105000;9.9085;9.9085;9.9085;9.9085;1172
20160203 105700;9.92;9.92;9.92;9.92;300
20160203 112000;9.93;9.93;9.93;9.93;200
20160203 112300;9.9499;9.9499;9.9499;9.9499;200
20160203 113000;9.95;9.95;9.95;9.95;300
20160203 114700;9.9501;9.9501;9.9501;9.9501;1920
20160203 114900;9.96;9.96;9.96;9.96;400
20160203 115000;9.963;9.963;9.963;9.963;1875
20160203 122700;9.9553;9.9553;9.9553;9.9553;500
20160203 123300;9.95;9.95;9.95;9.95;189
20160203 123400;9.96;9.96;9.96;9.96;200
20160203 123500;9.97;9.97;9.965;9.965;700
20160203 123600;9.965;9.965;9.965;9.965;100
20160203 124000;9.9799;9.9799;9.965;9.965;1500
20160203 124700;9.9799;9.9799;9.9799;9.9799;500
20160203 130300;9.9571;9.9571;9.9571;9.9571;500
20160203 131600;9.94;9.94;9.94;9.94;200
20160203 132100;9.9699;9.9699;9.9699;9.9699;2000
20160203 132200;9.9699;9.9699;9.9699;9.9699;2000
20160203 132300;9.97;9.97;9.9699;9.97;1200
20160203 135300;9.98;9.98;9.98;9.98;600
20160203 135600;9.98;9.98;9.98;9.98;400
20160203 135900;9.98;9.98;9.98;9.98;100
20160203 140000;9.98;9.98;9.954;9.954;1400
20160203 141100;9.969;9.969;9.969;9.969;400
20160203 141600;9.97;9.97;9.97;9.97;100
20160203 141900;9.9734;9.9734;9.9734;9.9734;1000
20160203 142400;9.98;9.98;9.98;9.98;300
20160203 142700;9.99;10;9.99;10;350
20160203 143000;10.01;10.01;10.01;10.01;200
20160203 144400;10.0133;10.0133;10.0133;10.0133;720
20160203 144700;10.014;10.015;10.0104;10.0104;3900
20160203 145400;10.01;10.01;10.01;10.01;139
20160203 150300;10.025;10.025;10.025;10.025;350
20160203 150400;10.041;10.0499;10.041;10.0497;2300
20160203 150500;10.0497;10.05;10.0497;10.05;2000
20160203 151300;10.0472;10.0472;10.0472;10.0472;200
20160203 151600;10.06;10.06;10.03;10.03;240
20160203 151900;10.0404;10.0404;10.0404;10.0404;500
20160203 152600;10.047;10.047;10.047;10.047;330
20160203 152900;10.042;10.042;10.042;10.042;100
20160203 155900;10.0499;10.05;10.0497;10.05;1224
20160204 093800;10.03;10.05;10.03;10.05;300
20160204 094400;10.04;10.04;10.03;10.03;400
20160204 094600;10.03;10.03;10.03;10.03;100
20160204 095400;10.03;10.03;10.03;10.03;710
20160204 095700;10.05;10.05;10.05;10.05;100
20160204 095900;10.07;10.07;10.07;10.07;300
20160204 100000;10.0599;10.0599;10.0599;10.0599;197
20160204 100200;10.07;10.07;10.07;10.07;200
20160204 100500;10.06;10.06;10.06;10.06;100
20160204 101000;10.08;10.08;10.08;10.08;900
20160204 101400;10.09;10.1;10.09;10.1;700
20160204 101500;10.1;10.1;10.1;10.1;200
20160204 101700;10.11;10.11;10.11;10.11;300
20160204 102000;10.12;10.12;10.12;10.12;300
20160204 103000;10.13;10.13;10.13;10.13;400
20160204 103600;10.14;10.14;10.14;10.14;200
20160204 103700;10.15;10.15;10.15;10.15;870
20160204 103800;10.15;10.15;10.15;10.15;500
20160204 104600;10.16;10.16;10.15;10.15;500
20160204 105300;10.1699;10.1699;10.15;10.15;1100
20160204 105400;10.17;10.17;10.1697;10.1697;1000
20160204 110300;10.15;10.15;10.15;10.15;100
20160204 110500;10.15;10.15;10.15;10.15;100
20160204 110600;10.16;10.16;10.16;10.16;100
20160204 110700;10.15;10.15;10.15;10.15;100
20160204 111300;10.15;10.15;10.15;10.15;698
20160204 111400;10.15;10.15;10.15;10.15;400
20160204 111900;10.14;10.14;10.14;10.14;300
20160204 112000;10.11;10.11;10.11;10.11;100
20160204 114600;10.132;10.132;10.132;10.132;635
20160204 120200;10.1001;10.1001;10.1001;10.1001;3000
20160204 120700;10.13;10.13;10.13;10.13;500
20160204 121300;10.13;10.13;10.13;10.13;200
20160204 121400;10.13;10.13;10.13;10.13;300
20160204 122300;10.1136;10.1136;10.1136;10.1136;200
20160204 122500;10.1398;10.1398;10.1398;10.1398;2860
20160204 124700;10.13;10.13;10.13;10.13;500
20160204 125800;10.13;10.13;10.13;10.13;1400
20160204 131400;10.12;10.12;10.12;10.12;300
20160204 132600;10.13;10.13;10.13;10.13;600
20160204 133700;10.13;10.14;10.13;10.14;413
20160204 134100;10.1252;10.13;10.12;10.12;1352
20160204 135500;10.13;10.13;10.1269;10.1278;1700
20160204 140100;10.1399;10.1399;10.1399;10.1399;870
20160204 140200;10.1298;10.1298;10.1298;10.1298;2200
20160204 141300;10.12;10.1201;10.12;10.1201;600
20160204 142800;10.1324;10.1324;10.1324;10.1324;985
20160204 143800;10.13;10.13;10.12;10.12;752
20160204 144300;10.13;10.13;10.13;10.13;1000
20160204 144500;10.1262;10.13;10.1262;10.13;420
20160204 144900;10.129;10.129;10.129;10.129;210
20160204 145000;10.1201;10.1201;10.1201;10.1201;200
20160204 145400;10.1243;10.1243;10.1243;10.1243;800
20160204 145800;10.12;10.12;10.12;10.12;100
20160204 150500;10.1201;10.1201;10.1201;10.1201;300
20160204 151300;10.13;10.14;10.13;10.14;800
20160204 151900;10.1201;10.1201;10.1201;10.1201;2690
20160204 152100;10.14;10.14;10.14;10.14;100
20160204 152400;10.1289;10.1289;10.1289;10.1289;300
20160204 153100;10.13;10.13;10.13;10.13;100
20160204 154400;10.12;10.12;10.12;10.12;100
20160204 154900;10.13;10.13;10.13;10.13;100
20160204 155300;10.12;10.12;10.12;10.12;100
20160204 155500;10.12;10.12;10.12;10.12;100
20160204 155600;10.12;10.12;10.12;10.12;100
20160204 155700;10.13;10.13;10.13;10.13;100
20160204 155900;10.13;10.14;10.13;10.14;200
20160204 160000;10.12;10.12;10.12;10.12;800
20160205 094500;10.1;10.1;10.07;10.07;1100
20160205 094600;10.05;10.09;10.05;10.09;2600
20160205 095100;10.07;10.07;10.07;10.07;200
20160205 095200;10.09;10.09;10.09;10.09;100
20160205 095600;10.09;10.09;10.09;10.09;200
20160205 100100;10.09;10.09;10.09;10.09;200
20160205 100600;10.08;10.08;10.08;10.08;100
20160205 100800;10.1;10.1;10.1;10.1;100
20160205 101100;10.09;10.09;10.09;10.09;100
20160205 101700;10.11;10.11;10.09;10.09;800
20160205 102700;10.0901;10.11;10.09;10.1;1100
20160205 102800;10.1;10.1;10.1;10.1;400
20160205 102900;10.0902;10.0902;10.09;10.09;1201
20160205 103000;10.09;10.1;10.0876;10.0876;1481
20160205 103100;10.09;10.09;10.09;10.09;100
20160205 103200;10.09;10.09;10.07;10.08;1300
20160205 104100;10.07;10.07;10.07;10.07;200
20160205 104300;10.09;10.09;10.09;10.09;400
20160205 105100;10.08;10.08;10.08;10.08;100
20160205 105600;10.08;10.08;10.08;10.08;100
20160205 110000;10.09;10.09;10.09;10.09;100
20160205 110100;10.09;10.09;10.08;10.08;600
20160205 110300;10.09;10.09;10.09;10.09;200
20160205 110600;10.08;10.08;10.08;10.08;1500
20160205 110900;10.0762;10.0762;10.0762;10.0762;400
20160205 111100;10.08;10.08;10.08;10.08;200
20160205 111300;10.09;10.09;10.09;10.09;600
20160205 111900;10.09;10.09;10.08;10.08;855
20160205 112100;10.09;10.09;10.09;10.09;1000
20160205 112500;10.0808;10.0808;10.0808;10.0808;300
20160205 112600;10.08;10.08;10.08;10.08;1304
20160205 113000;10.08;10.08;10.0762;10.0762;521
20160205 114100;10.0752;10.0752;10.0752;10.0752;1800
20160205 115400;10.0701;10.0701;10.0701;10.0701;400
20160205 115500;10.0701;10.0701;10.0701;10.0701;100
20160205 120000;10.08;10.08;10.08;10.08;200
20160205 121000;10.08;10.08;10.08;10.08;200
20160205 133200;10.08;10.08;10.08;10.08;400
20160205 133300;10.08;10.08;10.08;10.08;200
20160205 133900;10.08;10.08;10.08;10.08;100
20160205 134000;10.08;10.08;10.0761;10.08;400
20160205 134100;10.08;10.08;10.08;10.08;100
20160205 134200;10.08;10.08;10.08;10.08;100
20160205 134300;10.08;10.08;10.08;10.08;500
20160205 141500;10.0701;10.075;10.0701;10.075;200
20160205 142400;10.071;10.075;10.07;10.075;3300
20160205 145500;10.074;10.074;10.074;10.074;800
20160205 150000;10.07;10.07;10.07;10.07;1700
20160205 150100;10.07;10.07;10.07;10.07;3200
20160205 150200;10.0596;10.0596;10.0596;10.0596;368
20160205 150300;10.07;10.07;10.07;10.07;482
20160205 150500;10.07;10.07;10.07;10.07;501
20160205 150600;10.06;10.07;10.06;10.07;400
20160205 150700;10.0602;10.0602;10.0602;10.0602;700
20160205 151100;10.0581;10.0581;10.0581;10.0581;758
20160205 151900;10.06;10.06;10.06;10.06;1750
20160205 152100;10.06;10.06;10.06;10.06;100
20160205 152700;10.0512;10.06;10.0512;10.06;953
20160205 153000;10.05;10.0598;10.05;10.0598;1764
20160205 153300;10.0501;10.0501;10.0501;10.0501;650
20160205 153400;10.06;10.06;10.05;10.05;300
20160205 153600;10.07;10.07;10.05;10.05;666
20160205 154100;10.0501;10.0501;10.0501;10.0501;200
20160205 154200;10.06;10.06;10.0501;10.0548;2167
20160205 154300;10.06;10.06;10.06;10.06;100
20160205 154400;10.06;10.06;10.06;10.06;400
20160205 154800;10.06;10.06;10.06;10.06;100
20160205 154900;10.06;10.06;10.06;10.06;400
20160205 155000;10.06;10.06;10.06;10.06;400
20160205 155100;10.06;10.06;10.06;10.06;100
20160205 155200;10.06;10.06;10.06;10.06;500
20160205 155300;10.07;10.07;10.05;10.07;1269
20160205 155500;10.07;10.07;10.05;10.07;1200
20160205 155600;10.05;10.07;10.04;10.07;1100
20160205 155700;10.07;10.07;10.07;10.07;201
20160205 155800;10.07;10.07;10.07;10.07;300
20160205 155900;10.04;10.07;10.04;10.04;800
20160205 160000;10.04;10.07;10.04;10.07;300
