20160119 093500;1.16;1.16;1.16;1.16;100
20160119 094400;1.1;1.1;1.1;1.1;200
20160119 094700;1.1;1.1;1.1;1.1;200
20160119 094800;1.1;1.13;1.1;1.115;700
20160119 095000;1.115;1.13;1.115;1.13;200
20160119 095100;1.1;1.1;1.1;1.1;100
20160119 095300;1.08;1.08;1.08;1.08;200
20160119 095400;1.08;1.15;1.08;1.15;18900
20160119 095500;1.14;1.14;1.14;1.14;100
20160119 095800;1.15;1.1697;1.15;1.1697;1261
20160119 095900;1.14;1.14;1.14;1.14;100
20160119 100400;1.11;1.11;1.11;1.11;152
20160119 100600;1.12;1.12;1.12;1.12;100
20160119 100800;1.125;1.125;1.125;1.125;100
20160119 101100;1.11;1.11;1.1;1.1;400
20160119 101400;1.1;1.1;1.1;1.1;100
20160119 101500;1.1299;1.1299;1.1299;1.1299;350
20160119 101600;1.11;1.11;1.11;1.11;100
20160119 101700;1.12;1.12;1.12;1.12;100
20160119 101800;1.1;1.1;1.1;1.1;100
20160119 102100;1.115;1.115;1.115;1.115;100
20160119 102300;1.115;1.115;1.115;1.115;100
20160119 102700;1.1;1.1;1.1;1.1;100
20160119 102800;1.1;1.1;1.1;1.1;100
20160119 103200;1.08;1.08;1.08;1.08;100
20160119 104000;1.06;1.06;1.06;1.06;432
20160119 104400;1.05;1.06;1.02;1.06;14219
20160119 104500;1.065;1.07;1.06;1.07;600
20160119 105800;1.05;1.06;1.05;1.06;2300
20160119 110000;1.06;1.06;1.06;1.06;400
20160119 110100;1.055;1.055;1.04;1.04;1682
20160119 110600;1.031;1.031;1.031;1.031;100
20160119 110700;1.039;1.039;1.039;1.039;400
20160119 111000;1.0343;1.035;1.0343;1.035;2518
20160119 111100;1.035;1.035;1.035;1.035;100
20160119 111200;1.04;1.07;1.04;1.07;6500
20160119 111300;1.07;1.07;1.07;1.07;700
20160119 111400;1.065;1.065;1.065;1.065;400
20160119 113000;1.065;1.065;1.065;1.065;100
20160119 113600;1.0601;1.0601;1.0601;1.0601;100
20160119 113900;1.07;1.07;1.07;1.07;100
20160119 114700;1.065;1.065;1.065;1.065;100
20160119 115000;1.0665;1.0665;1.0665;1.0665;100
20160119 115900;1.06;1.07;1.06;1.07;800
20160119 120200;1.065;1.07;1.065;1.07;200
20160119 120600;1.07;1.07;1.07;1.07;100
20160119 120700;1.06;1.07;1.06;1.06;1700
20160119 120900;1.06;1.06;1.06;1.06;1081
20160119 121900;1.06;1.06;1.06;1.06;300
20160119 125900;1.0601;1.0601;1.0601;1.0601;1000
20160119 130400;1.06;1.06;1.02;1.02;7200
20160119 130600;1.03;1.03;1.03;1.03;100
20160119 132600;1.04;1.04;1.04;1.04;1000
20160119 132700;1.03;1.04;1.03;1.04;1000
20160119 133900;1.04;1.04;1.04;1.04;100
20160119 134000;1.0399;1.05;1.035;1.045;2300
20160119 134300;1.05;1.05;1.05;1.05;100
20160119 140500;1.05;1.05;1.05;1.05;100
20160119 142000;1.04;1.04;1.04;1.04;200
20160119 144600;1.05;1.05;1.05;1.05;1100
20160119 144700;1.045;1.045;1.045;1.045;200
20160119 144800;1.04;1.04;1.04;1.04;100
20160119 145900;1.04;1.04;1.04;1.04;100
20160119 150700;1.05;1.05;1.05;1.05;100
20160119 150800;1.04;1.05;1.04;1.05;1300
20160119 150900;1.045;1.045;1.045;1.045;100
20160119 151000;1.04;1.04;1.04;1.04;100
20160119 151600;1.045;1.045;1.045;1.045;100
20160119 152900;1.05;1.05;1.05;1.05;100
20160119 154200;1.05;1.05;1.05;1.05;100
20160119 154600;1.04;1.05;1.04;1.05;200
20160119 154800;1.04;1.04;1.04;1.04;100
20160119 155000;1.04;1.05;1.04;1.05;1000
20160119 155100;1.045;1.05;1.04;1.04;500
20160119 155200;1.04;1.05;1.04;1.04;1500
20160119 155300;1.045;1.045;1.04;1.04;1300
20160119 155400;1.045;1.045;1.04;1.04;1300
20160119 155500;1.04;1.04;1.04;1.04;1500
20160119 155600;1.04;1.04;1.04;1.04;1200
20160119 155700;1.04;1.05;1.04;1.045;10451
20160119 155800;1.04;1.045;1.04;1.04;1600
20160119 155900;1.04;1.045;1.04;1.04;1200
20160119 160000;1.045;1.05;1.04;1.04;3490
20160120 094300;1.04;1.04;1.04;1.04;3800
20160120 094400;1.03;1.03;1.03;1.03;1000
20160120 094700;1;1;1;1;1000
20160120 094800;0.97;1;0.97;1;1400
20160120 095400;0.976;0.985;0.97;0.97;1700
20160120 095600;0.9975;0.9975;0.9975;0.9975;100
20160120 100200;0.97;0.97;0.97;0.97;180
20160120 101400;0.99;0.99;0.99;0.99;100
20160120 101800;1;1.02;1;1.01;6400
20160120 101900;1.01;1.02;0.98;0.98;500
20160120 102100;0.97;0.97;0.97;0.97;700
20160120 103000;0.9672;0.9672;0.9672;0.9672;480
20160120 103700;0.9833;0.9833;0.9833;0.9833;600
20160120 103900;0.96;0.96;0.96;0.96;100
20160120 104100;0.9676;0.9676;0.9676;0.9676;1000
20160120 104200;0.97;0.97;0.9698;0.9698;200
20160120 104300;0.9699;0.97;0.96;0.97;12300
20160120 104400;0.97;0.9899;0.96;0.985;36644
20160120 104500;0.97;0.97;0.97;0.97;400
20160120 104700;0.97;0.99;0.97;0.985;8500
20160120 104800;0.97;0.97;0.97;0.97;100
20160120 105700;0.97;0.97;0.97;0.97;800
20160120 110100;0.9788;0.98;0.97;0.97;11018
20160120 110200;0.97;0.98;0.97;0.9764;6800
20160120 110300;0.9764;0.9764;0.9706;0.9706;675
20160120 111000;0.97;0.97;0.97;0.97;100
20160120 111100;0.9729;0.9729;0.9729;0.9729;200
20160120 111800;0.9765;0.98;0.9733;0.98;2100
20160120 112300;0.96;0.96;0.96;0.96;200
20160120 113000;0.97;0.9703;0.97;0.9703;2100
20160120 113200;0.98;0.98;0.98;0.98;100
20160120 113400;0.98;0.98;0.98;0.98;100
20160120 113500;0.9889;0.9889;0.9889;0.9889;200
20160120 115000;0.97;0.97;0.97;0.97;100
20160120 115200;0.96;0.96;0.96;0.96;1295
20160120 120600;0.9769;0.9769;0.9769;0.9769;400
20160120 121700;0.97;0.97;0.97;0.97;100
20160120 122600;0.97;0.975;0.97;0.975;200
20160120 123000;0.97;0.97;0.97;0.97;100
20160120 123400;0.97;0.97;0.97;0.97;200
20160120 124100;0.976;0.985;0.97;0.98;1386
20160120 124300;0.98;0.98;0.98;0.98;434
20160120 124500;0.9849;0.9849;0.9849;0.9849;3000
20160120 125400;0.985;1;0.985;1;2200
20160120 125500;1;1;1;1;100
20160120 125600;1.01;1.01;1;1.01;900
20160120 130300;1.0044;1.0044;1.0044;1.0044;587
20160120 130600;1;1;1;1;100
20160120 130800;1;1.0011;1;1;3100
20160120 131900;1;1;1;1;100
20160120 132000;1.0011;1.0011;1.0011;1.0011;500
20160120 132200;1.01;1.01;1.01;1.01;100
20160120 132300;1.01;1.01;1.0099;1.01;900
20160120 132400;1.02;1.02;1.02;1.02;100
20160120 132600;1.02;1.02;1.01;1.01;300
20160120 132800;1.02;1.02;1.02;1.02;1200
20160120 132900;1.02;1.02;1.02;1.02;100
20160120 133500;1.02;1.02;1.01;1.01;400
20160120 133700;1.02;1.03;1.02;1.03;600
20160120 133800;1.02;1.02;1.02;1.02;200
20160120 134500;1.0101;1.05;1.0101;1.05;1700
20160120 134800;1.05;1.05;1.04;1.05;2300
20160120 134900;1.05;1.05;1.05;1.05;300
20160120 135200;1.06;1.06;1.06;1.06;200
20160120 135900;1.075;1.075;1.06;1.06;4200
20160120 140900;1.0579;1.0579;1.0579;1.0579;100
20160120 141100;1.051;1.062;1.05;1.062;1200
20160120 141300;1.05;1.05;1.05;1.05;100
20160120 142200;1.06;1.06;1.06;1.06;100
20160120 142300;1.065;1.065;1.065;1.065;100
20160120 142600;1.06;1.06;1.06;1.06;100
20160120 142800;1.06;1.06;1.06;1.06;100
20160120 143700;1.06;1.06;1.06;1.06;100
20160120 143900;1.05;1.05;1.05;1.05;100
20160120 145300;1.05;1.05;1.05;1.05;100
20160120 150600;1.05;1.05;1.05;1.05;100
20160120 151200;1.06;1.06;1.06;1.06;100
20160120 151700;1.06;1.06;1.06;1.06;500
20160120 151900;1.07;1.07;1.07;1.07;100
20160120 152000;1.07;1.08;1.07;1.08;500
20160120 152100;1.08;1.08;1.07;1.08;2400
20160120 152200;1.08;1.08;1.08;1.08;400
20160120 152300;1.08;1.085;1.08;1.085;1000
20160120 152400;1.08;1.08;1.08;1.08;300
20160120 152500;1.07;1.0799;1.07;1.07;4900
20160120 152700;1.07;1.07;1.07;1.07;200
20160120 153100;1.075;1.075;1.075;1.075;100
20160120 153200;1.0701;1.0701;1.0701;1.0701;395
20160120 153300;1.07;1.0715;1.07;1.0715;1178
20160120 153400;1.075;1.075;1.07;1.07;200
20160120 153500;1.07;1.07;1.07;1.07;100
20160120 153800;1.08;1.08;1.08;1.08;100
20160120 154100;1.08;1.08;1.075;1.075;200
20160120 154200;1.0788;1.0788;1.07;1.07;1500
20160120 154500;1.075;1.085;1.075;1.08;5178
20160120 154600;1.08;1.096;1.08;1.08;16457
20160120 154700;1.08;1.0838;1.08;1.08;728
20160120 154800;1.085;1.09;1.08;1.08;12300
20160120 154900;1.08;1.08;1.08;1.08;600
20160120 155000;1.0801;1.0801;1.08;1.08;2149
20160120 155100;1.08;1.09;1.08;1.08;5273
20160120 155200;1.08;1.08;1.08;1.08;500
20160120 155300;1.08;1.08;1.08;1.08;300
20160120 155400;1.08;1.09;1.08;1.09;2120
20160120 155500;1.08;1.085;1.08;1.08;500
20160120 155600;1.08;1.08;1.08;1.08;200
20160120 155700;1.085;1.085;1.085;1.085;100
20160120 155800;1.08;1.085;1.08;1.08;300
20160120 155900;1.08;1.0839;1.08;1.08;2900
20160120 160000;1.08;1.09;1.08;1.08;3800
20160121 090600;1.07;1.07;1.07;1.07;816
20160121 093100;1.1;1.1;1.1;1.1;200
20160121 093700;1.1;1.1;1.1;1.1;133
20160121 093800;1.15;1.15;1.14;1.1464;2900
20160121 093900;1.155;1.155;1.13;1.1301;2100
20160121 095300;1.1301;1.1464;1.13;1.1464;1300
20160121 095400;1.15;1.15;1.15;1.15;862
20160121 095500;1.15;1.16;1.15;1.16;1062
20160121 095600;1.16;1.16;1.16;1.16;300
20160121 100100;1.16;1.16;1.145;1.16;904
20160121 100200;1.17;1.17;1.16;1.16;300
20160121 100400;1.17;1.17;1.1699;1.17;8700
20160121 100800;1.1899;1.19;1.16;1.19;5072
20160121 101000;1.187;1.187;1.16;1.16;2780
20160121 101100;1.19;1.2;1.19;1.2;5250
20160121 101200;1.2;1.228;1.2;1.2;10313
20160121 101300;1.221;1.2285;1.2;1.2;4380
20160121 101400;1.226;1.227;1.226;1.227;1600
20160121 101700;1.215;1.22;1.215;1.22;200
20160121 101900;1.23;1.23;1.225;1.23;3500
20160121 102000;1.239;1.239;1.239;1.239;815
20160121 102100;1.22;1.22;1.19;1.19;3370
20160121 102200;1.22;1.22;1.2;1.2;1700
20160121 102300;1.2001;1.226;1.19;1.19;9100
20160121 102600;1.229;1.229;1.229;1.229;100
20160121 102700;1.21;1.21;1.21;1.21;200
20160121 102800;1.2218;1.2218;1.21;1.21;3300
20160121 102900;1.228;1.228;1.21;1.21;3100
20160121 103000;1.21;1.21;1.21;1.21;1200
20160121 103100;1.2299;1.2299;1.226;1.226;1207
20160121 103300;1.212;1.212;1.212;1.212;500
20160121 103400;1.21;1.21;1.21;1.21;500
20160121 103600;1.23;1.23;1.21;1.21;1100
20160121 103700;1.21;1.21;1.21;1.21;909
20160121 103800;1.19;1.19;1.19;1.19;200
20160121 103900;1.19;1.2;1.16;1.161;17983
20160121 104100;1.16;1.16;1.16;1.16;400
20160121 104200;1.14;1.15;1.13;1.135;1900
20160121 104300;1.14;1.14;1.14;1.14;2600
20160121 104400;1.14;1.14;1.14;1.14;100
20160121 105000;1.135;1.14;1.135;1.135;700
20160121 105100;1.13;1.13;1.1;1.1;5093
20160121 110600;1.13;1.13;1.13;1.13;3200
20160121 110800;1.15;1.15;1.1499;1.1499;2656
20160121 111500;1.14;1.14;1.14;1.14;8750
20160121 113500;1.1338;1.1338;1.1338;1.1338;1680
20160121 113700;1.13;1.135;1.13;1.135;2200
20160121 113900;1.14;1.14;1.12;1.13;2500
20160121 114600;1.12;1.12;1.12;1.12;3300
20160121 114800;1.12;1.12;1.12;1.12;800
20160121 115500;1.12;1.13;1.115;1.1275;9609
20160121 115600;1.12;1.12;1.12;1.12;100
20160121 120100;1.15;1.15;1.14;1.15;1600
20160121 120500;1.145;1.1485;1.14;1.14;4520
20160121 121700;1.15;1.15;1.145;1.15;3700
20160121 121800;1.1401;1.1401;1.1401;1.1401;1920
20160121 122200;1.141;1.141;1.14;1.14;4970
20160121 122400;1.14;1.14;1.11;1.11;7611
20160121 122500;1.11;1.11;1.09;1.0915;3575
20160121 122600;1.09;1.09;1.09;1.09;400
20160121 122800;1.085;1.09;1.085;1.085;10295
20160121 123200;1.0801;1.0801;1.08;1.08;1800
20160121 123400;1.082;1.082;1.082;1.082;1600
20160121 125300;1.0701;1.0701;1.0701;1.0701;3472
20160121 125400;1.0799;1.0799;1.07;1.078;3300
20160121 125500;1.0715;1.0715;1.07;1.07;915
20160121 125700;1.07;1.07;1.07;1.07;100
20160121 125900;1.07;1.07;1.07;1.07;210
20160121 130100;1.06;1.06;1.06;1.06;100
20160121 130500;1.06;1.06;1.06;1.06;900
20160121 130900;1.0599;1.0599;1.0599;1.0599;270
20160121 131400;1.0599;1.0599;1.0599;1.0599;275
20160121 132100;1.055;1.0564;1.055;1.0564;1000
20160121 132200;1.05;1.05;1.05;1.05;100
20160121 132300;1.0416;1.0416;1.0416;1.0416;450
20160121 132400;1.0401;1.0401;1.03;1.03;1950
20160121 132600;1.04;1.04;1.04;1.04;200
20160121 132900;1.0301;1.0301;1.03;1.03;3100
20160121 133500;1.035;1.035;1.035;1.035;1250
20160121 133600;1.03;1.03;1.03;1.03;1500
20160121 133700;1.03;1.03;1.02;1.02;1400
20160121 134100;1.02;1.02;1.02;1.02;500
20160121 134600;1.02;1.02;1.02;1.02;300
20160121 135000;1.02;1.02;1.02;1.02;1500
20160121 135100;1.02;1.02;1.02;1.02;300
20160121 135200;1.02;1.02;1.02;1.02;100
20160121 135800;1.0201;1.0201;1.02;1.02;1100
20160121 135900;1.02;1.02;1.02;1.02;100
20160121 140700;1.025;1.025;1.025;1.025;100
20160121 140800;1.025;1.025;1.02;1.02;2700
20160121 140900;1.02;1.02;1.02;1.02;100
20160121 141000;1.02;1.02;1.02;1.02;200
20160121 141600;1.01;1.01;1.01;1.01;400
20160121 142200;1;1;1;1;200
20160121 142600;1.005;1.02;1.005;1.02;16000
20160121 143000;1.025;1.025;1.02;1.02;1000
20160121 143100;1.03;1.03;1.025;1.026;1400
20160121 143200;1.025;1.029;1.023;1.023;1500
20160121 143400;1.025;1.025;1.025;1.025;200
20160121 143700;1.0275;1.0275;1.0275;1.0275;200
20160121 143900;1.025;1.03;1.025;1.03;400
20160121 144000;1.02;1.02;1.02;1.02;100
20160121 144200;1.021;1.0211;1.02;1.0211;1000
20160121 144800;1.0299;1.03;1.0299;1.03;7976
20160121 145100;1.025;1.025;1.025;1.025;200
20160121 145500;1.025;1.025;1.025;1.025;100
20160121 145600;1.02;1.02;1.02;1.02;100
20160121 145700;1.025;1.025;1.025;1.025;1200
20160121 145800;1.03;1.03;1.025;1.03;2800
20160121 145900;1.025;1.025;1.025;1.025;200
20160121 150200;1.0232;1.0232;1.0232;1.0232;230
20160121 150400;1.02;1.02;1.02;1.02;100
20160121 150600;1.025;1.025;1.025;1.025;100
20160121 151000;1.025;1.025;1.025;1.025;100
20160121 151100;1.02;1.02;1.02;1.02;100
20160121 151300;1.02;1.045;1.02;1.045;4000
20160121 151400;1.045;1.045;1.045;1.045;300
20160121 151600;1.05;1.05;1.05;1.05;100
20160121 152000;1.05;1.05;1.05;1.05;100
20160121 152200;1.05;1.05;1.05;1.05;600
20160121 152300;1.05;1.05;1.05;1.05;338
20160121 152400;1.05;1.05;1.0425;1.0425;2300
20160121 152700;1.05;1.05;1.05;1.05;100
20160121 152900;1.05;1.05;1.05;1.05;100
20160121 153100;1.05;1.05;1.05;1.05;500
20160121 153200;1.05;1.05;1.05;1.05;300
20160121 153400;1.05;1.05;1.05;1.05;100
20160121 154000;1.05;1.05;1.05;1.05;800
20160121 154100;1.05;1.05;1.05;1.05;100
20160121 154400;1.05;1.05;1.045;1.045;700
20160121 154500;1.05;1.05;1.05;1.05;100
20160121 154600;1.045;1.045;1.045;1.045;100
20160121 154700;1.045;1.045;1.045;1.045;100
20160121 154900;1.045;1.045;1.045;1.045;100
20160121 155000;1.0416;1.0416;1.0416;1.0416;100
20160121 155100;1.0416;1.0416;1.0416;1.0416;100
20160121 155200;1.0416;1.0416;1.0416;1.0416;100
20160121 155300;1.04;1.05;1.04;1.0416;2200
20160121 155400;1.04;1.04;1.04;1.04;100
20160121 155500;1.0416;1.0416;1.0416;1.0416;200
20160121 155600;1.05;1.05;1.0416;1.0416;300
20160121 155700;1.05;1.05;1.04;1.04;2200
20160121 155800;1.04;1.0411;1.04;1.04;1000
20160121 155900;1.04;1.04;1.03;1.04;4569
20160121 160000;1.035;1.035;1.03;1.035;400
20160122 093100;1.12;1.12;1.09;1.12;12470
20160122 093200;1.1299;1.1299;1.1299;1.1299;1000
20160122 093300;1.102;1.12;1.07;1.12;2600
20160122 093600;1.1;1.12;1.07;1.12;8075
20160122 094100;1.0999;1.12;1.09;1.105;5827
20160122 094700;1.105;1.105;1.105;1.105;300
20160122 094900;1.13;1.17;1.1;1.12;15054
20160122 095000;1.15;1.15;1.12;1.12;6575
20160122 095200;1.12;1.12;1.12;1.12;100
20160122 095700;1.12;1.12;1.12;1.12;200
20160122 100000;1.14;1.18;1.14;1.18;800
20160122 100100;1.18;1.18;1.18;1.18;1600
20160122 100200;1.2;1.2;1.2;1.2;400
20160122 100300;1.19;1.19;1.19;1.19;100
20160122 100400;1.1901;1.1901;1.19;1.19;1600
20160122 100500;1.19;1.19;1.19;1.19;1188
20160122 100600;1.17;1.17;1.17;1.17;100
20160122 100700;1.1701;1.1701;1.17;1.17;900
20160122 100900;1.2;1.2;1.2;1.2;1200
20160122 101000;1.173;1.173;1.173;1.173;1000
20160122 101200;1.2;1.2;1.2;1.2;1400
20160122 101600;1.1999;1.1999;1.18;1.18;1100
20160122 101700;1.1881;1.195;1.1881;1.195;2000
20160122 102000;1.1881;1.1881;1.1881;1.1881;300
20160122 102400;1.1801;1.1802;1.18;1.18;14776
20160122 102600;1.18;1.18;1.18;1.18;300
20160122 102700;1.18;1.18;1.18;1.18;700
20160122 102800;1.18;1.18;1.18;1.18;100
20160122 103000;1.1801;1.1801;1.18;1.18;3580
20160122 103200;1.1601;1.1663;1.14;1.14;4394
20160122 103400;1.1514;1.1514;1.14;1.14;1170
20160122 103500;1.1401;1.1401;1.14;1.14;5727
20160122 103700;1.15;1.15;1.15;1.15;500
20160122 103900;1.145;1.145;1.145;1.145;100
20160122 104500;1.14;1.14;1.14;1.14;100
20160122 104600;1.14;1.14;1.13;1.13;7865
20160122 104700;1.12;1.14;1.12;1.135;12500
20160122 105000;1.1378;1.1378;1.1378;1.1378;1000
20160122 105200;1.135;1.1365;1.12;1.12;2777
20160122 105300;1.12;1.12;1.12;1.12;1300
20160122 105500;1.12;1.12;1.11;1.11;1120
20160122 105600;1.1001;1.105;1.1;1.1;10200
20160122 105700;1.1;1.1;1.1;1.1;800
20160122 105900;1.09;1.095;1.09;1.095;400
20160122 110000;1.09;1.09;1.09;1.09;418
20160122 110100;1.09;1.09;1.09;1.09;100
20160122 110200;1.085;1.085;1.085;1.085;404
20160122 110300;1.08;1.08;1.075;1.075;200
20160122 110700;1.07;1.07;1.06;1.06;900
20160122 110800;1.055;1.055;1.04;1.05;2600
20160122 110900;1.045;1.045;1.04;1.04;800
20160122 111200;1.05;1.05;1.04;1.04;5400
20160122 111300;1.04;1.06;1.04;1.0592;5200
20160122 111400;1.07;1.07;1.07;1.07;300
20160122 111500;1.07;1.07;1.07;1.07;700
20160122 111600;1.065;1.065;1.065;1.065;300
20160122 111800;1.05;1.06;1.05;1.06;300
20160122 111900;1.06;1.06;1.06;1.06;100
20160122 112100;1.0699;1.0699;1.06;1.06;1100
20160122 112200;1.065;1.07;1.065;1.07;400
20160122 112300;1.07;1.07;1.07;1.07;500
20160122 112600;1.06;1.065;1.06;1.065;600
20160122 112700;1.06;1.06;1.06;1.06;100
20160122 112900;1.07;1.12;1.07;1.085;6330
20160122 113000;1.08;1.08;1.08;1.08;100
20160122 113100;1.09;1.09;1.085;1.085;1877
20160122 113300;1.085;1.085;1.085;1.085;800
20160122 113900;1.09;1.09;1.09;1.09;200
20160122 114000;1.085;1.085;1.08;1.08;1300
20160122 114200;1.085;1.085;1.085;1.085;300
20160122 114300;1.08;1.08;1.08;1.08;100
20160122 114400;1.08;1.085;1.07;1.07;1300
20160122 114700;1.06;1.06;1.06;1.06;200
20160122 114900;1.07;1.07;1.065;1.065;1700
20160122 115700;1.065;1.07;1.065;1.065;1450
20160122 120500;1.06;1.06;1.06;1.06;100
20160122 121400;1.06;1.06;1.05;1.05;1500
20160122 121900;1.05;1.05;1.05;1.05;200
20160122 122300;1.06;1.06;1.06;1.06;1900
20160122 122400;1.08;1.09;1.075;1.09;17650
20160122 122500;1.09;1.09;1.09;1.09;7700
20160122 122800;1.095;1.095;1.095;1.095;500
20160122 122900;1.095;1.095;1.085;1.085;2100
20160122 123000;1.085;1.1;1.085;1.1;6123
20160122 123100;1.11;1.11;1.11;1.11;700
20160122 123200;1.1108;1.1108;1.11;1.11;4300
20160122 123400;1.11;1.11;1.11;1.11;400
20160122 123500;1.11;1.11;1.11;1.11;3700
20160122 123700;1.12;1.12;1.12;1.12;700
20160122 124400;1.1201;1.1201;1.1201;1.1201;3000
20160122 130000;1.13;1.13;1.13;1.13;100
20160122 130500;1.13;1.13;1.13;1.13;1000
20160122 130900;1.121;1.13;1.121;1.13;1100
20160122 133900;1.12;1.12;1.12;1.12;100
20160122 134800;1.1201;1.1201;1.1201;1.1201;200
20160122 140200;1.12;1.12;1.12;1.12;200
20160122 141100;1.12;1.12;1.12;1.12;100
20160122 142200;1.12;1.1201;1.115;1.115;8154
20160122 142300;1.115;1.115;1.11;1.115;1600
20160122 142400;1.116;1.116;1.115;1.115;529
20160122 142700;1.1141;1.12;1.1141;1.115;1300
20160122 142800;1.115;1.115;1.115;1.115;100
20160122 142900;1.115;1.115;1.115;1.115;100
20160122 143100;1.115;1.115;1.115;1.115;200
20160122 143600;1.115;1.115;1.115;1.115;200
20160122 144000;1.115;1.115;1.115;1.115;900
20160122 144400;1.11;1.115;1.11;1.115;200
20160122 144500;1.115;1.115;1.115;1.115;100
20160122 144600;1.115;1.115;1.115;1.115;300
20160122 144800;1.11;1.11;1.11;1.11;100
20160122 145000;1.115;1.115;1.115;1.115;100
20160122 150000;1.115;1.115;1.11;1.115;5700
20160122 150100;1.115;1.115;1.115;1.115;100
20160122 150200;1.12;1.135;1.115;1.13;8217
20160122 150500;1.14;1.14;1.13;1.13;200
20160122 150700;1.14;1.14;1.14;1.14;100
20160122 150800;1.14;1.14;1.14;1.14;800
20160122 150900;1.14;1.15;1.14;1.15;400
20160122 151000;1.15;1.15;1.15;1.15;200
20160122 151300;1.17;1.17;1.17;1.17;100
20160122 151400;1.17;1.17;1.17;1.17;100
20160122 151700;1.175;1.18;1.175;1.18;5120
20160122 151800;1.177;1.177;1.17;1.17;300
20160122 152100;1.17;1.17;1.17;1.17;100
20160122 152200;1.17;1.1732;1.17;1.1732;1400
20160122 152400;1.17;1.17;1.17;1.17;527
20160122 152700;1.15;1.15;1.15;1.15;100
20160122 153000;1.15;1.15;1.15;1.15;100
20160122 153100;1.1699;1.1699;1.15;1.15;1000
20160122 153500;1.17;1.17;1.17;1.17;100
20160122 153900;1.17;1.17;1.17;1.17;100
20160122 154100;1.15;1.15;1.15;1.15;100
20160122 154200;1.16;1.16;1.155;1.155;300
20160122 154600;1.155;1.155;1.1516;1.1516;200
20160122 154800;1.1501;1.1501;1.1501;1.1501;649
20160122 154900;1.155;1.155;1.15;1.15;300
20160122 155000;1.15;1.15;1.14;1.14;600
20160122 155100;1.15;1.15;1.1416;1.15;1200
20160122 155200;1.15;1.15;1.15;1.15;500
20160122 155300;1.1416;1.1416;1.1416;1.1416;100
20160122 155400;1.1416;1.1416;1.1416;1.1416;100
20160122 155500;1.14;1.1416;1.14;1.14;939
20160122 155600;1.145;1.15;1.14;1.15;300
20160122 155700;1.14;1.14;1.14;1.14;400
20160122 155800;1.145;1.145;1.14;1.14;400
20160122 155900;1.14;1.14;1.12;1.125;10454
20160122 160000;1.13;1.15;1.13;1.15;5258
20160122 162600;1.15;1.15;1.15;1.15;1396
20160125 093100;1.19;1.2225;1.19;1.2225;1060
20160125 093200;1.2;1.2;1.2;1.2;354
20160125 093700;1.19;1.19;1.19;1.19;100
20160125 093800;1.19;1.19;1.19;1.19;200
20160125 093900;1.18;1.185;1.17;1.18;3000
20160125 094100;1.17;1.17;1.17;1.17;100
20160125 094500;1.17;1.18;1.17;1.18;300
20160125 094600;1.175;1.175;1.175;1.175;100
20160125 094700;1.175;1.175;1.165;1.165;300
20160125 094800;1.18;1.18;1.165;1.18;1481
20160125 095100;1.1812;1.2;1.1812;1.2;1900
20160125 095200;1.175;1.19;1.175;1.19;2500
20160125 095300;1.19;1.19;1.19;1.19;200
20160125 095400;1.19;1.19;1.19;1.19;100
20160125 095500;1.19;1.19;1.19;1.19;310
20160125 095600;1.18;1.18;1.18;1.18;100
20160125 095800;1.1717;1.1717;1.1717;1.1717;900
20160125 100100;1.175;1.175;1.175;1.175;200
20160125 100200;1.16;1.19;1.16;1.19;300
20160125 100300;1.175;1.29;1.175;1.29;67792
20160125 100400;1.3;1.3;1.3;1.3;100
20160125 100500;1.2999;1.3;1.28;1.28;4200
20160125 100700;1.3;1.3;1.2945;1.3;1800
20160125 100800;1.33;1.33;1.31;1.31;800
20160125 100900;1.33;1.37;1.33;1.37;3457
20160125 101000;1.3956;1.455;1.3956;1.4476;4557
20160125 101100;1.44;1.5299;1.44;1.4856;27504
20160125 101200;1.47;1.4856;1.37;1.37;25872
20160125 101300;1.374;1.4199;1.2701;1.29;44056
20160125 101400;1.2701;1.3;1.2401;1.27;15919
20160125 101500;1.2699;1.2699;1.2553;1.2686;12533
20160125 101600;1.2686;1.27;1.2686;1.27;2150
20160125 101700;1.255;1.27;1.255;1.27;13000
20160125 101800;1.25;1.32;1.25;1.314;9979
20160125 101900;1.319;1.3634;1.319;1.3634;10986
20160125 102000;1.355;1.3686;1.3517;1.3517;4970
20160125 102100;1.34;1.34;1.3;1.3156;9130
20160125 102200;1.32;1.32;1.32;1.32;200
20160125 102300;1.3299;1.3299;1.3299;1.3299;120
20160125 102500;1.3234;1.3234;1.28;1.28;5000
20160125 102700;1.28;1.29;1.28;1.29;1778
20160125 102800;1.28;1.2801;1.2725;1.28;1662
20160125 103000;1.28;1.28;1.2799;1.2799;500
20160125 103200;1.275;1.303;1.275;1.303;19008
20160125 103300;1.33;1.33;1.33;1.33;400
20160125 103400;1.34;1.35;1.3301;1.35;1495
20160125 103500;1.36;1.36;1.35;1.36;8908
20160125 103600;1.3699;1.38;1.3699;1.38;2407
20160125 103700;1.3878;1.3899;1.3878;1.3899;1279
20160125 103900;1.38;1.38;1.361;1.367;2825
20160125 104200;1.336;1.336;1.3119;1.3119;5100
20160125 104500;1.3119;1.3119;1.3119;1.3119;750
20160125 104900;1.3101;1.3256;1.31;1.3256;6000
20160125 105000;1.33;1.3499;1.33;1.3499;450
20160125 105500;1.326;1.326;1.326;1.326;370
20160125 110100;1.31;1.31;1.3;1.3;1540
20160125 110200;1.3;1.3014;1.3;1.3;2000
20160125 110300;1.3;1.3001;1.295;1.3;5052
20160125 110400;1.3001;1.3001;1.28;1.28;3100
20160125 110500;1.27;1.28;1.26;1.275;2400
20160125 110700;1.28;1.28;1.19;1.255;13855
20160125 110800;1.25;1.27;1.19;1.27;11493
20160125 111300;1.28;1.28;1.28;1.28;1300
20160125 111500;1.2893;1.3;1.2893;1.3;1565
20160125 111600;1.3;1.3;1.3;1.3;1000
20160125 111700;1.31;1.31;1.3;1.3;1800
20160125 111900;1.3;1.3;1.3;1.3;2630
20160125 112000;1.3;1.3;1.3;1.3;800
20160125 112200;1.308;1.308;1.3;1.3;1000
20160125 112800;1.31;1.31;1.31;1.31;300
20160125 113100;1.31;1.31;1.31;1.31;140
20160125 113400;1.3;1.3;1.3;1.3;100
20160125 115100;1.3001;1.3001;1.3001;1.3001;200
20160125 115200;1.3;1.3;1.3;1.3;100
20160125 120400;1.3;1.3;1.3;1.3;100
20160125 120500;1.3;1.31;1.3;1.31;10886
20160125 120800;1.31;1.31;1.31;1.31;300
20160125 121200;1.32;1.32;1.32;1.32;400
20160125 121500;1.3199;1.3199;1.3199;1.3199;100
20160125 121800;1.306;1.306;1.306;1.306;178
20160125 122400;1.318;1.318;1.318;1.318;200
20160125 122500;1.3199;1.3199;1.3199;1.3199;200
20160125 123000;1.3;1.3;1.3;1.3;100
20160125 123300;1.304;1.304;1.304;1.304;930
20160125 124600;1.3;1.3016;1.3;1.3016;1530
20160125 130700;1.3;1.3;1.3;1.3;900
20160125 130900;1.3076;1.3076;1.3076;1.3076;1500
20160125 131300;1.31;1.31;1.305;1.31;2000
20160125 131500;1.32;1.3212;1.32;1.3212;500
20160125 131700;1.3299;1.33;1.3299;1.33;5000
20160125 132200;1.3216;1.3216;1.3216;1.3216;100
20160125 132300;1.32;1.3299;1.32;1.3299;1900
20160125 132700;1.32;1.32;1.32;1.32;200
20160125 132800;1.31;1.31;1.31;1.31;200
20160125 132900;1.31;1.31;1.31;1.31;200
20160125 133500;1.31;1.31;1.31;1.31;100
20160125 133600;1.3116;1.3116;1.3116;1.3116;250
20160125 134400;1.3;1.3;1.3;1.3;100
20160125 134600;1.31;1.32;1.31;1.32;1500
20160125 134800;1.31;1.31;1.31;1.31;300
20160125 134900;1.31;1.31;1.31;1.31;100
20160125 135000;1.31;1.31;1.31;1.31;100
20160125 140000;1.3;1.3;1.3;1.3;100
20160125 140600;1.305;1.31;1.305;1.31;300
20160125 140700;1.303;1.303;1.303;1.303;106
20160125 140900;1.31;1.32;1.31;1.32;3300
20160125 141600;1.31;1.31;1.31;1.31;100
20160125 141800;1.32;1.32;1.32;1.32;1593
20160125 141900;1.33;1.33;1.33;1.33;100
20160125 142700;1.32;1.32;1.32;1.32;600
20160125 142900;1.31;1.311;1.3;1.31;2062
20160125 144100;1.31;1.31;1.31;1.31;200
20160125 144500;1.31;1.31;1.31;1.31;400
20160125 145000;1.315;1.35;1.315;1.32;2200
20160125 150200;1.31;1.32;1.31;1.32;1870
20160125 150600;1.33;1.33;1.32;1.32;600
20160125 150900;1.32;1.32;1.32;1.32;200
20160125 151000;1.31;1.32;1.3;1.32;3592
20160125 151100;1.32;1.32;1.32;1.32;100
20160125 151300;1.32;1.32;1.32;1.32;100
20160125 152300;1.32;1.33;1.32;1.33;4054
20160125 152400;1.33;1.33;1.33;1.33;100
20160125 152700;1.33;1.33;1.33;1.33;100
20160125 153600;1.32;1.32;1.32;1.32;100
20160125 153700;1.325;1.325;1.32;1.32;300
20160125 153900;1.32;1.32;1.31;1.31;600
20160125 154300;1.315;1.33;1.315;1.33;21174
20160125 154400;1.33;1.35;1.33;1.35;1700
20160125 154500;1.34;1.3409;1.34;1.34;2140
20160125 154600;1.34;1.34;1.3376;1.3376;314
20160125 154900;1.33;1.35;1.33;1.35;300
20160125 155000;1.345;1.35;1.345;1.35;2186
20160125 155200;1.35;1.35;1.34;1.34;200
20160125 155300;1.34;1.35;1.31;1.32;5300
20160125 155400;1.32;1.32;1.32;1.32;5174
20160125 155500;1.32;1.33;1.32;1.33;10935
20160125 155600;1.32;1.32;1.32;1.32;400
20160125 155700;1.33;1.33;1.32;1.32;500
20160125 155800;1.33;1.33;1.31;1.31;2342
20160125 155900;1.32;1.32;1.3;1.31;6750
20160125 160000;1.3;1.33;1.3;1.325;4452
20160126 093200;1.301;1.301;1.3;1.3;900
20160126 093300;1.2902;1.2902;1.2902;1.2902;2975
20160126 093500;1.29;1.292;1.27;1.27;4300
20160126 094200;1.29;1.29;1.25;1.275;1212
20160126 094400;1.26;1.26;1.26;1.26;100
20160126 094600;1.2488;1.28;1.244;1.26;5880
20160126 094800;1.25;1.25;1.25;1.25;200
20160126 095700;1.255;1.255;1.255;1.255;100
20160126 100300;1.255;1.255;1.255;1.255;100
20160126 101400;1.25;1.25;1.25;1.25;100
20160126 101600;1.25;1.25;1.25;1.25;100
20160126 102200;1.2699;1.2699;1.25;1.25;5700
20160126 102300;1.25;1.25;1.23;1.23;700
20160126 102400;1.2421;1.2421;1.22;1.22;800
20160126 102500;1.235;1.24;1.235;1.24;300
20160126 102700;1.23;1.24;1.22;1.24;900
20160126 102900;1.22;1.22;1.22;1.22;100
20160126 103000;1.23;1.23;1.23;1.23;100
20160126 103300;1.22;1.22;1.22;1.22;100
20160126 103600;1.2272;1.23;1.2272;1.23;1200
20160126 104000;1.22;1.22;1.21;1.21;525
20160126 104100;1.21;1.21;1.21;1.21;100
20160126 104400;1.2;1.2;1.17;1.18;6470
20160126 104500;1.19;1.19;1.19;1.19;300
20160126 104600;1.185;1.185;1.185;1.185;100
20160126 104700;1.185;1.19;1.18;1.19;1300
20160126 105400;1.1701;1.175;1.17;1.17;5200
20160126 105600;1.17;1.18;1.15;1.17;21290
20160126 105700;1.17;1.17;1.17;1.17;4100
20160126 105800;1.17;1.18;1.165;1.165;500
20160126 105900;1.16;1.16;1.15;1.155;3850
20160126 110000;1.15;1.16;1.15;1.16;500
20160126 110500;1.15;1.17;1.15;1.17;500
20160126 110600;1.16;1.16;1.16;1.16;500
20160126 111100;1.1601;1.1601;1.16;1.16;1100
20160126 111200;1.17;1.18;1.1678;1.18;4700
20160126 111300;1.18;1.18;1.18;1.18;400
20160126 111400;1.16;1.16;1.16;1.16;100
20160126 111800;1.178;1.178;1.178;1.178;1000
20160126 111900;1.16;1.16;1.16;1.16;100
20160126 112300;1.165;1.165;1.16;1.16;1000
20160126 112500;1.165;1.165;1.165;1.165;100
20160126 112800;1.16;1.16;1.16;1.16;100
20160126 113000;1.1695;1.17;1.16;1.1695;3100
20160126 113100;1.17;1.17;1.17;1.17;1026
20160126 113400;1.17;1.17;1.17;1.17;100
20160126 113900;1.1691;1.17;1.16;1.17;1626
20160126 115000;1.176;1.176;1.17;1.17;1100
20160126 115400;1.2;1.2;1.19;1.1937;1600
20160126 120200;1.19;1.19;1.19;1.19;100
20160126 120400;1.2;1.2;1.2;1.2;800
20160126 121700;1.2;1.21;1.2;1.2;400
20160126 122300;1.21;1.21;1.21;1.21;400
20160126 122400;1.22;1.22;1.22;1.22;1100
20160126 122500;1.22;1.22;1.22;1.22;997
20160126 122900;1.2137;1.2137;1.2137;1.2137;775
20160126 123000;1.21;1.21;1.21;1.21;100
20160126 124000;1.22;1.22;1.22;1.22;100
20160126 124200;1.2192;1.2192;1.2192;1.2192;100
20160126 124500;1.21;1.21;1.21;1.21;100
20160126 124900;1.215;1.215;1.215;1.215;200
20160126 125000;1.22;1.22;1.215;1.215;1100
20160126 125100;1.215;1.215;1.215;1.215;100
20160126 125200;1.215;1.215;1.215;1.215;100
20160126 125400;1.215;1.215;1.215;1.215;200
20160126 125500;1.215;1.215;1.215;1.215;100
20160126 125700;1.215;1.22;1.21;1.21;400
20160126 130000;1.21;1.21;1.21;1.21;200
20160126 131100;1.2102;1.215;1.21;1.21;800
20160126 131300;1.21;1.21;1.21;1.21;200
20160126 131900;1.21;1.216;1.21;1.216;500
20160126 132200;1.22;1.22;1.22;1.22;400
20160126 132500;1.2142;1.2142;1.2142;1.2142;1000
20160126 132600;1.21;1.22;1.21;1.22;300
20160126 132900;1.21;1.21;1.21;1.21;100
20160126 133000;1.22;1.22;1.22;1.22;100
20160126 133200;1.22;1.22;1.215;1.22;2600
20160126 133400;1.23;1.23;1.23;1.23;500
20160126 133500;1.23;1.23;1.23;1.23;100
20160126 133800;1.21;1.22;1.21;1.22;1000
20160126 133900;1.23;1.24;1.23;1.24;2775
20160126 134000;1.24;1.24;1.24;1.24;200
20160126 134100;1.23;1.23;1.23;1.23;100
20160126 135200;1.24;1.24;1.24;1.24;300
20160126 135300;1.24;1.24;1.23;1.23;500
20160126 135600;1.23;1.23;1.23;1.23;100
20160126 140000;1.23;1.23;1.23;1.23;100
20160126 140500;1.23;1.24;1.23;1.24;900
20160126 140700;1.24;1.24;1.24;1.24;100
20160126 140800;1.23;1.25;1.23;1.25;200
20160126 141100;1.2499;1.25;1.2499;1.25;1000
20160126 141400;1.23;1.24;1.23;1.24;300
20160126 141500;1.24;1.24;1.24;1.24;200
20160126 141800;1.23;1.23;1.23;1.23;100
20160126 142700;1.25;1.27;1.25;1.27;800
20160126 143200;1.255;1.255;1.255;1.255;100
20160126 143300;1.25;1.25;1.25;1.25;100
20160126 143500;1.2585;1.3;1.255;1.3;13100
20160126 143600;1.3;1.3;1.3;1.3;400
20160126 143700;1.295;1.3;1.295;1.3;900
20160126 144100;1.2901;1.2901;1.2901;1.2901;500
20160126 144200;1.29;1.3;1.29;1.3;300
20160126 144400;1.29;1.29;1.29;1.29;100
20160126 144600;1.2901;1.2901;1.2901;1.2901;120
20160126 144700;1.29;1.3;1.29;1.3;2965
20160126 145100;1.2922;1.2922;1.2922;1.2922;1000
20160126 145400;1.29;1.29;1.29;1.29;100
20160126 145600;1.29;1.29;1.29;1.29;100
20160126 150000;1.295;1.295;1.295;1.295;100
20160126 150100;1.295;1.3;1.295;1.3;300
20160126 150200;1.295;1.295;1.295;1.295;100
20160126 150500;1.3;1.3;1.3;1.3;200
20160126 150600;1.3;1.3;1.3;1.3;100
20160126 150700;1.3;1.3;1.29;1.3;700
20160126 150900;1.295;1.295;1.295;1.295;200
20160126 151200;1.29;1.29;1.29;1.29;1900
20160126 151300;1.29;1.29;1.29;1.29;100
20160126 151400;1.28;1.28;1.28;1.28;100
20160126 151500;1.28;1.28;1.28;1.28;100
20160126 151600;1.28;1.28;1.28;1.28;100
20160126 151800;1.2801;1.29;1.2801;1.29;3885
20160126 151900;1.28;1.29;1.28;1.29;5200
20160126 152200;1.28;1.28;1.28;1.28;100
20160126 152300;1.285;1.285;1.285;1.285;100
20160126 152400;1.28;1.285;1.28;1.285;200
20160126 152500;1.2807;1.283;1.275;1.28;5420
20160126 152600;1.27;1.27;1.27;1.27;200
20160126 152700;1.275;1.275;1.275;1.275;100
20160126 153200;1.275;1.275;1.275;1.275;100
20160126 153300;1.27;1.27;1.27;1.27;100
20160126 153800;1.27;1.275;1.27;1.275;200
20160126 154000;1.27;1.27;1.27;1.27;100
20160126 154400;1.275;1.275;1.27;1.27;500
20160126 154500;1.28;1.28;1.27;1.27;302
20160126 154600;1.275;1.275;1.275;1.275;100
20160126 154700;1.27;1.27;1.26;1.26;1100
20160126 154800;1.26;1.26;1.26;1.26;200
20160126 154900;1.26;1.26;1.26;1.26;200
20160126 155000;1.26;1.26;1.26;1.26;200
20160126 155200;1.26;1.265;1.26;1.26;400
20160126 155300;1.25;1.25;1.25;1.25;200
20160126 155400;1.25;1.25;1.25;1.25;900
20160126 155500;1.25;1.25;1.25;1.25;800
20160126 155600;1.25;1.25;1.25;1.25;400
20160126 155700;1.25;1.25;1.25;1.25;400
20160126 155800;1.25;1.255;1.25;1.25;7442
20160126 155900;1.25;1.26;1.25;1.26;1300
20160126 160000;1.26;1.27;1.25;1.27;3317
20160126 163100;1.24;1.24;1.24;1.24;55
20160127 100700;1.24;1.26;1.24;1.26;3900
20160127 100900;1.26;1.26;1.26;1.26;700
20160127 101000;1.26;1.26;1.26;1.26;1100
20160127 101300;1.26;1.26;1.26;1.26;400
20160127 102100;1.265;1.265;1.265;1.265;100
20160127 102200;1.26;1.26;1.26;1.26;100
20160127 102400;1.27;1.27;1.27;1.27;200
20160127 102500;1.27;1.29;1.26;1.26;5688
20160127 102800;1.27;1.27;1.265;1.27;3600
20160127 102900;1.27;1.27;1.27;1.27;200
20160127 103000;1.2701;1.2701;1.2701;1.2701;100
20160127 103100;1.27;1.27;1.27;1.27;200
20160127 103200;1.275;1.275;1.275;1.275;100
20160127 103400;1.27;1.27;1.27;1.27;100
20160127 103700;1.2799;1.2799;1.2799;1.2799;2000
20160127 103900;1.275;1.29;1.2701;1.29;3100
20160127 104000;1.2975;1.3;1.29;1.29;5909
20160127 104700;1.3;1.3;1.3;1.3;344
20160127 104800;1.3;1.3;1.3;1.3;200
20160127 105400;1.3098;1.3098;1.3098;1.3098;6900
20160127 105500;1.31;1.31;1.31;1.31;600
20160127 105700;1.326;1.326;1.326;1.326;207
20160127 110600;1.34;1.35;1.34;1.35;800
20160127 111100;1.34;1.34;1.33;1.33;400
20160127 111300;1.33;1.33;1.32;1.32;200
20160127 112300;1.325;1.33;1.32;1.32;1200
20160127 113100;1.33;1.3301;1.33;1.33;2300
20160127 115200;1.335;1.335;1.335;1.335;100
20160127 115400;1.33;1.33;1.33;1.33;500
20160127 115500;1.335;1.335;1.33;1.33;200
20160127 115700;1.3301;1.3301;1.33;1.33;2300
20160127 120300;1.34;1.34;1.34;1.34;100
20160127 120700;1.335;1.34;1.33;1.33;2489
20160127 121200;1.33;1.33;1.33;1.33;200
20160127 123100;1.33;1.33;1.33;1.33;100
20160127 123200;1.33;1.33;1.33;1.33;300
20160127 123400;1.32;1.32;1.32;1.32;100
20160127 123500;1.32;1.32;1.3;1.3;2100
20160127 123600;1.3;1.3;1.29;1.3;1917
20160127 123700;1.29;1.29;1.29;1.29;700
20160127 123800;1.29;1.29;1.29;1.29;100
20160127 123900;1.28;1.29;1.28;1.29;1300
20160127 124100;1.29;1.29;1.28;1.28;200
20160127 124500;1.28;1.28;1.28;1.28;200
20160127 125100;1.28;1.28;1.28;1.28;100
20160127 125200;1.29;1.3;1.285;1.3;996
20160127 125300;1.3;1.3;1.29;1.3;1148
20160127 125500;1.3;1.31;1.2969;1.3;1338
20160127 125800;1.3;1.3;1.3;1.3;300
20160127 125900;1.3;1.3;1.3;1.3;200
20160127 130000;1.305;1.305;1.305;1.305;100
20160127 130100;1.3;1.3;1.3;1.3;100
20160127 130200;1.3;1.3;1.3;1.3;300
20160127 130800;1.3031;1.3031;1.3031;1.3031;400
20160127 130900;1.3;1.3;1.3;1.3;100
20160127 131400;1.3;1.3;1.3;1.3;100
20160127 132100;1.31;1.31;1.3;1.3;2100
20160127 132500;1.3;1.3;1.3;1.3;100
20160127 132600;1.3;1.3;1.3;1.3;100
20160127 134200;1.2806;1.29;1.28;1.28;4086
20160127 134300;1.2801;1.285;1.28;1.285;5400
20160127 134400;1.28;1.28;1.275;1.275;1500
20160127 134500;1.28;1.28;1.28;1.28;100
20160127 134600;1.27;1.275;1.25;1.25;600
20160127 134800;1.25;1.25;1.25;1.25;100
20160127 135000;1.255;1.255;1.255;1.255;300
20160127 135100;1.255;1.255;1.2479;1.25;1700
20160127 135200;1.24;1.24;1.24;1.24;100
20160127 135800;1.24;1.24;1.24;1.24;100
20160127 135900;1.24;1.24;1.24;1.24;100
20160127 140300;1.25;1.26;1.25;1.26;300
20160127 140700;1.26;1.26;1.26;1.26;100
20160127 140800;1.26;1.26;1.26;1.26;200
20160127 141100;1.24;1.24;1.24;1.24;100
20160127 141200;1.2523;1.2523;1.2523;1.2523;790
20160127 141300;1.25;1.25;1.25;1.25;800
20160127 141400;1.255;1.255;1.25;1.25;400
20160127 141600;1.26;1.26;1.25;1.255;6500
20160127 141700;1.26;1.26;1.26;1.26;100
20160127 141800;1.27;1.27;1.27;1.27;300
20160127 142000;1.255;1.26;1.255;1.26;6700
20160127 142200;1.27;1.27;1.27;1.27;300
20160127 142300;1.26;1.26;1.26;1.26;100
20160127 142400;1.27;1.27;1.27;1.27;100
20160127 143100;1.26;1.26;1.26;1.26;100
20160127 143300;1.25;1.25;1.25;1.25;100
20160127 143400;1.255;1.255;1.255;1.255;100
20160127 144000;1.25;1.255;1.25;1.25;1500
20160127 144500;1.23;1.23;1.23;1.23;100
20160127 144600;1.24;1.25;1.235;1.25;9500
20160127 144800;1.25;1.25;1.25;1.25;300
20160127 145400;1.26;1.26;1.26;1.26;476
20160127 145900;1.26;1.26;1.26;1.26;100
20160127 150300;1.26;1.26;1.26;1.26;100
20160127 150400;1.26;1.26;1.26;1.26;100
20160127 150500;1.255;1.255;1.255;1.255;100
20160127 150600;1.255;1.255;1.25;1.255;700
20160127 150700;1.26;1.26;1.25;1.25;1100
20160127 150800;1.24;1.24;1.24;1.24;200
20160127 150900;1.2499;1.25;1.2499;1.25;3600
20160127 151000;1.24;1.24;1.24;1.24;100
20160127 151100;1.25;1.25;1.25;1.25;600
20160127 151500;1.2438;1.2438;1.2438;1.2438;129
20160127 151800;1.245;1.245;1.245;1.245;100
20160127 151900;1.245;1.25;1.245;1.25;200
20160127 152300;1.25;1.25;1.245;1.245;200
20160127 152500;1.25;1.25;1.25;1.25;100
20160127 152600;1.25;1.255;1.25;1.25;800
20160127 152700;1.25;1.25;1.25;1.25;100
20160127 152900;1.26;1.26;1.26;1.26;200
20160127 153000;1.26;1.26;1.26;1.26;100
20160127 153400;1.26;1.26;1.255;1.255;200
20160127 153500;1.26;1.26;1.255;1.26;400
20160127 154000;1.26;1.26;1.25;1.255;300
20160127 154200;1.255;1.26;1.25;1.26;500
20160127 154300;1.26;1.26;1.255;1.255;200
20160127 154400;1.255;1.255;1.255;1.255;100
20160127 154500;1.26;1.26;1.26;1.26;200
20160127 154600;1.26;1.26;1.25;1.25;200
20160127 154800;1.26;1.26;1.25;1.25;5000
20160127 154900;1.24;1.25;1.24;1.25;800
20160127 155000;1.24;1.25;1.24;1.25;200
20160127 155100;1.24;1.25;1.24;1.245;300
20160127 155200;1.24;1.25;1.24;1.25;200
20160127 155300;1.245;1.245;1.24;1.24;400
20160127 155400;1.24;1.253;1.24;1.25;4000
20160127 155500;1.24;1.25;1.24;1.25;2300
20160127 155600;1.26;1.26;1.26;1.26;1300
20160127 155700;1.26;1.26;1.26;1.26;100
20160127 155800;1.25;1.25;1.25;1.25;100
20160127 155900;1.25;1.28;1.25;1.28;15063
20160127 160000;1.29;1.29;1.27;1.27;2300
20160127 163100;1.27;1.27;1.27;1.27;385
20160128 093100;1.3;1.31;1.28;1.31;6700
20160128 093600;1.31;1.31;1.31;1.31;300
20160128 094000;1.312;1.312;1.31;1.31;1500
20160128 094100;1.31;1.32;1.31;1.31;1100
20160128 094200;1.32;1.32;1.32;1.32;100
20160128 094300;1.32;1.32;1.32;1.32;100
20160128 094400;1.32;1.32;1.32;1.32;100
20160128 094600;1.32;1.32;1.305;1.305;5158
20160128 094700;1.32;1.32;1.32;1.32;100
20160128 094900;1.31;1.31;1.31;1.31;100
20160128 095200;1.32;1.32;1.32;1.32;100
20160128 095300;1.31;1.31;1.31;1.31;100
20160128 095500;1.312;1.312;1.31;1.31;1700
20160128 095600;1.32;1.32;1.32;1.32;100
20160128 095800;1.32;1.32;1.32;1.32;100
20160128 095900;1.315;1.315;1.31;1.31;500
20160128 100100;1.31;1.31;1.31;1.31;200
20160128 100300;1.31;1.31;1.31;1.31;300
20160128 100400;1.3101;1.3128;1.31;1.31;2963
20160128 100500;1.31;1.31;1.31;1.31;100
20160128 100700;1.31;1.31;1.31;1.31;1200
20160128 100800;1.31;1.31;1.31;1.31;611
20160128 101000;1.31;1.3101;1.31;1.31;5700
20160128 101100;1.31;1.3101;1.31;1.31;5300
20160128 101200;1.31;1.3101;1.3;1.3;2271
20160128 101300;1.3;1.31;1.3;1.31;10000
20160128 101400;1.3;1.317;1.29;1.31;11465
20160128 101500;1.31;1.31;1.31;1.31;12200
20160128 101700;1.31;1.33;1.31;1.33;7348
20160128 101800;1.33;1.33;1.33;1.33;200
20160128 102000;1.33;1.33;1.33;1.33;100
20160128 103800;1.3264;1.3264;1.32;1.32;1550
20160128 105000;1.32;1.32;1.32;1.32;100
20160128 105600;1.31;1.31;1.3;1.31;2200
20160128 105700;1.31;1.31;1.31;1.31;500
20160128 105800;1.31;1.31;1.31;1.31;200
20160128 110200;1.3199;1.3199;1.31;1.31;1800
20160128 110400;1.3;1.3;1.3;1.3;100
20160128 110500;1.31;1.31;1.31;1.31;100
20160128 110800;1.31;1.31;1.31;1.31;100
20160128 111000;1.3;1.31;1.3;1.31;5200
20160128 111100;1.31;1.31;1.31;1.31;2173
20160128 111200;1.31;1.31;1.31;1.31;100
20160128 111300;1.31;1.31;1.31;1.31;100
20160128 111500;1.312;1.312;1.295;1.295;24148
20160128 111600;1.29;1.29;1.27;1.27;200
20160128 111900;1.28;1.28;1.28;1.28;100
20160128 112000;1.29;1.29;1.28;1.28;6700
20160128 112100;1.28;1.29;1.28;1.29;14700
20160128 112200;1.28;1.29;1.28;1.29;200
20160128 112300;1.29;1.29;1.29;1.29;100
20160128 112500;1.29;1.29;1.29;1.29;100
20160128 112600;1.29;1.29;1.29;1.29;100
20160128 112700;1.29;1.29;1.29;1.29;100
20160128 112800;1.29;1.29;1.29;1.29;600
20160128 113100;1.28;1.28;1.28;1.28;100
20160128 113200;1.28;1.28;1.28;1.28;100
20160128 113400;1.28;1.28;1.28;1.28;100
20160128 113500;1.28;1.28;1.28;1.28;1300
20160128 113600;1.28;1.28;1.28;1.28;100
20160128 113700;1.28;1.28;1.28;1.28;200
20160128 113900;1.28;1.28;1.28;1.28;300
20160128 114200;1.2801;1.2801;1.28;1.28;2000
20160128 114300;1.28;1.28;1.28;1.28;100
20160128 114600;1.28;1.28;1.28;1.28;100
20160128 114900;1.28;1.28;1.28;1.28;600
20160128 115000;1.28;1.28;1.28;1.28;200
20160128 115100;1.28;1.28;1.28;1.28;100
20160128 115600;1.28;1.28;1.28;1.28;300
20160128 115700;1.28;1.28;1.28;1.28;700
20160128 115800;1.28;1.28;1.28;1.28;100
20160128 120100;1.28;1.28;1.28;1.28;100
20160128 120200;1.28;1.28;1.28;1.28;200
20160128 120300;1.28;1.28;1.28;1.28;100
20160128 120400;1.28;1.28;1.28;1.28;200
20160128 120500;1.28;1.28;1.28;1.28;100
20160128 120700;1.28;1.28;1.28;1.28;100
20160128 121000;1.28;1.28;1.28;1.28;700
20160128 121700;1.28;1.28;1.28;1.28;500
20160128 121800;1.28;1.28;1.28;1.28;200
20160128 121900;1.28;1.28;1.28;1.28;600
20160128 122000;1.28;1.28;1.28;1.28;900
20160128 122200;1.28;1.28;1.28;1.28;100
20160128 122500;1.27;1.27;1.27;1.27;100
20160128 122600;1.2701;1.28;1.2701;1.28;881
20160128 123300;1.28;1.28;1.28;1.28;100
20160128 123600;1.28;1.28;1.28;1.28;100
20160128 123800;1.28;1.2842;1.28;1.28;1106
20160128 123900;1.28;1.28;1.28;1.28;400
20160128 124000;1.28;1.28;1.28;1.28;600
20160128 125100;1.28;1.28;1.28;1.28;4200
20160128 125200;1.28;1.2801;1.28;1.28;3400
20160128 125300;1.28;1.28;1.28;1.28;400
20160128 125700;1.28;1.28;1.28;1.28;100
20160128 125900;1.28;1.28;1.28;1.28;100
20160128 131200;1.28;1.28;1.28;1.28;800
20160128 131800;1.28;1.28;1.28;1.28;800
20160128 131900;1.28;1.289;1.28;1.289;3100
20160128 132100;1.28;1.28;1.28;1.28;100
20160128 132400;1.28;1.28;1.28;1.28;200
20160128 132700;1.28;1.28;1.28;1.28;100
20160128 133000;1.28;1.28;1.28;1.28;100
20160128 133200;1.28;1.28;1.28;1.28;100
20160128 134300;1.28;1.28;1.28;1.28;600
20160128 134400;1.28;1.28;1.28;1.28;200
20160128 134600;1.29;1.3;1.28;1.3;2800
20160128 135600;1.31;1.31;1.31;1.31;100
20160128 135800;1.3;1.3;1.3;1.3;100
20160128 135900;1.3;1.3;1.3;1.3;600
20160128 140000;1.3;1.3;1.3;1.3;500
20160128 140100;1.3;1.3;1.3;1.3;200
20160128 140300;1.3;1.3;1.3;1.3;100
20160128 140800;1.3;1.3;1.3;1.3;300
20160128 141100;1.3;1.3;1.3;1.3;200
20160128 141200;1.3;1.3;1.3;1.3;100
20160128 141500;1.3;1.3;1.3;1.3;600
20160128 141600;1.3;1.3;1.3;1.3;200
20160128 141900;1.3;1.3;1.3;1.3;400
20160128 142100;1.3;1.3;1.3;1.3;600
20160128 142200;1.3;1.3;1.3;1.3;200
20160128 142300;1.3;1.3;1.3;1.3;300
20160128 142400;1.3;1.3;1.3;1.3;100
20160128 142500;1.3;1.3;1.3;1.3;100
20160128 142600;1.3;1.3;1.3;1.3;100
20160128 142700;1.3;1.3;1.3;1.3;200
20160128 143200;1.3;1.3;1.3;1.3;100
20160128 143600;1.29;1.29;1.29;1.29;600
20160128 144000;1.29;1.29;1.29;1.29;100
20160128 144300;1.29;1.29;1.29;1.29;100
20160128 144400;1.29;1.29;1.29;1.29;300
20160128 144500;1.29;1.29;1.29;1.29;500
20160128 144600;1.29;1.29;1.29;1.29;100
20160128 144700;1.29;1.29;1.29;1.29;100
20160128 145000;1.29;1.29;1.29;1.29;100
20160128 145400;1.29;1.29;1.29;1.29;800
20160128 145700;1.29;1.29;1.29;1.29;100
20160128 150700;1.29;1.29;1.29;1.29;100
20160128 151600;1.29;1.29;1.29;1.29;700
20160128 151700;1.29;1.29;1.29;1.29;100
20160128 151800;1.29;1.29;1.29;1.29;300
20160128 152000;1.29;1.29;1.29;1.29;100
20160128 152500;1.29;1.29;1.28;1.29;1300
20160128 152700;1.29;1.29;1.29;1.29;100
20160128 152800;1.28;1.29;1.28;1.29;200
20160128 152900;1.29;1.29;1.28;1.29;500
20160128 153000;1.29;1.29;1.285;1.29;500
20160128 153100;1.29;1.29;1.29;1.29;300
20160128 153200;1.29;1.29;1.29;1.29;300
20160128 153300;1.29;1.29;1.28;1.29;400
20160128 153400;1.29;1.29;1.28;1.29;500
20160128 153500;1.29;1.29;1.29;1.29;300
20160128 153600;1.29;1.29;1.29;1.29;200
20160128 153700;1.29;1.29;1.29;1.29;400
20160128 153800;1.29;1.29;1.29;1.29;300
20160128 153900;1.29;1.29;1.29;1.29;200
20160128 154000;1.29;1.29;1.28;1.28;700
20160128 154100;1.29;1.29;1.28;1.29;400
20160128 154200;1.29;1.29;1.28;1.28;400
20160128 154300;1.29;1.29;1.28;1.29;400
20160128 154400;1.29;1.29;1.28;1.29;400
20160128 154500;1.29;1.29;1.28;1.28;1100
20160128 154600;1.27;1.29;1.27;1.29;300
20160128 154700;1.27;1.29;1.27;1.29;400
20160128 154800;1.27;1.29;1.27;1.29;925
20160128 154900;1.27;1.29;1.27;1.29;500
20160128 155000;1.27;1.29;1.27;1.28;500
20160128 155100;1.28;1.28;1.28;1.28;200
20160128 155200;1.28;1.28;1.27;1.27;300
20160128 155300;1.27;1.27;1.27;1.27;100
20160128 155500;1.26;1.27;1.26;1.27;500
20160128 155600;1.27;1.27;1.26;1.26;400
20160128 155700;1.27;1.27;1.27;1.27;1600
20160128 160000;1.27;1.28;1.27;1.28;1413
20160129 093100;1.33;1.33;1.3;1.3;2800
20160129 093200;1.3;1.3;1.3;1.3;100
20160129 094300;1.31;1.31;1.31;1.31;100
20160129 094800;1.31;1.31;1.31;1.31;300
20160129 095600;1.33;1.33;1.31;1.31;700
20160129 101600;1.32;1.32;1.32;1.32;500
20160129 103800;1.34;1.34;1.33;1.34;500
20160129 104000;1.32;1.32;1.32;1.32;200
20160129 104700;1.32;1.32;1.32;1.32;215
20160129 111400;1.33;1.33;1.32;1.33;13500
20160129 112900;1.34;1.34;1.34;1.34;100
20160129 113100;1.33;1.33;1.33;1.33;200
20160129 113200;1.33;1.33;1.33;1.33;700
20160129 113900;1.33;1.33;1.33;1.33;1000
20160129 114000;1.33;1.33;1.325;1.325;10319
20160129 114100;1.32;1.32;1.32;1.32;300
20160129 114600;1.31;1.31;1.31;1.31;100
20160129 120100;1.31;1.31;1.31;1.31;100
20160129 120200;1.31;1.31;1.31;1.31;100
20160129 121500;1.31;1.31;1.31;1.31;700
20160129 121900;1.32;1.32;1.31;1.31;600
20160129 123800;1.31;1.31;1.31;1.31;100
20160129 124300;1.31;1.31;1.31;1.31;200
20160129 124500;1.31;1.31;1.31;1.31;100
20160129 125700;1.32;1.32;1.315;1.32;1700
20160129 130000;1.32;1.32;1.32;1.32;100
20160129 130300;1.32;1.32;1.32;1.32;100
20160129 130500;1.32;1.32;1.32;1.32;500
20160129 130800;1.3299;1.3299;1.3299;1.3299;511
20160129 130900;1.32;1.32;1.32;1.32;221
20160129 131200;1.32;1.32;1.32;1.32;100
20160129 131600;1.32;1.32;1.32;1.32;100
20160129 132600;1.325;1.33;1.32;1.33;1600
20160129 133600;1.32;1.32;1.32;1.32;100
20160129 134900;1.32;1.33;1.32;1.33;2000
20160129 135100;1.32;1.32;1.32;1.32;100
20160129 135800;1.32;1.33;1.32;1.33;200
20160129 140000;1.32;1.32;1.32;1.32;100
20160129 140300;1.32;1.32;1.32;1.32;100
20160129 141700;1.32;1.33;1.32;1.33;200
20160129 143000;1.32;1.32;1.32;1.32;100
20160129 144200;1.32;1.32;1.32;1.32;100
20160129 144300;1.325;1.33;1.32;1.33;6800
20160129 145300;1.33;1.33;1.33;1.33;200
20160129 145700;1.3201;1.33;1.32;1.33;1187
20160129 150000;1.33;1.35;1.33;1.35;3574
20160129 150100;1.35;1.35;1.35;1.35;1379
20160129 150400;1.35;1.35;1.35;1.35;100
20160129 150900;1.36;1.36;1.36;1.36;400
20160129 151000;1.36;1.36;1.36;1.36;300
20160129 151600;1.3501;1.3501;1.35;1.35;1600
20160129 152100;1.35;1.35;1.35;1.35;100
20160129 152200;1.35;1.35;1.35;1.35;100
20160129 152300;1.36;1.36;1.35;1.35;800
20160129 152400;1.35;1.36;1.35;1.36;200
20160129 152600;1.36;1.36;1.36;1.36;100
20160129 152700;1.36;1.36;1.36;1.36;100
20160129 152800;1.36;1.36;1.36;1.36;100
20160129 152900;1.3591;1.37;1.35;1.37;4600
20160129 153000;1.38;1.38;1.38;1.38;100
20160129 153100;1.37;1.38;1.37;1.37;1300
20160129 153200;1.38;1.38;1.38;1.38;100
20160129 153300;1.38;1.38;1.38;1.38;1100
20160129 153400;1.38;1.38;1.38;1.38;100
20160129 153600;1.38;1.38;1.38;1.38;100
20160129 153700;1.38;1.38;1.36;1.36;2400
20160129 153800;1.37;1.37;1.36;1.36;200
20160129 153900;1.37;1.37;1.37;1.37;100
20160129 154000;1.37;1.37;1.3601;1.3601;2000
20160129 154100;1.37;1.37;1.37;1.37;100
20160129 154200;1.36;1.37;1.36;1.37;200
20160129 154300;1.37;1.37;1.36;1.36;300
20160129 154400;1.37;1.37;1.37;1.37;100
20160129 154500;1.36;1.37;1.36;1.37;500
20160129 154600;1.37;1.37;1.37;1.37;100
20160129 154700;1.37;1.37;1.37;1.37;100
20160129 154800;1.37;1.37;1.36;1.36;300
20160129 154900;1.37;1.37;1.37;1.37;300
20160129 155000;1.37;1.37;1.37;1.37;300
20160129 155100;1.37;1.37;1.37;1.37;800
20160129 155200;1.37;1.37;1.37;1.37;600
20160129 155300;1.37;1.37;1.37;1.37;100
20160129 155400;1.37;1.37;1.37;1.37;200
20160129 155500;1.37;1.37;1.36;1.36;400
20160129 155600;1.37;1.37;1.36;1.37;500
20160129 155700;1.37;1.38;1.37;1.38;2600
20160129 155800;1.38;1.38;1.37;1.37;1200
20160129 155900;1.37;1.41;1.37;1.39;11192
20160129 160000;1.4;1.41;1.4;1.4;8148
20160129 160500;1.4;1.4;1.4;1.4;240
20160129 163500;1.4;1.4;1.4;1.4;89
20160201 093100;1.34;1.34;1.34;1.34;3200
20160201 093500;1.36;1.36;1.36;1.36;200
20160201 093600;1.33;1.33;1.33;1.33;100
20160201 093700;1.32;1.32;1.31;1.31;3000
20160201 093900;1.3101;1.3101;1.31;1.31;2400
20160201 094000;1.31;1.31;1.31;1.31;100
20160201 094200;1.31;1.31;1.31;1.31;100
20160201 094300;1.31;1.31;1.31;1.31;400
20160201 094500;1.31;1.31;1.31;1.31;100
20160201 094900;1.31;1.31;1.31;1.31;700
20160201 095200;1.31;1.31;1.31;1.31;1100
20160201 095300;1.31;1.31;1.31;1.31;1000
20160201 095400;1.31;1.31;1.31;1.31;700
20160201 095600;1.31;1.31;1.31;1.31;400
20160201 095900;1.31;1.31;1.3;1.3;1500
20160201 100000;1.31;1.31;1.305;1.31;1200
20160201 100500;1.31;1.31;1.31;1.31;100
20160201 101500;1.31;1.31;1.31;1.31;300
20160201 102700;1.3;1.3;1.3;1.3;1200
20160201 103800;1.3;1.3;1.3;1.3;300
20160201 103900;1.3;1.3;1.3;1.3;4800
20160201 104100;1.3;1.3;1.3;1.3;200
20160201 104200;1.3;1.3;1.29;1.3;4420
20160201 104300;1.3;1.305;1.3;1.3;3600
20160201 104400;1.29;1.29;1.29;1.29;400
20160201 104800;1.29;1.29;1.29;1.29;100
20160201 104900;1.29;1.29;1.29;1.29;500
20160201 105100;1.29;1.29;1.29;1.29;200
20160201 105400;1.29;1.29;1.29;1.29;300
20160201 105500;1.28;1.28;1.28;1.28;300
20160201 105600;1.28;1.28;1.28;1.28;300
20160201 110200;1.2867;1.2867;1.2867;1.2867;400
20160201 110500;1.28;1.28;1.28;1.28;100
20160201 110800;1.28;1.28;1.28;1.28;100
20160201 111000;1.285;1.285;1.285;1.285;100
20160201 111400;1.28;1.28;1.28;1.28;100
20160201 112200;1.285;1.285;1.28;1.28;8000
20160201 112300;1.28;1.28;1.28;1.28;300
20160201 112600;1.26;1.265;1.2585;1.265;2400
20160201 112900;1.26;1.26;1.26;1.26;200
20160201 113100;1.26;1.26;1.26;1.26;100
20160201 114700;1.26;1.26;1.26;1.26;100
20160201 120300;1.26;1.26;1.25;1.25;400
20160201 120600;1.255;1.255;1.24;1.24;600
20160201 120800;1.24;1.24;1.235;1.24;500
20160201 121000;1.239;1.26;1.234;1.26;9000
20160201 121300;1.2698;1.2698;1.265;1.265;400
20160201 121500;1.26;1.26;1.26;1.26;100
20160201 122600;1.2601;1.2601;1.2601;1.2601;100
20160201 123900;1.265;1.265;1.265;1.265;100
20160201 124200;1.265;1.265;1.265;1.265;100
20160201 124700;1.27;1.27;1.26;1.27;2500
20160201 125200;1.26;1.26;1.26;1.26;100
20160201 125400;1.26;1.26;1.26;1.26;300
20160201 125500;1.26;1.26;1.26;1.26;300
20160201 125700;1.25;1.25;1.25;1.25;100
20160201 125800;1.25;1.2567;1.25;1.25;750
20160201 125900;1.255;1.255;1.255;1.255;100
20160201 131700;1.25;1.25;1.25;1.25;100
20160201 131900;1.26;1.26;1.26;1.26;100
20160201 132600;1.255;1.255;1.255;1.255;100
20160201 133300;1.25;1.25;1.25;1.25;600
20160201 133500;1.24;1.24;1.23;1.24;1000
20160201 133600;1.23;1.23;1.23;1.23;600
20160201 133800;1.235;1.24;1.23;1.239;1962
20160201 134200;1.235;1.235;1.235;1.235;200
20160201 134500;1.2366;1.2366;1.23;1.23;1000
20160201 135200;1.23;1.24;1.23;1.23;1600
20160201 135700;1.235;1.26;1.23;1.26;14500
20160201 140200;1.26;1.26;1.26;1.26;200
20160201 141200;1.27;1.28;1.27;1.28;3000
20160201 141700;1.26;1.26;1.26;1.26;300
20160201 142400;1.2641;1.2641;1.2641;1.2641;852
20160201 143100;1.26;1.26;1.26;1.26;100
20160201 144700;1.26;1.26;1.26;1.26;200
20160201 145200;1.26;1.26;1.26;1.26;100
20160201 150500;1.2601;1.2601;1.2601;1.2601;900
20160201 150600;1.26;1.26;1.26;1.26;300
20160201 150700;1.26;1.26;1.26;1.26;400
20160201 150800;1.26;1.26;1.26;1.26;200
20160201 151700;1.2601;1.2601;1.2601;1.2601;100
20160201 151800;1.2674;1.2674;1.2674;1.2674;500
20160201 151900;1.265;1.27;1.265;1.27;400
20160201 152100;1.2635;1.27;1.2635;1.269;2050
20160201 152400;1.27;1.27;1.27;1.27;500
20160201 152500;1.26;1.26;1.26;1.26;100
20160201 154300;1.2641;1.2641;1.2641;1.2641;200
20160201 154600;1.27;1.27;1.27;1.27;100
20160201 154700;1.2605;1.2605;1.2605;1.2605;1105
20160201 154800;1.26;1.26;1.26;1.26;100
20160201 154900;1.265;1.265;1.26;1.26;200
20160201 155100;1.26;1.26;1.26;1.26;100
20160201 155400;1.26;1.26;1.26;1.26;100
20160201 155500;1.26;1.26;1.26;1.26;100
20160201 155600;1.27;1.27;1.26;1.26;200
20160201 155700;1.26;1.27;1.26;1.27;300
20160201 155900;1.26;1.2649;1.26;1.26;600
20160201 162200;1.26;1.26;1.26;1.26;411
20160202 093400;1.25;1.25;1.25;1.25;2000
20160202 094200;1.22;1.22;1.22;1.22;200
20160202 095000;1.2236;1.23;1.2236;1.2285;4098
20160202 095100;1.22;1.22;1.22;1.22;400
20160202 095500;1.22;1.22;1.22;1.22;100
20160202 100400;1.22;1.22;1.22;1.22;200
20160202 102300;1.22;1.22;1.22;1.22;200
20160202 102600;1.225;1.23;1.21;1.23;3900
20160202 103000;1.2399;1.2399;1.2399;1.2399;100
20160202 103500;1.235;1.235;1.235;1.235;100
20160202 103700;1.23;1.23;1.23;1.23;1000
20160202 104000;1.2301;1.2301;1.2301;1.2301;300
20160202 105100;1.23;1.23;1.23;1.23;600
20160202 105200;1.23;1.23;1.23;1.23;400
20160202 105300;1.23;1.23;1.23;1.23;400
20160202 105400;1.23;1.23;1.23;1.23;400
20160202 105500;1.23;1.23;1.23;1.23;400
20160202 105600;1.23;1.23;1.23;1.23;200
20160202 110000;1.2309;1.2309;1.2309;1.2309;100
20160202 110400;1.23;1.23;1.23;1.23;200
20160202 110800;1.23;1.23;1.22;1.23;1600
20160202 111600;1.22;1.22;1.22;1.22;600
20160202 114800;1.2129;1.2129;1.2129;1.2129;240
20160202 120900;1.2154;1.2185;1.215;1.2185;2000
20160202 122400;1.2101;1.2101;1.2101;1.2101;100
20160202 123200;1.2101;1.2101;1.2101;1.2101;100
20160202 123400;1.215;1.22;1.215;1.22;14400
20160202 125500;1.2101;1.2101;1.2101;1.2101;100
20160202 130400;1.2101;1.2101;1.2101;1.2101;100
20160202 131100;1.2101;1.2101;1.2101;1.2101;100
20160202 132700;1.2101;1.2101;1.2101;1.2101;100
20160202 134200;1.2101;1.2101;1.2101;1.2101;100
20160202 135800;1.2101;1.2101;1.2101;1.2101;100
20160202 142200;1.2101;1.22;1.2101;1.22;200
20160202 142900;1.2101;1.22;1.2101;1.22;1000
20160202 143600;1.21;1.22;1.21;1.22;300
20160202 145300;1.2125;1.2125;1.2125;1.2125;100
20160202 145400;1.2101;1.2101;1.2101;1.2101;100
20160202 151100;1.2101;1.2101;1.2101;1.2101;100
20160202 151500;1.215;1.23;1.215;1.23;15600
20160202 151600;1.24;1.245;1.24;1.245;900
20160202 151700;1.24;1.245;1.24;1.245;500
20160202 151800;1.24;1.24;1.24;1.24;200
20160202 151900;1.24;1.24;1.24;1.24;300
20160202 152200;1.24;1.24;1.24;1.24;800
20160202 152300;1.24;1.24;1.24;1.24;200
20160202 152400;1.24;1.24;1.24;1.24;600
20160202 152700;1.235;1.235;1.23;1.23;500
20160202 152800;1.23;1.23;1.23;1.23;100
20160202 153000;1.235;1.235;1.235;1.235;100
20160202 153100;1.235;1.24;1.235;1.24;400
20160202 153800;1.23;1.23;1.23;1.23;100
20160202 155100;1.235;1.235;1.235;1.235;100
20160202 155200;1.235;1.235;1.235;1.235;100
20160202 155300;1.235;1.235;1.235;1.235;100
20160202 155400;1.235;1.235;1.23;1.23;200
20160202 155500;1.2301;1.2301;1.2301;1.2301;100
20160202 155600;1.23;1.235;1.23;1.235;200
20160202 155700;1.23;1.235;1.23;1.235;200
20160202 155800;1.235;1.25;1.23;1.25;13831
20160202 155900;1.26;1.28;1.25;1.28;22813
20160202 160000;1.2775;1.28;1.27;1.28;700
20160202 163200;1.28;1.28;1.28;1.28;517
20160203 093100;1.23;1.23;1.23;1.23;100
20160203 093600;1.23;1.23;1.23;1.23;100
20160203 093700;1.23;1.23;1.23;1.23;300
20160203 093800;1.23;1.231;1.23;1.23;1300
20160203 093900;1.23;1.24;1.23;1.23;1300
20160203 094000;1.23;1.23;1.23;1.23;300
20160203 094100;1.2338;1.2338;1.23;1.23;700
20160203 094200;1.23;1.23;1.23;1.23;400
20160203 094400;1.23;1.23;1.23;1.23;100
20160203 094900;1.24;1.24;1.23;1.23;1200
20160203 095000;1.235;1.2511;1.235;1.2511;6300
20160203 095100;1.24;1.24;1.24;1.24;100
20160203 095600;1.24;1.24;1.24;1.24;200
20160203 100100;1.24;1.24;1.24;1.24;100
20160203 100800;1.24;1.24;1.23;1.23;900
20160203 101200;1.23;1.23;1.23;1.23;300
20160203 101300;1.23;1.23;1.23;1.23;8898
20160203 101400;1.23;1.23;1.21;1.21;10900
20160203 101500;1.21;1.21;1.21;1.21;100
20160203 102100;1.21;1.21;1.21;1.21;300
20160203 102200;1.21;1.21;1.21;1.21;200
20160203 102300;1.21;1.21;1.21;1.21;100
20160203 102400;1.21;1.21;1.21;1.21;200
20160203 103100;1.2;1.2;1.2;1.2;3055
20160203 103800;1.2;1.2;1.2;1.2;1400
20160203 104600;1.21;1.21;1.21;1.21;100
20160203 105700;1.21;1.21;1.21;1.21;228
20160203 110000;1.21;1.21;1.21;1.21;100
20160203 110100;1.2199;1.2199;1.2199;1.2199;100
20160203 110400;1.21;1.21;1.21;1.21;700
20160203 110700;1.21;1.21;1.21;1.21;100
20160203 112600;1.22;1.22;1.22;1.22;299
20160203 114500;1.23;1.23;1.23;1.23;10700
20160203 114600;1.23;1.23;1.23;1.23;200
20160203 114700;1.23;1.23;1.23;1.23;1500
20160203 114800;1.23;1.23;1.23;1.23;100
20160203 114900;1.23;1.23;1.23;1.23;100
20160203 122200;1.23;1.23;1.23;1.23;100
20160203 124000;1.23;1.23;1.23;1.23;100
20160203 124100;1.23;1.23;1.225;1.23;10900
20160203 124200;1.23;1.23;1.23;1.23;500
20160203 125900;1.2301;1.2301;1.2301;1.2301;100
20160203 132800;1.23;1.23;1.23;1.23;284
20160203 133500;1.23;1.2399;1.22;1.22;900
20160203 133700;1.2324;1.2324;1.22;1.22;1400
20160203 134300;1.23;1.23;1.23;1.23;300
20160203 135800;1.22;1.22;1.22;1.22;100
20160203 142400;1.23;1.23;1.23;1.23;869
20160203 142500;1.235;1.235;1.235;1.235;100
20160203 142700;1.2375;1.24;1.2375;1.24;600
20160203 143900;1.2475;1.2475;1.2475;1.2475;100
20160203 144600;1.24;1.26;1.24;1.26;300
20160203 144700;1.25;1.25;1.247;1.247;500
20160203 150500;1.245;1.245;1.245;1.245;100
20160203 150700;1.24;1.24;1.24;1.24;100
20160203 151100;1.2493;1.2493;1.24;1.24;2600
20160203 151600;1.24;1.24;1.24;1.24;200
20160203 151700;1.245;1.245;1.24;1.24;856
20160203 152100;1.245;1.245;1.24;1.24;200
20160203 152400;1.24;1.24;1.24;1.24;100
20160203 152500;1.245;1.245;1.24;1.245;500
20160203 152600;1.24;1.24;1.24;1.24;200
20160203 153100;1.24;1.24;1.24;1.24;100
20160203 153400;1.245;1.245;1.245;1.245;100
20160203 153600;1.24;1.24;1.24;1.24;100
20160203 154000;1.24;1.24;1.24;1.24;100
20160203 154400;1.25;1.25;1.2401;1.2401;676
20160203 154600;1.24;1.24;1.24;1.24;100
20160203 154700;1.24;1.24;1.24;1.24;100
20160203 154900;1.24;1.24;1.24;1.24;200
20160203 155200;1.24;1.24;1.24;1.24;100
20160203 155300;1.24;1.24;1.24;1.24;200
20160203 155400;1.24;1.24;1.24;1.24;100
20160203 155500;1.24;1.245;1.24;1.24;300
20160203 155600;1.24;1.24;1.24;1.24;300
20160203 155700;1.24;1.24;1.24;1.24;300
20160203 155800;1.25;1.25;1.24;1.24;200
20160203 155900;1.24;1.24;1.24;1.24;200
20160203 160000;1.245;1.245;1.24;1.24;607
20160204 093100;1.2;1.2;1.2;1.2;200
20160204 094100;1.23;1.23;1.23;1.23;100
20160204 094200;1.23;1.23;1.23;1.23;100
20160204 095800;1.25;1.25;1.25;1.25;100
20160204 095900;1.26;1.27;1.25;1.25;1100
20160204 101600;1.27;1.27;1.27;1.27;100
20160204 101700;1.2701;1.2701;1.2701;1.2701;450
20160204 101900;1.27;1.27;1.27;1.27;200
20160204 102800;1.27;1.27;1.27;1.27;187
20160204 104100;1.287;1.3;1.287;1.3;3200
20160204 104200;1.31;1.31;1.31;1.31;500
20160204 104300;1.305;1.31;1.305;1.31;10666
20160204 104400;1.31;1.31;1.31;1.31;9400
20160204 104500;1.3;1.3;1.3;1.3;1000
20160204 104600;1.301;1.312;1.29;1.29;6566
20160204 104700;1.29;1.29;1.27;1.27;430
20160204 104900;1.27;1.27;1.27;1.27;100
20160204 105100;1.27;1.27;1.27;1.27;200
20160204 105300;1.27;1.27;1.27;1.27;200
20160204 105400;1.27;1.27;1.27;1.27;100
20160204 105600;1.28;1.28;1.28;1.28;700
20160204 105700;1.28;1.28;1.28;1.28;800
20160204 110800;1.28;1.28;1.28;1.28;100
20160204 110900;1.28;1.28;1.28;1.28;100
20160204 111100;1.28;1.28;1.28;1.28;100
20160204 111200;1.28;1.28;1.28;1.28;400
20160204 111300;1.28;1.28;1.27;1.27;200
20160204 111500;1.27;1.27;1.27;1.27;100
20160204 111700;1.27;1.27;1.27;1.27;100
20160204 111900;1.27;1.27;1.27;1.27;100
20160204 112000;1.27;1.27;1.27;1.27;100
20160204 112200;1.27;1.27;1.27;1.27;100
20160204 112400;1.27;1.27;1.27;1.27;100
20160204 112500;1.27;1.27;1.27;1.27;100
20160204 112700;1.27;1.27;1.27;1.27;100
20160204 112800;1.27;1.27;1.26;1.26;200
20160204 112900;1.26;1.26;1.26;1.26;100
20160204 113000;1.26;1.26;1.26;1.26;100
20160204 113200;1.26;1.26;1.26;1.26;100
20160204 113400;1.26;1.26;1.26;1.26;100
20160204 113500;1.26;1.26;1.26;1.26;100
20160204 113700;1.26;1.26;1.26;1.26;100
20160204 113900;1.26;1.26;1.26;1.26;100
20160204 114300;1.25;1.25;1.25;1.25;100
20160204 114600;1.27;1.27;1.26;1.26;5800
20160204 114800;1.26;1.26;1.26;1.26;100
20160204 115100;1.26;1.26;1.26;1.26;100
20160204 115200;1.27;1.28;1.27;1.27;700
20160204 115300;1.28;1.28;1.28;1.28;500
20160204 120000;1.27;1.27;1.27;1.27;100
20160204 120300;1.27;1.27;1.27;1.27;100
20160204 120600;1.27;1.27;1.27;1.27;100
20160204 120900;1.29;1.29;1.27;1.27;500
20160204 121300;1.29;1.29;1.29;1.29;300
20160204 123800;1.32;1.32;1.32;1.32;100
20160204 124600;1.31;1.31;1.31;1.31;100
20160204 125300;1.32;1.32;1.31;1.31;400
20160204 130200;1.31;1.316;1.28;1.28;6000
20160204 130300;1.29;1.29;1.29;1.29;400
20160204 130600;1.29;1.29;1.29;1.29;100
20160204 131000;1.29;1.29;1.29;1.29;100
20160204 131300;1.29;1.29;1.29;1.29;100
20160204 132800;1.29;1.29;1.29;1.29;100
20160204 133500;1.27;1.27;1.27;1.27;100
20160204 134600;1.27;1.27;1.26;1.26;500
20160204 140900;1.26;1.26;1.26;1.26;200
20160204 141500;1.29;1.29;1.28;1.28;200
20160204 145700;1.3;1.3;1.3;1.3;100
20160204 151400;1.31;1.31;1.31;1.31;100
20160204 151500;1.3;1.3;1.3;1.3;100
20160204 153900;1.31;1.31;1.31;1.31;200
20160204 154000;1.3;1.3;1.3;1.3;100
20160204 154200;1.31;1.31;1.31;1.31;100
20160204 154500;1.31;1.31;1.3;1.3;900
20160204 154600;1.3;1.31;1.28;1.3;8200
20160204 154700;1.29;1.298;1.27;1.27;9008
20160204 154800;1.274;1.28;1.25;1.26;9342
20160204 154900;1.26;1.26;1.26;1.26;200
20160204 155000;1.26;1.265;1.26;1.26;500
20160204 155100;1.26;1.27;1.26;1.27;900
20160204 155200;1.27;1.27;1.27;1.27;400
20160204 155300;1.27;1.27;1.26;1.27;600
20160204 155400;1.27;1.27;1.26;1.27;300
20160204 155500;1.27;1.27;1.26;1.27;600
20160204 155600;1.27;1.27;1.265;1.27;2500
20160204 155700;1.27;1.29;1.27;1.29;1800
20160204 155800;1.29;1.3;1.28;1.3;1300
20160204 160000;1.3;1.3;1.29;1.29;2222
20160204 161100;1.48;1.48;1.48;1.48;600
20160204 163100;1.29;1.29;1.29;1.29;99
20160205 083300;1.29;1.29;1.29;1.29;200
20160205 083400;1.29;1.29;1.29;1.29;200
20160205 103500;1.2854;1.2854;1.275;1.275;3900
20160205 103600;1.29;1.29;1.29;1.29;100
20160205 104400;1.29;1.3;1.29;1.3;400
20160205 105700;1.2901;1.2901;1.29;1.29;4380
20160205 105800;1.2801;1.2801;1.2801;1.2801;100
20160205 105900;1.3;1.3;1.3;1.3;200
20160205 110500;1.28;1.29;1.28;1.29;1200
20160205 112000;1.27;1.27;1.27;1.27;100
20160205 113600;1.27;1.27;1.27;1.27;100
20160205 114500;1.265;1.265;1.265;1.265;100
20160205 115100;1.28;1.28;1.28;1.28;100
20160205 115800;1.2602;1.2602;1.2602;1.2602;475
20160205 122100;1.26;1.26;1.26;1.26;200
20160205 123600;1.2565;1.2565;1.2565;1.2565;191
20160205 124000;1.26;1.26;1.26;1.26;100
20160205 124900;1.2533;1.2533;1.2533;1.2533;153
20160205 125100;1.2501;1.255;1.2501;1.255;1075
20160205 125400;1.26;1.26;1.26;1.26;100
20160205 130100;1.25;1.25;1.25;1.25;100
20160205 130200;1.25;1.25;1.23;1.23;2100
20160205 130400;1.2366;1.2366;1.2366;1.2366;102
20160205 134100;1.25;1.25;1.25;1.25;100
20160205 134800;1.23;1.23;1.23;1.23;100
20160205 134900;1.2311;1.235;1.22;1.235;2000
20160205 140400;1.23;1.23;1.23;1.23;100
20160205 141100;1.22;1.225;1.22;1.225;200
20160205 143900;1.22;1.22;1.22;1.22;100
20160205 144800;1.23;1.23;1.23;1.23;100
20160205 150000;1.24;1.24;1.24;1.24;100
20160205 151300;1.23;1.23;1.23;1.23;200
20160205 152600;1.225;1.225;1.225;1.225;100
20160205 153100;1.23;1.23;1.23;1.23;100
20160205 153600;1.23;1.23;1.23;1.23;100
20160205 153700;1.22;1.22;1.22;1.22;100
20160205 153900;1.22;1.22;1.22;1.22;100
20160205 154200;1.22;1.22;1.22;1.22;300
20160205 154400;1.23;1.23;1.22;1.22;800
20160205 154500;1.22;1.22;1.22;1.22;200
20160205 154700;1.22;1.22;1.22;1.22;300
20160205 154900;1.22;1.22;1.22;1.22;100
20160205 155000;1.22;1.22;1.2;1.2;9153
20160205 155100;1.21;1.21;1.2;1.21;400
20160205 155300;1.2;1.2;1.2;1.2;200
20160205 155400;1.2;1.2;1.2;1.2;100
20160205 155500;1.2;1.2;1.2;1.2;300
20160205 155600;1.21;1.21;1.2;1.2;700
20160205 155700;1.21;1.21;1.2;1.2;800
20160205 155800;1.21;1.21;1.2;1.2;2900
20160205 155900;1.2;1.2;1.2;1.2;500
20160205 160000;1.2;1.2;1.2;1.2;895
20160205 164400;1.2293;1.2293;1.2293;1.2293;1184
