20160119 093200;13.4601;13.4601;13.4601;13.4601;1000
20160119 093600;13.54;13.54;13.54;13.54;100
20160119 094500;13.57;13.57;13.57;13.57;100
20160119 094900;13.584;13.584;13.584;13.584;660
20160119 100300;13.6;13.6;13.6;13.6;834
20160119 100600;13.6;13.6;13.6;13.6;100
20160119 100900;13.59;13.59;13.59;13.59;300
20160119 101400;13.58;13.58;13.58;13.58;100
20160119 102100;13.59;13.59;13.59;13.59;300
20160119 102300;13.59;13.59;13.59;13.59;100
20160119 102600;13.59;13.59;13.59;13.59;100
20160119 103700;13.59;13.59;13.59;13.59;200
20160119 105100;13.58;13.58;13.5601;13.5601;2300
20160119 105500;13.585;13.585;13.585;13.585;100
20160119 114000;13.55;13.55;13.55;13.55;300
20160119 115800;13.55;13.55;13.5394;13.5394;300
20160119 121600;13.54;13.54;13.54;13.54;200
20160119 123300;13.53;13.54;13.53;13.54;500
20160119 123600;13.55;13.55;13.55;13.55;100
20160119 130200;13.54;13.54;13.54;13.54;200
20160119 130500;13.549;13.549;13.549;13.549;100
20160119 131900;13.52;13.52;13.52;13.52;100
20160119 132500;13.52;13.52;13.52;13.52;100
20160119 133200;13.53;13.53;13.53;13.53;100
20160119 133400;13.53;13.53;13.52;13.52;200
20160119 133500;13.52;13.52;13.52;13.52;100
20160119 133700;13.53;13.53;13.53;13.53;100
20160119 133900;13.53;13.535;13.53;13.535;300
20160119 134000;13.539;13.539;13.539;13.539;100
20160119 134200;13.54;13.54;13.54;13.54;100
20160119 134300;13.54;13.54;13.54;13.54;200
20160119 134500;13.52;13.54;13.52;13.54;200
20160119 134600;13.53;13.53;13.53;13.53;100
20160119 134800;13.54;13.54;13.54;13.54;100
20160119 135000;13.54;13.54;13.54;13.54;100
20160119 135200;13.54;13.54;13.54;13.54;200
20160119 135300;13.549;13.549;13.549;13.549;100
20160119 135500;13.54;13.54;13.54;13.54;100
20160119 135600;13.54;13.54;13.54;13.54;100
20160119 135800;13.54;13.54;13.54;13.54;100
20160119 140000;13.54;13.54;13.54;13.54;100
20160119 140100;13.54;13.54;13.54;13.54;100
20160119 140300;13.54;13.54;13.5201;13.5201;200
20160119 140400;13.53;13.53;13.53;13.53;100
20160119 140500;13.53;13.53;13.53;13.53;100
20160119 140800;13.54;13.54;13.54;13.54;100
20160119 140900;13.53;13.53;13.53;13.53;100
20160119 141000;13.52;13.52;13.5143;13.52;551
20160119 141100;13.53;13.53;13.53;13.53;100
20160119 141200;13.525;13.53;13.525;13.53;300
20160119 141400;13.53;13.53;13.53;13.53;100
20160119 141600;13.53;13.53;13.53;13.53;100
20160119 141700;13.53;13.53;13.53;13.53;100
20160119 141800;13.51;13.51;13.51;13.51;100
20160119 141900;13.53;13.53;13.53;13.53;100
20160119 142100;13.54;13.54;13.54;13.54;100
20160119 142200;13.549;13.549;13.52;13.52;300
20160119 142400;13.549;13.549;13.549;13.549;100
20160119 142500;13.55;13.55;13.53;13.53;200
20160119 142700;13.58;13.58;13.58;13.58;100
20160119 142900;13.57;13.57;13.57;13.57;100
20160119 143000;13.569;13.569;13.569;13.569;100
20160119 143200;13.569;13.569;13.569;13.569;100
20160119 143300;13.57;13.57;13.55;13.55;200
20160119 143500;13.58;13.58;13.58;13.58;100
20160119 143700;13.589;13.589;13.589;13.589;100
20160119 143800;13.589;13.589;13.589;13.589;100
20160119 144000;13.58;13.58;13.58;13.58;100
20160119 144200;13.579;13.579;13.579;13.579;100
20160119 144300;13.57;13.57;13.57;13.57;200
20160119 144600;13.57;13.57;13.555;13.555;200
20160119 144800;13.55;13.55;13.55;13.55;100
20160119 145000;13.56;13.56;13.56;13.56;100
20160119 145100;13.54;13.54;13.54;13.54;100
20160119 145300;13.56;13.56;13.56;13.56;100
20160119 145400;13.559;13.559;13.559;13.559;100
20160119 145600;13.55;13.55;13.55;13.55;100
20160119 145700;13.55;13.55;13.55;13.55;100
20160119 145800;13.56;13.56;13.55;13.55;300
20160119 145900;13.58;13.58;13.58;13.58;100
20160119 150100;13.58;13.58;13.58;13.58;100
20160119 150200;13.58;13.58;13.58;13.58;100
20160119 150400;13.579;13.579;13.579;13.579;100
20160119 150600;13.57;13.571;13.57;13.571;358
20160119 150700;13.57;13.57;13.57;13.57;100
20160119 150800;13.565;13.565;13.565;13.565;100
20160119 150900;13.58;13.6;13.58;13.6;200
20160119 151100;13.58;13.58;13.58;13.58;100
20160119 151200;13.59;13.59;13.59;13.59;100
20160119 151400;13.57;13.57;13.57;13.57;100
20160119 151500;13.59;13.59;13.59;13.59;100
20160119 151700;13.59;13.59;13.59;13.59;100
20160119 151900;13.59;13.59;13.59;13.59;100
20160119 152000;13.59;13.59;13.59;13.59;100
20160119 152200;13.589;13.589;13.589;13.589;100
20160119 152300;13.59;13.59;13.59;13.59;100
20160119 152500;13.57;13.5825;13.57;13.5825;200
20160119 152700;13.59;13.59;13.59;13.59;200
20160119 152800;13.6;13.6;13.6;13.6;100
20160119 153000;13.6;13.6;13.6;13.6;100
20160119 153200;13.6;13.6;13.6;13.6;100
20160119 153300;13.599;13.599;13.599;13.599;100
20160119 153500;13.59;13.59;13.53;13.579;300
20160119 153800;13.599;13.599;13.599;13.599;100
20160119 154000;13.6;13.6;13.6;13.6;100
20160119 154100;13.599;13.599;13.599;13.599;100
20160119 154500;13.56;13.56;13.56;13.56;100
20160119 154800;13.599;13.599;13.599;13.599;100
20160119 155400;13.58;13.58;13.58;13.58;100
20160119 155800;13.5483;13.5483;13.5483;13.5483;109
20160120 093600;13.41;13.41;13.41;13.41;200
20160120 094400;13.4301;13.4301;13.4301;13.4301;1050
20160120 095200;13.4204;13.4204;13.4204;13.4204;105
20160120 095400;13.4515;13.4515;13.45;13.45;222
20160120 095700;13.45;13.454;13.45;13.454;700
20160120 101600;13.42;13.42;13.42;13.42;300
20160120 101700;13.42;13.42;13.41;13.42;3112
20160120 101900;13.38;13.38;13.38;13.38;100
20160120 102400;13.4;13.4001;13.36;13.36;2700
20160120 113700;13.29;13.35;13.29;13.35;930
20160120 114900;13.2981;13.2981;13.23;13.23;1225
20160120 120100;13.27;13.27;13.27;13.27;100
20160120 120200;13.27;13.27;13.25;13.2571;1312
20160120 120800;13.258;13.258;13.25;13.25;420
20160120 121800;13.2599;13.2599;13.2599;13.2599;100
20160120 121900;13.2499;13.2603;13.2499;13.26;3582
20160120 122200;13.29;13.29;13.29;13.29;200
20160120 123600;13.3047;13.3047;13.3047;13.3047;101
20160120 123700;13.3012;13.3012;13.3012;13.3012;200
20160120 123800;13.29;13.2901;13.29;13.29;6200
20160120 123900;13.29;13.29;13.29;13.29;100
20160120 124800;13.2901;13.2901;13.29;13.29;2903
20160120 125000;13.29;13.293;13.26;13.26;5400
20160120 125500;13.2601;13.2601;13.2601;13.2601;100
20160120 125700;13.2662;13.2662;13.2662;13.2662;108
20160120 131300;13.2601;13.2601;13.26;13.26;2536
20160120 132600;13.2101;13.2101;13.2101;13.2101;100
20160120 132700;13.2001;13.2001;13.2001;13.2001;100
20160120 132800;13.21;13.21;13.21;13.21;100
20160120 134200;13.25;13.2746;13.25;13.2746;964
20160120 142600;13.3;13.3;13.3;13.3;100
20160120 142900;13.3299;13.3299;13.3299;13.3299;1000
20160120 145000;13.26;13.26;13.26;13.26;100
20160120 145400;13.274;13.274;13.274;13.274;625
20160120 145700;13.32;13.3289;13.32;13.325;700
20160120 150100;13.29;13.29;13.29;13.29;100
20160120 151700;13.32;13.32;13.32;13.32;100
20160120 151800;13.33;13.33;13.33;13.33;700
20160120 152700;13.338;13.338;13.338;13.338;200
20160120 152900;13.35;13.37;13.35;13.37;1500
20160120 153300;13.33;13.33;13.33;13.33;100
20160120 153900;13.303;13.303;13.303;13.303;2000
20160120 154500;13.3301;13.3301;13.3301;13.3301;100
20160120 160000;13.34;13.34;13.34;13.34;100
20160121 093600;13.275;13.275;13.275;13.275;100
20160121 093800;13.37;13.38;13.37;13.38;200
20160121 095200;13.389;13.389;13.389;13.389;100
20160121 095400;13.36;13.38;13.33;13.33;3398
20160121 095600;13.38;13.38;13.38;13.38;100
20160121 100000;13.38;13.38;13.38;13.38;100
20160121 100100;13.3;13.31;13.29;13.29;2100
20160121 100300;13.29;13.3;13.2874;13.2874;2008
20160121 100600;13.3;13.3;13.3;13.3;100
20160121 100700;13.28;13.28;13.2764;13.28;1600
20160121 101000;13.3;13.3;13.3;13.3;346
20160121 101700;13.408;13.408;13.408;13.408;100
20160121 101800;13.3557;13.3557;13.3557;13.3557;582
20160121 102100;13.408;13.408;13.408;13.408;100
20160121 102500;13.408;13.408;13.408;13.408;100
20160121 103000;13.41;13.41;13.41;13.41;100
20160121 103200;13.3746;13.3746;13.3746;13.3746;141
20160121 103300;13.408;13.408;13.408;13.408;100
20160121 103700;13.41;13.41;13.41;13.41;100
20160121 104100;13.41;13.41;13.41;13.41;100
20160121 104600;13.41;13.41;13.41;13.41;100
20160121 104900;13.41;13.41;13.41;13.41;100
20160121 105000;13.408;13.408;13.408;13.408;100
20160121 105500;13.408;13.408;13.408;13.408;100
20160121 105900;13.398;13.398;13.398;13.398;100
20160121 110400;13.398;13.398;13.398;13.398;100
20160121 110500;13.4;13.41;13.4;13.41;400
20160121 110600;13.41;13.41;13.41;13.41;400
20160121 110800;13.408;13.41;13.408;13.41;200
20160121 110900;13.41;13.445;13.41;13.445;1900
20160121 111000;13.4;13.4;13.4;13.4;100
20160121 111100;13.4;13.4;13.4;13.4;200
20160121 111900;13.4;13.4;13.4;13.4;300
20160121 112500;13.43;13.43;13.43;13.43;300
20160121 113200;13.428;13.43;13.428;13.43;300
20160121 113900;13.428;13.428;13.428;13.428;300
20160121 114000;13.43;13.43;13.43;13.43;100
20160121 114400;13.43;13.43;13.43;13.43;800
20160121 114800;13.43;13.43;13.43;13.43;236
20160121 115100;13.465;13.48;13.4401;13.4401;400
20160121 120000;13.49;13.51;13.49;13.51;300
20160121 120600;13.51;13.525;13.51;13.525;300
20160121 120700;13.51;13.52;13.5;13.5;2544
20160121 122100;13.4301;13.4301;13.4301;13.4301;200
20160121 125200;13.488;13.488;13.488;13.488;100
20160121 125600;13.498;13.498;13.498;13.498;100
20160121 130200;13.488;13.488;13.488;13.488;100
20160121 130500;13.49;13.49;13.49;13.49;100
20160121 130700;13.5;13.5;13.5;13.5;600
20160121 130800;13.49;13.49;13.49;13.49;100
20160121 131100;13.5;13.5;13.5;13.5;100
20160121 131500;13.52;13.52;13.52;13.52;100
20160121 131600;13.49;13.49;13.49;13.49;100
20160121 132000;13.49;13.49;13.49;13.49;100
20160121 132400;13.478;13.478;13.478;13.478;100
20160121 132900;13.478;13.478;13.478;13.478;100
20160121 133300;13.47;13.47;13.45;13.45;600
20160121 134500;13.44;13.44;13.44;13.44;100
20160121 134600;13.45;13.45;13.45;13.45;100
20160121 135000;13.48;13.48;13.48;13.48;100
20160121 135400;13.438;13.438;13.438;13.438;100
20160121 135900;13.438;13.438;13.438;13.438;100
20160121 140300;13.438;13.438;13.438;13.438;100
20160121 140600;13.438;13.438;13.438;13.438;100
20160121 141000;13.438;13.438;13.438;13.438;100
20160121 141400;13.43;13.43;13.43;13.43;100
20160121 141700;13.428;13.428;13.428;13.428;100
20160121 142100;13.428;13.428;13.428;13.428;100
20160121 142500;13.418;13.418;13.418;13.418;100
20160121 142800;13.418;13.418;13.418;13.418;100
20160121 143200;13.4;13.4;13.4;13.4;100
20160121 143600;13.4;13.4;13.4;13.4;100
20160121 143900;13.42;13.42;13.42;13.42;100
20160121 144300;13.42;13.42;13.42;13.42;100
20160121 144600;13.42;13.42;13.42;13.42;100
20160121 145000;13.42;13.42;13.42;13.42;100
20160121 145300;13.44;13.44;13.44;13.44;100
20160121 145600;13.37;13.37;13.37;13.37;100
20160121 145700;13.42;13.42;13.42;13.42;100
20160121 150300;13.47;13.47;13.47;13.47;100
20160121 150500;13.4582;13.4582;13.4582;13.4582;500
20160121 150900;13.508;13.508;13.508;13.508;100
20160121 151200;13.52;13.52;13.52;13.52;100
20160121 151500;13.49;13.49;13.49;13.49;100
20160121 151800;13.445;13.48;13.445;13.48;200
20160121 152000;13.49;13.49;13.49;13.49;100
20160121 152300;13.488;13.488;13.488;13.488;100
20160121 152500;13.49;13.49;13.49;13.49;100
20160121 152800;13.49;13.49;13.49;13.49;100
20160121 153000;13.488;13.488;13.488;13.488;100
20160121 153200;13.488;13.488;13.488;13.488;100
20160121 153400;13.488;13.488;13.488;13.488;100
20160121 153600;13.488;13.488;13.488;13.488;100
20160121 153800;13.49;13.49;13.49;13.49;100
20160121 154000;13.48;13.48;13.4001;13.4001;1145
20160121 154200;13.48;13.48;13.48;13.48;100
20160121 154300;13.48;13.48;13.48;13.48;100
20160121 154500;13.48;13.48;13.48;13.48;100
20160121 154600;13.48;13.48;13.48;13.48;100
20160121 154800;13.47;13.47;13.47;13.47;200
20160121 154900;13.48;13.48;13.48;13.48;100
20160121 155000;13.47;13.47;13.47;13.47;100
20160121 155100;13.47;13.47;13.47;13.47;200
20160121 155200;13.47;13.47;13.47;13.47;200
20160121 155400;13.47;13.47;13.47;13.47;200
20160121 155500;13.47;13.47;13.47;13.47;200
20160121 155600;13.47;13.47;13.47;13.47;200
20160121 155700;13.47;13.47;13.47;13.47;200
20160121 155800;13.47;13.47;13.47;13.47;200
20160121 155900;13.47;13.47;13.44;13.47;400
20160121 160000;13.47;13.47;13.4401;13.4401;400
20160121 160500;13.4593;13.4593;13.4593;13.4593;3350
20160122 094800;13.6;13.62;13.6;13.62;4092
20160122 100100;13.62;13.62;13.62;13.62;1500
20160122 100200;13.575;13.62;13.575;13.6056;300
20160122 101700;13.62;13.62;13.6106;13.6106;1247
20160122 102500;13.62;13.62;13.62;13.62;200
20160122 102900;13.596;13.596;13.5901;13.5901;800
20160122 105600;13.61;13.61;13.6037;13.6037;1215
20160122 105800;13.62;13.62;13.59;13.59;5709
20160122 105900;13.62;13.62;13.59;13.59;982
20160122 110000;13.5934;13.5934;13.5934;13.5934;773
20160122 110700;13.6;13.6199;13.57;13.6199;619
20160122 110800;13.616;13.616;13.616;13.616;132
20160122 113300;13.5501;13.5501;13.5501;13.5501;305
20160122 115100;13.6;13.6;13.6;13.6;300
20160122 115700;13.6;13.6;13.6;13.6;1480
20160122 130100;13.6;13.6;13.6;13.6;200
20160122 132600;13.604;13.604;13.604;13.604;400
20160122 140800;13.63;13.63;13.63;13.63;102
20160122 141100;13.63;13.63;13.63;13.63;100
20160122 141400;13.63;13.63;13.63;13.63;100
20160122 141500;13.63;13.63;13.63;13.63;100
20160122 142000;13.6177;13.6177;13.6177;13.6177;100
20160122 143800;13.5701;13.5701;13.5701;13.5701;350
20160122 153000;13.5801;13.5801;13.5801;13.5801;339
20160122 155900;13.58;13.58;13.58;13.58;292
20160122 160700;13.6058;13.6058;13.6058;13.6058;5887
20160125 100100;13.57;13.57;13.57;13.57;100
20160125 100200;13.57;13.57;13.57;13.57;100
20160125 112200;13.57;13.57;13.57;13.57;401
20160125 113200;13.61;13.74;13.61;13.74;4499
20160125 113300;13.67;13.67;13.67;13.67;200
20160125 113500;13.7;13.71;13.7;13.7;900
20160125 113600;13.72;13.72;13.72;13.72;901
20160125 113800;13.68;13.68;13.68;13.68;200
20160125 113900;13.59;13.59;13.59;13.59;100
20160125 114400;13.59;13.59;13.59;13.59;100
20160125 114700;13.6;13.6;13.6;13.6;100
20160125 115000;13.6156;13.6156;13.6156;13.6156;310
20160125 115100;13.6;13.6;13.6;13.6;100
20160125 115500;13.61;13.61;13.61;13.61;100
20160125 115800;13.61;13.61;13.61;13.61;100
20160125 115900;13.59;13.59;13.59;13.59;200
20160125 120500;13.61;13.61;13.61;13.61;100
20160125 121300;13.63;13.63;13.63;13.63;100
20160125 122300;13.63;13.63;13.63;13.63;100
20160125 123700;13.65;13.65;13.65;13.65;300
20160125 124000;13.67;13.67;13.67;13.67;300
20160125 124300;13.7009;13.7009;13.7009;13.7009;400
20160125 124400;13.7;13.7;13.7;13.7;100
20160125 124800;13.7;13.7;13.65;13.65;1400
20160125 125000;13.59;13.59;13.59;13.59;100
20160125 125100;13.59;13.59;13.58;13.58;700
20160125 125200;13.59;13.59;13.59;13.59;300
20160125 125300;13.57;13.57;13.57;13.57;100
20160125 125500;13.55;13.55;13.55;13.55;100
20160125 130400;13.56;13.56;13.56;13.56;100
20160125 131700;13.56;13.56;13.56;13.56;100
20160125 132400;13.53;13.53;13.53;13.53;100
20160125 133900;13.53;13.53;13.53;13.53;100
20160125 135300;13.53;13.53;13.53;13.53;100
20160125 141100;13.53;13.53;13.53;13.53;100
20160125 141900;13.5301;13.5301;13.5301;13.5301;600
20160125 142400;13.53;13.53;13.53;13.53;100
20160125 142500;13.54;13.54;13.54;13.54;100
20160125 142800;13.53;13.53;13.53;13.53;100
20160125 143000;13.53;13.53;13.53;13.53;200
20160125 143300;13.53;13.53;13.53;13.53;100
20160125 143600;13.5301;13.5301;13.5301;13.5301;100
20160125 143700;13.53;13.53;13.53;13.53;100
20160125 143900;13.54;13.54;13.54;13.54;100
20160125 144200;13.54;13.54;13.54;13.54;100
20160125 144500;13.54;13.54;13.54;13.54;200
20160125 144800;13.54;13.54;13.54;13.54;100
20160125 145100;13.53;13.53;13.53;13.53;200
20160125 145400;13.53;13.53;13.53;13.53;100
20160125 145600;13.5401;13.5401;13.5401;13.5401;100
20160125 145800;13.54;13.54;13.54;13.54;400
20160125 150000;13.55;13.55;13.55;13.55;100
20160125 150200;13.54;13.54;13.54;13.54;100
20160125 150500;13.5501;13.5501;13.5501;13.5501;100
20160125 150700;13.54;13.54;13.54;13.54;100
20160125 151000;13.5401;13.5401;13.54;13.54;742
20160125 151200;13.54;13.54;13.54;13.54;200
20160125 151400;13.55;13.55;13.55;13.55;500
20160125 151500;13.55;13.55;13.55;13.55;100
20160125 151700;13.55;13.55;13.55;13.55;100
20160125 152000;13.55;13.55;13.55;13.55;100
20160125 152200;13.54;13.54;13.54;13.54;100
20160125 152300;13.54;13.54;13.54;13.54;100
20160125 152400;13.54;13.54;13.54;13.54;800
20160125 152700;13.5401;13.5401;13.5401;13.5401;100
20160125 152900;13.5401;13.5401;13.5401;13.5401;100
20160125 153100;13.54;13.54;13.54;13.54;200
20160125 153300;13.54;13.54;13.54;13.54;800
20160125 153500;13.54;13.54;13.54;13.54;300
20160125 153600;13.54;13.54;13.54;13.54;100
20160125 153700;13.54;13.54;13.54;13.54;100
20160125 153900;13.53;13.53;13.53;13.53;200
20160125 154100;13.53;13.53;13.53;13.53;100
20160125 154200;13.53;13.53;13.53;13.53;100
20160125 154400;13.54;13.54;13.53;13.53;1000
20160125 154500;13.54;13.54;13.54;13.54;700
20160125 154700;13.54;13.54;13.54;13.54;100
20160125 154900;13.54;13.54;13.54;13.54;100
20160125 155000;13.54;13.54;13.54;13.54;300
20160125 155100;13.5499;13.5499;13.5499;13.5499;100
20160125 155200;13.54;13.54;13.54;13.54;200
20160125 155300;13.53;13.53;13.53;13.53;200
20160125 155500;13.53;13.53;13.53;13.53;100
20160125 155600;13.53;13.532;13.53;13.532;700
20160125 155800;13.53;13.53;13.53;13.53;200
20160125 155900;13.53;13.53;13.53;13.53;800
20160125 160000;13.53;13.53;13.53;13.53;287
20160126 093100;13.67;13.67;13.67;13.67;1045
20160126 100400;13.65;13.67;13.65;13.67;1002
20160126 100500;13.67;13.67;13.67;13.67;100
20160126 100600;13.67;13.69;13.67;13.69;700
20160126 100700;13.7;13.7;13.7;13.7;1400
20160126 100900;13.7;13.7;13.7;13.7;1198
20160126 101100;13.7;13.7;13.7;13.7;100
20160126 102500;13.7;13.7;13.7;13.7;100
20160126 102900;13.7;13.7;13.7;13.7;200
20160126 104500;13.74;13.74;13.74;13.74;1100
20160126 104800;13.74;13.74;13.74;13.74;400
20160126 105800;13.72;13.72;13.72;13.72;100
20160126 113900;13.72;13.72;13.72;13.72;100
20160126 120700;13.72;13.72;13.72;13.72;100
20160126 121700;13.72;13.72;13.72;13.72;300
20160126 121800;13.71;13.73;13.71;13.73;592
20160126 123500;13.74;13.74;13.74;13.74;231
20160126 124400;13.7712;13.78;13.77;13.78;1020
20160126 124500;13.8;13.8;13.8;13.8;100
20160126 124600;13.8;13.8;13.8;13.8;100
20160126 124700;13.8;13.8;13.8;13.8;969
20160126 125000;13.78;13.78;13.78;13.78;100
20160126 125900;13.78;13.78;13.78;13.78;100
20160126 131400;13.75;13.78;13.75;13.78;200
20160126 131600;13.77;13.77;13.77;13.77;100
20160126 135400;13.79;13.79;13.79;13.79;200
20160126 160000;13.73;13.73;13.73;13.73;100
20160127 101200;13.7137;13.7137;13.7137;13.7137;100
20160127 101300;13.6828;13.6828;13.6828;13.6828;100
20160127 102800;13.68;13.71;13.68;13.71;612
20160127 103900;13.6949;13.6949;13.6949;13.6949;102
20160127 104100;13.72;13.72;13.72;13.72;200
20160127 114300;13.7191;13.7191;13.7191;13.7191;1125
20160127 114600;13.73;13.73;13.73;13.73;100
20160127 153700;13.74;13.74;13.74;13.74;556
20160127 154700;13.75;13.75;13.75;13.75;100
20160127 155000;13.74;13.74;13.7101;13.73;1633
20160127 155500;13.74;13.74;13.74;13.74;100
20160127 155700;13.71;13.73;13.71;13.73;336
20160127 155800;13.72;13.72;13.72;13.72;100
20160127 160000;13.72;13.72;13.72;13.72;100
20160128 100600;13.8698;13.8698;13.8698;13.8698;600
20160128 102100;13.84;13.84;13.84;13.84;200
20160128 102200;13.8301;13.855;13.82;13.82;600
20160128 102600;13.83;13.83;13.83;13.83;100
20160128 103300;13.83;13.84;13.83;13.84;200
20160128 103400;13.82;13.82;13.82;13.82;100
20160128 110600;13.8499;13.8499;13.84;13.84;400
20160128 110800;13.85;13.85;13.85;13.85;200
20160128 115800;13.85;13.85;13.85;13.85;100
20160128 120100;13.85;13.85;13.85;13.85;121
20160128 121700;13.85;13.85;13.83;13.83;1146
20160128 134000;13.875;13.875;13.875;13.875;1426
20160128 143200;13.85;13.87;13.79;13.79;3440
20160128 144800;13.864;13.864;13.864;13.864;1079
20160128 150000;13.866;13.866;13.866;13.866;300
20160128 153700;13.87;13.87;13.87;13.87;100
20160128 154600;13.87;13.89;13.85;13.85;500
20160129 093300;13.91;13.91;13.9;13.91;1241
20160129 093400;13.91;13.95;13.9;13.95;1258
20160129 093500;13.9258;13.9258;13.9258;13.9258;100
20160129 093900;13.88;13.88;13.88;13.88;100
20160129 094100;13.958;13.958;13.958;13.958;100
20160129 094400;13.955;13.96;13.955;13.96;280
20160129 095400;13.96;13.96;13.96;13.96;100
20160129 095700;13.97;13.97;13.97;13.97;600
20160129 100100;13.99;13.99;13.99;13.99;100
20160129 100300;13.99;13.99;13.99;13.99;100
20160129 100900;14;14;14;14;100
20160129 102100;14.02;14.02;14.02;14.02;100
20160129 102600;14.02;14.02;14.02;14.02;100
20160129 103900;14.02;14.02;14.02;14.02;100
20160129 104000;14.02;14.02;14.02;14.02;100
20160129 104300;14.038;14.038;14.038;14.038;100
20160129 110400;14.05;14.05;14.05;14.05;821
20160129 111400;14.0899;14.09;14.0899;14.09;2034
20160129 112000;14.09;14.09;14.09;14.09;751
20160129 112900;14.08;14.09;14.08;14.09;1683
20160129 121100;14.0785;14.08;14.0785;14.08;700
20160129 122800;14.0519;14.0519;14.0519;14.0519;503
20160129 123700;14.05;14.05;14.05;14.05;1000
20160129 130600;14.05;14.05;14.05;14.05;100
20160129 131800;14.0576;14.0576;14.0576;14.0576;1070
20160129 131900;14.08;14.08;14.08;14.08;1200
20160129 132600;14.074;14.074;14.074;14.074;232
20160129 133700;14.04;14.04;14.04;14.04;200
20160129 153500;14.0299;14.0299;14.0299;14.0299;1000
20160129 153700;14.03;14.04;14.0299;14.03;1480
20160129 153900;14.04;14.08;14.04;14.08;800
20160129 155600;14.08;14.08;14.08;14.08;100
20160129 160000;14.07;14.11;14.07;14.11;360
20160201 095100;13.98;13.98;13.97;13.98;900
20160201 101500;13.9571;13.9571;13.9571;13.9571;100
20160201 103200;13.98;13.98;13.98;13.98;220
20160201 105400;13.98;13.98;13.98;13.98;100
20160201 105600;13.9899;14;13.9899;14;2020
20160201 105900;14.06;14.06;14.06;14.06;100
20160201 112400;14.06;14.06;14.06;14.06;100
20160201 112900;14.0599;14.0599;14.0599;14.0599;100
20160201 115000;14.06;14.06;14.06;14.06;100
20160201 120900;14.06;14.06;14.05;14.06;1711
20160201 121000;14.11;14.11;14.11;14.11;100
20160201 121100;14.1;14.1;14.1;14.1;100
20160201 121800;14.09;14.09;14.09;14.09;700
20160201 123200;14.08;14.08;14.08;14.08;100
20160201 125000;14.08;14.08;14.07;14.08;800
20160201 125800;14.08;14.08;14.08;14.08;100
20160201 133200;14.08;14.08;14.08;14.08;200
20160201 135600;14.08;14.08;14.08;14.08;200
20160201 140000;14.04;14.04;14.01;14.01;1479
20160201 150000;14.08;14.08;14.08;14.08;200
20160201 150900;14.06;14.06;14.06;14.06;100
20160201 153300;14.09;14.09;14.08;14.08;661
20160201 153600;14.08;14.08;14.08;14.08;100
20160201 154600;14.08;14.08;14.08;14.08;496
20160201 154900;14.08;14.08;14.08;14.08;100
20160201 155900;14.09;14.09;14.09;14.09;100
20160202 093200;14.03;14.03;14.03;14.03;100
20160202 093300;13.96;13.96;13.96;13.96;100
20160202 094100;14.01;14.01;14.01;14.01;100
20160202 095300;13.99;14.1;13.99;14.05;4098
20160202 095700;14.01;14.01;13.96;13.96;200
20160202 100600;14;14.01;14;14.0075;410
20160202 102300;14.03;14.03;14.03;14.03;100
20160202 102700;14.04;14.04;14.04;14.04;875
20160202 102800;14.0734;14.0734;14.0734;14.0734;136
20160202 111500;14.1;14.1;14.1;14.1;600
20160202 111600;14.1;14.1;14.1;14.1;954
20160202 112000;14.1;14.1;14.1;14.1;1100
20160202 112200;14.0849;14.0849;14.0849;14.0849;598
20160202 112400;14.1;14.1;14.1;14.1;100
20160202 112700;14.1;14.1;14.1;14.1;100
20160202 113100;14.099;14.099;14.099;14.099;200
20160202 115000;14.1;14.1;14.1;14.1;200
20160202 120200;14.1;14.1;14.0999;14.1;3100
20160202 120500;14.09;14.09;14.09;14.09;100
20160202 120900;14.09;14.095;14.06;14.06;1404
20160202 121000;14.06;14.06;14.06;14.06;300
20160202 121300;14.06;14.06;14.06;14.06;100
20160202 124700;14.02;14.02;14.02;14.02;470
20160202 142200;14.0101;14.0101;14.0101;14.0101;287
20160202 151100;14.0201;14.0201;14.0201;14.0201;425
20160202 151200;14.04;14.04;14.04;14.04;100
20160202 151600;14.04;14.04;14.04;14.04;100
20160202 152100;14.06;14.06;14.06;14.06;100
20160202 152500;14.06;14.06;14.06;14.06;100
20160202 152800;14.06;14.06;14.06;14.06;100
20160202 153200;14.06;14.06;14.06;14.06;100
20160202 153600;14.06;14.06;14.06;14.06;100
20160202 154000;14.06;14.06;14.06;14.06;100
20160202 154100;14.06;14.06;14.06;14.06;100
20160202 154300;14.06;14.06;14.06;14.06;100
20160202 154500;14.06;14.06;14.06;14.06;100
20160202 154800;14.06;14.06;14.06;14.06;100
20160202 155000;14.07;14.07;14.07;14.07;100
20160202 155200;14.07;14.07;14.07;14.07;100
20160202 155300;14.07;14.07;14.07;14.07;100
20160202 155400;14.06;14.06;14.06;14.06;100
20160202 155500;14.06;14.06;14.06;14.06;100
20160202 155600;14.06;14.07;14.06;14.07;200
20160202 155700;14.07;14.07;14.07;14.07;100
20160202 155800;14.07;14.07;14.07;14.07;100
20160202 155900;14.07;14.07;14.05;14.05;400
20160202 160000;14.07;14.07;14.07;14.07;338
20160203 094100;14.0667;14.0667;14.0667;14.0667;495
20160203 094400;14.0562;14.0562;14.0562;14.0562;1170
20160203 094800;14.08;14.08;14.08;14.08;100
20160203 100200;14.07;14.07;14.07;14.07;100
20160203 101100;14.07;14.07;14.07;14.07;100
20160203 102500;14.07;14.07;14.07;14.07;600
20160203 103100;14.06;14.06;14.06;14.06;100
20160203 104100;14.04;14.04;14.04;14.04;400
20160203 104500;14.06;14.06;14.06;14.06;200
20160203 105100;14.09;14.09;14.09;14.09;100
20160203 105700;14.07;14.07;14.07;14.07;100
20160203 111600;14.0416;14.0416;14.0416;14.0416;750
20160203 112600;14.05;14.05;14.05;14.05;100
20160203 113900;14.08;14.08;14.08;14.08;100
20160203 114000;14.08;14.08;14.08;14.08;100
20160203 133400;14.0515;14.0515;14.0515;14.0515;781
20160203 134800;14.07;14.07;14.07;14.07;100
20160203 140700;14.08;14.08;14.08;14.08;100
20160203 144700;14.0601;14.08;14.0601;14.08;500
20160203 155900;14.09;14.09;14.09;14.09;300
20160204 100100;14.1;14.1;14.1;14.1;100
20160204 101200;14.0525;14.08;14.0525;14.055;2200
20160204 101600;14.08;14.08;14.08;14.08;100
20160204 102600;14.08;14.08;14.08;14.08;100
20160204 104100;14.1;14.1;14.1;14.1;100
20160204 105600;14.11;14.11;14.11;14.11;100
20160204 111400;14.08;14.08;14.08;14.08;300
20160204 111600;14.0601;14.0601;14.0601;14.0601;614
20160204 113700;14.1071;14.11;14.1069;14.11;750
20160204 114600;14.12;14.12;14.12;14.12;100
20160204 120600;14.13;14.13;14.13;14.13;200
20160204 121000;14.1399;14.1399;14.13;14.13;600
20160204 124600;14.1103;14.14;14.11;14.11;4900
20160204 125100;14.1;14.1;14.1;14.1;100
20160204 125400;14.09;14.09;14.09;14.09;300
20160204 125600;14.14;14.14;14.14;14.14;300
20160204 132500;14.0866;14.0866;14.0866;14.0866;300
20160204 133100;14.13;14.13;14.13;14.13;100
20160204 134600;14.13;14.13;14.13;14.13;100
20160204 141100;14.13;14.13;14.13;14.13;100
20160204 143100;14.14;14.14;14.14;14.14;100
20160204 145400;14.1201;14.1201;14.12;14.12;900
20160204 151000;14.14;14.14;14.14;14.14;100
20160204 151500;14.14;14.14;14.14;14.14;100
20160204 152000;14.14;14.14;14.14;14.14;100
20160204 152500;14.13;14.13;14.13;14.13;100
20160204 152600;14.11;14.11;14.11;14.11;100
20160204 152700;14.1001;14.1001;14.1001;14.1001;1000
20160204 153100;14.1;14.103;14.1;14.103;3100
20160204 154000;14.11;14.11;14.11;14.11;100
20160204 154500;14.12;14.12;14.12;14.12;100
20160204 154800;14.09;14.09;14.09;14.09;201
20160204 155500;14.09;14.09;14.09;14.09;100
20160204 155900;14.09;14.09;14.0856;14.09;1438
20160205 100200;14.0568;14.0568;14.016;14.016;2327
20160205 100300;14.08;14.08;14.08;14.08;100
20160205 100500;14.065;14.065;14.065;14.065;100
20160205 101100;14.06;14.081;14.06;14.081;10463
20160205 101700;14.06;14.06;14.06;14.06;100
20160205 102800;14.08;14.08;14.08;14.08;2100
20160205 103800;14.05;14.05;14.05;14.05;100
20160205 104100;14.08;14.08;14.08;14.08;157
20160205 104600;14.04;14.04;14.04;14.04;100
20160205 105200;14.08;14.08;14.08;14.08;200
20160205 110400;14.08;14.08;14.08;14.08;100
20160205 110700;14.05;14.05;14.05;14.05;100
20160205 112000;14.05;14.05;14.05;14.05;100
20160205 112300;14.05;14.0501;14.04;14.041;4258
20160205 112400;14.05;14.05;14.05;14.05;200
20160205 112800;14.0601;14.0602;14.06;14.06;3600
20160205 113000;14.06;14.0602;14.06;14.06;2000
20160205 115000;14.04;14.04;14.04;14.04;100
20160205 120600;14.04;14.04;14.04;14.04;100
20160205 121000;14.04;14.04;14.04;14.04;360
20160205 121100;14.04;14.04;14.04;14.04;1618
20160205 121500;14.03;14.0375;14.02;14.03;561
20160205 122400;14;14;14;14;200
20160205 123800;14.02;14.02;14.02;14.02;100
20160205 125500;14.02;14.02;14.02;14.02;200
20160205 130600;14.03;14.0301;14;14;1894
20160205 131500;13.9904;13.9904;13.9904;13.9904;756
20160205 133100;14.0119;14.0119;14.0119;14.0119;500
20160205 141600;13.99;13.992;13.99;13.992;600
20160205 142800;14;14.002;13.99;14.002;1700
20160205 144400;13.998;13.998;13.998;13.998;500
20160205 151700;13.9801;13.9801;13.98;13.98;703
20160205 151800;13.98;13.982;13.98;13.982;2136
20160205 152700;13.9999;13.9999;13.98;13.98;1100
20160205 152800;13.9999;14;13.99;13.9999;2055
20160205 153000;14.0099;14.01;14.0099;14.0099;3050
20160205 153100;14.02;14.02;14.0199;14.0199;452
20160205 153200;14.02;14.02;14.02;14.02;300
20160205 153300;14.02;14.0205;13.98;13.98;2208
20160205 153400;14.01;14.0299;14.01;14.0299;1951
20160205 153600;14.03;14.03;14.03;14.03;900
20160205 153700;14.03;14.0301;13.98;13.98;2600
20160205 153800;14.03;14.03;14.03;14.03;900
20160205 154000;14.04;14.04;14.04;14.04;1004
20160205 154100;14.04;14.05;14.04;14.04;3551
20160205 154300;14.0599;14.0599;14.0599;14.0599;1352
20160205 154400;14.0599;14.06;14.0599;14.06;5000
20160205 154500;14.05;14.05;14.05;14.05;100
20160205 155700;14.04;14.04;14.04;14.04;400
20160205 155900;14.03;14.03;14.03;14.03;100
20160205 160000;14.03;14.03;14.03;14.03;100
