20160119 093200;8.401;8.401;8.401;8.401;2000
20160119 093300;8.42;8.43;8.42;8.43;600
20160119 093600;8.43;8.43;8.43;8.43;100
20160119 094200;8.411;8.411;8.4101;8.4101;1500
20160119 094300;8.4101;8.4101;8.4101;8.4101;500
20160119 100000;8.39;8.39;8.39;8.39;1022
20160119 101200;8.4;8.4;8.393;8.393;900
20160119 102200;8.4088;8.4088;8.4088;8.4088;1300
20160119 104000;8.4;8.4;8.4;8.4;100
20160119 111000;8.39;8.39;8.39;8.39;500
20160119 112300;8.39;8.39;8.39;8.39;1000
20160119 112400;8.39;8.39;8.39;8.39;1000
20160119 112600;8.38;8.38;8.38;8.38;100
20160119 113600;8.4;8.42;8.4;8.42;4885
20160119 113900;8.41;8.41;8.41;8.41;1100
20160119 120200;8.41;8.417;8.41;8.417;400
20160119 121500;8.4181;8.4181;8.41;8.41;2500
20160119 122000;8.41;8.41;8.41;8.41;120
20160119 122300;8.4199;8.4199;8.4195;8.4199;1000
20160119 122900;8.413;8.413;8.41;8.41;2500
20160119 124600;8.411;8.411;8.41;8.41;1000
20160119 130900;8.41;8.41;8.41;8.41;1000
20160119 132200;8.42;8.42;8.42;8.42;5000
20160119 132900;8.425;8.425;8.425;8.425;1497
20160119 133300;8.421;8.421;8.421;8.421;2000
20160119 133400;8.42;8.42;8.42;8.42;100
20160119 133700;8.42;8.42;8.42;8.42;500
20160119 133800;8.42;8.42;8.42;8.42;600
20160119 133900;8.429;8.43;8.42;8.42;2400
20160119 134000;8.4299;8.4299;8.42;8.425;2975
20160119 134200;8.43;8.43;8.429;8.429;6112
20160119 134400;8.42;8.42;8.42;8.42;100
20160119 135000;8.43;8.43;8.43;8.43;280
20160119 135800;8.43;8.43;8.43;8.43;1925
20160119 140000;8.43;8.43;8.43;8.43;300
20160119 140600;8.43;8.4696;8.43;8.4399;3800
20160119 140800;8.43;8.43;8.43;8.43;100
20160119 141000;8.43;8.431;8.42;8.421;5900
20160119 141100;8.42;8.42;8.42;8.42;130
20160119 141400;8.43;8.43;8.43;8.43;1000
20160119 141600;8.42;8.42;8.42;8.42;600
20160119 141700;8.42;8.4259;8.42;8.4259;4136
20160119 142200;8.42;8.42;8.42;8.42;200
20160119 143600;8.43;8.43;8.43;8.43;1401
20160119 143900;8.43;8.43;8.43;8.43;100
20160119 144400;8.439;8.44;8.43;8.44;3602
20160119 144500;8.449;8.45;8.449;8.45;541
20160119 144600;8.45;8.45;8.45;8.45;1500
20160119 150400;8.45;8.45;8.45;8.45;800
20160119 150700;8.46;8.46;8.46;8.46;800
20160119 150800;8.46;8.47;8.46;8.46;1400
20160119 150900;8.46;8.46;8.46;8.46;503
20160119 151300;8.46;8.46;8.46;8.46;100
20160119 152800;8.4689;8.4689;8.4689;8.4689;300
20160119 153100;8.47;8.47;8.47;8.47;331
20160119 153300;8.461;8.47;8.461;8.47;11600
20160119 153400;8.47;8.47;8.47;8.47;1300
20160119 153500;8.475;8.48;8.47;8.48;3400
20160119 153600;8.47;8.47;8.47;8.47;400
20160119 153700;8.47;8.47;8.47;8.47;400
20160119 153800;8.47;8.47;8.47;8.47;500
20160119 154000;8.47;8.47;8.47;8.47;200
20160119 154100;8.47;8.47;8.47;8.47;900
20160119 154300;8.48;8.48;8.48;8.48;40000
20160119 154600;8.475;8.475;8.4716;8.4716;200
20160119 154700;8.47;8.47;8.47;8.47;100
20160119 154800;8.47;8.47;8.47;8.47;100
20160119 154900;8.475;8.475;8.47;8.4708;1600
20160119 155000;8.47;8.48;8.47;8.47;2100
20160119 155300;8.47;8.47;8.47;8.47;100
20160119 155400;8.48;8.48;8.47;8.48;9942
20160119 155500;8.4601;8.49;8.4601;8.48;8302
20160119 160000;8.485;8.485;8.48;8.48;2059
20160120 093200;8.413;8.413;8.413;8.413;700
20160120 093700;8.41;8.41;8.41;8.41;582
20160120 093800;8.41;8.41;8.41;8.41;300
20160120 093900;8.41;8.41;8.41;8.41;949
20160120 095000;8.37;8.38;8.36;8.36;4100
20160120 095500;8.35;8.35;8.34;8.34;1383
20160120 100300;8.34;8.34;8.34;8.34;200
20160120 100500;8.34;8.34;8.34;8.34;100
20160120 100600;8.34;8.34;8.34;8.34;100
20160120 100700;8.34;8.34;8.34;8.34;250
20160120 100900;8.3499;8.3499;8.3401;8.3401;1275
20160120 101400;8.35;8.35;8.35;8.35;100
20160120 101500;8.36;8.36;8.36;8.36;2110
20160120 102500;8.33;8.33;8.33;8.33;100
20160120 102600;8.34;8.34;8.34;8.34;100
20160120 102700;8.3349;8.3349;8.33;8.33;1559
20160120 102800;8.33;8.335;8.33;8.33;900
20160120 102900;8.33;8.336;8.33;8.33;1833
20160120 103000;8.34;8.34;8.34;8.34;3296
20160120 103600;8.33;8.335;8.32;8.32;2234
20160120 103700;8.33;8.33;8.31;8.31;5067
20160120 103800;8.31;8.315;8.31;8.315;1300
20160120 103900;8.33;8.34;8.33;8.34;2000
20160120 104000;8.32;8.32;8.3;8.3008;2633
20160120 104100;8.3;8.3;8.3;8.3;100
20160120 104200;8.33;8.33;8.33;8.33;500
20160120 104300;8.33;8.33;8.33;8.33;313
20160120 104500;8.335;8.335;8.32;8.3208;1874
20160120 104600;8.3111;8.3111;8.31;8.31;400
20160120 105500;8.32;8.32;8.32;8.32;100
20160120 110000;8.3174;8.3174;8.3174;8.3174;339
20160120 111000;8.314;8.3142;8.314;8.3142;500
20160120 111100;8.31;8.312;8.31;8.312;960
20160120 111200;8.32;8.32;8.32;8.32;133
20160120 111300;8.32;8.32;8.32;8.32;800
20160120 112000;8.315;8.315;8.315;8.315;1000
20160120 112100;8.3178;8.3178;8.3178;8.3178;100
20160120 112200;8.32;8.32;8.32;8.32;223
20160120 112900;8.3201;8.335;8.32;8.32;2986
20160120 113000;8.3111;8.325;8.31;8.31;2200
20160120 113200;8.3101;8.3101;8.3101;8.3101;1100
20160120 114600;8.34;8.36;8.33;8.33;2854
20160120 114700;8.35;8.36;8.35;8.36;1100
20160120 114800;8.33;8.33;8.33;8.33;300
20160120 114900;8.33;8.33;8.33;8.33;100
20160120 115400;8.33;8.33;8.33;8.33;600
20160120 115500;8.34;8.34;8.34;8.34;600
20160120 120100;8.345;8.345;8.345;8.345;100
20160120 120200;8.34;8.34;8.34;8.34;100
20160120 120500;8.345;8.345;8.345;8.345;600
20160120 120600;8.34;8.34;8.34;8.34;400
20160120 120700;8.33;8.33;8.33;8.33;300
20160120 120800;8.33;8.33;8.33;8.33;1200
20160120 120900;8.33;8.33;8.3275;8.3275;500
20160120 121000;8.32;8.325;8.32;8.32;1200
20160120 121100;8.32;8.32;8.32;8.32;200
20160120 121200;8.32;8.32;8.32;8.32;300
20160120 121300;8.32;8.32;8.32;8.32;200
20160120 121400;8.31;8.32;8.31;8.31;600
20160120 121500;8.32;8.32;8.3;8.3;1983
20160120 121600;8.31;8.31;8.305;8.3075;1234
20160120 121700;8.3;8.3;8.3;8.3;290
20160120 121800;8.3;8.305;8.27;8.27;1900
20160120 121900;8.26;8.27;8.245;8.245;2800
20160120 122100;8.25;8.25;8.245;8.25;1700
20160120 122200;8.25;8.25;8.25;8.25;100
20160120 122300;8.245;8.25;8.245;8.25;800
20160120 122600;8.2599;8.2599;8.2599;8.2599;500
20160120 123200;8.27;8.27;8.27;8.27;100
20160120 123600;8.27;8.27;8.27;8.27;100
20160120 124000;8.27;8.27;8.27;8.27;100
20160120 124200;8.26;8.27;8.26;8.26;1033
20160120 124300;8.26;8.26;8.26;8.26;100
20160120 124600;8.279;8.288;8.275;8.28;7400
20160120 130200;8.3;8.3;8.3;8.3;100
20160120 130500;8.31;8.31;8.309;8.31;400
20160120 130900;8.31;8.31;8.31;8.31;100
20160120 131200;8.315;8.32;8.315;8.32;400
20160120 131300;8.31;8.31;8.31;8.31;100
20160120 131500;8.32;8.32;8.32;8.32;333
20160120 131700;8.31;8.31;8.31;8.31;100
20160120 131800;8.31;8.31;8.31;8.31;100
20160120 132100;8.3;8.3;8.3;8.3;103
20160120 132200;8.31;8.31;8.31;8.31;200
20160120 132400;8.3;8.3;8.3;8.3;200
20160120 133500;8.3;8.31;8.3;8.31;700
20160120 134100;8.32;8.32;8.318;8.318;900
20160120 134200;8.3199;8.32;8.318;8.318;1900
20160120 134600;8.32;8.32;8.32;8.32;100
20160120 134700;8.3194;8.3194;8.3194;8.3194;105
20160120 135200;8.35;8.35;8.35;8.35;100
20160120 135900;8.35;8.35;8.35;8.35;400
20160120 140200;8.34;8.34;8.34;8.34;300
20160120 140500;8.3461;8.3461;8.3461;8.3461;119
20160120 140900;8.34;8.3401;8.33;8.33;437
20160120 141100;8.3311;8.3311;8.3311;8.3311;1000
20160120 141200;8.34;8.34;8.34;8.34;500
20160120 142000;8.325;8.325;8.31;8.31;1200
20160120 142200;8.34;8.34;8.34;8.34;300
20160120 143400;8.31;8.31;8.31;8.31;200
20160120 145700;8.32;8.32;8.32;8.32;686
20160120 150000;8.32;8.33;8.32;8.33;1330
20160120 150100;8.3221;8.3221;8.3221;8.3221;500
20160120 150400;8.3214;8.33;8.3214;8.33;600
20160120 151000;8.31;8.31;8.31;8.31;100
20160120 151100;8.3;8.3;8.3;8.3;100
20160120 152700;8.3101;8.3101;8.3101;8.3101;625
20160120 153600;8.33;8.33;8.33;8.33;500
20160120 154000;8.336;8.336;8.3358;8.3358;300
20160120 154100;8.3244;8.3244;8.3244;8.3244;2000
20160120 154500;8.35;8.35;8.34;8.35;2300
20160120 154900;8.35;8.35;8.35;8.35;100
20160120 155100;8.35;8.35;8.35;8.35;100
20160120 155400;8.35;8.35;8.34;8.35;1980
20160120 155500;8.355;8.355;8.35;8.35;1034
20160120 155600;8.35;8.35;8.35;8.35;100
20160120 155700;8.34;8.35;8.34;8.35;3817
20160120 155800;8.35;8.35;8.35;8.35;100
20160120 155900;8.35;8.36;8.33;8.33;5334
20160120 160000;8.35;8.35;8.349;8.349;400
20160121 094700;8.36;8.36;8.36;8.36;100
20160121 094900;8.36;8.36;8.36;8.36;100
20160121 095000;8.35;8.35;8.35;8.35;100
20160121 095400;8.36;8.36;8.36;8.36;100
20160121 095800;8.3499;8.3499;8.33;8.33;200
20160121 095900;8.34;8.34;8.34;8.34;100
20160121 100300;8.36;8.36;8.36;8.36;100
20160121 100700;8.35;8.35;8.35;8.35;100
20160121 101500;8.35;8.35;8.35;8.35;300
20160121 101700;8.35;8.35;8.35;8.35;500
20160121 102000;8.35;8.35;8.342;8.342;725
20160121 102100;8.36;8.36;8.355;8.36;1100
20160121 102200;8.355;8.355;8.34;8.34;1000
20160121 102400;8.35;8.35;8.35;8.35;200
20160121 102700;8.345;8.345;8.33;8.3408;966
20160121 103000;8.34;8.34;8.34;8.34;166
20160121 103200;8.35;8.35;8.35;8.35;566
20160121 104000;8.35;8.35;8.35;8.35;199
20160121 104100;8.35;8.35;8.35;8.35;100
20160121 104400;8.35;8.35;8.35;8.35;300
20160121 104900;8.35;8.35;8.34;8.34;500
20160121 105000;8.35;8.35;8.35;8.35;200
20160121 105200;8.35;8.35;8.35;8.35;200
20160121 105300;8.35;8.35;8.35;8.35;100
20160121 105500;8.35;8.35;8.35;8.35;769
20160121 105800;8.36;8.36;8.36;8.36;100
20160121 110000;8.36;8.36;8.36;8.36;100
20160121 110500;8.36;8.36;8.35;8.36;3300
20160121 110600;8.354;8.354;8.354;8.354;100
20160121 111000;8.36;8.36;8.36;8.36;800
20160121 112000;8.3599;8.3599;8.3599;8.3599;200
20160121 112700;8.36;8.36;8.36;8.36;600
20160121 112800;8.35;8.35;8.35;8.35;131
20160121 113000;8.355;8.355;8.35;8.35;3000
20160121 113800;8.359;8.36;8.35;8.35;4200
20160121 114100;8.36;8.36;8.36;8.36;200
20160121 114300;8.36;8.36;8.36;8.36;1798
20160121 114900;8.36;8.36;8.35;8.35;1100
20160121 115300;8.36;8.36;8.36;8.36;465
20160121 115500;8.36;8.36;8.35;8.35;4135
20160121 115800;8.36;8.36;8.36;8.36;800
20160121 120100;8.36;8.36;8.36;8.36;700
20160121 120200;8.36;8.36;8.36;8.36;200
20160121 121000;8.39;8.39;8.39;8.39;100
20160121 121300;8.39;8.39;8.38;8.38;400
20160121 121900;8.39;8.4;8.39;8.4;10000
20160121 122000;8.4;8.41;8.4;8.41;4801
20160121 122100;8.41;8.41;8.41;8.41;1300
20160121 122300;8.42;8.44;8.42;8.43;6300
20160121 122500;8.43;8.43;8.43;8.43;1100
20160121 122600;8.43;8.43;8.43;8.43;1926
20160121 122700;8.44;8.44;8.44;8.44;1400
20160121 122800;8.44;8.44;8.44;8.44;2800
20160121 123200;8.44;8.44;8.44;8.44;3400
20160121 123400;8.44;8.44;8.43;8.43;800
20160121 123500;8.43;8.44;8.43;8.44;2699
20160121 123600;8.44;8.44;8.43;8.44;2400
20160121 123700;8.436;8.436;8.436;8.436;200
20160121 123800;8.44;8.45;8.44;8.45;1200
20160121 123900;8.45;8.45;8.45;8.45;3200
20160121 124300;8.46;8.46;8.46;8.46;100
20160121 124400;8.45;8.455;8.45;8.45;1100
20160121 124500;8.46;8.48;8.46;8.48;1300
20160121 124600;8.49;8.5;8.48;8.48;2223
20160121 124800;8.481;8.481;8.48;8.48;3034
20160121 125000;8.47;8.48;8.47;8.47;1232
20160121 125100;8.48;8.48;8.48;8.48;2268
20160121 125400;8.47;8.47;8.47;8.47;400
20160121 125500;8.47;8.4811;8.47;8.48;1565
20160121 125600;8.48;8.481;8.48;8.48;1500
20160121 125700;8.48;8.48;8.48;8.48;1234
20160121 130600;8.48;8.48;8.48;8.48;367
20160121 130700;8.48;8.49;8.48;8.49;2500
20160121 131400;8.48;8.48;8.48;8.48;300
20160121 131600;8.475;8.48;8.475;8.479;4850
20160121 131900;8.475;8.475;8.47;8.47;566
20160121 132200;8.47;8.47;8.47;8.47;2864
20160121 132300;8.47;8.47;8.47;8.47;999
20160121 132500;8.475;8.475;8.475;8.475;7000
20160121 132600;8.47;8.47;8.47;8.47;2099
20160121 133000;8.47;8.47;8.47;8.47;100
20160121 133100;8.4786;8.4786;8.4786;8.4786;6000
20160121 133300;8.47;8.47;8.47;8.47;100
20160121 133400;8.47;8.47;8.46;8.46;200
20160121 133500;8.47;8.47;8.47;8.47;600
20160121 133600;8.47;8.471;8.47;8.471;2500
20160121 133700;8.47;8.48;8.47;8.48;5233
20160121 133800;8.47;8.47;8.47;8.47;133
20160121 133900;8.47;8.471;8.47;8.47;933
20160121 134000;8.4758;8.4758;8.47;8.47;300
20160121 134200;8.47;8.47;8.47;8.47;466
20160121 134300;8.47;8.47;8.47;8.47;667
20160121 134500;8.46;8.4758;8.46;8.4758;600
20160121 135200;8.48;8.48;8.48;8.48;2000
20160121 135300;8.48;8.48;8.48;8.48;500
20160121 135500;8.4799;8.4799;8.4799;8.4799;450
20160121 140500;8.4701;8.4701;8.4701;8.4701;400
20160121 140700;8.4767;8.4767;8.4767;8.4767;1181
20160121 140800;8.471;8.471;8.471;8.471;4000
20160121 141000;8.48;8.48;8.48;8.48;1000
20160121 141600;8.48;8.48;8.48;8.48;1000
20160121 142100;8.475;8.475;8.4701;8.475;10935
20160121 142300;8.4797;8.4797;8.4797;8.4797;1056
20160121 142400;8.48;8.48;8.48;8.48;25000
20160121 142800;8.45;8.45;8.45;8.45;976
20160121 144700;8.45;8.45;8.45;8.45;3000
20160121 145100;8.4616;8.4616;8.4616;8.4616;500
20160121 151700;8.4679;8.4679;8.4679;8.4679;482
20160121 154600;8.479;8.479;8.479;8.479;1196
20160121 154800;8.462;8.462;8.462;8.462;300
20160121 160000;8.47;8.47;8.47;8.47;500
20160122 093300;8.52;8.55;8.52;8.55;9335
20160122 093400;8.511;8.513;8.511;8.513;5000
20160122 093900;8.505;8.505;8.505;8.505;238
20160122 094300;8.555;8.555;8.555;8.555;350
20160122 094800;8.5306;8.5306;8.5306;8.5306;810
20160122 094900;8.5494;8.5494;8.5494;8.5494;1344
20160122 095500;8.5201;8.5201;8.5201;8.5201;200
20160122 100900;8.5499;8.55;8.5499;8.55;1168
20160122 101400;8.56;8.56;8.56;8.56;1166
20160122 102100;8.55;8.55;8.55;8.55;314
20160122 103700;8.54;8.54;8.54;8.54;100
20160122 105200;8.5202;8.5202;8.51;8.51;7726
20160122 105600;8.51;8.51;8.51;8.51;433
20160122 105700;8.51;8.51;8.51;8.51;200
20160122 112200;8.5499;8.5499;8.5499;8.5499;640
20160122 113200;8.55;8.55;8.55;8.55;100
20160122 114800;8.55;8.55;8.55;8.55;200
20160122 120200;8.55;8.55;8.55;8.55;100
20160122 120300;8.55;8.55;8.55;8.55;100
20160122 120400;8.5499;8.5499;8.5499;8.5499;8750
20160122 121100;8.5201;8.5201;8.5201;8.5201;585
20160122 122300;8.54;8.54;8.54;8.54;200
20160122 122400;8.54;8.54;8.54;8.54;400
20160122 122700;8.54;8.54;8.54;8.54;300
20160122 122800;8.539;8.539;8.538;8.538;2300
20160122 123100;8.5399;8.54;8.5399;8.54;481
20160122 123500;8.52;8.52;8.49;8.49;8900
20160122 123600;8.5;8.5004;8.49;8.5004;3764
20160122 124900;8.54;8.54;8.54;8.54;200
20160122 125200;8.54;8.54;8.54;8.54;100
20160122 130000;8.54;8.54;8.54;8.54;100
20160122 131600;8.54;8.54;8.54;8.54;400
20160122 131700;8.54;8.54;8.54;8.54;296
20160122 133000;8.53;8.53;8.52;8.5202;1600
20160122 133100;8.5002;8.5002;8.5002;8.5002;1081
20160122 135400;8.54;8.54;8.5004;8.5004;10100
20160122 140000;8.54;8.54;8.54;8.54;100
20160122 140200;8.54;8.54;8.54;8.54;200
20160122 140600;8.5004;8.5004;8.5004;8.5004;159
20160122 140700;8.54;8.54;8.54;8.54;400
20160122 141000;8.54;8.54;8.54;8.54;200
20160122 141300;8.54;8.54;8.54;8.54;100
20160122 141400;8.54;8.54;8.54;8.54;100
20160122 141600;8.52;8.54;8.52;8.52;3575
20160122 141700;8.52;8.54;8.5;8.54;2300
20160122 142100;8.5271;8.5271;8.5271;8.5271;1756
20160122 142700;8.54;8.54;8.536;8.536;875
20160122 142800;8.5001;8.54;8.48;8.54;16334
20160122 144700;8.54;8.54;8.54;8.54;100
20160122 145100;8.54;8.54;8.54;8.54;500
20160122 145700;8.54;8.54;8.5399;8.54;1100
20160122 145900;8.54;8.54;8.54;8.54;100
20160122 150600;8.539;8.539;8.539;8.539;575
20160122 151300;8.54;8.54;8.54;8.54;100
20160122 151400;8.5301;8.5301;8.5301;8.5301;1200
20160122 152200;8.53;8.53;8.53;8.53;300
20160122 152400;8.53;8.53;8.53;8.53;100
20160122 152500;8.54;8.54;8.54;8.54;100
20160122 152600;8.54;8.54;8.54;8.54;100
20160122 152800;8.5253;8.5253;8.5253;8.5253;1000
20160122 153400;8.5103;8.5103;8.5103;8.5103;250
20160122 153600;8.5207;8.5207;8.5207;8.5207;1175
20160122 153700;8.5101;8.5101;8.51;8.51;600
20160122 153900;8.5319;8.5319;8.5319;8.5319;2381
20160122 154000;8.54;8.54;8.54;8.54;200
20160122 154200;8.54;8.54;8.54;8.54;100
20160122 154400;8.5103;8.5103;8.5103;8.5103;1000
20160122 154600;8.5103;8.5103;8.5103;8.5103;1000
20160122 154900;8.5103;8.54;8.5103;8.5399;1500
20160122 155100;8.54;8.54;8.54;8.54;100
20160122 155200;8.54;8.54;8.54;8.54;200
20160122 155500;8.54;8.54;8.54;8.54;600
20160122 155600;8.54;8.54;8.54;8.54;900
20160122 155700;8.54;8.54;8.54;8.54;10600
20160122 155800;8.54;8.54;8.5399;8.54;18600
20160122 155900;8.54;8.54;8.54;8.54;900
20160122 160000;8.54;8.54;8.54;8.54;300
20160125 093600;8.54;8.55;8.54;8.55;1000
20160125 093700;8.55;8.55;8.55;8.55;1000
20160125 093800;8.54;8.54;8.54;8.54;100
20160125 094000;8.54;8.55;8.54;8.55;900
20160125 094100;8.547;8.547;8.547;8.547;1000
20160125 094200;8.55;8.55;8.55;8.55;600
20160125 094400;8.55;8.55;8.55;8.55;500
20160125 094800;8.54;8.54;8.54;8.54;300
20160125 095000;8.55;8.55;8.55;8.55;100
20160125 095700;8.54;8.54;8.54;8.54;2235
20160125 095800;8.54;8.54;8.54;8.54;1300
20160125 095900;8.54;8.54;8.54;8.54;300
20160125 100200;8.53;8.53;8.53;8.53;700
20160125 100300;8.54;8.54;8.54;8.54;200
20160125 100500;8.538;8.538;8.538;8.538;100
20160125 100600;8.538;8.538;8.538;8.538;1000
20160125 101000;8.53;8.53;8.53;8.53;1032
20160125 101600;8.529;8.529;8.529;8.529;1000
20160125 102500;8.52;8.52;8.52;8.52;3200
20160125 102700;8.53;8.53;8.53;8.53;800
20160125 103100;8.53;8.53;8.53;8.53;500
20160125 103800;8.53;8.53;8.53;8.53;100
20160125 104600;8.52;8.52;8.52;8.52;100
20160125 105000;8.53;8.53;8.53;8.53;200
20160125 105200;8.53;8.53;8.52;8.52;740
20160125 105500;8.52;8.52;8.52;8.52;100
20160125 105600;8.52;8.52;8.52;8.52;100
20160125 105700;8.52;8.52;8.52;8.52;100
20160125 110300;8.51;8.51;8.51;8.51;200
20160125 110600;8.5198;8.5198;8.5198;8.5198;2000
20160125 110900;8.523;8.523;8.523;8.523;1000
20160125 111800;8.51;8.54;8.51;8.54;6000
20160125 111900;8.52;8.52;8.52;8.52;1500
20160125 112000;8.5399;8.5399;8.5399;8.5399;175
20160125 113100;8.5367;8.5367;8.5367;8.5367;1000
20160125 113700;8.5101;8.54;8.5;8.54;3417
20160125 114600;8.54;8.54;8.5364;8.5364;350
20160125 115500;8.51;8.51;8.5;8.5;1100
20160125 120800;8.5;8.5;8.5;8.5;100
20160125 122800;8.51;8.51;8.51;8.51;100
20160125 123600;8.51;8.51;8.5;8.51;9540
20160125 124100;8.505;8.505;8.5;8.5032;1205
20160125 125100;8.5;8.5;8.46;8.46;7627
20160125 125300;8.48;8.48;8.48;8.48;100
20160125 130500;8.46;8.4601;8.46;8.4601;3210
20160125 132100;8.5;8.5;8.5;8.5;400
20160125 132700;8.482;8.482;8.482;8.482;240
20160125 133600;8.47;8.47;8.47;8.47;100
20160125 140000;8.4955;8.4955;8.4955;8.4955;2000
20160125 140600;8.4701;8.5;8.4701;8.5;1700
20160125 140800;8.5;8.5;8.5;8.5;100
20160125 141000;8.49;8.5;8.45;8.4999;4779
20160125 141900;8.48;8.48;8.42;8.44;4966
20160125 142000;8.46;8.46;8.46;8.46;100
20160125 143300;8.485;8.485;8.45;8.45;535
20160125 145300;8.46;8.5;8.41;8.41;3100
20160125 145400;8.49;8.49;8.49;8.49;100
20160125 150100;8.4549;8.5;8.4549;8.5;16932
20160125 150200;8.5;8.5;8.5;8.5;100
20160125 150600;8.49;8.49;8.49;8.49;200
20160125 150700;8.49;8.49;8.49;8.49;100
20160125 151100;8.49;8.49;8.49;8.49;500
20160125 151800;8.48;8.48;8.48;8.48;1500
20160125 153900;8.46;8.46;8.46;8.46;300
20160125 154500;8.46;8.46;8.46;8.46;200
20160125 154600;8.46;8.46;8.45;8.45;400
20160125 154700;8.4468;8.4468;8.4468;8.4468;100
20160125 154900;8.43;8.43;8.43;8.43;100
20160125 155100;8.4468;8.4468;8.4387;8.4387;800
20160125 155200;8.4468;8.4468;8.4468;8.4468;100
20160125 155300;8.4468;8.4468;8.4468;8.4468;100
20160125 155400;8.4468;8.4468;8.43;8.43;200
20160125 155500;8.4468;8.4468;8.4468;8.4468;100
20160125 155900;8.45;8.45;8.45;8.45;100
20160126 093600;8.44;8.44;8.44;8.44;300
20160126 094400;8.43;8.43;8.43;8.43;200
20160126 094500;8.43;8.43;8.43;8.43;100
20160126 094600;8.43;8.43;8.42;8.42;400
20160126 094800;8.42;8.42;8.42;8.42;200
20160126 100500;8.41;8.419;8.41;8.41;2000
20160126 100700;8.41;8.41;8.41;8.41;100
20160126 101000;8.42;8.42;8.42;8.42;1000
20160126 101200;8.42;8.42;8.4101;8.42;2500
20160126 101900;8.42;8.42;8.42;8.42;100
20160126 102000;8.42;8.42;8.42;8.42;900
20160126 102800;8.43;8.43;8.4299;8.43;2045
20160126 103000;8.44;8.44;8.44;8.44;100
20160126 103200;8.44;8.44;8.43;8.43;1497
20160126 104300;8.4101;8.4101;8.4101;8.4101;3500
20160126 104500;8.43;8.43;8.43;8.43;700
20160126 105100;8.4358;8.4358;8.4358;8.4358;200
20160126 105900;8.43;8.43;8.43;8.43;1400
20160126 110000;8.43;8.43;8.43;8.43;600
20160126 110100;8.4201;8.4201;8.4201;8.4201;100
20160126 111500;8.43;8.43;8.43;8.43;400
20160126 111800;8.43;8.43;8.43;8.43;3000
20160126 113000;8.42;8.42;8.42;8.42;152
20160126 114800;8.4258;8.4299;8.4258;8.4299;2000
20160126 115000;8.43;8.43;8.43;8.43;100
20160126 115100;8.43;8.44;8.43;8.44;4350
20160126 115200;8.44;8.45;8.44;8.45;6700
20160126 115300;8.45;8.45;8.445;8.45;5723
20160126 115400;8.45;8.45;8.45;8.45;700
20160126 115500;8.45;8.45;8.45;8.45;300
20160126 115600;8.45;8.45;8.45;8.45;300
20160126 115700;8.45;8.45;8.45;8.45;200
20160126 115800;8.45;8.45;8.45;8.45;300
20160126 115900;8.45;8.45;8.45;8.45;300
20160126 120000;8.45;8.45;8.4499;8.45;9500
20160126 120300;8.45;8.45;8.45;8.45;100
20160126 120400;8.45;8.45;8.447;8.447;500
20160126 121200;8.45;8.45;8.45;8.45;200
20160126 121700;8.45;8.45;8.45;8.45;200
20160126 121800;8.45;8.45;8.45;8.45;100
20160126 122500;8.446;8.446;8.442;8.442;500
20160126 122800;8.45;8.49;8.45;8.49;2557
20160126 124800;8.4658;8.476;8.458;8.464;1600
20160126 130600;8.46;8.4645;8.46;8.4645;200
20160126 130900;8.4601;8.4601;8.4601;8.4601;1016
20160126 132000;8.49;8.49;8.49;8.49;1148
20160126 132700;8.4876;8.49;8.4876;8.49;1600
20160126 133500;8.4686;8.4686;8.4686;8.4686;200
20160126 134500;8.49;8.49;8.4665;8.49;6236
20160126 140100;8.4601;8.4601;8.46;8.46;2900
20160126 140700;8.48;8.48;8.47;8.47;400
20160126 140800;8.489;8.489;8.488;8.488;1800
20160126 140900;8.489;8.49;8.488;8.49;3100
20160126 141100;8.49;8.49;8.488;8.488;2200
20160126 141700;8.5;8.5;8.5;8.5;1900
20160126 141800;8.5;8.5;8.5;8.5;800
20160126 142100;8.4827;8.4827;8.4827;8.4827;450
20160126 142600;8.5;8.5;8.5;8.5;100
20160126 142800;8.5;8.5;8.5;8.5;1173
20160126 145100;8.4878;8.4878;8.4878;8.4878;300
20160126 145400;8.5;8.5;8.499;8.499;2598
20160126 145500;8.5;8.5;8.499;8.499;2000
20160126 145800;8.5;8.5;8.499;8.499;800
20160126 150400;8.4958;8.5;8.4958;8.5;1200
20160126 151000;8.5;8.5;8.499;8.499;1000
20160126 151100;8.49;8.4901;8.48;8.48;2500
20160126 151900;8.49;8.49;8.489;8.489;500
20160126 152400;8.49;8.496;8.489;8.489;1200
20160126 152600;8.49;8.49;8.49;8.49;100
20160126 154000;8.496;8.496;8.4958;8.4958;500
20160126 154100;8.4922;8.4922;8.4922;8.4922;1800
20160126 154200;8.496;8.496;8.496;8.496;500
20160126 154600;8.496;8.496;8.496;8.496;500
20160126 154700;8.5;8.5;8.486;8.5;9851
20160126 155300;8.5;8.5;8.4999;8.4999;1236
20160126 155800;8.47;8.47;8.47;8.47;400
20160126 160000;8.47;8.47;8.47;8.47;100
20160127 093900;8.47;8.47;8.47;8.47;100
20160127 095700;8.469;8.469;8.469;8.469;100
20160127 101600;8.4737;8.4737;8.4737;8.4737;400
20160127 102800;8.48;8.48;8.48;8.48;100
20160127 102900;8.46;8.46;8.46;8.46;100
20160127 103400;8.46;8.46;8.46;8.46;750
20160127 103900;8.46;8.46;8.46;8.46;100
20160127 104200;8.4676;8.4751;8.4676;8.4751;1000
20160127 104700;8.48;8.48;8.48;8.48;100
20160127 104800;8.48;8.48;8.48;8.48;100
20160127 104900;8.48;8.48;8.48;8.48;100
20160127 110900;8.4799;8.48;8.4799;8.4799;1975
20160127 111300;8.4702;8.4702;8.4702;8.4702;1010
20160127 111500;8.48;8.49;8.46;8.49;3100
20160127 111700;8.48;8.48;8.48;8.48;100
20160127 112100;8.49;8.49;8.49;8.49;200
20160127 112400;8.49;8.49;8.49;8.49;100
20160127 113400;8.48;8.48;8.479;8.479;1552
20160127 113500;8.4807;8.49;8.48;8.48;1900
20160127 115100;8.49;8.49;8.49;8.49;100
20160127 115200;8.4899;8.4899;8.4899;8.4899;705
20160127 120400;8.4788;8.4788;8.4788;8.4788;350
20160127 120700;8.49;8.49;8.49;8.49;822
20160127 120900;8.4899;8.49;8.4899;8.49;1584
20160127 122000;8.49;8.49;8.49;8.49;100
20160127 122700;8.46;8.46;8.46;8.46;2000
20160127 123600;8.49;8.49;8.49;8.49;100
20160127 124500;8.4711;8.4711;8.4711;8.4711;142
20160127 130100;8.49;8.49;8.488;8.488;982
20160127 130500;8.49;8.49;8.49;8.49;100
20160127 130900;8.46;8.49;8.46;8.49;1200
20160127 131600;8.49;8.49;8.49;8.49;1410
20160127 132100;8.47;8.47;8.47;8.47;200
20160127 133500;8.46;8.4601;8.46;8.4601;2965
20160127 133600;8.4717;8.4717;8.4717;8.4717;200
20160127 133700;8.463;8.463;8.463;8.463;200
20160127 135000;8.4791;8.4791;8.4791;8.4791;1182
20160127 135300;8.48;8.48;8.48;8.48;100
20160127 140600;8.46;8.46;8.46;8.46;200
20160127 140800;8.46;8.46;8.46;8.46;100
20160127 140900;8.49;8.49;8.49;8.49;100
20160127 141900;8.47;8.47;8.47;8.47;100
20160127 142100;8.4632;8.4632;8.4632;8.4632;884
20160127 142400;8.47;8.47;8.47;8.47;100
20160127 143500;8.47;8.47;8.47;8.47;100
20160127 144700;8.47;8.47;8.47;8.47;100
20160127 145400;8.47;8.47;8.47;8.47;100
20160127 150100;8.48;8.48;8.48;8.48;100
20160127 150400;8.478;8.478;8.47;8.47;1300
20160127 152300;8.46;8.46;8.46;8.46;100
20160127 153100;8.478;8.478;8.478;8.478;174
20160127 153600;8.45;8.45;8.45;8.45;1280
20160127 153700;8.45;8.45;8.45;8.45;300
20160127 153800;8.47;8.47;8.47;8.47;384
20160127 154000;8.4501;8.4501;8.4501;8.4501;240
20160127 154300;8.45;8.45;8.45;8.45;100
20160127 154600;8.47;8.47;8.47;8.47;100
20160127 155000;8.488;8.488;8.488;8.488;139
20160127 155200;8.49;8.49;8.49;8.49;100
20160127 155400;8.48;8.48;8.48;8.48;100
20160127 155600;8.49;8.49;8.49;8.49;100
20160127 155700;8.49;8.49;8.49;8.49;100
20160127 155800;8.49;8.52;8.4601;8.52;12751
20160127 155900;8.51;8.51;8.51;8.51;100
20160128 093100;8.53;8.53;8.53;8.53;100
20160128 093200;8.53;8.53;8.53;8.53;200
20160128 102000;8.5;8.51;8.4999;8.51;2300
20160128 102600;8.5;8.5;8.5;8.5;100
20160128 103000;8.495;8.495;8.49;8.49;200
20160128 103500;8.49;8.49;8.49;8.49;105
20160128 105300;8.49;8.49;8.4899;8.4899;490
20160128 110400;8.4934;8.5;8.4934;8.5;2000
20160128 110600;8.4878;8.5;8.4878;8.5;3500
20160128 111900;8.482;8.5;8.482;8.5;2000
20160128 112000;8.5;8.5;8.5;8.5;100
20160128 112200;8.5;8.5;8.5;8.5;100
20160128 112400;8.5;8.5;8.5;8.5;100
20160128 113100;8.5;8.5;8.5;8.5;200
20160128 113500;8.487;8.5;8.487;8.5;5600
20160128 113600;8.49;8.5;8.49;8.5;1300
20160128 114400;8.482;8.4899;8.482;8.4899;900
20160128 114700;8.47;8.5;8.4598;8.48;6500
20160128 114800;8.48;8.48;8.48;8.48;300
20160128 115300;8.466;8.4999;8.466;8.4999;562
20160128 115400;8.5;8.5;8.5;8.5;100
20160128 115700;8.5;8.5;8.5;8.5;100
20160128 115900;8.5;8.5;8.5;8.5;100
20160128 120100;8.5;8.5;8.47;8.47;300
20160128 120200;8.5;8.5;8.5;8.5;100
20160128 120500;8.47;8.47;8.47;8.47;100
20160128 120600;8.5;8.5;8.4999;8.4999;200
20160128 121100;8.5;8.5;8.5;8.5;200
20160128 121500;8.5;8.5;8.5;8.5;1800
20160128 121600;8.5;8.5;8.49;8.49;200
20160128 121900;8.5;8.5;8.5;8.5;1300
20160128 122200;8.5;8.5;8.5;8.5;100
20160128 122300;8.5;8.5;8.5;8.5;300
20160128 122400;8.4901;8.4901;8.4901;8.4901;2050
20160128 122700;8.4999;8.4999;8.4999;8.4999;200
20160128 123100;8.5;8.5;8.4999;8.4999;200
20160128 123500;8.4999;8.4999;8.4999;8.4999;200
20160128 123900;8.4999;8.4999;8.4999;8.4999;200
20160128 124300;8.5;8.5;8.4999;8.4999;200
20160128 124500;8.495;8.495;8.495;8.495;100
20160128 124900;8.4999;8.4999;8.4999;8.4999;200
20160128 125300;8.5;8.5;8.4999;8.4999;300
20160128 125700;8.4999;8.4999;8.4999;8.4999;200
20160128 125800;8.495;8.495;8.495;8.495;100
20160128 130300;8.4999;8.4999;8.4999;8.4999;200
20160128 130600;8.4949;8.4949;8.4949;8.4949;600
20160128 130700;8.4999;8.4999;8.4999;8.4999;200
20160128 131000;8.495;8.495;8.495;8.495;100
20160128 131300;8.4999;8.4999;8.4999;8.4999;200
20160128 131700;8.4999;8.4999;8.4999;8.4999;200
20160128 132100;8.4999;8.4999;8.4999;8.4999;200
20160128 132300;8.495;8.495;8.495;8.495;100
20160128 132700;8.4999;8.4999;8.4961;8.4961;300
20160128 133100;8.4999;8.4999;8.4999;8.4999;200
20160128 133400;8.5;8.5;8.5;8.5;200
20160128 133500;8.495;8.495;8.495;8.495;100
20160128 134000;8.5;8.5;8.5;8.5;9500
20160128 134100;8.5;8.5;8.5;8.5;545
20160128 134400;8.4999;8.4999;8.4999;8.4999;200
20160128 134700;8.491;8.495;8.46;8.47;3251
20160128 134800;8.49;8.5;8.47;8.5;1200
20160128 135300;8.48;8.48;8.48;8.48;100
20160128 135900;8.5;8.5;8.5;8.5;100
20160128 140100;8.49;8.49;8.49;8.49;100
20160128 140300;8.48;8.48;8.48;8.48;100
20160128 140400;8.5;8.5;8.5;8.5;100
20160128 140700;8.5;8.5;8.5;8.5;100
20160128 140900;8.5;8.5;8.5;8.5;100
20160128 141100;8.5;8.5;8.5;8.5;100
20160128 141300;8.5;8.5;8.5;8.5;100
20160128 141400;8.5;8.5;8.5;8.5;100
20160128 141600;8.5;8.5;8.5;8.5;100
20160128 141700;8.5;8.5;8.5;8.5;100
20160128 141900;8.495;8.495;8.495;8.495;100
20160128 142000;8.4999;8.4999;8.4999;8.4999;100
20160128 142200;8.4999;8.4999;8.4999;8.4999;100
20160128 142400;8.4999;8.4999;8.49;8.498;2500
20160128 142700;8.4999;8.4999;8.49;8.49;200
20160128 143000;8.5;8.5;8.5;8.5;100
20160128 143200;8.5;8.5;8.5;8.5;100
20160128 143300;8.4999;8.4999;8.4999;8.4999;100
20160128 143400;8.49;8.49;8.49;8.49;100
20160128 143600;8.4999;8.4999;8.4999;8.4999;100
20160128 143700;8.5;8.5;8.5;8.5;100
20160128 143800;8.4999;8.4999;8.4999;8.4999;100
20160128 143900;8.49;8.5;8.49;8.5;200
20160128 144100;8.4999;8.4999;8.4999;8.4999;100
20160128 144200;8.5;8.5;8.5;8.5;100
20160128 144400;8.5;8.5;8.5;8.5;100
20160128 144500;8.4999;8.4999;8.4999;8.4999;100
20160128 144700;8.4999;8.4999;8.4999;8.4999;100
20160128 144800;8.4999;8.5;8.4999;8.5;200
20160128 144900;8.49;8.49;8.485;8.485;800
20160128 145200;8.49;8.49;8.49;8.49;100
20160128 145400;8.5;8.5;8.5;8.5;100
20160128 145600;8.5;8.5;8.5;8.5;100
20160128 145700;8.5;8.5;8.5;8.5;100
20160128 145800;8.5;8.5;8.5;8.5;100
20160128 150000;8.5;8.5;8.5;8.5;100
20160128 150100;8.49;8.5;8.49;8.5;200
20160128 150200;8.48;8.48;8.48;8.48;100
20160128 150300;8.5;8.5;8.5;8.5;100
20160128 150400;8.5;8.5;8.5;8.5;100
20160128 150500;8.4999;8.4999;8.4999;8.4999;100
20160128 150600;8.4999;8.4999;8.4999;8.4999;100
20160128 150800;8.4999;8.4999;8.4999;8.4999;100
20160128 150900;8.49;8.5;8.49;8.5;200
20160128 151000;8.5;8.5;8.5;8.5;100
20160128 151100;8.4999;8.4999;8.4999;8.4999;100
20160128 151300;8.5;8.5;8.5;8.5;100
20160128 151400;8.5;8.5;8.5;8.5;100
20160128 151500;8.5;8.5;8.5;8.5;100
20160128 151600;8.48;8.49;8.475;8.48;3476
20160128 151700;8.4879;8.4879;8.4879;8.4879;1150
20160128 152000;8.5;8.5;8.5;8.5;100
20160128 152100;8.5;8.5;8.5;8.5;100
20160128 152200;8.5;8.5;8.5;8.5;100
20160128 152300;8.49;8.5;8.49;8.5;200
20160128 152400;8.5;8.5;8.5;8.5;100
20160128 152500;8.5;8.5;8.5;8.5;100
20160128 152600;8.5;8.5;8.5;8.5;100
20160128 152800;8.5;8.5;8.5;8.5;100
20160128 152900;8.4999;8.4999;8.4999;8.4999;100
20160128 153000;8.49;8.4999;8.49;8.4999;1598
20160128 153100;8.5;8.5;8.49;8.499;1350
20160128 153200;8.5;8.5;8.5;8.5;100
20160128 153300;8.5;8.5;8.5;8.5;100
20160128 153400;8.4999;8.4999;8.49;8.49;300
20160128 153500;8.49;8.49;8.49;8.49;500
20160128 153600;8.49;8.49;8.49;8.49;200
20160128 153700;8.49;8.49;8.49;8.49;100
20160128 153800;8.49;8.49;8.49;8.49;100
20160128 153900;8.49;8.49;8.49;8.49;100
20160128 154000;8.49;8.49;8.49;8.49;100
20160128 154100;8.4899;8.49;8.4899;8.49;200
20160128 154200;8.5;8.5;8.5;8.5;100
20160128 154300;8.5;8.5;8.465;8.465;2078
20160128 154600;8.47;8.47;8.4699;8.4699;200
20160128 154700;8.47;8.47;8.465;8.47;1350
20160128 154800;8.47;8.47;8.47;8.47;200
20160128 154900;8.47;8.47;8.43;8.46;3966
20160128 155000;8.46;8.46;8.46;8.46;200
20160128 155100;8.45;8.45;8.45;8.45;200
20160128 155200;8.46;8.46;8.46;8.46;100
20160128 155300;8.46;8.46;8.46;8.46;200
20160128 155400;8.46;8.46;8.46;8.46;200
20160128 155500;8.46;8.46;8.4401;8.45;300
20160128 155600;8.46;8.46;8.46;8.46;500
20160128 155700;8.46;8.46;8.46;8.46;200
20160128 155800;8.46;8.49;8.46;8.49;400
20160128 155900;8.4899;8.49;8.48;8.48;500
20160128 160000;8.48;8.49;8.48;8.49;910
20160128 161700;8.5032;8.5032;8.5032;8.5032;25937
20160129 094000;8.501;8.501;8.48;8.48;510
20160129 094200;8.48;8.48;8.48;8.48;100
20160129 094500;8.49;8.49;8.48;8.48;900
20160129 094600;8.48;8.48;8.48;8.48;1403
20160129 095200;8.5;8.5;8.5;8.5;100
20160129 101100;8.49;8.49;8.49;8.49;500
20160129 101200;8.49;8.4949;8.49;8.4949;1500
20160129 101300;8.48;8.4999;8.48;8.4949;1500
20160129 101400;8.49;8.49;8.49;8.49;500
20160129 101800;8.5;8.5;8.48;8.48;3200
20160129 102400;8.5;8.5;8.5;8.5;100
20160129 102500;8.5;8.5;8.5;8.5;500
20160129 102600;8.49;8.49;8.49;8.49;1000
20160129 102900;8.5;8.51;8.4956;8.4956;3439
20160129 103100;8.49;8.49;8.49;8.49;9000
20160129 103200;8.49;8.49;8.49;8.49;2407
20160129 103400;8.49;8.49;8.49;8.49;7900
20160129 105100;8.49;8.49;8.49;8.49;4500
20160129 105400;8.4925;8.4925;8.49;8.49;950
20160129 105500;8.49;8.5;8.49;8.5;200
20160129 105700;8.49;8.49;8.49;8.49;148
20160129 110200;8.5;8.5;8.5;8.5;100
20160129 110300;8.5;8.5;8.5;8.5;200
20160129 110500;8.49;8.5;8.49;8.5;200
20160129 111900;8.48;8.48;8.48;8.48;235
20160129 112400;8.5;8.5;8.5;8.5;100
20160129 112800;8.5;8.5;8.4999;8.4999;200
20160129 113200;8.5;8.5;8.5;8.5;200
20160129 113300;8.4999;8.4999;8.4999;8.4999;100
20160129 114400;8.4901;8.4901;8.4901;8.4901;300
20160129 114900;8.4999;8.4999;8.4999;8.4999;161
20160129 115800;8.5;8.5;8.5;8.5;800
20160129 120100;8.5;8.51;8.5;8.51;4121
20160129 122400;8.549;8.55;8.549;8.55;2100
20160129 122500;8.55;8.55;8.55;8.55;100
20160129 122800;8.55;8.55;8.55;8.55;131
20160129 124700;8.54;8.54;8.5;8.51;984
20160129 125100;8.5419;8.5419;8.5419;8.5419;930
20160129 130100;8.5434;8.5434;8.5434;8.5434;1170
20160129 130200;8.541;8.541;8.541;8.541;1000
20160129 130600;8.5304;8.5304;8.5277;8.5277;2237
20160129 131100;8.5368;8.5368;8.5368;8.5368;1170
20160129 131300;8.5368;8.5368;8.5368;8.5368;1170
20160129 131500;8.5337;8.5337;8.5337;8.5337;1870
20160129 132100;8.516;8.516;8.516;8.516;2300
20160129 135000;8.55;8.55;8.5257;8.5257;2000
20160129 135600;8.5416;8.5416;8.5416;8.5416;1170
20160129 140800;8.55;8.55;8.5392;8.5392;2440
20160129 141000;8.5146;8.5146;8.5146;8.5146;326
20160129 141500;8.5101;8.5101;8.5101;8.5101;1289
20160129 141700;8.5344;8.55;8.5344;8.55;2440
20160129 142100;8.55;8.55;8.55;8.55;100
20160129 142200;8.54;8.54;8.54;8.54;600
20160129 142300;8.54;8.54;8.54;8.54;100
20160129 142600;8.54;8.54;8.54;8.54;100
20160129 143700;8.54;8.54;8.54;8.54;100
20160129 145000;8.5378;8.55;8.5378;8.55;2440
20160129 145600;8.55;8.55;8.53;8.55;1770
20160129 150200;8.55;8.55;8.55;8.55;100
20160129 150300;8.55;8.55;8.5422;8.55;2870
20160129 150500;8.55;8.58;8.545;8.545;3640
20160129 150800;8.5785;8.58;8.56;8.56;1170
20160129 150900;8.58;8.59;8.58;8.59;219
20160129 151200;8.59;8.59;8.59;8.59;100
20160129 151700;8.58;8.58;8.58;8.58;200
20160129 152000;8.58;8.58;8.58;8.58;100
20160129 152400;8.58;8.58;8.58;8.58;100
20160129 152800;8.5617;8.5617;8.5617;8.5617;1500
20160129 153200;8.55;8.58;8.55;8.58;1600
20160129 153700;8.56;8.58;8.56;8.56;2684
20160129 154600;8.57;8.57;8.57;8.57;100
20160129 154900;8.57;8.57;8.57;8.57;100
20160129 155200;8.58;8.58;8.58;8.58;100
20160129 155400;8.59;8.59;8.59;8.59;100
20160129 155500;8.59;8.59;8.59;8.59;123
20160129 155900;8.59;8.59;8.59;8.59;470
20160129 160000;8.58;8.59;8.58;8.58;1500
20160201 093100;8.546;8.56;8.546;8.56;655
20160201 093200;8.5543;8.5543;8.5543;8.5543;105
20160201 093300;8.56;8.56;8.56;8.56;100
20160201 094500;8.54;8.54;8.53;8.54;1087
20160201 095300;8.53;8.53;8.52;8.53;1750
20160201 095800;8.5299;8.5299;8.5299;8.5299;449
20160201 100300;8.5201;8.5201;8.5201;8.5201;235
20160201 100400;8.52;8.53;8.52;8.53;2500
20160201 100600;8.52;8.53;8.52;8.53;600
20160201 100800;8.52;8.52;8.52;8.52;100
20160201 101000;8.5327;8.5327;8.53;8.53;462
20160201 101100;8.53;8.53;8.52;8.52;200
20160201 101200;8.53;8.53;8.53;8.53;100
20160201 101300;8.53;8.53;8.53;8.53;1960
20160201 101600;8.53;8.53;8.53;8.53;300
20160201 101900;8.52;8.52;8.52;8.52;100
20160201 102000;8.5399;8.5399;8.5399;8.5399;257
20160201 102300;8.52;8.52;8.52;8.52;100
20160201 102800;8.52;8.52;8.52;8.52;100
20160201 103300;8.51;8.51;8.51;8.51;100
20160201 103800;8.51;8.51;8.51;8.51;100
20160201 104100;8.515;8.52;8.515;8.52;2000
20160201 104500;8.5199;8.5199;8.515;8.515;200
20160201 104600;8.5175;8.52;8.5175;8.52;1500
20160201 104700;8.52;8.52;8.517;8.52;1500
20160201 105100;8.5199;8.53;8.5199;8.53;17100
20160201 105200;8.53;8.53;8.53;8.53;300
20160201 105400;8.53;8.54;8.53;8.54;200
20160201 110800;8.54;8.54;8.54;8.54;100
20160201 111900;8.54;8.54;8.5399;8.5399;2900
20160201 122100;8.54;8.55;8.54;8.545;2300
20160201 122500;8.55;8.55;8.5469;8.5469;1000
20160201 123700;8.5436;8.55;8.5436;8.55;1600
20160201 124300;8.55;8.55;8.5458;8.5458;1100
20160201 125900;8.55;8.56;8.5475;8.56;2102
20160201 131100;8.57;8.57;8.565;8.5699;1564
20160201 131500;8.57;8.57;8.57;8.57;500
20160201 132100;8.5589;8.57;8.5589;8.57;2150
20160201 132700;8.5544;8.5544;8.5544;8.5544;1053
20160201 135700;8.58;8.5899;8.58;8.5899;1200
20160201 140200;8.58;8.6;8.5798;8.5798;1800
20160201 140800;8.58;8.6;8.58;8.58;400
20160201 141800;8.5899;8.5899;8.5899;8.5899;2000
20160201 141900;8.59;8.59;8.58;8.58;200
20160201 142000;8.6;8.6;8.6;8.6;934
20160201 142100;8.6;8.6;8.6;8.6;100
20160201 144400;8.58;8.58;8.58;8.58;115
20160201 144600;8.6;8.6266;8.6;8.6266;1401
20160201 145100;8.62;8.62;8.61;8.61;200
20160201 151700;8.6017;8.61;8.6017;8.61;319
20160201 152100;8.6025;8.6025;8.6025;8.6025;550
20160201 154400;8.62;8.62;8.62;8.62;517
20160201 154800;8.62;8.62;8.62;8.62;500
20160201 154900;8.62;8.62;8.62;8.62;100
20160201 155100;8.62;8.63;8.62;8.63;1903
20160201 155200;8.62;8.62;8.62;8.62;500
20160201 155900;8.63;8.66;8.62;8.64;2699
20160201 160000;8.63;8.63;8.63;8.63;400
20160202 093000;8.65;8.65;8.65;8.65;4
20160202 093400;8.6;8.6;8.6;8.6;300
20160202 094600;8.56;8.59;8.56;8.59;400
20160202 100100;8.589;8.59;8.587;8.59;1403
20160202 100300;8.58;8.58;8.58;8.58;100
20160202 100600;8.59;8.6;8.59;8.6;2000
20160202 100700;8.6;8.6;8.6;8.6;4506
20160202 100900;8.63;8.63;8.63;8.63;243
20160202 101600;8.6;8.615;8.6;8.615;200
20160202 102200;8.6;8.63;8.6;8.63;2300
20160202 102300;8.62;8.62;8.62;8.62;500
20160202 102900;8.615;8.615;8.615;8.615;143
20160202 103000;8.63;8.63;8.63;8.63;562
20160202 103700;8.6399;8.6399;8.6399;8.6399;2570
20160202 104600;8.63;8.63;8.63;8.63;510
20160202 110200;8.64;8.64;8.64;8.64;500
20160202 110600;8.655;8.655;8.64;8.64;2673
20160202 110700;8.65;8.65;8.65;8.65;100
20160202 110800;8.65;8.65;8.65;8.65;100
20160202 110900;8.65;8.65;8.65;8.65;100
20160202 111000;8.65;8.65;8.642;8.642;400
20160202 111100;8.66;8.68;8.66;8.68;1000
20160202 113300;8.66;8.67;8.66;8.67;1401
20160202 113400;8.66;8.66;8.66;8.66;1608
20160202 114200;8.67;8.68;8.6699;8.68;1200
20160202 120100;8.675;8.675;8.67;8.67;1100
20160202 120400;8.67;8.67;8.67;8.67;400
20160202 120900;8.67;8.67;8.67;8.67;400
20160202 121100;8.652;8.652;8.652;8.652;500
20160202 123400;8.67;8.67;8.67;8.67;500
20160202 123800;8.67;8.67;8.67;8.67;500
20160202 124000;8.66;8.6702;8.65;8.6702;5792
20160202 124200;8.66;8.66;8.6508;8.6508;1400
20160202 125200;8.662;8.67;8.662;8.67;2193
20160202 125800;8.66;8.66;8.66;8.66;425
20160202 130000;8.67;8.67;8.6686;8.6686;2295
20160202 130200;8.6598;8.6598;8.6598;8.6598;310
20160202 131100;8.66;8.66;8.66;8.66;100
20160202 131900;8.67;8.67;8.66;8.67;3269
20160202 132300;8.67;8.67;8.67;8.67;700
20160202 132700;8.68;8.68;8.66;8.68;3200
20160202 133200;8.68;8.69;8.68;8.69;1400
20160202 133700;8.68;8.68;8.68;8.68;504
20160202 133800;8.68;8.68;8.68;8.68;502
20160202 134100;8.69;8.69;8.6838;8.6838;258
20160202 134500;8.68;8.68;8.68;8.68;100
20160202 135200;8.6873;8.69;8.675;8.675;1310
20160202 135400;8.675;8.69;8.672;8.69;3900
20160202 140100;8.69;8.7;8.69;8.691;2003
20160202 140400;8.695;8.695;8.695;8.695;100
20160202 140700;8.7;8.7;8.6999;8.6999;424
20160202 140900;8.7;8.7;8.691;8.695;431
20160202 141200;8.6962;8.6962;8.6962;8.6962;470
20160202 141400;8.695;8.695;8.695;8.695;100
20160202 141500;8.695;8.695;8.691;8.691;200
20160202 141800;8.6987;8.6987;8.6957;8.6957;1680
20160202 142000;8.681;8.69;8.68;8.69;5400
20160202 142200;8.69;8.69;8.69;8.69;200
20160202 142400;8.6801;8.7;8.6801;8.7;4500
20160202 142600;8.68;8.69;8.68;8.6818;4100
20160202 142700;8.69;8.69;8.6886;8.69;1600
20160202 142900;8.69;8.69;8.69;8.69;100
20160202 143100;8.69;8.69;8.69;8.69;100
20160202 143200;8.6842;8.6842;8.6842;8.6842;1000
20160202 143700;8.685;8.685;8.68;8.6843;1900
20160202 144000;8.685;8.685;8.685;8.685;100
20160202 144100;8.685;8.685;8.685;8.685;100
20160202 144300;8.685;8.685;8.685;8.685;100
20160202 144400;8.685;8.6862;8.67;8.6862;3600
20160202 144600;8.685;8.685;8.685;8.685;100
20160202 144700;8.685;8.685;8.685;8.685;100
20160202 144800;8.685;8.685;8.685;8.685;100
20160202 145000;8.685;8.685;8.685;8.685;100
20160202 145100;8.685;8.685;8.685;8.685;100
20160202 145300;8.685;8.685;8.685;8.685;100
20160202 145400;8.685;8.685;8.685;8.685;100
20160202 145600;8.685;8.685;8.685;8.685;100
20160202 145700;8.69;8.7;8.69;8.691;6845
20160202 145800;8.7;8.705;8.7;8.7;5100
20160202 150200;8.71;8.72;8.7;8.701;2900
20160202 150500;8.7;8.71;8.7;8.71;5300
20160202 150800;8.7;8.7001;8.7;8.7;8000
20160202 150900;8.7;8.7;8.7;8.7;7500
20160202 151200;8.7;8.7;8.7;8.7;21300
20160202 151500;8.7;8.7001;8.7;8.7;9144
20160202 151600;8.695;8.695;8.69;8.69;76356
20160202 152200;8.68;8.68;8.68;8.68;100
20160202 152300;8.66;8.66;8.66;8.66;100
20160202 152400;8.66;8.66;8.66;8.66;100
20160202 152600;8.66;8.66;8.66;8.66;100
20160202 152700;8.66;8.66;8.66;8.66;100
20160202 152800;8.66;8.6999;8.66;8.6999;1200
20160202 152900;8.66;8.66;8.66;8.66;100
20160202 153000;8.66;8.66;8.66;8.66;100
20160202 153100;8.66;8.6752;8.66;8.6752;1400
20160202 153200;8.66;8.66;8.66;8.66;100
20160202 153300;8.66;8.66;8.66;8.66;100
20160202 153500;8.66;8.66;8.66;8.66;100
20160202 153600;8.66;8.66;8.66;8.66;100
20160202 153800;8.66;8.66;8.66;8.66;100
20160202 154000;8.66;8.66;8.66;8.66;100
20160202 154200;8.66;8.66;8.66;8.66;100
20160202 154300;8.66;8.66;8.66;8.66;100
20160202 154400;8.66;8.66;8.66;8.66;200
20160202 154500;8.66;8.66;8.66;8.66;100
20160202 154600;8.66;8.66;8.66;8.66;200
20160202 154700;8.65;8.65;8.65;8.65;100
20160202 154800;8.65;8.65;8.65;8.65;200
20160202 154900;8.65;8.6745;8.65;8.6745;1587
20160202 155000;8.65;8.65;8.65;8.65;100
20160202 155100;8.65;8.65;8.64;8.64;200
20160202 155200;8.64;8.64;8.64;8.64;100
20160202 155300;8.64;8.64;8.64;8.64;300
20160202 155400;8.64;8.64;8.64;8.64;100
20160202 155500;8.6699;8.6699;8.64;8.64;1213
20160202 155600;8.64;8.64;8.64;8.64;100
20160202 155700;8.64;8.655;8.64;8.64;700
20160202 155800;8.64;8.64;8.64;8.64;600
20160202 160000;8.64;8.67;8.63;8.67;500
20160203 095400;8.63;8.636;8.62;8.62;1300
20160203 100500;8.62;8.62;8.62;8.62;300
20160203 100800;8.6176;8.6176;8.6176;8.6176;284
20160203 101100;8.6249;8.6249;8.61;8.61;1100
20160203 101200;8.615;8.64;8.615;8.64;1500
20160203 101800;8.6401;8.6401;8.64;8.64;1500
20160203 102100;8.6661;8.6661;8.6661;8.6661;450
20160203 102700;8.6655;8.6655;8.6655;8.6655;2500
20160203 103200;8.62;8.64;8.6;8.6;1400
20160203 103800;8.6185;8.6499;8.6185;8.6499;1932
20160203 104900;8.65;8.65;8.65;8.65;200
20160203 105100;8.6301;8.6301;8.6301;8.6301;892
20160203 105700;8.65;8.65;8.646;8.65;500
20160203 111100;8.64;8.64;8.61;8.61;300
20160203 111400;8.63;8.63;8.63;8.63;390
20160203 111500;8.62;8.62;8.59;8.59;10000
20160203 111600;8.63;8.63;8.63;8.63;284
20160203 113700;8.63;8.63;8.63;8.63;532
20160203 115100;8.6298;8.6298;8.6298;8.6298;1390
20160203 120200;8.6298;8.6298;8.62;8.62;1040
20160203 120300;8.63;8.63;8.625;8.63;416
20160203 120800;8.63;8.63;8.63;8.63;1180
20160203 121000;8.62;8.62;8.6096;8.6096;6000
20160203 121400;8.61;8.61;8.61;8.61;100
20160203 122100;8.6168;8.6168;8.6168;8.6168;200
20160203 122300;8.63;8.63;8.63;8.63;780
20160203 122400;8.61;8.61;8.61;8.61;100
20160203 123300;8.61;8.61;8.61;8.61;100
20160203 124200;8.61;8.61;8.61;8.61;100
20160203 125100;8.61;8.61;8.61;8.61;100
20160203 130000;8.61;8.61;8.61;8.61;100
20160203 130700;8.6258;8.6258;8.6258;8.6258;1160
20160203 131000;8.6297;8.6297;8.6297;8.6297;610
20160203 131100;8.6299;8.6299;8.6299;8.6299;693
20160203 131200;8.63;8.63;8.63;8.63;680
20160203 131900;8.6;8.6;8.6;8.6;100
20160203 132700;8.6;8.6;8.6;8.6;100
20160203 133100;8.6198;8.6198;8.6198;8.6198;1840
20160203 133600;8.6;8.6;8.6;8.6;100
20160203 134400;8.59;8.6071;8.57;8.57;5100
20160203 135000;8.57;8.57;8.57;8.57;100
20160203 135400;8.5985;8.5985;8.5985;8.5985;1500
20160203 135600;8.57;8.57;8.57;8.57;100
20160203 140100;8.57;8.57;8.57;8.57;100
20160203 140600;8.6035;8.6035;8.57;8.57;740
20160203 141000;8.57;8.57;8.57;8.57;100
20160203 141500;8.57;8.57;8.57;8.57;100
20160203 141900;8.6;8.6;8.59;8.59;3100
20160203 142400;8.57;8.6097;8.57;8.6097;600
20160203 142800;8.606;8.606;8.57;8.57;1800
20160203 143200;8.57;8.57;8.57;8.57;100
20160203 143500;8.57;8.57;8.57;8.57;100
20160203 143800;8.57;8.57;8.57;8.57;100
20160203 144100;8.57;8.57;8.57;8.57;100
20160203 144300;8.57;8.57;8.57;8.57;100
20160203 144600;8.59;8.59;8.59;8.59;100
20160203 144700;8.6;8.6;8.6;8.6;100
20160203 144900;8.6;8.6;8.6;8.6;100
20160203 145200;8.6;8.6;8.6;8.6;100
20160203 145600;8.6;8.6;8.6;8.6;100
20160203 150500;8.6178;8.6178;8.6178;8.6178;2000
20160203 150800;8.6186;8.6186;8.6186;8.6186;2000
20160203 151200;8.616;8.62;8.616;8.62;2500
20160203 151400;8.62;8.62;8.6121;8.6121;2300
20160203 152100;8.6;8.6;8.6;8.6;200
20160203 152900;8.59;8.62;8.59;8.62;300
20160203 153100;8.6;8.6;8.6;8.6;300
20160203 153600;8.5985;8.5999;8.5985;8.5999;2000
20160203 153900;8.6;8.6;8.6;8.6;300
20160203 154100;8.5999;8.61;8.5999;8.61;2294
20160203 154700;8.58;8.6;8.58;8.6;400
20160203 155600;8.6;8.6;8.6;8.6;100
20160203 160000;8.61;8.61;8.59;8.59;202
20160204 093400;8.59;8.59;8.59;8.59;100
20160204 093800;8.59;8.59;8.5899;8.5899;4610
20160204 095700;8.581;8.581;8.581;8.581;3700
20160204 100000;8.587;8.587;8.587;8.587;1443
20160204 100400;8.58;8.58;8.55;8.55;11051
20160204 100600;8.57;8.57;8.57;8.57;100
20160204 100800;8.57;8.57;8.57;8.57;301
20160204 101100;8.57;8.57;8.57;8.57;699
20160204 102000;8.59;8.608;8.59;8.608;7830
20160204 102200;8.62;8.62;8.62;8.62;200
20160204 102800;8.62;8.62;8.62;8.62;400
20160204 104600;8.61;8.61;8.61;8.61;500
20160204 110700;8.59;8.6;8.5873;8.5873;1300
20160204 110900;8.59;8.59;8.58;8.58;2500
20160204 112200;8.59;8.597;8.588;8.588;2197
20160204 112400;8.6099;8.6099;8.6099;8.6099;2000
20160204 114500;8.626;8.627;8.625;8.627;3000
20160204 120400;8.6219;8.6219;8.6219;8.6219;2300
20160204 121700;8.631;8.631;8.631;8.631;269
20160204 123800;8.64;8.65;8.64;8.65;1154
20160204 131400;8.6232;8.65;8.6232;8.65;1100
20160204 131700;8.6228;8.6228;8.6228;8.6228;700
20160204 132600;8.6344;8.6344;8.6344;8.6344;100
20160204 135300;8.64;8.64;8.6367;8.6367;1000
20160204 140700;8.6499;8.6499;8.6499;8.6499;184
20160204 142300;8.63;8.63;8.6245;8.63;2100
20160204 142800;8.623;8.623;8.623;8.623;600
20160204 143000;8.62;8.62;8.62;8.62;100
20160204 143200;8.625;8.625;8.625;8.625;100
20160204 144300;8.6232;8.6232;8.6232;8.6232;2900
20160204 144500;8.63;8.64;8.63;8.63;5700
20160204 144600;8.6201;8.6201;8.6201;8.6201;1073
20160204 144800;8.63;8.64;8.62;8.62;300
20160204 145500;8.64;8.64;8.63;8.639;1800
20160204 145700;8.64;8.64;8.64;8.64;200
20160204 150300;8.63;8.63;8.63;8.63;100
20160204 151000;8.6358;8.6358;8.635;8.6358;500
20160204 151200;8.63;8.63;8.63;8.63;100
20160204 151800;8.64;8.64;8.64;8.64;125
20160204 152000;8.63;8.63;8.63;8.63;100
20160204 153500;8.62;8.62;8.62;8.62;144
20160204 153600;8.63;8.64;8.6275;8.6275;2400
20160204 154800;8.62;8.62;8.62;8.62;100
20160204 155000;8.62;8.62;8.62;8.62;801
20160204 155100;8.6101;8.6101;8.6101;8.6101;100
20160204 155200;8.61;8.61;8.61;8.61;100
20160204 155500;8.61;8.61;8.61;8.61;100
20160204 155600;8.61;8.61;8.61;8.61;100
20160204 155700;8.6001;8.62;8.6;8.612;650
20160204 155900;8.6;8.62;8.6;8.62;200
20160204 160000;8.61;8.62;8.61;8.62;200
20160205 093600;8.6;8.6;8.6;8.6;100
20160205 094700;8.6;8.6;8.6;8.6;2600
20160205 094800;8.61;8.61;8.59;8.59;1700
20160205 094900;8.59;8.59;8.59;8.59;519
20160205 095000;8.56;8.56;8.56;8.56;100
20160205 100000;8.5768;8.5768;8.5768;8.5768;125
20160205 101200;8.59;8.59;8.59;8.59;300
20160205 101300;8.596;8.596;8.579;8.579;200
20160205 102500;8.5701;8.5701;8.5701;8.5701;7871
20160205 103000;8.58;8.58;8.57;8.57;300
20160205 103800;8.5701;8.5701;8.5701;8.5701;200
20160205 103900;8.5883;8.5883;8.5883;8.5883;220
20160205 104000;8.583;8.59;8.583;8.59;450
20160205 104400;8.5798;8.5798;8.5798;8.5798;300
20160205 104500;8.5701;8.5701;8.5701;8.5701;450
20160205 104900;8.5784;8.59;8.5701;8.59;1700
20160205 105000;8.6;8.6;8.5826;8.5826;1200
20160205 105100;8.5826;8.5826;8.5826;8.5826;300
20160205 110600;8.5922;8.5922;8.57;8.57;1500
20160205 110700;8.57;8.57;8.57;8.57;600
20160205 111100;8.5601;8.5601;8.5601;8.5601;279
20160205 112400;8.56;8.56;8.55;8.55;1100
20160205 123200;8.5715;8.5715;8.5715;8.5715;1050
20160205 123500;8.5734;8.5734;8.5734;8.5734;700
20160205 124900;8.58;8.58;8.58;8.58;213
20160205 125500;8.5775;8.5775;8.5775;8.5775;2160
20160205 130000;8.562;8.562;8.562;8.562;750
20160205 131700;8.56;8.56;8.56;8.56;300
20160205 133500;8.5749;8.5749;8.5749;8.5749;1570
20160205 134100;8.57;8.57;8.57;8.57;1200
20160205 134700;8.5651;8.5651;8.5651;8.5651;3000
20160205 135500;8.57;8.57;8.569;8.569;660
20160205 141800;8.56;8.56;8.56;8.56;100
20160205 145200;8.55;8.55;8.52;8.52;6821
20160205 145400;8.5301;8.5301;8.53;8.5301;3322
20160205 151400;8.5477;8.5477;8.5477;8.5477;580
20160205 151500;8.53;8.5429;8.53;8.5429;1800
20160205 151600;8.53;8.5599;8.53;8.5599;1199
20160205 152600;8.548;8.548;8.548;8.548;1090
