20160119 105700;9.91;9.91;9.91;9.91;2277
20160119 110700;9.9899;9.9899;9.9899;9.9899;500
20160119 135100;9.92;9.92;9.92;9.92;278
20160119 135500;9.92;9.92;9.92;9.92;100
20160119 135600;9.92;9.92;9.92;9.92;200
20160119 142500;9.9348;9.9348;9.9348;9.9348;1000
20160119 142900;9.9366;9.9366;9.9366;9.9366;900
20160119 151900;9.94;9.94;9.94;9.94;2500
20160119 152900;9.9347;9.9347;9.9347;9.9347;1000
20160119 153500;9.9302;9.9302;9.9302;9.9302;1000
20160119 154800;9.94;9.95;9.94;9.94;1100
20160120 094100;9.92;9.94;9.91;9.94;1500
20160120 094500;9.95;9.95;9.9474;9.95;1800
20160120 094600;9.95;9.95;9.95;9.95;484
20160120 100300;9.95;9.95;9.95;9.95;2200
20160120 103300;9.95;9.95;9.95;9.95;100
20160120 103600;9.95;9.9515;9.9;9.9;4788
20160120 103700;9.9;9.9;9.9;9.9;200
20160120 103800;9.9;9.9;9.9;9.9;100
20160120 105000;9.9;9.9;9.9;9.9;100
20160120 105100;9.9;9.9001;9.9;9.9;3100
20160120 105200;9.9;9.9;9.9;9.9;200
20160120 110900;9.9;9.9;9.8;9.85;13900
20160120 111000;9.85;9.85;9.85;9.85;200
20160120 111100;9.85;9.85;9.84;9.85;6100
20160120 111300;9.85;9.85;9.85;9.85;100
20160120 111700;9.85;9.85;9.8;9.8;3800
20160120 111800;9.8;9.8;9.79;9.8;1000
20160120 111900;9.8121;9.8121;9.8;9.8;300
20160120 112200;9.79;9.79;9.79;9.79;1600
20160120 112500;9.8;9.8;9.79;9.79;600
20160120 113000;9.8;9.8;9.8;9.8;2600
20160120 114600;9.84;9.84;9.84;9.84;200
20160120 114700;9.8;9.8094;9.8;9.8;5500
20160120 114800;9.8;9.8;9.8;9.8;600
20160120 114900;9.8;9.82;9.7828;9.8;7300
20160120 115000;9.8;9.8;9.8;9.8;1200
20160120 120700;9.8;9.8;9.8;9.8;100
20160120 121000;9.8312;9.8312;9.791;9.8;2500
20160120 121400;9.8;9.8;9.75;9.75;2700
20160120 121700;9.75;9.7683;9.74;9.74;2500
20160120 122000;9.75;9.785;9.74;9.74;1200
20160120 122900;9.81;9.82;9.69;9.69;11900
20160120 123000;9.69;9.69;9.69;9.69;2200
20160120 124600;9.71;9.74;9.68;9.68;4200
20160120 124700;9.51;9.5508;9.4;9.4;12814
20160120 124800;9.4;9.42;9.4;9.42;300
20160120 124900;9.41;9.41;9.41;9.41;200
20160120 125000;9.41;9.41;9.39;9.39;300
20160120 125100;9.39;9.39;9.26;9.26;1700
20160120 125200;9.26;9.26;9.26;9.26;300
20160120 130200;9.4213;9.4213;9.28;9.28;550
20160120 131000;9.4899;9.4899;9.32;9.33;1000
20160120 131600;9.46;9.49;9.39;9.39;5500
20160120 131700;9.43;9.43;9.41;9.41;300
20160120 131800;9.41;9.41;9.41;9.41;300
20160120 132000;9.5;9.5;9.5;9.5;100
20160120 132400;9.51;9.51;9.51;9.51;500
20160120 133600;9.74;9.74;9.51;9.51;12100
20160120 133700;9.51;9.6725;9.49;9.49;1199
20160120 133800;9.49;9.49;9.49;9.49;400
20160120 134100;9.6694;9.6694;9.49;9.5;2158
20160120 135300;9.7;9.7;9.6;9.61;1200
20160120 140400;9.66;9.7;9.52;9.52;1710
20160120 140600;9.58;9.58;9.55;9.55;2500
20160120 142400;9.6;9.6;9.5;9.5;5131
20160120 143200;9.52;9.52;9.52;9.52;100
20160120 143300;9.5;9.5;9.5;9.5;100
20160120 143500;9.5335;9.5335;9.5335;9.5335;200
20160120 143900;9.54;9.54;9.54;9.54;100
20160120 144100;9.5;9.511;9.5;9.511;1000
20160120 145100;9.536;9.536;9.536;9.536;150
20160120 150500;9.5427;9.5427;9.5427;9.5427;2000
20160120 151100;9.54;9.55;9.54;9.54;1800
20160120 151200;9.5438;9.55;9.54;9.55;4200
20160120 151300;9.5853;9.5853;9.5853;9.5853;2000
20160120 152100;9.5688;9.5688;9.5688;9.5688;315
20160120 152200;9.5312;9.5312;9.5312;9.5312;199
20160120 153300;9.6;9.6;9.5847;9.5931;4800
20160120 153400;9.6;9.6;9.5995;9.5995;2000
20160120 153800;9.6;9.6;9.6;9.6;770
20160120 154300;9.5801;9.5801;9.5801;9.5801;100
20160120 154400;9.59;9.59;9.59;9.59;100
20160120 154500;9.58;9.58;9.58;9.58;100
20160120 155400;9.58;9.58;9.5;9.5;800
20160120 155500;9.5;9.5;9.5;9.5;500
20160120 155600;9.5;9.5;9.49;9.49;1400
20160120 155700;9.34;9.49;9.34;9.34;400
20160120 155800;9.49;9.58;9.49;9.58;2642
20160120 155900;9.49;9.49;9.49;9.49;300
20160120 160000;9.49;9.51;9.49;9.49;500
20160121 095900;9.69;9.69;9.69;9.69;200
20160121 100000;9.69;9.69;9.69;9.69;100
20160121 100300;9.77;9.77;9.77;9.77;100
20160121 100800;9.7799;9.7799;9.7799;9.7799;1000
20160121 100900;9.77;9.77;9.77;9.77;100
20160121 103100;9.7799;9.7799;9.7799;9.7799;296
20160121 103400;9.7726;9.7726;9.7726;9.7726;1800
20160121 103600;9.78;9.78;9.78;9.78;600
20160121 103900;9.78;9.78;9.78;9.78;300
20160121 105600;9.8343;9.8343;9.81;9.81;1100
20160121 110800;9.8035;9.8035;9.8035;9.8035;1000
20160121 112800;9.8275;9.8275;9.8;9.8;850
20160121 113700;9.7948;9.7948;9.7948;9.7948;600
20160121 113900;9.78;9.78;9.78;9.78;100
20160121 114600;9.7612;9.7612;9.7612;9.7612;2200
20160121 114700;9.75;9.7709;9.75;9.75;3800
20160121 114800;9.7533;9.7533;9.72;9.72;1600
20160121 114900;9.74;9.74;9.74;9.74;300
20160121 115100;9.7364;9.7364;9.7364;9.7364;200
20160121 120500;9.75;9.75;9.75;9.75;100
20160121 120800;9.7476;9.7476;9.7476;9.7476;100
20160121 120900;9.75;9.75;9.75;9.75;300
20160121 121100;9.8877;9.8877;9.8877;9.8877;200
20160121 121200;9.884;9.884;9.884;9.884;300
20160121 121400;9.8021;9.8021;9.75;9.8021;3400
20160121 122300;9.75;9.75;9.75;9.75;300
20160121 124300;9.8217;9.8217;9.8217;9.8217;700
20160121 125300;9.77;9.77;9.77;9.77;100
20160121 130800;9.8139;9.8139;9.8139;9.8139;750
20160121 135800;9.7926;9.7926;9.7926;9.7926;662
20160121 140100;9.7869;9.7869;9.7869;9.7869;1532
20160121 140300;9.79;9.79;9.7878;9.7878;1736
20160121 140900;9.77;9.77;9.76;9.76;630
20160121 141000;9.7704;9.7704;9.7704;9.7704;1000
20160121 141100;9.7705;9.7897;9.7705;9.7897;1511
20160121 142300;9.7825;9.79;9.7821;9.79;1632
20160121 142900;9.7601;9.7601;9.7601;9.7601;1000
20160121 143400;9.76;9.76;9.76;9.76;100
20160121 143800;9.7694;9.79;9.7694;9.79;1900
20160121 144000;9.7884;9.7884;9.7884;9.7884;1532
20160121 150800;9.7828;9.7828;9.77;9.77;1325
20160121 150900;9.7883;9.7883;9.7883;9.7883;2500
20160121 151700;9.79;9.8;9.79;9.8;1642
20160121 151800;9.8;9.8;9.8;9.8;100
20160121 154500;9.8;9.8;9.8;9.8;200
20160121 154700;9.8;9.96;9.76;9.96;4000
20160121 155000;9.769;9.769;9.769;9.769;700
20160121 155300;9.94;9.94;9.94;9.94;100
20160121 155900;9.9;9.9;9.9;9.9;300
20160121 160000;9.76;9.92;9.76;9.92;300
20160122 093600;9.935;9.935;9.935;9.935;1000
20160122 100400;9.956;9.956;9.9558;9.9558;1000
20160122 101500;9.949;9.949;9.949;9.949;3800
20160122 102000;9.95;9.96;9.95;9.96;200
20160122 102200;9.9489;9.9489;9.9489;9.9489;4980
20160122 102800;9.95;9.955;9.95;9.95;3227
20160122 103400;9.9524;9.9524;9.9524;9.9524;137
20160122 103500;9.96;10;9.96;9.96;2973
20160122 105200;9.96;9.96;9.96;9.96;100
20160122 105500;9.9974;9.9974;9.96;9.96;2500
20160122 105600;9.96;9.96;9.96;9.96;100
20160122 105900;10;10;9.96;9.96;2500
20160122 111900;10;10;9.96;9.96;300
20160122 112300;9.98;10;9.95;9.95;6900
20160122 112400;9.95;9.95;9.95;9.95;400
20160122 112500;9.95;9.95;9.95;9.95;100
20160122 112900;9.9855;9.9855;9.95;9.95;1805
20160122 115100;9.9;9.9;9.84;9.84;6900
20160122 115200;9.75;9.75;9.75;9.75;100
20160122 120500;9.76;9.76;9.76;9.76;100
20160122 120800;9.76;9.77;9.76;9.77;700
20160122 120900;9.77;9.77;9.77;9.77;300
20160122 121000;9.77;9.77;9.77;9.77;100
20160122 121200;9.77;9.77;9.77;9.77;200
20160122 121400;9.77;9.77;9.77;9.77;100
20160122 121500;9.78;9.78;9.78;9.78;200
20160122 121700;9.77;9.77;9.77;9.77;100
20160122 121900;9.77;9.77;9.77;9.77;200
20160122 122000;9.77;9.77;9.77;9.77;100
20160122 122100;9.77;9.77;9.77;9.77;300
20160122 122200;9.78;9.78;9.77;9.77;200
20160122 122400;9.78;9.78;9.78;9.78;100
20160122 122500;9.78;9.78;9.77;9.77;200
20160122 122700;9.77;9.77;9.77;9.77;100
20160122 122900;9.77;9.78;9.77;9.78;600
20160122 123100;9.77;9.8413;9.75;9.76;1600
20160122 123200;9.75;9.75;9.75;9.75;100
20160122 123300;9.75;9.75;9.75;9.75;100
20160122 123400;9.75;9.75;9.75;9.75;300
20160122 123600;9.75;9.78;9.75;9.78;500
20160122 123800;9.78;9.78;9.78;9.78;200
20160122 123900;9.78;9.78;9.78;9.78;100
20160122 124000;9.78;9.78;9.78;9.78;100
20160122 124100;9.78;9.78;9.78;9.78;200
20160122 124300;9.78;9.78;9.78;9.78;200
20160122 124400;9.78;9.78;9.78;9.78;200
20160122 124500;9.78;9.78;9.78;9.78;100
20160122 124600;9.75;9.75;9.75;9.75;200
20160122 124700;9.75;9.75;9.75;9.75;100
20160122 124800;9.75;9.75;9.75;9.75;100
20160122 125000;9.75;9.75;9.75;9.75;100
20160122 125100;9.75;9.75;9.75;9.75;100
20160122 125200;9.75;9.78;9.75;9.78;487
20160122 125300;9.84;9.86;9.75;9.75;1800
20160122 125400;9.75;9.75;9.75;9.75;200
20160122 125500;9.75;9.75;9.75;9.75;200
20160122 125600;9.84;9.86;9.75;9.75;3620
20160122 125700;9.75;9.75;9.75;9.75;1200
20160122 125800;9.75;9.75;9.75;9.75;200
20160122 125900;9.75;9.75;9.75;9.75;100
20160122 130000;9.84;9.86;9.75;9.75;2626
20160122 130100;9.75;9.8193;9.75;9.75;3756
20160122 130200;9.75;9.75;9.75;9.75;300
20160122 130300;9.75;9.75;9.75;9.75;200
20160122 130400;9.75;9.75;9.75;9.75;100
20160122 130600;9.75;9.75;9.75;9.75;200
20160122 130700;9.75;9.75;9.75;9.75;100
20160122 130800;9.75;9.75;9.6;9.6;2777
20160122 130900;9.6;9.62;9.6;9.62;300
20160122 131000;9.62;9.62;9.62;9.62;100
20160122 131100;9.6;9.6;9.6;9.6;100
20160122 131200;9.61;9.61;9.61;9.61;200
20160122 131300;9.61;9.61;9.61;9.61;100
20160122 131500;9.696;9.696;9.6;9.62;500
20160122 131600;9.63;9.63;9.63;9.63;100
20160122 131700;9.6;9.63;9.6;9.63;300
20160122 131900;9.61;9.61;9.61;9.61;100
20160122 132000;9.62;9.62;9.6;9.6;300
20160122 132100;9.6;9.6;9.6;9.6;600
20160122 132200;9.6;9.6;9.6;9.6;200
20160122 132300;9.62;9.62;9.61;9.61;500
20160122 132400;9.61;9.61;9.61;9.61;100
20160122 132600;9.62;9.62;9.61;9.61;400
20160122 132700;9.61;9.61;9.53;9.53;200
20160122 132800;9.7065;9.7065;9.7065;9.7065;2000
20160122 132900;9.5;9.53;9.5;9.53;300
20160122 133000;9.51;9.51;9.51;9.51;100
20160122 133100;9.51;9.51;9.51;9.51;100
20160122 133300;9.52;9.52;9.52;9.52;200
20160122 133400;9.52;9.52;9.52;9.52;200
20160122 133600;9.52;9.52;9.52;9.52;100
20160122 133700;9.52;9.53;9.49;9.49;400
20160122 133800;9.52;9.52;9.52;9.52;100
20160122 134000;9.52;9.52;9.5;9.5;200
20160122 134100;9.52;9.52;9.52;9.52;200
20160122 134300;9.52;9.54;9.52;9.53;300
20160122 134400;9.53;9.53;9.53;9.53;100
20160122 134500;9.51;9.51;9.51;9.51;100
20160122 134600;9.52;9.52;9.52;9.52;400
20160122 134700;9.52;9.52;9.51;9.51;800
20160122 134800;9.51;9.51;9.51;9.51;100
20160122 135000;9.51;9.51;9.51;9.51;100
20160122 135100;9.51;9.51;9.51;9.51;200
20160122 135300;9.52;9.52;9.52;9.52;300
20160122 135400;9.52;9.52;9.51;9.51;300
20160122 135600;9.51;9.51;9.51;9.51;100
20160122 135700;9.51;9.51;9.51;9.51;100
20160122 135800;9.51;9.51;9.51;9.51;100
20160122 135900;9.51;9.51;9.51;9.51;100
20160122 140000;9.51;9.51;9.51;9.51;100
20160122 140100;9.51;9.51;9.51;9.51;100
20160122 140200;9.51;9.51;9.51;9.51;100
20160122 140400;9.51;9.51;9.51;9.51;100
20160122 140500;9.52;9.52;9.52;9.52;100
20160122 140700;9.52;9.52;9.52;9.52;200
20160122 140800;9.52;9.52;9.52;9.52;200
20160122 141000;9.52;9.52;9.52;9.52;200
20160122 141200;9.53;9.53;9.53;9.53;200
20160122 141300;9.53;9.53;9.53;9.53;500
20160122 141500;9.53;9.53;9.53;9.53;100
20160122 141600;9.54;9.54;9.54;9.54;200
20160122 141800;9.55;9.55;9.55;9.55;100
20160122 141900;9.55;9.55;9.55;9.55;200
20160122 142100;9.55;9.55;9.55;9.55;100
20160122 142200;9.55;9.55;9.55;9.55;200
20160122 142400;9.56;9.56;9.56;9.56;100
20160122 142500;9.56;9.56;9.56;9.56;200
20160122 142700;9.55;9.55;9.55;9.55;700
20160122 142800;9.54;9.54;9.54;9.54;200
20160122 143000;9.54;9.54;9.54;9.54;100
20160122 143100;9.54;9.54;9.54;9.54;200
20160122 143300;9.54;9.54;9.54;9.54;100
20160122 143400;9.54;9.54;9.54;9.54;200
20160122 143600;9.54;9.54;9.54;9.54;100
20160122 143700;9.54;9.54;9.54;9.54;200
20160122 143800;9.54;9.54;9.54;9.54;500
20160122 143900;9.57;9.57;9.57;9.57;100
20160122 144000;9.54;9.54;9.54;9.54;619
20160122 144300;9.52;9.52;9.52;9.52;200
20160122 144400;9.52;9.52;9.52;9.52;100
20160122 144600;9.52;9.52;9.52;9.52;300
20160122 144700;9.52;9.52;9.52;9.52;100
20160122 144800;9.55;9.56;9.52;9.52;2400
20160122 144900;9.52;9.52;9.52;9.52;100
20160122 145000;9.52;9.52;9.52;9.52;100
20160122 145100;9.52;9.52;9.52;9.52;200
20160122 145200;9.52;9.52;9.52;9.52;200
20160122 145400;9.53;9.53;9.53;9.53;200
20160122 145500;9.53;9.53;9.53;9.53;100
20160122 145700;9.53;9.53;9.53;9.53;200
20160122 145800;9.53;9.53;9.53;9.53;400
20160122 145900;9.53;9.53;9.53;9.53;100
20160122 150000;9.53;9.53;9.52;9.52;200
20160122 150100;9.52;9.52;9.4;9.4;1000
20160122 150200;9.5396;9.5396;9.4;9.4;6500
20160122 150300;9.4;9.4;9.4;9.4;100
20160122 150400;9.46;9.46;9.46;9.46;100
20160122 150500;9.46;9.5;9.46;9.5;200
20160122 150600;9.5;9.5;9.5;9.5;200
20160122 150800;9.49;9.49;9.49;9.49;100
20160122 150900;9.49;9.49;9.49;9.49;100
20160122 151000;9.49;9.49;9.49;9.49;100
20160122 151100;9.49;9.49;9.49;9.49;100
20160122 151200;9.49;9.56;9.49;9.56;4932
20160122 151300;9.56;9.56;9.56;9.56;472
20160122 151600;9.49;9.56;9.49;9.56;2800
20160122 151700;9.61;9.61;9.61;9.61;900
20160122 151900;9.61;9.6109;9.61;9.6109;200
20160122 152000;9.61;9.61;9.61;9.61;200
20160122 152200;9.65;9.65;9.65;9.65;100
20160122 152600;9.69;9.7;9.69;9.7;4684
20160122 153500;9.65;9.65;9.65;9.65;100
20160122 153600;9.65;9.65;9.65;9.65;200
20160122 153700;9.65;9.65;9.65;9.65;100
20160122 153800;9.65;9.65;9.65;9.65;200
20160122 153900;9.65;9.65;9.65;9.65;100
20160122 154000;9.65;9.65;9.65;9.65;300
20160122 154100;9.65;9.65;9.62;9.62;300
20160122 154200;9.61;9.61;9.61;9.61;200
20160122 154300;9.61;9.61;9.61;9.61;200
20160122 154400;9.61;9.61;9.61;9.61;100
20160122 154500;9.61;9.61;9.61;9.61;400
20160122 154600;9.61;9.61;9.61;9.61;300
20160122 154700;9.61;9.61;9.61;9.61;300
20160122 154800;9.61;9.61;9.61;9.61;300
20160122 154900;9.61;9.61;9.61;9.61;300
20160122 155000;9.62;9.62;9.62;9.62;3900
20160122 155200;9.61;9.61;9.61;9.61;400
20160122 155500;9.5712;9.5712;9.5712;9.5712;278
20160122 155600;9.52;9.6;9.5;9.51;2400
20160122 155700;9.51;9.53;9.51;9.52;1100
20160122 155800;9.52;9.53;9.52;9.52;1000
20160122 155900;9.52;9.53;9.52;9.52;1500
20160122 160000;9.52;9.52;9.5;9.5;1400
20160125 101400;9.64;9.64;9.64;9.64;100
20160125 103500;9.64;9.64;9.5;9.5;1000
20160125 111300;9.5688;9.5688;9.45;9.45;1200
20160125 113200;9.5505;9.5505;9.5505;9.5505;100
20160125 121900;9.5899;9.5899;9.5;9.5;3000
20160125 122700;9.5001;9.5001;9.5;9.5;1800
20160125 122800;9.5235;9.5235;9.5;9.5;1700
20160125 123300;9.5;9.5;9.5;9.5;700
20160125 130700;9.57;9.57;9.57;9.57;100
20160125 131100;9.53;9.53;9.53;9.53;100
20160125 132500;9.5899;9.59;9.53;9.53;2300
20160125 132700;9.53;9.53;9.53;9.53;100
20160125 132800;9.58;9.65;9.53;9.5433;2300
20160125 133800;9.65;9.65;9.65;9.65;216
20160125 135400;9.658;9.658;9.658;9.658;310
20160125 145500;9.68;9.69;9.59;9.59;7890
20160125 145700;9.59;9.59;9.59;9.59;100
20160125 145900;9.64;9.65;9.6356;9.6356;1500
20160125 151400;9.59;9.59;9.59;9.59;255
20160125 151800;9.63;9.6553;9.63;9.6553;2658
20160125 152800;9.69;9.7;9.68;9.7;900
20160125 153100;9.75;9.89;9.75;9.89;3000
20160125 154000;9.79;9.8;9.7412;9.7412;1500
20160125 154200;9.7792;9.7792;9.7792;9.7792;736
20160125 154500;9.77;9.82;9.7525;9.82;3400
20160125 160000;9.82;9.82;9.81;9.82;400
20160126 094800;9.829;9.829;9.57;9.57;1100
20160126 095400;9.79;9.81;9.79;9.81;400
20160126 095700;9.79;9.79;9.59;9.59;400
20160126 100000;9.75;9.75;9.72;9.72;1400
20160126 100600;9.73;9.73;9.73;9.73;100
20160126 102200;9.91;9.92;9.73;9.76;2584
20160126 102600;9.8838;9.8838;9.8838;9.8838;204
20160126 102900;9.8838;9.8838;9.79;9.79;400
20160126 103500;9.84;9.85;9.71;9.71;3200
20160126 103700;9.8476;9.8476;9.62;9.63;7200
20160126 103800;9.63;9.63;9.63;9.63;100
20160126 105600;9.7;9.75;9.65;9.65;2400
20160126 105700;9.7;9.7;9.65;9.65;300
20160126 111700;9.7399;9.7399;9.66;9.67;1400
20160126 112900;9.72;9.74;9.72;9.74;500
20160126 114200;9.7619;9.7619;9.7619;9.7619;300
20160126 120300;9.75;9.75;9.75;9.75;200
20160126 120800;9.7516;9.7516;9.75;9.75;5900
20160126 120900;9.75;9.75;9.71;9.71;1900
20160126 122100;9.755;9.79;9.72;9.72;1500
20160126 122300;9.7717;9.7717;9.71;9.71;2000
20160126 123500;9.75;9.75;9.75;9.75;300
20160126 124800;9.75;9.75;9.75;9.75;100
20160126 130800;9.75;9.75;9.7;9.7;2270
20160126 130900;9.66;9.66;9.66;9.66;300
20160126 132700;9.7123;9.7123;9.62;9.62;900
20160126 133200;9.75;9.75;9.62;9.62;1800
20160126 133300;9.62;9.62;9.62;9.62;100
20160126 133400;9.74;9.79;9.62;9.62;5458
20160126 135000;9.79;9.79;9.78;9.79;1000
20160126 135200;9.7824;9.7824;9.7824;9.7824;500
20160126 135300;9.77;9.77;9.77;9.77;100
20160126 140200;9.7824;9.7824;9.7824;9.7824;500
20160126 140800;9.78;9.79;9.78;9.79;600
20160126 140900;9.8;9.8;9.8;9.8;1400
20160126 142000;9.8;9.85;9.79;9.84;1844
20160126 143800;9.8481;9.8481;9.8481;9.8481;200
20160126 145200;9.89;9.9;9.8739;9.8739;1600
20160126 150800;9.8243;9.8243;9.8243;9.8243;1250
20160126 150900;9.8619;9.8619;9.8619;9.8619;303
20160126 151000;9.89;9.91;9.89;9.91;3957
20160126 153400;9.8;9.8;9.8;9.8;200
20160126 153700;9.84;9.84;9.84;9.84;800
20160126 154900;9.85;9.85;9.85;9.85;103
20160126 155000;9.85;9.85;9.85;9.85;983
20160126 155200;9.884;9.93;9.8839;9.8839;1800
20160126 155800;9.92;9.92;9.82;9.82;2500
20160126 155900;9.82;9.9;9.82;9.9;300
20160126 160000;9.9;9.9;9.81;9.81;2800
20160127 104600;9.9408;9.96;9.94;9.94;2800
20160127 104800;9.93;9.93;9.93;9.93;100
20160127 105600;9.9357;9.9357;9.82;9.82;1100
20160127 111100;9.9283;9.9283;9.81;9.81;1200
20160127 113200;9.923;9.923;9.923;9.923;382
20160127 120600;9.9536;10;9.85;9.85;8800
20160127 120700;9.85;9.85;9.85;9.85;200
20160127 121200;9.96;9.99;9.85;9.85;2700
20160127 121300;9.85;9.85;9.85;9.85;100
20160127 122900;9.9;9.9;9.9;9.9;200
20160127 130900;9.9372;9.9372;9.9372;9.9372;100
20160127 131100;9.94;9.95;9.9;9.91;5600
20160127 131300;9.9;9.9;9.9;9.9;100
20160127 131500;9.9;9.9;9.9;9.9;100
20160127 133100;9.94;10;9.9;9.9;3600
20160127 134800;9.983;9.983;9.983;9.983;600
20160127 135900;9.91;9.91;9.91;9.91;100
20160127 142400;9.9535;9.9535;9.9535;9.9535;500
20160127 142800;9.989;9.989;9.989;9.989;161
20160127 145900;9.9586;9.9586;9.9586;9.9586;1000
20160127 151300;9.8997;9.8997;9.87;9.87;3300
20160127 151700;9.87;9.87;9.87;9.87;1060
20160127 151800;9.87;9.98;9.81;9.81;3555
20160127 151900;9.84;9.84;9.84;9.84;100
20160127 152200;9.8379;9.8379;9.8379;9.8379;500
20160127 152300;9.8621;9.8621;9.83;9.83;2700
20160127 152400;9.83;9.9101;9.82;9.82;1522
20160127 153100;9.8601;9.8601;9.8601;9.8601;975
20160127 153300;9.95;9.95;9.9387;9.9387;600
20160127 154900;9.86;9.93;9.85;9.85;1400
20160127 155000;9.9039;9.9039;9.85;9.85;600
20160127 155100;9.86;9.86;9.86;9.86;100
20160127 155200;9.86;9.86;9.86;9.86;100
20160127 155300;9.86;9.86;9.86;9.86;100
20160127 155400;9.86;9.86;9.86;9.86;100
20160127 155500;9.86;9.86;9.86;9.86;100
20160127 155600;9.86;9.86;9.86;9.86;100
20160127 155700;9.88;9.88;9.88;9.88;100
20160127 155800;9.88;9.88;9.88;9.88;100
20160127 155900;9.89;9.89;9.89;9.89;100
20160127 160000;9.91;9.91;9.9;9.9;200
20160128 093700;9.98;9.98;9.9508;9.9508;1100
20160128 093900;9.98;9.98;9.98;9.98;100
20160128 094200;9.94;10;9.94;9.96;600
20160128 094400;9.99;9.99;9.99;9.99;100
20160128 094700;10;10;10;10;100
20160128 094900;9.99;9.99;9.99;9.99;100
20160128 095200;10;10;10;10;100
20160128 095400;10;10;10;10;100
20160128 095600;10;10;10;10;100
20160128 095900;9.99;9.99;9.99;9.99;100
20160128 100100;9.99;9.99;9.99;9.99;100
20160128 100400;9.99;9.99;9.99;9.99;100
20160128 100600;10;10;10;10;100
20160128 100900;10;10;10;10;100
20160128 101100;10;10;10;10;100
20160128 101400;10;10;10;10;100
20160128 101600;10;10;10;10;100
20160128 101900;10;10;10;10;200
20160128 102100;9.99;9.99;9.99;9.99;100
20160128 102400;10;10;10;10;100
20160128 102700;10;10;10;10;200
20160128 102900;10;10;10;10;100
20160128 103200;10;10;10;10;100
20160128 103400;10;10;10;10;200
20160128 103700;10;10;10;10;100
20160128 104000;10;10;10;10;100
20160128 104200;10;10;10;10;100
20160128 104300;9.9481;10;9.9481;10;2700
20160128 104500;10;10;10;10;100
20160128 104800;10;10;10;10;100
20160128 105000;9.957;9.957;9.957;9.957;2500
20160128 105100;10;10;9.94;9.957;2700
20160128 105600;10;10;10;10;100
20160128 105900;10;10;10;10;100
20160128 110200;10;10;10;10;100
20160128 110500;10;10;10;10;100
20160128 110700;10;10;10;10;100
20160128 111000;10;10;10;10;100
20160128 111300;10;10;10;10;100
20160128 111600;10;10;10;10;100
20160128 111900;10;10;10;10;100
20160128 112200;10;10;10;10;100
20160128 112500;10;10;10;10;100
20160128 112800;10;10;10;10;100
20160128 113100;10;10;10;10;700
20160128 113400;10.01;10.01;10.01;10.01;100
20160128 113700;10.01;10.01;10.01;10.01;100
20160128 114000;10;10;10;10;100
20160128 114300;10;10;10;10;100
20160128 114600;10.01;10.01;10.01;10.01;100
20160128 115000;10.01;10.01;10.01;10.01;200
20160128 115300;10.01;10.01;10.01;10.01;100
20160128 115600;10.01;10.01;10.01;10.01;200
20160128 120000;10.01;10.01;10.01;10.01;100
20160128 120300;10.01;10.01;10.01;10.01;100
20160128 120700;10.01;10.01;10.01;10.01;100
20160128 121000;10.02;10.02;10.02;10.02;100
20160128 121400;10.02;10.02;10.02;10.02;100
20160128 121800;10.02;10.02;10.02;10.02;100
20160128 122000;10.02;10.02;10.02;10.02;200
20160128 122200;10.03;10.03;10.03;10.03;100
20160128 122500;10.03;10.03;10.03;10.03;100
20160128 122900;10.05;10.05;10.05;10.05;300
20160128 123200;10.0425;10.0425;10.0425;10.0425;2000
20160128 123300;10.05;10.05;10.05;10.05;100
20160128 123700;10.05;10.05;10.05;10.05;100
20160128 124100;10.05;10.05;10.05;10.05;100
20160128 124600;10.05;10.05;10.05;10.05;100
20160128 125000;10.05;10.05;10.05;10.05;100
20160128 125400;10.05;10.05;10.05;10.05;100
20160128 125800;10.05;10.05;10.05;10.05;100
20160128 130200;10.05;10.05;10.05;10.05;100
20160128 130600;10.05;10.05;10.05;10.05;100
20160128 130900;10.04;10.05;10.0301;10.0301;1100
20160128 131000;10.05;10.05;10.05;10.05;100
20160128 131400;10.04;10.04;10.04;10.04;100
20160128 131800;10.04;10.04;10.04;10.04;100
20160128 132200;10.04;10.04;10.04;10.04;100
20160128 132600;10.04;10.04;10.04;10.04;100
20160128 133000;10.04;10.04;10.04;10.04;1100
20160128 133400;10.04;10.04;10.04;10.04;100
20160128 133800;10.04;10.04;10.04;10.04;100
20160128 134100;10.0332;10.0332;10.0332;10.0332;400
20160128 134200;10.04;10.04;10.03;10.0331;800
20160128 134300;10.0349;10.0349;10.0332;10.0332;400
20160128 134400;10.0332;10.0332;10.03;10.0331;900
20160128 134900;9.97;9.97;9.96;9.96;1800
20160128 135000;9.9651;9.9651;9.9651;9.9651;216
20160128 135300;9.9651;9.9651;9.9651;9.9651;792
20160128 135500;9.97;9.97;9.97;9.97;100
20160128 140000;10.0143;10.0143;10.0143;10.0143;1500
20160128 140100;10.03;10.03;10.03;10.03;100
20160128 140400;10.02;10.02;10.02;10.02;100
20160128 140800;10.03;10.03;10.03;10.03;100
20160128 141500;10.03;10.03;10.03;10.03;100
20160128 141700;10.0207;10.0207;10.0207;10.0207;346
20160128 141800;10.03;10.03;10.03;10.03;100
20160128 142100;10.015;10.015;10;10.0042;3328
20160128 142400;9.9621;9.9621;9.9621;9.9621;3000
20160128 142800;10.03;10.03;10.03;10.03;200
20160128 142900;10.0113;10.0113;10.0113;10.0113;362
20160128 143200;10.03;10.03;10.03;10.03;100
20160128 143500;10.03;10.03;10.03;10.03;100
20160128 143800;10.03;10.03;10.03;10.03;100
20160128 144100;10.0143;10.0143;10.0143;10.0143;626
20160128 144200;10.03;10.03;10.03;10.03;100
20160128 144500;10.04;10.04;10.04;10.04;100
20160128 144600;9.9929;9.9929;9.9929;9.9929;296
20160128 144800;10.04;10.04;10.04;10.04;100
20160128 145100;10.04;10.04;10.04;10.04;100
20160128 145400;10.04;10.04;10.04;10.04;100
20160128 145700;10.04;10.04;10.04;10.04;100
20160128 150000;10.04;10.04;10.04;10.04;100
20160128 150100;10.0217;10.04;10.0217;10.04;931
20160128 150300;10.04;10.04;10.04;10.04;100
20160128 150600;10.04;10.04;10.0217;10.0217;607
20160128 150900;10.04;10.04;10.04;10.04;100
20160128 151100;10.0176;10.0176;10.0176;10.0176;471
20160128 151200;10.04;10.04;10.04;10.04;100
20160128 151500;10.04;10.04;10.04;10.04;100
20160128 151700;10.04;10.04;10.04;10.04;100
20160128 151800;10.0214;10.0214;10.0214;10.0214;1172
20160128 151900;9.9801;10.01;9.98;9.98;1999
20160128 152000;10.04;10.04;10.04;10.04;100
20160128 152200;10.04;10.04;10.04;10.04;100
20160128 152500;10.04;10.04;10.04;10.04;100
20160128 152700;10.04;10.04;10.04;10.04;100
20160128 153000;10.04;10.04;10.04;10.04;100
20160128 153200;10.04;10.04;10.04;10.04;100
20160128 153400;10.04;10.04;10.04;10.04;100
20160128 153600;10.04;10.04;10.04;10.04;100
20160128 153700;9.998;9.998;9.998;9.998;1000
20160128 153800;10.028;10.04;10.028;10.04;1006
20160128 154000;10.04;10.04;10.04;10.04;100
20160128 154200;10.04;10.04;10.04;10.04;100
20160128 154400;10.04;10.04;10.04;10.04;100
20160128 154600;10.04;10.04;10;10;1100
20160128 154700;10.04;10.04;10.04;10.04;100
20160128 154800;10.04;10.04;10.04;10.04;100
20160128 154900;10.04;10.04;10.04;10.04;100
20160128 155000;10.04;10.04;10.04;10.04;100
20160128 155100;10.04;10.04;10.04;10.04;100
20160128 155200;10.05;10.05;10.05;10.05;200
20160128 155300;10.05;10.05;10.05;10.05;100
20160128 155400;10.05;10.05;10.0372;10.05;650
20160128 155500;10.03;10.05;10.01;10.0228;900
20160128 155600;10.0314;10.05;10.02;10.0294;1100
20160128 155700;10.02;10.03;10.02;10.03;700
20160128 155800;10.01;10.0132;10.01;10.01;900
20160128 155900;10;10;10;10;500
20160129 094900;10.04;10.04;10.04;10.04;100
20160129 095300;10.03;10.03;10.03;10.03;100
20160129 095400;10.02;10.02;10.02;10.02;100
20160129 095500;10.01;10.01;10.0013;10.0013;400
20160129 095600;10;10.0032;10;10.0032;800
20160129 095800;9.98;9.98;9.86;9.947;3658
20160129 100800;9.964;9.964;9.964;9.964;1000
20160129 101300;9.98;9.98;9.98;9.98;100
20160129 101900;10;10;10;10;100
20160129 102500;10;10;10;10;100
20160129 102600;10;10.02;10;10.02;200
20160129 103300;9.99;9.99;9.99;9.99;100
20160129 104700;10;10;10;10;100
20160129 104900;10;10;10;10;100
20160129 105500;10;10;10;10;100
20160129 105800;10;10;10;10;100
20160129 110200;10;10;10;10;100
20160129 110600;10;10;10;10;100
20160129 110800;10;10;10;10;742
20160129 111000;10;10;10;10;100
20160129 111500;10;10;10;10;100
20160129 111800;10;10;10;10;100
20160129 112400;9.98;10;9.96;10;510
20160129 112600;10;10;10;10;100
20160129 113400;10;10;10;10;100
20160129 113500;10;10;10;10;100
20160129 114300;10;10;10;10;100
20160129 114400;10;10;10;10;100
20160129 115200;10;10;10;10;100
20160129 115300;9.9947;10;9.9947;10;1100
20160129 120200;10.03;10.03;10.03;10.03;100
20160129 120400;10.03;10.03;10.03;10.03;100
20160129 121100;10.0269;10.04;10.0269;10.04;1748
20160129 121200;10.04;10.08;10.04;10.067;6864
20160129 121600;10.0666;10.1022;10.0666;10.1022;4365
20160129 121900;10.1295;10.14;10.1061;10.1061;2257
20160129 122000;10.1104;10.14;10.1104;10.14;600
20160129 122100;10.1104;10.14;10.1104;10.14;2100
20160129 122200;10.1104;10.14;10.1104;10.14;2100
20160129 122400;10.1;10.1105;10.1;10.1105;1200
20160129 122500;10.1084;10.14;10.1084;10.14;2100
20160129 122600;10.1108;10.1108;10.1108;10.1108;1000
20160129 123000;10.12;10.12;10.1;10.1;700
20160129 124000;10.1;10.1;10.1;10.1;100
20160129 124900;10.0661;10.0661;10.0661;10.0661;791
20160129 125000;10.1;10.1;10.1;10.1;100
20160129 125400;10.1;10.1;10.1;10.1;500
20160129 125500;10.12;10.12;10.12;10.12;1100
20160129 125900;10.1074;10.1105;10.1;10.1105;1200
20160129 130000;10.1;10.1105;10.1;10.1104;1400
20160129 130100;10.08;10.0862;10.08;10.0862;400
20160129 130300;10.09;10.09;10.08;10.08;300
20160129 130500;10.08;10.0863;10.08;10.0863;600
20160129 130800;10.1;10.11;10.1;10.1;1684
20160129 131100;10.1086;10.1086;10.1086;10.1086;2500
20160129 132100;10.1;10.1;10.09;10.09;1500
20160129 133100;10;10;10;10;100
20160129 133800;9.9791;9.9791;9.9791;9.9791;1377
20160129 134100;10;10;10;10;100
20160129 134200;10;10;10;10;100
20160129 134600;9.93;9.93;9.93;9.93;1000
20160129 135100;10;10;10;10;100
20160129 135300;9.9782;9.9782;9.9782;9.9782;300
20160129 140000;10;10;10;10;100
20160129 140500;10;10;9.9902;9.9902;2700
20160129 140900;10;10;10;10;100
20160129 141200;10;10;10;10;1100
20160129 141600;10.01;10.01;10.01;10.01;100
20160129 141700;10.01;10.08;10.01;10.08;200
20160129 142000;10.01;10.01;10.01;10.01;100
20160129 142200;10.01;10.01;10.01;10.01;100
20160129 142400;10.01;10.01;10.01;10.01;100
20160129 142600;10.1;10.1;10.1;10.1;100
20160129 143400;10.1;10.1;10.04;10.04;200
20160129 143600;10.04;10.04;10.04;10.04;100
20160129 143800;10.04;10.04;10.04;10.04;100
20160129 143900;10.0555;10.0555;10.0555;10.0555;500
20160129 144000;10.09;10.15;10.09;10.124;9393
20160129 144200;10.15;10.15;10.15;10.15;200
20160129 144400;10.0812;10.099;10.0812;10.099;800
20160129 144900;10.15;10.15;10.15;10.15;100
20160129 145300;10.1145;10.1145;10.113;10.113;1100
20160129 145400;10.113;10.113;10.113;10.113;500
20160129 145500;10.1131;10.1131;10.1131;10.1131;600
20160129 145600;10.1131;10.15;10.1131;10.15;1600
20160129 145900;10.1;10.1;10.1;10.1;100
20160129 150100;10.1;10.1145;10.1;10.1;4300
20160129 151000;10.101;10.101;10.101;10.101;2907
20160129 151400;10.1265;10.1265;10.1265;10.1265;1449
20160129 151500;10.14;10.16;10.1265;10.1265;3471
20160129 151600;10.16;10.18;10.16;10.18;3461
20160129 151800;10.1583;10.1583;10.1583;10.1583;500
20160129 151900;10.1579;10.1706;10.1579;10.1706;693
20160129 152000;10.1572;10.1572;10.1572;10.1572;500
20160129 152100;10.1578;10.1613;10.1578;10.1613;1000
20160129 152200;10.18;10.18;10.18;10.18;100
20160129 152500;10.15;10.15;10.04;10.04;2300
20160129 153200;10;10.13;10;10;6192
20160129 153700;10.11;10.11;10.11;10.11;200
20160129 154200;10.12;10.12;10.12;10.12;100
20160129 154600;10.0682;10.12;10.0682;10.12;1200
20160129 154900;10.12;10.12;10.12;10.12;100
20160129 155100;10.12;10.12;10.12;10.12;100
20160129 155300;10.12;10.12;10.0894;10.0894;600
20160129 155400;10.0676;10.12;10.0676;10.12;1100
20160129 155500;10.0756;10.0756;10.0756;10.0756;500
20160129 155600;10.12;10.12;10.12;10.12;100
20160129 155700;10.06;10.12;10.06;10.06;760
20160129 155800;10.06;10.06;10.06;10.06;400
20160129 155900;10.02;10.03;10.01;10.01;400
20160129 160000;10;10.01;10;10.01;200
20160201 093300;10.12;10.12;10.12;10.12;143
20160201 093700;10.09;10.09;10.09;10.09;100
20160201 093900;10.09;10.09;10.09;10.09;100
20160201 094100;10.1;10.1;10.1;10.1;100
20160201 094300;10.1;10.1;10.1;10.1;200
20160201 094500;10.02;10.02;10;10;2500
20160201 094700;10.13;10.13;10.13;10.13;100
20160201 094900;10.15;10.15;10.15;10.15;100
20160201 095100;10.15;10.15;10.15;10.15;100
20160201 095300;10.14;10.14;10.14;10.14;100
20160201 095500;10.15;10.15;10.15;10.15;100
20160201 095700;10.15;10.15;10.15;10.15;100
20160201 095900;10.1419;10.15;10.1419;10.15;1013
20160201 100100;10.15;10.15;10.15;10.15;100
20160201 100300;10.15;10.15;10.15;10.15;100
20160201 100500;10.14;10.14;10.14;10.14;100
20160201 100800;10.13;10.13;10.13;10.13;100
20160201 101000;10.12;10.12;10.12;10.12;100
20160201 101100;10.05;10.05;10.05;10.05;100
20160201 101200;10.05;10.05;10.05;10.05;600
20160201 101400;10.05;10.05;10.05;10.05;100
20160201 101600;10.05;10.05;10.05;10.05;100
20160201 101800;10.05;10.05;10.05;10.05;100
20160201 102000;10.05;10.05;10.05;10.05;100
20160201 102200;10.05;10.05;10.05;10.05;100
20160201 102500;10.05;10.05;10.05;10.05;100
20160201 102600;10;10;10;10;100
20160201 102700;10;10;10;10;320
20160201 102900;10;10;10;10;100
20160201 103100;10;10;10;10;100
20160201 103300;10;10;10;10;100
20160201 103600;10;10;10;10;100
20160201 103800;10;10;10;10;100
20160201 104000;10;10;10;10;100
20160201 104200;10;10;10;10;100
20160201 104500;10;10;10;10;100
20160201 104700;10;10;10;10;100
20160201 104900;10;10;10;10;100
20160201 105100;10;10.01;10;10.01;1280
20160201 105400;10.05;10.05;10.05;10.05;100
20160201 105600;10.05;10.05;10.05;10.05;100
20160201 105700;10.05;10.05;10.05;10.05;100
20160201 105800;10.05;10.11;10.05;10.11;700
20160201 110100;10.11;10.11;10.11;10.11;100
20160201 110300;10.11;10.11;10.11;10.11;100
20160201 110500;10.09;10.09;10.09;10.09;100
20160201 110800;10.09;10.09;10.09;10.09;100
20160201 111000;10.09;10.09;10.04;10.04;300
20160201 111200;10.04;10.04;10.04;10.04;100
20160201 111300;10.08;10.08;10.08;10.08;100
20160201 111400;10.04;10.04;10.04;10.04;100
20160201 111500;10.08;10.08;10.08;10.08;100
20160201 111600;10.05;10.05;10.05;10.05;100
20160201 111800;10.04;10.07;10.04;10.07;200
20160201 112000;10.05;10.09;10.05;10.09;200
20160201 112200;10.08;10.08;10.08;10.08;100
20160201 112400;10.04;10.04;10.04;10.04;200
20160201 112500;10.07;10.07;10.04;10.04;200
20160201 112700;10.04;10.04;10.04;10.04;100
20160201 113000;10.04;10.04;10.04;10.04;100
20160201 113200;10.04;10.08;10.04;10.08;1884
20160201 113300;10.08;10.08;10.08;10.08;200
20160201 113500;10.08;10.08;10.08;10.08;100
20160201 113800;10.09;10.09;10.09;10.09;100
20160201 114000;10.09;10.09;10.09;10.09;100
20160201 114300;10.09;10.09;10.09;10.09;100
20160201 114600;10.09;10.09;10.05;10.05;200
20160201 114800;10.04;10.08;10.04;10.08;200
20160201 115000;10.05;10.05;10.05;10.05;100
20160201 115100;10.08;10.08;10.08;10.08;100
20160201 115300;10.04;10.04;10.04;10.04;200
20160201 115400;10.08;10.09;10.08;10.09;300
20160201 115700;10.09;10.09;10.09;10.09;100
20160201 115900;10.06;10.06;10.06;10.06;100
20160201 120000;10.09;10.09;10.09;10.09;200
20160201 120100;10.09;10.09;10.09;10.09;100
20160201 120300;10.11;10.11;10.11;10.11;100
20160201 120500;10.1;10.1;10.1;10.1;100
20160201 120600;10.07;10.07;10.07;10.07;100
20160201 120800;10.1;10.1;10.1;10.1;100
20160201 120900;10.04;10.04;10.04;10.04;100
20160201 121100;10.05;10.05;10.05;10.05;100
20160201 121200;10.0567;10.09;10.0567;10.09;600
20160201 121400;10.04;10.04;10.04;10.04;100
20160201 121500;10.07;10.07;10.0504;10.0525;900
20160201 121600;10.0506;10.0506;10.04;10.04;400
20160201 121800;10.06;10.06;10.06;10.06;100
20160201 121900;10.055;10.055;10.04;10.0494;700
20160201 122000;10.0547;10.0547;10.0547;10.0547;300
20160201 122100;10.07;10.07;10.04;10.04;200
20160201 122200;10.0494;10.0494;10.0476;10.0476;900
20160201 122400;10.04;10.06;10.04;10.06;200
20160201 122500;10.04;10.055;10.04;10.04;1500
20160201 122600;10.0252;10.0252;10;10;1500
20160201 122900;10.0001;10.0001;10.0001;10.0001;1028
20160201 123700;10.03;10.03;10.03;10.03;100
20160201 124000;10.04;10.04;10.04;10.04;100
20160201 124300;10.04;10.04;10.04;10.04;100
20160201 124700;10.04;10.04;10.04;10.04;100
20160201 125000;10.04;10.04;10.04;10.04;100
20160201 125400;10.04;10.04;10.04;10.04;100
20160201 125700;10.04;10.04;10.04;10.04;100
20160201 130100;10.04;10.04;10.04;10.04;100
20160201 130400;10.02;10.04;10.02;10.04;500
20160201 130700;10.04;10.04;10.04;10.04;100
20160201 131100;10.04;10.04;10.04;10.04;100
20160201 131400;10.04;10.04;10.04;10.04;100
20160201 131800;10.04;10.04;10.04;10.04;100
20160201 132100;10.04;10.04;10.04;10.04;100
20160201 132500;10.04;10.04;10.04;10.04;100
20160201 132600;10.01;10.01;10.01;10.01;100
20160201 132800;10.04;10.04;10.04;10.04;100
20160201 133100;10.04;10.04;10.04;10.04;100
20160201 133300;10.04;10.04;10.04;10.04;1600
20160201 133500;10.08;10.08;10.08;10.08;100
20160201 133600;10.05;10.06;10.05;10.05;1000
20160201 133800;10.08;10.08;10.08;10.08;100
20160201 134100;10.08;10.08;10.08;10.08;100
20160201 134400;10.11;10.11;10.11;10.11;100
20160201 134800;10.11;10.11;10.11;10.11;100
20160201 135100;10.11;10.11;10.11;10.11;100
20160201 135400;10.11;10.11;10.11;10.11;100
20160201 135700;10.11;10.11;10.11;10.11;100
20160201 135900;10.02;10.02;10.02;10.02;100
20160201 140000;10.11;10.11;10.11;10.11;100
20160201 140200;10.03;10.03;10.03;10.03;100
20160201 140300;10.11;10.11;10.11;10.11;100
20160201 140400;10.03;10.03;10.03;10.03;100
20160201 140600;10.03;10.12;10.03;10.12;200
20160201 140800;10.04;10.04;10.04;10.04;100
20160201 140900;10.1;10.1;10.1;10.1;100
20160201 141000;10.04;10.04;10.04;10.04;100
20160201 141200;10.08;10.08;10.03;10.03;200
20160201 141300;10.065;10.065;10.0602;10.0602;200
20160201 141400;10.03;10.03;10.03;10.03;100
20160201 141500;10.06;10.06;10.06;10.06;100
20160201 141600;10.02;10.02;10.02;10.02;100
20160201 141700;10.06;10.06;10.06;10.06;100
20160201 141900;10.02;10.02;10.02;10.02;100
20160201 142000;10.05;10.05;10.05;10.05;100
20160201 142100;10.02;10.02;10.02;10.02;100
20160201 142300;10.03;10.08;10.03;10.08;200
20160201 142500;10.04;10.07;10.04;10.0601;1300
20160201 142600;10.07;10.07;10.07;10.07;100
20160201 142700;10.0301;10.0301;10.0301;10.0301;3000
20160201 142900;10.08;10.08;10.08;10.08;100
20160201 143200;10.1;10.1;10.1;10.1;100
20160201 143500;10.07;10.07;10.07;10.07;100
20160201 143800;10.09;10.1;10.09;10.1;300
20160201 144000;10.1;10.1;10.1;10.1;100
20160201 144300;10.1;10.1;10.08;10.08;400
20160201 144400;10.08;10.09;10.08;10.09;400
20160201 144600;10.1;10.1;10.1;10.1;100
20160201 144800;10.12;10.12;10.12;10.12;100
20160201 145100;10.12;10.12;10.12;10.12;100
20160201 145400;10.12;10.12;10.12;10.12;100
20160201 145600;10.1;10.1;10.09;10.09;500
20160201 145800;10.09;10.09;10.09;10.09;100
20160201 150000;10.09;10.09;10.09;10.09;100
20160201 150200;10.09;10.09;10.09;10.09;100
20160201 150400;10.09;10.09;10.09;10.09;100
20160201 150500;10.05;10.05;10.05;10.05;100
20160201 150700;10.04;10.04;10.04;10.04;100
20160201 150800;10.07;10.07;10.07;10.07;100
20160201 150900;10.04;10.04;10.04;10.04;100
20160201 151000;10.04;10.04;10.04;10.04;100
20160201 151100;10.1;10.1;10.04;10.04;200
20160201 151300;10.07;10.07;10.04;10.04;200
20160201 151500;10.09;10.09;10.09;10.09;100
20160201 151600;10.04;10.04;10.04;10.04;200
20160201 151800;10.07;10.1;10.051;10.051;2900
20160201 151900;10.05;10.07;10.05;10.0531;400
20160201 152000;10.07;10.07;10.05;10.0694;600
20160201 152100;10.0745;10.0745;10.0745;10.0745;400
20160201 152200;10.05;10.075;10.05;10.05;1000
20160201 152300;10.05;10.05;10.05;10.05;100
20160201 152400;10.07;10.07;10.05;10.058;4450
20160201 152600;10.08;10.08;10.08;10.08;100
20160201 152700;10.075;10.075;10.0701;10.0701;200
20160201 152800;10.09;10.09;10.09;10.09;100
20160201 153000;10.1;10.1;10.1;10.1;100
20160201 153200;10.1;10.1;10.1;10.1;100
20160201 153400;10.1;10.1;10.1;10.1;100
20160201 153600;10.1;10.1;10.1;10.1;100
20160201 153700;10.1;10.1;10.1;10.1;100
20160201 153900;10.1;10.1;10.1;10.1;100
20160201 154100;10.1;10.1;10.1;10.1;100
20160201 154200;10.1;10.1;10.1;10.1;100
20160201 154400;10.1;10.1;10.1;10.1;100
20160201 154600;10.1;10.1;10.1;10.1;100
20160201 154700;10.1;10.1;10.1;10.1;100
20160201 154800;10.1;10.1;10.1;10.1;200
20160201 154900;10.1;10.1;10.1;10.1;100
20160201 155000;10.08;10.09;10.08;10.09;400
20160201 155100;10.09;10.09;10.09;10.09;100
20160201 155200;10.09;10.09;10.05;10.05;500
20160201 155300;10.05;10.05;10.05;10.05;300
20160201 155400;10.05;10.05;10.05;10.05;200
20160201 155500;10.05;10.05;10.05;10.05;300
20160201 155600;10.05;10.05;10.05;10.05;300
20160201 155700;10.05;10.05;10.03;10.03;400
20160201 155800;10.03;10.03;10.03;10.03;300
20160201 155900;10.03;10.03;10.02;10.02;400
20160201 160000;10.02;10.02;10.02;10.02;300
20160202 093700;10.0188;10.0188;10.0188;10.0188;1188
20160202 093800;10.1;10.1;10.1;10.1;100
20160202 094300;10.09;10.09;10.09;10.09;100
20160202 094800;10.09;10.09;10.09;10.09;100
20160202 094900;10.0668;10.0713;10.0668;10.0713;915
20160202 095200;10.08;10.08;10.08;10.08;100
20160202 095300;10.086;10.086;10.084;10.084;800
20160202 095700;10.07;10.07;10.0644;10.0644;500
20160202 095800;10.0643;10.0643;10.0643;10.0643;300
20160202 095900;10.0613;10.0613;10.0613;10.0613;300
20160202 100200;10.13;10.13;10.13;10.13;100
20160202 100700;10.14;10.14;10.14;10.14;100
20160202 100900;10.1056;10.1056;10.1056;10.1056;300
20160202 101000;10.1056;10.1056;10.1056;10.1056;300
20160202 101100;10.1145;10.1145;10.1145;10.1145;400
20160202 101200;10.13;10.13;10.13;10.13;100
20160202 101700;10.13;10.13;10.13;10.13;100
20160202 102200;10.12;10.12;10.12;10.12;100
20160202 102700;10.09;10.09;10.09;10.09;400
20160202 103500;10.0744;10.0744;10.0744;10.0744;1000
20160202 103800;10.09;10.09;10.09;10.09;100
20160202 104300;10.1;10.1;10.1;10.1;100
20160202 104900;10.1;10.1;10.1;10.1;100
20160202 105400;10.1;10.1;10.1;10.1;100
20160202 110000;10.1;10.1;10.1;10.1;100
20160202 110600;10.1;10.1;10.1;10.1;100
20160202 111100;10.0557;10.1;10.0557;10.1;600
20160202 111300;10.07;10.07;10.07;10.07;400
20160202 111400;10.064;10.064;10.064;10.064;300
20160202 111700;10.1;10.1;10.1;10.1;100
20160202 112200;10.066;10.066;10.066;10.066;300
20160202 112300;10.1;10.1;10.0749;10.0749;300
20160202 112900;10.13;10.13;10.13;10.13;100
20160202 113400;10.1084;10.1084;10.1084;10.1084;750
20160202 113500;10.13;10.13;10.13;10.13;100
20160202 113900;10.12;10.12;10.12;10.12;925
20160202 114100;10.13;10.13;10.13;10.13;100
20160202 114300;10.1092;10.1092;10.1092;10.1092;750
20160202 114800;10.13;10.13;10.13;10.13;100
20160202 115400;10.13;10.13;10.13;10.13;100
20160202 115600;10.12;10.12;10.0731;10.0731;2918
20160202 120900;10.12;10.12;10.12;10.12;100
20160202 121600;10.12;10.12;10.12;10.12;100
20160202 122400;10.12;10.12;10.12;10.12;100
20160202 123200;10.13;10.13;10.13;10.13;100
20160202 123600;10.0683;10.0683;10.0679;10.0679;1000
20160202 124000;10.13;10.13;10.13;10.13;100
20160202 124800;10.13;10.13;10.13;10.13;100
20160202 125600;10.13;10.13;10.13;10.13;100
20160202 130300;10.113;10.113;10.113;10.113;2000
20160202 130400;10.13;10.13;10.13;10.13;100
20160202 130900;10.116;10.116;10.116;10.116;2500
20160202 131200;10.13;10.13;10.13;10.13;100
20160202 132000;10.13;10.13;10.13;10.13;100
20160202 132100;10.103;10.103;10.103;10.103;2500
20160202 132800;10.13;10.13;10.13;10.13;100
20160202 133500;10.112;10.112;10.112;10.112;4000
20160202 133600;10.13;10.13;10.13;10.13;100
20160202 134000;10.12;10.15;10.12;10.15;1500
20160202 134100;10.0444;10.0444;10.0444;10.0444;2000
20160202 134400;10.14;10.14;10.0432;10.1187;3100
20160202 135100;10.13;10.13;10.13;10.13;100
20160202 135300;10.0883;10.0883;10.0883;10.0883;1500
20160202 135800;10.14;10.14;10.14;10.14;100
20160202 140100;10.1115;10.34;10.04;10.3399;12795
20160202 140500;10.29;10.29;10.29;10.29;100
20160202 141200;10.29;10.29;10.29;10.29;100
20160202 141800;10.2;10.2;10.2;10.2;100
20160202 141900;10.2;10.2;10.2;10.2;100
20160202 142500;10.2;10.2;10.2;10.2;100
20160202 143200;10.2;10.2;10.2;10.2;100
20160202 143800;10.19;10.19;10.19;10.19;100
20160202 144500;10.19;10.19;10.19;10.19;100
20160202 144800;10.168;10.168;10.168;10.168;900
20160202 145100;10.19;10.19;10.19;10.19;100
20160202 145700;10.19;10.19;10.19;10.19;100
20160202 150200;10.19;10.19;10.19;10.19;200
20160202 150800;10.19;10.19;10.19;10.19;100
20160202 151300;10.19;10.19;10.19;10.19;100
20160202 151800;10.19;10.19;10.19;10.19;100
20160202 152200;10.1899;10.24;10.183;10.2;3700
20160202 153300;10.18;10.18;10.18;10.18;100
20160202 153700;10.15;10.15;10.13;10.13;500
20160202 154100;10.19;10.19;10.19;10.19;100
20160202 154300;10.148;10.148;10.148;10.148;1000
20160202 154500;10.19;10.19;10.19;10.19;100
20160202 154800;10.18;10.18;10.18;10.18;100
20160202 155000;10.18;10.18;10.18;10.18;100
20160202 155100;10.18;10.18;10.18;10.18;100
20160202 155300;10.18;10.18;10.18;10.18;100
20160202 155400;10.1386;10.18;10.1356;10.1356;1100
20160202 155600;10.18;10.18;10.18;10.18;100
20160202 155700;10.18;10.18;10.18;10.18;200
20160202 155800;10.18;10.18;10.18;10.18;100
20160202 155900;10.18;10.18;10.18;10.18;600
20160202 160000;10.1578;10.19;10.1578;10.19;1100
20160203 104100;10.17;10.17;10.17;10.17;100
20160203 104500;10.17;10.24;10.17;10.24;1000
20160203 110100;10.1491;10.1491;10.1491;10.1491;100
20160203 110700;10.1866;10.1866;10.1866;10.1866;800
20160203 111000;10.1799;10.1799;10.1799;10.1799;100
20160203 112600;10.0823;10.0823;10.0823;10.0823;400
20160203 112700;10.1348;10.1348;10.1348;10.1348;2000
20160203 120500;10.17;10.17;10.1699;10.1699;953
20160203 121100;10.17;10.18;10.12;10.125;1200
20160203 135400;10.188;10.188;10.188;10.188;200
20160203 140600;10.0804;10.0804;10.0804;10.0804;2500
20160203 142800;10.09;10.09;10.09;10.09;986
20160203 150000;10.1898;10.1898;10.1898;10.1898;2000
20160203 150900;10.135;10.1543;10.135;10.1543;800
20160203 151000;10.1382;10.1382;10.1382;10.1382;500
20160203 151300;10.1356;10.1356;10.1356;10.1356;300
20160203 151400;10.1331;10.1331;10.1331;10.1331;700
20160203 151500;10.1445;10.1445;10.12;10.12;600
20160203 151800;10.12;10.12;10.12;10.12;500
20160203 153200;10.1616;10.17;10.1616;10.17;2400
20160203 153400;10.1899;10.1899;10.1899;10.1899;600
20160203 154700;10.17;10.2;10.163;10.163;8850
20160203 155700;10.19;10.19;10.19;10.19;200
20160203 160000;10.11;10.11;10.11;10.11;100
20160204 100600;10.11;10.11;10.11;10.11;300
20160204 101100;10.12;10.12;10.12;10.12;100
20160204 101600;10.06;10.145;10.0401;10.0401;8300
20160204 101900;10.12;10.12;10.12;10.12;300
20160204 104700;10.1199;10.1199;10.1199;10.1199;2000
20160204 105100;10.11;10.14;10.11;10.12;2233
20160204 110300;10.15;10.18;10.15;10.15;1700
20160204 111800;10.18;10.19;10.18;10.19;750
20160204 113100;10.15;10.15;10.05;10.05;12500
20160204 113500;10.13;10.1499;10.1265;10.1499;2000
20160204 114300;10.1471;10.1471;10.1471;10.1471;1500
20160204 114700;10.1499;10.1499;10.1499;10.1499;1000
20160204 115400;10.14;10.14;10.14;10.14;400
20160204 115600;10.1426;10.1426;10.1426;10.1426;1000
20160204 121200;10.1432;10.1432;10.1432;10.1432;300
20160204 121300;10.1431;10.1431;10.1431;10.1431;400
20160204 121400;10.14;10.14;10.14;10.14;200
20160204 125300;10.07;10.07;10.05;10.05;600
20160204 125600;10.07;10.08;10.07;10.08;200
20160204 130000;10.08;10.09;10.08;10.09;695
20160204 131500;10.1194;10.1194;10.1194;10.1194;700
20160204 131600;10.11;10.11;10.08;10.08;600
20160204 132600;10.14;10.14;10.14;10.14;300
20160204 135300;10.12;10.12;10.12;10.12;100
20160204 140200;10.14;10.15;10.14;10.15;705
20160204 140500;10.162;10.162;10.162;10.162;1000
20160204 141600;10.1512;10.1512;10.1512;10.1512;1000
20160204 141900;10.1644;10.1644;10.1644;10.1644;200
20160204 142100;10.18;10.2;10.18;10.2;11050
20160204 142500;10.14;10.1592;10.13;10.1592;500
20160204 143000;10.1457;10.1457;10.132;10.132;900
20160204 143100;10.13;10.13;10.12;10.12;3500
20160204 143200;10.1252;10.1252;10.12;10.12;3500
20160204 143500;10.137;10.137;10.137;10.137;3235
20160204 144500;10.1324;10.1324;10.1324;10.1324;1480
20160204 151600;10.139;10.15;10.138;10.15;1900
20160204 152200;10.189;10.189;10.189;10.189;393
20160204 153100;10.1899;10.1899;10.1899;10.1899;1450
20160204 153700;10.1831;10.1831;10.1831;10.1831;2500
20160204 153800;10.1431;10.1431;10.1431;10.1431;1000
20160204 155700;10.1524;10.1524;10.1524;10.1524;500
20160204 155800;10.1501;10.1501;10.1501;10.1501;200
20160204 160000;10.15;10.15;10.15;10.15;100
20160205 095900;10.1828;10.1828;10.1828;10.1828;2000
20160205 100700;10.2;10.2;10.2;10.2;2200
20160205 101900;10.1864;10.1864;10.1864;10.1864;300
20160205 105000;10.2;10.2;10.2;10.2;500
20160205 105500;10.1858;10.1858;10.1858;10.1858;1023
20160205 105800;10.18;10.18;10.18;10.18;500
20160205 110600;10.15;10.15;10.15;10.15;400
20160205 120800;10.1338;10.1338;10.1338;10.1338;1000
20160205 122900;10.14;10.1431;10.14;10.1431;400
20160205 131000;10.14;10.18;10.1337;10.1337;5650
20160205 132100;10.18;10.18;10.18;10.18;100
20160205 132400;10.18;10.18;10.18;10.18;100
20160205 133400;10.18;10.18;10.18;10.18;489
20160205 133500;10.19;10.19;10.19;10.19;400
20160205 133600;10.19;10.23;10.19;10.23;1900
20160205 143100;10.1859;10.1859;10.1859;10.1859;500
20160205 143900;10.1904;10.21;10.1904;10.21;5050
20160205 150000;10.1865;10.1865;10.1865;10.1865;1900
20160205 150600;10.1601;10.1601;10.1601;10.1601;2500
20160205 150800;10.19;10.19;10.19;10.19;300
20160205 151200;10.1947;10.1947;10.1947;10.1947;2300
20160205 151400;10.1901;10.1928;10.1001;10.11;3900
20160205 151500;10.15;10.15;10.15;10.15;100
20160205 152200;10.1601;10.1601;10.1601;10.1601;1500
20160205 154600;10.17;10.1804;10.17;10.1804;200
20160205 155200;10.16;10.16;10.16;10.16;400
