20160119 093900;22.34;22.34;22.34;22.34;100
20160119 094200;22.36;22.36;22.36;22.36;100
20160119 094500;22.4261;22.4261;22.36;22.36;400
20160119 094800;22.36;22.36;22.36;22.36;200
20160119 094900;22.34;22.34;22.34;22.34;500
20160119 095100;22.32;22.32;22.32;22.32;300
20160119 095400;22.32;22.32;22.32;22.32;100
20160119 095700;22.32;22.506;22.32;22.491;2000
20160119 095900;22.415;22.415;22.415;22.415;100
20160119 100400;22.3564;22.42;22.3564;22.42;600
20160119 100600;22.5099;22.5099;22.5099;22.5099;228
20160119 100700;22.42;22.42;22.42;22.42;100
20160119 101400;22.43;22.43;22.43;22.43;100
20160119 101900;22.43;22.43;22.43;22.43;100
20160119 102000;22.3792;22.3792;22.3792;22.3792;1200
20160119 102400;22.43;22.43;22.43;22.43;100
20160119 102500;22.44;22.44;22.44;22.44;100
20160119 102600;22.454;22.454;22.454;22.454;200
20160119 102800;22.39;22.39;22.37;22.38;445
20160119 103500;22.44;22.44;22.44;22.44;100
20160119 103900;22.37;22.44;22.37;22.44;200
20160119 104200;22.44;22.44;22.44;22.44;100
20160119 104700;22.37;22.44;22.37;22.44;200
20160119 104900;22.45;22.45;22.45;22.45;100
20160119 105200;22.51;22.51;22.445;22.445;500
20160119 110700;22.49;22.49;22.445;22.445;300
20160119 111700;22.39;22.39;22.39;22.39;100
20160119 112000;22.37;22.37;22.37;22.37;100
20160119 112400;22.43;22.43;22.37;22.37;200
20160119 112700;22.37;22.37;22.37;22.37;200
20160119 113100;22.37;22.37;22.37;22.37;100
20160119 113400;22.37;22.37;22.37;22.37;100
20160119 113500;22.42;22.42;22.42;22.42;100
20160119 113700;22.38;22.38;22.38;22.38;100
20160119 113900;22.43;22.43;22.43;22.43;100
20160119 114000;22.38;22.435;22.38;22.435;200
20160119 114300;22.39;22.39;22.39;22.39;100
20160119 114400;22.435;22.435;22.43;22.43;200
20160119 114700;22.435;22.435;22.435;22.435;500
20160119 114800;22.44;22.44;22.43;22.43;200
20160119 115100;22.455;22.455;22.45;22.45;200
20160119 115300;22.46;22.46;22.46;22.46;200
20160119 115800;22.46;22.46;22.44;22.46;1200
20160119 120100;22.46;22.46;22.46;22.46;100
20160119 120300;22.465;22.465;22.4602;22.4602;200
20160119 120400;22.46;22.46;22.46;22.46;100
20160119 122000;22.46;22.46;22.45;22.455;500
20160119 122100;22.47;22.47;22.47;22.47;200
20160119 123000;22.46;22.46;22.46;22.46;300
20160119 123100;22.46;22.47;22.46;22.47;300
20160119 123200;22.46;22.46;22.46;22.46;100
20160119 123400;22.47;22.47;22.47;22.47;400
20160119 123500;22.46;22.47;22.46;22.47;200
20160119 123600;22.47;22.47;22.47;22.47;100
20160119 123900;22.46;22.46;22.46;22.46;100
20160119 124200;22.46;22.46;22.46;22.46;100
20160119 124600;22.46;22.51;22.46;22.51;700
20160119 125200;22.505;22.51;22.505;22.51;200
20160119 125500;22.5;22.54;22.5;22.54;4968
20160119 132300;22.515;22.515;22.515;22.515;100
20160119 132500;22.515;22.515;22.515;22.515;500
20160119 132600;22.515;22.515;22.515;22.515;100
20160119 133300;22.5;22.5;22.5;22.5;100
20160119 133700;22.5;22.5;22.5;22.5;100
20160119 134100;22.5;22.5;22.5;22.5;100
20160119 134200;22.5;22.5;22.5;22.5;300
20160119 134400;22.48;22.48;22.435;22.435;600
20160119 134500;22.405;22.44;22.405;22.44;600
20160119 134800;22.405;22.405;22.405;22.405;100
20160119 141600;22.401;22.401;22.401;22.401;100
20160119 142100;22.39;22.39;22.39;22.39;100
20160119 142400;22.4;22.41;22.4;22.41;200
20160119 142500;22.41;22.415;22.4;22.415;970
20160119 142700;22.42;22.42;22.42;22.42;100
20160119 143000;22.41;22.41;22.41;22.41;100
20160119 143400;22.41;22.43;22.41;22.425;300
20160119 143800;22.425;22.425;22.4101;22.4101;822
20160119 144000;22.425;22.4298;22.4202;22.4298;900
20160119 144100;22.425;22.425;22.425;22.425;200
20160119 144600;22.4129;22.4129;22.4129;22.4129;200
20160119 144700;22.4399;22.4399;22.4399;22.4399;209
20160119 145200;22.425;22.425;22.425;22.425;200
20160119 145800;22.41;22.41;22.41;22.41;100
20160119 150000;22.41;22.41;22.41;22.41;100
20160119 150100;22.42;22.42;22.42;22.42;100
20160119 150300;22.41;22.41;22.41;22.41;100
20160119 150500;22.41;22.41;22.41;22.41;100
20160119 150600;22.42;22.43;22.42;22.43;900
20160119 150700;22.43;22.43;22.42;22.42;800
20160119 150800;22.43;22.43;22.43;22.43;300
20160119 151300;22.43;22.43;22.43;22.43;100
20160119 151500;22.43;22.43;22.43;22.43;100
20160119 151900;22.44;22.44;22.44;22.44;100
20160119 152000;22.44;22.44;22.4339;22.44;700
20160119 152800;22.42;22.45;22.42;22.435;4837
20160119 153200;22.435;22.435;22.435;22.435;100
20160119 153300;22.435;22.435;22.435;22.435;100
20160119 153400;22.45;22.45;22.45;22.45;2000
20160119 153800;22.43;22.43;22.43;22.43;100
20160119 153900;22.434;22.49;22.434;22.49;5374
20160119 154200;22.47;22.47;22.47;22.47;100
20160119 154600;22.44;22.47;22.44;22.47;300
20160119 154700;22.46;22.46;22.46;22.46;200
20160119 154800;22.46;22.46;22.46;22.46;100
20160119 154900;22.4475;22.48;22.4475;22.46;1465
20160119 155000;22.48;22.48;22.48;22.48;900
20160119 155100;22.46;22.46;22.46;22.46;100
20160119 155200;22.46;22.48;22.46;22.48;200
20160119 155500;22.46;22.48;22.46;22.48;500
20160119 155600;22.46;22.49;22.46;22.49;1000
20160119 155800;22.46;22.46;22.46;22.46;100
20160119 155900;22.49;22.49;22.49;22.49;200
20160119 160000;22.43;22.49;22.43;22.49;600
20160120 093100;22.43;22.43;22.42;22.42;1295
20160120 093600;22.46;22.46;22.44;22.44;400
20160120 095000;22.43;22.44;22.43;22.44;200
20160120 095200;22.44;22.44;22.44;22.44;100
20160120 095700;22.5;22.5;22.43;22.43;1000
20160120 100500;22.43;22.43;22.43;22.43;100
20160120 100600;22.43;22.43;22.43;22.43;100
20160120 100900;22.43;22.43;22.43;22.43;100
20160120 101000;22.4378;22.4378;22.4378;22.4378;890
20160120 101100;22.43;22.43;22.43;22.43;300
20160120 101200;22.43;22.43;22.43;22.43;300
20160120 101700;22.43;22.43;22.43;22.43;1719
20160120 102100;22.43;22.43;22.43;22.43;600
20160120 103800;22.4478;22.4478;22.4478;22.4478;1433
20160120 104500;22.43;22.43;22.43;22.43;900
20160120 104600;22.43;22.4363;22.43;22.4363;1265
20160120 104700;22.4456;22.4456;22.4456;22.4456;1000
20160120 104900;22.44;22.44;22.43;22.4301;800
20160120 105400;22.43;22.43;22.43;22.43;386
20160120 105600;22.438;22.438;22.438;22.438;500
20160120 105700;22.4316;22.4316;22.4316;22.4316;100
20160120 110100;22.42;22.42;22.42;22.42;200
20160120 110200;22.42;22.42;22.42;22.42;100
20160120 110500;22.4316;22.4316;22.42;22.42;1500
20160120 111200;22.43;22.43;22.43;22.43;229
20160120 111700;22.43;22.43;22.42;22.42;6423
20160120 111800;22.41;22.41;22.41;22.41;256
20160120 111900;22.412;22.412;22.412;22.412;892
20160120 112200;22.415;22.415;22.4101;22.4101;200
20160120 112500;22.41;22.41;22.41;22.41;2056
20160120 113000;22.3774;22.3774;22.3774;22.3774;200
20160120 113800;22.35;22.35;22.32;22.33;1400
20160120 114200;22.35;22.35;22.35;22.35;100
20160120 120100;22.33;22.33;22.33;22.33;200
20160120 122500;22.32;22.32;22.32;22.32;700
20160120 122800;22.3;22.3;22.3;22.3;100
20160120 122900;22.3099;22.3099;22.3099;22.3099;535
20160120 123100;22.29;22.29;22.29;22.29;100
20160120 123300;22.29;22.29;22.29;22.29;200
20160120 123400;22.27;22.27;22.27;22.27;100
20160120 123700;22.27;22.27;22.27;22.27;100
20160120 124100;22.27;22.27;22.27;22.27;100
20160120 124400;22.27;22.27;22.27;22.27;100
20160120 124700;22.25;22.25;22.25;22.25;100
20160120 125000;22.25;22.25;22.25;22.25;100
20160120 125300;22.26;22.26;22.26;22.26;100
20160120 125600;22.2762;22.2762;22.2762;22.2762;300
20160120 125700;22.26;22.31;22.26;22.31;200
20160120 130300;22.27;22.27;22.27;22.27;100
20160120 130600;22.27;22.27;22.27;22.27;100
20160120 130900;22.27;22.27;22.27;22.27;100
20160120 131200;22.27;22.27;22.27;22.27;100
20160120 131600;22.27;22.27;22.25;22.25;500
20160120 131800;22.25;22.2501;22.25;22.2501;600
20160120 131900;22.25;22.25;22.25;22.25;100
20160120 132200;22.25;22.25;22.25;22.25;100
20160120 132500;22.22;22.22;22.22;22.22;100
20160120 132800;22.22;22.22;22.22;22.22;100
20160120 132900;22.22;22.22;22.22;22.22;155
20160120 133100;22.22;22.22;22.22;22.22;100
20160120 133400;22.22;22.22;22.22;22.22;100
20160120 133700;22.22;22.22;22.22;22.22;100
20160120 134100;22.22;22.22;22.22;22.22;100
20160120 134700;22.22;22.22;22.22;22.22;100
20160120 135000;22.22;22.22;22.22;22.22;100
20160120 135200;22.224;22.23;22.22;22.23;1092
20160120 135500;22.21;22.21;22.21;22.21;100
20160120 135600;22.21;22.265;22.21;22.21;2425
20160120 135800;22.21;22.21;22.21;22.21;100
20160120 140000;22.2424;22.2424;22.2424;22.2424;305
20160120 140100;22.22;22.22;22.22;22.22;100
20160120 140400;22.25;22.25;22.25;22.25;100
20160120 140700;22.25;22.25;22.25;22.25;100
20160120 140900;22.25;22.25;22.25;22.25;100
20160120 141000;22.27;22.27;22.27;22.27;200
20160120 141100;22.25;22.253;22.25;22.253;924
20160120 141400;22.25;22.259;22.25;22.259;1000
20160120 142100;22.2615;22.2615;22.2615;22.2615;390
20160120 143100;22.2792;22.2792;22.2792;22.2792;100
20160120 145600;22.3227;22.3227;22.3227;22.3227;450
20160120 150200;22.326;22.33;22.32;22.33;1000
20160120 151900;22.28;22.28;22.28;22.28;100
20160120 152000;22.3014;22.3034;22.3014;22.3034;1210
20160120 152200;22.28;22.281;22.28;22.281;950
20160120 153100;22.31;22.31;22.29;22.3;6138
20160120 153200;22.2999;22.3;22.2999;22.3;1461
20160120 153300;22.365;22.365;22.365;22.365;1400
20160120 153900;22.34;22.34;22.34;22.34;1000
20160120 154000;22.34;22.34;22.34;22.34;300
20160120 154100;22.34;22.34;22.34;22.34;400
20160120 154600;22.3629;22.3629;22.3629;22.3629;750
20160120 154900;22.35;22.4;22.35;22.4;400
20160120 155200;22.35;22.35;22.35;22.35;300
20160120 155500;22.38;22.38;22.34;22.34;300
20160120 155900;22.3386;22.36;22.3386;22.3386;1100
20160120 160000;22.31;22.35;22.29;22.34;500
20160121 095200;22.31;22.31;22.3;22.3;500
20160121 100200;22.36;22.36;22.36;22.36;300
20160121 100500;22.36;22.36;22.36;22.36;100
20160121 100600;22.37;22.37;22.37;22.37;300
20160121 101600;22.49;22.49;22.49;22.49;100
20160121 102900;22.48;22.516;22.48;22.488;2800
20160121 103000;22.4766;22.4766;22.4766;22.4766;380
20160121 103400;22.51;22.51;22.51;22.51;500
20160121 104200;22.52;22.52;22.52;22.52;544
20160121 110000;22.5;22.52;22.5;22.52;900
20160121 110600;22.55;22.55;22.43;22.44;2349
20160121 112900;22.574;22.574;22.574;22.574;1386
20160121 113000;22.61;22.61;22.6;22.6;700
20160121 114900;22.6194;22.6194;22.6194;22.6194;1200
20160121 115500;22.595;22.61;22.57;22.61;1674
20160121 115700;22.6;22.6;22.6;22.6;100
20160121 120100;22.62;22.62;22.62;22.62;200
20160121 120200;22.62;22.62;22.62;22.62;144
20160121 120400;22.584;22.62;22.584;22.62;700
20160121 122400;22.61;22.61;22.61;22.61;200
20160121 125300;22.6;22.6;22.6;22.6;200
20160121 125500;22.617;22.617;22.617;22.617;2689
20160121 125800;22.62;22.62;22.62;22.62;500
20160121 125900;22.62;22.62;22.62;22.62;700
20160121 130000;22.7;22.7;22.6384;22.6384;840
20160121 132300;22.65;22.65;22.65;22.65;100
20160121 142300;22.675;22.675;22.675;22.675;500
20160121 144200;22.65;22.7;22.65;22.7;1700
20160121 144300;22.67;22.67;22.66;22.66;400
20160121 144400;22.68;22.68;22.66;22.66;300
20160121 144500;22.66;22.66;22.65;22.65;933
20160121 144600;22.67;22.67;22.65;22.65;1600
20160121 151000;22.678;22.678;22.678;22.678;1160
20160121 151600;22.678;22.678;22.678;22.678;1072
20160121 155500;22.65;22.65;22.65;22.65;100
20160121 155900;22.68;22.68;22.65;22.65;700
20160121 160000;22.68;22.68;22.6498;22.68;1850
20160122 093700;22.64;22.64;22.64;22.64;200
20160122 093900;22.62;22.64;22.62;22.64;562
20160122 094300;22.63;22.63;22.62;22.62;390
20160122 094600;22.64;22.64;22.64;22.64;100
20160122 095300;22.64;22.65;22.64;22.65;200
20160122 095600;22.69;22.69;22.69;22.69;100
20160122 101500;22.7;22.7;22.7;22.7;115
20160122 102900;22.8314;22.8314;22.8314;22.8314;650
20160122 104200;22.85;22.85;22.85;22.85;100
20160122 104400;22.84;22.86;22.78;22.78;1731
20160122 105600;22.78;22.815;22.77;22.77;1400
20160122 112200;22.8233;22.8233;22.8233;22.8233;300
20160122 114100;22.83;22.83;22.83;22.83;200
20160122 114200;22.8;22.8;22.8;22.8;400
20160122 114300;22.79;22.805;22.79;22.805;1800
20160122 114500;22.79;22.805;22.79;22.805;800
20160122 115400;22.79;22.8;22.79;22.8;300
20160122 115600;22.79;22.85;22.79;22.85;2400
20160122 115800;22.79;22.8;22.79;22.8;200
20160122 115900;22.8;22.8;22.8;22.8;100
20160122 121000;22.8084;22.8084;22.8084;22.8084;137
20160122 122300;22.8092;22.8092;22.8092;22.8092;875
20160122 124100;22.81;22.82;22.8;22.8;1200
20160122 125600;22.81;22.81;22.81;22.81;100
20160122 134700;22.8399;22.84;22.8118;22.82;4040
20160122 135400;22.82;22.83;22.82;22.82;1048
20160122 143000;22.83;22.83;22.82;22.82;1000
20160122 152100;22.82;22.84;22.81;22.81;2314
20160122 152600;22.837;22.837;22.81;22.81;3676
20160122 153200;22.81;22.825;22.81;22.825;2100
20160122 153400;22.825;22.825;22.825;22.825;1000
20160122 155000;22.84;22.84;22.84;22.84;300
20160122 160000;22.825;22.84;22.825;22.84;636
20160125 093700;22.85;22.85;22.85;22.85;300
20160125 093800;22.84;22.84;22.84;22.84;100
20160125 093900;22.85;22.85;22.79;22.825;3206
20160125 094000;22.81;22.81;22.81;22.81;686
20160125 094600;22.78;22.78;22.78;22.78;100
20160125 094700;22.78;22.78;22.71;22.71;1040
20160125 101000;22.77;22.77;22.75;22.77;701
20160125 101400;22.77;22.77;22.77;22.77;100
20160125 101600;22.75;22.75;22.75;22.75;606
20160125 102100;22.705;22.705;22.705;22.705;300
20160125 103000;22.71;22.71;22.65;22.65;1920
20160125 103600;22.7358;22.7358;22.7358;22.7358;200
20160125 103900;22.7;22.7;22.69;22.69;1000
20160125 104000;22.7;22.7;22.695;22.695;390
20160125 104300;22.71;22.76;22.71;22.76;1300
20160125 104600;22.742;22.742;22.742;22.742;367
20160125 110500;22.73;22.73;22.712;22.712;1530
20160125 110600;22.7366;22.7366;22.7366;22.7366;100
20160125 112100;22.7599;22.7599;22.7599;22.7599;150
20160125 112600;22.7594;22.76;22.7594;22.76;200
20160125 113700;22.7227;22.76;22.7227;22.76;4003
20160125 114500;22.7919;22.7919;22.7919;22.7919;178
20160125 114700;22.78;22.79;22.78;22.79;200
20160125 125100;22.8;22.8;22.8;22.8;225
20160125 130500;22.8;22.8;22.8;22.8;200
20160125 132400;22.8;22.803;22.79;22.803;2665
20160125 135000;22.77;22.77;22.77;22.77;200
20160125 142100;22.76;22.76;22.76;22.76;600
20160125 143100;22.75;22.75;22.75;22.75;300
20160125 144200;22.7444;22.7444;22.7444;22.7444;740
20160125 144800;22.76;22.76;22.76;22.76;900
20160125 151800;22.796;22.796;22.796;22.796;139
20160125 152200;22.78;22.79;22.78;22.79;1600
20160125 152300;22.77;22.77;22.77;22.77;100
20160125 152500;22.76;22.76;22.76;22.76;705
20160125 152800;22.74;22.74;22.73;22.73;800
20160125 153700;22.75;22.75;22.75;22.75;1100
20160125 154300;22.73;22.73;22.73;22.73;4002
20160125 155800;22.74;22.74;22.72;22.72;842
20160125 155900;22.72;22.72;22.7175;22.7175;400
20160125 160000;22.72;22.72;22.71;22.72;2000
20160126 094700;22.7075;22.7075;22.7075;22.7075;200
20160126 095100;22.71;22.71;22.71;22.71;600
20160126 095200;22.71;22.71;22.71;22.71;400
20160126 100100;22.71;22.71;22.71;22.71;400
20160126 100600;22.72;22.72;22.72;22.72;100
20160126 103000;22.7294;22.7294;22.72;22.72;242
20160126 103100;22.72;22.72;22.72;22.72;100
20160126 103300;22.76;22.76;22.76;22.76;100
20160126 103500;22.72;22.72;22.63;22.6981;4200
20160126 104300;22.7482;22.7482;22.7482;22.7482;279
20160126 105200;22.68;22.68;22.68;22.68;100
20160126 105300;22.745;22.745;22.745;22.745;500
20160126 105400;22.75;22.75;22.75;22.75;400
20160126 105800;22.8399;22.8399;22.8399;22.8399;300
20160126 110400;22.69;22.69;22.69;22.69;100
20160126 111700;22.74;22.74;22.74;22.74;100
20160126 112800;22.8299;22.8299;22.8299;22.8299;600
20160126 112900;22.74;22.74;22.74;22.74;100
20160126 114200;22.74;22.74;22.74;22.74;100
20160126 115200;22.75;22.83;22.73;22.7401;1839
20160126 115400;22.75;22.75;22.74;22.74;200
20160126 115700;22.74;22.74;22.74;22.74;100
20160126 120000;22.74;22.74;22.74;22.74;194
20160126 120700;22.75;22.75;22.75;22.75;100
20160126 120800;22.76;22.7885;22.76;22.7885;1045
20160126 121200;22.795;22.795;22.795;22.795;100
20160126 122800;22.79;22.79;22.79;22.79;100
20160126 123100;22.82;22.82;22.82;22.82;100
20160126 124500;22.79;22.79;22.79;22.79;300
20160126 130200;22.81;22.81;22.79;22.79;200
20160126 130600;22.79;22.79;22.78;22.78;799
20160126 130900;22.73;22.73;22.73;22.73;100
20160126 131800;22.73;22.73;22.73;22.73;500
20160126 132600;22.74;22.74;22.74;22.74;100
20160126 132900;22.75;22.75;22.75;22.75;100
20160126 134100;22.7452;22.7452;22.7452;22.7452;700
20160126 134300;22.73;22.73;22.73;22.73;100
20160126 135000;22.7499;22.75;22.7499;22.75;350
20160126 135500;22.7402;22.7402;22.7402;22.7402;121
20160126 135800;22.73;22.73;22.73;22.73;100
20160126 140600;22.7499;22.75;22.7499;22.75;600
20160126 141100;22.73;22.73;22.73;22.73;100
20160126 141900;22.75;22.75;22.75;22.75;154
20160126 145500;22.73;22.73;22.73;22.73;300
20160126 145900;22.73;22.73;22.73;22.73;400
20160126 150000;22.735;22.735;22.72;22.72;400
20160126 151200;22.71;22.71;22.69;22.69;700
20160126 151500;22.71;22.71;22.71;22.71;100
20160126 152300;22.7338;22.7338;22.7338;22.7338;450
20160126 152400;22.725;22.725;22.725;22.725;100
20160126 152600;22.725;22.725;22.725;22.725;200
20160126 153600;22.71;22.71;22.71;22.71;175
20160126 153700;22.7402;22.7402;22.7402;22.7402;500
20160126 154100;22.71;22.71;22.71;22.71;100
20160126 154200;22.71;22.71;22.71;22.71;100
20160126 154300;22.7;22.7;22.7;22.7;100
20160126 154400;22.7214;22.7214;22.7214;22.7214;250
20160126 154800;22.7;22.7;22.7;22.7;100
20160126 155700;22.71;22.72;22.71;22.71;931
20160126 160000;22.73;22.73;22.72;22.72;700
20160127 101500;22.6899;22.6899;22.6899;22.6899;500
20160127 101600;22.64;22.65;22.64;22.64;500
20160127 102600;22.65;22.65;22.65;22.65;100
20160127 102700;22.63;22.64;22.63;22.64;600
20160127 103000;22.62;22.63;22.6102;22.63;320
20160127 103200;22.63;22.63;22.63;22.63;100
20160127 104300;22.64;22.64;22.64;22.64;300
20160127 110300;22.68;22.6999;22.68;22.6999;440
20160127 110400;22.6817;22.6817;22.6817;22.6817;900
20160127 113500;22.69;22.69;22.69;22.69;100
20160127 114200;22.7;22.7;22.7;22.7;147
20160127 115500;22.6731;22.7;22.6601;22.7;1800
20160127 125600;22.67;22.67;22.67;22.67;100
20160127 130800;22.69;22.69;22.62;22.62;2200
20160127 135100;22.6598;22.6598;22.6598;22.6598;1500
20160127 135200;22.7;22.7;22.7;22.7;500
20160127 135400;22.69;22.69;22.69;22.69;200
20160127 140800;22.69;22.7;22.69;22.7;300
20160127 141100;22.6899;22.69;22.6899;22.69;200
20160127 141200;22.69;22.7;22.69;22.7;500
20160127 141700;22.695;22.695;22.6928;22.6928;1200
20160127 141800;22.7;22.7;22.7;22.7;100
20160127 142000;22.7;22.7;22.7;22.7;400
20160127 143100;22.695;22.695;22.69;22.69;700
20160127 143200;22.695;22.695;22.695;22.695;136
20160127 143500;22.69;22.69;22.67;22.67;600
20160127 143600;22.65;22.66;22.64;22.64;1400
20160127 143700;22.65;22.65;22.65;22.65;600
20160127 143800;22.66;22.66;22.66;22.66;153
20160127 144400;22.6547;22.6547;22.6547;22.6547;1060
20160127 150200;22.62;22.62;22.62;22.62;100
20160127 150300;22.62;22.62;22.62;22.62;100
20160127 153300;22.625;22.625;22.625;22.625;173
20160127 153700;22.65;22.65;22.65;22.65;181
20160127 153800;22.6101;22.65;22.6101;22.65;825
20160127 154400;22.6288;22.6288;22.6288;22.6288;285
20160127 155100;22.65;22.65;22.65;22.65;100
20160127 155600;22.65;22.65;22.65;22.65;200
20160127 155700;22.65;22.65;22.65;22.65;600
20160127 160000;22.65;22.67;22.65;22.67;600
20160128 093100;22.66;22.87;22.66;22.87;1441
20160128 093200;22.97;22.99;22.97;22.98;1160
20160128 093700;22.8624;22.8624;22.8624;22.8624;338
20160128 094000;22.8284;22.8284;22.8284;22.8284;296
20160128 094300;22.8899;22.8899;22.8899;22.8899;1026
20160128 095400;22.7991;22.7991;22.7991;22.7991;181
20160128 100100;22.8676;22.8676;22.8676;22.8676;500
20160128 100600;22.82;22.82;22.76;22.771;5561
20160128 100700;22.876;22.876;22.876;22.876;800
20160128 100900;22.82;22.82;22.75;22.82;8778
20160128 101100;22.67;22.815;22.58;22.66;6678
20160128 103500;22.7;22.71;22.7;22.71;500
20160128 103600;22.7;22.71;22.7;22.71;400
20160128 104300;22.73;22.78;22.73;22.78;800
20160128 111000;22.7792;22.7792;22.7792;22.7792;1000
20160128 111400;22.74;22.78;22.74;22.78;1400
20160128 114800;22.7256;22.78;22.7256;22.78;1225
20160128 114900;22.7558;22.78;22.6901;22.7;5940
20160128 115000;22.7233;22.7233;22.69;22.69;5700
20160128 115100;22.69;22.735;22.6;22.6;4692
20160128 121900;22.6915;22.6915;22.6915;22.6915;284
20160128 122000;22.69;22.7;22.62;22.7;1975
20160128 122200;22.725;22.775;22.59;22.7;6750
20160128 122300;22.6925;22.6925;22.59;22.6;5808
20160128 122800;22.68;22.68;22.68;22.68;100
20160128 122900;22.6;22.6;22.58;22.59;5200
20160128 123700;22.66;22.66;22.66;22.66;670
20160128 123900;22.75;22.77;22.75;22.77;1800
20160128 124000;22.78;22.78;22.78;22.78;1110
20160128 124100;22.77;22.77;22.7;22.7;1300
20160128 125000;22.702;22.71;22.622;22.622;1620
20160128 125600;22.62;22.62;22.62;22.62;100
20160128 130000;22.62;22.62;22.62;22.62;100
20160128 130800;22.62;22.74;22.47;22.63;8096
20160128 131300;22.7199;22.7199;22.7199;22.7199;132
20160128 132500;22.63;22.63;22.48;22.63;500
20160128 133400;22.51;22.51;22.51;22.51;400
20160128 133500;22.56;22.56;22.5505;22.5505;200
20160128 133700;22.52;22.52;22.52;22.52;300
20160128 134000;22.55;22.56;22.55;22.56;1000
20160128 134100;22.55;22.56;22.55;22.56;1100
20160128 134300;22.55;22.6;22.55;22.6;1700
20160128 140200;22.6696;22.6696;22.6696;22.6696;156
20160128 141500;22.6474;22.6474;22.6474;22.6474;103
20160128 142100;22.6376;22.6376;22.6376;22.6376;200
20160128 142600;22.708;22.708;22.708;22.708;200
20160128 143600;22.665;22.72;22.62;22.62;1300
20160128 144500;22.64;22.65;22.64;22.65;400
20160128 144600;22.705;22.705;22.68;22.68;400
20160128 144700;22.68;22.68;22.645;22.65;1200
20160128 144800;22.64;22.68;22.64;22.68;300
20160128 145000;22.68;22.68;22.67;22.67;300
20160128 145100;22.67;22.67;22.67;22.67;300
20160128 145300;22.66;22.66;22.66;22.66;100
20160128 145400;22.65;22.685;22.65;22.6501;400
20160128 145700;22.64;22.64;22.64;22.64;100
20160128 150700;22.652;22.652;22.652;22.652;127
20160128 151600;22.67;22.67;22.67;22.67;700
20160128 152200;22.6694;22.6694;22.655;22.655;999
20160128 152300;22.67;22.7;22.63;22.63;2900
20160128 152400;22.63;22.63;22.6;22.6;2602
20160128 153100;22.638;22.638;22.6;22.6;347
20160128 153400;22.6999;22.6999;22.6;22.6;2500
20160128 154200;22.7;22.7;22.7;22.7;220
20160128 154300;22.6394;22.6394;22.6;22.6;648
20160128 155400;22.65;22.696;22.61;22.61;2100
20160128 155500;22.61;22.61;22.6;22.61;400
20160128 155600;22.645;22.645;22.6;22.6;3300
20160128 155700;22.56;22.5601;22.56;22.56;3200
20160128 155800;22.57;22.6;22.56;22.6;500
20160128 155900;22.6;22.635;22.6;22.6;2000
20160128 160000;22.6;22.6;22.54;22.55;7725
20160129 093200;22.55;22.55;22.55;22.55;204
20160129 093300;22.54;22.54;22.54;22.54;100
20160129 093400;22.53;22.53;22.52;22.52;400
20160129 093600;22.51;22.51;22.51;22.51;100
20160129 093700;22.53;22.59;22.53;22.59;800
20160129 093900;22.53;22.53;22.53;22.53;220
20160129 094000;22.54;22.54;22.53;22.53;300
20160129 094200;22.53;22.53;22.53;22.53;400
20160129 094400;22.53;22.53;22.53;22.53;400
20160129 094600;22.53;22.53;22.53;22.53;300
20160129 094900;22.54;22.54;22.54;22.54;300
20160129 095000;22.54;22.54;22.52;22.52;214
20160129 095100;22.51;22.51;22.51;22.51;100
20160129 095200;22.5201;22.57;22.5201;22.57;300
20160129 095300;22.52;22.52;22.52;22.52;200
20160129 095400;22.53;22.53;22.53;22.53;100
20160129 095500;22.53;22.53;22.53;22.53;100
20160129 095600;22.53;22.53;22.53;22.53;100
20160129 095700;22.53;22.53;22.53;22.53;200
20160129 100100;22.53;22.53;22.53;22.53;300
20160129 100300;22.58;22.58;22.53;22.53;200
20160129 100400;22.5899;22.5899;22.5303;22.5303;433
20160129 100600;22.55;22.55;22.55;22.55;100
20160129 100700;22.54;22.55;22.54;22.55;200
20160129 100800;22.54;22.5499;22.54;22.545;300
20160129 100900;22.55;22.55;22.55;22.55;100
20160129 101100;22.586;22.59;22.57;22.57;1835
20160129 101400;22.56;22.58;22.56;22.575;1150
20160129 101800;22.57;22.57;22.57;22.57;300
20160129 101900;22.576;22.59;22.576;22.579;1926
20160129 102200;22.61;22.61;22.609;22.609;300
20160129 102300;22.6;22.6072;22.6;22.6072;800
20160129 102500;22.605;22.605;22.6;22.6;2600
20160129 102600;22.59;22.59;22.59;22.59;185
20160129 102700;22.6099;22.6099;22.6099;22.6099;1000
20160129 102800;22.59;22.59;22.56;22.56;800
20160129 103100;22.55;22.55;22.55;22.55;300
20160129 103200;22.55;22.55;22.55;22.55;400
20160129 103300;22.5003;22.5003;22.5003;22.5003;100
20160129 103500;22.5001;22.5001;22.5001;22.5001;100
20160129 103600;22.5001;22.5001;22.5001;22.5001;200
20160129 103800;22.5001;22.5001;22.5001;22.5001;100
20160129 104000;22.5001;22.5001;22.5001;22.5001;100
20160129 104200;22.515;22.52;22.515;22.52;200
20160129 104300;22.5001;22.5001;22.5001;22.5001;200
20160129 104500;22.5001;22.5001;22.5001;22.5001;100
20160129 104600;22.5;22.5;22.5;22.5;100
20160129 104800;22.5;22.5;22.5;22.5;100
20160129 104900;22.51;22.51;22.51;22.51;100
20160129 105000;22.52;22.52;22.52;22.52;200
20160129 105100;22.52;22.52;22.52;22.52;100
20160129 105300;22.52;22.52;22.52;22.52;100
20160129 105400;22.54;22.54;22.53;22.54;800
20160129 105800;22.54;22.54;22.54;22.54;100
20160129 105900;22.55;22.55;22.55;22.55;100
20160129 110000;22.55;22.55;22.54;22.55;1332
20160129 110700;22.6;22.6;22.6;22.6;100
20160129 111200;22.62;22.62;22.62;22.62;500
20160129 111600;22.58;22.58;22.52;22.52;5656
20160129 111700;22.52;22.52;22.52;22.52;400
20160129 113700;22.59;22.6;22.59;22.6;1100
20160129 114900;22.6;22.6;22.5999;22.5999;200
20160129 120500;22.58;22.6;22.58;22.6;1200
20160129 121100;22.62;22.62;22.62;22.62;200
20160129 121900;22.63;22.63;22.62;22.62;300
20160129 122000;22.63;22.63;22.63;22.63;200
20160129 122200;22.64;22.64;22.6337;22.6337;2000
20160129 122500;22.65;22.65;22.65;22.65;100
20160129 124600;22.67;22.746;22.667;22.667;631
20160129 124700;22.76;22.77;22.76;22.77;900
20160129 130900;22.6541;22.74;22.6541;22.68;5200
20160129 131100;22.652;22.75;22.652;22.75;1050
20160129 132400;22.6016;22.6016;22.6016;22.6016;200
20160129 133600;22.582;22.582;22.582;22.582;2000
20160129 133800;22.68;22.68;22.68;22.68;500
20160129 133900;22.5801;22.5801;22.5801;22.5801;2000
20160129 141100;22.6399;22.64;22.6399;22.64;700
20160129 141600;22.635;22.635;22.635;22.635;100
20160129 141700;22.635;22.635;22.635;22.635;100
20160129 141800;22.65;22.65;22.63;22.63;700
20160129 142800;22.63;22.63;22.63;22.63;100
20160129 143800;22.63;22.63;22.62;22.6253;721
20160129 145000;22.63;22.65;22.63;22.65;464
20160129 150600;22.6213;22.6213;22.6213;22.6213;438
20160129 152200;22.62;22.62;22.62;22.62;600
20160129 152600;22.61;22.61;22.6;22.6;2050
20160129 153900;22.62;22.62;22.61;22.62;614
20160129 154300;22.615;22.62;22.615;22.62;500
20160129 154400;22.625;22.625;22.625;22.625;100
20160129 154500;22.625;22.625;22.62;22.62;1470
20160129 154700;22.6257;22.6257;22.6257;22.6257;617
20160129 154800;22.62;22.62;22.62;22.62;100
20160129 155400;22.62;22.62;22.62;22.62;600
20160129 155800;22.625;22.63;22.625;22.63;700
20160129 155900;22.64;22.7;22.6399;22.69;2251
20160129 160000;22.7;22.75;22.7;22.75;300
20160201 093100;22.72;22.72;22.55;22.55;4700
20160201 093200;22.66;22.66;22.57;22.57;625
20160201 093300;22.58;22.58;22.58;22.58;200
20160201 093400;22.5501;22.5501;22.55;22.55;300
20160201 093600;22.5501;22.5501;22.5501;22.5501;300
20160201 093700;22.55;22.5804;22.55;22.5804;650
20160201 093900;22.5501;22.5501;22.5501;22.5501;300
20160201 094000;22.5501;22.5501;22.5501;22.5501;300
20160201 094200;22.62;22.63;22.57;22.622;520
20160201 094300;22.57;22.57;22.5501;22.5501;200
20160201 094400;22.5501;22.5501;22.5501;22.5501;100
20160201 094500;22.5875;22.63;22.5875;22.63;1000
20160201 094600;22.59;22.5903;22.59;22.5903;200
20160201 094700;22.59;22.59;22.59;22.59;100
20160201 094800;22.59;22.59;22.59;22.59;100
20160201 094900;22.59;22.59;22.59;22.59;500
20160201 095000;22.56;22.56;22.56;22.56;100
20160201 095100;22.56;22.56;22.56;22.56;100
20160201 095200;22.5501;22.5501;22.5501;22.5501;100
20160201 095300;22.5501;22.5501;22.5501;22.5501;100
20160201 095400;22.5501;22.5501;22.5501;22.5501;100
20160201 095500;22.5501;22.625;22.5501;22.625;200
20160201 095600;22.56;22.56;22.56;22.56;100
20160201 095800;22.614;22.614;22.614;22.614;264
20160201 100000;22.57;22.57;22.57;22.57;100
20160201 100100;22.57;22.57;22.57;22.57;100
20160201 100300;22.56;22.62;22.56;22.62;200
20160201 100400;22.617;22.62;22.5801;22.5801;1837
20160201 100500;22.605;22.625;22.605;22.625;200
20160201 100600;22.59;22.59;22.59;22.59;100
20160201 100700;22.64;22.64;22.64;22.64;400
20160201 101100;22.59;22.59;22.59;22.59;100
20160201 101300;22.59;22.59;22.59;22.59;300
20160201 101600;22.6001;22.6001;22.6001;22.6001;300
20160201 102000;22.61;22.6799;22.61;22.6799;400
20160201 102200;22.61;22.61;22.61;22.61;100
20160201 102300;22.62;22.62;22.62;22.62;100
20160201 102400;22.62;22.62;22.62;22.62;100
20160201 102500;22.64;22.66;22.62;22.66;500
20160201 102700;22.66;22.66;22.66;22.66;110
20160201 103000;22.62;22.62;22.62;22.62;300
20160201 103100;22.62;22.62;22.62;22.62;100
20160201 103400;22.62;22.62;22.62;22.62;300
20160201 103600;22.62;22.62;22.62;22.62;100
20160201 103700;22.64;22.64;22.6201;22.6201;400
20160201 103800;22.64;22.64;22.64;22.64;200
20160201 103900;22.62;22.62;22.62;22.62;100
20160201 104200;22.62;22.64;22.62;22.64;300
20160201 104300;22.59;22.59;22.58;22.58;200
20160201 104400;22.55;22.55;22.55;22.55;100
20160201 104700;22.6;22.6;22.6;22.6;100
20160201 104800;22.6;22.6;22.6;22.6;100
20160201 104900;22.6;22.6;22.6;22.6;100
20160201 105100;22.6;22.6;22.6;22.6;300
20160201 105400;22.6;22.6;22.6;22.6;300
20160201 105700;22.6;22.6;22.6;22.6;200
20160201 105800;22.6;22.6;22.6;22.6;100
20160201 105900;22.6;22.6344;22.6;22.6344;570
20160201 110000;22.6;22.6;22.6;22.6;216
20160201 111700;22.6344;22.6344;22.6344;22.6344;430
20160201 112400;22.6344;22.6344;22.6344;22.6344;105
20160201 112500;22.646;22.646;22.645;22.645;300
20160201 113900;22.63;22.63;22.616;22.616;200
20160201 114400;22.65;22.65;22.65;22.65;1000
20160201 115200;22.61;22.62;22.61;22.62;200
20160201 115400;22.6452;22.65;22.6452;22.65;804
20160201 120100;22.6464;22.6499;22.63;22.63;1150
20160201 120200;22.63;22.63;22.63;22.63;100
20160201 120300;22.65;22.66;22.64;22.64;1060
20160201 120800;22.65;22.66;22.6499;22.66;5200
20160201 121000;22.64;22.64;22.64;22.64;100
20160201 121100;22.64;22.64;22.64;22.64;100
20160201 122700;22.66;22.66;22.66;22.66;148
20160201 123000;22.6465;22.66;22.6465;22.66;1215
20160201 123200;22.66;22.66;22.66;22.66;1000
20160201 124600;22.66;22.68;22.65;22.68;5283
20160201 124700;22.685;22.685;22.66;22.66;3071
20160201 124800;22.66;22.665;22.66;22.665;1400
20160201 124900;22.65;22.666;22.65;22.66;1371
20160201 125000;22.66;22.66;22.66;22.66;100
20160201 125100;22.64;22.64;22.64;22.64;100
20160201 125200;22.66;22.686;22.66;22.686;373
20160201 125700;22.6501;22.6501;22.6501;22.6501;1170
20160201 125900;22.65;22.6501;22.6301;22.64;2007
20160201 130000;22.63;22.66;22.63;22.66;1837
20160201 130200;22.6949;22.6949;22.6949;22.6949;335
20160201 130300;22.64;22.65;22.64;22.65;200
20160201 130600;22.65;22.65;22.65;22.65;100
20160201 131100;22.64;22.64;22.62;22.62;400
20160201 131200;22.686;22.686;22.644;22.644;542
20160201 131400;22.665;22.6813;22.665;22.6813;660
20160201 131900;22.63;22.63;22.63;22.63;100
20160201 132000;22.6741;22.6741;22.6741;22.6741;256
20160201 132600;22.64;22.64;22.62;22.62;300
20160201 133400;22.62;22.62;22.6;22.6;600
20160201 133500;22.6672;22.6672;22.66;22.66;1665
20160201 133600;22.63;22.6389;22.58;22.58;2700
20160201 134100;22.6;22.61;22.6;22.6008;805
20160201 134800;22.6199;22.6199;22.6199;22.6199;143
20160201 134900;22.6149;22.6149;22.6149;22.6149;500
20160201 135900;22.6199;22.6199;22.6199;22.6199;1065
20160201 140800;22.615;22.615;22.615;22.615;100
20160201 140900;22.615;22.615;22.615;22.615;100
20160201 141200;22.63;22.63;22.63;22.63;375
20160201 143800;22.63;22.63;22.63;22.63;1500
20160201 144300;22.63;22.63;22.63;22.63;400
20160201 145000;22.61;22.6248;22.61;22.6248;201
20160201 150000;22.63;22.63;22.62;22.62;700
20160201 151100;22.63;22.63;22.63;22.63;100
20160201 151800;22.625;22.625;22.625;22.625;430
20160201 151900;22.6299;22.6299;22.6299;22.6299;100
20160201 152600;22.63;22.63;22.63;22.63;1500
20160201 154600;22.625;22.625;22.625;22.625;200
20160201 154800;22.625;22.625;22.62;22.6201;500
20160201 155200;22.629;22.629;22.629;22.629;375
20160201 155300;22.63;22.63;22.63;22.63;1800
20160201 155400;22.64;22.64;22.64;22.64;800
20160201 155600;22.66;22.66;22.66;22.66;300
20160201 155700;22.66;22.66;22.66;22.66;100
20160201 155800;22.66;22.66;22.66;22.66;400
20160201 160000;22.65;22.66;22.65;22.66;300
20160202 093100;22.56;22.56;22.55;22.55;200
20160202 093600;22.5601;22.5601;22.5601;22.5601;200
20160202 093900;22.5601;22.5601;22.5601;22.5601;200
20160202 094400;22.5601;22.5601;22.5601;22.5601;200
20160202 094700;22.5601;22.5601;22.5601;22.5601;200
20160202 095000;22.72;22.72;22.63;22.63;1224
20160202 095200;22.6308;22.64;22.6308;22.64;400
20160202 095500;22.64;22.675;22.64;22.6401;500
20160202 100000;22.6401;22.71;22.6401;22.67;400
20160202 100300;22.64;22.64;22.6301;22.6301;200
20160202 100500;22.7;22.7;22.7;22.7;100
20160202 100600;22.7;22.7001;22.7;22.7;800
20160202 101100;22.7;22.7;22.7;22.7;200
20160202 101500;22.7;22.7;22.7;22.7;844
20160202 101600;22.705;22.705;22.7025;22.7025;200
20160202 101700;22.705;22.705;22.7;22.7;900
20160202 101800;22.7;22.7;22.64;22.64;400
20160202 102100;22.6756;22.6756;22.6756;22.6756;480
20160202 102200;22.65;22.65;22.65;22.65;100
20160202 102400;22.64;22.64;22.62;22.62;600
20160202 102900;22.5801;22.5801;22.5801;22.5801;200
20160202 103400;22.59;22.59;22.58;22.58;200
20160202 103500;22.62;22.692;22.62;22.671;3716
20160202 104200;22.63;22.63;22.6201;22.6201;200
20160202 104700;22.62;22.6201;22.62;22.6201;200
20160202 105000;22.68;22.68;22.68;22.68;500
20160202 105100;22.68;22.68;22.68;22.68;100
20160202 105200;22.63;22.68;22.63;22.68;600
20160202 105300;22.67;22.67;22.67;22.67;100
20160202 105700;22.63;22.67;22.63;22.67;200
20160202 110000;22.64;22.69;22.64;22.685;600
20160202 110100;22.695;22.695;22.695;22.695;100
20160202 110700;22.7299;22.7299;22.7299;22.7299;440
20160202 110800;22.69;22.69;22.69;22.69;12500
20160202 112200;22.74;22.74;22.74;22.74;700
20160202 112700;22.7047;22.7047;22.7047;22.7047;131
20160202 113800;22.74;22.74;22.74;22.74;500
20160202 114300;22.74;22.76;22.74;22.76;400
20160202 114400;22.7969;22.7969;22.7969;22.7969;420
20160202 120100;22.73;22.73;22.73;22.73;100
20160202 120500;22.79;22.79;22.79;22.79;300
20160202 121500;22.8234;22.8234;22.8234;22.8234;130
20160202 121800;22.73;22.73;22.73;22.73;100
20160202 124800;22.76;22.76;22.76;22.76;1200
20160202 125100;22.794;22.794;22.794;22.794;100
20160202 125200;22.83;22.83;22.83;22.83;500
20160202 125600;22.73;22.73;22.73;22.73;100
20160202 130000;22.7601;22.765;22.7601;22.765;200
20160202 131100;22.7301;22.745;22.7301;22.745;200
20160202 131200;22.74;22.74;22.74;22.74;100
20160202 131600;22.73;22.74;22.73;22.74;1100
20160202 131700;22.745;22.745;22.745;22.745;100
20160202 132100;22.7301;22.7301;22.7301;22.7301;500
20160202 140100;22.75;22.75;22.75;22.75;100
20160202 140900;22.745;22.745;22.745;22.745;2000
20160202 141100;22.745;22.745;22.74;22.7425;2000
20160202 141200;22.75;22.75;22.7425;22.745;1000
20160202 141800;22.75;22.77;22.75;22.77;200
20160202 141900;22.77;22.77;22.77;22.77;200
20160202 142100;22.75;22.75;22.75;22.75;100
20160202 142700;22.77;22.77;22.77;22.77;200
20160202 142800;22.73;22.73;22.73;22.73;100
20160202 143300;22.74;22.74;22.74;22.74;200
20160202 143400;22.77;22.77;22.77;22.77;200
20160202 143800;22.74;22.74;22.74;22.74;626
20160202 150100;22.75;22.75;22.75;22.75;300
20160202 150700;22.766;22.78;22.766;22.767;924
20160202 150800;22.755;22.76;22.755;22.76;200
20160202 153200;22.775;22.775;22.775;22.775;200
20160202 153800;22.78;22.78;22.78;22.78;1000
20160202 153900;22.79;22.79;22.79;22.79;1000
20160202 154200;22.79;22.79;22.79;22.79;200
20160202 154300;22.79;22.79;22.78;22.785;4049
20160202 154700;22.79;22.8;22.79;22.8;400
20160202 154800;22.795;22.795;22.795;22.795;1000
20160202 154900;22.8;22.81;22.8;22.81;1300
20160202 155000;22.805;22.805;22.8;22.8;1300
20160202 155700;22.8;22.805;22.8;22.8;3181
20160202 155800;22.8;22.8;22.8;22.8;283
20160202 160000;22.81;22.81;22.81;22.81;179
20160202 160600;22.8;22.8;22.8;22.8;95
20160203 093100;22.83;22.83;22.83;22.83;950
20160203 094400;22.83;22.83;22.83;22.83;100
20160203 095600;22.8892;22.8892;22.8892;22.8892;438
20160203 095900;22.87;22.91;22.87;22.91;2200
20160203 100100;22.83;22.9;22.83;22.9;200
20160203 102100;22.88;22.88;22.88;22.88;600
20160203 103400;22.89;22.9;22.875;22.9;855
20160203 103500;22.88;22.88;22.88;22.88;100
20160203 103900;22.87;22.89;22.87;22.89;200
20160203 104300;22.89;22.89;22.89;22.89;176
20160203 104400;22.89;22.89;22.89;22.89;3200
20160203 105200;22.895;22.9;22.88;22.885;1700
20160203 105700;22.88;22.88;22.87;22.87;400
20160203 110100;22.885;22.885;22.8708;22.8708;200
20160203 110700;22.87;22.88;22.87;22.87;400
20160203 110900;22.8701;22.875;22.8701;22.875;200
20160203 111800;22.88;22.88;22.88;22.88;100
20160203 112000;22.88;22.88;22.88;22.88;300
20160203 112100;22.88;22.9;22.88;22.88;1300
20160203 112200;22.92;22.92;22.92;22.92;100
20160203 112400;22.895;22.895;22.8901;22.895;400
20160203 112500;22.8701;22.895;22.8701;22.895;400
20160203 112700;22.88;22.88;22.88;22.88;100
20160203 113700;22.8822;22.94;22.8822;22.94;2224
20160203 113800;22.95;22.99;22.95;22.99;1900
20160203 115200;22.93;22.93;22.93;22.93;100
20160203 120200;22.93;22.93;22.93;22.93;100
20160203 120500;22.93;22.93;22.93;22.93;100
20160203 122200;22.942;22.942;22.942;22.942;411
20160203 124400;22.9599;22.9599;22.9599;22.9599;210
20160203 131000;22.9201;22.9362;22.9201;22.9362;550
20160203 131100;22.9335;22.945;22.92;22.945;1700
20160203 131600;22.92;22.945;22.92;22.945;1000
20160203 132100;22.94;22.94;22.9208;22.94;300
20160203 132400;22.92;22.92;22.92;22.92;100
20160203 133600;22.92;22.92;22.92;22.92;300
20160203 134200;22.95;22.95;22.92;22.92;300
20160203 140600;22.93;22.93;22.92;22.92;600
20160203 140700;22.93;22.95;22.93;22.95;700
20160203 141200;22.92;22.92;22.92;22.92;100
20160203 142500;22.96;22.96;22.94;22.95;600
20160203 150100;22.9525;22.9525;22.9525;22.9525;450
20160203 150600;22.965;22.965;22.965;22.965;800
20160203 151000;22.94;22.94;22.94;22.94;100
20160203 151200;22.9637;22.9637;22.9637;22.9637;450
20160203 151400;22.955;22.955;22.9308;22.9308;200
20160203 152000;22.98;23;22.96;22.96;4060
20160203 152600;22.98;22.98;22.97;22.98;3100
20160203 153100;22.95;22.97;22.95;22.97;200
20160203 153300;22.955;22.955;22.9501;22.955;1400
20160203 154300;22.96;22.98;22.96;22.98;7400
20160203 154400;22.97;22.97;22.9501;22.97;700
20160203 154600;22.965;22.98;22.965;22.98;700
20160203 155000;22.965;22.965;22.95;22.965;600
20160203 155100;22.97;22.98;22.97;22.98;6500
20160203 155300;22.9701;22.975;22.97;22.97;900
20160203 155400;22.97;22.98;22.97;22.98;10457
20160203 155500;22.98;22.98;22.98;22.98;106
20160203 155600;22.97;22.97;22.97;22.97;200
20160203 155700;22.98;22.98;22.98;22.98;694
20160203 160000;22.98;22.99;22.98;22.99;6988
20160204 093600;22.98;22.98;22.98;22.98;200
20160204 093800;22.99;22.99;22.99;22.99;100
20160204 094000;22.98;22.98;22.98;22.98;100
20160204 094200;22.99;22.99;22.99;22.99;100
20160204 094300;22.98;22.98;22.98;22.98;100
20160204 094500;22.98;22.98;22.98;22.98;100
20160204 094700;22.99;22.99;22.99;22.99;100
20160204 094900;22.99;22.99;22.99;22.99;100
20160204 095000;22.99;22.99;22.99;22.99;100
20160204 095200;23;23;23;23;100
20160204 095300;23;23;23;23;352
20160204 095400;23;23;23;23;100
20160204 095600;23;23;23;23;100
20160204 095700;23;23;23;23;100
20160204 095900;23;23;23;23;100
20160204 100100;23;23;23;23;100
20160204 100300;22.99;22.99;22.99;22.99;100
20160204 100500;22.99;22.99;22.99;22.99;100
20160204 100600;23;23;23;23;100
20160204 100900;22.99;22.99;22.99;22.99;100
20160204 101100;22.98;22.98;22.97;22.97;200
20160204 101300;22.97;22.97;22.97;22.97;100
20160204 101500;22.97;22.97;22.97;22.97;100
20160204 101700;22.97;22.97;22.97;22.97;100
20160204 101800;22.97;22.97;22.97;22.97;200
20160204 102000;22.97;22.97;22.97;22.97;400
20160204 102200;22.99;22.99;22.99;22.99;228
20160204 102400;22.99;22.99;22.99;22.99;100
20160204 102600;22.99;22.99;22.99;22.99;100
20160204 102800;22.99;22.99;22.99;22.99;100
20160204 103000;22.99;22.99;22.99;22.99;100
20160204 103100;22.99;22.99;22.99;22.99;100
20160204 103200;22.99;23;22.99;23;5172
20160204 103300;23;23;23;23;100
20160204 103500;23;23;23;23;100
20160204 103700;23;23;23;23;800
20160204 103900;23.02;23.02;23.02;23.02;100
20160204 104200;23.02;23.02;23.01;23.01;200
20160204 104600;23.01;23.01;23.01;23.01;100
20160204 104800;23.01;23.01;23.01;23.01;100
20160204 105000;23.02;23.02;23.02;23.02;100
20160204 105200;23.02;23.02;23.02;23.02;100
20160204 105400;23.02;23.02;23.02;23.02;100
20160204 105600;23.02;23.02;23.02;23.02;100
20160204 105700;23.01;23.01;23.01;23.01;100
20160204 105800;23.02;23.02;23.01;23.01;900
20160204 111000;23.02;23.02;23.02;23.02;100
20160204 111200;23.02;23.02;23.02;23.02;100
20160204 111500;23.02;23.02;23.02;23.02;100
20160204 111700;23.02;23.02;23.02;23.02;100
20160204 111900;23.02;23.02;23.01;23.01;300
20160204 112100;23.02;23.02;23.02;23.02;100
20160204 112300;23.02;23.02;23.02;23.02;400
20160204 112400;23.02;23.02;23.02;23.02;100
20160204 112500;23.02;23.02;23.02;23.02;100
20160204 112700;23.02;23.02;23.02;23.02;100
20160204 112800;23.02;23.02;23.02;23.02;400
20160204 112900;23.02;23.02;23.02;23.02;984
20160204 113000;23.01;23.013;23.01;23.013;1600
20160204 114100;23.01;23.01;23.01;23.01;100
20160204 114200;23.01;23.02;23.01;23.02;5547
20160204 114400;23.02;23.02;23.02;23.02;100
20160204 114500;23.02;23.02;23.02;23.02;100
20160204 114600;23.01;23.01;23.01;23.01;100
20160204 114700;23.015;23.02;23.015;23.02;1100
20160204 114900;23.02;23.02;23.02;23.02;100
20160204 115100;23.015;23.02;23.0101;23.02;400
20160204 115200;23.0139;23.0139;23.01;23.01;1030
20160204 120400;23.02;23.02;23.02;23.02;100
20160204 120600;23.02;23.02;23.02;23.02;100
20160204 120900;23.02;23.02;23.02;23.02;100
20160204 121100;23.02;23.02;23.02;23.02;100
20160204 121300;23.02;23.02;23.02;23.02;100
20160204 121500;23.02;23.02;23.02;23.02;100
20160204 121800;23.01;23.01;23.01;23.01;400
20160204 122600;23.015;23.015;23.015;23.015;5000
20160204 122900;23.02;23.02;23.02;23.02;1321
20160204 123200;23.02;23.02;23.02;23.02;100
20160204 123500;23.02;23.02;23.02;23.02;100
20160204 123800;23.02;23.02;23.02;23.02;100
20160204 124000;23.02;23.02;23.02;23.02;100
20160204 124100;23.01;23.01;23.01;23.01;5000
20160204 124400;23;23;22.99;22.9902;720
20160204 124500;22.995;22.995;22.995;22.995;100
20160204 125100;23;23;23;23;400
20160204 125500;23;23;23;23;100
20160204 125800;23;23;23;23;100
20160204 130000;22.99;22.99;22.99;22.99;183
20160204 130100;23;23;23;23;100
20160204 130400;23;23;23;23;100
20160204 130500;23;23;23;23;3200
20160204 130700;23.02;23.02;23.02;23.02;100
20160204 131000;23.02;23.02;23.02;23.02;100
20160204 131300;23.02;23.02;23.02;23.02;300
20160204 131700;23.02;23.02;23.02;23.02;100
20160204 132000;23.02;23.02;23.02;23.02;100
20160204 132300;23.02;23.02;23.02;23.02;100
20160204 132600;23.02;23.02;23.02;23.02;100
20160204 132900;23.02;23.02;23.0001;23.0001;1100
20160204 133200;23.02;23.02;23.02;23.02;100
20160204 133300;23.019;23.019;23.019;23.019;285
20160204 133500;23.02;23.02;23.02;23.02;100
20160204 133700;23.02;23.02;23.02;23.02;100
20160204 134000;23.02;23.02;23.02;23.02;100
20160204 134300;23.02;23.02;23.02;23.02;100
20160204 134600;23.02;23.02;23.02;23.02;100
20160204 134800;23;23;23;23;200
20160204 134900;23.02;23.02;23.02;23.02;100
20160204 135100;23.02;23.02;23.02;23.02;100
20160204 135400;23.02;23.02;23.02;23.02;100
20160204 135700;23.02;23.02;23.02;23.02;100
20160204 135900;23.02;23.02;23.02;23.02;100
20160204 140200;23.02;23.02;23.02;23.02;100
20160204 140500;23.02;23.02;23.02;23.02;100
20160204 140700;23.02;23.02;23.02;23.02;100
20160204 140800;22.99;22.99;22.99;22.99;10000
20160204 140900;22.99;22.99;22.99;22.99;600
20160204 142100;23;23;23;23;100
20160204 142400;23;23;23;23;200
20160204 142900;22.99;22.99;22.99;22.99;100
20160204 143100;22.99;22.99;22.99;22.99;100
20160204 143400;22.99;22.99;22.99;22.99;100
20160204 143600;22.99;22.99;22.99;22.99;100
20160204 143900;22.99;22.99;22.99;22.99;200
20160204 144100;23.01;23.01;23.01;23.01;100
20160204 144400;23.01;23.01;23.01;23.01;100
20160204 144700;23.01;23.01;23.01;23.01;100
20160204 144900;23;23;23;23;100
20160204 145000;23;23;23;23;100
20160204 145100;22.9958;22.9958;22.9958;22.9958;100
20160204 145200;23;23;23;23;100
20160204 145600;23;23;22.99;22.99;200
20160204 145700;22.992;22.992;22.992;22.992;655
20160204 150000;23;23;23;23;200
20160204 150200;23;23;23;23;100
20160204 150400;23;23;23;23;100
20160204 150600;23;23;23;23;100
20160204 150800;23;23;23;23;100
20160204 151100;23;23;23;23;100
20160204 151200;22.985;22.985;22.985;22.985;910
20160204 151300;22.99;22.99;22.99;22.99;300
20160204 151400;23;23;23;23;300
20160204 152300;23.01;23.01;23.01;23.01;100
20160204 152500;23.01;23.01;23.01;23.01;100
20160204 152700;23.01;23.01;23.01;23.01;100
20160204 152800;23.01;23.01;23.01;23.01;100
20160204 153000;23.01;23.01;23.01;23.01;100
20160204 153100;23.01;23.01;23.01;23.01;100
20160204 153300;23.01;23.01;23.01;23.01;100
20160204 153400;23.01;23.01;23.01;23.01;100
20160204 153600;23;23;23;23;100
20160204 153700;23;23;23;23;100
20160204 153900;23;23;23;23;100
20160204 154000;23;23;23;23;100
20160204 154200;23;23;23;23;100
20160204 154300;23;23;23;23;100
20160204 154400;23.01;23.01;23.01;23.01;100
20160204 154500;23.01;23.01;23.01;23.01;100
20160204 154600;23.01;23.01;23.01;23.01;200
20160204 154800;23;23;23;23;100
20160204 155000;23.006;23.006;23.006;23.006;225
20160204 155300;23.02;23.02;23;23;200
20160204 155400;23.02;23.04;23.02;23.04;8315
20160204 155500;23.04;23.04;23.03;23.04;300
20160204 155600;23.04;23.04;23.02;23.02;600
20160204 155700;23.02;23.02;23.02;23.02;1500
20160204 155800;23.02;23.02;23.02;23.02;400
20160204 155900;23.02;23.02;23;23.01;3600
20160204 160000;23.0046;23.03;23;23.03;12168
20160205 093600;22.97;22.97;22.97;22.97;100
20160205 093700;22.92;22.92;22.92;22.92;1100
20160205 094500;23;23;23;23;300
20160205 094700;23;23;23;23;300
20160205 095500;22.98;22.99;22.98;22.99;1100
20160205 100100;22.99;22.99;22.99;22.99;100
20160205 101000;22.94;22.94;22.93;22.93;200
20160205 101400;22.95;22.95;22.9401;22.945;600
20160205 101500;22.94;22.95;22.94;22.95;900
20160205 101600;22.9401;22.955;22.9401;22.95;1400
20160205 101900;22.98;22.99;22.9501;22.99;2800
20160205 102700;22.98;22.98;22.98;22.98;100
20160205 102900;22.97;22.97;22.97;22.97;200
20160205 103000;22.97;22.99;22.97;22.985;2200
20160205 103300;22.985;22.985;22.985;22.985;400
20160205 103400;22.99;22.99;22.985;22.985;700
20160205 103500;22.98;22.98;22.98;22.98;500
20160205 103800;22.98;22.98;22.98;22.98;1100
20160205 103900;22.98;22.98;22.98;22.98;400
20160205 104000;22.98;22.98;22.98;22.98;700
20160205 104100;22.98;22.98;22.98;22.98;300
20160205 105000;22.97;22.97;22.97;22.97;200
20160205 105600;22.97;22.97;22.97;22.97;100
20160205 105900;22.97;22.97;22.97;22.97;200
20160205 110100;22.9718;22.9718;22.97;22.97;816
20160205 110600;22.97;22.9849;22.97;22.9849;257
20160205 111100;22.97;22.97;22.97;22.97;100
20160205 111600;22.97;22.97;22.97;22.97;200
20160205 112100;22.97;22.97;22.97;22.97;100
20160205 112400;22.98;22.98;22.98;22.98;200
20160205 112500;22.98;22.98;22.98;22.98;800
20160205 112600;22.97;22.97;22.97;22.97;200
20160205 112800;22.98;22.98;22.98;22.98;700
20160205 112900;22.98;22.98;22.98;22.98;300
20160205 113000;22.99;22.99;22.9837;22.9837;2106
20160205 113100;22.97;22.97;22.97;22.97;100
20160205 113600;22.97;22.97;22.97;22.97;100
20160205 114100;22.97;22.97;22.97;22.97;200
20160205 114600;22.97;22.97;22.97;22.97;100
20160205 115100;22.97;22.97;22.97;22.97;100
20160205 115400;22.98;22.98;22.98;22.98;100
20160205 115600;22.97;22.97;22.97;22.97;100
20160205 120100;22.97;22.97;22.97;22.97;300
20160205 120600;22.97;22.97;22.97;22.97;100
20160205 121100;22.97;22.97;22.97;22.97;100
20160205 121200;22.97;22.98;22.97;22.98;2583
20160205 121600;22.98;22.98;22.98;22.98;100
20160205 122100;22.98;22.98;22.98;22.98;100
20160205 122600;22.98;22.98;22.98;22.98;100
20160205 123100;22.98;23.01;22.98;23.01;1402
20160205 124500;23.03;23.04;23.03;23.04;1124
20160205 125400;23.034;23.034;23.034;23.034;1000
20160205 125600;23.02;23.02;23.02;23.02;100
20160205 125700;23.03;23.03;23.03;23.03;100
20160205 130100;23.03;23.03;23.03;23.03;100
20160205 130600;23.03;23.03;23.03;23.03;100
20160205 131100;23.03;23.03;23.03;23.03;100
20160205 131500;23.03;23.03;23.03;23.03;1100
20160205 131600;22.99;22.99;22.99;22.99;100
20160205 132000;23;23.025;22.9901;23.025;3000
20160205 132100;22.99;22.99;22.99;22.99;100
20160205 132600;23.02;23.02;23.02;23.02;100
20160205 133100;23.02;23.02;23.02;23.02;100
20160205 133600;23.03;23.03;23.03;23.03;100
20160205 133800;23.035;23.035;23.033;23.033;5000
20160205 134100;23.03;23.03;23.03;23.03;200
20160205 134600;23.03;23.03;23.03;23.03;100
20160205 135100;23.02;23.02;23.02;23.02;100
20160205 135600;23.02;23.02;23.02;23.02;100
20160205 140100;23.02;23.02;23.02;23.02;100
20160205 140600;23.02;23.02;23.02;23.02;100
20160205 141100;23.02;23.02;23.02;23.02;200
20160205 141200;23.02;23.02;23.02;23.02;300
20160205 141600;23;23.02;23;23.02;300
20160205 142100;23.02;23.02;23;23;200
20160205 142600;23;23;23;23;200
20160205 143100;23;23.0114;23;23.0114;380
20160205 143400;23.0046;23.01;23.0046;23.005;1282
20160205 143600;23;23.02;23;23.02;230
20160205 144100;23;23;23;23;200
20160205 144300;23.02;23.04;23.02;23.035;10300
20160205 145300;23.0204;23.0204;23.0204;23.0204;117
20160205 145600;23;23;23;23;200
20160205 150100;23;23;23;23;100
20160205 150600;23;23;23;23;125
20160205 151100;22.995;22.995;22.97;22.97;200
20160205 151600;22.98;22.98;22.98;22.98;200
20160205 151900;23.01;23.03;23;23.03;13800
20160205 152100;22.98;22.98;22.98;22.98;100
20160205 152600;22.99;22.99;22.99;22.99;100
20160205 152900;22.9964;22.9964;22.9964;22.9964;1310
20160205 153000;23.03;23.03;22.99;22.99;10400
20160205 153500;22.99;22.99;22.97;22.97;300
20160205 153900;22.91;22.91;22.91;22.91;200
20160205 154200;22.91;22.91;22.91;22.91;200
20160205 154500;22.91;22.91;22.91;22.91;200
20160205 154600;22.91;22.91;22.91;22.91;200
20160205 154900;22.92;22.92;22.91;22.91;200
20160205 155100;22.93;22.93;22.93;22.93;200
20160205 155200;22.92;22.92;22.92;22.92;612
20160205 155300;22.92;22.92;22.91;22.91;200
20160205 155500;22.9399;22.9399;22.9399;22.9399;400
20160205 155600;22.91;22.91;22.91;22.91;200
20160205 155700;22.91;22.91;22.91;22.91;300
20160205 155800;22.91;22.91;22.91;22.91;100
20160205 155900;22.91;22.91;22.9;22.9;645
