20160119 094500;11.95;11.97;11.95;11.97;608
20160119 094800;11.97;11.97;11.97;11.97;1100
20160119 095000;11.97;11.97;11.97;11.97;100
20160119 095100;11.97;11.97;11.95;11.95;1100
20160119 095200;11.97;11.97;11.97;11.97;100
20160119 095400;11.98;11.98;11.98;11.98;100
20160119 100400;11.95;11.95;11.95;11.95;100
20160119 101000;11.96;11.96;11.96;11.96;300
20160119 101100;11.96;11.96;11.96;11.96;100
20160119 101300;11.96;11.96;11.96;11.96;100
20160119 102000;11.97;11.97;11.97;11.97;400
20160119 102100;11.97;11.97;11.97;11.97;200
20160119 104000;11.96;11.96;11.96;11.96;100
20160119 104600;11.96;11.96;11.96;11.96;400
20160119 105100;11.96;11.96;11.96;11.96;100
20160119 105400;11.96;11.96;11.96;11.96;300
20160119 105500;11.96;11.96;11.96;11.96;100
20160119 105600;11.96;11.96;11.96;11.96;200
20160119 105800;11.96;11.96;11.96;11.96;200
20160119 110400;11.96;11.96;11.95;11.95;1294
20160119 110500;11.95;11.95;11.95;11.95;400
20160119 110700;11.95;11.95;11.95;11.95;100
20160119 111300;11.95;11.95;11.95;11.95;100
20160119 111500;11.95;11.95;11.95;11.95;100
20160119 111600;11.95;11.95;11.95;11.95;100
20160119 113900;11.95;11.95;11.95;11.95;300
20160119 114600;11.95;11.95;11.95;11.95;100
20160119 114900;11.95;11.95;11.94;11.94;1700
20160119 115000;11.93;11.94;11.93;11.93;1055
20160119 115100;11.93;11.93;11.93;11.93;100
20160119 120000;11.93;11.93;11.93;11.93;100
20160119 120100;11.94;11.94;11.94;11.94;500
20160119 120400;11.93;11.93;11.93;11.93;100
20160119 121000;11.93;11.93;11.93;11.93;100
20160119 121800;11.92;11.92;11.92;11.92;300
20160119 121900;11.93;11.93;11.92;11.92;2800
20160119 122200;11.93;11.93;11.93;11.93;400
20160119 122800;11.93;11.93;11.93;11.93;100
20160119 122900;11.9299;11.9299;11.9299;11.9299;100
20160119 123300;11.92;11.92;11.92;11.92;200
20160119 123400;11.92;11.92;11.92;11.92;600
20160119 123500;11.91;11.92;11.91;11.92;600
20160119 123600;11.92;11.92;11.92;11.92;100
20160119 123700;11.93;11.93;11.92;11.92;300
20160119 123900;11.9299;11.9299;11.9299;11.9299;100
20160119 124100;11.93;11.93;11.93;11.93;100
20160119 124200;11.92;11.92;11.92;11.92;100
20160119 124300;11.93;11.93;11.93;11.93;100
20160119 124400;11.93;11.93;11.93;11.93;100
20160119 130100;11.94;11.94;11.94;11.94;2200
20160119 130300;11.93;11.93;11.91;11.91;500
20160119 130400;11.91;11.92;11.91;11.92;800
20160119 130500;11.92;11.92;11.92;11.92;200
20160119 130600;11.92;11.92;11.92;11.92;200
20160119 130700;11.92;11.92;11.92;11.92;100
20160119 130800;11.925;11.93;11.925;11.93;1704
20160119 131000;11.94;11.94;11.94;11.94;100
20160119 131900;11.935;11.935;11.93;11.93;1100
20160119 133200;11.94;11.94;11.94;11.94;664
20160119 133600;11.95;11.95;11.95;11.95;193
20160119 134300;11.93;11.93;11.93;11.93;1405
20160119 135000;11.93;11.93;11.93;11.93;800
20160119 135100;11.93;11.93;11.93;11.93;600
20160119 135200;11.93;11.93;11.93;11.93;500
20160119 135400;11.9349;11.95;11.9349;11.95;2113
20160119 140500;11.95;11.955;11.95;11.955;1800
20160119 141100;11.95;11.95;11.95;11.95;400
20160119 141200;11.95;11.95;11.95;11.95;400
20160119 141700;11.95;11.95;11.95;11.95;500
20160119 142000;11.94;11.94;11.94;11.94;900
20160119 142100;11.94;11.94;11.94;11.94;600
20160119 142200;11.9368;11.9368;11.9368;11.9368;1100
20160119 143200;11.94;11.94;11.94;11.94;100
20160119 143600;11.95;11.95;11.95;11.95;100
20160119 143700;11.93;11.94;11.93;11.94;200
20160119 144300;11.94;11.94;11.94;11.94;200
20160119 144500;11.94;11.94;11.94;11.94;100
20160119 144600;11.93;11.93;11.93;11.93;400
20160119 145300;11.9301;11.935;11.9301;11.935;609
20160119 145600;11.94;11.94;11.94;11.94;100
20160119 145900;11.93;11.935;11.93;11.935;200
20160119 150000;11.93;11.93;11.93;11.93;100
20160119 150100;11.94;11.94;11.94;11.94;100
20160119 150200;11.94;11.94;11.94;11.94;500
20160119 150600;11.93;11.94;11.93;11.94;1000
20160119 150700;11.93;11.93;11.93;11.93;1200
20160119 151000;11.93;11.935;11.93;11.935;400
20160119 151100;11.93;11.93;11.93;11.93;100
20160119 151200;11.93;11.93;11.93;11.93;400
20160119 151400;11.93;11.93;11.93;11.93;100
20160119 151500;11.93;11.93;11.93;11.93;100
20160119 152000;11.935;11.935;11.935;11.935;100
20160119 152100;11.93;11.93;11.93;11.93;200
20160119 152600;11.94;11.94;11.94;11.94;300
20160119 152700;11.94;11.96;11.94;11.96;1900
20160119 152800;11.96;11.96;11.96;11.96;1400
20160119 153100;11.96;11.96;11.96;11.96;1100
20160119 153200;11.96;11.96;11.95;11.95;200
20160119 153300;11.9544;11.9544;11.9544;11.9544;250
20160119 153500;11.955;11.955;11.955;11.955;100
20160119 153700;11.96;11.96;11.95;11.95;300
20160119 153800;11.95;11.95;11.95;11.95;300
20160119 154200;11.96;11.96;11.96;11.96;1164
20160119 154300;11.95;11.95;11.95;11.95;100
20160119 154500;11.95;11.96;11.95;11.96;500
20160119 154700;11.97;11.97;11.97;11.97;400
20160119 154800;11.98;11.98;11.98;11.98;100
20160119 155100;11.97;11.97;11.97;11.97;100
20160119 155200;11.98;11.98;11.98;11.98;100
20160119 160000;11.97;11.97;11.96;11.96;608
20160119 160300;11.96;11.96;11.96;11.96;3120
20160119 171800;11.91;11.91;11.91;11.91;1
20160120 093600;11.93;11.93;11.9;11.9;800
20160120 093700;11.91;11.91;11.9;11.91;400
20160120 093900;11.92;11.92;11.92;11.92;100
20160120 094000;11.92;11.92;11.92;11.92;100
20160120 094100;11.92;11.92;11.92;11.92;100
20160120 094200;11.91;11.91;11.91;11.91;100
20160120 094300;11.91;11.91;11.91;11.91;200
20160120 094400;11.92;11.92;11.91;11.91;200
20160120 094500;11.91;11.93;11.91;11.93;700
20160120 094600;11.92;11.92;11.91;11.91;500
20160120 094700;11.91;11.93;11.91;11.92;600
20160120 094800;11.91;11.91;11.91;11.91;200
20160120 094900;11.91;11.92;11.91;11.92;700
20160120 095000;11.92;11.92;11.92;11.92;2700
20160120 095100;11.94;11.94;11.94;11.94;300
20160120 095200;11.94;11.94;11.94;11.94;200
20160120 095300;11.93;11.93;11.93;11.93;100
20160120 095400;11.93;11.93;11.92;11.93;2900
20160120 095500;11.93;11.93;11.93;11.93;500
20160120 095600;11.93;11.93;11.93;11.93;500
20160120 095800;11.92;11.92;11.92;11.92;454
20160120 095900;11.92;11.92;11.92;11.92;300
20160120 100000;11.92;11.92;11.92;11.92;400
20160120 100100;11.92;11.92;11.92;11.92;500
20160120 100200;11.92;11.92;11.91;11.91;500
20160120 100300;11.9199;11.93;11.9199;11.9199;300
20160120 100600;11.93;11.93;11.93;11.93;100
20160120 100700;11.91;11.93;11.91;11.92;2100
20160120 100800;11.92;11.92;11.9;11.9;800
20160120 100900;11.9;11.91;11.9;11.91;200
20160120 101000;11.9;11.91;11.9;11.91;400
20160120 101200;11.91;11.92;11.91;11.92;600
20160120 101400;11.92;11.92;11.91;11.91;500
20160120 101500;11.91;11.91;11.91;11.91;600
20160120 101700;11.92;11.93;11.92;11.9299;2300
20160120 102100;11.92;11.93;11.92;11.92;1900
20160120 102200;11.92;11.93;11.92;11.93;500
20160120 102400;11.92;11.92;11.92;11.92;100
20160120 103000;11.93;11.93;11.93;11.93;100
20160120 103500;11.93;11.93;11.93;11.93;100
20160120 103600;11.92;11.92;11.92;11.92;21700
20160120 103700;11.92;11.93;11.92;11.92;26300
20160120 103800;11.92;11.92;11.92;11.92;600
20160120 103900;11.92;11.92;11.92;11.92;500
20160120 104000;11.93;11.93;11.93;11.93;600
20160120 104300;11.94;11.94;11.94;11.94;600
20160120 105000;11.92;11.92;11.9;11.91;900
20160120 105100;11.885;11.885;11.885;11.885;100
20160120 105200;11.885;11.885;11.885;11.885;100
20160120 105300;11.885;11.885;11.885;11.885;100
20160120 105400;11.88;11.88;11.88;11.88;200
20160120 105500;11.89;11.89;11.89;11.89;200
20160120 105700;11.89;11.89;11.89;11.89;100
20160120 110200;11.9;11.9;11.9;11.9;300
20160120 110300;11.9;11.9;11.9;11.9;200
20160120 110700;11.9;11.9;11.9;11.9;200
20160120 111100;11.91;11.92;11.91;11.92;600
20160120 111600;11.92;11.92;11.92;11.92;100
20160120 111900;11.93;11.93;11.93;11.93;100
20160120 112000;11.94;11.94;11.92;11.92;400
20160120 112100;11.92;11.94;11.91;11.94;400
20160120 112200;11.94;11.95;11.94;11.95;1700
20160120 112400;11.96;11.96;11.96;11.96;1200
20160120 112900;11.93;11.93;11.91;11.91;778
20160120 113100;11.93;11.93;11.93;11.93;100
20160120 113800;11.93;11.93;11.93;11.93;100
20160120 114300;11.92;11.92;11.92;11.92;400
20160120 114400;11.93;11.93;11.93;11.93;100
20160120 114600;11.91;11.91;11.91;11.91;420
20160120 115000;11.9299;11.9299;11.9299;11.9299;100
20160120 115100;11.92;11.92;11.92;11.92;100
20160120 115300;11.91;11.91;11.91;11.91;200
20160120 115400;11.91;11.91;11.91;11.91;1100
20160120 115500;11.92;11.9299;11.92;11.9299;200
20160120 115900;11.94;11.94;11.94;11.94;500
20160120 120600;11.93;11.94;11.93;11.93;300
20160120 120700;11.92;11.92;11.91;11.91;1100
20160120 120800;11.92;11.92;11.92;11.92;100
20160120 120900;11.91;11.91;11.91;11.91;300
20160120 121100;11.91;11.91;11.91;11.91;100
20160120 121400;11.93;11.93;11.93;11.93;100
20160120 122000;11.94;11.94;11.94;11.94;100
20160120 122100;11.93;11.93;11.93;11.93;100
20160120 123000;11.91;11.91;11.91;11.91;400
20160120 123100;11.93;11.94;11.93;11.94;600
20160120 123600;11.94;11.94;11.91;11.91;900
20160120 123700;11.91;11.91;11.91;11.91;600
20160120 123800;11.91;11.91;11.91;11.91;100
20160120 124700;11.93;11.93;11.93;11.93;200
20160120 124900;11.94;11.94;11.94;11.94;800
20160120 125100;11.95;11.95;11.95;11.95;300
20160120 125200;11.97;11.97;11.97;11.97;400
20160120 125500;11.98;11.98;11.98;11.98;1100
20160120 125600;11.98;11.98;11.98;11.98;400
20160120 125700;11.98;11.99;11.98;11.99;300
20160120 130100;11.99;11.99;11.99;11.99;300
20160120 130900;11.98;11.98;11.98;11.98;200
20160120 131000;11.98;11.98;11.98;11.98;1900
20160120 131100;11.98;11.98;11.98;11.98;100
20160120 132000;11.98;11.98;11.98;11.98;100
20160120 132400;11.97;11.97;11.97;11.97;100
20160120 133200;11.98;11.98;11.98;11.98;600
20160120 133700;11.98;11.98;11.98;11.98;1100
20160120 133800;11.98;11.98;11.97;11.97;300
20160120 133900;11.98;11.98;11.98;11.98;200
20160120 134400;11.98;11.98;11.98;11.98;500
20160120 134500;11.98;11.98;11.98;11.98;800
20160120 134900;11.99;11.99;11.99;11.99;100
20160120 135100;11.99;11.99;11.99;11.99;100
20160120 135200;11.99;11.99;11.99;11.99;600
20160120 135300;12;12.04;12;12.04;579
20160120 135600;12.01;12.01;12.01;12.01;200
20160120 140100;11.98;11.98;11.98;11.98;100
20160120 140600;11.98;11.98;11.98;11.98;100
20160120 141000;12;12;12;12;300
20160120 141100;12.03;12.04;12.03;12.04;400
20160120 141300;12.06;12.06;12.05;12.06;1100
20160120 141400;12.04;12.04;12.04;12.04;100
20160120 141500;12.02;12.02;12.02;12.02;100
20160120 141700;12.02;12.02;12.01;12.01;1100
20160120 141800;12.0101;12.0101;12.0101;12.0101;100
20160120 142000;12.0101;12.0101;12.0101;12.0101;100
20160120 142300;12.02;12.02;12.02;12.02;500
20160120 142400;12.02;12.02;12.02;12.02;100
20160120 142500;12.02;12.02;12.01;12.01;400
20160120 142600;11.9801;11.9801;11.9801;11.9801;100
20160120 143000;12;12;12;12;100
20160120 143100;11.98;11.98;11.97;11.97;200
20160120 143200;11.97;11.97;11.97;11.97;200
20160120 143500;11.98;11.98;11.98;11.98;100
20160120 143700;11.98;11.98;11.97;11.97;200
20160120 143800;11.99;11.99;11.99;11.99;100
20160120 144300;11.9875;11.9875;11.9875;11.9875;100
20160120 144400;11.98;11.98;11.98;11.98;100
20160120 144800;11.98;11.98;11.98;11.98;172
20160120 145800;11.99;11.99;11.99;11.99;100
20160120 150500;12;12;11.98;11.98;600
20160120 150600;12;12;11.98;11.98;2700
20160120 150900;12;12;12;12;200
20160120 151000;12;12;12;12;200
20160120 151500;12;12;12;12;100
20160120 151600;12;12;11.98;11.99;1200
20160120 151700;12;12;11.98;11.99;700
20160120 151800;11.98;11.99;11.98;11.99;300
20160120 151900;12;12;11.98;11.98;4500
20160120 152000;11.98;11.98;11.98;11.98;400
20160120 152100;12;12;12;12;700
20160120 152200;12;12;11.98;11.99;7617
20160120 152300;11.97;11.99;11.97;11.98;1300
20160120 152400;11.99;11.99;11.98;11.98;500
20160120 152500;11.98;11.98;11.98;11.98;100
20160120 153000;11.99;11.99;11.98;11.98;200
20160120 153200;11.99;11.99;11.98;11.98;200
20160120 153500;11.98;11.98;11.98;11.98;100
20160120 153700;11.98;11.99;11.98;11.98;1600
20160120 153800;11.97;11.98;11.97;11.98;900
20160120 153900;11.98;11.98;11.98;11.98;300
20160120 154100;11.98;11.98;11.97;11.97;1000
20160120 154200;11.97;11.97;11.97;11.97;400
20160120 154300;11.98;11.98;11.98;11.98;100
20160120 154600;11.97;11.97;11.97;11.97;500
20160120 154700;11.97;11.97;11.97;11.97;300
20160120 155000;11.98;11.98;11.98;11.98;100
20160120 155100;11.96;11.96;11.96;11.96;100
20160120 155200;11.96;11.96;11.96;11.96;100
20160120 155400;11.96;11.97;11.96;11.97;274
20160120 155500;11.97;11.98;11.97;11.98;200
20160120 155600;11.97;11.97;11.96;11.96;303
20160120 155800;11.96;11.96;11.96;11.96;300
20160120 155900;11.95;11.97;11.95;11.97;600
20160120 160000;11.96;11.97;11.96;11.96;851
20160120 160300;11.97;11.97;11.97;11.97;1920
20160121 090600;11.97;11.97;11.97;11.97;1360
20160121 093100;11.97;11.97;11.96;11.96;300
20160121 093400;11.97;11.97;11.97;11.97;100
20160121 093600;11.97;11.97;11.97;11.97;100
20160121 093800;11.97;11.97;11.96;11.97;1700
20160121 093900;11.96;11.96;11.95;11.95;400
20160121 094000;11.95;11.95;11.95;11.95;600
20160121 094500;11.95;11.95;11.95;11.95;700
20160121 094600;11.9501;11.9501;11.9501;11.9501;1097
20160121 095000;11.95;11.95;11.94;11.94;2200
20160121 095200;11.94;11.94;11.94;11.94;2800
20160121 095300;11.94;11.95;11.94;11.95;2200
20160121 095700;11.94;11.94;11.94;11.94;594
20160121 095800;11.95;11.95;11.95;11.95;100
20160121 100300;11.95;11.95;11.946;11.946;975
20160121 100700;11.95;11.95;11.94;11.95;3200
20160121 101100;11.95;11.95;11.95;11.95;100
20160121 101200;11.95;11.95;11.95;11.95;300
20160121 101300;11.95;11.95;11.95;11.95;200
20160121 101700;11.95;11.95;11.95;11.95;100
20160121 102100;11.95;11.95;11.95;11.95;600
20160121 102200;11.95;11.95;11.95;11.95;200
20160121 102400;11.94;11.94;11.94;11.94;500
20160121 102500;11.94;11.94;11.94;11.94;2633
20160121 102900;11.94;11.94;11.94;11.94;200
20160121 103000;11.94;11.94;11.94;11.94;200
20160121 103100;11.94;11.94;11.94;11.94;1000
20160121 103200;11.94;11.94;11.94;11.94;1100
20160121 103300;11.94;11.94;11.94;11.94;1100
20160121 103400;11.94;11.94;11.94;11.94;100
20160121 103500;11.94;11.94;11.94;11.94;200
20160121 103600;11.94;11.94;11.94;11.94;800
20160121 103700;11.94;11.94;11.94;11.94;400
20160121 103800;11.94;11.94;11.94;11.94;100
20160121 103900;11.94;11.94;11.94;11.94;100
20160121 104700;11.94;11.94;11.93;11.93;6775
20160121 105600;11.94;11.94;11.94;11.94;200
20160121 110500;11.94;11.95;11.94;11.95;1100
20160121 110600;11.95;11.95;11.95;11.95;1200
20160121 110800;11.96;11.96;11.96;11.96;100
20160121 111000;11.96;11.96;11.96;11.96;100
20160121 111100;11.96;11.96;11.96;11.96;100
20160121 112100;11.95;11.95;11.95;11.95;100
20160121 112200;11.96;11.96;11.96;11.96;1100
20160121 112300;11.96;11.96;11.96;11.96;100
20160121 112400;11.96;11.96;11.96;11.96;400
20160121 112600;11.96;11.96;11.96;11.96;300
20160121 112700;11.96;11.96;11.96;11.96;1100
20160121 112900;11.955;11.955;11.955;11.955;200
20160121 113400;11.96;11.96;11.96;11.96;100
20160121 113600;11.96;11.96;11.96;11.96;100
20160121 113700;11.96;11.96;11.96;11.96;200
20160121 113800;11.96;11.96;11.96;11.96;1100
20160121 114700;11.96;11.96;11.96;11.96;100
20160121 114900;11.9501;11.9501;11.9501;11.9501;300
20160121 115100;11.96;11.96;11.96;11.96;400
20160121 115300;11.96;11.97;11.95;11.95;3000
20160121 115700;11.96;11.96;11.96;11.96;700
20160121 120200;11.96;11.96;11.96;11.96;100
20160121 120700;11.96;11.96;11.96;11.96;2400
20160121 120800;11.96;11.98;11.96;11.96;800
20160121 121000;11.97;11.97;11.97;11.97;200
20160121 122300;11.96;11.96;11.96;11.96;100
20160121 122500;11.97;11.97;11.97;11.97;200
20160121 122900;11.98;11.98;11.98;11.98;200
20160121 123100;11.98;11.98;11.98;11.98;315
20160121 123200;11.98;11.98;11.98;11.98;100
20160121 124000;11.98;11.99;11.98;11.99;700
20160121 124400;11.96;11.96;11.96;11.96;200
20160121 124600;11.95;11.95;11.95;11.95;200
20160121 125000;11.95;11.98;11.95;11.98;500
20160121 125900;11.96;11.96;11.96;11.96;100
20160121 130500;11.98;11.98;11.98;11.98;300
20160121 130800;11.98;11.99;11.98;11.99;200
20160121 131000;11.99;11.99;11.99;11.99;200
20160121 131500;11.98;11.98;11.96;11.96;300
20160121 132100;11.96;11.96;11.96;11.96;400
20160121 132500;11.97;11.97;11.96;11.96;200
20160121 132800;11.97;11.97;11.965;11.97;1100
20160121 133100;11.97;11.97;11.97;11.97;100
20160121 133700;11.98;11.99;11.98;11.99;2636
20160121 133800;11.99;11.99;11.99;11.99;100
20160121 133900;12;12.02;12;12;300
20160121 134000;11.99;11.99;11.99;11.99;100
20160121 134200;11.99;11.99;11.99;11.99;200
20160121 134400;11.99;11.99;11.99;11.99;100
20160121 134700;12;12;12;12;100
20160121 134900;11.99;11.99;11.99;11.99;400
20160121 135100;11.99;11.99;11.99;11.99;600
20160121 135200;12;12;12;12;100
20160121 135300;12;12;11.99;11.99;300
20160121 135400;11.99;11.99;11.99;11.99;100
20160121 135600;12.01;12.01;11.99;11.995;500
20160121 135700;12.01;12.01;12.01;12.01;200
20160121 135900;12;12;12;12;200
20160121 140000;12.0076;12.0076;11.97;11.97;7824
20160121 141000;11.96;11.96;11.96;11.96;400
20160121 141100;11.96;11.96;11.96;11.96;100
20160121 141200;11.965;11.965;11.965;11.965;100
20160121 141300;11.96;11.96;11.96;11.96;100
20160121 141500;11.96;11.96;11.96;11.96;400
20160121 141900;11.96;11.96;11.96;11.96;100
20160121 142800;11.98;11.98;11.98;11.98;100
20160121 143000;11.98;11.99;11.98;11.99;300
20160121 143600;11.99;11.99;11.99;11.99;100
20160121 143800;11.99;11.99;11.99;11.99;200
20160121 144200;12;12;12;12;100
20160121 144700;12;12;12;12;100
20160121 145000;11.98;11.98;11.98;11.98;100
20160121 145400;11.985;11.99;11.985;11.99;900
20160121 145500;11.99;11.99;11.99;11.99;300
20160121 145600;11.99;11.99;11.99;11.99;900
20160121 145700;11.99;11.99;11.99;11.99;2600
20160121 145800;11.99;11.99;11.99;11.99;100
20160121 145900;11.99;11.99;11.99;11.99;100
20160121 150700;11.99;11.99;11.99;11.99;600
20160121 150900;11.98;11.98;11.98;11.98;300
20160121 151000;11.98;11.98;11.98;11.98;400
20160121 151100;11.98;11.98;11.98;11.98;100
20160121 151200;11.99;11.99;11.99;11.99;200
20160121 151400;11.99;11.99;11.99;11.99;400
20160121 151800;11.985;11.985;11.98;11.98;1200
20160121 151900;11.98;11.98;11.98;11.98;500
20160121 152000;11.99;11.99;11.99;11.99;200
20160121 152600;11.99;11.99;11.99;11.99;500
20160121 153100;11.99;11.99;11.99;11.99;200
20160121 153300;11.99;11.99;11.99;11.99;600
20160121 153500;11.99;11.99;11.99;11.99;131
20160121 153700;12;12;12;12;400
20160121 153800;11.99;11.99;11.99;11.99;500
20160121 153900;11.99;11.99;11.99;11.99;100
20160121 154000;11.99;11.99;11.99;11.99;100
20160121 154300;11.99;11.99;11.99;11.99;500
20160121 154400;11.99;11.99;11.99;11.99;200
20160121 154500;11.99;11.99;11.99;11.99;2250
20160121 154800;11.99;11.99;11.99;11.99;100
20160121 155100;11.98;11.98;11.98;11.98;400
20160121 155300;11.98;11.99;11.98;11.99;300
20160121 155400;11.99;11.99;11.98;11.98;502
20160121 155600;11.9837;11.9837;11.9837;11.9837;117
20160121 155800;11.98;11.99;11.98;11.99;200
20160121 155900;11.98;11.98;11.97;11.97;3022
20160121 160000;11.97;11.97;11.95;11.96;1250
20160121 160200;11.96;11.96;11.96;11.96;2400
20160122 091700;12.01;12.01;12.01;12.01;319
20160122 092400;12.02;12.02;12.02;12.02;500
20160122 092600;12.05;12.05;12.05;12.05;1100
20160122 092700;12.06;12.06;12.06;12.06;2000
20160122 092800;12.06;12.06;12.06;12.06;30
20160122 093400;11.99;11.99;11.99;11.99;100
20160122 093600;11.99;12.04;11.99;12.04;1900
20160122 094200;12.04;12.04;12.04;12.04;100
20160122 094400;12.04;12.04;12.04;12.04;400
20160122 094600;12.04;12.04;12.04;12.04;600
20160122 094700;12.04;12.04;12.04;12.04;100
20160122 095200;12.05;12.05;12.05;12.05;100
20160122 095300;12.06;12.06;12.05;12.05;400
20160122 095600;12.12;12.12;12.07;12.07;1100
20160122 095700;12.08;12.08;12.08;12.08;100
20160122 100100;12.11;12.11;12.09;12.09;200
20160122 100200;12.09;12.09;12.05;12.05;800
20160122 100700;12.05;12.05;12.05;12.05;100
20160122 101800;12.032;12.032;12.03;12.03;366
20160122 102000;12.03;12.03;12.001;12.001;500
20160122 102100;12.01;12.04;12;12.01;2000
20160122 102500;12.04;12.04;12.01;12.01;700
20160122 102600;12.01;12.01;12;12;400
20160122 102800;12.01;12.01;12;12;1200
20160122 102900;12;12;12;12;100
20160122 103300;12.01;12.01;12.01;12.01;100
20160122 103500;12.01;12.01;12.01;12.01;100
20160122 103600;12;12.01;12;12;700
20160122 103700;12;12;12;12;200
20160122 104000;12;12;12;12;400
20160122 104300;12;12;12;12;100
20160122 104400;12;12;12;12;100
20160122 104700;11.99;11.99;11.99;11.99;100
20160122 105100;12.01;12.01;12.01;12.01;100
20160122 105200;12;12;12;12;100
20160122 105500;12;12;12;12;100
20160122 110200;11.99;11.99;11.99;11.99;200
20160122 110300;11.99;11.99;11.99;11.99;100
20160122 110700;11.99;11.99;11.99;11.99;100
20160122 111200;11.99;11.99;11.99;11.99;100
20160122 111300;11.99;11.99;11.99;11.99;200
20160122 111400;11.99;11.99;11.99;11.99;100
20160122 111700;11.99;11.99;11.99;11.99;100
20160122 111800;12.01;12.01;12.01;12.01;400
20160122 111900;12.01;12.01;12.01;12.01;700
20160122 112000;12;12;12;12;715
20160122 112100;12.02;12.03;12.02;12.03;300
20160122 112700;12.02;12.02;12.02;12.02;100
20160122 113000;12.04;12.04;12.04;12.04;251
20160122 114800;12.09;12.09;12.08;12.08;400
20160122 115000;12.07;12.07;12.07;12.07;100
20160122 115500;12.08;12.08;12.08;12.08;100
20160122 120700;12.08;12.08;12.08;12.08;100
20160122 120900;12.08;12.08;12.08;12.08;500
20160122 121000;12.08;12.08;12.08;12.08;100
20160122 121500;12.08;12.08;12.08;12.08;685
20160122 121600;12.1;12.1;12.1;12.1;100
20160122 122200;12.12;12.12;12.1;12.1;900
20160122 122300;12.11;12.12;12.09;12.09;1100
20160122 122400;12.08;12.08;12.07;12.07;300
20160122 122800;12.07;12.07;12.07;12.07;300
20160122 123600;12.05;12.05;12.05;12.05;200
20160122 124600;12.04;12.04;12.04;12.04;100
20160122 125000;12.04;12.04;12.04;12.04;100
20160122 125100;12.04;12.04;12.03;12.04;500
20160122 125400;12.03;12.03;12.03;12.03;700
20160122 130500;12.03;12.03;12.03;12.03;200
20160122 131600;12.06;12.06;12.06;12.06;100
20160122 132200;12.08;12.08;12.05;12.05;300
20160122 132300;12.08;12.08;12.05;12.05;300
20160122 135200;12.1;12.1;12.1;12.1;200
20160122 135300;12.07;12.07;12.07;12.07;100
20160122 135400;12.07;12.07;12.07;12.07;100
20160122 135700;12.0301;12.0301;12.0301;12.0301;2646
20160122 135800;12.03;12.03;12.03;12.03;100
20160122 140600;12.06;12.07;12.04;12.04;400
20160122 140700;12.03;12.07;12.03;12.07;1000
20160122 140800;12.08;12.08;12.06;12.06;400
20160122 140900;12.08;12.08;12.06;12.06;200
20160122 141500;12.11;12.11;12.03;12.03;1105
20160122 142000;12.04;12.05;12.035;12.035;313
20160122 142100;12.05;12.05;12.05;12.05;100
20160122 142200;12.05;12.05;12.05;12.05;200
20160122 142700;12.02;12.02;12.02;12.02;100
20160122 143400;12.02;12.02;12.02;12.02;400
20160122 143500;12.01;12.01;12.01;12.01;200
20160122 143600;12.01;12.01;12;12;500
20160122 143700;12;12.02;12;12;700
20160122 143800;12;12.01;12;12.01;400
20160122 144000;12;12;12;12;100
20160122 144800;12;12;12;12;100
20160122 144900;12.01;12.01;12.01;12.01;200
20160122 145100;12;12;12;12;400
20160122 145200;12.01;12.01;12;12.01;1300
20160122 145300;12.01;12.01;12.01;12.01;400
20160122 145400;12.01;12.01;12.01;12.01;200
20160122 145500;12.01;12.01;12;12;500
20160122 145600;12;12;12;12;300
20160122 145700;12;12;12;12;200
20160122 145800;12;12;12;12;100
20160122 151100;11.99;11.99;11.99;11.99;100
20160122 152100;12;12;12;12;1000
20160122 153000;11.99;11.99;11.99;11.99;100
20160122 153300;12.01;12.02;12;12;800
20160122 153400;12;12;11.98;11.98;400
20160122 153900;12.02;12.02;12;12.01;600
20160122 154000;12.01;12.01;12.01;12.01;500
20160122 154100;12.01;12.01;12.01;12.01;418
20160122 154200;12.01;12.02;11.99;12.02;600
20160122 154400;12.02;12.02;12;12;1000
20160122 154500;12.01;12.01;11.99;11.99;600
20160122 155100;12;12.01;12;12.01;200
20160122 155300;12.02;12.02;12.02;12.02;3683
20160122 155400;12.03;12.03;12.02;12.02;1600
20160122 155500;12.02;12.04;12.02;12.04;1800
20160122 155600;12.05;12.06;12.05;12.06;200
20160122 155700;12.07;12.07;12.07;12.07;100
20160122 155800;12.07;12.07;12.07;12.07;300
20160122 155900;12.06;12.06;12.06;12.06;200
20160122 160000;12.06;12.07;12.06;12.07;1776
20160122 162600;12.07;12.07;12.07;12.07;2348
20160125 093300;12.04;12.04;12.04;12.04;100
20160125 093700;12.03;12.03;12.03;12.03;200
20160125 093900;12.03;12.03;12.03;12.03;100
20160125 094200;12.04;12.05;12.04;12.05;200
20160125 094300;12.07;12.07;12.07;12.07;200
20160125 094500;12.04;12.04;12.04;12.04;200
20160125 094600;12.03;12.03;12.03;12.03;100
20160125 095400;12.02;12.03;12.02;12.03;4038
20160125 095700;12.02;12.02;12.02;12.02;200
20160125 100600;12.05;12.05;12.05;12.05;100
20160125 100700;12.05;12.07;12.05;12.07;400
20160125 100900;12.085;12.085;12.085;12.085;100
20160125 102100;12.07;12.11;12.06;12.06;400
20160125 104100;12.08;12.08;12.07;12.08;400
20160125 105600;12.1;12.1;12.1;12.1;100
20160125 111900;12.1;12.1;12.1;12.1;100
20160125 113800;12.11;12.115;12.11;12.115;495
20160125 114500;12.07;12.07;12.07;12.07;100
20160125 114700;12.07;12.07;12.07;12.07;100
20160125 114900;12.13;12.13;12.06;12.06;200
20160125 121100;12.1;12.1;12.1;12.1;100
20160125 123800;12.1;12.1;12.1;12.1;3100
20160125 123900;12.11;12.11;12.04;12.04;1798
20160125 124100;12.04;12.04;12.04;12.04;100
20160125 124300;12.08;12.08;12.055;12.055;200
20160125 125500;12.07;12.07;12.07;12.07;100
20160125 125700;12.08;12.08;12.08;12.08;100
20160125 125800;12.08;12.08;12.08;12.08;100
20160125 130500;12.09;12.09;12.09;12.09;100
20160125 130600;12.1;12.1;12.09;12.09;500
20160125 131500;12.04;12.04;12.04;12.04;100
20160125 133500;12.05;12.05;12.04;12.04;300
20160125 135000;12.03;12.04;12.02;12.04;400
20160125 135100;12.02;12.02;12.02;12.02;500
20160125 135200;12.03;12.03;12.03;12.03;100
20160125 135300;12.03;12.03;12.03;12.03;100
20160125 140000;12.03;12.03;12.03;12.03;100
20160125 140100;12.03;12.035;12.03;12.035;300
20160125 140200;12.03;12.035;12.03;12.035;700
20160125 140600;12.03;12.035;12.03;12.035;200
20160125 140800;12.04;12.05;12.04;12.05;1200
20160125 141100;12.1;12.1;12.1;12.1;100
20160125 141300;12.1;12.1;12.08;12.08;400
20160125 141400;12.06;12.06;12.06;12.06;100
20160125 141500;12.09;12.09;12.09;12.09;100
20160125 141800;12.1;12.1;12.08;12.08;200
20160125 142200;12.08;12.08;12.08;12.08;100
20160125 143500;12.06;12.06;12.06;12.06;100
20160125 143700;12.06;12.06;12.06;12.06;100
20160125 144300;12.065;12.065;12.065;12.065;100
20160125 145000;12.07;12.07;12.07;12.07;100
20160125 145500;12.07;12.07;12.07;12.07;100
20160125 150400;12.09;12.09;12.09;12.09;200
20160125 150900;12.1;12.1;12.1;12.1;300
20160125 151000;12.1;12.1;12.1;12.1;100
20160125 151100;12.08;12.08;12.07;12.08;800
20160125 151200;12.08;12.08;12.08;12.08;100
20160125 151500;12.08;12.08;12.08;12.08;200
20160125 151700;12.07;12.07;12.07;12.07;200
20160125 151800;12.08;12.08;12.08;12.08;100
20160125 152100;12.07;12.07;12.07;12.07;100
20160125 152200;12.08;12.08;12.07;12.074;300
20160125 152500;12.07;12.07;12.07;12.07;100
20160125 152600;12.07;12.08;12.07;12.08;200
20160125 152700;12.07;12.07;12.07;12.07;1600
20160125 153200;12.07;12.07;12.07;12.07;793
20160125 153400;12.1;12.1;12.1;12.1;100
20160125 153500;12.1;12.12;12.1;12.12;300
20160125 153600;12.1;12.1;12.1;12.1;600
20160125 154100;12.09;12.09;12.09;12.09;100
20160125 154700;12.08;12.08;12.08;12.08;100
20160125 155000;12.08;12.08;12.08;12.08;100
20160125 155200;12.08;12.08;12.08;12.08;100
20160125 155300;12.08;12.08;12.08;12.08;100
20160125 155600;12.06;12.06;12.06;12.06;165
20160125 155700;12.06;12.06;12.04;12.05;900
20160125 155800;12.05;12.06;12.04;12.06;943
20160125 155900;12.07;12.07;12.05;12.05;755
20160125 160000;12.06;12.06;12.06;12.06;421
20160125 160300;12.09;12.09;12.09;12.09;1520
20160126 095100;12.1;12.1;12.1;12.1;100
20160126 095300;12.08;12.08;12.08;12.08;100
20160126 100800;12.09;12.11;12.09;12.1;1802
20160126 100900;12.1;12.1;12.1;12.1;500
20160126 101100;12.1;12.1;12.1;12.1;100
20160126 101200;12.1;12.1;12.09;12.09;300
20160126 101700;12.1;12.1;12.05;12.05;900
20160126 102000;12.05;12.05;12.05;12.05;100
20160126 102100;12.04;12.04;12.04;12.04;200
20160126 102500;12.04;12.04;12.04;12.04;400
20160126 103300;12.04;12.04;12.04;12.04;200
20160126 104000;12.04;12.04;12.04;12.04;100
20160126 104300;12.07;12.07;12.07;12.07;100
20160126 104700;12.12;12.12;12.1;12.1;600
20160126 105200;12.1;12.1;12.1;12.1;100
20160126 105500;12.05;12.05;12.05;12.05;100
20160126 105600;12.05;12.05;12.05;12.05;100
20160126 105800;12.04;12.04;12.04;12.04;100
20160126 110300;12.04;12.04;12.04;12.04;100
20160126 111100;12.04;12.04;12.04;12.04;100
20160126 111900;12.03;12.03;12.03;12.03;100
20160126 112100;12.03;12.03;12.03;12.03;300
20160126 112400;12.03;12.03;12.03;12.03;300
20160126 112800;12.03;12.03;12.03;12.03;100
20160126 113500;12.03;12.03;12.03;12.03;200
20160126 113700;12.03;12.03;12.03;12.03;100
20160126 114400;12.03;12.03;12.03;12.03;100
20160126 115300;12.03;12.03;12.03;12.03;100
20160126 120100;12.03;12.03;12.03;12.03;100
20160126 120200;12.04;12.04;12.04;12.04;100
20160126 121400;12.04;12.05;12.04;12.05;400
20160126 121500;12.04;12.04;12.04;12.04;100
20160126 122000;12.04;12.05;12.03;12.05;300
20160126 122100;12.03;12.03;12.03;12.03;100
20160126 122200;12.04;12.05;12.04;12.04;1500
20160126 122500;12.08;12.08;12.08;12.08;100
20160126 123300;12.06;12.06;12.06;12.06;100
20160126 123600;12.09;12.09;12.09;12.09;100
20160126 125000;12.07;12.07;12.07;12.07;100
20160126 125400;12.04;12.04;12.04;12.04;100
20160126 125600;12.04;12.04;12.03;12.03;200
20160126 131300;12.03;12.03;12.03;12.03;100
20160126 132800;12.05;12.05;12.05;12.05;300
20160126 134300;12.07;12.07;12.07;12.07;100
20160126 140100;12.03;12.03;12.03;12.03;100
20160126 140300;12.03;12.03;12.03;12.03;100
20160126 141000;12.03;12.03;12.03;12.03;100
20160126 141500;12.02;12.02;12.02;12.02;100
20160126 141900;12.02;12.02;12.02;12.02;400
20160126 142100;12.04;12.04;12.04;12.04;100
20160126 142200;12.05;12.05;12.05;12.05;100
20160126 142600;12.04;12.04;12.04;12.04;200
20160126 142900;12.04;12.04;12.04;12.04;300
20160126 143100;12.05;12.05;12.05;12.05;100
20160126 143300;12.05;12.05;12.05;12.05;100
20160126 143400;12.05;12.05;12.05;12.05;100
20160126 144500;12.04;12.04;12.04;12.04;100
20160126 144600;12.0596;12.0596;12.0596;12.0596;185
20160126 145400;12.04;12.04;12.04;12.04;100
20160126 145800;12.04;12.04;12.04;12.04;200
20160126 150600;12.04;12.04;12.04;12.04;200
20160126 151400;12.03;12.03;12.03;12.03;100
20160126 152000;12.03;12.03;12.03;12.03;200
20160126 152100;12.03;12.03;12.03;12.03;100
20160126 152700;12.02;12.02;12.02;12.02;100
20160126 153100;12.04;12.04;12.04;12.04;100
20160126 153400;12.02;12.02;12.02;12.02;100
20160126 153900;12.02;12.02;12.02;12.02;100
20160126 154300;12.02;12.03;12.02;12.03;800
20160126 154400;12.03;12.03;12.03;12.03;100
20160126 154500;12.04;12.04;12.04;12.04;100
20160126 154900;12.04;12.04;12.02;12.02;200
20160126 155000;12.02;12.02;12.02;12.02;166
20160126 155200;12.04;12.04;12.02;12.04;585
20160126 155300;12.04;12.04;12.04;12.04;400
20160126 155600;12.03;12.03;12.03;12.03;100
20160126 155700;12.04;12.04;12.04;12.04;300
20160126 155900;12.05;12.05;12.05;12.05;300
20160126 160000;12.05;12.05;12.05;12.05;100
20160126 163100;12.05;12.05;12.05;12.05;93
20160127 093500;12.03;12.03;12.02;12.02;1077
20160127 093700;12.03;12.03;12.03;12.03;100
20160127 094000;12.02;12.02;12.02;12.02;100
20160127 094100;12.02;12.02;12.02;12.02;400
20160127 094200;12.03;12.03;12.03;12.03;200
20160127 094600;12.02;12.02;12.02;12.02;200
20160127 094700;12.02;12.02;12.02;12.02;900
20160127 095000;12.02;12.02;12.02;12.02;100
20160127 095800;12.04;12.04;12.03;12.03;600
20160127 100200;12.03;12.03;12.02;12.02;400
20160127 100500;12.05;12.05;12.05;12.05;200
20160127 100900;12.03;12.03;12.03;12.03;100
20160127 101100;12.05;12.05;12.05;12.05;100
20160127 101400;12.05;12.05;12.05;12.05;200
20160127 101500;12.03;12.03;12.03;12.03;100
20160127 102300;12.04;12.04;12.04;12.04;100
20160127 103300;12.07;12.07;12.07;12.07;100
20160127 103600;12.07;12.07;12.05;12.06;300
20160127 103900;12.07;12.07;12.05;12.06;400
20160127 104900;12.07;12.07;12.07;12.07;100
20160127 105700;12.07;12.07;12.07;12.07;100
20160127 110600;12.07;12.08;12.06;12.08;500
20160127 110800;12.1;12.1;12.08;12.09;700
20160127 110900;12.105;12.105;12.105;12.105;100
20160127 111200;12.1;12.1;12.09;12.09;200
20160127 111300;12.095;12.095;12.095;12.095;300
20160127 111400;12.095;12.095;12.06;12.06;1700
20160127 111500;12.07;12.07;12.07;12.07;100
20160127 111600;12.09;12.09;12.09;12.09;100
20160127 111700;12.1;12.1;12.1;12.1;200
20160127 112100;12.1;12.1;12.1;12.1;100
20160127 112200;12.11;12.11;12.1;12.1;600
20160127 112700;12.1;12.1;12.1;12.1;700
20160127 113000;12.1;12.1;12.1;12.1;100
20160127 113300;12.1026;12.1026;12.1026;12.1026;432
20160127 113400;12.11;12.11;12.11;12.11;100
20160127 113500;12.1;12.1;12.1;12.1;100
20160127 113600;12.1;12.1;12.1;12.1;300
20160127 113700;12.1;12.1;12.09;12.09;1900
20160127 113800;12.1;12.1;12.1;12.1;200
20160127 114000;12.1;12.1;12.1;12.1;100
20160127 114500;12.1;12.1;12.1;12.1;100
20160127 114600;12.1;12.1;12.1;12.1;200
20160127 115100;12.1;12.1;12.1;12.1;100
20160127 115600;12.09;12.09;12.09;12.09;100
20160127 120200;12.1;12.1;12.1;12.1;300
20160127 120700;12.09;12.09;12.09;12.09;100
20160127 121600;12.1;12.1;12.1;12.1;100
20160127 121900;12.1;12.1;12.1;12.1;400
20160127 122000;12.09;12.09;12.09;12.09;100
20160127 122300;12.1;12.11;12.1;12.1;600
20160127 122600;12.1;12.1;12.1;12.1;100
20160127 122700;12.1;12.11;12.1;12.1;610
20160127 122800;12.1;12.1;12.1;12.1;100
20160127 122900;12.095;12.095;12.095;12.095;100
20160127 123500;12.09;12.09;12.08;12.08;200
20160127 123800;12.07;12.07;12.07;12.07;100
20160127 124100;12.07;12.07;12.07;12.07;100
20160127 124300;12.07;12.07;12.07;12.07;200
20160127 124700;12.05;12.05;12.05;12.05;200
20160127 124800;12.03;12.03;12.03;12.03;100
20160127 125000;12.03;12.03;12.03;12.03;300
20160127 125700;12.05;12.05;12.05;12.05;200
20160127 130000;12.05;12.05;12.05;12.05;200
20160127 130100;12.04;12.04;12.04;12.04;200
20160127 131000;12.07;12.07;12.06;12.06;200
20160127 131100;12.06;12.06;12.06;12.06;200
20160127 131200;12.0598;12.0598;12.055;12.055;200
20160127 132300;12.055;12.055;12.055;12.055;100
20160127 132400;12.06;12.06;12.06;12.06;100
20160127 132500;12.06;12.06;12.06;12.06;200
20160127 133400;12.07;12.07;12.07;12.07;100
20160127 133800;12.075;12.075;12.075;12.075;100
20160127 134200;12.07;12.07;12.07;12.07;100
20160127 134800;12.08;12.1;12.08;12.1;1000
20160127 135100;12.1;12.1;12.1;12.1;100
20160127 135200;12.11;12.11;12.11;12.11;200
20160127 135300;12.11;12.11;12.1;12.1;800
20160127 140000;12.09;12.09;12.09;12.09;100
20160127 140200;12.11;12.11;12.11;12.11;100
20160127 140400;12.11;12.11;12.1;12.1;200
20160127 140500;12.1;12.1;12.1;12.1;100
20160127 140600;12.09;12.09;12.09;12.09;300
20160127 140900;12.05;12.05;12.05;12.05;100
20160127 141300;12.07;12.07;12.05;12.05;200
20160127 141600;12.05;12.05;12.05;12.05;100
20160127 142100;12.07;12.07;12.07;12.07;200
20160127 142200;12.1;12.11;12.1;12.11;300
20160127 142300;12.11;12.11;12.11;12.11;100
20160127 142500;12.09;12.09;12.09;12.09;300
20160127 143000;12.11;12.11;12.1;12.1;200
20160127 143100;12.1;12.1;12.1;12.1;100
20160127 143600;12.09;12.09;12.09;12.09;100
20160127 144000;12.09;12.09;12.09;12.09;200
20160127 144100;12.05;12.05;12.03;12.03;600
20160127 144300;12.02;12.02;12.02;12.02;100
20160127 144500;12.05;12.05;12.05;12.05;100
20160127 144600;12.05;12.05;12.05;12.05;100
20160127 144700;12.045;12.045;12.045;12.045;100
20160127 144800;12.05;12.05;12.05;12.05;100
20160127 145000;12.05;12.05;12.05;12.05;300
20160127 145400;12.04;12.04;12.04;12.04;300
20160127 145700;12.04;12.04;12.04;12.04;300
20160127 145900;12.04;12.04;12.04;12.04;100
20160127 150100;12.04;12.04;12.04;12.04;100
20160127 150200;12.04;12.04;12.03;12.03;300
20160127 150300;12.03;12.03;12.02;12.02;400
20160127 150500;12.02;12.02;12.02;12.02;600
20160127 150700;12.02;12.02;12.02;12.02;500
20160127 151100;12.02;12.02;12.02;12.02;200
20160127 151200;12.04;12.04;12.04;12.04;100
20160127 151300;12.02;12.02;12.02;12.02;300
20160127 151400;12.05;12.05;12.05;12.05;100
20160127 151600;12.03;12.03;12.02;12.02;600
20160127 151700;12.02;12.02;12.02;12.02;300
20160127 152000;12.02;12.02;12.02;12.02;100
20160127 152300;12.03;12.03;12.03;12.03;100
20160127 152500;12.04;12.04;12.04;12.04;212
20160127 152800;12.035;12.04;12.035;12.04;300
20160127 153100;12.06;12.06;12.06;12.06;100
20160127 153200;12.06;12.06;12.045;12.045;200
20160127 153400;12.06;12.06;12.06;12.06;100
20160127 153500;12.05;12.05;12.05;12.05;100
20160127 153600;12.03;12.03;12.03;12.03;100
20160127 153700;12.05;12.05;12.05;12.05;400
20160127 154100;12.07;12.07;12.07;12.07;100
20160127 154400;12.03;12.03;12.03;12.03;100
20160127 154500;12.04;12.04;12.04;12.04;100
20160127 154600;12.04;12.04;12.04;12.04;100
20160127 154800;12.03;12.03;12.03;12.03;100
20160127 155000;12.02;12.02;12.02;12.02;100
20160127 155100;12.03;12.03;12.02;12.03;300
20160127 155300;12.04;12.04;12.02;12.02;400
20160127 155500;12.02;12.02;12.02;12.02;200
20160127 155600;12.02;12.03;12.02;12.03;454
20160127 155800;12.03;12.03;12.03;12.03;400
20160127 155900;12.03;12.03;12.02;12.03;703
20160127 160000;12.02;12.04;12.02;12.03;970
20160127 163100;12.02;12.02;12.02;12.02;649
20160128 093200;12.07;12.07;12.07;12.07;1151
20160128 093600;12.08;12.08;12.08;12.08;600
20160128 093700;12.08;12.08;12.08;12.08;700
20160128 093900;12.1;12.1;12.1;12.1;1172
20160128 094100;12.1;12.1;12.1;12.1;112
20160128 095300;12.09;12.1;12.09;12.09;300
20160128 095700;12.1;12.1;12.1;12.1;300
20160128 100500;12.085;12.085;12.085;12.085;100
20160128 101500;12.09;12.09;12.07;12.07;200
20160128 102500;12.09;12.1;12.07;12.07;900
20160128 102600;12.095;12.1;12.095;12.1;400
20160128 102800;12.1;12.1;12.1;12.1;200
20160128 103100;12.1;12.1;12.1;12.1;200
20160128 103200;12.08;12.08;12.03;12.03;1131
20160128 103300;12.04;12.04;12.04;12.04;200
20160128 103500;12.04;12.04;12.04;12.04;100
20160128 103700;12.03;12.03;12.02;12.02;2406
20160128 104300;12.02;12.02;12.02;12.02;100
20160128 105200;12.02;12.02;12.02;12.02;100
20160128 110100;12.02;12.02;12.02;12.02;100
20160128 110900;12.04;12.04;12.04;12.04;100
20160128 111200;12.03;12.03;12.03;12.03;300
20160128 112100;12.04;12.04;12.04;12.04;600
20160128 112500;12.03;12.03;12.03;12.03;100
20160128 112700;12.03;12.03;12.03;12.03;200
20160128 113500;12.03;12.03;12.02;12.02;490
20160128 114400;12.02;12.02;12.02;12.02;100
20160128 115400;12.02;12.02;12.02;12.02;100
20160128 120400;12.04;12.04;12.04;12.04;700
20160128 120800;12.03;12.03;12.03;12.03;300
20160128 121300;12.02;12.02;12.02;12.02;10100
20160128 121400;12.02;12.02;12.02;12.02;11400
20160128 121500;12.02;12.02;12.02;12.02;100
20160128 121600;12.02;12.02;12.02;12.02;15293
20160128 121700;12.04;12.04;12.04;12.04;100
20160128 122000;12.02;12.02;12.02;12.02;100
20160128 122300;12.04;12.04;12.04;12.04;1900
20160128 122600;12.05;12.05;12.05;12.05;100
20160128 123000;12.05;12.05;12.05;12.05;100
20160128 123500;12.05;12.05;12.05;12.05;1600
20160128 123700;12.05;12.05;12.05;12.05;100
20160128 124300;12.05;12.05;12.05;12.05;600
20160128 124500;12.05;12.05;12.05;12.05;100
20160128 125300;12.05;12.05;12.05;12.05;100
20160128 125400;12.04;12.04;12.04;12.04;100
20160128 125700;12.03;12.03;12.02;12.02;1700
20160128 130000;12.04;12.04;12.04;12.04;200
20160128 130400;12.03;12.03;12.03;12.03;100
20160128 130800;12.04;12.04;12.04;12.04;200
20160128 130900;12.04;12.04;12.04;12.04;100
20160128 131300;12.02;12.02;12.02;12.02;100
20160128 132200;12.02;12.02;12.02;12.02;5028
20160128 132500;12.02;12.02;12.02;12.02;100
20160128 132600;12.02;12.02;12.02;12.02;200
20160128 132700;12.02;12.02;12.02;12.02;100
20160128 133600;12.02;12.02;12.02;12.02;200
20160128 133700;12.03;12.04;12.03;12.04;600
20160128 134000;12.0301;12.0301;12.0301;12.0301;100
20160128 134100;12.03;12.03;12.03;12.03;100
20160128 134800;12.03;12.03;12.03;12.03;100
20160128 135300;12.03;12.03;12.02;12.02;1079
20160128 135500;12.02;12.02;12.02;12.02;100
20160128 140000;12.02;12.02;12.02;12.02;1100
20160128 140400;12.02;12.02;12.02;12.02;100
20160128 140700;12.03;12.03;12.03;12.03;175
20160128 141500;12.02;12.02;12.02;12.02;200
20160128 142300;12.02;12.02;12.02;12.02;100
20160128 142600;12.02;12.02;12.02;12.02;100
20160128 143100;12.03;12.0301;12.02;12.02;600
20160128 143900;12.0275;12.0275;12.0275;12.0275;100
20160128 144000;12.025;12.025;12.02;12.02;300
20160128 144100;12.02;12.02;12.02;12.02;6200
20160128 144400;12.02;12.02;12.02;12.02;100
20160128 144900;12.02;12.02;12.02;12.02;5100
20160128 145000;12.02;12.02;12.02;12.02;200
20160128 145300;12.02;12.02;12.02;12.02;100
20160128 145500;12.02;12.02;12.02;12.02;100
20160128 145900;12.02;12.02;12.02;12.02;100
20160128 150100;12.02;12.02;12.02;12.02;100
20160128 150400;12.02;12.02;12.02;12.02;300
20160128 150600;12.02;12.02;12.02;12.02;100
20160128 150700;12.02;12.02;12.02;12.02;400
20160128 150800;12.02;12.02;12.02;12.02;100
20160128 150900;12.02;12.02;12.02;12.02;200
20160128 151000;12.02;12.02;12;12;9000
20160128 151100;12;12;12;12;100
20160128 151200;11.99;11.99;11.99;11.99;100
20160128 151400;11.99;11.99;11.99;11.99;200
20160128 151500;11.98;11.98;11.98;11.98;860
20160128 151600;11.98;11.98;11.98;11.98;100
20160128 151900;11.98;11.98;11.98;11.98;100
20160128 152100;11.98;11.98;11.98;11.98;400
20160128 152200;11.99;11.99;11.99;11.99;100
20160128 152300;11.98;11.98;11.98;11.98;100
20160128 152500;11.99;11.99;11.98;11.98;400
20160128 152600;11.98;11.98;11.98;11.98;200
20160128 152800;11.99;11.99;11.99;11.99;100
20160128 152900;11.99;12.01;11.99;12.01;825
20160128 153300;11.99;11.99;11.99;11.99;100
20160128 153400;11.99;11.99;11.99;11.99;102
20160128 153800;11.99;11.99;11.99;11.99;220
20160128 153900;11.99;11.99;11.99;11.99;100
20160128 154200;11.99;11.99;11.99;11.99;400
20160128 154300;11.99;11.99;11.99;11.99;100
20160128 154400;11.99;11.99;11.99;11.99;200
20160128 154500;11.99;11.99;11.99;11.99;900
20160128 154900;11.99;11.99;11.99;11.99;200
20160128 155100;11.99;11.99;11.99;11.99;156
20160128 155200;11.99;11.99;11.99;11.99;426
20160128 155400;11.99;11.99;11.99;11.99;200
20160128 155500;11.99;11.99;11.99;11.99;100
20160128 155600;12;12;11.99;11.99;200
20160128 155700;11.99;11.99;11.99;11.99;100
20160128 155800;11.99;11.99;11.99;11.99;200
20160128 155900;11.99;11.99;11.99;11.99;100
20160128 160000;11.99;11.99;11.99;11.99;600
20160129 093600;12.03;12.04;12.03;12.04;1300
20160129 094100;12.03;12.03;12.03;12.03;100
20160129 094900;12.02;12.02;12.02;12.02;100
20160129 095100;12.03;12.03;12.01;12.03;300
20160129 095200;12.04;12.04;12.04;12.04;100
20160129 095300;12.01;12.01;12.01;12.01;100
20160129 095700;12.03;12.03;12.03;12.03;100
20160129 095900;12.03;12.03;12.03;12.03;100
20160129 100000;12.03;12.03;12.03;12.03;100
20160129 100100;12.01;12.01;12.01;12.01;100
20160129 100200;12.03;12.03;12.03;12.03;100
20160129 100700;12.03;12.03;12.03;12.03;100
20160129 100900;12.01;12.01;12.01;12.01;100
20160129 104100;12.03;12.03;12.01;12.01;400
20160129 105000;12.04;12.04;12.04;12.04;100
20160129 105100;12.03;12.03;12.02;12.02;200
20160129 105200;12.03;12.04;12.01;12.01;2313
20160129 105300;12.005;12.005;12;12;200
20160129 105400;12;12;12;12;200
20160129 110200;11.99;11.99;11.99;11.99;100
20160129 110400;12.01;12.01;12.01;12.01;100
20160129 110500;12.01;12.01;12.01;12.01;100
20160129 110600;12.01;12.03;12.01;12.03;1100
20160129 110700;12.03;12.03;12.03;12.03;200
20160129 110900;12.03;12.03;12.03;12.03;100
20160129 111800;12.03;12.04;12.03;12.04;200
20160129 112200;12.05;12.05;12.05;12.05;1700
20160129 112300;12.03;12.03;12.03;12.03;200
20160129 112400;12.0301;12.0301;12.03;12.03;700
20160129 112900;12.04;12.04;12.04;12.04;100
20160129 113700;12.03;12.03;12.03;12.03;500
20160129 113900;12.02;12.02;12.02;12.02;159
20160129 114500;12.03;12.03;12.03;12.03;200
20160129 114600;12.03;12.03;12.03;12.03;100
20160129 114700;12.03;12.03;12.03;12.03;200
20160129 115300;12.04;12.04;12.04;12.04;1300
20160129 115400;12.05;12.05;12.04;12.04;700
20160129 115500;12.03;12.04;12.03;12.04;200
20160129 115700;12.03;12.04;12.03;12.04;400
20160129 115800;12.04;12.04;12.04;12.04;100
20160129 115900;12.04;12.04;12.04;12.04;100
20160129 120900;12.04;12.04;12.04;12.04;500
20160129 121200;12.03;12.03;12.03;12.03;100
20160129 121300;12.03;12.03;12.03;12.03;200
20160129 121400;12.03;12.03;12.03;12.03;100
20160129 121700;12.03;12.03;12.02;12.02;200
20160129 121800;12.03;12.03;12.02;12.03;500
20160129 121900;12.03;12.03;12.02;12.02;300
20160129 122000;12.03;12.03;12.03;12.03;100
20160129 122100;12.04;12.04;12.02;12.04;1000
20160129 122200;12.03;12.03;12.03;12.03;100
20160129 122300;12.03;12.03;12.03;12.03;100
20160129 122400;12.02;12.02;12.02;12.02;100
20160129 122600;12.01;12.01;12.01;12.01;400
20160129 123000;12;12;12;12;100
20160129 123900;12;12;12;12;100
20160129 124000;11.99;11.99;11.99;11.99;100
20160129 124400;12.01;12.01;12;12;400
20160129 124500;12;12;12;12;200
20160129 124600;12;12;12;12;100
20160129 125400;12.01;12.01;12.005;12.01;400
20160129 125900;12.01;12.01;12.01;12.01;200
20160129 130300;12.01;12.01;12.01;12.01;100
20160129 131200;12.02;12.02;12.02;12.02;100
20160129 131400;12;12;12;12;100
20160129 132100;12.02;12.02;12.02;12.02;100
20160129 132200;12.02;12.02;12.01;12.01;200
20160129 132300;12.02;12.02;12.01;12.01;200
20160129 132400;12.01;12.02;12.01;12.02;300
20160129 132500;12.02;12.02;12.02;12.02;100
20160129 133000;12.02;12.02;12.02;12.02;100
20160129 135300;12.01;12.02;12.01;12.02;200
20160129 135400;12.02;12.03;12.02;12.02;300
20160129 140400;12.01;12.01;12.01;12.01;100
20160129 140700;12.02;12.02;12.02;12.02;100
20160129 140800;12.02;12.02;12.02;12.02;100
20160129 140900;12.01;12.01;12.01;12.01;100
20160129 141000;12.01;12.01;12.01;12.01;100
20160129 141600;12.0169;12.02;12.0169;12.02;229
20160129 141800;12.02;12.02;12.02;12.02;200
20160129 141900;12.02;12.02;12.02;12.02;100
20160129 142200;12.03;12.03;12.02;12.02;495
20160129 142400;12.0268;12.04;12.025;12.03;651
20160129 142800;12.03;12.03;12.03;12.03;100
20160129 142900;12.0301;12.0301;12.0301;12.0301;100
20160129 143000;12.02;12.02;12.02;12.02;100
20160129 143800;12.03;12.03;12.03;12.03;100
20160129 144600;12.02;12.02;12.02;12.02;100
20160129 145100;12.03;12.03;12.03;12.03;100
20160129 145900;12.02;12.03;12.02;12.03;200
20160129 150000;12.03;12.03;12.03;12.03;100
20160129 150100;12.03;12.03;12.03;12.03;100
20160129 150200;12.02;12.02;12.02;12.02;100
20160129 150400;12.03;12.03;12.03;12.03;100
20160129 150900;12.02;12.03;12.02;12.03;200
20160129 151000;12.03;12.03;12.03;12.03;100
20160129 151100;12.03;12.03;12.03;12.03;100
20160129 151600;12.03;12.03;12.03;12.03;100
20160129 151900;12.02;12.02;12.02;12.02;100
20160129 152000;12.02;12.02;12.02;12.02;100
20160129 152100;12.04;12.04;12.04;12.04;100
20160129 152200;12.03;12.03;12.03;12.03;100
20160129 152300;12.04;12.04;12.02;12.04;400
20160129 152400;12.03;12.04;12.03;12.03;300
20160129 152600;12.03;12.03;12.02;12.02;200
20160129 152800;12.02;12.02;12.02;12.02;100
20160129 153100;12.04;12.04;12.03;12.03;200
20160129 153300;12.02;12.02;12.02;12.02;100
20160129 153400;12.02;12.02;12.02;12.02;100
20160129 153500;12.04;12.04;12.02;12.025;300
20160129 153700;12.03;12.03;12.025;12.03;600
20160129 153800;12.03;12.03;12.03;12.03;200
20160129 153900;12.03;12.03;12.02;12.025;300
20160129 154100;12.03;12.03;12.03;12.03;100
20160129 154300;12.04;12.04;12.04;12.04;100
20160129 154400;12.04;12.04;12.04;12.04;100
20160129 154500;12.035;12.04;12.02;12.04;700
20160129 154600;12.04;12.04;12.03;12.03;676
20160129 154800;12.03;12.04;12.03;12.04;200
20160129 154900;12.04;12.04;12.03;12.04;700
20160129 155000;12.04;12.04;12.02;12.02;605
20160129 155100;12.04;12.04;12.02;12.04;1600
20160129 155300;12.035;12.04;12.035;12.04;200
20160129 155400;12.04;12.04;12.04;12.04;200
20160129 155500;12.035;12.05;12.035;12.04;800
20160129 155600;12.03;12.03;12.015;12.02;2813
20160129 155700;12.02;12.02;12.02;12.02;500
20160129 155800;12.02;12.02;12.02;12.02;400
20160129 155900;12.02;12.02;12.01;12.015;900
20160129 160000;12.01;12.02;12.01;12.02;3003
20160129 160200;12.02;12.02;12.02;12.02;8003
20160129 163500;12.02;12.02;12.02;12.02;7137
20160201 093700;12.01;12.01;12;12;1649
20160201 094800;12;12;12;12;100
20160201 094900;12;12;12;12;200
20160201 095000;12;12;12;12;300
20160201 095200;12;12;12;12;800
20160201 100300;12;12;12;12;2800
20160201 100500;12.01;12.01;12.01;12.01;100
20160201 100700;12;12.01;12;12.01;600
20160201 100800;12.01;12.01;12.01;12.01;100
20160201 102300;12.03;12.04;12.02;12.02;800
20160201 103500;12.04;12.04;12.04;12.04;100
20160201 103600;12.0301;12.0301;12.0301;12.0301;100
20160201 103700;12.0301;12.0301;12.0301;12.0301;100
20160201 103800;12.04;12.05;12.04;12.05;300
20160201 103900;12.04;12.04;12.03;12.03;300
20160201 104000;12.03;12.03;12.03;12.03;100
20160201 104100;12.03;12.03;12.03;12.03;100
20160201 104400;12.01;12.01;12.01;12.01;200
20160201 104500;12.02;12.02;12.02;12.02;100
20160201 104600;12.02;12.03;12.02;12.02;600
20160201 105800;12.03;12.03;12.03;12.03;100
20160201 110400;12.03;12.03;12.03;12.03;100
20160201 110800;12.05;12.07;12.02;12.05;1000
20160201 111400;12.05;12.05;12.05;12.05;100
20160201 111900;12.0301;12.0301;12.0301;12.0301;100
20160201 112000;12.035;12.035;12.03;12.03;300
20160201 112500;12.03;12.03;12.02;12.02;1499
20160201 112600;12.01;12.01;12.01;12.01;100
20160201 113000;12.015;12.015;12.015;12.015;100
20160201 113600;12.02;12.02;12.02;12.02;300
20160201 113800;12.02;12.02;12.02;12.02;100
20160201 114500;12.015;12.015;12.015;12.015;100
20160201 114800;12.01;12.01;12.01;12.01;100
20160201 115300;12.01;12.01;12.01;12.01;100
20160201 115600;12.02;12.02;12.02;12.02;1900
20160201 115700;12.01;12.01;12.01;12.01;1100
20160201 120500;12.015;12.015;12.015;12.015;100
20160201 120700;12.01;12.01;12.01;12.01;300
20160201 120900;12.02;12.02;12.02;12.02;100
20160201 121000;12.01;12.01;12.01;12.01;100
20160201 121400;12.015;12.015;12.015;12.015;100
20160201 122200;12;12;12;12;100
20160201 122500;12;12.01;12;12.01;477
20160201 123700;12.02;12.02;12.02;12.02;400
20160201 123800;12.02;12.02;12.02;12.02;400
20160201 124000;12.02;12.02;12.02;12.02;300
20160201 124100;12.015;12.015;12.015;12.015;500
20160201 124200;12.015;12.015;12.015;12.015;2400
20160201 124600;12.01;12.01;12.01;12.01;100
20160201 125100;12.02;12.02;12.02;12.02;100
20160201 125200;12.02;12.02;12.02;12.02;500
20160201 125300;12.02;12.02;12.02;12.02;300
20160201 125400;12.03;12.03;12.03;12.03;100
20160201 125600;12.03;12.03;12.03;12.03;100
20160201 125700;12.03;12.03;12.02;12.02;3290
20160201 130300;12.02;12.02;12.02;12.02;100
20160201 130400;12.0138;12.0138;12.0138;12.0138;1000
20160201 130600;12.02;12.02;12.02;12.02;900
20160201 130700;12.02;12.02;12.02;12.02;100
20160201 131100;12.02;12.02;12.01;12.015;1100
20160201 132100;12.02;12.02;12.02;12.02;100
20160201 132300;12.02;12.02;12.02;12.02;300
20160201 133000;12.015;12.02;12.015;12.02;400
20160201 135900;12.01;12.01;12.01;12.01;400
20160201 140000;12.015;12.015;12.015;12.015;300
20160201 140300;12.015;12.015;12.015;12.015;100
20160201 140600;12.02;12.03;12.02;12.03;700
20160201 141100;12.02;12.02;12.02;12.02;303
20160201 141900;12.02;12.02;12.02;12.02;1400
20160201 142100;12.03;12.03;12.03;12.03;400
20160201 142600;12.05;12.05;12.05;12.05;100
20160201 142700;12.04;12.04;12.04;12.04;100
20160201 142800;12.04;12.04;12.04;12.04;100
20160201 142900;12.03;12.03;12.03;12.03;100
20160201 143000;12.03;12.03;12.03;12.03;100
20160201 143100;12.035;12.035;12.035;12.035;600
20160201 143600;12.03;12.03;12.03;12.03;100
20160201 143700;12.05;12.05;12.05;12.05;500
20160201 143800;12.05;12.05;12.04;12.04;200
20160201 144200;12.0301;12.0301;12.0301;12.0301;100
20160201 144300;12.04;12.04;12.035;12.035;2600
20160201 144400;12.03;12.03;12.02;12.0201;3500
20160201 144500;12.02;12.0225;12.02;12.02;1500
20160201 145100;12.03;12.03;12.03;12.03;200
20160201 145200;12.03;12.04;12.025;12.04;580
20160201 145400;12.05;12.05;12.05;12.05;200
20160201 145700;12.05;12.05;12.05;12.05;100
20160201 145800;12.04;12.05;12.04;12.05;200
20160201 145900;12.05;12.05;12.05;12.05;300
20160201 150200;12.05;12.05;12.05;12.05;100
20160201 150400;12.04;12.04;12.04;12.04;100
20160201 150500;12.04;12.04;12.04;12.04;200
20160201 150600;12.04;12.04;12.04;12.04;200
20160201 150700;12.05;12.05;12.04;12.05;1000
20160201 150800;12.04;12.04;12.04;12.04;100
20160201 150900;12.04;12.04;12.04;12.04;100
20160201 151000;12.03;12.03;12.03;12.03;100
20160201 151100;12.03;12.03;12.03;12.03;100
20160201 151800;12.03;12.03;12.03;12.03;100
20160201 152200;12.05;12.05;12.05;12.05;400
20160201 152300;12.04;12.04;12.04;12.04;100
20160201 152400;12.03;12.03;12.03;12.03;100
20160201 152500;12.04;12.04;12.04;12.04;100
20160201 152600;12.03;12.03;12.03;12.03;100
20160201 153100;12.04;12.04;12.04;12.04;100
20160201 153300;12.03;12.04;12.03;12.03;5530
20160201 153400;12.03;12.03;12.03;12.03;116
20160201 153500;12.03;12.03;12.03;12.03;100
20160201 153600;12.02;12.02;12.02;12.02;100
20160201 153700;12.03;12.03;12.03;12.03;1100
20160201 153800;12.02;12.02;12.02;12.02;1433
20160201 153900;12.02;12.02;12.02;12.02;200
20160201 154000;12.02;12.02;12.02;12.02;200
20160201 154300;12.01;12.01;12.01;12.01;100
20160201 154500;12.01;12.01;12.01;12.01;100
20160201 154900;12.01;12.01;12.01;12.01;100
20160201 155100;12.02;12.02;12.02;12.02;300
20160201 155200;12.02;12.02;12.02;12.02;100
20160201 155300;12.01;12.01;12.01;12.01;100
20160201 155500;12.01;12.01;12.01;12.01;543
20160201 155600;12.01;12.01;12.01;12.01;100
20160201 155700;12.01;12.01;12.01;12.01;200
20160201 155800;12.01;12.01;12.01;12.01;200
20160201 155900;12.01;12.01;12;12;3597
20160201 160000;12;12;12;12;1775
20160201 160100;12.05;12.05;12.05;12.05;100
20160201 162200;12;12;12;12;691
20160202 084300;11.99;11.99;11.99;11.99;160
20160202 093300;12;12;12;12;100
20160202 093500;12;12;12;12;200
20160202 093600;12;12;12;12;100
20160202 093700;11.99;11.99;11.99;11.99;100
20160202 093800;11.99;11.99;11.99;11.99;1100
20160202 093900;11.99;11.99;11.99;11.99;300
20160202 100800;12.02;12.02;12.02;12.02;100
20160202 102900;12;12;12;12;100
20160202 103400;12;12;12;12;100
20160202 103700;11.99;12;11.99;11.99;1400
20160202 103900;11.99;11.99;11.99;11.99;300
20160202 104000;12;12;12;12;100
20160202 105900;12.01;12.01;12;12;700
20160202 111900;12;12;12;12;200
20160202 112600;12.01;12.01;11.99;11.99;400
20160202 114200;11.99;11.99;11.99;11.99;800
20160202 115000;11.99;11.99;11.99;11.99;400
20160202 115100;11.99;11.99;11.99;11.99;300
20160202 115500;11.99;11.99;11.99;11.99;100
20160202 120400;11.99;11.99;11.99;11.99;500
20160202 120500;11.995;11.995;11.995;11.995;100
20160202 120600;11.99;12;11.99;12;1820
20160202 120900;11.99;11.99;11.99;11.99;100
20160202 121100;11.99;11.99;11.99;11.99;100
20160202 121600;11.99;11.99;11.99;11.99;200
20160202 122400;11.99;11.99;11.99;11.99;100
20160202 122600;11.99;11.99;11.99;11.99;1200
20160202 123400;12;12;12;12;100
20160202 123700;11.99;11.99;11.99;11.99;100
20160202 125200;11.99;11.99;11.99;11.99;100
20160202 130300;12;12;12;12;801
20160202 130500;12;12;12;12;100
20160202 131100;12;12;12;12;200
20160202 131600;12;12;12;12;100
20160202 132300;11.99;11.99;11.99;11.99;200
20160202 132500;11.9922;11.9922;11.9922;11.9922;206
20160202 132800;12;12;12;12;300
20160202 133800;11.9999;11.9999;11.9999;11.9999;100
20160202 134200;11.99;11.99;11.99;11.99;100
20160202 134800;11.99;11.99;11.99;11.99;100
20160202 134900;11.99;11.99;11.99;11.99;300
20160202 135100;11.99;11.99;11.98;11.98;800
20160202 135700;11.98;11.98;11.98;11.98;1000
20160202 135800;11.98;11.98;11.98;11.98;100
20160202 140200;11.98;11.99;11.98;11.99;3000
20160202 140500;11.99;11.99;11.99;11.99;100
20160202 140800;11.98;11.98;11.98;11.98;300
20160202 141000;11.98;11.98;11.98;11.98;100
20160202 142100;11.98;11.98;11.98;11.98;100
20160202 142500;11.98;11.98;11.98;11.98;100
20160202 143400;11.98;11.98;11.98;11.98;100
20160202 143800;11.99;11.99;11.985;11.985;400
20160202 144500;11.98;11.98;11.98;11.98;200
20160202 144700;11.98;11.98;11.98;11.98;100
20160202 145300;11.99;11.99;11.99;11.99;1300
20160202 150000;11.99;11.99;11.99;11.99;100
20160202 150400;11.98;11.98;11.98;11.98;100
20160202 150500;11.98;11.98;11.98;11.98;300
20160202 150600;11.98;11.98;11.98;11.98;200
20160202 150800;11.98;11.98;11.98;11.98;900
20160202 151000;11.98;11.98;11.98;11.98;300
20160202 151600;11.98;11.98;11.98;11.98;100
20160202 152000;11.98;11.98;11.98;11.98;2300
20160202 152100;11.98;11.98;11.98;11.98;200
20160202 152200;11.98;11.98;11.98;11.98;694
20160202 152600;11.98;11.98;11.98;11.98;100
20160202 152900;11.98;11.98;11.98;11.98;100
20160202 153100;11.98;11.98;11.98;11.98;100
20160202 153300;11.98;11.98;11.98;11.98;200
20160202 153500;11.98;11.98;11.98;11.98;100
20160202 154100;11.98;11.99;11.98;11.99;1100
20160202 154400;11.99;11.99;11.99;11.99;100
20160202 154500;11.99;11.99;11.99;11.99;100
20160202 154600;11.99;11.99;11.99;11.99;300
20160202 154700;11.99;11.99;11.99;11.99;100
20160202 155000;11.99;11.99;11.99;11.99;100
20160202 155300;11.99;11.99;11.99;11.99;100
20160202 155400;11.99;11.99;11.99;11.99;100
20160202 155500;12;12;12;12;100
20160202 155600;11.99;11.99;11.99;11.99;100
20160202 155800;12;12;12;12;300
20160202 155900;11.99;11.9999;11.99;11.9999;200
20160202 160000;11.9999;12;11.99;12;1072
20160202 160300;11.99;11.99;11.99;11.99;134
20160202 160400;11.99;11.99;11.99;11.99;23
20160202 161400;11.99;11.99;11.99;11.99;11
20160202 163200;11.99;11.99;11.99;11.99;870
20160203 093600;12.04;12.04;12.04;12.04;400
20160203 094300;12.03;12.03;12.03;12.03;400
20160203 094400;12.02;12.02;12.02;12.02;100
20160203 094700;12.01;12.01;12.01;12.01;100
20160203 094800;12.03;12.03;12.03;12.03;100
20160203 095000;12.01;12.01;12.01;12.01;100
20160203 095200;12.03;12.03;12.03;12.03;100
20160203 095300;12.03;12.03;12.03;12.03;100
20160203 095400;12.01;12.01;12.01;12.01;100
20160203 095700;12.01;12.01;12.01;12.01;100
20160203 095800;12.01;12.01;12.01;12.01;100
20160203 095900;12.03;12.03;12.03;12.03;100
20160203 100400;12.01;12.01;12.01;12.01;100
20160203 100700;12.01;12.03;12.01;12.03;200
20160203 100800;12.01;12.01;12.01;12.01;603
20160203 100900;12.01;12.01;12.01;12.01;100
20160203 101100;12;12;12;12;100
20160203 101300;12;12.01;12;12.01;300
20160203 102100;12.02;12.02;12;12;800
20160203 102400;12.01;12.01;12;12;400
20160203 103400;11.99;11.99;11.99;11.99;1064
20160203 103500;11.99;11.99;11.99;11.99;2200
20160203 103600;11.99;12;11.99;11.99;1400
20160203 103700;12;12;12;12;100
20160203 103900;12.01;12.01;12.01;12.01;200
20160203 104400;12.01;12.01;12.01;12.01;100
20160203 104600;12;12;12;12;100
20160203 104700;11.99;11.99;11.99;11.99;100
20160203 105600;12.01;12.01;12.01;12.01;200
20160203 110100;12;12;12;12;100
20160203 110400;12;12;12;12;100
20160203 110900;11.99;11.99;11.99;11.99;100
20160203 111200;11.99;11.99;11.99;11.99;100
20160203 111800;11.99;12.01;11.99;12.01;200
20160203 112000;12.01;12.01;12.01;12.01;400
20160203 112400;12;12;12;12;100
20160203 112600;12;12;12;12;100
20160203 113200;11.99;11.99;11.99;11.99;100
20160203 113700;12;12;12;12;200
20160203 113900;12.01;12.01;12.01;12.01;300
20160203 114000;12.02;12.02;12.02;12.02;100
20160203 114100;12.02;12.02;12.02;12.02;200
20160203 114300;12.01;12.01;12.01;12.01;200
20160203 115200;12;12;12;12;100
20160203 115300;12;12;12;12;100
20160203 115400;11.99;11.99;11.99;11.99;1600
20160203 120000;11.99;11.99;11.99;11.99;100
20160203 121100;11.99;11.99;11.99;11.99;100
20160203 121300;11.99;11.99;11.99;11.99;100
20160203 122400;12.01;12.01;11.99;11.99;1000
20160203 122700;11.99;11.99;11.99;11.99;100
20160203 123300;11.99;11.99;11.99;11.99;100
20160203 123400;12.01;12.01;12.01;12.01;200
20160203 124600;11.99;11.99;11.99;11.99;100
20160203 124900;11.99;11.99;11.99;11.99;100
20160203 125200;12.01;12.01;12.01;12.01;100
20160203 125600;12.01;12.01;12.01;12.01;100
20160203 125900;12.01;12.01;12.01;12.01;100
20160203 130100;12.01;12.02;12.01;12.02;200
20160203 130400;12;12;12;12;100
20160203 131600;12;12;12;12;100
20160203 131800;12;12;12;12;100
20160203 132600;11.99;11.99;11.99;11.99;100
20160203 133200;11.99;11.99;11.99;11.99;1100
20160203 133800;11.99;11.99;11.99;11.99;300
20160203 133900;11.99;11.99;11.99;11.99;600
20160203 134000;11.99;11.99;11.99;11.99;200
20160203 134100;11.9909;11.9909;11.9909;11.9909;545
20160203 134500;11.99;11.99;11.99;11.99;100
20160203 135300;11.99;11.99;11.99;11.99;100
20160203 135400;11.99;11.99;11.99;11.99;100
20160203 135600;11.99;11.9948;11.99;11.99;521
20160203 135700;11.99;11.99;11.99;11.99;200
20160203 140500;11.99;11.99;11.99;11.99;200
20160203 140700;12;12;12;12;100
20160203 141300;11.99;11.99;11.99;11.99;100
20160203 141400;11.99;11.99;11.99;11.99;500
20160203 141700;11.99;11.99;11.99;11.99;100
20160203 142300;12;12;12;12;145
20160203 142400;11.99;11.99;11.99;11.99;100
20160203 142500;12;12;12;12;624
20160203 142600;12;12;12;12;100
20160203 142700;12;12;12;12;100
20160203 142800;12.01;12.01;12.01;12.01;200
20160203 143300;12.01;12.01;12;12;300
20160203 144600;12.01;12.01;12.01;12.01;300
20160203 145000;12.02;12.02;12.01;12.01;800
20160203 145100;12.01;12.01;12.01;12.01;200
20160203 145400;12.02;12.02;12.01;12.01;400
20160203 150000;12.02;12.02;12.01;12.01;1200
20160203 150200;12.01;12.01;12.01;12.01;100
20160203 150300;12.01;12.01;12.01;12.01;100
20160203 150700;12.01;12.01;12.01;12.01;100
20160203 150800;12.01;12.01;12.01;12.01;500
20160203 151000;12.01;12.01;12.01;12.01;100
20160203 151100;12.01;12.01;12.01;12.01;300
20160203 151700;12;12;12;12;300
20160203 152000;12;12;12;12;100
20160203 152200;12;12;12;12;400
20160203 152900;11.99;11.99;11.99;11.99;100
20160203 153000;11.99;12;11.99;11.99;2408
20160203 153600;11.995;12;11.995;12;300
20160203 153700;12;12.005;12;12;1100
20160203 153900;12;12;12;12;100
20160203 154200;12;12;12;12;100
20160203 154300;12;12;12;12;800
20160203 154400;12.005;12.005;12;12;200
20160203 154500;12;12.01;12;12.01;540
20160203 154600;12;12;12;12;100
20160203 155100;12;12;12;12;478
20160203 155200;12.01;12.01;12.01;12.01;200
20160203 155300;12;12;12;12;200
20160203 155500;12.01;12.01;12.01;12.01;600
20160203 155700;12;12;12;12;100
20160203 155800;12.01;12.01;12;12;200
20160203 155900;12;12.01;12;12;313
20160203 160000;12;12.01;12;12.01;1223
20160204 093400;12;12;12;12;100
20160204 093500;11.99;11.99;11.99;11.99;1800
20160204 093600;12;12;12;12;1100
20160204 093700;12;12;12;12;300
20160204 093800;12;12.04;12;12.04;200
20160204 093900;12.01;12.03;12.01;12.03;400
20160204 094300;12.01;12.01;12.01;12.01;200
20160204 094400;12;12;12;12;800
20160204 094500;11.99;11.99;11.99;11.99;2400
20160204 095100;11.99;11.99;11.99;11.99;2500
20160204 095400;12;12;12;12;200
20160204 095500;12;12;12;12;100
20160204 100100;11.99;11.99;11.99;11.99;200
20160204 100200;12;12;11.99;11.99;300
20160204 100300;12;12;12;12;600
20160204 100500;11.9999;11.9999;11.9999;11.9999;100
20160204 100600;12;12;12;12;1000
20160204 101300;12.01;12.01;12.01;12.01;300
20160204 101400;12.02;12.02;12.02;12.02;600
20160204 101500;12.02;12.02;12.02;12.02;200
20160204 101600;12.02;12.02;12.02;12.02;100
20160204 101800;12.02;12.02;12.02;12.02;300
20160204 101900;12;12;12;12;100
20160204 102000;12;12;12;12;200
20160204 104200;12;12;12;12;600
20160204 104700;12.02;12.02;12.02;12.02;300
20160204 104800;12.02;12.02;12.02;12.02;500
20160204 104900;12.02;12.02;12.02;12.02;200
20160204 105000;12.02;12.02;12.02;12.02;100
20160204 105100;12.01;12.01;12;12.01;400
20160204 105200;12.02;12.02;12.01;12.01;600
20160204 105300;12.015;12.015;12.015;12.015;100
20160204 110000;12.02;12.02;12.02;12.02;200
20160204 110100;12.02;12.02;12.02;12.02;100
20160204 110300;12.01;12.01;12.01;12.01;200
20160204 110500;12.02;12.02;12.02;12.02;200
20160204 110600;12.02;12.02;12.02;12.02;200
20160204 110700;12.02;12.02;12.01;12.01;1000
20160204 110800;12.02;12.02;12.02;12.02;200
20160204 111800;12.01;12.01;12.01;12.01;100
20160204 112000;12.01;12.01;12;12;1300
20160204 112100;12;12;12;12;520
20160204 114100;12;12;12;12;100
20160204 114700;12;12;12;12;100
20160204 120400;12.01;12.01;12;12;500
20160204 120500;12.01;12.01;12.01;12.01;100
20160204 120700;12;12.01;12;12.01;500
20160204 121000;12;12;12;12;1400
20160204 121100;12;12;12;12;200
20160204 121400;12;12.01;12;12.01;700
20160204 121500;12.01;12.01;12.01;12.01;100
20160204 121700;12;12.01;12;12.01;2300
20160204 121900;12.005;12.01;12.005;12.01;600
20160204 122000;12;12;12;12;1000
20160204 122100;12.01;12.01;12.01;12.01;200
20160204 122200;12.005;12.005;12;12;2000
20160204 122300;12.01;12.01;12.01;12.01;200
20160204 122400;12.01;12.01;12.01;12.01;800
20160204 122500;12;12.005;12;12;3967
20160204 122700;12;12;12;12;100
20160204 123800;12.005;12.005;12.005;12.005;300
20160204 124400;12;12.01;12;12.01;833
20160204 124500;12.01;12.01;12.01;12.01;684
20160204 124600;12;12.005;12;12.005;2912
20160204 124700;12.01;12.01;12;12;700
20160204 130900;12;12;12;12;100
20160204 131100;12.005;12.005;12.005;12.005;100
20160204 133000;12;12;12;12;300
20160204 133100;12.005;12.005;12.005;12.005;100
20160204 133900;12;12;12;12;100
20160204 134000;12.01;12.01;12.01;12.01;900
20160204 134600;12;12;12;12;100
20160204 134800;12;12;12;12;400
20160204 135000;12;12;12;12;200
20160204 135100;12;12;12;12;300
20160204 135400;12.005;12.005;12.005;12.005;100
20160204 140100;12;12;12;12;100
20160204 140500;12.01;12.01;12;12;500
20160204 140600;12;12;12;12;300
20160204 140900;12;12;12;12;493
20160204 141000;12.0018;12.0018;12.0018;12.0018;100
20160204 141100;12;12;12;12;100
20160204 141300;12;12;12;12;2700
20160204 142100;12;12;12;12;100
20160204 142400;12;12;12;12;100
20160204 142700;12;12;12;12;400
20160204 145500;11.99;11.99;11.99;11.99;100
20160204 145700;12;12;12;12;558
20160204 145800;12;12;12;12;100
20160204 145900;12;12;12;12;100
20160204 151500;12;12;12;12;300
20160204 152000;12;12;12;12;100
20160204 153200;11.99;11.99;11.99;11.99;500
20160204 153300;11.99;12;11.99;12;400
20160204 153500;11.99;11.99;11.99;11.99;130
20160204 153600;11.99;11.99;11.99;11.99;144
20160204 153700;11.99;11.99;11.99;11.99;120
20160204 153800;11.99;11.99;11.99;11.99;228
20160204 153900;12;12;12;12;100
20160204 154200;12;12;12;12;800
20160204 154300;12;12;12;12;200
20160204 154400;12;12;12;12;500
20160204 154500;12;12;12;12;285
20160204 155000;12.01;12.01;12.01;12.01;100
20160204 155100;12;12;12;12;200
20160204 155300;12;12;12;12;600
20160204 155400;12;12;12;12;1650
20160204 155500;12.0025;12.0025;12;12;300
20160204 155600;11.99;12;11.99;12;300
20160204 155800;12.01;12.01;12;12;232
20160204 155900;12;12.01;12;12.01;245
20160204 160000;11.99;11.9999;11.99;11.99;585
20160204 160300;11.99;11.99;11.99;11.99;379
20160204 163000;11.99;11.99;11.99;11.99;153
20160204 163100;11.99;11.99;11.99;11.99;166
20160205 093400;11.99;12;11.99;12;3300
20160205 095000;12.01;12.01;12.01;12.01;100
20160205 095700;12;12;12;12;100
20160205 095800;12;12;12;12;600
20160205 100500;12;12;12;12;100
20160205 101000;11.99;11.99;11.99;11.99;100
20160205 101600;12;12;12;12;100
20160205 101900;12;12;12;12;300
20160205 102400;12;12;12;12;300
20160205 103600;11.99;11.99;11.99;11.99;400
20160205 104100;11.99;12;11.99;12;200
20160205 104900;11.99;11.99;11.99;11.99;200
20160205 111700;11.99;11.99;11.99;11.99;423
20160205 111800;11.99;12;11.99;12;5300
20160205 111900;11.99;11.99;11.99;11.99;200
20160205 112100;11.99;11.99;11.99;11.99;1400
20160205 112200;12;12;12;12;100
20160205 113300;12;12;12;12;100
20160205 113500;11.99;11.99;11.99;11.99;200
20160205 113600;11.99;11.99;11.99;11.99;200
20160205 114000;11.99;11.99;11.99;11.99;100
20160205 120400;11.99;11.99;11.99;11.99;100
20160205 121600;11.99;11.99;11.99;11.99;200
20160205 121700;11.9951;11.9951;11.9951;11.9951;108
20160205 121900;11.99;11.99;11.99;11.99;231
20160205 122000;11.99;12;11.99;11.99;900
20160205 123000;11.99;11.99;11.99;11.99;100
20160205 123100;11.995;11.995;11.995;11.995;100
20160205 123900;12;12;12;12;300
20160205 124000;12;12;11.99;12;1708
20160205 125100;11.99;11.99;11.99;11.99;100
20160205 125400;11.99;11.99;11.99;11.99;100
20160205 125500;11.99;12;11.99;12;400
20160205 125600;12;12;12;12;600
20160205 130100;12.01;12.04;12.01;12.04;1300
20160205 130200;12;12.01;12;12.01;200
20160205 131400;12.03;12.03;12.03;12.03;808
20160205 132200;12;12;12;12;400
20160205 133800;12;12;12;12;500
20160205 140100;12.01;12.01;12.01;12.01;200
20160205 140300;12.01;12.01;12.01;12.01;100
20160205 140900;12;12;12;12;100
20160205 141300;12;12;12;12;100
20160205 142100;11.99;11.99;11.99;11.99;100
20160205 142200;11.99;11.99;11.99;11.99;200
20160205 142300;11.99;11.99;11.99;11.99;400
20160205 142400;11.99;11.99;11.99;11.99;100
20160205 142900;12.01;12.01;12.01;12.01;200
20160205 143000;12.01;12.01;12.01;12.01;200
20160205 143100;12.01;12.01;12.01;12.01;200
20160205 143700;12;12;12;12;400
20160205 144200;11.995;12;11.99;11.99;57700
20160205 144300;11.99;11.99;11.99;11.99;100
20160205 144400;11.99;11.99;11.99;11.99;100
20160205 144900;12;12;12;12;500
20160205 145000;12;12;12;12;1338
20160205 145600;12.01;12.01;12;12;1800
20160205 150000;12;12;12;12;100
20160205 150700;12;12;12;12;200
20160205 150800;12;12;12;12;100
20160205 151200;12;12;12;12;100
20160205 151700;12.02;12.02;12;12;200
20160205 152000;12;12;12;12;100
20160205 152100;11.99;11.99;11.99;11.99;100
20160205 152300;12;12;12;12;100
20160205 152600;12.01;12.01;12.01;12.01;100
20160205 152700;12;12;12;12;200
20160205 152800;12;12;12;12;100
20160205 152900;12.02;12.02;12.02;12.02;100
20160205 153000;12.01;12.01;12.01;12.01;100
20160205 153600;11.99;11.99;11.99;11.99;300
20160205 153700;11.99;11.99;11.99;11.99;2500
20160205 153800;11.99;11.99;11.99;11.99;100
20160205 153900;11.99;11.99;11.99;11.99;100
20160205 154100;12;12;11.99;11.99;300
20160205 154300;12;12;11.99;11.99;3300
20160205 154400;11.99;11.99;11.99;11.99;200
20160205 154500;11.99;11.99;11.99;11.99;1500
20160205 154600;12;12;11.99;11.99;300
20160205 154700;11.99;11.99;11.99;11.99;100
20160205 154900;11.99;12;11.99;11.99;1000
20160205 155000;12;12;12;12;300
20160205 155100;11.99;12;11.99;11.99;2800
20160205 155300;12;12;11.99;11.99;400
20160205 155400;12;12;12;12;700
20160205 155500;12;12;11.99;12;2690
20160205 155600;12;12;12;12;200
20160205 155800;12;12;12;12;200
20160205 155900;12;12;12;12;280
20160205 160000;12;12;11.99;11.99;4728
20160205 160300;11.99;11.99;11.99;11.99;209
20160205 164400;11.9924;11.9924;11.9924;11.9924;1992
