20160119 074500;6.44;6.44;6.44;6.44;500
20160119 080000;6.36;6.36;6.34;6.34;1000
20160119 093300;6.3;6.3;6.3;6.3;100
20160119 093600;6.32;6.32;6.32;6.32;100
20160119 093700;6.1905;6.2339;6.1905;6.2339;955
20160119 093800;6.15;6.15;6.15;6.15;100
20160119 094400;6.18;6.18;6.18;6.18;1200
20160119 094600;6.1207;6.1207;6.1207;6.1207;120
20160119 094700;6.132;6.132;6.119;6.119;451
20160119 094800;6.14;6.26;6.14;6.26;400
20160119 095100;6.22;6.22;6.22;6.22;100
20160119 095500;6.15;6.15;6.143;6.143;700
20160119 095700;6.2088;6.2088;6.2088;6.2088;3000
20160119 100600;6.25;6.25;6.25;6.25;100
20160119 101800;6.29;6.29;6.29;6.29;150
20160119 103000;6.22;6.22;6.22;6.22;100
20160119 103400;6.19;6.19;6.1401;6.1401;2300
20160119 103500;6.12;6.12;6.12;6.12;200
20160119 103800;6.12;6.12;6.12;6.12;200
20160119 103900;6.11;6.11;6.11;6.11;200
20160119 105300;6.09;6.09;6.08;6.08;400
20160119 110300;6.0301;6.0301;6.0301;6.0301;825
20160119 110400;6.0799;6.08;6.0799;6.08;800
20160119 110600;6.08;6.08;6.08;6.08;100
20160119 111000;6.0899;6.09;6.0899;6.09;300
20160119 111800;6.07;6.07;6.07;6.07;300
20160119 111900;6.06;6.06;6.06;6.06;100
20160119 113000;6.06;6.06;6.05;6.06;1400
20160119 113600;6.0601;6.0601;6.06;6.06;1700
20160119 114000;6.07;6.07;6.07;6.07;100
20160119 114100;6.06;6.06;6.06;6.06;100
20160119 114800;6.07;6.07;6.07;6.07;100
20160119 115000;6.05;6.05;6.05;6.05;340
20160119 115400;6.04;6.05;6.04;6.0423;3196
20160119 115700;6.05;6.05;6.05;6.05;200
20160119 115900;6.06;6.11;6.06;6.08;1600
20160119 120000;6.11;6.11;6.09;6.09;200
20160119 120100;6.08;6.08;6.08;6.08;100
20160119 120200;6.05;6.05;6.05;6.05;500
20160119 120500;6.06;6.09;6.05;6.09;1200
20160119 122200;6.04;6.04;6.04;6.04;100
20160119 122300;6.04;6.04;6.04;6.04;600
20160119 123300;6.07;6.07;6.07;6.07;200
20160119 123700;6.0401;6.05;6;6.05;2683
20160119 123800;6.0116;6.0116;6.01;6.01;1600
20160119 124000;6.01;6.01;6.01;6.01;600
20160119 124400;6.0206;6.0206;6.0206;6.0206;300
20160119 125500;6;6;6;6;100
20160119 125800;6.02;6.02;6.02;6.02;200
20160119 130100;6.02;6.02;6.02;6.02;100
20160119 130500;6.02;6.06;6.01;6.055;900
20160119 131000;6.0301;6.0301;6.0301;6.0301;1050
20160119 131200;6.02;6.02;6.02;6.02;300
20160119 131700;6.011;6.02;6.011;6.02;300
20160119 131800;6.03;6.03;6.03;6.03;100
20160119 132100;6.03;6.03;6.03;6.03;200
20160119 132300;6.03;6.03;6.03;6.03;200
20160119 132600;6.04;6.04;6.04;6.04;100
20160119 134300;6.04;6.04;6.04;6.04;100
20160119 134600;6.01;6.01;5.85;5.92;5739
20160119 134900;5.94;5.94;5.94;5.94;100
20160119 135300;5.91;5.9102;5.91;5.9102;5600
20160119 135400;5.875;5.88;5.85;5.86;2600
20160119 135500;5.87;5.87;5.87;5.87;300
20160119 135600;5.87;5.89;5.87;5.89;500
20160119 140000;5.8769;5.8769;5.8769;5.8769;100
20160119 140200;5.885;5.885;5.88;5.88;300
20160119 140400;5.88;5.88;5.88;5.88;100
20160119 140700;5.88;5.89;5.88;5.89;500
20160119 140900;5.87;5.87;5.87;5.87;100
20160119 141300;5.8896;5.8896;5.8896;5.8896;1000
20160119 142300;5.86;5.8953;5.86;5.8953;5300
20160119 142400;5.88;5.88;5.88;5.88;100
20160119 143000;5.888;5.888;5.888;5.888;700
20160119 143300;5.9;5.9;5.9;5.9;200
20160119 143400;5.91;5.93;5.91;5.93;600
20160119 143700;5.91;5.91;5.91;5.91;500
20160119 143800;5.91;5.91;5.91;5.91;400
20160119 143900;5.91;5.91;5.91;5.91;200
20160119 144100;5.9;5.9;5.9;5.9;250
20160119 144300;5.91;5.91;5.91;5.91;795
20160119 144600;5.9;5.9;5.9;5.9;275
20160119 145400;5.92;5.92;5.902;5.902;200
20160119 145600;5.92;5.92;5.9;5.91;1535
20160119 145800;5.92;5.92;5.92;5.92;100
20160119 150200;5.94;5.95;5.94;5.95;200
20160119 151000;5.9291;5.9291;5.9291;5.9291;300
20160119 151100;5.91;5.91;5.91;5.91;600
20160119 151200;5.91;5.94;5.91;5.91;1000
20160119 151500;5.91;5.91;5.91;5.91;200
20160119 151700;5.91;5.91;5.91;5.91;100
20160119 151800;5.88;5.88;5.88;5.88;100
20160119 151900;5.91;5.92;5.91;5.92;600
20160119 152200;5.8994;5.8994;5.8994;5.8994;407
20160119 152600;5.91;5.91;5.91;5.91;1500
20160119 152900;5.91;5.91;5.89;5.907;2600
20160119 153000;5.88;5.91;5.87;5.91;2400
20160119 153100;5.89;5.89;5.89;5.89;200
20160119 153700;5.92;5.92;5.91;5.91;200
20160119 153900;5.9;5.9;5.9;5.9;200
20160119 154000;5.92;5.92;5.92;5.92;200
20160119 154200;5.9;5.9;5.9;5.9;100
20160119 154400;5.91;5.91;5.91;5.91;100
20160119 154500;5.92;5.92;5.91;5.91;600
20160119 154600;5.9185;5.92;5.91;5.92;1000
20160119 154700;5.922;5.922;5.922;5.922;100
20160119 155000;5.94;5.94;5.94;5.94;100
20160119 155200;5.92;5.92;5.92;5.92;800
20160119 155300;5.92;5.92;5.92;5.92;200
20160119 155500;5.92;5.92;5.92;5.92;100
20160119 155600;5.92;5.92;5.92;5.92;100
20160119 155700;5.92;5.92;5.92;5.92;200
20160119 155800;5.9289;5.9289;5.9289;5.9289;100
20160119 155900;5.93;5.93;5.93;5.93;100
20160119 160000;5.92;5.92;5.89;5.89;1200
20160120 093400;5.78;5.85;5.7;5.85;12183
20160120 093600;5.763;5.763;5.763;5.763;1000
20160120 093800;5.7101;5.825;5.71;5.7764;7400
20160120 093900;5.72;5.72;5.6;5.6;11000
20160120 094400;5.75;5.75;5.75;5.75;100
20160120 094700;5.69;5.69;5.69;5.69;100
20160120 094900;5.69;5.712;5.69;5.712;1100
20160120 095200;5.66;5.71;5.66;5.71;3700
20160120 095900;5.6;5.6;5.6;5.6;491
20160120 100100;5.5894;5.5894;5.5894;5.5894;300
20160120 100500;5.55;5.55;5.55;5.55;100
20160120 100600;5.55;5.554;5.51;5.54;2000
20160120 100700;5.57;5.61;5.568;5.6;7587
20160120 100800;5.6;5.6;5.6;5.6;100
20160120 101000;5.5502;5.5502;5.55;5.55;400
20160120 101300;5.507;5.507;5.507;5.507;200
20160120 101500;5.542;5.542;5.542;5.542;400
20160120 101600;5.54;5.54;5.54;5.54;281
20160120 101700;5.51;5.54;5.46;5.46;3762
20160120 102000;5.51;5.51;5.51;5.51;100
20160120 102500;5.44;5.4488;5.33;5.39;11370
20160120 102900;5.3762;5.3762;5.3762;5.3762;300
20160120 103000;5.384;5.384;5.384;5.384;1100
20160120 103100;5.3899;5.3899;5.3;5.3;4300
20160120 103200;5.2856;5.2856;5.2856;5.2856;1000
20160120 103300;5.3132;5.3132;5.3132;5.3132;1000
20160120 103500;5.3;5.36;5.3;5.36;2000
20160120 103900;5.315;5.315;5.315;5.315;1425
20160120 104300;5.27;5.32;5.14;5.19;11810
20160120 104500;5.1899;5.19;5.18;5.19;2967
20160120 104600;5.15;5.1588;5.15;5.1588;1900
20160120 105100;5.14;5.14;5.14;5.14;100
20160120 105300;5.1547;5.1547;5.1547;5.1547;168
20160120 105400;5.11;5.11;5.11;5.11;200
20160120 105600;5.1499;5.1499;5.1499;5.1499;200
20160120 105700;5.1412;5.1412;5.1412;5.1412;500
20160120 105800;5.15;5.19;5.145;5.19;800
20160120 105900;5.14;5.14;5.1;5.1;2200
20160120 110000;5.1;5.21;5.1;5.1;1200
20160120 110100;5.184;5.184;5.12;5.1299;320
20160120 110200;5.1999;5.1999;5.1999;5.1999;200
20160120 110300;5.0616;5.17;5.0616;5.17;4300
20160120 110400;5.17;5.17;5.17;5.17;378
20160120 110500;5.18;5.18;5.18;5.18;100
20160120 110900;5.189;5.189;5.189;5.189;100
20160120 111000;5.15;5.15;5.15;5.15;100
20160120 111100;5.1132;5.1132;5.1132;5.1132;200
20160120 111200;5.2;5.2;5.18;5.18;595
20160120 111300;5.19;5.19;5.18;5.18;500
20160120 111400;5.12;5.23;5.12;5.23;3000
20160120 111500;5.23;5.23;5.23;5.23;500
20160120 111600;5.32;5.32;5.32;5.32;100
20160120 111700;5.3;5.38;5.3;5.3542;1150
20160120 111800;5.28;5.28;5.28;5.28;100
20160120 111900;5.3182;5.38;5.28;5.36;1950
20160120 112000;5.29;5.2996;5.29;5.2996;200
20160120 112200;5.17;5.2;5.148;5.148;2100
20160120 112300;5.2535;5.2535;5.2535;5.2535;1500
20160120 112500;5.27;5.27;5.27;5.27;200
20160120 112700;5.2425;5.2425;5.2425;5.2425;1000
20160120 112800;5.26;5.29;5.26;5.27;1100
20160120 112900;5.3;5.35;5.3;5.33;900
20160120 113000;5.35;5.35;5.26;5.26;600
20160120 113100;5.26;5.35;5.26;5.35;200
20160120 113200;5.35;5.356;5.35;5.356;1200
20160120 113300;5.29;5.29;5.29;5.29;100
20160120 113600;5.31;5.35;5.3025;5.34;2600
20160120 113700;5.29;5.29;5.29;5.29;200
20160120 113800;5.2698;5.2698;5.2698;5.2698;220
20160120 113900;5.25;5.34;5.25;5.34;1100
20160120 114000;5.34;5.35;5.34;5.34;1600
20160120 114600;5.322;5.322;5.322;5.322;500
20160120 115000;5.308;5.308;5.308;5.308;100
20160120 115100;5.2701;5.2701;5.2701;5.2701;1300
20160120 115200;5.342;5.342;5.342;5.342;1000
20160120 115400;5.295;5.34;5.295;5.33;1600
20160120 115600;5.34;5.34;5.34;5.34;200
20160120 115900;5.2676;5.2676;5.2676;5.2676;200
20160120 120100;5.33;5.33;5.33;5.33;200
20160120 120700;5.297;5.297;5.29;5.29;250
20160120 120800;5.28;5.28;5.28;5.28;700
20160120 121400;5.271;5.2946;5.271;5.2946;2699
20160120 121500;5.33;5.33;5.28;5.29;300
20160120 121700;5.3097;5.3097;5.28;5.28;5200
20160120 122100;5.33;5.33;5.33;5.33;100
20160120 122500;5.3171;5.3171;5.3171;5.3171;700
20160120 122700;5.3091;5.3091;5.3091;5.3091;120
20160120 122800;5.33;5.33;5.33;5.33;100
20160120 123000;5.2988;5.31;5.2901;5.31;581
20160120 123400;5.329;5.329;5.329;5.329;100
20160120 123500;5.2901;5.2901;5.2901;5.2901;550
20160120 123900;5.29;5.29;5.29;5.29;100
20160120 124300;5.29;5.29;5.29;5.29;700
20160120 124500;5.3;5.3;5.3;5.3;400
20160120 125000;5.2919;5.2919;5.2919;5.2919;1136
20160120 125500;5.302;5.302;5.302;5.302;300
20160120 125600;5.3;5.3;5.3;5.3;100
20160120 125800;5.31;5.31;5.31;5.31;100
20160120 125900;5.3;5.3;5.2982;5.2982;1400
20160120 130200;5.31;5.31;5.31;5.31;100
20160120 130400;5.326;5.326;5.326;5.326;300
20160120 130900;5.29;5.29;5.29;5.29;100
20160120 131100;5.3195;5.33;5.3;5.33;2104
20160120 131300;5.32;5.32;5.32;5.32;297
20160120 131600;5.3122;5.3122;5.3122;5.3122;188
20160120 132100;5.31;5.32;5.31;5.32;1500
20160120 132400;5.34;5.34;5.34;5.34;200
20160120 132500;5.324;5.324;5.324;5.324;175
20160120 132800;5.3352;5.37;5.3352;5.37;1400
20160120 132900;5.39;5.4;5.39;5.4;200
20160120 133000;5.3899;5.3899;5.3899;5.3899;1300
20160120 133200;5.36;5.36;5.36;5.36;300
20160120 133300;5.35;5.35;5.35;5.35;100
20160120 134100;5.3363;5.3363;5.3363;5.3363;2000
20160120 134300;5.34;5.34;5.34;5.34;100
20160120 134400;5.36;5.36;5.36;5.36;300
20160120 134500;5.39;5.39;5.39;5.39;200
20160120 134800;5.42;5.42;5.42;5.42;100
20160120 134900;5.4069;5.4069;5.4069;5.4069;2700
20160120 135100;5.37;5.3862;5.37;5.3862;400
20160120 135300;5.3601;5.375;5.36;5.375;7700
20160120 135700;5.3823;5.3823;5.3823;5.3823;500
20160120 135800;5.39;5.39;5.39;5.39;200
20160120 135900;5.4;5.42;5.4;5.42;1100
20160120 140000;5.4101;5.44;5.4101;5.44;4675
20160120 141000;5.44;5.44;5.44;5.44;100
20160120 141200;5.4399;5.44;5.4399;5.44;700
20160120 141300;5.44;5.44;5.44;5.44;100
20160120 141400;5.5;5.54;5.5;5.52;1660
20160120 141500;5.53;5.53;5.53;5.53;200
20160120 141900;5.54;5.54;5.54;5.54;100
20160120 142700;5.5;5.5;5.5;5.5;100
20160120 142900;5.5;5.5;5.5;5.5;800
20160120 143100;5.49;5.49;5.49;5.49;251
20160120 143600;5.4601;5.4601;5.46;5.46;600
20160120 143900;5.49;5.49;5.49;5.49;100
20160120 144000;5.49;5.49;5.49;5.49;400
20160120 145500;5.5;5.5;5.5;5.5;100
20160120 145600;5.47;5.47;5.47;5.47;100
20160120 145900;5.4898;5.4898;5.4898;5.4898;2000
20160120 150100;5.47;5.47;5.47;5.47;100
20160120 150500;5.49;5.49;5.49;5.49;200
20160120 150700;5.49;5.5;5.49;5.5;700
20160120 151500;5.5;5.5;5.5;5.5;100
20160120 151700;5.5;5.5;5.5;5.5;800
20160120 152200;5.5366;5.54;5.5366;5.54;700
20160120 152600;5.535;5.548;5.535;5.548;300
20160120 152700;5.538;5.54;5.53;5.54;800
20160120 152900;5.5301;5.5301;5.5301;5.5301;1000
20160120 153300;5.54;5.55;5.53;5.539;610
20160120 153400;5.53;5.53;5.51;5.51;1200
20160120 153500;5.5;5.5;5.5;5.5;600
20160120 153600;5.49;5.49;5.49;5.49;200
20160120 153800;5.52;5.52;5.52;5.52;100
20160120 154100;5.5221;5.5221;5.52;5.52;1200
20160120 154200;5.52;5.52;5.52;5.52;500
20160120 154300;5.5142;5.5142;5.5142;5.5142;300
20160120 154800;5.51;5.51;5.51;5.51;100
20160120 154900;5.51;5.51;5.47;5.47;5200
20160120 155100;5.48;5.48;5.48;5.48;100
20160120 155200;5.48;5.48;5.48;5.48;500
20160120 155400;5.4705;5.4743;5.4705;5.4743;400
20160120 155600;5.48;5.49;5.48;5.49;600
20160120 155700;5.48;5.48;5.48;5.48;141
20160120 155800;5.48;5.48;5.48;5.48;100
20160120 155900;5.489;5.489;5.47;5.47;2600
20160120 160000;5.47;5.47;5.47;5.47;2400
20160121 093400;5.5528;5.56;5.5528;5.56;1482
20160121 093800;5.56;5.56;5.554;5.56;1000
20160121 094200;5.541;5.541;5.541;5.541;2000
20160121 094300;5.521;5.521;5.521;5.521;500
20160121 094600;5.5001;5.5001;5.5001;5.5001;3600
20160121 094700;5.5;5.52;5.5;5.51;3175
20160121 094800;5.5;5.51;5.5;5.51;4400
20160121 095300;5.53;5.54;5.53;5.54;300
20160121 095600;5.53;5.54;5.53;5.54;300
20160121 095700;5.54;5.54;5.54;5.54;100
20160121 100000;5.58;5.58;5.58;5.58;100
20160121 100100;5.59;5.62;5.59;5.62;300
20160121 100800;5.6295;5.6295;5.6295;5.6295;3000
20160121 100900;5.63;5.64;5.63;5.64;600
20160121 101000;5.64;5.67;5.64;5.67;260
20160121 101100;5.6438;5.6438;5.6438;5.6438;800
20160121 101400;5.72;5.78;5.69;5.69;5400
20160121 101500;5.7;5.7;5.69;5.69;200
20160121 101700;5.69;5.69;5.69;5.69;100
20160121 101800;5.76;5.78;5.752;5.78;2100
20160121 101900;5.73;5.73;5.73;5.73;100
20160121 102200;5.73;5.73;5.73;5.73;200
20160121 102300;5.7;5.7;5.7;5.7;100
20160121 102500;5.7;5.71;5.7;5.71;300
20160121 102600;5.71;5.71;5.7001;5.7001;900
20160121 102900;5.7;5.7;5.7;5.7;100
20160121 103300;5.71;5.71;5.71;5.71;100
20160121 103600;5.73;5.73;5.73;5.73;200
20160121 103800;5.74;5.74;5.74;5.74;200
20160121 104100;5.71;5.71;5.71;5.71;100
20160121 104800;5.7898;5.8399;5.7898;5.82;3600
20160121 104900;5.8;5.8;5.8;5.8;100
20160121 105100;5.83;5.83;5.83;5.83;200
20160121 105400;5.83;5.83;5.58;5.7636;4235
20160121 105500;5.75;5.75;5.75;5.75;400
20160121 105600;5.74;5.74;5.74;5.74;100
20160121 105700;5.77;5.77;5.77;5.77;200
20160121 110000;5.74;5.74;5.74;5.74;200
20160121 110200;5.69;5.71;5.69;5.7001;900
20160121 110300;5.71;5.72;5.71;5.72;300
20160121 110500;5.7612;5.7612;5.73;5.73;600
20160121 110900;5.675;5.675;5.675;5.675;100
20160121 111500;5.73;5.75;5.73;5.75;400
20160121 111700;5.7201;5.7201;5.7201;5.7201;700
20160121 112200;5.6801;5.6801;5.6801;5.6801;300
20160121 112300;5.68;5.68;5.68;5.68;100
20160121 112400;5.68;5.68;5.675;5.675;200
20160121 112500;5.68;5.71;5.68;5.7;900
20160121 112700;5.6601;5.6601;5.6601;5.6601;100
20160121 113000;5.6201;5.6201;5.6201;5.6201;200
20160121 113100;5.66;5.7;5.66;5.67;850
20160121 113300;5.71;5.71;5.67;5.67;287
20160121 113400;5.69;5.69;5.69;5.69;100
20160121 113700;5.69;5.69;5.69;5.69;100
20160121 113800;5.69;5.69;5.69;5.69;100
20160121 114300;5.68;5.68;5.68;5.68;100
20160121 114600;5.68;5.68;5.68;5.68;100
20160121 114800;5.68;5.68;5.68;5.68;100
20160121 114900;5.68;5.68;5.68;5.68;100
20160121 115600;5.71;5.71;5.71;5.71;200
20160121 120300;5.75;5.75;5.75;5.75;100
20160121 121600;5.7;5.7;5.7;5.7;100
20160121 122900;5.7232;5.7232;5.7232;5.7232;500
20160121 123200;5.73;5.73;5.72;5.72;200
20160121 123800;5.7177;5.7179;5.7;5.7;2500
20160121 125300;5.6901;5.6901;5.6901;5.6901;200
20160121 125900;5.7;5.7;5.7;5.7;200
20160121 130900;5.6962;5.6962;5.6962;5.6962;1000
20160121 131000;5.69;5.69;5.69;5.69;200
20160121 131400;5.68;5.68;5.68;5.68;100
20160121 132400;5.605;5.605;5.605;5.605;100
20160121 132500;5.62;5.62;5.62;5.62;100
20160121 132700;5.61;5.61;5.58;5.58;6650
20160121 132800;5.58;5.58;5.58;5.58;200
20160121 133100;5.56;5.56;5.56;5.56;200
20160121 133700;5.55;5.55;5.55;5.55;100
20160121 135200;5.58;5.58;5.57;5.57;300
20160121 135900;5.57;5.57;5.57;5.57;100
20160121 140000;5.5699;5.5699;5.5699;5.5699;1000
20160121 140300;5.58;5.58;5.58;5.58;300
20160121 140700;5.55;5.55;5.55;5.55;100
20160121 141400;5.5501;5.5501;5.5501;5.5501;100
20160121 142100;5.5599;5.56;5.555;5.56;1200
20160121 142700;5.58;5.58;5.58;5.58;100
20160121 143000;5.56;5.56;5.56;5.56;100
20160121 143400;5.5501;5.5501;5.55;5.5501;2116
20160121 143600;5.5303;5.5303;5.5303;5.5303;3000
20160121 143900;5.535;5.535;5.535;5.535;100
20160121 144000;5.535;5.54;5.5301;5.5339;6102
20160121 144400;5.54;5.54;5.535;5.54;300
20160121 145100;5.54;5.54;5.54;5.54;100
20160121 145500;5.54;5.54;5.54;5.54;100
20160121 145600;5.54;5.54;5.54;5.54;100
20160121 145900;5.58;5.58;5.58;5.58;100
20160121 150200;5.53;5.53;5.53;5.53;100
20160121 150800;5.55;5.55;5.55;5.55;100
20160121 151100;5.56;5.56;5.56;5.56;100
20160121 151400;5.56;5.56;5.56;5.56;100
20160121 152000;5.5581;5.5581;5.5581;5.5581;200
20160121 152200;5.56;5.56;5.56;5.56;100
20160121 153000;5.531;5.55;5.53;5.54;3500
20160121 153100;5.54;5.54;5.54;5.54;300
20160121 153200;5.54;5.54;5.54;5.54;200
20160121 153300;5.57;5.57;5.57;5.57;100
20160121 154200;5.56;5.56;5.56;5.56;100
20160121 154700;5.56;5.56;5.55;5.56;500
20160121 154800;5.56;5.56;5.56;5.56;100
20160121 154900;5.55;5.55;5.5488;5.55;1300
20160121 155100;5.56;5.56;5.56;5.56;100
20160121 155600;5.54;5.54;5.54;5.54;100
20160121 155700;5.54;5.54;5.54;5.54;400
20160121 155800;5.53;5.54;5.53;5.535;2560
20160121 155900;5.54;5.56;5.54;5.56;900
20160121 160000;5.53;5.56;5.53;5.56;200
20160122 093000;5.68;5.68;5.68;5.68;600
20160122 093500;5.6201;5.704;5.6201;5.704;459
20160122 093700;5.6802;5.6802;5.6802;5.6802;2000
20160122 093900;5.72;5.72;5.6901;5.6901;300
20160122 094100;5.7;5.7;5.69;5.69;200
20160122 095000;5.71;5.71;5.71;5.71;100
20160122 095100;5.7;5.7;5.7;5.7;400
20160122 095200;5.7;5.7;5.7;5.7;100
20160122 095400;5.71;5.71;5.71;5.71;200
20160122 095600;5.72;5.72;5.72;5.72;100
20160122 095800;5.75;5.7589;5.75;5.755;1100
20160122 095900;5.76;5.82;5.76;5.82;300
20160122 100000;5.82;5.82;5.82;5.82;100
20160122 100200;5.8235;5.8235;5.8235;5.8235;500
20160122 100600;5.81;5.82;5.81;5.82;800
20160122 100700;5.83;5.83;5.83;5.83;300
20160122 100800;5.84;5.84;5.83;5.83;200
20160122 101300;5.87;5.87;5.87;5.87;300
20160122 101600;5.87;5.87;5.86;5.86;408
20160122 101800;5.88;5.88;5.88;5.88;300
20160122 101900;5.8806;5.8806;5.8806;5.8806;100
20160122 102100;5.87;5.87;5.77;5.77;1000
20160122 102200;5.85;5.85;5.85;5.85;400
20160122 102800;5.85;5.85;5.85;5.85;200
20160122 103100;5.8301;5.8301;5.8301;5.8301;400
20160122 103300;5.8379;5.8379;5.83;5.83;950
20160122 103400;5.81;5.82;5.81;5.82;300
20160122 103600;5.8101;5.8101;5.8101;5.8101;250
20160122 103800;5.82;5.82;5.82;5.82;100
20160122 104100;5.88;5.88;5.88;5.88;100
20160122 104200;5.88;5.88;5.88;5.88;100
20160122 104300;5.86;5.86;5.81;5.81;900
20160122 104400;5.78;5.81;5.78;5.808;500
20160122 104500;5.83;5.83;5.83;5.83;500
20160122 105800;5.7601;5.7601;5.7601;5.7601;200
20160122 105900;5.78;5.82;5.78;5.78;500
20160122 110100;5.79;5.79;5.79;5.79;100
20160122 110700;5.79;5.79;5.79;5.79;100
20160122 110800;5.78;5.78;5.78;5.78;100
20160122 111100;5.77;5.77;5.77;5.77;600
20160122 111400;5.75;5.75;5.75;5.75;300
20160122 111600;5.75;5.7501;5.75;5.7501;1488
20160122 111800;5.76;5.76;5.76;5.76;200
20160122 111900;5.789;5.789;5.789;5.789;100
20160122 112100;5.78;5.78;5.76;5.76;1390
20160122 112900;5.75;5.75;5.75;5.75;100
20160122 113600;5.77;5.77;5.77;5.77;100
20160122 113800;5.79;5.79;5.79;5.79;100
20160122 115000;5.75;5.75;5.75;5.75;400
20160122 115100;5.78;5.78;5.78;5.78;200
20160122 115500;5.782;5.782;5.782;5.782;100
20160122 115800;5.7704;5.7704;5.75;5.75;1100
20160122 120000;5.7768;5.7768;5.7768;5.7768;175
20160122 120100;5.79;5.81;5.79;5.81;200
20160122 120200;5.81;5.81;5.81;5.81;100
20160122 120800;5.76;5.76;5.76;5.76;200
20160122 121100;5.79;5.79;5.79;5.79;200
20160122 121400;5.8021;5.8021;5.76;5.76;1474
20160122 121600;5.78;5.78;5.78;5.78;200
20160122 123100;5.79;5.79;5.79;5.79;100
20160122 123300;5.79;5.79;5.79;5.79;100
20160122 123400;5.79;5.79;5.79;5.79;100
20160122 123900;5.79;5.83;5.79;5.83;1200
20160122 124100;5.82;5.82;5.82;5.82;100
20160122 124500;5.83;5.83;5.83;5.83;100
20160122 124600;5.83;5.83;5.83;5.83;100
20160122 125700;5.83;5.83;5.83;5.83;100
20160122 130100;5.83;5.83;5.83;5.83;200
20160122 130600;5.85;5.85;5.85;5.85;100
20160122 130800;5.85;5.85;5.85;5.85;100
20160122 130900;5.85;5.85;5.85;5.85;100
20160122 131900;5.85;5.85;5.85;5.85;100
20160122 132000;5.85;5.85;5.85;5.85;200
20160122 132700;5.87;5.91;5.87;5.91;1000
20160122 133100;5.9;5.9;5.9;5.9;100
20160122 133300;5.91;5.91;5.91;5.91;100
20160122 133500;5.9;5.9;5.9;5.9;200
20160122 134600;5.86;5.86;5.86;5.86;100
20160122 135100;5.88;5.88;5.88;5.88;100
20160122 135400;5.89;5.93;5.89;5.9189;1100
20160122 135700;5.88;5.88;5.88;5.88;100
20160122 140000;5.8801;5.8801;5.8801;5.8801;200
20160122 140100;5.91;5.91;5.91;5.91;100
20160122 140200;5.9289;5.9289;5.9289;5.9289;1000
20160122 140300;5.93;5.93;5.93;5.93;100
20160122 140500;5.93;5.93;5.93;5.93;400
20160122 141300;5.9;5.9;5.89;5.89;200
20160122 141600;5.9;5.93;5.9;5.92;1200
20160122 141900;5.93;5.93;5.93;5.93;500
20160122 142000;5.95;5.96;5.95;5.96;200
20160122 142300;5.92;5.92;5.92;5.92;400
20160122 142400;5.92;5.92;5.92;5.92;100
20160122 142500;5.9;5.9;5.9;5.9;200
20160122 142600;5.87;5.894;5.87;5.894;376
20160122 143600;5.89;5.89;5.89;5.89;100
20160122 144000;5.88;5.88;5.87;5.87;200
20160122 144100;5.85;5.85;5.85;5.85;100
20160122 144800;5.86;5.86;5.86;5.86;100
20160122 144900;5.87;5.87;5.87;5.87;100
20160122 145000;5.855;5.855;5.855;5.855;100
20160122 145500;5.86;5.86;5.86;5.86;100
20160122 145600;5.88;5.88;5.88;5.88;100
20160122 150100;5.909;5.909;5.909;5.909;181
20160122 150300;5.89;5.89;5.87;5.87;1230
20160122 150500;5.87;5.91;5.87;5.91;200
20160122 150900;5.87;5.87;5.87;5.87;100
20160122 151000;5.9;5.9;5.8883;5.8883;515
20160122 151300;5.9;5.9;5.9;5.9;100
20160122 151800;5.87;5.87;5.87;5.87;100
20160122 152000;5.9;5.9;5.9;5.9;100
20160122 152100;5.87;5.87;5.87;5.87;300
20160122 152200;5.8701;5.8701;5.8701;5.8701;100
20160122 152400;5.871;5.871;5.871;5.871;200
20160122 152800;5.89;5.89;5.87;5.87;300
20160122 153500;5.87;5.8711;5.87;5.8711;200
20160122 153600;5.88;5.88;5.88;5.88;100
20160122 154700;5.88;5.88;5.88;5.88;100
20160122 154800;5.89;5.89;5.88;5.88;575
20160122 155000;5.88;5.88;5.88;5.88;100
20160122 155100;5.89;5.89;5.89;5.89;100
20160122 155400;5.881;5.885;5.881;5.885;200
20160122 155500;5.89;5.89;5.88;5.88;200
20160122 155700;5.89;5.89;5.89;5.89;100
20160122 155800;5.89;5.89;5.885;5.89;600
20160122 155900;5.9;5.92;5.9;5.92;1100
20160122 160000;5.91;5.91;5.89;5.89;835
20160125 094100;5.87;5.87;5.87;5.87;100
20160125 094600;5.79;5.82;5.79;5.82;500
20160125 095100;5.79;5.79;5.779;5.779;300
20160125 095200;5.82;5.82;5.82;5.82;100
20160125 095300;5.81;5.81;5.81;5.81;100
20160125 095400;5.84;5.84;5.84;5.84;700
20160125 100000;5.8799;5.88;5.8799;5.88;900
20160125 100200;5.94;5.94;5.94;5.94;100
20160125 100300;5.86;5.86;5.86;5.86;100
20160125 100800;5.91;5.91;5.91;5.91;100
20160125 101300;5.88;5.88;5.85;5.8501;500
20160125 101800;5.88;5.92;5.88;5.92;200
20160125 102000;5.918;5.918;5.918;5.918;400
20160125 102400;5.91;5.91;5.9;5.9;200
20160125 102900;5.846;5.846;5.846;5.846;100
20160125 104300;5.83;5.838;5.75;5.82;8704
20160125 104600;5.8199;5.8199;5.8199;5.8199;600
20160125 104700;5.8199;5.8199;5.8199;5.8199;500
20160125 104800;5.8199;5.8199;5.8199;5.8199;1500
20160125 110300;5.8;5.8;5.8;5.8;100
20160125 110600;5.76;5.76;5.76;5.76;200
20160125 110700;5.79;5.79;5.79;5.79;200
20160125 110800;5.78;5.78;5.78;5.78;600
20160125 112800;5.8;5.8;5.8;5.8;200
20160125 113100;5.82;5.82;5.82;5.82;100
20160125 114900;5.81;5.81;5.81;5.81;100
20160125 115000;5.78;5.78;5.67;5.71;2905
20160125 115200;5.75;5.75;5.75;5.75;200
20160125 115800;5.73;5.73;5.73;5.73;500
20160125 115900;5.75;5.75;5.75;5.75;100
20160125 120600;5.7207;5.7207;5.7207;5.7207;260
20160125 120800;5.72;5.73;5.7;5.7;1600
20160125 120900;5.68;5.68;5.68;5.68;500
20160125 121100;5.7;5.7;5.7;5.7;100
20160125 121200;5.68;5.68;5.66;5.66;300
20160125 122200;5.76;5.76;5.76;5.76;100
20160125 130000;5.74;5.74;5.74;5.74;100
20160125 130500;5.71;5.71;5.71;5.71;299
20160125 130600;5.71;5.71;5.71;5.71;100
20160125 130700;5.71;5.71;5.71;5.71;400
20160125 131100;5.7;5.7;5.7;5.7;100
20160125 131200;5.7;5.7;5.7;5.7;200
20160125 132400;5.7099;5.71;5.7099;5.71;600
20160125 132800;5.71;5.71;5.7003;5.7003;200
20160125 133000;5.72;5.72;5.72;5.72;100
20160125 133200;5.71;5.71;5.69;5.69;946
20160125 133600;5.72;5.72;5.72;5.72;200
20160125 133900;5.73;5.73;5.73;5.73;100
20160125 134300;5.73;5.75;5.73;5.75;2000
20160125 135700;5.7399;5.7399;5.7399;5.7399;200
20160125 140200;5.74;5.74;5.74;5.74;100
20160125 141300;5.712;5.712;5.712;5.712;150
20160125 142000;5.7234;5.7234;5.7234;5.7234;200
20160125 143000;5.7013;5.7013;5.7013;5.7013;610
20160125 143200;5.7;5.7;5.7;5.7;400
20160125 143600;5.71;5.77;5.71;5.77;800
20160125 143800;5.76;5.76;5.76;5.76;100
20160125 144500;5.73;5.73;5.73;5.73;100
20160125 145000;5.76;5.76;5.73;5.73;200
20160125 145900;5.7599;5.7599;5.7599;5.7599;402
20160125 151800;5.72;5.72;5.72;5.72;100
20160125 152000;5.7;5.71;5.7;5.71;300
20160125 152500;5.7;5.7;5.7;5.7;1600
20160125 152900;5.7;5.7;5.7;5.7;100
20160125 153100;5.7;5.7;5.7;5.7;500
20160125 153200;5.7;5.7;5.7;5.7;100
20160125 153500;5.7;5.7;5.7;5.7;1100
20160125 153600;5.7;5.7016;5.7;5.7;500
20160125 153700;5.7;5.7016;5.7;5.7016;400
20160125 153900;5.7;5.7;5.7;5.7;400
20160125 154100;5.7;5.71;5.7;5.71;300
20160125 154200;5.7;5.7;5.7;5.7;100
20160125 154500;5.7;5.7;5.7;5.7;500
20160125 154600;5.7;5.7;5.7;5.7;400
20160125 154700;5.7;5.7;5.7;5.7;100
20160125 154900;5.7;5.7;5.68;5.68;1176
20160125 155000;5.67;5.67;5.67;5.67;100
20160125 155100;5.618;5.618;5.618;5.618;200
20160125 155200;5.618;5.618;5.613;5.615;1100
20160125 155300;5.6264;5.6264;5.6264;5.6264;100
20160125 155400;5.6264;5.6264;5.6264;5.6264;100
20160125 155500;5.62;5.63;5.58;5.62;1100
20160125 155600;5.6;5.6;5.59;5.59;480
20160125 155700;5.59;5.6;5.59;5.6;669
20160125 155800;5.6;5.6;5.6;5.6;300
20160125 160000;5.6;5.61;5.59;5.6;1706
20160126 093300;5.57;5.58;5.53;5.58;400
20160126 093400;5.5899;5.7;5.5899;5.7;1879
20160126 093600;5.63;5.63;5.63;5.63;200
20160126 093800;5.7099;5.7099;5.7099;5.7099;200
20160126 094100;5.71;5.71;5.71;5.71;100
20160126 094700;5.674;5.674;5.674;5.674;200
20160126 100000;5.8;5.8;5.8;5.8;100
20160126 100100;5.75;5.75;5.74;5.74;300
20160126 101300;5.75;5.75;5.75;5.75;100
20160126 101900;5.78;5.78;5.78;5.78;200
20160126 102200;5.76;5.76;5.76;5.76;400
20160126 102300;5.79;5.79;5.79;5.79;100
20160126 102500;5.7834;5.7834;5.7834;5.7834;1000
20160126 102700;5.79;5.79;5.79;5.79;300
20160126 102800;5.81;5.81;5.81;5.81;100
20160126 103000;5.76;5.76;5.76;5.76;1156
20160126 103100;5.75;5.81;5.75;5.81;500
20160126 103300;5.81;5.81;5.81;5.81;300
20160126 103500;5.81;5.81;5.81;5.81;1000
20160126 103700;5.83;5.83;5.82;5.82;300
20160126 103800;5.8;5.8;5.8;5.8;100
20160126 104100;5.82;5.82;5.7801;5.7801;900
20160126 104600;5.78;5.78;5.78;5.78;100
20160126 104900;5.78;5.78;5.68;5.68;500
20160126 105000;5.73;5.76;5.726;5.75;700
20160126 110100;5.78;5.78;5.77;5.77;200
20160126 110200;5.76;5.7603;5.72;5.7603;2400
20160126 110300;5.704;5.704;5.69;5.69;700
20160126 110500;5.7299;5.7499;5.7299;5.74;1700
20160126 110600;5.73;5.73;5.73;5.73;400
20160126 110800;5.7399;5.7399;5.7365;5.7365;334
20160126 111200;5.73;5.7305;5.73;5.73;2901
20160126 111600;5.7399;5.7399;5.7399;5.7399;300
20160126 112100;5.74;5.74;5.74;5.74;400
20160126 113100;5.79;5.79;5.79;5.79;120
20160126 113400;5.78;5.78;5.78;5.78;100
20160126 113500;5.77;5.77;5.77;5.77;100
20160126 113900;5.78;5.78;5.78;5.78;100
20160126 114200;5.7105;5.7105;5.7105;5.7105;300
20160126 114600;5.77;5.77;5.77;5.77;100
20160126 115300;5.7646;5.7646;5.7646;5.7646;199
20160126 120100;5.78;5.78;5.78;5.78;100
20160126 120200;5.78;5.78;5.78;5.78;500
20160126 120300;5.78;5.78;5.78;5.78;300
20160126 120800;5.78;5.78;5.78;5.78;100
20160126 121300;5.7601;5.7601;5.7601;5.7601;530
20160126 122000;5.8199;5.8199;5.8199;5.8199;400
20160126 123100;5.85;5.85;5.85;5.85;100
20160126 123300;5.8401;5.8401;5.8401;5.8401;1380
20160126 123700;5.89;5.89;5.89;5.89;100
20160126 125000;5.84;5.84;5.84;5.84;100
20160126 130000;5.8604;5.8604;5.8604;5.8604;1715
20160126 130500;5.874;5.874;5.874;5.874;100
20160126 130700;5.8401;5.8401;5.8401;5.8401;700
20160126 131100;5.8646;5.8646;5.8646;5.8646;200
20160126 131300;5.87;5.87;5.87;5.87;100
20160126 131900;5.87;5.87;5.87;5.87;200
20160126 132000;5.89;5.89;5.89;5.89;418
20160126 132100;5.84;5.84;5.84;5.84;100
20160126 133000;5.82;5.82;5.82;5.82;100
20160126 133100;5.83;5.83;5.83;5.83;100
20160126 133200;5.84;5.84;5.84;5.84;303
20160126 135400;5.8114;5.8114;5.8114;5.8114;100
20160126 135600;5.85;5.85;5.85;5.85;100
20160126 135900;5.82;5.82;5.82;5.82;100
20160126 140200;5.82;5.82;5.82;5.82;100
20160126 142700;5.84;5.84;5.84;5.84;100
20160126 143900;5.83;5.88;5.83;5.88;400
20160126 144600;5.9;5.9;5.9;5.9;100
20160126 150100;5.9;5.9;5.9;5.9;100
20160126 151400;5.859;5.859;5.859;5.859;100
20160126 152000;5.89;5.89;5.85;5.85;1154
20160126 152200;5.81;5.81;5.81;5.81;100
20160126 152400;5.78;5.78;5.78;5.78;100
20160126 153100;5.81;5.81;5.81;5.81;100
20160126 153600;5.8;5.8;5.8;5.8;168
20160126 153800;5.772;5.772;5.772;5.772;200
20160126 154100;5.8;5.82;5.8;5.82;507
20160126 154200;5.81;5.81;5.81;5.81;200
20160126 154300;5.81;5.81;5.81;5.81;100
20160126 154700;5.81;5.81;5.81;5.81;100
20160126 155200;5.8;5.8;5.8;5.8;200
20160126 155600;5.81;5.81;5.81;5.81;100
20160126 155800;5.82;5.82;5.82;5.82;100
20160126 155900;5.81;5.81;5.81;5.81;120
20160126 160000;5.8;5.81;5.8;5.81;700
20160127 093200;5.827;5.827;5.827;5.827;147
20160127 094200;5.8499;5.8499;5.8499;5.8499;145
20160127 094400;5.85;5.85;5.85;5.85;100
20160127 094800;5.77;5.77;5.77;5.77;100
20160127 095100;5.7899;5.79;5.78;5.78;800
20160127 095700;5.7571;5.7571;5.7571;5.7571;100
20160127 095900;5.7023;5.7023;5.7023;5.7023;190
20160127 100300;5.79;5.79;5.79;5.79;100
20160127 101900;5.8696;5.8696;5.8696;5.8696;745
20160127 102600;5.818;5.818;5.818;5.818;300
20160127 102800;5.76;5.76;5.76;5.76;100
20160127 103400;5.71;5.71;5.71;5.71;100
20160127 103500;5.72;5.72;5.72;5.72;100
20160127 103700;5.7501;5.7501;5.7501;5.7501;1425
20160127 104100;5.79;5.8399;5.7899;5.8399;700
20160127 104600;5.84;5.84;5.84;5.84;700
20160127 104800;5.8501;5.8501;5.84;5.84;20647
20160127 105100;5.8401;5.8401;5.8401;5.8401;400
20160127 105200;5.858;5.858;5.858;5.858;100
20160127 105400;5.86;5.86;5.86;5.86;100
20160127 105700;5.84;5.84;5.84;5.84;700
20160127 105900;5.8101;5.8101;5.7601;5.7601;915
20160127 111000;5.8199;5.8199;5.8199;5.8199;124
20160127 112800;5.84;5.84;5.84;5.84;100
20160127 114200;5.79;5.79;5.79;5.79;100
20160127 115400;5.78;5.78;5.78;5.78;100
20160127 120500;5.82;5.82;5.82;5.82;400
20160127 121500;5.81;5.81;5.81;5.81;150
20160127 122400;5.81;5.81;5.81;5.81;200
20160127 122500;5.8001;5.81;5.8001;5.81;200
20160127 123500;5.8;5.8;5.8;5.8;300
20160127 123600;5.8;5.8;5.8;5.8;100
20160127 125000;5.79;5.79;5.79;5.79;100
20160127 125500;5.79;5.79;5.79;5.79;400
20160127 125600;5.79;5.79;5.79;5.79;200
20160127 131400;5.7999;5.7999;5.7999;5.7999;100
20160127 132000;5.78;5.78;5.78;5.78;200
20160127 132800;5.8;5.92;5.8;5.92;11925
20160127 133000;5.87;5.87;5.87;5.87;100
20160127 135200;5.87;5.87;5.87;5.87;100
20160127 141700;5.82;5.82;5.82;5.82;100
20160127 143000;5.84;5.84;5.84;5.84;300
20160127 143200;5.84;5.84;5.8301;5.84;1000
20160127 143600;5.85;5.85;5.85;5.85;100
20160127 143900;5.8201;5.8201;5.8201;5.8201;200
20160127 145200;5.821;5.821;5.821;5.821;100
20160127 145500;5.821;5.822;5.82;5.822;1000
20160127 145600;5.82;5.82;5.82;5.82;300
20160127 145700;5.82;5.83;5.82;5.83;300
20160127 145900;5.84;5.84;5.84;5.84;300
20160127 150200;5.85;5.85;5.85;5.85;800
20160127 150600;5.82;5.82;5.82;5.82;100
20160127 151200;5.8;5.8;5.8;5.8;100
20160127 151500;5.8;5.81;5.8;5.8;500
20160127 152200;5.801;5.803;5.8;5.8;4900
20160127 152300;5.8;5.8;5.8;5.8;100
20160127 152400;5.8;5.8;5.8;5.8;100
20160127 153500;5.82;5.82;5.82;5.82;100
20160127 153600;5.82;5.82;5.82;5.82;200
20160127 154000;5.82;5.82;5.82;5.82;200
20160127 154600;5.81;5.81;5.81;5.81;100
20160127 155500;5.85;5.85;5.85;5.85;100
20160127 155600;5.84;5.84;5.84;5.84;100
20160127 155700;5.84;5.84;5.84;5.84;400
20160127 155800;5.84;5.84;5.84;5.84;100
20160127 155900;5.85;5.85;5.85;5.85;200
20160127 160000;5.84;5.85;5.84;5.85;1000
20160128 080500;5.8;5.8;5.8;5.8;442
20160128 093800;5.95;5.95;5.95;5.95;100
20160128 094300;5.98;5.98;5.9595;5.9595;913
20160128 095300;6;6;6;6;1100
20160128 095600;6.06;6.06;5.973;5.973;600
20160128 100100;6.0556;6.09;6.0475;6.09;3112
20160128 100500;6.08;6.08;6.08;6.08;100
20160128 100800;6.0899;6.0899;6.0899;6.0899;200
20160128 100900;6.0505;6.0505;6.0505;6.0505;300
20160128 101300;6.0301;6.0301;6.0301;6.0301;200
20160128 102900;6.02;6.04;6.02;6.04;200
20160128 103200;6.015;6.07;6.015;6.07;400
20160128 103800;6.08;6.08;6.08;6.08;100
20160128 104400;6.0799;6.0799;6.0799;6.0799;200
20160128 104600;6.04;6.04;6.04;6.04;100
20160128 105500;6.02;6.02;6.02;6.02;300
20160128 105900;6.04;6.04;6.04;6.04;292
20160128 110700;6.0543;6.0543;6.05;6.05;366
20160128 111600;6.09;6.1;6.0812;6.1;900
20160128 111800;6.1;6.1;6.1;6.1;100
20160128 112600;6.14;6.14;6.14;6.14;200
20160128 112900;6.17;6.17;6.17;6.17;100
20160128 113000;6.115;6.14;6.1;6.14;500
20160128 113100;6.12;6.12;6.1;6.1;696
20160128 113200;6.12;6.145;6.12;6.145;200
20160128 113300;6.1;6.12;6.08;6.08;1300
20160128 113400;6.1;6.1;6.1;6.1;500
20160128 113500;6.13;6.14;6.1;6.1;300
20160128 114000;6.1;6.1;6.1;6.1;500
20160128 114700;6.1;6.1;6.09;6.09;200
20160128 115000;6.13;6.13;6.13;6.13;100
20160128 115900;6.1;6.1;6.1;6.1;100
20160128 120000;6.09;6.09;6.09;6.09;200
20160128 120300;6.08;6.08;6.08;6.08;100
20160128 120900;6.12;6.12;6.1;6.1;200
20160128 124300;6.07;6.07;6.07;6.07;100
20160128 124600;6.12;6.12;6.11;6.11;300
20160128 124700;6.1;6.1;6.1;6.1;100
20160128 125400;6.061;6.061;6.061;6.061;500
20160128 130000;6.07;6.07;6.07;6.07;100
20160128 133600;6.0701;6.0701;6.0701;6.0701;2825
20160128 135800;6.0798;6.0798;6.0798;6.0798;200
20160128 140000;6.1;6.1;6.1;6.1;100
20160128 140100;6.085;6.085;6.07;6.07;200
20160128 140600;6.1;6.1;6.1;6.1;100
20160128 141400;6.08;6.08;6.08;6.08;100
20160128 141500;6.1;6.1;6.1;6.1;100
20160128 143000;6.0801;6.0801;6.0801;6.0801;183
20160128 143200;6.09;6.09;6.09;6.09;100
20160128 143700;6.1;6.1;6.07;6.1;400
20160128 143900;6.11;6.11;6.11;6.11;300
20160128 144600;6.0801;6.0801;6.08;6.08;1100
20160128 145000;6.07;6.07;6.07;6.07;400
20160128 150000;6.078;6.078;6.078;6.078;1000
20160128 150100;6.07;6.07;6.07;6.07;262
20160128 150800;6.07;6.07;6.07;6.07;700
20160128 151700;6.03;6.07;6.03;6.03;732
20160128 151800;6.05;6.0692;6.05;6.0692;200
20160128 151900;6.07;6.08;6.07;6.08;200
20160128 152200;6.06;6.06;6.06;6.06;100
20160128 152300;6.08;6.08;6.08;6.08;100
20160128 153100;6.07;6.09;6.07;6.09;820
20160128 153400;6.07;6.08;6.07;6.08;300
20160128 153500;6.09;6.09;6.09;6.09;100
20160128 154100;6.085;6.085;6.085;6.085;100
20160128 154400;6.08;6.08;6.08;6.08;410
20160128 154500;6.08;6.08;6.08;6.08;220
20160128 154800;6.09;6.09;6.08;6.0825;1180
20160128 155100;6.0648;6.0648;6.0648;6.0648;100
20160128 155200;6.0648;6.09;6.0648;6.09;200
20160128 155500;6.08;6.09;6.07;6.07;300
20160128 155700;6.08;6.08;6.08;6.08;100
20160128 155900;6.0899;6.09;6.0899;6.09;400
20160128 160000;6.09;6.09;6.08;6.08;552
20160129 093800;6.21;6.21;6.21;6.21;160
20160129 093900;6.165;6.165;6.16;6.16;2000
20160129 094000;6.16;6.16;6.14;6.15;2635
20160129 094100;6.14;6.14;6.14;6.14;100
20160129 094200;6.16;6.16;6.16;6.16;100
20160129 094400;6.2;6.2;6.15;6.15;300
20160129 094700;6.2398;6.2398;6.2;6.2;1000
20160129 094800;6.209;6.209;6.209;6.209;1000
20160129 095000;6.1958;6.1958;6.1958;6.1958;160
20160129 095200;6.21;6.21;6.21;6.21;100
20160129 095400;6.16;6.16;6.16;6.16;200
20160129 100100;6.2;6.2;6.2;6.2;100
20160129 100900;6.19;6.19;6.18;6.18;1210
20160129 101000;6.18;6.18;6.18;6.18;190
20160129 101400;6.19;6.19;6.18;6.18;400
20160129 102100;6.2;6.21;6.18;6.18;500
20160129 103000;6.226;6.226;6.226;6.226;200
20160129 104400;6.22;6.22;6.22;6.22;100
20160129 104500;6.2;6.2;6.2;6.2;2450
20160129 104600;6.2;6.2;6.19;6.19;300
20160129 105300;6.18;6.18;6.18;6.18;300
20160129 105400;6.2;6.2;6.2;6.2;700
20160129 105600;6.2264;6.2264;6.2264;6.2264;365
20160129 110100;6.22;6.22;6.2;6.22;305
20160129 110600;6.23;6.23;6.23;6.23;500
20160129 111000;6.225;6.225;6.225;6.225;100
20160129 111900;6.21;6.213;6.176;6.213;3890
20160129 112300;6.211;6.211;6.18;6.18;3205
20160129 112700;6.18;6.18;6.18;6.18;200
20160129 113000;6.171;6.171;6.17;6.17;1100
20160129 113600;6.111;6.14;6.111;6.14;1500
20160129 113700;6.17;6.17;6.17;6.17;100
20160129 113900;6.18;6.19;6.18;6.19;500
20160129 114100;6.23;6.23;6.23;6.23;200
20160129 114200;6.22;6.22;6.19;6.2;600
20160129 114700;6.2;6.2;6.2;6.2;700
20160129 114800;6.2199;6.2199;6.2199;6.2199;1000
20160129 115400;6.21;6.21;6.21;6.21;100
20160129 115500;6.2199;6.22;6.19;6.19;1800
20160129 120300;6.21;6.21;6.21;6.21;100
20160129 120800;6.19;6.19;6.19;6.19;767
20160129 121100;6.2047;6.2047;6.2047;6.2047;500
20160129 121600;6.191;6.194;6.191;6.194;1000
20160129 121800;6.2199;6.23;6.21;6.215;2900
20160129 121900;6.24;6.24;6.23;6.23;1000
20160129 122000;6.23;6.23;6.23;6.23;100
20160129 122100;6.24;6.24;6.24;6.24;100
20160129 122200;6.24;6.25;6.24;6.25;200
20160129 122500;6.24;6.2409;6.22;6.22;2400
20160129 122600;6.2;6.2;6.18;6.18;1900
20160129 123500;6.1995;6.1995;6.1995;6.1995;100
20160129 123800;6.21;6.21;6.21;6.21;200
20160129 124400;6.2;6.2;6.2;6.2;2200
20160129 124500;6.2;6.2;6.2;6.2;200
20160129 124600;6.21;6.21;6.21;6.21;100
20160129 125400;6.21;6.21;6.2;6.2;400
20160129 125500;6.2;6.2;6.2;6.2;100
20160129 130000;6.21;6.21;6.195;6.2;5300
20160129 130100;6.2;6.2;6.2;6.2;500
20160129 130200;6.1978;6.1978;6.1978;6.1978;5500
20160129 130300;6.2;6.22;6.1978;6.1978;2600
20160129 132200;6.225;6.225;6.205;6.205;325
20160129 132500;6.205;6.205;6.205;6.205;800
20160129 133300;6.2086;6.2086;6.2086;6.2086;630
20160129 134000;6.19;6.19;6.19;6.19;1200
20160129 134100;6.19;6.19;6.19;6.19;400
20160129 134200;6.2;6.2;6.18;6.18;1000
20160129 134300;6.189;6.19;6.18;6.18;1900
20160129 134700;6.18;6.18;6.18;6.18;200
20160129 142100;6.18;6.18;6.14;6.14;300
20160129 142500;6.1799;6.1799;6.1799;6.1799;1400
20160129 142600;6.15;6.15;6.15;6.15;100
20160129 142800;6.18;6.18;6.18;6.18;400
20160129 143000;6.1874;6.1874;6.1874;6.1874;675
20160129 143900;6.18;6.18;6.18;6.18;100
20160129 145100;6.16;6.16;6.16;6.16;100
20160129 145800;6.21;6.21;6.21;6.21;100
20160129 145900;6.17;6.17;6.17;6.17;100
20160129 151000;6.19;6.19;6.19;6.19;200
20160129 151600;6.23;6.23;6.23;6.23;100
20160129 151700;6.18;6.18;6.18;6.18;180
20160129 151900;6.198;6.198;6.198;6.198;454
20160129 152500;6.19;6.19;6.18;6.18;200
20160129 152900;6.21;6.21;6.21;6.21;100
20160129 153600;6.18;6.18;6.18;6.18;500
20160129 153700;6.19;6.19;6.19;6.19;500
20160129 153800;6.19;6.19;6.19;6.19;100
20160129 154100;6.19;6.19;6.18;6.1845;1085
20160129 154200;6.15;6.15;6.15;6.15;100
20160129 154300;6.15;6.15;6.15;6.15;100
20160129 154800;6.15;6.15;6.15;6.15;700
20160129 155100;6.16;6.19;6.16;6.18;1600
20160129 155200;6.18;6.18;6.17;6.17;200
20160129 155400;6.18;6.19;6.17;6.17;600
20160129 155500;6.22;6.22;6.22;6.22;100
20160129 155600;6.18;6.18;6.18;6.18;200
20160129 155700;6.2;6.2;6.19;6.19;900
20160129 155800;6.18;6.18;6.18;6.18;154
20160129 155900;6.19;6.19;6.19;6.19;100
20160129 160000;6.18;6.18;6.15;6.15;2577
20160201 093900;6.1099;6.1199;6.1099;6.1199;400
20160201 094100;6.12;6.12;6.12;6.12;100
20160201 095000;6.1;6.1;6.1;6.1;100
20160201 100000;6.0701;6.0701;6.0701;6.0701;100
20160201 101500;6.08;6.1299;6.07;6.0701;1100
20160201 101600;6.0701;6.1099;6.0701;6.1;1000
20160201 102700;6.09;6.11;6.09;6.11;500
20160201 103000;6.09;6.09;6.09;6.09;100
20160201 103300;6.08;6.08;6.08;6.08;197
20160201 103900;6.08;6.08;6.08;6.08;100
20160201 104500;6.0967;6.0967;6.0967;6.0967;160
20160201 104700;6.1099;6.1099;6.1099;6.1099;100
20160201 104800;6.08;6.08;6.08;6.08;100
20160201 105900;6.1299;6.1299;6.1299;6.1299;100
20160201 110000;6.11;6.11;6.0701;6.0701;200
20160201 111100;6.1;6.1;6.1;6.1;280
20160201 111200;6.09;6.09;6.09;6.09;100
20160201 111500;6.12;6.12;6.1;6.1042;1046
20160201 111600;6.09;6.09;6.09;6.09;100
20160201 111800;6.09;6.09;6.09;6.09;200
20160201 111900;6.11;6.14;6.11;6.12;2624
20160201 112100;6.13;6.14;6.13;6.14;300
20160201 112700;6.11;6.11;6.11;6.11;200
20160201 112800;6.1;6.1;6.1;6.1;100
20160201 113500;6.1;6.1;6.1;6.1;100
20160201 114200;6.1;6.1;6.1;6.1;100
20160201 114900;6.1;6.1;6.1;6.1;100
20160201 115300;6.12;6.12;6.12;6.12;300
20160201 115600;6.1;6.1;6.1;6.1;100
20160201 120200;6.115;6.115;6.115;6.115;101
20160201 120300;6.1;6.1;6.1;6.1;100
20160201 121100;6.1;6.1;6.1;6.1;100
20160201 121200;6.1299;6.1299;6.1299;6.1299;250
20160201 121800;6.1;6.1;6.1;6.1;100
20160201 121900;6.11;6.11;6.11;6.11;100
20160201 122100;6.103;6.103;6.103;6.103;100
20160201 122500;6.1;6.1;6.1;6.1;100
20160201 122600;6.12;6.12;6.12;6.12;100
20160201 122900;6.1;6.1;6.1;6.1;100
20160201 123100;6.11;6.11;6.11;6.11;106
20160201 123900;6.1;6.1;6.1;6.1;100
20160201 124400;6.1;6.1;6.1;6.1;100
20160201 130000;6.11;6.11;6.1;6.1;200
20160201 130100;6.105;6.105;6.105;6.105;100
20160201 130400;6.1;6.1;6.1;6.1;100
20160201 131000;6.1182;6.1182;6.1182;6.1182;500
20160201 131200;6.1001;6.1001;6.1;6.1;5100
20160201 131300;6.1;6.11;6.1;6.1;14500
20160201 131400;6.105;6.105;6.105;6.105;30000
20160201 131600;6.103;6.103;6.1;6.1;280
20160201 131700;6.1058;6.1058;6.1058;6.1058;300
20160201 131800;6.11;6.11;6.11;6.11;100
20160201 131900;6.105;6.105;6.105;6.105;2800
20160201 132000;6.1035;6.1035;6.1;6.1;255
20160201 132400;6.1099;6.12;6.1099;6.12;600
20160201 133000;6.11;6.11;6.1;6.1;1700
20160201 133100;6.11;6.11;6.11;6.11;608
20160201 133500;6.1;6.1;6.1;6.1;100
20160201 133700;6.11;6.11;6.11;6.11;100
20160201 133800;6.1;6.1;6.1;6.1;100
20160201 134000;6.105;6.105;6.1;6.1;2000
20160201 134700;6.105;6.105;6.105;6.105;100
20160201 134900;6.1;6.1;6.1;6.1;200
20160201 135000;6.11;6.11;6.11;6.11;300
20160201 135100;6.11;6.11;6.11;6.11;100
20160201 135400;6.11;6.11;6.11;6.11;100
20160201 140100;6.115;6.115;6.1;6.1;898
20160201 141000;6.1;6.1;6.1;6.1;100
20160201 141400;6.11;6.11;6.11;6.11;400
20160201 141600;6.1;6.1;6.1;6.1;100
20160201 141700;6.1;6.1;6.1;6.1;100
20160201 142100;6.12;6.12;6.11;6.11;800
20160201 142200;6.1;6.1;6.1;6.1;300
20160201 142400;6.11;6.11;6.1;6.1;200
20160201 142700;6.1;6.1;6.1;6.1;300
20160201 143100;6.1;6.1;6.1;6.1;100
20160201 144500;6.1001;6.1001;6.1001;6.1001;100
20160201 144600;6.113;6.113;6.113;6.113;165
20160201 145000;6.11;6.11;6.11;6.11;100
20160201 145200;6.1;6.1;6.1;6.1;100
20160201 145700;6.11;6.12;6.11;6.12;900
20160201 145800;6.12;6.12;6.12;6.12;100
20160201 145900;6.12;6.12;6.1;6.11;1400
20160201 150000;6.1199;6.12;6.1199;6.12;700
20160201 150100;6.12;6.12;6.11;6.11;200
20160201 150200;6.11;6.11;6.11;6.11;100
20160201 150300;6.12;6.12;6.12;6.12;100
20160201 150400;6.1;6.1;6.1;6.1;100
20160201 151000;6.12;6.12;6.12;6.12;100
20160201 151300;6.12;6.12;6.12;6.12;100
20160201 151400;6.1101;6.1101;6.1101;6.1101;100
20160201 151600;6.11;6.11;6.11;6.11;100
20160201 151700;6.12;6.12;6.12;6.12;900
20160201 151800;6.12;6.12;6.1;6.1;3100
20160201 152100;6.11;6.11;6.11;6.11;200
20160201 152200;6.12;6.12;6.11;6.11;1100
20160201 152300;6.11;6.11;6.1;6.1;1400
20160201 152500;6.12;6.12;6.12;6.12;200
20160201 152600;6.12;6.14;6.12;6.14;1100
20160201 152700;6.13;6.13;6.13;6.13;100
20160201 152900;6.12;6.12;6.12;6.12;100
20160201 153000;6.13;6.13;6.1;6.1;608
20160201 153200;6.1;6.1;6.1;6.1;100
20160201 153300;6.13;6.13;6.13;6.13;100
20160201 153600;6.12;6.12;6.12;6.12;100
20160201 153900;6.12;6.12;6.12;6.12;100
20160201 154000;6.12;6.12;6.12;6.12;100
20160201 154100;6.115;6.115;6.11;6.115;300
20160201 154200;6.115;6.115;6.115;6.115;100
20160201 154500;6.12;6.12;6.12;6.12;500
20160201 154600;6.12;6.12;6.1;6.11;3185
20160201 154700;6.1;6.1;6.1;6.1;2781
20160201 154800;6.1;6.1;6.1;6.1;885
20160201 155100;6.1;6.1;6.1;6.1;100
20160201 155200;6.11;6.11;6.11;6.11;100
20160201 155500;6.11;6.12;6.1;6.1;715
20160201 155600;6.1;6.1;6.1;6.1;100
20160201 155900;6.11;6.11;6.11;6.11;350
20160201 160000;6.1;6.12;6.1;6.11;2200
20160202 080000;6.09;6.09;6.09;6.09;200
20160202 084800;6.09;6.09;6.09;6.09;800
20160202 093200;6.09;6.09;6.05;6.05;2350
20160202 093500;6.09;6.09;6.09;6.09;332
20160202 093800;6.0401;6.0401;6.0401;6.0401;4000
20160202 095200;6.05;6.05;6.04;6.04;400
20160202 095600;6.04;6.04;6.04;6.04;900
20160202 100300;6.04;6.04;6.04;6.04;100
20160202 101200;6.05;6.05;6.05;6.05;100
20160202 101900;6.04;6.04;6.04;6.04;100
20160202 102100;6.04;6.04;6.04;6.04;400
20160202 102200;6.04;6.04;6.04;6.04;1400
20160202 102700;6.07;6.07;6.07;6.07;300
20160202 103000;6.0466;6.0466;6.04;6.04;200
20160202 103800;6.07;6.07;6.07;6.07;100
20160202 104000;6.06;6.06;6.06;6.06;500
20160202 105200;6.07;6.07;6.07;6.07;100
20160202 105800;6.05;6.05;6.05;6.05;200
20160202 110100;6.05;6.05;6.05;6.05;100
20160202 111100;6.05;6.05;6.05;6.05;100
20160202 111300;6.056;6.056;6.056;6.056;310
20160202 111400;6.05;6.06;6.05;6.06;400
20160202 111500;6.07;6.07;6.07;6.07;100
20160202 112600;6.08;6.08;6.08;6.08;100
20160202 112800;6.09;6.09;6.09;6.09;200
20160202 114000;6.074;6.074;6.074;6.074;300
20160202 114200;6.081;6.081;6.081;6.081;500
20160202 114400;6.08;6.1;6.08;6.1;200
20160202 115000;6.09;6.09;6.09;6.09;100
20160202 115300;6.09;6.09;6.09;6.09;200
20160202 115700;6.09;6.09;6.09;6.09;100
20160202 115800;6.09;6.09;6.09;6.09;600
20160202 122100;6.09;6.09;6.09;6.09;100
20160202 122200;6.09;6.09;6.09;6.09;100
20160202 122300;6.1;6.1;6.1;6.1;100
20160202 122500;6.1;6.1;6.1;6.1;400
20160202 123100;6.097;6.097;6.097;6.097;2000
20160202 123200;6.09;6.09;6.09;6.09;200
20160202 123500;6.09;6.09;6.09;6.09;100
20160202 123900;6.09;6.09;6.09;6.09;100
20160202 124000;6.0888;6.0888;6.0888;6.0888;500
20160202 124100;6.1;6.1;6.0949;6.0949;6499
20160202 124200;6.1;6.114;6.1;6.1;1900
20160202 124600;6.11;6.11;6.11;6.11;200
20160202 124700;6.1;6.11;6.1;6.11;300
20160202 124800;6.11;6.11;6.11;6.11;100
20160202 124900;6.1299;6.1299;6.1299;6.1299;801
20160202 125100;6.11;6.11;6.1;6.1;300
20160202 125200;6.12;6.12;6.11;6.11;600
20160202 125300;6.11;6.11;6.1;6.1;500
20160202 125400;6.11;6.11;6.11;6.11;100
20160202 125500;6.1199;6.1199;6.1199;6.1199;100
20160202 125800;6.1;6.1;6.1;6.1;100
20160202 125900;6.1;6.1;6.1;6.1;100
20160202 131400;6.0944;6.0944;6.09;6.09;1100
20160202 132400;6.09;6.09;6.09;6.09;200
20160202 133500;6.09;6.09;6.09;6.09;100
20160202 135500;6.05;6.05;6.05;6.05;100
20160202 135900;6.05;6.06;6.05;6.06;400
20160202 140000;6.06;6.06;6.06;6.06;100
20160202 140100;6.06;6.06;6.06;6.06;300
20160202 140700;6.0799;6.0799;6.0799;6.0799;246
20160202 140800;6.076;6.076;6.076;6.076;337
20160202 142300;6.08;6.08;6.08;6.08;100
20160202 142500;6.07;6.07;6.07;6.07;150
20160202 143600;6.07;6.07;6.07;6.07;290
20160202 145000;6.0887;6.1;6.0887;6.1;850
20160202 150200;6.0921;6.0921;6.0921;6.0921;821
20160202 151100;6.08;6.08;6.08;6.08;400
20160202 151700;6.08;6.08;6.08;6.08;100
20160202 152300;6.09;6.09;6.0899;6.0899;799
20160202 152700;6.09;6.09;6.09;6.09;100
20160202 153100;6.1;6.1;6.1;6.1;100
20160202 153700;6.0962;6.0962;6.09;6.09;1600
20160202 154400;6.095;6.095;6.09;6.09;200
20160202 154500;6.09;6.09;6.09;6.09;400
20160202 154700;6.09;6.09;6.09;6.09;100
20160202 154900;6.1;6.1;6.1;6.1;100
20160202 155000;6.1;6.1;6.1;6.1;300
20160202 155100;6.1;6.1;6.1;6.1;100
20160202 155300;6.1;6.1;6.1;6.1;100
20160202 155400;6.1;6.1;6.09;6.0999;2200
20160202 155500;6.09;6.09;6.09;6.09;200
20160202 155900;6.1;6.1;6.1;6.1;398
20160202 160000;6.09;6.09;6.04;6.04;2400
20160203 093500;6.06;6.06;6.06;6.06;100
20160203 093700;6.0688;6.0688;6.0688;6.0688;2810
20160203 093900;6.076;6.076;6.076;6.076;1000
20160203 094000;6.097;6.097;6.097;6.097;300
20160203 094700;6.0801;6.0801;6.0801;6.0801;700
20160203 094800;6.08;6.0863;6.08;6.0863;1300
20160203 095100;6.09;6.09;6.09;6.09;100
20160203 095700;6.09;6.09;6.09;6.09;100
20160203 095800;6.09;6.09;6.09;6.09;300
20160203 100200;6.14;6.14;6.14;6.14;100
20160203 100300;6.1;6.1;6.1;6.1;300
20160203 100700;6.14;6.14;6.14;6.14;100
20160203 101300;6.13;6.13;6.13;6.13;100
20160203 101900;6.1;6.1;6.09;6.09;200
20160203 102000;6.076;6.076;6.076;6.076;2000
20160203 102900;6.08;6.08;6.08;6.08;100
20160203 103800;6.07;6.07;6.07;6.07;200
20160203 104800;6.0701;6.0701;6.0701;6.0701;1000
20160203 105100;6.1;6.1;6.1;6.1;268
20160203 105200;6.1;6.1;6.1;6.1;100
20160203 105300;6.0999;6.0999;6.0999;6.0999;700
20160203 105600;6.1;6.1;6.1;6.1;136
20160203 110400;6.11;6.11;6.11;6.11;600
20160203 110800;6.1;6.1;6.1;6.1;200
20160203 111100;6.0912;6.0912;6.0701;6.0701;2800
20160203 111200;6.1;6.1;6.1;6.1;500
20160203 111500;6.0997;6.0997;6.0814;6.0814;2500
20160203 112100;6.1;6.1;6.1;6.1;200
20160203 112700;6.1299;6.13;6.105;6.13;1700
20160203 112800;6.13;6.13;6.13;6.13;100
20160203 113800;6.13;6.13;6.1;6.1;500
20160203 114100;6.14;6.14;6.14;6.14;300
20160203 114200;6.14;6.14;6.14;6.14;200
20160203 114700;6.13;6.13;6.13;6.13;100
20160203 120600;6.11;6.13;6.11;6.13;300
20160203 120700;6.125;6.125;6.12;6.12;200
20160203 121000;6.13;6.13;6.11;6.11;200
20160203 122300;6.13;6.13;6.11;6.11;1400
20160203 122400;6.11;6.11;6.11;6.11;700
20160203 122700;6.1199;6.1199;6.1199;6.1199;3000
20160203 123400;6.12;6.12;6.12;6.12;100
20160203 123900;6.1001;6.1001;6.1;6.1001;4959
20160203 124300;6.1;6.1;6.1;6.1;700
20160203 124800;6.11;6.11;6.1;6.1;300
20160203 132000;6.1;6.1;6.1;6.1;100
20160203 132500;6.11;6.11;6.11;6.11;100
20160203 132600;6.1;6.1;6.1;6.1;200
20160203 132700;6.11;6.11;6.1;6.1;300
20160203 133300;6.0901;6.0901;6.08;6.08;1900
20160203 133700;6.08;6.08;6.08;6.08;165
20160203 134300;6.08;6.08;6.08;6.08;100
20160203 134900;6.08;6.08;6.08;6.08;100
20160203 140300;6.08;6.08;6.0778;6.0778;237
20160203 140800;6.0899;6.0899;6.0899;6.0899;1400
20160203 141200;6.08;6.08;6.08;6.08;100
20160203 142500;6.09;6.09;6.09;6.09;300
20160203 142600;6.09;6.09;6.09;6.09;624
20160203 142900;6.09;6.09;6.09;6.09;100
20160203 143200;6.09;6.09;6.09;6.09;100
20160203 143500;6.09;6.09;6.09;6.09;263
20160203 144300;6.08;6.09;6.08;6.09;300
20160203 144600;6.09;6.1199;6.09;6.1199;1400
20160203 144800;6.1;6.1;6.1;6.1;100
20160203 145300;6.1;6.1;6.1;6.1;100
20160203 145700;6.12;6.12;6.12;6.12;100
20160203 150300;6.1;6.1;6.1;6.1;100
20160203 150500;6.12;6.12;6.1;6.1;2000
20160203 150700;6.115;6.115;6.115;6.115;100
20160203 150800;6.12;6.12;6.12;6.12;100
20160203 151000;6.13;6.13;6.13;6.13;200
20160203 151300;6.137;6.14;6.137;6.14;1100
20160203 151900;6.12;6.12;6.12;6.12;600
20160203 152100;6.12;6.12;6.12;6.12;100
20160203 152700;6.12;6.12;6.12;6.12;100
20160203 153900;6.12;6.12;6.12;6.12;100
20160203 154000;6.1001;6.12;6.1001;6.12;3679
20160203 154200;6.12;6.12;6.12;6.12;300
20160203 154500;6.12;6.12;6.11;6.11;400
20160203 154600;6.13;6.13;6.13;6.13;100
20160203 155100;6.14;6.14;6.14;6.14;200
20160203 155900;6.12;6.14;6.12;6.14;200
20160203 160000;6.14;6.14;6.12;6.13;1790
20160204 093400;6.065;6.065;6.065;6.065;1000
20160204 093500;6.07;6.07;6.07;6.07;100
20160204 093600;6.09;6.1;6.09;6.1;300
20160204 093700;6.11;6.11;6.11;6.11;1937
20160204 094900;6.13;6.13;6.13;6.13;100
20160204 095100;6.1291;6.14;6.11;6.11;3600
20160204 095300;6.12;6.12;6.12;6.12;100
20160204 095500;6.14;6.14;6.14;6.14;2783
20160204 100200;6.1;6.1;6.1;6.1;200
20160204 100400;6.1524;6.1524;6.1524;6.1524;5850
20160204 100700;6.17;6.17;6.17;6.17;200
20160204 101200;6.23;6.23;6.22;6.22;300
20160204 102100;6.22;6.22;6.22;6.22;300
20160204 102900;6.228;6.228;6.228;6.228;100
20160204 103100;6.23;6.23;6.23;6.23;200
20160204 103400;6.23;6.23;6.23;6.23;600
20160204 103700;6.23;6.23;6.21;6.21;200
20160204 103900;6.2153;6.2153;6.2153;6.2153;200
20160204 104700;6.23;6.23;6.23;6.23;100
20160204 105000;6.22;6.22;6.22;6.22;100
20160204 110400;6.228;6.228;6.228;6.228;300
20160204 110600;6.23;6.23;6.23;6.23;100
20160204 111000;6.23;6.23;6.23;6.23;400
20160204 112400;6.24;6.24;6.23;6.23;200
20160204 112600;6.227;6.227;6.22;6.22;200
20160204 112700;6.23;6.23;6.23;6.23;100
20160204 113600;6.2399;6.2399;6.2399;6.2399;200
20160204 114700;6.22;6.22;6.22;6.22;400
20160204 114800;6.22;6.23;6.22;6.22;1826
20160204 114900;6.18;6.18;6.18;6.18;100
20160204 115000;6.18;6.21;6.18;6.2;1200
20160204 115800;6.14;6.14;6.14;6.14;300
20160204 120500;6.15;6.15;6.15;6.15;100
20160204 120600;6.15;6.15;6.15;6.15;400
20160204 123100;6.1501;6.1501;6.1501;6.1501;2000
20160204 123400;6.15;6.15;6.15;6.15;300
20160204 124500;6.17;6.17;6.1669;6.1669;1200
20160204 125600;6.17;6.17;6.17;6.17;100
20160204 125800;6.17;6.17;6.17;6.17;100
20160204 130300;6.16;6.16;6.16;6.16;100
20160204 130500;6.16;6.16;6.155;6.16;700
20160204 133000;6.17;6.17;6.17;6.17;200
20160204 133400;6.19;6.19;6.19;6.19;100
20160204 134300;6.1799;6.1799;6.17;6.17;300
20160204 135400;6.17;6.17;6.17;6.17;100
20160204 140100;6.17;6.17;6.17;6.17;400
20160204 140200;6.17;6.17;6.17;6.17;100
20160204 140700;6.1701;6.1701;6.1701;6.1701;294
20160204 141400;6.17;6.17;6.17;6.17;100
20160204 143100;6.17;6.17;6.17;6.17;600
20160204 143600;6.18;6.18;6.18;6.18;100
20160204 144500;6.18;6.18;6.18;6.18;176
20160204 145200;6.18;6.18;6.18;6.18;300
20160204 145300;6.18;6.18;6.18;6.18;100
20160204 150100;6.18;6.18;6.18;6.18;106
20160204 150200;6.18;6.18;6.18;6.18;300
20160204 150300;6.19;6.19;6.19;6.19;100
20160204 151100;6.18;6.185;6.17;6.17;2245
20160204 152400;6.14;6.14;6.12;6.12;200
20160204 152600;6.15;6.15;6.15;6.15;300
20160204 152800;6.12;6.12;6.11;6.11;300
20160204 153000;6.1;6.1;6.1;6.1;100
20160204 153200;6.11;6.12;6.1099;6.12;500
20160204 154600;6.1347;6.1347;6.12;6.12;316
20160204 155300;6.12;6.12;6.12;6.12;100
20160204 155500;6.14;6.14;6.14;6.14;300
20160204 155900;6.12;6.12;6.12;6.12;100
20160204 160000;6.12;6.12;6.12;6.12;200
20160205 083600;6.12;6.12;6.12;6.12;400
20160205 093900;6.08;6.08;6.08;6.08;100
20160205 094400;6.12;6.12;6.12;6.12;176
20160205 094800;6.11;6.14;6.09;6.14;2230
20160205 095700;6.14;6.14;6.14;6.14;100
20160205 100800;6.14;6.14;6.12;6.12;200
20160205 102000;6.15;6.15;6.15;6.15;100
20160205 102800;6.14;6.14;6.13;6.13;200
20160205 102900;6.12;6.12;6.12;6.12;100
20160205 103200;6.16;6.16;6.16;6.16;100
20160205 110200;6.12;6.12;6.08;6.08;554
20160205 110600;6.08;6.08;6.08;6.08;198
20160205 112300;6.09;6.09;6.09;6.09;500
20160205 112400;6.08;6.08;6.07;6.07;500
20160205 112500;6.09;6.09;6.09;6.09;100
20160205 113300;6.1099;6.11;6.1099;6.11;711
20160205 120700;6.12;6.12;6.12;6.12;100
20160205 121000;6.1;6.1;6.1;6.1;200
20160205 121500;6.1;6.1;6.1;6.1;100
20160205 123600;6.09;6.09;6.09;6.09;100
20160205 123700;6.09;6.11;6.09;6.11;300
20160205 124600;6.1099;6.1099;6.1099;6.1099;250
20160205 130100;6.09;6.09;6.09;6.09;100
20160205 130300;6.12;6.12;6.12;6.12;100
20160205 131100;6.1;6.1;6.1;6.1;300
20160205 131700;6.1;6.1;6.1;6.1;100
20160205 132400;6.1;6.1;6.08;6.08;1900
20160205 133100;6.1;6.1;6.1;6.1;400
20160205 133600;6.1;6.1;6.1;6.1;1100
20160205 135100;6.09;6.09;6.09;6.09;100
20160205 135900;6.09;6.09;6.0895;6.0895;400
20160205 141800;6.097;6.097;6.097;6.097;456
20160205 142000;6.08;6.08;6.08;6.08;100
20160205 142100;6.08;6.08;6.08;6.08;300
20160205 142900;6.08;6.08;6.08;6.08;100
20160205 143100;6.09;6.09;6.08;6.08;359
20160205 143500;6.09;6.09;6.09;6.09;800
20160205 144200;6.09;6.09;6.09;6.09;200
20160205 144400;6.09;6.09;6.09;6.09;100
20160205 144800;6.09;6.09;6.09;6.09;100
20160205 145600;6.08;6.08;6.08;6.08;100
20160205 150000;6.08;6.08;6.08;6.08;300
20160205 150100;6.09;6.09;6.09;6.09;104
20160205 150300;6.09;6.09;6.09;6.09;100
20160205 151100;6.08;6.08;6.08;6.08;2201
20160205 151200;6.09;6.09;6.09;6.09;100
20160205 151600;6.08;6.09;6.08;6.09;200
20160205 151700;6.09;6.09;6.09;6.09;200
20160205 152200;6.09;6.09;6.09;6.09;100
20160205 153700;6.08;6.08;6.07;6.07;700
20160205 153800;6.07;6.07;6.07;6.07;300
20160205 154400;6.07;6.07;6.07;6.07;100
20160205 154700;6.0577;6.0577;6.0577;6.0577;945
20160205 154900;6.06;6.06;6.06;6.06;100
20160205 155000;6.05;6.05;6.05;6.05;100
20160205 155300;6.07;6.07;6.05;6.07;400
20160205 155500;6.06;6.06;6.06;6.06;200
20160205 155600;6.05;6.0563;6.03;6.03;2598
20160205 155700;6.05;6.05;6.03;6.03;700
20160205 155900;6.03;6.03;6.03;6.03;200
20160205 160000;6.03;6.05;6.03;6.05;230
