20160119 101100;6.857;6.857;6.857;6.857;800
20160119 101800;6.83;6.83;6.83;6.83;200
20160119 103900;6.83;6.83;6.83;6.83;100
20160119 112400;6.82;6.82;6.82;6.82;200
20160119 112600;6.81;6.83;6.81;6.8101;1000
20160119 113200;6.81;6.81;6.81;6.81;100
20160119 113800;6.81;6.8128;6.76;6.76;4705
20160119 113900;6.81;6.81;6.81;6.81;300
20160119 114100;6.81;6.81;6.81;6.81;500
20160119 132900;6.81;6.81;6.81;6.81;100
20160119 140400;6.81;6.81;6.81;6.81;100
20160119 142200;6.81;6.81;6.81;6.81;200
20160119 144600;6.81;6.811;6.81;6.811;1290
20160119 152300;6.81;6.81;6.81;6.81;100
20160119 153100;6.81;6.81;6.81;6.81;100
20160119 153300;6.77;6.77;6.77;6.77;380
20160119 153400;6.8;6.81;6.8;6.81;2700
20160119 153800;6.81;6.81;6.81;6.81;200
20160119 155900;6.81;6.82;6.81;6.82;200
20160120 094800;6.74;6.74;6.73;6.73;400
20160120 100800;6.73;6.73;6.73;6.73;100
20160120 101200;6.72;6.72;6.72;6.72;100
20160120 102500;6.72;6.72;6.72;6.72;100
20160120 104300;6.72;6.72;6.72;6.72;9400
20160120 105200;6.72;6.72;6.69;6.69;3800
20160120 110100;6.69;6.69;6.69;6.69;1700
20160120 110200;6.69;6.69;6.69;6.69;600
20160120 111000;6.69;6.69;6.69;6.69;500
20160120 111300;6.685;6.69;6.68;6.69;400
20160120 111700;6.69;6.69;6.69;6.69;100
20160120 114000;6.69;6.69;6.69;6.69;100
20160120 122700;6.69;6.69;6.69;6.69;200
20160120 124200;6.6901;6.6932;6.6901;6.6932;618
20160120 125800;6.69;6.6904;6.69;6.69;3954
20160120 130900;6.6999;6.7;6.6999;6.6999;5400
20160120 131000;6.6965;6.7;6.6965;6.7;2120
20160120 131500;6.72;6.73;6.72;6.73;3840
20160120 131700;6.7;6.7;6.7;6.7;200
20160120 152700;6.7198;6.7198;6.7198;6.7198;900
20160120 152800;6.7198;6.73;6.7;6.73;8231
20160120 155500;6.807;6.807;6.807;6.807;4000
20160120 160000;6.7934;6.7934;6.7934;6.7934;1431
20160121 094000;6.82;6.83;6.82;6.83;200
20160121 095000;6.8;6.8;6.8;6.8;200
20160121 095500;6.79;6.79;6.79;6.79;400
20160121 102600;6.8164;6.8164;6.8164;6.8164;773
20160121 103000;6.81;6.82;6.81;6.82;200
20160121 123400;6.83;6.83;6.83;6.83;200
20160121 131000;6.851;6.855;6.851;6.855;300
20160121 133300;6.85;6.85;6.85;6.85;200
20160121 133800;6.85;6.85;6.85;6.85;272
20160121 134000;6.85;6.85;6.85;6.85;100
20160121 140800;6.83;6.842;6.83;6.83;2200
20160121 142200;6.8301;6.838;6.83;6.838;2700
20160121 155700;6.8316;6.8316;6.8316;6.8316;200
20160121 155800;6.8316;6.8316;6.8316;6.8316;300
20160121 155900;6.83;6.8316;6.83;6.8316;300
20160121 160000;6.84;6.84;6.84;6.84;100
20160122 101700;6.864;6.864;6.83;6.83;3900
20160122 102200;6.87;6.87;6.83;6.83;3900
20160122 113400;6.83;6.84;6.83;6.84;3840
20160125 112500;6.88;6.88;6.88;6.88;100
20160125 140600;6.8804;6.8804;6.8804;6.8804;145
20160125 142000;6.88;6.88;6.85;6.85;6707
20160125 144600;6.862;6.862;6.862;6.862;2026
20160126 101200;6.89;6.89;6.89;6.89;400
20160126 103700;6.9;6.9;6.9;6.9;500
20160126 120500;6.9187;6.9187;6.9187;6.9187;200
20160126 124200;6.919;6.919;6.919;6.919;1810
20160126 133600;6.93;6.95;6.91;6.91;6000
20160127 103900;6.909;6.91;6.909;6.91;200
20160127 122500;6.91;6.91;6.91;6.91;200
20160127 124300;6.91;6.91;6.91;6.91;200
20160127 124900;6.9001;6.9001;6.9001;6.9001;150
20160127 141200;6.93;6.93;6.93;6.93;100
20160127 141700;6.89;6.89;6.87;6.87;3300
20160127 144700;6.89;6.89;6.89;6.89;137
20160127 144800;6.88;6.88;6.88;6.88;100
20160127 155900;6.87;6.87;6.87;6.87;100
20160127 160000;6.88;6.88;6.88;6.88;200
20160128 102100;6.9;6.92;6.9;6.92;700
20160128 105300;6.88;6.88;6.88;6.88;100
20160128 113200;6.88;6.88;6.88;6.88;100
20160128 120400;6.89;6.9;6.89;6.9;900
20160128 120500;6.9;6.9;6.9;6.9;1800
20160128 120600;6.9;6.9;6.9;6.9;392
20160128 132800;6.8901;6.8901;6.8901;6.8901;408
20160128 135100;6.89;6.89;6.89;6.89;500
20160128 135200;6.89;6.89;6.87;6.87;2179
20160128 135600;6.87;6.87;6.86;6.86;2221
20160128 141100;6.8986;6.8986;6.8986;6.8986;1020
20160128 144700;6.8866;6.9;6.88;6.88;8400
20160128 145400;6.89;6.89;6.89;6.89;100
20160128 151000;6.89;6.89;6.89;6.89;300
20160128 151100;6.89;6.89;6.89;6.89;1200
20160128 151500;6.885;6.885;6.88;6.88;500
20160128 152200;6.89;6.89;6.89;6.89;10500
20160128 152300;6.89;6.89;6.89;6.89;100
20160128 154700;6.9;6.9;6.89;6.89;300
20160128 155100;6.89;6.89;6.89;6.89;200
20160128 155200;6.89;6.89;6.89;6.89;200
20160128 155500;6.89;6.89;6.89;6.89;200
20160128 155600;6.89;6.89;6.89;6.89;100
20160128 155700;6.89;6.89;6.89;6.89;200
20160129 095400;6.9099;6.9099;6.9099;6.9099;900
20160129 095600;6.9025;6.9025;6.9025;6.9025;100
20160129 095900;6.9025;6.9025;6.9025;6.9025;400
20160129 100000;6.91;6.94;6.91;6.94;300
20160129 102500;6.95;6.95;6.93;6.93;3700
20160129 104800;6.95;6.95;6.93;6.93;300
20160129 111200;6.93;6.93;6.93;6.93;300
20160129 111300;6.92;6.92;6.92;6.92;500
20160129 111600;6.92;6.92;6.92;6.92;200
20160129 112800;6.9279;6.9279;6.9279;6.9279;605
20160129 113100;6.92;6.92;6.92;6.92;200
20160129 113200;6.93;6.93;6.93;6.93;172
20160129 131200;6.92;6.9201;6.9;6.9;4600
20160129 131300;6.92;6.92;6.92;6.92;100
20160129 143800;6.92;6.956;6.92;6.955;2100
20160129 144800;6.92;6.92;6.92;6.92;1200
20160129 145100;6.9;6.9;6.9;6.9;100
20160129 155900;6.92;6.92;6.92;6.92;100
20160201 102300;6.95;6.95;6.95;6.95;558
20160201 103100;6.9498;6.9498;6.9498;6.9498;100
20160201 104400;6.92;6.92;6.92;6.92;1000
20160201 114300;6.95;6.95;6.95;6.95;100
20160201 115000;6.9285;6.9285;6.9285;6.9285;1041
20160201 122400;6.9385;6.9385;6.9385;6.9385;100
20160201 125300;6.92;6.92;6.92;6.92;100
20160201 125700;6.93;6.93;6.91;6.91;8000
20160201 125800;6.91;6.91;6.91;6.91;1200
20160201 152500;6.9202;6.9264;6.92;6.9264;2814
20160201 154000;6.93;6.93;6.93;6.93;1400
20160201 154100;6.93;6.93;6.92;6.93;4900
20160201 154200;6.93;6.93;6.93;6.93;1200
20160201 155900;6.92;6.92;6.92;6.92;100
20160202 095500;6.9;6.9;6.9;6.9;100
20160202 100100;6.929;6.929;6.929;6.929;400
20160202 102200;6.91;6.91;6.91;6.91;2100
20160202 103000;6.93;6.93;6.93;6.93;233
20160202 120700;6.92;6.93;6.92;6.93;200
20160202 122400;6.929;6.93;6.91;6.91;4400
20160202 133400;6.926;6.926;6.926;6.926;100
20160202 142100;6.93;6.93;6.93;6.93;1800
20160202 160300;6.93;6.93;6.93;6.93;50
20160203 130700;6.9399;6.9399;6.93;6.93;3100
20160203 131400;6.92;6.93;6.92;6.93;200
20160203 141200;6.93;6.93;6.92;6.92;2505
20160203 144000;6.93;6.94;6.93;6.93;1400
20160203 150700;6.94;6.94;6.94;6.94;700
20160203 160200;6.94;6.94;6.94;6.94;5
20160204 111700;6.94;6.94;6.94;6.94;200
20160204 113300;6.94;6.94;6.94;6.94;750
20160204 113600;6.94;6.95;6.94;6.95;2325
20160204 131000;6.95;6.95;6.95;6.95;100
20160204 140500;6.94;6.94;6.94;6.94;525
20160204 145300;6.94;6.9425;6.94;6.94;1350
20160204 155900;6.94;6.95;6.94;6.95;200
20160204 160300;6.94;6.94;6.94;6.94;79
20160205 095000;6.94;6.94;6.94;6.94;1700
20160205 115800;6.94;6.94;6.94;6.94;525
20160205 121000;6.94;6.94;6.94;6.94;100
20160205 124100;6.94;6.94;6.94;6.94;172
20160205 124300;6.945;6.949;6.945;6.946;2000
20160205 144100;6.94;6.94;6.94;6.94;200
20160205 145100;6.9493;6.9493;6.94;6.94;1100
20160205 155200;6.945;6.945;6.9401;6.9401;200
20160205 155400;6.9499;6.9499;6.9499;6.9499;1000
20160205 155600;6.95;6.95;6.94;6.94;600
20160205 160300;6.94;6.94;6.94;6.94;25
