20160119 095800;21.91;21.91;21.91;21.91;100
20160119 113800;21.92;21.92;21.9;21.9;294
20160119 114000;21.9;21.9;21.9;21.9;100
20160119 114200;21.82;21.82;21.765;21.8;500
20160119 114800;21.76;21.76;21.7501;21.7501;200
20160119 114900;21.76;21.76;21.7501;21.7501;200
20160119 133100;21.7856;21.7856;21.7856;21.7856;750
20160119 140000;21.76;21.76;21.76;21.76;100
20160119 153700;21.7836;21.7836;21.7836;21.7836;508
20160119 154700;21.79;21.81;21.787;21.81;518
20160120 100100;21.91;21.91;21.91;21.91;100
20160120 100200;21.81;21.8195;21.81;21.8195;400
20160120 100600;21.79;21.79;21.79;21.79;100
20160120 102300;21.804;21.804;21.804;21.804;1200
20160120 130300;21.68;21.68;21.68;21.68;300
20160120 131100;21.58;21.58;21.58;21.58;100
20160120 140300;21.53;21.53;21.53;21.53;200
20160120 150400;21.55;21.55;21.55;21.55;1438
20160120 154800;21.6431;21.6431;21.56;21.5795;985
20160120 155700;21.59;21.59;21.59;21.59;100
20160121 100600;21.8;21.8;21.8;21.8;100
20160121 104200;21.8;21.8;21.8;21.8;100
20160121 110700;21.87;21.87;21.87;21.87;100
20160121 113900;21.9;21.9;21.9;21.9;100
20160121 120000;21.885;21.885;21.885;21.885;500
20160121 121000;22.0256;22.0256;22.0256;22.0256;307
20160121 121400;21.92;21.92;21.9;21.9;200
20160121 121600;21.95;21.95;21.95;21.95;200
20160121 121900;21.91;21.91;21.91;21.91;100
20160121 122000;21.89;21.89;21.89;21.89;100
20160121 122200;21.88;21.88;21.88;21.88;100
20160121 122800;21.94;21.94;21.9305;21.9305;200
20160121 123000;21.95;21.95;21.9405;21.9405;200
20160121 142300;21.8052;21.8052;21.8052;21.8052;500
20160121 145900;22.02;22.02;21.88;21.8899;400
20160121 150000;21.88;21.88;21.85;21.85;300
20160121 150200;21.85;21.94;21.85;21.9301;400
20160121 151400;21.94;21.94;21.94;21.94;100
20160121 151700;21.93;21.93;21.93;21.93;100
20160121 152500;21.93;21.93;21.93;21.93;100
20160121 153600;21.96;21.96;21.96;21.96;100
20160121 154000;21.91;21.962;21.85;21.85;2100
20160121 154200;21.8854;22.086;21.8854;22.086;2254
20160121 160000;22.07;22.07;22.07;22.07;200
20160122 100700;22.0999;22.0999;22.0999;22.0999;500
20160122 100800;22.0755;22.0755;22.0755;22.0755;500
20160122 100900;22.0045;22.0045;22.0045;22.0045;201
20160122 113200;22.0253;22.0253;22.0253;22.0253;220
20160122 130300;21.935;21.935;21.935;21.935;273
20160122 131400;21.9344;21.9344;21.9344;21.9344;196
20160122 142900;22;22;22;22;1000
20160122 145100;22;22;22;22;100
20160122 145300;22;22;22;22;107
20160125 094000;22.0699;22.0699;22.0699;22.0699;200
20160125 103400;22.09;22.09;22.09;22.09;100
20160125 113000;22.1001;22.1001;22.1001;22.1001;500
20160125 114700;22.18;22.18;22.18;22.18;100
20160125 122200;22.16;22.1601;22.16;22.1601;330
20160125 122300;22.16;22.16;22.1505;22.1505;200
20160125 125300;22.0573;22.0573;22.0573;22.0573;475
20160125 125400;22.03;22.05;21.9463;21.9463;750
20160125 132600;21.95;22.1;21.94;22.095;2000
20160125 142400;21.93;21.93;21.91;21.91;500
20160125 144900;21.9;21.9;21.9;21.9;520
20160125 151800;22.0458;22.0458;22.0458;22.0458;200
20160125 154000;21.8921;21.8921;21.8921;21.8921;200
20160125 155500;21.91;21.91;21.907;21.907;673
20160125 155600;21.91;21.91;21.91;21.91;100
20160125 155700;21.89;21.89;21.89;21.89;100
20160125 160000;21.89;21.89;21.89;21.89;100
20160126 104600;21.9099;21.9099;21.9099;21.9099;200
20160126 104700;21.856;21.9099;21.815;21.9099;1037
20160126 105200;21.88;21.88;21.88;21.88;100
20160126 105900;21.93;21.94;21.93;21.94;300
20160126 114300;21.9756;21.9756;21.96;21.9615;800
20160126 122100;22.11;22.145;22.11;22.145;1550
20160127 101600;21.98;21.98;21.98;21.98;100
20160127 111200;21.92;21.92;21.92;21.92;100
20160127 111300;21.965;21.965;21.965;21.965;532
20160127 135800;22;22;22;22;100
20160127 145000;21.975;21.975;21.9529;21.9529;905
20160127 151100;21.985;21.985;21.9541;21.985;1641
20160127 153800;21.975;21.975;21.975;21.975;450
20160127 155400;21.99;21.99;21.99;21.99;100
20160128 122200;22.05;22.05;22.05;22.05;100
20160128 125000;22.0601;22.0601;22.0601;22.0601;800
20160128 130900;22.13;22.13;22.13;22.13;100
20160128 133300;22.04;22.04;22.04;22.04;300
20160128 133500;22.05;22.05;22.05;22.05;100
20160128 134800;22.04;22.04;22.04;22.04;300
20160128 135800;22.04;22.04;22.04;22.04;100
20160128 140500;22.04;22.04;22.04;22.04;100
20160128 142700;22.135;22.2358;22.135;22.2358;200
20160128 144100;22.04;22.112;22.04;22.106;4000
20160128 150300;22.06;22.06;22.06;22.06;100
20160128 151100;22.04;22.04;22.04;22.04;200
20160128 155800;22.05;22.05;22.05;22.05;100
20160128 160000;22.03;22.03;22.03;22.03;125
20160129 111500;22.04;22.04;22;22;1876
20160129 111600;22;22;22;22;1376
20160129 113300;22;22;21.99;21.99;265
20160129 113400;21.99;21.995;21.99;21.995;1000
20160129 113500;22;22;22;22;388
20160129 114300;22;22;22;22;100
20160129 114400;22;22;22;22;400
20160129 114500;22;22;22;22;911
20160129 114600;22;22;22;22;200
20160129 114800;22.07;22.075;22.06;22.06;1700
20160129 114900;21.9701;21.9701;21.9701;21.9701;685
20160129 141600;22.08;22.08;22.08;22.08;100
20160129 141700;22.08;22.1;22.08;22.1;1215
20160129 145300;22.02;22.02;22.02;22.02;464
20160129 151200;22.02;22.0421;22.02;22.02;500
20160129 152900;22.02;22.02;22.02;22.02;970
20160129 153800;21.98;22;21.98;22;200
20160129 155700;21.92;21.92;21.9;21.9035;685
20160201 093200;21.89;21.89;21.67;21.67;3442
20160201 095300;21.83;21.83;21.83;21.83;100
20160201 095600;21.8;21.8;21.8;21.8;100
20160201 100400;21.8;21.8;21.8;21.8;100
20160201 101100;21.99;21.99;21.77;21.77;200
20160201 101700;21.88;21.88;21.88;21.88;132
20160201 102300;21.92;21.92;21.78;21.78;200
20160201 112500;21.931;21.931;21.931;21.931;397
20160201 125500;21.9;21.9;21.9;21.9;900
20160201 130200;21.7801;21.8256;21.7801;21.8256;302
20160201 143200;21.9;21.9;21.9;21.9;500
20160201 145100;21.91;21.91;21.91;21.91;200
20160201 145700;21.9;21.9;21.9;21.9;200
20160201 153700;21.97;21.97;21.9601;21.9601;200
20160201 153800;21.9;21.92;21.9;21.92;200
20160201 154400;21.93;21.99;21.93;21.99;300
20160201 154500;21.9;21.9;21.9;21.9;100
20160201 154800;21.93;21.93;21.93;21.93;100
20160201 154900;21.98;21.98;21.98;21.98;100
20160201 155200;21.92;21.94;21.91;21.91;500
20160201 155300;21.91;21.91;21.9;21.9;675
20160201 155400;21.91;21.91;21.91;21.91;100
20160201 155500;21.97;21.97;21.97;21.97;200
20160202 100900;22.05;22.05;22.05;22.05;100
20160202 101000;22.04;22.04;22.03;22.03;270
20160202 101200;22;22;22;22;100
20160202 113900;22.02;22.02;22.02;22.02;200
20160202 114000;21.995;21.995;21.995;21.995;100
20160202 131400;21.9;21.9;21.9;21.9;200
20160202 135100;21.95;21.95;21.95;21.95;100
20160202 135400;21.95;21.95;21.95;21.95;199
20160202 135700;21.95;21.95;21.95;21.95;101
20160202 143500;21.98;22;21.98;22;429
20160202 145300;22;22.11;22;22.11;1500
20160202 150400;21.96;21.96;21.95;21.95;501
20160203 102100;21.89;21.9139;21.86;21.9139;3118
20160203 104400;21.9143;21.99;21.85;21.87;3578
20160203 112300;21.85;21.85;21.84;21.84;400
20160203 112400;21.85;21.85;21.84;21.84;300
20160203 112500;21.85;21.85;21.85;21.85;200
20160203 114800;21.86;21.86;21.86;21.86;400
20160203 123700;21.9;21.9;21.9;21.9;900
20160203 123900;21.91;21.91;21.91;21.91;482
20160203 134200;22;22;21.95;21.95;972
20160203 141000;22.01;22.01;22.004;22.004;1600
20160203 143600;21.96;21.98;21.87;21.88;2757
20160203 155500;21.8963;21.98;21.8963;21.98;600
20160203 155700;21.97;21.97;21.97;21.97;100
20160204 133600;22.026;22.026;22.026;22.026;100
20160204 151500;21.96;21.96;21.95;21.95;300
20160204 151800;21.96;21.96;21.96;21.96;100
20160205 093600;21.96;21.96;21.96;21.96;100
20160205 093700;21.97;21.97;21.97;21.97;100
20160205 094800;22.02;22.02;22.02;22.02;100
20160205 095000;22.01;22.01;22.01;22.01;500
20160205 103500;21.98;21.98;21.98;21.98;200
20160205 103600;21.97;21.97;21.97;21.97;200
20160205 103900;21.97;21.98;21.97;21.98;300
20160205 104000;21.98;21.98;21.98;21.98;100
20160205 104400;21.97;21.97;21.97;21.97;100
20160205 110400;21.979;21.979;21.9788;21.9788;200
20160205 111300;21.98;22;21.97;21.98;5484
20160205 112900;21.97;21.97;21.97;21.97;400
20160205 125500;21.97;21.97;21.97;21.97;178
20160205 132000;21.9251;21.9251;21.9101;21.9101;1000
20160205 143400;21.93;21.93;21.9;21.9;1000
20160205 150800;21.91;21.91;21.91;21.91;900
20160205 151600;21.91;21.91;21.91;21.91;200
20160205 155300;21.9276;21.93;21.92;21.93;400
20160205 160000;21.9176;21.92;21.9176;21.9198;1500
