20160119 093100;6.22;6.22;5.7511;5.7511;575
20160119 093200;6.17;6.2;6.11;6.19;5320
20160119 093400;6.0999;6.0999;6.0999;6.0999;1500
20160119 093600;6.06;6.06;6.06;6.06;100
20160119 093700;5.8304;5.91;5.8304;5.91;900
20160119 093800;5.7809;5.7809;5.77;5.77;350
20160119 093900;5.77;5.8;5.77;5.8;700
20160119 094200;5.82;5.82;5.82;5.82;151
20160119 094300;5.8172;5.915;5.8172;5.915;1342
20160119 094400;5.8448;5.8448;5.8448;5.8448;1686
20160119 094600;5.78;5.79;5.75;5.75;600
20160119 094700;5.73;5.73;5.71;5.71;200
20160119 094900;5.739;5.739;5.739;5.739;400
20160119 095100;5.74;5.74;5.74;5.74;100
20160119 095700;5.7424;5.7424;5.7424;5.7424;500
20160119 100100;5.74;5.74;5.74;5.74;500
20160119 100500;5.78;5.78;5.78;5.78;500
20160119 100600;5.81;5.81;5.81;5.81;100
20160119 100700;5.81;5.81;5.81;5.81;300
20160119 100800;5.77;5.77;5.77;5.77;100
20160119 101100;5.76;5.76;5.73;5.73;500
20160119 102500;5.7099;5.71;5.7099;5.71;305
20160119 102900;5.76;5.76;5.76;5.76;100
20160119 103900;5.8;5.8;5.744;5.744;200
20160119 105100;5.75;5.8;5.75;5.76;1000
20160119 105500;5.87;5.87;5.87;5.87;100
20160119 105600;5.87;5.87;5.87;5.87;200
20160119 105700;5.84;5.84;5.84;5.84;100
20160119 105900;5.83;5.83;5.83;5.83;300
20160119 110000;5.83;5.83;5.83;5.83;300
20160119 110600;5.82;5.82;5.82;5.82;200
20160119 111000;5.79;5.79;5.79;5.79;100
20160119 111100;5.84;5.84;5.82;5.82;200
20160119 111500;5.84;5.84;5.84;5.84;100
20160119 111600;5.84;5.84;5.84;5.84;100
20160119 111700;5.86;5.87;5.86;5.87;800
20160119 112600;5.8;5.8;5.71;5.71;300
20160119 113700;5.765;5.765;5.76;5.76;1100
20160119 113800;5.78;5.81;5.78;5.81;300
20160119 114400;5.83;5.83;5.83;5.83;200
20160119 114500;5.83;5.83;5.83;5.83;100
20160119 114800;5.88;5.88;5.88;5.88;500
20160119 115000;5.8799;5.88;5.78;5.78;1300
20160119 115600;5.85;5.8567;5.84;5.8567;1400
20160119 115700;5.83;5.83;5.83;5.83;400
20160119 120000;5.86;5.86;5.86;5.86;300
20160119 120700;5.86;5.86;5.84;5.84;200
20160119 120800;5.77;5.81;5.77;5.81;200
20160119 120900;5.82;5.82;5.82;5.82;200
20160119 121200;5.83;5.83;5.83;5.83;100
20160119 121500;5.85;5.85;5.83;5.83;200
20160119 122000;5.85;5.86;5.85;5.86;500
20160119 123400;5.88;5.88;5.88;5.88;100
20160119 123800;5.875;5.875;5.875;5.875;100
20160119 124400;5.8832;5.8832;5.8832;5.8832;500
20160119 124500;5.9;5.9;5.9;5.9;100
20160119 124600;5.9;5.9;5.9;5.9;200
20160119 124900;5.91;5.95;5.89;5.95;300
20160119 125900;5.96;5.99;5.95;5.98;900
20160119 130000;5.99;5.99;5.99;5.99;200
20160119 130100;6;6;5.985;5.985;500
20160119 130200;5.99;6.03;5.98;5.98;800
20160119 132000;5.94;5.94;5.94;5.94;200
20160119 132200;5.94;5.94;5.94;5.94;100
20160119 132300;5.97;5.97;5.97;5.97;100
20160119 133000;5.95;5.95;5.95;5.95;600
20160119 134800;5.94;5.94;5.94;5.94;100
20160119 135600;5.94;5.94;5.9301;5.9301;200
20160119 140200;5.94;5.94;5.94;5.94;100
20160119 140800;5.96;5.96;5.96;5.96;200
20160119 140900;5.95;5.95;5.95;5.95;100
20160119 141000;5.97;5.97;5.97;5.97;300
20160119 141300;5.99;5.99;5.99;5.99;100
20160119 141500;5.99;5.99;5.99;5.99;100
20160119 141900;5.99;5.99;5.99;5.99;100
20160119 142000;5.96;5.96;5.96;5.96;414
20160119 142300;5.99;5.99;5.99;5.99;100
20160119 142600;5.99;5.99;5.96;5.96;1037
20160119 143800;5.915;5.915;5.915;5.915;100
20160119 144500;5.91;5.91;5.91;5.91;100
20160119 144600;5.91;5.91;5.91;5.91;100
20160119 145300;5.94;5.94;5.94;5.94;100
20160119 145500;5.96;5.96;5.95;5.95;300
20160119 145900;5.97;5.97;5.97;5.97;100
20160119 150100;5.99;5.99;5.99;5.99;100
20160119 150200;5.98;5.98;5.98;5.98;200
20160119 150300;5.98;5.98;5.98;5.98;100
20160119 150600;5.99;6;5.99;6;300
20160119 150800;5.99;5.99;5.99;5.99;100
20160119 151000;5.99;5.99;5.99;5.99;100
20160119 151100;5.99;6;5.99;6;200
20160119 151600;5.99;5.99;5.99;5.99;100
20160119 151700;5.99;5.99;5.99;5.99;500
20160119 152400;6.06;6.06;6.06;6.06;300
20160119 152500;6.08;6.1;6.0795;6.1;1012
20160119 152600;6.11;6.12;6.11;6.12;300
20160119 152800;6.15;6.16;6.15;6.16;500
20160119 153100;6.1603;6.19;6.1603;6.19;1200
20160119 153600;6.2;6.2;6.19;6.19;600
20160119 153800;6.22;6.22;6.22;6.22;100
20160119 154000;6.205;6.205;6.18;6.18;800
20160119 154600;6.12;6.12;6.11;6.11;200
20160119 154700;6.12;6.13;6.12;6.13;300
20160119 154800;6.13;6.13;6.13;6.13;200
20160119 155000;6.1497;6.1497;6.1497;6.1497;137
20160119 155100;6.1323;6.14;6.1323;6.14;340
20160119 155200;6.17;6.17;6.17;6.17;100
20160119 155500;6.172;6.18;6.172;6.18;642
20160119 155700;6.1701;6.18;6.17;6.17;840
20160119 155900;6.18;6.18;6.18;6.18;200
20160119 160000;6.19;6.2;6.19;6.2;1182
20160120 092700;6.18;6.18;6.18;6.18;200
20160120 093100;6;6.012;5.79;5.98;1625
20160120 093600;5.96;5.96;5.954;5.96;400
20160120 093800;6.04;6.15;6.0301;6.15;1000
20160120 094000;6.15;6.16;6.15;6.16;200
20160120 094400;6.12;6.12;6.12;6.12;100
20160120 094600;6.21;6.21;6.21;6.21;100
20160120 094900;6.14;6.18;6.07;6.1;1600
20160120 095200;6.1;6.1;6.1;6.1;300
20160120 095300;6.12;6.12;6.12;6.12;100
20160120 095400;6.0678;6.0678;6.0678;6.0678;200
20160120 095600;6.13;6.13;6.13;6.13;410
20160120 095900;6.11;6.11;6.11;6.11;200
20160120 100100;6.11;6.11;6.11;6.11;100
20160120 100300;6.07;6.07;6.07;6.07;240
20160120 100400;6.1;6.1;6.1;6.1;500
20160120 100500;6.03;6.07;6.02;6.02;1100
20160120 100600;5.97;6.02;5.97;6.02;847
20160120 100700;5.984;5.984;5.984;5.984;200
20160120 101100;6;6;6;6;1000
20160120 101500;6.115;6.115;6.115;6.115;100
20160120 102200;6.09;6.09;6.09;6.09;100
20160120 103100;6.09;6.09;6.09;6.09;400
20160120 103500;6.09;6.09;6.09;6.09;380
20160120 103600;6.15;6.15;6.15;6.15;100
20160120 105500;6.125;6.125;6.1;6.125;300
20160120 110800;6.17;6.17;6.17;6.17;100
20160120 111300;6.1794;6.18;6.1794;6.18;1600
20160120 111500;6.232;6.232;6.232;6.232;500
20160120 111800;6.29;6.29;6.29;6.29;100
20160120 113100;6.29;6.3;6.29;6.3;200
20160120 113200;6.29;6.3;6.29;6.3;200
20160120 113600;6.35;6.35;6.35;6.35;100
20160120 113700;6.3699;6.37;6.36;6.37;300
20160120 114700;6.39;6.39;6.39;6.39;100
20160120 114900;6.4;6.4;6.4;6.4;100
20160120 115800;6.3999;6.3999;6.3999;6.3999;1000
20160120 115900;6.4;6.41;6.39;6.39;300
20160120 120400;6.45;6.45;6.45;6.45;100
20160120 120600;6.44;6.44;6.44;6.44;100
20160120 121000;6.46;6.46;6.46;6.46;100
20160120 121900;6.4252;6.4252;6.4252;6.4252;250
20160120 122200;6.41;6.41;6.4;6.4;400
20160120 122700;6.41;6.41;6.41;6.41;100
20160120 123300;6.38;6.38;6.3;6.3;200
20160120 124500;6.34;6.348;6.34;6.348;537
20160120 124700;6.36;6.36;6.36;6.36;100
20160120 125000;6.395;6.395;6.395;6.395;100
20160120 132200;6.415;6.45;6.41;6.41;1159
20160120 133000;6.47;6.47;6.47;6.47;100
20160120 134800;6.54;6.54;6.54;6.54;100
20160120 134900;6.58;6.58;6.58;6.58;300
20160120 135000;6.615;6.63;6.6;6.63;4600
20160120 135200;6.63;6.63;6.63;6.63;100
20160120 135500;6.67;6.67;6.667;6.667;1264
20160120 135600;6.698;6.7;6.698;6.7;600
20160120 135900;6.66;6.66;6.66;6.66;100
20160120 140200;6.65;6.65;6.63;6.63;600
20160120 140600;6.63;6.63;6.63;6.63;300
20160120 141000;6.59;6.59;6.59;6.59;100
20160120 141300;6.67;6.67;6.67;6.67;100
20160120 141500;6.6625;6.6625;6.6625;6.6625;100
20160120 142100;6.66;6.69;6.66;6.69;200
20160120 143800;6.7;6.7;6.7;6.7;100
20160120 144100;6.71;6.71;6.71;6.71;100
20160120 145000;6.65;6.65;6.63;6.63;700
20160120 145400;6.59;6.59;6.59;6.59;100
20160120 145800;6.602;6.602;6.602;6.602;425
20160120 145900;6.63;6.63;6.63;6.63;200
20160120 150200;6.7;6.7;6.7;6.7;100
20160120 150700;6.69;6.69;6.69;6.69;100
20160120 151300;6.71;6.71;6.71;6.71;100
20160120 151700;6.71;6.71;6.71;6.71;300
20160120 151800;6.71;6.71;6.71;6.71;100
20160120 152300;6.68;6.68;6.68;6.68;400
20160120 152400;6.7;6.71;6.66;6.71;300
20160120 152900;6.7;6.7;6.7;6.7;100
20160120 153400;6.673;6.673;6.67;6.67;700
20160120 153500;6.67;6.67;6.67;6.67;100
20160120 153700;6.7;6.7;6.7;6.7;380
20160120 153800;6.69;6.69;6.69;6.69;200
20160120 154200;6.68;6.68;6.68;6.68;300
20160120 154600;6.67;6.67;6.66;6.66;200
20160120 154700;6.65;6.65;6.64;6.64;234
20160120 154800;6.65;6.65;6.6;6.6101;3300
20160120 154900;6.6;6.6;6.5601;6.5601;1200
20160120 155000;6.61;6.61;6.57;6.6;1750
20160120 155100;6.5604;6.5604;6.5604;6.5604;700
20160120 155200;6.53;6.53;6.53;6.53;100
20160120 155300;6.58;6.58;6.58;6.58;900
20160120 155400;6.55;6.55;6.55;6.55;100
20160120 155500;6.5799;6.58;6.5799;6.58;250
20160120 155700;6.58;6.58;6.58;6.58;100
20160120 155800;6.58;6.58;6.58;6.58;100
20160120 155900;6.59;6.59;6.57;6.57;343
20160120 160000;6.58;6.59;6.58;6.59;390
20160121 093200;6.66;6.66;6.59;6.59;500
20160121 093400;6.65;6.71;6.65;6.71;200
20160121 093500;6.6752;6.6752;6.6752;6.6752;500
20160121 093600;6.639;6.639;6.639;6.639;200
20160121 093700;6.7;6.7;6.7;6.7;100
20160121 094000;6.65;6.65;6.65;6.65;100
20160121 094200;6.5701;6.65;6.5701;6.65;700
20160121 094700;6.74;6.85;6.735;6.85;5450
20160121 095800;6.86;6.86;6.8;6.84;1000
20160121 100000;6.85;6.85;6.85;6.85;100
20160121 100800;6.8436;6.8436;6.8436;6.8436;123
20160121 101000;6.86;6.88;6.86;6.88;1300
20160121 101100;6.935;6.935;6.935;6.935;100
20160121 102100;7.1;7.1;7.0101;7.0101;375
20160121 102300;7.06;7.06;7.06;7.06;100
20160121 103000;7.08;7.125;6.99;7.125;500
20160121 103500;7.045;7.075;7;7.075;3200
20160121 103600;7.07;7.08;7;7.08;1000
20160121 104600;7.07;7.07;7.07;7.07;100
20160121 104900;7.07;7.07;7.07;7.07;100
20160121 105300;7.07;7.07;7.0049;7.01;1300
20160121 105400;7.07;7.07;7;7;1000
20160121 105600;6.94;7;6.94;7;600
20160121 110100;7;7;7;7;100
20160121 110200;6.97;6.97;6.97;6.97;100
20160121 110300;7;7;7;7;200
20160121 110600;7;7;7;7;100
20160121 110900;7;7;7;7;300
20160121 111000;7;7;7;7;100
20160121 111300;6.98;6.98;6.98;6.98;200
20160121 112200;6.96;6.98;6.91;6.95;1200
20160121 112300;6.91;6.91;6.91;6.91;100
20160121 112600;6.92;6.92;6.92;6.92;200
20160121 112700;6.92;6.92;6.92;6.92;100
20160121 112900;6.92;6.96;6.92;6.96;400
20160121 113100;6.949;6.96;6.92;6.96;1300
20160121 113800;7;7;7;7;100
20160121 113900;7;7;7;7;300
20160121 114000;7.01;7.01;7.01;7.01;100
20160121 114400;7.07;7.08;7.07;7.08;200
20160121 114500;7.1;7.1;7.1;7.1;100
20160121 114600;7.09;7.09;7.09;7.09;200
20160121 114700;7.05;7.05;7.01;7.01;1700
20160121 114900;7.05;7.05;7.05;7.05;1200
20160121 115000;7.06;7.06;7.06;7.06;200
20160121 115100;7.06;7.06;7.06;7.06;100
20160121 115300;7.01;7.01;6.99;6.99;400
20160121 115500;6.99;7;6.99;7;300
20160121 115600;7.03;7.03;7.03;7.03;100
20160121 120100;7.03;7.03;7.03;7.03;100
20160121 120300;7.03;7.03;7.03;7.03;100
20160121 120600;7.09;7.1;7.085;7.1;600
20160121 120700;7.0899;7.0899;7.075;7.075;200
20160121 120800;7.09;7.09;7.09;7.09;100
20160121 121200;7.1;7.1;7.075;7.075;300
20160121 121500;7.09;7.09;7.09;7.09;100
20160121 121600;7.05;7.05;7.05;7.05;200
20160121 121700;7.04;7.04;7;7;500
20160121 121900;7.06;7.06;7.06;7.06;100
20160121 122100;7.0599;7.06;7.0599;7.06;600
20160121 122300;7.05;7.05;7.05;7.05;100
20160121 122700;7.05;7.05;7.05;7.05;900
20160121 122800;7.05;7.05;7.05;7.05;100
20160121 123000;7.05;7.05;7.05;7.05;100
20160121 124000;7;7;7;7;100
20160121 124700;6.99;7.02;6.99;7.02;300
20160121 125000;7;7;6.95;6.95;3000
20160121 125200;6.94;7.01;6.94;7.01;1200
20160121 125700;7;7.01;7;7.01;400
20160121 130500;7.04;7.04;7.04;7.04;400
20160121 130800;7.06;7.06;7.06;7.06;100
20160121 130900;7;7;7;7;100
20160121 131000;7.04;7.04;7.04;7.04;100
20160121 132400;7.001;7.03;7;7.03;4600
20160121 132500;7.025;7.025;7.025;7.025;200
20160121 132800;7.04;7.04;7.04;7.04;100
20160121 133100;7.0363;7.0363;7.0363;7.0363;700
20160121 133400;7;7;7;7;100
20160121 133600;7;7;7;7;300
20160121 133700;7;7;7;7;600
20160121 134000;7.02;7.02;7.02;7.02;100
20160121 134500;7;7;6.97;7;1383
20160121 135200;6.97;6.97;6.97;6.97;300
20160121 141100;6.93;6.945;6.9;6.945;600
20160121 141700;6.94;6.94;6.94;6.94;100
20160121 141800;6.8901;6.8901;6.8901;6.8901;1725
20160121 141900;6.94;6.94;6.94;6.94;300
20160121 142200;6.97;6.97;6.955;6.96;300
20160121 142900;6.99;6.99;6.99;6.99;100
20160121 143200;6.99;6.99;6.99;6.99;100
20160121 143700;7.01;7.01;7.01;7.01;200
20160121 143800;7.015;7.02;7.01;7.02;400
20160121 144200;7.015;7.015;7.015;7.015;100
20160121 144500;7.01;7.01;7.01;7.01;100
20160121 144700;7.02;7.02;7.015;7.015;300
20160121 144800;7.02;7.02;7.02;7.02;8900
20160121 144900;7.01;7.02;7;7.02;1300
20160121 145400;7.037;7.037;7.037;7.037;120
20160121 145700;7.04;7.04;7.03;7.04;300
20160121 145800;7.03;7.03;7.02;7.02;300
20160121 150200;7.03;7.04;7;7;1900
20160121 150300;7.03;7.03;7.03;7.03;100
20160121 150600;7.04;7.04;7.04;7.04;300
20160121 150800;7.04;7.04;7.04;7.04;100
20160121 150900;7.035;7.035;7.03;7.03;400
20160121 151000;7.03;7.04;7.03;7.04;300
20160121 151200;7.03;7.03;7.03;7.03;100
20160121 151300;7.02;7.04;7.02;7.04;400
20160121 151400;7.02;7.02;7.02;7.02;100
20160121 151600;7.04;7.04;7.03;7.03;300
20160121 151700;7.04;7.04;7.04;7.04;100
20160121 151900;7.04;7.04;7.04;7.04;100
20160121 152200;7.0301;7.0301;7.03;7.03;400
20160121 152300;7.04;7.04;7.04;7.04;100
20160121 152600;7.04;7.04;7.04;7.04;100
20160121 152900;7.04;7.04;7.03;7.03;200
20160121 153100;7.04;7.04;7.04;7.04;100
20160121 153200;7.04;7.1;7.04;7.1;4900
20160121 153300;7.1;7.15;7.1;7.14;1899
20160121 154000;7.19;7.19;7.19;7.19;100
20160121 154100;7.19;7.19;7.19;7.19;100
20160121 154300;7.26;7.26;7.26;7.26;100
20160121 154500;7.26;7.27;7.24;7.24;500
20160121 154600;7.26;7.29;7.24;7.29;629
20160121 154700;7.32;7.42;7.31;7.41;4272
20160121 154800;7.43;7.43;7.43;7.43;100
20160121 154900;7.42;7.42;7.42;7.42;200
20160121 155000;7.43;7.43;7.43;7.43;700
20160121 155100;7.43;7.43;7.37;7.4;600
20160121 155200;7.43;7.43;7.43;7.43;100
20160121 155300;7.43;7.43;7.43;7.43;100
20160121 155400;7.43;7.43;7.43;7.43;200
20160121 155800;7.37;7.37;7.35;7.35;1100
20160121 155900;7.35;7.35;7.32;7.32;714
20160121 160000;7.31;7.36;7.27;7.3;2712
20160122 093100;7.4;7.46;7.4;7.46;200
20160122 093300;7.45;7.45;7.45;7.45;200
20160122 093500;7.49;7.49;7.46;7.46;200
20160122 093600;7.4;7.4;7.4;7.4;100
20160122 093900;7.39;7.39;7.39;7.39;100
20160122 100900;7.49;7.564;7.47;7.47;1100
20160122 101400;7.5;7.51;7.47;7.5;1000
20160122 101600;7.445;7.5;7.445;7.465;1100
20160122 101700;7.5;7.5;7.465;7.465;500
20160122 102100;7.45;7.46;7.44;7.46;600
20160122 102400;7.39;7.45;7.39;7.45;1300
20160122 102700;7.4154;7.45;7.4154;7.45;700
20160122 102800;7.42;7.45;7.42;7.45;200
20160122 103000;7.45;7.45;7.45;7.45;200
20160122 103100;7.43;7.47;7.42;7.42;1300
20160122 103400;7.505;7.505;7.505;7.505;100
20160122 103700;7.525;7.525;7.525;7.525;100
20160122 103900;7.42;7.42;7.4;7.4;500
20160122 104500;7.44;7.54;7.43;7.54;600
20160122 104800;7.47;7.47;7.47;7.47;200
20160122 104900;7.45;7.47;7.44;7.45;3081
20160122 110300;7.48;7.48;7.48;7.48;100
20160122 110500;7.53;7.53;7.5175;7.5175;200
20160122 110600;7.48;7.48;7.48;7.48;100
20160122 110700;7.51;7.51;7.51;7.51;100
20160122 111600;7.5899;7.5899;7.5899;7.5899;217
20160122 112100;7.5001;7.59;7.5001;7.59;600
20160122 112600;7.64;7.64;7.64;7.64;100
20160122 112800;7.7;7.7;7.7;7.7;200
20160122 113600;7.6642;7.6642;7.6642;7.6642;100
20160122 114200;7.63;7.63;7.63;7.63;100
20160122 114500;7.66;7.66;7.66;7.66;100
20160122 115200;7.65;7.7;7.65;7.7;500
20160122 115500;7.68;7.71;7.68;7.68;900
20160122 120200;7.76;7.76;7.755;7.755;200
20160122 120700;7.8;7.8;7.8;7.8;200
20160122 121100;7.8293;7.8293;7.8293;7.8293;400
20160122 121200;7.77;7.77;7.7;7.7011;600
20160122 121500;7.75;7.75;7.75;7.75;100
20160122 121600;7.75;7.75;7.75;7.75;100
20160122 124300;7.75;7.75;7.72;7.72;200
20160122 124400;7.71;7.71;7.71;7.71;200
20160122 124700;7.71;7.71;7.71;7.71;400
20160122 124800;7.74;7.7893;7.73;7.7893;1200
20160122 125100;7.75;7.79;7.73;7.79;500
20160122 125400;7.74;7.74;7.74;7.74;200
20160122 125500;7.71;7.71;7.71;7.71;200
20160122 125600;7.72;7.72;7.71;7.71;200
20160122 125900;7.71;7.72;7.62;7.72;3300
20160122 130300;7.665;7.665;7.665;7.665;1600
20160122 130400;7.6348;7.6348;7.6348;7.6348;178
20160122 130700;7.7;7.7;7.7;7.7;1400
20160122 131100;7.7;7.7;7.68;7.68;1700
20160122 131400;7.69;7.69;7.69;7.69;500
20160122 131500;7.68;7.68;7.68;7.68;1600
20160122 131700;7.7;7.7;7.69;7.7;600
20160122 131800;7.7;7.7;7.7;7.7;507
20160122 131900;7.72;7.72;7.7;7.71;300
20160122 132300;7.71;7.71;7.71;7.71;100
20160122 133100;7.71;7.71;7.71;7.71;100
20160122 133300;7.71;7.71;7.71;7.71;300
20160122 134300;7.8;7.8;7.8;7.8;200
20160122 135700;7.79;7.79;7.79;7.79;200
20160122 140000;7.73;7.75;7.72;7.75;300
20160122 142200;7.6575;7.6575;7.6575;7.6575;200
20160122 142300;7.62;7.62;7.62;7.62;100
20160122 142600;7.62;7.62;7.58;7.58;300
20160122 143200;7.56;7.56;7.56;7.56;200
20160122 143300;7.53;7.53;7.4214;7.47;5300
20160122 143600;7.46;7.46;7.46;7.46;100
20160122 143700;7.4201;7.4201;7.4201;7.4201;1300
20160122 144000;7.5091;7.5091;7.5091;7.5091;100
20160122 144100;7.51;7.51;7.485;7.485;10300
20160122 144200;7.54;7.57;7.54;7.57;300
20160122 144300;7.58;7.58;7.58;7.58;200
20160122 144700;7.5563;7.5563;7.5563;7.5563;100
20160122 145000;7.5656;7.5656;7.5656;7.5656;100
20160122 145100;7.57;7.57;7.57;7.57;100
20160122 145200;7.57;7.57;7.57;7.57;300
20160122 145300;7.57;7.57;7.57;7.57;500
20160122 151200;7.63;7.63;7.63;7.63;100
20160122 151400;7.63;7.67;7.63;7.67;300
20160122 151600;7.69;7.69;7.655;7.655;400
20160122 151800;7.62;7.62;7.62;7.62;100
20160122 151900;7.62;7.62;7.62;7.62;200
20160122 152500;7.63;7.63;7.63;7.63;130
20160122 152900;7.56;7.56;7.56;7.56;100
20160122 153000;7.56;7.587;7.55;7.587;788
20160122 153400;7.524;7.524;7.524;7.524;200
20160122 153800;7.53;7.53;7.52;7.52;200
20160122 153900;7.52;7.52;7.52;7.52;100
20160122 154000;7.54;7.54;7.5167;7.5167;911
20160122 154100;7.52;7.52;7.5;7.5;900
20160122 154200;7.51;7.58;7.51;7.58;400
20160122 154400;7.55;7.55;7.55;7.55;100
20160122 154800;7.55;7.55;7.55;7.55;200
20160122 155200;7.55;7.55;7.55;7.55;100
20160122 155300;7.55;7.55;7.55;7.55;200
20160122 155500;7.55;7.55;7.55;7.55;100
20160122 155800;7.54;7.57;7.5314;7.57;900
20160122 160000;7.55;7.58;7.54;7.54;711
20160125 093400;7.63;7.67;7.63;7.67;200
20160125 093800;7.63;7.63;7.63;7.63;100
20160125 093900;7.62;7.62;7.55;7.6;820
20160125 094800;7.58;7.58;7.58;7.58;100
20160125 094900;7.59;7.59;7.59;7.59;200
20160125 095000;7.5;7.56;7.5;7.56;200
20160125 100200;7.6499;7.6499;7.6499;7.6499;200
20160125 100700;7.6;7.6;7.6;7.6;200
20160125 101200;7.53;7.55;7.53;7.55;600
20160125 101500;7.56;7.56;7.56;7.56;100
20160125 101900;7.62;7.62;7.62;7.62;200
20160125 102000;7.58;7.6;7.58;7.6;200
20160125 102100;7.6;7.6;7.6;7.6;100
20160125 102200;7.6;7.6;7.6;7.6;100
20160125 105200;7.57;7.57;7.57;7.57;100
20160125 105300;7.56;7.56;7.56;7.56;100
20160125 111500;7.51;7.55;7.51;7.55;600
20160125 112300;7.55;7.55;7.55;7.55;100
20160125 112900;7.59;7.59;7.59;7.59;100
20160125 113000;7.52;7.52;7.52;7.52;338
20160125 113800;7.49;7.49;7.49;7.49;100
20160125 114100;7.53;7.53;7.53;7.53;100
20160125 120500;7.3;7.3;7.3;7.3;100
20160125 120700;7.3;7.3;7.3;7.3;130
20160125 121100;7.35;7.35;7.35;7.35;200
20160125 122800;7.42;7.42;7.42;7.42;100
20160125 124300;7.39;7.43;7.39;7.43;300
20160125 132500;7.43;7.43;7.43;7.43;200
20160125 132700;7.4109;7.47;7.41;7.47;3900
20160125 133000;7.39;7.39;7.39;7.39;200
20160125 133600;7.4;7.4;7.4;7.4;300
20160125 133700;7.44;7.47;7.44;7.47;200
20160125 134000;7.43;7.43;7.43;7.43;100
20160125 135000;7.44;7.44;7.4;7.43;1000
20160125 135200;7.43;7.43;7.43;7.43;100
20160125 135300;7.42;7.42;7.42;7.42;100
20160125 140300;7.4;7.4;7.4;7.4;400
20160125 142300;7.3525;7.365;7.341;7.341;600
20160125 143600;7.34;7.34;7.34;7.34;300
20160125 144500;7.36;7.36;7.355;7.36;600
20160125 144600;7.36;7.36;7.36;7.36;100
20160125 144900;7.355;7.355;7.355;7.355;100
20160125 145300;7.355;7.355;7.355;7.355;100
20160125 145400;7.35;7.36;7.35;7.36;200
20160125 145800;7.36;7.36;7.36;7.36;100
20160125 145900;7.38;7.38;7.38;7.38;100
20160125 150700;7.39;7.39;7.39;7.39;300
20160125 151000;7.425;7.425;7.42;7.42;200
20160125 153200;7.44;7.44;7.44;7.44;100
20160125 153900;7.5;7.5;7.5;7.5;127
20160125 154100;7.46;7.46;7.46;7.46;100
20160125 155200;7.48;7.48;7.48;7.48;100
20160125 155300;7.53;7.53;7.53;7.53;100
20160125 155700;7.52;7.52;7.47;7.47;200
20160125 155900;7.46;7.48;7.45;7.48;2400
20160125 160000;7.47;7.48;7.46;7.475;856
20160126 093200;7.61;7.655;7.61;7.655;329
20160126 093400;7.695;7.695;7.695;7.695;100
20160126 093500;7.77;7.77;7.77;7.77;100
20160126 093600;7.685;7.72;7.685;7.72;200
20160126 093800;7.77;7.77;7.77;7.77;100
20160126 093900;7.73;7.75;7.62;7.62;400
20160126 094000;7.64;7.645;7.6;7.6;400
20160126 094100;7.6;7.64;7.6;7.64;300
20160126 094200;7.68;7.68;7.68;7.68;200
20160126 094400;7.58;7.64;7.58;7.64;300
20160126 094500;7.5401;7.5401;7.5401;7.5401;150
20160126 094800;7.57;7.57;7.52;7.52;400
20160126 095000;7.55;7.55;7.55;7.55;100
20160126 095300;7.49;7.5;7.49;7.49;700
20160126 095900;7.47;7.47;7.47;7.47;300
20160126 100000;7.4899;7.4899;7.41;7.425;1700
20160126 100500;7.435;7.435;7.435;7.435;100
20160126 100800;7.435;7.435;7.435;7.435;100
20160126 100900;7.46;7.46;7.46;7.46;100
20160126 102300;7.485;7.485;7.485;7.485;100
20160126 102400;7.45;7.485;7.45;7.485;200
20160126 102900;7.492;7.492;7.492;7.492;150
20160126 103000;7.4861;7.4861;7.4861;7.4861;100
20160126 103700;7.45;7.475;7.45;7.475;400
20160126 104200;7.45;7.45;7.45;7.45;100
20160126 104600;7.43;7.43;7.43;7.43;300
20160126 105000;7.43;7.43;7.43;7.43;300
20160126 105300;7.43;7.43;7.43;7.43;100
20160126 105400;7.4;7.42;7.4;7.4;2350
20160126 110200;7.43;7.43;7.43;7.43;600
20160126 110400;7.41;7.41;7.41;7.41;270
20160126 110700;7.4599;7.4599;7.4599;7.4599;226
20160126 111100;7.445;7.445;7.445;7.445;100
20160126 111300;7.445;7.445;7.43;7.43;300
20160126 111400;7.445;7.445;7.445;7.445;100
20160126 111800;7.43;7.43;7.43;7.43;300
20160126 112600;7.39;7.39;7.39;7.39;100
20160126 112700;7.39;7.39;7.39;7.39;100
20160126 112800;7.39;7.39;7.39;7.39;200
20160126 112900;7.42;7.42;7.42;7.42;100
20160126 113100;7.4296;7.43;7.415;7.43;1500
20160126 113200;7.42;7.42;7.42;7.42;100
20160126 114000;7.44;7.44;7.42;7.42;200
20160126 114900;7.465;7.465;7.465;7.465;100
20160126 115000;7.46;7.46;7.46;7.46;100
20160126 115800;7.46;7.46;7.46;7.46;100
20160126 121000;7.48;7.49;7.48;7.49;500
20160126 121300;7.465;7.465;7.465;7.465;100
20160126 122400;7.48;7.48;7.48;7.48;200
20160126 123200;7.48;7.48;7.48;7.48;100
20160126 123800;7.45;7.5;7.45;7.5;200
20160126 123900;7.45;7.45;7.45;7.45;100
20160126 124000;7.48;7.48;7.48;7.48;100
20160126 124100;7.45;7.45;7.45;7.45;1549
20160126 124500;7.434;7.434;7.434;7.434;200
20160126 130000;7.4301;7.4301;7.4301;7.4301;1000
20160126 130100;7.43;7.43;7.43;7.43;100
20160126 130300;7.43;7.5;7.4;7.46;1717
20160126 130400;7.49;7.49;7.49;7.49;100
20160126 130500;7.47;7.47;7.43;7.46;400
20160126 130600;7.46;7.49;7.46;7.49;300
20160126 130700;7.52;7.57;7.47;7.57;979
20160126 131100;7.57;7.57;7.57;7.57;100
20160126 131700;7.58;7.58;7.58;7.58;100
20160126 132300;7.58;7.58;7.58;7.58;100
20160126 132400;7.5799;7.5799;7.5799;7.5799;100
20160126 132600;7.58;7.58;7.58;7.58;100
20160126 132700;7.58;7.58;7.58;7.58;100
20160126 132900;7.53;7.58;7.53;7.58;554
20160126 134400;7.5601;7.5601;7.5601;7.5601;100
20160126 135700;7.57;7.57;7.57;7.57;100
20160126 135800;7.55;7.55;7.55;7.55;100
20160126 135900;7.5501;7.5501;7.5501;7.5501;100
20160126 140100;7.55;7.55;7.55;7.55;200
20160126 140200;7.55;7.55;7.55;7.55;100
20160126 140500;7.55;7.55;7.53;7.54;900
20160126 140700;7.51;7.55;7.51;7.55;200
20160126 141400;7.5501;7.5501;7.5501;7.5501;100
20160126 142100;7.5501;7.5501;7.5501;7.5501;100
20160126 142400;7.58;7.58;7.58;7.58;100
20160126 142900;7.55;7.55;7.55;7.55;400
20160126 143600;7.5401;7.55;7.54;7.55;300
20160126 143900;7.55;7.55;7.55;7.55;100
20160126 144000;7.55;7.55;7.55;7.55;100
20160126 144100;7.55;7.55;7.55;7.55;100
20160126 144300;7.5401;7.5401;7.54;7.54;200
20160126 144600;7.55;7.55;7.55;7.55;100
20160126 144800;7.55;7.55;7.53;7.55;1200
20160126 145500;7.56;7.56;7.56;7.56;100
20160126 150300;7.5501;7.5501;7.5501;7.5501;100
20160126 150400;7.55;7.55;7.55;7.55;600
20160126 150500;7.55;7.55;7.55;7.55;100
20160126 150600;7.55;7.55;7.54;7.55;1500
20160126 150700;7.55;7.56;7.55;7.56;1300
20160126 150800;7.55;7.55;7.55;7.55;100
20160126 152100;7.55;7.55;7.55;7.55;200
20160126 152500;7.5501;7.5501;7.5501;7.5501;100
20160126 152900;7.5501;7.5501;7.5501;7.5501;100
20160126 153400;7.55;7.56;7.55;7.55;400
20160126 153700;7.5;7.54;7.5;7.54;200
20160126 154000;7.56;7.56;7.56;7.56;100
20160126 154400;7.55;7.55;7.55;7.55;100
20160126 154700;7.56;7.56;7.56;7.56;100
20160126 155000;7.5101;7.5101;7.5101;7.5101;100
20160126 155200;7.5101;7.5101;7.5101;7.5101;100
20160126 155400;7.5201;7.5201;7.5201;7.5201;100
20160126 155600;7.545;7.545;7.545;7.545;100
20160126 155700;7.55;7.55;7.55;7.55;100
20160126 155800;7.55;7.55;7.55;7.55;100
20160126 155900;7.56;7.58;7.5501;7.5501;591
20160126 160000;7.565;7.565;7.55;7.55;1590
20160127 093200;7.54;7.58;7.54;7.58;700
20160127 093400;7.58;7.58;7.58;7.58;100
20160127 093600;7.59;7.64;7.37;7.37;600
20160127 093700;7.54;7.54;7.54;7.54;200
20160127 093800;7.54;7.58;7.54;7.58;200
20160127 094000;7.5;7.5;7.47;7.47;200
20160127 095100;7.49;7.54;7.49;7.54;600
20160127 095200;7.58;7.58;7.58;7.58;100
20160127 101000;7.54;7.54;7.54;7.54;100
20160127 101200;7.5;7.5;7.5;7.5;200
20160127 101600;7.5;7.5;7.5;7.5;115
20160127 103000;7.5;7.51;7.5;7.51;200
20160127 103600;7.52;7.52;7.52;7.52;100
20160127 104000;7.52;7.52;7.52;7.52;100
20160127 105900;7.54;7.54;7.54;7.54;100
20160127 110100;7.52;7.52;7.52;7.52;100
20160127 110700;7.52;7.52;7.5;7.5;200
20160127 111000;7.5599;7.56;7.5599;7.56;323
20160127 111100;7.49;7.49;7.49;7.49;100
20160127 111200;7.5;7.5;7.5;7.5;100
20160127 111300;7.5;7.5;7.5;7.5;200
20160127 111900;7.5;7.5;7.5;7.5;1400
20160127 112500;7.5;7.5;7.5;7.5;200
20160127 114400;7.4725;7.4725;7.4706;7.4706;207
20160127 114500;7.5;7.5;7.5;7.5;100
20160127 114700;7.5;7.5;7.5;7.5;200
20160127 114900;7.475;7.475;7.475;7.475;100
20160127 115600;7.45;7.45;7.44;7.44;300
20160127 122500;7.5;7.5;7.5;7.5;300
20160127 122700;7.4667;7.475;7.4667;7.475;850
20160127 122900;7.475;7.5;7.475;7.5;900
20160127 123200;7.4994;7.4994;7.4994;7.4994;100
20160127 123400;7.49;7.52;7.48;7.5;1000
20160127 124500;7.5399;7.5399;7.5399;7.5399;250
20160127 124700;7.54;7.54;7.54;7.54;100
20160127 131600;7.47;7.5;7.47;7.5;400
20160127 131700;7.5;7.5;7.5;7.5;500
20160127 131800;7.465;7.5;7.465;7.5;200
20160127 132300;7.49;7.5;7.49;7.5;800
20160127 132700;7.51;7.51;7.51;7.51;300
20160127 132900;7.52;7.52;7.51;7.51;200
20160127 140100;7.51;7.51;7.51;7.51;300
20160127 140700;7.5;7.5;7.5;7.5;300
20160127 140800;7.54;7.54;7.54;7.54;100
20160127 141100;7.5;7.5;7.5;7.5;400
20160127 141500;7.49;7.49;7.49;7.49;100
20160127 142600;7.54;7.54;7.5;7.5;400
20160127 142900;7.5;7.5;7.48;7.48;700
20160127 143600;7.49;7.49;7.49;7.49;100
20160127 143900;7.5;7.5;7.5;7.5;400
20160127 144300;7.5;7.5;7.5;7.5;300
20160127 144900;7.51;7.51;7.51;7.51;300
20160127 145000;7.54;7.54;7.54;7.54;1100
20160127 145100;7.54;7.54;7.54;7.54;100
20160127 145200;7.52;7.52;7.52;7.52;100
20160127 145400;7.5;7.51;7.5;7.51;300
20160127 145500;7.52;7.52;7.52;7.52;100
20160127 145600;7.54;7.54;7.5001;7.52;3500
20160127 150200;7.54;7.54;7.54;7.54;100
20160127 150500;7.54;7.54;7.54;7.54;200
20160127 150700;7.5;7.5;7.5;7.5;100
20160127 151400;7.54;7.54;7.54;7.54;200
20160127 151600;7.535;7.54;7.485;7.5;1943
20160127 151700;7.54;7.54;7.54;7.54;200
20160127 152100;7.52;7.54;7.51;7.51;400
20160127 152200;7.53;7.53;7.53;7.53;100
20160127 152400;7.5075;7.5075;7.5;7.5;200
20160127 153200;7.538;7.54;7.52;7.52;1400
20160127 153700;7.58;7.58;7.58;7.58;100
20160127 153800;7.579;7.579;7.578;7.578;500
20160127 154300;7.5;7.525;7.5;7.5;500
20160127 154400;7.5;7.5;7.5;7.5;100
20160127 154500;7.53;7.53;7.53;7.53;567
20160127 154600;7.52;7.52;7.52;7.52;200
20160127 154800;7.52;7.535;7.5008;7.5008;300
20160127 154900;7.54;7.54;7.54;7.54;200
20160127 155200;7.51;7.51;7.51;7.51;100
20160127 155700;7.51;7.51;7.5;7.5;316
20160127 155800;7.54;7.54;7.54;7.54;300
20160127 155900;7.53;7.53;7.53;7.53;200
20160127 160000;7.54;7.57;7.51;7.55;1000
20160128 093800;7.66;7.66;7.61;7.61;658
20160128 093900;7.62;7.62;7.62;7.62;100
20160128 094500;7.6;7.6;7.6;7.6;100
20160128 094600;7.55;7.55;7.55;7.55;100
20160128 095700;7.58;7.58;7.55;7.56;500
20160128 100200;7.56;7.56;7.56;7.56;100
20160128 101400;7.61;7.61;7.61;7.61;200
20160128 102200;7.55;7.55;7.55;7.55;100
20160128 102400;7.5253;7.5253;7.5253;7.5253;500
20160128 102700;7.545;7.545;7.545;7.545;100
20160128 103000;7.55;7.55;7.55;7.55;200
20160128 103200;7.55;7.55;7.55;7.55;600
20160128 104400;7.55;7.55;7.55;7.55;100
20160128 104500;7.55;7.5744;7.55;7.5744;200
20160128 104600;7.55;7.55;7.55;7.55;100
20160128 105300;7.57;7.57;7.57;7.57;100
20160128 105900;7.57;7.57;7.57;7.57;300
20160128 110000;7.64;7.64;7.64;7.64;100
20160128 110800;7.63;7.63;7.63;7.63;200
20160128 110900;7.64;7.64;7.6399;7.6399;418
20160128 111500;7.62;7.62;7.61;7.61;200
20160128 112100;7.57;7.57;7.57;7.57;100
20160128 112300;7.605;7.605;7.605;7.605;100
20160128 112800;7.61;7.61;7.61;7.61;100
20160128 112900;7.63;7.75;7.61;7.61;3817
20160128 113000;7.7402;7.7402;7.7402;7.7402;100
20160128 113500;7.68;7.68;7.68;7.68;100
20160128 113700;7.645;7.645;7.645;7.645;100
20160128 114400;7.64;7.64;7.64;7.64;100
20160128 114600;7.645;7.645;7.645;7.645;100
20160128 115600;7.63;7.66;7.625;7.625;500
20160128 120300;7.6;7.6;7.6;7.6;300
20160128 120800;7.635;7.635;7.635;7.635;100
20160128 121400;7.6;7.6;7.6;7.6;700
20160128 121600;7.6;7.6;7.6;7.6;200
20160128 121700;7.6;7.6;7.6;7.6;300
20160128 121900;7.6;7.6;7.6;7.6;300
20160128 122700;7.61;7.61;7.61;7.61;100
20160128 123000;7.605;7.62;7.605;7.605;300
20160128 123200;7.605;7.62;7.605;7.62;200
20160128 123400;7.62;7.62;7.62;7.62;100
20160128 123500;7.62;7.62;7.62;7.62;100
20160128 123700;7.62;7.62;7.62;7.62;100
20160128 123900;7.62;7.62;7.62;7.62;100
20160128 124000;7.58;7.61;7.58;7.61;200
20160128 124200;7.62;7.62;7.605;7.605;200
20160128 124400;7.605;7.6199;7.605;7.6199;200
20160128 124500;7.62;7.62;7.62;7.62;100
20160128 124700;7.62;7.62;7.62;7.62;100
20160128 124900;7.62;7.62;7.62;7.62;100
20160128 125000;7.62;7.62;7.62;7.62;100
20160128 125200;7.61;7.61;7.59;7.59;400
20160128 125400;7.6;7.6;7.6;7.6;200
20160128 125500;7.61;7.61;7.6;7.6;200
20160128 125600;7.6;7.6;7.6;7.6;100
20160128 125700;7.59;7.59;7.59;7.59;100
20160128 125800;7.59;7.59;7.59;7.59;100
20160128 130000;7.6;7.6;7.6;7.6;100
20160128 130200;7.6;7.6;7.6;7.6;100
20160128 130400;7.6;7.6;7.59;7.59;200
20160128 130500;7.6;7.6;7.6;7.6;100
20160128 130800;7.6;7.6;7.6;7.6;100
20160128 131800;7.62;7.62;7.6;7.6;300
20160128 132200;7.6;7.6;7.6;7.6;200
20160128 132700;7.61;7.61;7.61;7.61;300
20160128 132800;7.61;7.61;7.61;7.61;200
20160128 132900;7.6;7.6;7.6;7.6;200
20160128 133200;7.57;7.57;7.57;7.57;100
20160128 133300;7.57;7.57;7.57;7.57;100
20160128 133800;7.6;7.6;7.6;7.6;100
20160128 134200;7.6;7.6;7.6;7.6;100
20160128 134300;7.6;7.62;7.6;7.62;300
20160128 134800;7.6;7.6;7.6;7.6;300
20160128 135000;7.55;7.55;7.55;7.55;100
20160128 135200;7.61;7.61;7.6;7.6;200
20160128 135400;7.63;7.63;7.63;7.63;100
20160128 135500;7.6;7.6;7.6;7.6;300
20160128 135700;7.6;7.6;7.6;7.6;100
20160128 140000;7.6;7.61;7.6;7.61;200
20160128 140300;7.61;7.61;7.61;7.61;100
20160128 140800;7.6;7.6;7.6;7.6;300
20160128 141000;7.6;7.6;7.6;7.6;100
20160128 141100;7.605;7.605;7.605;7.605;100
20160128 141300;7.605;7.605;7.605;7.605;100
20160128 141500;7.6;7.6;7.6;7.6;100
20160128 141600;7.6;7.6;7.6;7.6;300
20160128 141800;7.6;7.6;7.6;7.6;300
20160128 142100;7.6;7.6;7.6;7.6;100
20160128 142300;7.58;7.58;7.58;7.58;200
20160128 142400;7.6;7.6;7.59;7.59;300
20160128 142700;7.57;7.57;7.57;7.57;100
20160128 142900;7.5985;7.5985;7.5985;7.5985;100
20160128 143000;7.6;7.6;7.6;7.6;100
20160128 143200;7.6;7.6;7.6;7.6;100
20160128 143400;7.6;7.6;7.6;7.6;100
20160128 143600;7.59;7.59;7.59;7.59;400
20160128 144000;7.6;7.6;7.6;7.6;100
20160128 144200;7.599;7.599;7.599;7.599;100
20160128 144400;7.58;7.58;7.58;7.58;200
20160128 144700;7.57;7.58;7.57;7.575;300
20160128 144900;7.57;7.57;7.55;7.55;300
20160128 145000;7.57;7.57;7.57;7.57;200
20160128 145100;7.5799;7.5799;7.5799;7.5799;100
20160128 145300;7.58;7.58;7.58;7.58;100
20160128 145400;7.58;7.58;7.58;7.58;200
20160128 145600;7.58;7.58;7.58;7.58;100
20160128 145700;7.61;7.61;7.6;7.6;200
20160128 145900;7.57;7.57;7.57;7.57;300
20160128 150300;7.61;7.61;7.6;7.6;200
20160128 151200;7.61;7.61;7.61;7.61;100
20160128 151700;7.6299;7.6299;7.6299;7.6299;600
20160128 151900;7.61;7.61;7.61;7.61;100
20160128 152100;7.6;7.6;7.6;7.6;400
20160128 152400;7.6;7.6;7.6;7.6;100
20160128 152500;7.6;7.6;7.6;7.6;100
20160128 152600;7.6;7.6;7.6;7.6;400
20160128 153100;7.61;7.61;7.61;7.61;100
20160128 153200;7.61;7.61;7.61;7.61;1700
20160128 153700;7.61;7.61;7.61;7.61;1200
20160128 153800;7.62;7.62;7.62;7.62;100
20160128 154000;7.6;7.6;7.6;7.6;600
20160128 154100;7.61;7.61;7.61;7.61;300
20160128 154400;7.61;7.61;7.6;7.6;200
20160128 154500;7.61;7.6175;7.61;7.6175;600
20160128 154700;7.62;7.62;7.62;7.62;100
20160128 154900;7.655;7.655;7.655;7.655;100
20160128 155400;7.66;7.66;7.65;7.65;1700
20160128 155500;7.65;7.65;7.63;7.63;200
20160128 155800;7.67;7.67;7.665;7.67;500
20160128 155900;7.665;7.67;7.665;7.67;200
20160128 160000;7.68;7.68;7.67;7.67;544
20160129 093100;7.64;7.64;7.64;7.64;100
20160129 093400;7.7;7.7;7.7;7.7;200
20160129 093900;7.75;7.75;7.71;7.71;300
20160129 094100;7.75;7.75;7.75;7.75;100
20160129 094300;7.75;7.75;7.75;7.75;100
20160129 094600;7.78;7.78;7.78;7.78;100
20160129 095100;7.78;7.83;7.78;7.83;500
20160129 101200;7.94;7.96;7.94;7.96;300
20160129 101500;7.955;7.955;7.93;7.93;200
20160129 101800;7.914;7.914;7.914;7.914;100
20160129 101900;7.9201;7.9201;7.9201;7.9201;500
20160129 102200;7.98;7.98;7.921;7.98;800
20160129 102300;7.98;7.98;7.98;7.98;300
20160129 102400;8;8;8;8;100
20160129 102500;7.9601;8;7.9601;7.99;4200
20160129 102900;8.04;8.051;8.04;8.051;1400
20160129 104100;8.0316;8.0316;8.0316;8.0316;270
20160129 104300;8;8;8;8;800
20160129 105600;7.96;7.96;7.96;7.96;100
20160129 110200;7.914;7.959;7.914;7.959;600
20160129 110800;7.97;7.9999;7.97;7.9999;410
20160129 111200;7.99;7.99;7.99;7.99;100
20160129 111500;7.99;7.99;7.99;7.99;100
20160129 111700;7.95;7.99;7.94;7.99;300
20160129 111900;7.98;7.98;7.98;7.98;100
20160129 112000;7.97;7.97;7.97;7.97;100
20160129 112200;7.962;7.99;7.962;7.99;600
20160129 112500;7.99;7.99;7.99;7.99;1100
20160129 112600;7.99;7.99;7.99;7.99;100
20160129 112800;8;8.02;8;8;600
20160129 112900;8;8;7.99;8;400
20160129 113300;7.98;8;7.98;7.98;500
20160129 113900;7.98;7.98;7.98;7.98;200
20160129 115000;7.9542;7.9542;7.95;7.95;400
20160129 120200;7.8616;7.8616;7.8616;7.8616;100
20160129 120400;7.87;7.87;7.87;7.87;300
20160129 122200;7.89;7.89;7.89;7.89;100
20160129 122700;7.97;7.97;7.97;7.97;100
20160129 123200;7.97;7.97;7.945;7.945;300
20160129 123300;7.92;7.92;7.92;7.92;100
20160129 124100;7.83;7.83;7.83;7.83;100
20160129 125000;7.85;7.85;7.83;7.83;300
20160129 130500;7.79;7.83;7.79;7.79;500
20160129 131300;7.8;7.8;7.8;7.8;300
20160129 131400;7.82;7.82;7.82;7.82;200
20160129 132700;7.91;7.91;7.88;7.88;427
20160129 133600;7.88;7.88;7.88;7.88;600
20160129 134300;7.86;7.86;7.86;7.86;100
20160129 134500;7.88;7.88;7.88;7.88;200
20160129 134900;7.9;7.9127;7.9;7.9127;400
20160129 135100;7.925;7.925;7.88;7.88;600
20160129 135300;7.88;7.88;7.88;7.88;100
20160129 135700;7.89;7.89;7.89;7.89;100
20160129 140100;7.87;7.87;7.87;7.87;100
20160129 140300;7.87;7.87;7.87;7.87;200
20160129 141100;7.86;7.86;7.86;7.86;100
20160129 142200;7.87;7.9;7.87;7.9;1637
20160129 142300;7.9;7.91;7.9;7.91;200
20160129 142400;7.95;7.95;7.95;7.95;300
20160129 142600;7.97;7.97;7.97;7.97;100
20160129 143400;7.9315;7.9315;7.9315;7.9315;294
20160129 143500;7.95;7.9503;7.95;7.9503;600
20160129 143600;7.9;7.9;7.9;7.9;100
20160129 143700;7.9;7.9;7.9;7.9;100
20160129 144600;7.88;7.88;7.88;7.88;100
20160129 144700;7.9;7.9;7.9;7.9;100
20160129 145100;7.9;7.9;7.9;7.9;100
20160129 145300;7.88;7.88;7.88;7.88;300
20160129 150500;7.89;7.89;7.89;7.89;100
20160129 150900;7.88;7.88;7.88;7.88;200
20160129 151500;7.9;7.9;7.9;7.9;200
20160129 152400;7.91;7.91;7.891;7.891;300
20160129 153500;7.9;7.9;7.9;7.9;400
20160129 154300;7.93;7.93;7.93;7.93;300
20160129 154600;7.93;7.93;7.93;7.93;300
20160129 154900;7.98;8;7.98;8;200
20160129 155100;8;8.02;7.98;8.02;5800
20160129 155200;8.02;8.02;7.98;7.98;1700
20160129 155300;7.98;8;7.98;8;200
20160129 155600;8.01;8.01;8.01;8.01;100
20160129 155800;8.01;8.01;8.01;8.01;200
20160129 155900;8.01;8.01;8;8;300
20160129 160000;7.91;7.94;7.91;7.94;2048
20160201 093100;8.2233;8.2233;8.2233;8.2233;240
20160201 093400;7.97;7.97;7.97;7.97;100
20160201 093500;7.97;7.97;7.97;7.97;100
20160201 093700;7.97;7.97;7.97;7.97;100
20160201 093900;7.95;7.97;7.95;7.97;1268
20160201 094000;7.89;7.92;7.89;7.92;300
20160201 094900;7.9;7.9;7.85;7.85;1000
20160201 095200;7.88;7.88;7.85;7.85;300
20160201 095700;7.8;7.8;7.8;7.8;100
20160201 095900;7.85;7.85;7.85;7.85;100
20160201 100100;7.83;7.83;7.83;7.83;100
20160201 100500;7.85;7.85;7.85;7.85;900
20160201 101300;8.06;8.07;8.06;8.07;300
20160201 101700;8.08;8.09;8.07;8.07;300
20160201 102200;8.09;8.09;8.09;8.09;100
20160201 103100;8.09;8.09;8.09;8.09;100
20160201 103500;8.1202;8.1202;8.1202;8.1202;380
20160201 104000;8.09;8.09;8.09;8.09;100
20160201 104100;8.09;8.09;8.09;8.09;200
20160201 104500;8.13;8.13;8.13;8.13;100
20160201 105000;8.14;8.14;8.14;8.14;100
20160201 111700;8.1599;8.1599;8.1599;8.1599;100
20160201 112100;8.09;8.09;8.09;8.09;408
20160201 112600;8.05;8.05;8.05;8.05;100
20160201 115400;8;8;7.95;7.95;500
20160201 115600;7.95;7.99;7.95;7.99;200
20160201 120400;7.94;7.94;7.94;7.94;100
20160201 120500;7.9899;7.99;7.9899;7.99;1150
20160201 120600;7.96;7.96;7.93;7.93;200
20160201 121200;7.89;7.89;7.89;7.89;200
20160201 122100;7.88;7.88;7.88;7.88;100
20160201 124100;7.89;7.89;7.89;7.89;300
20160201 124500;7.92;7.92;7.92;7.92;100
20160201 125400;7.89;7.89;7.89;7.89;100
20160201 130900;7.89;7.89;7.89;7.89;225
20160201 131300;7.9083;7.9083;7.9083;7.9083;600
20160201 131500;7.925;7.925;7.89;7.89;200
20160201 133200;7.87;7.87;7.87;7.87;100
20160201 133400;7.87;7.87;7.87;7.87;100
20160201 134800;7.85;7.85;7.85;7.85;100
20160201 135400;7.84;7.84;7.84;7.84;130
20160201 140900;7.84;7.84;7.84;7.84;200
20160201 141400;7.84;7.85;7.84;7.84;300
20160201 143000;7.87;7.88;7.87;7.88;300
20160201 143700;7.91;7.91;7.91;7.91;100
20160201 144400;7.9499;7.9499;7.94;7.94;700
20160201 144500;7.91;7.91;7.91;7.91;100
20160201 144600;7.95;7.95;7.95;7.95;100
20160201 145100;7.9419;7.9419;7.9419;7.9419;377
20160201 150100;7.89;7.89;7.89;7.89;100
20160201 151200;7.95;7.95;7.95;7.95;500
20160201 153000;7.9129;7.9129;7.9129;7.9129;300
20160201 153200;7.93;7.93;7.91;7.91;300
20160201 153400;7.91;7.925;7.91;7.925;200
20160201 154700;7.93;7.93;7.93;7.93;100
20160201 154800;7.93;7.93;7.93;7.93;400
20160201 155300;7.95;7.95;7.95;7.95;100
20160201 155500;7.9001;7.9001;7.9001;7.9001;100
20160201 155600;7.94;7.94;7.94;7.94;100
20160201 155700;7.95;7.95;7.95;7.95;100
20160201 160000;7.95;7.95;7.9;7.9;379
20160202 093800;7.99;7.99;7.99;7.99;200
20160202 094000;7.95;7.96;7.95;7.96;200
20160202 094400;7.96;7.96;7.96;7.96;100
20160202 100200;8.17;8.17;8.17;8.17;100
20160202 101500;8.1;8.1;8.02;8.1;400
20160202 101600;8.08;8.08;8.01;8.08;300
20160202 101800;8.12;8.12;8.0533;8.08;1480
20160202 101900;8.1;8.1;8.1;8.1;100
20160202 102500;8.06;8.06;8.06;8.06;300
20160202 102600;8.06;8.18;8.06;8.18;300
20160202 102700;8.15;8.15;8.15;8.15;100
20160202 103700;8.12;8.12;8.12;8.12;100
20160202 103800;8.1;8.1;8.1;8.1;100
20160202 104900;8.07;8.085;8.06;8.06;400
20160202 105100;8.06;8.11;8.04;8.11;2350
20160202 105300;8.16;8.22;8.1001;8.22;2100
20160202 105400;8.16;8.16;8.16;8.16;100
20160202 110100;8.12;8.12;8.12;8.12;100
20160202 110400;8.12;8.17;8.12;8.12;300
20160202 110700;8.22;8.22;8.22;8.22;200
20160202 110800;8.2188;8.2188;8.2188;8.2188;250
20160202 111600;8.1936;8.1936;8.1936;8.1936;1500
20160202 111800;8.22;8.22;8.22;8.22;100
20160202 112200;8.22;8.22;8.22;8.22;100
20160202 112500;8.2;8.2;8.2;8.2;300
20160202 113200;8.2;8.2;8.2;8.2;100
20160202 113700;8.2;8.2;8.12;8.18;600
20160202 114400;8.11;8.11;8.11;8.11;100
20160202 115200;8.145;8.145;8.1;8.115;400
20160202 120400;8.08;8.08;8.08;8.08;200
20160202 120600;8.06;8.08;8.06;8.08;200
20160202 120800;8.07;8.07;8.07;8.07;100
20160202 121400;8;8.06;8;8.02;500
20160202 122000;7.95;8.02;7.95;8.02;200
20160202 122200;8.06;8.06;8.06;8.06;100
20160202 123100;8.08;8.08;8.07;8.07;300
20160202 124100;8.1;8.1;8.1;8.1;100
20160202 130100;8.09;8.09;8.08;8.09;300
20160202 131000;8.05;8.11;8.05;8.11;300
20160202 131100;8.03;8.1;7.99;7.99;2350
20160202 131200;8.09;8.09;8.05;8.05;300
20160202 131800;8.02;8.055;8.02;8.055;200
20160202 132000;8.1;8.1;8.1;8.1;100
20160202 133100;8.06;8.06;8.06;8.06;100
20160202 133700;8.059;8.1;8.059;8.1;4150
20160202 133800;8.06;8.06;8.06;8.06;100
20160202 134000;8.1;8.1;8.1;8.1;100
20160202 134100;8.06;8.06;8.05;8.06;300
20160202 134300;8.075;8.09;8.075;8.09;200
20160202 135000;8.09;8.1;8.09;8.1;600
20160202 135400;8.06;8.095;8.06;8.095;200
20160202 141300;8.06;8.075;8.06;8.075;300
20160202 141500;8.09;8.09;8.09;8.09;400
20160202 142200;8.09;8.1;8.09;8.1;500
20160202 142600;8.1;8.1;8.1;8.1;100
20160202 142700;8.1;8.1;8.1;8.1;100
20160202 143200;8.1;8.1;8.1;8.1;100
20160202 143300;8.09;8.09;8.09;8.09;100
20160202 143900;8.07;8.075;8.05;8.05;400
20160202 144800;8.09;8.1;8.09;8.1;500
20160202 145200;8.1;8.1;8.1;8.1;100
20160202 145400;8.1;8.1;8.1;8.1;440
20160202 150000;8.08;8.08;8.07;8.07;300
20160202 150200;8.02;8.02;8.02;8.02;100
20160202 151600;7.98;7.98;7.98;7.98;100
20160202 151700;8.03;8.03;8;8;200
20160202 152600;8.03;8.03;8.03;8.03;100
20160202 152800;8.03;8.07;8.03;8.07;600
20160202 153000;8.08;8.08;8.08;8.08;100
20160202 153900;8.015;8.015;8.015;8.015;100
20160202 154100;8.07;8.07;8.07;8.07;100
20160202 154700;8.08;8.08;8.08;8.08;100
20160202 155000;8.08;8.08;8.08;8.08;100
20160202 155100;8.03;8.03;8.03;8.03;300
20160202 155200;8.02;8.02;8.02;8.02;200
20160202 155300;8.05;8.05;8.05;8.05;200
20160202 155400;8.03;8.03;8.03;8.03;200
20160202 155800;8.08;8.08;8.08;8.08;100
20160202 155900;8.08;8.08;8.08;8.08;300
20160202 160000;8.08;8.08;8.01;8.05;2227
20160203 093400;8.158;8.158;8.13;8.13;1700
20160203 093600;8.15;8.15;8.15;8.15;300
20160203 093700;8.13;8.13;8.13;8.13;100
20160203 094000;8.18;8.18;8.15;8.17;300
20160203 094300;8.18;8.18;8.15;8.15;500
20160203 094400;8.21;8.21;8.21;8.21;400
20160203 094800;8.2;8.2;8.1706;8.1706;3780
20160203 094900;8.165;8.165;8.165;8.165;100
20160203 095100;8.13;8.13;8.13;8.13;100
20160203 095600;8.115;8.115;8.07;8.07;200
20160203 095700;8.07;8.07;8.07;8.07;400
20160203 100500;8.12;8.12;8.12;8.12;100
20160203 100600;8.07;8.0898;8.07;8.0898;600
20160203 100800;8.07;8.07;8.07;8.07;100
20160203 101300;8.1;8.1;8.1;8.1;100
20160203 101500;8.07;8.07;8.07;8.07;100
20160203 102700;8.04;8.04;8.04;8.04;100
20160203 103000;8.1;8.1;8.1;8.1;100
20160203 105200;8.04;8.04;8.04;8.04;100
20160203 105600;8.0301;8.0301;8.0301;8.0301;125
20160203 110000;8.07;8.07;8.07;8.07;100
20160203 110100;8.07;8.07;8.07;8.07;100
20160203 110300;8.11;8.11;8.11;8.11;100
20160203 114400;8.1;8.1;8.1;8.1;400
20160203 114600;8.1;8.1;8.1;8.1;676
20160203 115400;8.05;8.05;8.05;8.05;100
20160203 121400;8.1;8.1;8.1;8.1;900
20160203 121700;8.1;8.1;8.1;8.1;100
20160203 122100;8.1;8.1;8.1;8.1;100
20160203 122600;8.06;8.08;8.06;8.06;500
20160203 122700;8.085;8.085;8.065;8.065;700
20160203 123400;8.05;8.05;8.05;8.05;200
20160203 123600;8.065;8.065;8.05;8.05;300
20160203 123700;8.05;8.065;8.03;8.03;1570
20160203 123800;8.03;8.03;8.03;8.03;100
20160203 130500;8.07;8.07;8.035;8.035;500
20160203 131000;8.07;8.07;8.07;8.07;300
20160203 131200;8;8.035;8;8.035;300
20160203 131700;8;8;8;8;200
20160203 132100;8;8;8;8;100
20160203 132300;8;8;8;8;200
20160203 132600;8;8;8;8;200
20160203 133200;7.9906;7.9906;7.9906;7.9906;500
20160203 133300;8;8;8;8;200
20160203 133400;7.99;8.005;7.98;7.99;2187
20160203 133500;7.99;7.99;7.99;7.99;200
20160203 134100;8;8;8;8;400
20160203 134400;7.9378;7.9378;7.9378;7.9378;300
20160203 134500;7.9301;7.9301;7.9301;7.9301;1000
20160203 134800;7.934;7.95;7.93;7.938;1700
20160203 134900;7.95;7.96;7.95;7.96;200
20160203 135000;7.95;7.95;7.95;7.95;200
20160203 135400;7.92;7.93;7.92;7.93;200
20160203 135700;7.87;7.87;7.87;7.87;200
20160203 140400;7.9;7.93;7.9;7.93;800
20160203 141500;7.8;7.8;7.8;7.8;100
20160203 142400;7.98;7.98;7.98;7.98;146
20160203 143300;8.09;8.09;8.09;8.09;100
20160203 143800;8.01;8.01;7.98;7.98;200
20160203 144200;7.98;7.98;7.98;7.98;100
20160203 144500;8.05;8.05;8.05;8.05;100
20160203 144600;7.98;7.99;7.98;7.99;400
20160203 145000;8.05;8.05;8.05;8.05;100
20160203 150700;7.9401;7.9401;7.9401;7.9401;1300
20160203 151300;8.05;8.05;8.05;8.05;100
20160203 152400;8.05;8.05;8.05;8.05;100
20160203 153000;8.05;8.05;8.05;8.05;300
20160203 153400;8.02;8.02;8.02;8.02;100
20160203 153500;7.94;7.94;7.94;7.94;100
20160203 153900;8.07;8.07;8.07;8.07;100
20160203 154300;7.99;7.99;7.99;7.99;100
20160203 154900;8;8;8;8;100
20160203 155300;8.04;8.04;8.04;8.04;100
20160203 155800;8.06;8.06;8.06;8.06;967
20160203 160000;8.04;8.04;8.03;8.03;836
20160204 092800;8.02;8.02;8.02;8.02;200
20160204 093200;8.07;8.07;8.07;8.07;100
20160204 093800;8;8.01;8;8.01;200
20160204 094100;8;8;8;8;100
20160204 094400;8;8;8;8;100
20160204 094500;7.88;7.97;7.88;7.97;300
20160204 094800;7.99;7.99;7.99;7.99;100
20160204 095400;8;8;8;8;100
20160204 100300;8.1;8.1;8.06;8.06;200
20160204 100600;8.07;8.07;8.07;8.07;200
20160204 100800;8.0198;8.0198;8.0198;8.0198;400
20160204 102100;8.14;8.14;8.14;8.14;200
20160204 102400;8.18;8.19;8.18;8.19;200
20160204 103400;8.23;8.25;8.23;8.25;1596
20160204 103500;8.22;8.3;8.21;8.22;700
20160204 103600;8.21;8.25;8.21;8.25;300
20160204 104400;8.23;8.23;8.2;8.2;200
20160204 104600;8.23;8.23;8.19;8.19;300
20160204 104700;8.23;8.23;8.23;8.23;100
20160204 105000;8.21;8.21;8.21;8.21;100
20160204 105100;8.2;8.2;8.2;8.2;100
20160204 105300;8.2;8.2;8.2;8.2;100
20160204 105900;8.22;8.22;8.22;8.22;200
20160204 111500;8.22;8.22;8.22;8.22;200
20160204 111700;8.22;8.22;8.2128;8.2128;587
20160204 111800;8.18;8.18;8.18;8.18;100
20160204 112100;8.25;8.25;8.25;8.25;300
20160204 113100;8.22;8.22;8.22;8.22;400
20160204 114100;8.22;8.22;8.21;8.21;200
20160204 114200;8.23;8.23;8.23;8.23;100
20160204 114300;8.225;8.225;8.225;8.225;100
20160204 114700;8.21;8.225;8.21;8.225;200
20160204 115000;8.18;8.18;8.18;8.18;200
20160204 115100;8.215;8.215;8.205;8.205;200
20160204 115400;8.24;8.24;8.24;8.24;400
20160204 115500;8.23;8.23;8.23;8.23;100
20160204 115600;8.24;8.24;8.24;8.24;100
20160204 120500;8.235;8.25;8.235;8.24;1000
20160204 120600;8.21;8.25;8.21;8.25;680
20160204 120700;8.25;8.27;8.245;8.245;2960
20160204 121800;8.27;8.27;8.27;8.27;100
20160204 125500;8.25;8.25;8.25;8.25;100
20160204 131300;8.19;8.19;8.19;8.19;100
20160204 132900;8.16;8.16;8.15;8.15;700
20160204 133900;8.15;8.19;8.15;8.19;900
20160204 134200;8.16;8.16;8.16;8.16;200
20160204 135000;8.19;8.19;8.19;8.19;100
20160204 140200;8.22;8.22;8.22;8.22;600
20160204 140300;8.22;8.28;8.22;8.28;900
20160204 141800;8.3;8.3;8.3;8.3;100
20160204 142100;8.25;8.25;8.25;8.25;200
20160204 142200;8.28;8.28;8.28;8.28;100
20160204 142300;8.28;8.28;8.28;8.28;200
20160204 144300;8.24;8.24;8.24;8.24;100
20160204 144500;8.2;8.2;8.2;8.2;100
20160204 144800;8.2;8.2;8.2;8.2;200
20160204 145100;8.225;8.225;8.22;8.22;300
20160204 150100;8.24;8.35;8.24;8.35;1460
20160204 151000;8.28;8.28;8.28;8.28;100
20160204 151100;8.21;8.21;8.15;8.15;300
20160204 151200;8.2;8.2;8.2;8.2;100
20160204 153600;8.25;8.25;8.25;8.25;100
20160204 154300;8.24;8.24;8.24;8.24;100
20160204 154400;8.29;8.29;8.29;8.29;100
20160204 154700;8.16;8.16;8.16;8.16;100
20160204 155000;8.205;8.205;8.205;8.205;100
20160204 155300;8.23;8.25;8.23;8.25;800
20160204 155400;8.25;8.3;8.21;8.21;3050
20160204 155500;8.28;8.28;8.28;8.28;100
20160204 155600;8.27;8.27;8.27;8.27;200
20160204 160000;8.26;8.26;8.22;8.22;568
20160205 093100;8.21;8.47;8.2;8.2;800
20160205 093400;8.47;8.47;8.47;8.47;100
20160205 093700;8.47;8.47;8.47;8.47;100
20160205 094200;8.385;8.385;8.375;8.375;200
20160205 094400;8.365;8.4;8.3;8.4;2100
20160205 094500;8.28;8.28;8.28;8.28;100
20160205 094600;8.2601;8.35;8.2601;8.35;600
20160205 094700;8.32;8.32;8.09;8.09;2920
20160205 094800;8.25;8.28;8.25;8.28;200
20160205 094900;8.22;8.22;8.22;8.22;200
20160205 095500;8.02;8.07;8.02;8.07;500
20160205 100000;8.05;8.05;8.05;8.05;100
20160205 100200;8.05;8.06;8.04;8.06;300
20160205 100600;8.1;8.1;8.1;8.1;100
20160205 100700;8.065;8.065;8.065;8.065;600
20160205 101200;8.065;8.065;8;8;200
20160205 102900;7.98;7.995;7.98;7.995;300
20160205 103500;8.02;8.02;8.01;8.01;616
20160205 103800;7.97;7.97;7.97;7.97;100
20160205 105100;7.97;7.995;7.97;7.995;400
20160205 105200;7.97;7.97;7.97;7.97;100
20160205 105300;7.96;7.96;7.96;7.96;100
20160205 105500;7.92;7.92;7.92;7.92;100
20160205 105700;7.995;8;7.995;8;400
20160205 105800;8;8;8;8;200
20160205 110600;7.79;7.83;7.7742;7.7742;525
20160205 110700;7.78;7.78;7.78;7.78;100
20160205 111000;7.87;7.87;7.87;7.87;100
20160205 111100;7.85;7.8501;7.85;7.8501;600
20160205 111700;7.82;7.82;7.82;7.82;100
20160205 111800;7.808;7.808;7.8;7.8;2481
20160205 111900;7.85;7.85;7.84;7.85;1500
20160205 112600;7.82;7.82;7.81;7.82;500
20160205 113700;7.8;7.8;7.8;7.8;100
20160205 114200;7.8279;7.8279;7.8279;7.8279;300
20160205 114300;7.8;7.8;7.8;7.8;300
20160205 114700;7.8;7.8;7.8;7.8;100
20160205 115000;7.8;7.8;7.8;7.8;400
20160205 115100;7.8;7.8;7.8;7.8;100
20160205 115200;7.8;7.8;7.8;7.8;200
20160205 115800;7.8;7.8;7.78;7.78;1184
20160205 120000;7.8;7.8;7.8;7.8;100
20160205 122400;7.8;7.8;7.8;7.8;400
20160205 122900;7.8;7.8;7.8;7.8;400
20160205 123100;7.81;7.81;7.81;7.81;100
20160205 123500;7.81;7.81;7.81;7.81;100
20160205 130000;7.81;7.81;7.81;7.81;200
20160205 130800;7.8002;7.8002;7.8002;7.8002;150
20160205 131200;7.8;7.8;7.8;7.8;500
20160205 131900;7.82;7.82;7.82;7.82;100
20160205 132900;7.8;7.8;7.8;7.8;200
20160205 133100;7.8;7.8;7.8;7.8;300
20160205 133600;7.8;7.8;7.8;7.8;500
20160205 135200;7.8;7.8;7.8;7.8;200
20160205 135300;7.8;7.8;7.8;7.8;200
20160205 135400;7.82;7.82;7.82;7.82;100
20160205 135500;7.82;7.83;7.81;7.83;1300
20160205 135600;7.9;7.9;7.9;7.9;100
20160205 140000;7.89;7.89;7.88;7.88;200
20160205 141000;7.89;7.89;7.89;7.89;100
20160205 142900;7.85;7.85;7.84;7.84;374
20160205 143500;7.85;7.85;7.85;7.85;100
20160205 143600;7.83;7.83;7.83;7.83;100
20160205 144300;7.81;7.81;7.81;7.81;100
20160205 144800;7.85;7.85;7.814;7.814;600
20160205 145000;7.84;7.84;7.84;7.84;100
20160205 150300;7.82;7.85;7.81;7.85;471
20160205 150400;7.85;7.85;7.814;7.814;1200
20160205 150500;7.85;7.85;7.85;7.85;100
20160205 151700;7.87;7.87;7.87;7.87;500
20160205 151900;7.89;7.89;7.89;7.89;100
20160205 152100;7.86;7.86;7.86;7.86;100
20160205 152300;7.89;7.89;7.89;7.89;100
20160205 152600;7.86;7.89;7.86;7.89;200
20160205 152800;7.8644;7.87;7.8524;7.8524;1200
20160205 153000;7.87;7.87;7.85;7.85;400
20160205 153600;7.87;7.87;7.85;7.85;600
20160205 153700;7.85;7.85;7.85;7.85;100
20160205 154300;7.85;7.85;7.85;7.85;100
20160205 154500;7.85;7.85;7.85;7.85;300
20160205 154600;7.85;7.85;7.85;7.85;2144
20160205 154700;7.85;7.858;7.84;7.85;1700
20160205 155000;7.85;7.85;7.85;7.85;400
20160205 155100;7.85;7.85;7.85;7.85;700
20160205 155200;7.85;7.85;7.85;7.85;100
20160205 155300;7.8578;7.8578;7.8578;7.8578;323
20160205 155600;7.86;7.86;7.86;7.86;100
20160205 155700;7.85;7.85;7.85;7.85;100
20160205 155900;7.85;7.87;7.85;7.87;200
20160205 160000;7.88;7.91;7.88;7.91;1846
