20160119 093100;26.2;26.49;26.2;26.45;1800
20160119 093400;26.48;26.48;26.4;26.4;800
20160119 093500;26.44;26.44;26.4;26.4;200
20160119 093600;26.48;26.64;26.48;26.62;1478
20160119 093700;26.62;26.67;26.5;26.5;2300
20160119 094000;26.61;26.74;26.48;26.53;1200
20160119 094100;26.56;26.68;26.56;26.68;400
20160119 094300;26.76;26.9;26.76;26.89;1300
20160119 094400;26.735;26.79;26.7;26.7;700
20160119 094600;26.62;26.85;26.62;26.85;400
20160119 095000;26.86;26.86;26.85;26.85;1000
20160119 095100;26.84;26.89;26.785;26.83;1400
20160119 095200;26.84;26.975;26.84;26.94;700
20160119 095300;26.92;26.92;26.92;26.92;100
20160119 095400;26.905;27;26.895;27;700
20160119 095600;27.08;27.1;27.08;27.1;600
20160119 095700;27.12;27.16;27.12;27.16;400
20160119 095900;27.14;27.17;27.14;27.17;300
20160119 100000;27.26;27.285;27.26;27.285;700
20160119 100100;27.26;27.29;27.25;27.29;400
20160119 100200;27.4;27.4;27.4;27.4;100
20160119 100300;27.26;27.34;27.23;27.34;2900
20160119 100400;27.42;27.57;27.23;27.355;1100
20160119 100600;27.23;27.415;27.23;27.37;800
20160119 100700;27.36;27.46;27.345;27.35;500
20160119 100800;27.335;27.335;27.335;27.335;100
20160119 101200;27.31;27.35;27.31;27.35;300
20160119 101300;27.3;27.34;27.29;27.34;600
20160119 101400;27.32;27.35;27.29;27.3;3100
20160119 101500;27.13;27.13;27.13;27.13;200
20160119 101600;27.21;27.22;27.21;27.22;200
20160119 101700;27.13;27.24;27.13;27.24;1750
20160119 101800;27.195;27.24;27.015;27.015;1800
20160119 102000;27.17;27.17;27.15;27.16;400
20160119 102400;27.035;27.035;27.035;27.035;100
20160119 103500;27.04;27.05;26.96;27.04;600
20160119 104100;26.9711;26.9711;26.9711;26.9711;100
20160119 104300;27.01;27.17;27.01;27.17;300
20160119 104500;27.05;27.05;27.05;27.05;100
20160119 104600;27.13;27.13;27.13;27.13;200
20160119 104800;27.04;27.04;27.04;27.04;100
20160119 104900;27.04;27.04;27.04;27.04;100
20160119 105100;27.04;27.1;27.04;27.1;300
20160119 105300;27.1;27.1;27.08;27.08;300
20160119 105400;27.06;27.06;27.06;27.06;100
20160119 105600;26.97;27.02;26.97;27.02;400
20160119 105900;26.99;27.07;26.99;27.07;400
20160119 110300;27.03;27.03;27.03;27.03;100
20160119 110400;27.04;27.04;27.04;27.04;100
20160119 110600;27.15;27.15;27.15;27.15;100
20160119 110700;27.11;27.16;27.1;27.16;900
20160119 110800;27.12;27.12;27.12;27.12;200
20160119 110900;27.08;27.08;27.08;27.08;300
20160119 111100;27.06;27.08;26.97;27.03;739
20160119 111200;27.02;27.27;27.02;27.27;31432
20160119 111300;27.2;27.36;27.2;27.36;1000
20160119 111400;27.2;27.3;27.2;27.2;600
20160119 111700;27.27;27.3;27.27;27.3;300
20160119 111800;27.29;27.29;27.29;27.29;100
20160119 111900;27.27;27.29;27.22;27.29;600
20160119 112300;27.25;27.25;27.25;27.25;200
20160119 112600;27.24;27.24;27.24;27.24;100
20160119 112800;27.24;27.24;27.24;27.24;100
20160119 113100;27.24;27.24;27.24;27.24;100
20160119 113500;27.2;27.2;27.2;27.2;100
20160119 113700;27.16;27.23;27.08;27.15;1100
20160119 114100;27.15;27.15;27.15;27.15;100
20160119 114500;27.15;27.15;27.11;27.15;500
20160119 114600;27.125;27.125;27.125;27.125;200
20160119 114700;27.12;27.12;27.12;27.12;100
20160119 114900;27.1;27.1;27.1;27.1;100
20160119 115300;27.05;27.072;27.04;27.072;500
20160119 115500;27.06;27.06;27.06;27.06;100
20160119 115700;27.06;27.14;27.06;27.14;1200
20160119 115900;27.22;27.22;27.15;27.15;500
20160119 120200;27.129;27.129;27.129;27.129;100
20160119 120500;26.94;27.03;26.94;26.94;600
20160119 120600;26.99;26.99;26.97;26.97;200
20160119 120800;26.96;27.14;26.96;27.14;1000
20160119 121100;27.1;27.1;27.1;27.1;300
20160119 121200;27.065;27.065;27.065;27.065;100
20160119 121400;27.09;27.09;27.09;27.09;100
20160119 121500;27.1;27.12;27.1;27.11;600
20160119 121900;27.07;27.1;26.995;27.05;700
20160119 122200;27.05;27.06;27.05;27.06;200
20160119 122300;27.04;27.05;27.03;27.05;900
20160119 122500;27.17;27.17;27.17;27.17;100
20160119 122600;27.09;27.09;27.05;27.05;500
20160119 122700;27.05;27.05;27.05;27.05;100
20160119 122900;27.06;27.06;27.06;27.06;200
20160119 123100;27.07;27.18;27.07;27.18;500
20160119 123700;27.05;27.05;27.05;27.05;169
20160119 123800;27.05;27.13;27.025;27.13;900
20160119 124200;27.11;27.11;27.05;27.05;300
20160119 124300;27.1;27.1;27.1;27.1;100
20160119 124600;27.05;27.1;27.05;27.1;400
20160119 124900;27.01;27.01;27.01;27.01;100
20160119 125000;27.06;27.15;27.06;27.15;700
20160119 125100;27.08;27.08;27.08;27.08;200
20160119 125300;27.17;27.17;27.17;27.17;100
20160119 125700;27.05;27.05;27.05;27.05;100
20160119 125800;27.12;27.12;27.12;27.12;100
20160119 130000;27.07;27.115;27.07;27.115;400
20160119 130100;27.09;27.125;27.09;27.125;200
20160119 130200;27.1;27.1;27.1;27.1;100
20160119 130300;27.05;27.07;26.97;27.07;500
20160119 130400;27.04;27.04;27.04;27.04;300
20160119 130500;27.03;27.12;27.03;27.12;700
20160119 130900;27.11;27.11;27.11;27.11;100
20160119 131000;27.12;27.19;27.12;27.14;400
20160119 131300;27.14;27.14;27.14;27.14;100
20160119 131500;27.01;27.07;27;27.04;1300
20160119 131600;27.12;27.1325;27.06;27.06;2000
20160119 131700;27.11;27.25;27.085;27.09;2800
20160119 131800;27.12;27.21;27.12;27.21;400
20160119 131900;27.19;27.19;27.15;27.15;600
20160119 132000;27.18;27.25;27.14;27.18;1800
20160119 132100;27.2;27.25;27.2;27.25;1300
20160119 132400;27.16;27.205;27.16;27.16;1700
20160119 132500;27.19;27.19;27.18;27.18;200
20160119 132700;27.19;27.19;27.19;27.19;200
20160119 132800;27.15;27.15;27.13;27.13;500
20160119 133000;27.11;27.15;27.085;27.15;500
20160119 133100;27.15;27.15;27.15;27.15;100
20160119 133200;27.08;27.15;27.08;27.15;300
20160119 133400;27.0801;27.09;27.08;27.09;544
20160119 133500;27.11;27.22;27.11;27.22;200
20160119 133600;27.12;27.12;27.12;27.12;300
20160119 133900;27.19;27.19;27.19;27.19;100
20160119 134000;27.16;27.25;27.16;27.25;400
20160119 134300;27.12;27.12;27.09;27.12;300
20160119 134400;27.125;27.125;27.125;27.125;200
20160119 134500;27.14;27.14;27.14;27.14;100
20160119 134700;27.14;27.14;27.14;27.14;300
20160119 134900;27.1025;27.21;27.1025;27.21;500
20160119 135000;27.15;27.25;27.15;27.25;400
20160119 135100;27.26;27.26;27.26;27.26;100
20160119 135200;27.26;27.3;27.2;27.3;1739
20160119 135300;27.26;27.26;27.26;27.26;100
20160119 135400;27.27;27.27;27.25;27.25;500
20160119 135500;27.25;27.25;27.24;27.24;700
20160119 135600;27.23;27.3;27.23;27.3;2395
20160119 135700;27.21;27.3;27.19;27.3;1400
20160119 135800;27.23;27.24;27.23;27.24;400
20160119 140000;27.17;27.29;27.17;27.29;277
20160119 140400;27.19;27.2;27.19;27.2;500
20160119 140500;27.21;27.28;27.21;27.28;600
20160119 140600;27.29;27.29;27.29;27.29;100
20160119 140800;27.197;27.197;27.197;27.197;100
20160119 140900;27.19;27.19;27.045;27.045;200
20160119 141000;27.045;27.18;27.045;27.18;400
20160119 141200;27.01;27.01;27.01;27.01;100
20160119 141300;27.1;27.1;27.1;27.1;100
20160119 141400;27.02;27.02;27.02;27.02;100
20160119 141500;27.1;27.1;27.1;27.1;700
20160119 141600;27.11;27.135;27.11;27.135;200
20160119 141700;27.12;27.14;27.1;27.105;900
20160119 141800;27.09;27.12;27.05;27.07;800
20160119 141900;27.07;27.15;27.07;27.13;700
20160119 142000;27.08;27.15;27.08;27.08;600
20160119 142400;27.05;27.08;27.03;27.08;400
20160119 142500;27.08;27.08;27.06;27.06;200
20160119 142700;27.12;27.2;27.12;27.2;596
20160119 142800;27.255;27.255;27.228;27.228;200
20160119 143000;27.21;27.21;27.2;27.2;300
20160119 143200;27.18;27.23;27.18;27.23;200
20160119 143400;27.18;27.18;27.18;27.18;100
20160119 143500;27.18;27.2;27.18;27.2;200
20160119 143600;27.19;27.19;27.17;27.17;300
20160119 143700;27.16;27.18;27.14;27.18;1200
20160119 143800;27.2;27.22;27.185;27.22;400
20160119 143900;27.26;27.29;27.215;27.215;500
20160119 144200;27.2;27.22;27.175;27.175;1300
20160119 144300;27.15;27.15;27.15;27.15;100
20160119 144400;27.17;27.22;27.17;27.21;500
20160119 144600;27.159;27.159;27.159;27.159;100
20160119 144700;27.141;27.19;27.14;27.19;400
20160119 144800;27.2;27.2;27.2;27.2;200
20160119 145000;27.09;27.09;27.06;27.09;400
20160119 145100;26.9;26.9;26.9;26.9;100
20160119 145200;27.01;27.12;27.01;27.05;950
20160119 145400;27.04;27.18;27.04;27.18;300
20160119 145600;27.2;27.2;27.2;27.2;300
20160119 145900;27.11;27.11;27.11;27.11;100
20160119 150000;27.14;27.14;27.14;27.14;300
20160119 150100;27.13;27.13;27.13;27.13;100
20160119 150200;27.13;27.14;27.13;27.14;300
20160119 150400;27.13;27.13;27.13;27.13;700
20160119 150500;27.15;27.15;27.15;27.15;200
20160119 150600;27.17;27.98;27.15;27.509;37399
20160119 150700;27.3425;27.35;27.3425;27.35;500
20160119 150800;27.4;27.4;27.18;27.18;5600
20160119 151000;27.25;27.26;27.25;27.26;700
20160119 151100;27.34;27.35;27.34;27.35;200
20160119 151200;27.27;27.27;27.25;27.25;400
20160119 151300;27.19;27.19;27.19;27.19;100
20160119 151400;27.271;27.271;27.271;27.271;100
20160119 151500;27.235;27.25;27.235;27.25;700
20160119 151600;27.235;27.235;27.2;27.2;1500
20160119 151700;27.16;27.21;27.16;27.2;2000
20160119 151800;27.2;27.2;27.19;27.19;500
20160119 152000;27.14;27.18;27.14;27.18;400
20160119 152100;27.26;27.26;27.16;27.23;1465
20160119 152400;27.26;27.3;27.26;27.3;200
20160119 152500;27.3;27.31;27.3;27.31;200
20160119 152600;27.31;27.33;27.31;27.33;400
20160119 152800;27.32;27.32;27.32;27.32;500
20160119 153000;27.42;27.42;27.35;27.35;300
20160119 153100;27.36;27.36;27.35;27.35;800
20160119 153400;27.3;27.3;27.28;27.3;500
20160119 153500;27.285;27.3;27.285;27.3;300
20160119 153600;27.31;27.31;27.31;27.31;600
20160119 153900;27.29;27.29;27.29;27.29;200
20160119 154000;27.34;27.34;27.34;27.34;100
20160119 154100;27.34;27.34;27.34;27.34;100
20160119 154200;27.35;27.35;27.33;27.33;650
20160119 154300;27.33;27.35;27.33;27.35;636
20160119 154400;27.4;27.4;27.36;27.38;400
20160119 154500;27.34;27.3425;27.3;27.3;2515
20160119 154800;27.3;27.3;27.29;27.3;500
20160119 155000;27.32;27.35;27.32;27.35;400
20160119 155100;27.33;27.37;27.33;27.37;400
20160119 155200;27.36;27.36;27.31;27.33;1020
20160119 155400;27.28;27.29;27.27;27.28;800
20160119 155500;27.3;27.31;27.28;27.28;1150
20160119 155600;27.33;27.33;27.2975;27.33;300
20160119 155700;27.34;27.34;27.29;27.29;500
20160119 155800;27.29;27.3;27.26;27.285;600
20160119 155900;27.28;27.29;27.26;27.28;700
20160119 160000;27.3;27.32;27.27;27.32;5421
20160120 093900;27.22;27.22;27.22;27.22;100
20160120 094000;26.51;26.805;26.48;26.52;1400
20160120 094500;26.65;26.65;26.65;26.65;200
20160120 094600;26.65;26.65;26.62;26.62;200
20160120 095000;26.54;26.54;26.54;26.54;100
20160120 095300;26.55;26.55;26.55;26.55;100
20160120 095500;26.55;26.55;26.54;26.54;200
20160120 095600;26.465;26.465;26.465;26.465;100
20160120 095700;26.405;26.405;26.4;26.4;800
20160120 095800;26.39;26.445;26.3899;26.445;1200
20160120 095900;26.42;26.48;26.42;26.44;413
20160120 100500;26.35;26.35;26.35;26.35;100
20160120 101400;26.32;26.32;26.32;26.32;700
20160120 101500;26.33;26.33;26.33;26.33;100
20160120 101600;26.29;26.29;26.29;26.29;100
20160120 102000;26.35;26.35;26.35;26.35;200
20160120 102100;26.35;26.35;26.32;26.32;300
20160120 102400;26.17;26.17;26.17;26.17;100
20160120 102900;26.19;26.19;26.19;26.19;100
20160120 103000;26.19;26.19;26.19;26.19;100
20160120 103100;26.11;26.11;26.11;26.11;600
20160120 103200;26.11;26.11;26.11;26.11;200
20160120 103300;26.12;26.13;26.08;26.08;500
20160120 103400;26.09;26.09;26.09;26.09;100
20160120 103500;26.01;26.01;26.01;26.01;500
20160120 103700;26.04;26.04;26.04;26.04;100
20160120 103800;26.04;26.04;26.04;26.04;100
20160120 103900;26.04;26.07;26.04;26.07;400
20160120 104100;26.07;26.07;26.07;26.07;100
20160120 104300;26.07;26.07;26.07;26.07;200
20160120 104400;26.09;26.1;26.09;26.1;400
20160120 104500;26.08;26.08;26.08;26.08;100
20160120 104700;26.08;26.08;26.08;26.08;100
20160120 104800;26.11;26.11;26.1001;26.1001;200
20160120 104900;26.105;26.105;26.105;26.105;200
20160120 105000;26.105;26.105;26.105;26.105;200
20160120 105100;26.08;26.1;26.08;26.1;500
20160120 105200;26.09;26.09;26.06;26.06;400
20160120 105300;26.09;26.11;26.04;26.11;300
20160120 105500;26.15;26.16;26.15;26.16;700
20160120 105600;26.16;26.16;26.16;26.16;100
20160120 110000;26.19;26.22;26.17;26.17;900
20160120 110100;26.25;26.3;26.245;26.245;800
20160120 110200;26.23;26.23;26.23;26.23;100
20160120 110400;26.29;26.29;26.29;26.29;400
20160120 110600;26.33;26.33;26.33;26.33;200
20160120 110700;26.38;26.38;26.38;26.38;100
20160120 110900;26.38;26.38;26.38;26.38;100
20160120 111100;26.38;26.39;26.38;26.39;700
20160120 111300;26.38;26.38;26.36;26.38;500
20160120 111500;26.38;26.38;26.38;26.38;100
20160120 111700;26.37;26.37;26.37;26.37;200
20160120 111800;26.33;26.33;26.26;26.29;1000
20160120 111900;26.3;26.34;26.3;26.3;6200
20160120 112600;26.23;26.23;26.23;26.23;100
20160120 112900;26.2;26.21;26.2;26.21;500
20160120 113400;26.17;26.17;26.17;26.17;100
20160120 113500;26.1;26.1;26.09;26.09;200
20160120 113800;26.1;26.1;26.1;26.1;100
20160120 114200;26.1;26.11;26.07;26.11;1600
20160120 114500;26.02;26.03;26;26;800
20160120 114600;26;26;26;26;300
20160120 114700;26;26.01;26;26.01;600
20160120 114900;25.97;25.99;25.97;25.99;200
20160120 115000;25.97;25.97;25.97;25.97;100
20160120 115500;25.9;25.9;25.9;25.9;400
20160120 115700;25.82;25.82;25.775;25.8;500
20160120 115800;25.79;25.79;25.79;25.79;500
20160120 115900;25.79;25.81;25.79;25.81;400
20160120 120100;25.82;25.82;25.82;25.82;400
20160120 120700;25.79;25.795;25.79;25.79;1300
20160120 121700;25.7899;25.79;25.75;25.79;1700
20160120 121800;25.79;25.79;25.79;25.79;100
20160120 122000;25.74;25.78;25.74;25.74;600
20160120 122500;25.68;25.68;25.68;25.68;100
20160120 122700;25.65;25.65;25.65;25.65;100
20160120 122800;25.65;25.65;25.65;25.65;100
20160120 122900;25.6;25.6;25.57;25.575;3200
20160120 123000;25.575;25.6;25.53;25.54;1900
20160120 123100;25.57;25.7;25.57;25.7;700
20160120 123200;25.71;25.73;25.71;25.73;200
20160120 123400;25.9299;25.9299;25.9299;25.9299;200
20160120 123700;25.92;25.92;25.92;25.92;100
20160120 124000;25.82;25.82;25.82;25.82;100
20160120 124400;25.82;25.82;25.74;25.74;400
20160120 124900;25.8;25.8;25.775;25.775;500
20160120 125300;25.85;25.85;25.85;25.85;100
20160120 125400;25.85;25.85;25.85;25.85;200
20160120 125500;25.91;25.92;25.86;25.86;1200
20160120 125600;25.885;25.9;25.88;25.885;1620
20160120 125700;25.87;25.87;25.84;25.84;700
20160120 125800;25.79;25.79;25.79;25.79;100
20160120 130000;25.79;25.825;25.79;25.79;1200
20160120 130100;25.77;25.795;25.74;25.74;1200
20160120 130200;25.75;25.75;25.75;25.75;300
20160120 130300;25.78;25.78;25.78;25.78;1600
20160120 130500;25.78;25.78;25.76;25.76;500
20160120 131000;25.77;25.77;25.73;25.73;200
20160120 131200;25.77;25.79;25.77;25.79;400
20160120 131600;25.78;25.78;25.78;25.78;100
20160120 131700;25.79;25.79;25.765;25.79;1400
20160120 131800;25.78;25.93;25.77;25.875;15308
20160120 131900;25.89;25.99;25.89;25.99;11200
20160120 132000;25.97;25.97;25.97;25.97;100
20160120 132400;26.07;26.09;26.01;26.01;700
20160120 132700;26.2;26.2;26.2;26.2;500
20160120 132900;26.2;26.2;26.19;26.19;400
20160120 133100;26.35;26.36;26.35;26.36;200
20160120 133600;26.36;26.36;26.305;26.36;600
20160120 133700;26.36;26.36;26.355;26.36;300
20160120 133800;26.36;26.36;26.36;26.36;100
20160120 133900;26.365;26.365;26.365;26.365;200
20160120 134200;26.38;26.5;26.38;26.5;15400
20160120 134300;26.49;26.49;26.49;26.49;100
20160120 134600;26.55;26.55;26.55;26.55;300
20160120 134700;26.5;26.5;26.5;26.5;100
20160120 134900;26.55;26.55;26.55;26.55;100
20160120 135000;26.47;26.49;26.47;26.49;300
20160120 135300;26.56;26.63;26.53;26.63;500
20160120 135400;26.635;26.635;26.635;26.635;100
20160120 135700;26.615;26.615;26.615;26.615;400
20160120 140000;26.55;26.62;26.55;26.62;1100
20160120 140200;26.61;26.61;26.61;26.61;3700
20160120 140500;26.66;26.67;26.66;26.67;3900
20160120 140800;26.61;26.61;26.61;26.61;100
20160120 141000;26.635;26.66;26.61;26.61;1900
20160120 141200;26.7;26.7;26.7;26.7;100
20160120 141400;26.7;26.7;26.7;26.7;25000
20160120 141600;26.8;26.8;26.765;26.765;800
20160120 141700;26.765;26.81;26.765;26.81;400
20160120 141900;26.87;26.87;26.87;26.87;400
20160120 142000;26.96;26.96;26.96;26.96;500
20160120 142200;26.89;26.93;26.89;26.92;400
20160120 142300;26.88;26.88;26.88;26.88;100
20160120 142400;26.99;27;26.97;26.985;500
20160120 142500;26.88;26.995;26.88;26.995;500
20160120 142700;27.05;27.05;27.05;27.05;200
20160120 142800;27.03;27.03;27.03;27.03;500
20160120 142900;26.96;26.96;26.96;26.96;100
20160120 143300;26.93;26.93;26.8801;26.8801;1900
20160120 143400;26.93;26.93;26.91;26.91;200
20160120 143500;26.925;26.925;26.925;26.925;600
20160120 143600;26.97;26.97;26.97;26.97;500
20160120 143900;26.9;26.9;26.9;26.9;100
20160120 144000;26.88;26.88;26.88;26.88;100
20160120 144100;26.94;26.94;26.94;26.94;100
20160120 144500;26.92;26.92;26.89;26.92;600
20160120 144700;26.89;26.93;26.79;26.79;1200
20160120 145300;26.8;26.84;26.79;26.8;1150
20160120 145500;26.81;26.81;26.81;26.81;100
20160120 145800;26.91;26.95;26.85;26.95;2200
20160120 145900;26.96;26.96;26.885;26.885;300
20160120 150000;26.92;26.98;26.92;26.98;500
20160120 150400;26.97;26.97;26.97;26.97;500
20160120 150500;26.89;26.96;26.88;26.88;600
20160120 150600;26.96;27.05;26.96;27.02;1150
20160120 150700;27.02;27.035;27.02;27.035;300
20160120 150800;27.035;27.035;27.035;27.035;600
20160120 151300;27.04;27.04;27.04;27.04;700
20160120 151500;27;27;27;27;100
20160120 151600;27.07;27.07;27.03;27.03;1100
20160120 151700;27.035;27.035;27.01;27.01;700
20160120 151900;27.03;27.03;27;27.01;900
20160120 152100;27.01;27.05;27.01;27.05;1100
20160120 152300;27.055;27.0899;27.055;27.055;3000
20160120 152400;27.04;27.04;27;27;300
20160120 152500;27.015;27.015;27.015;27.015;400
20160120 152600;26.995;26.995;26.96;26.96;600
20160120 152900;26.98;27.02;26.98;27;1400
20160120 153100;26.96;26.96;26.96;26.96;100
20160120 153300;26.95;26.985;26.95;26.985;400
20160120 153400;26.95;26.975;26.95;26.975;700
20160120 153500;26.94;26.94;26.91;26.91;200
20160120 153700;26.87;26.87;26.87;26.87;100
20160120 153800;26.9;26.9;26.9;26.9;400
20160120 154000;26.87;26.87;26.86;26.86;200
20160120 154100;26.9;26.9;26.9;26.9;400
20160120 154200;26.86;26.86;26.79;26.79;400
20160120 154300;26.73;26.78;26.73;26.78;500
20160120 154400;26.74;26.74;26.74;26.74;100
20160120 154500;26.74;26.82;26.74;26.81;400
20160120 154600;26.78;26.82;26.78;26.82;500
20160120 154800;26.84;26.85;26.76;26.76;600
20160120 154900;26.79;26.8;26.77;26.77;700
20160120 155000;26.83;26.83;26.83;26.83;100
20160120 155100;26.78;26.79;26.78;26.78;600
20160120 155200;26.83;26.83;26.79;26.79;500
20160120 155300;26.785;26.785;26.785;26.785;100
20160120 155400;26.775;26.82;26.775;26.82;1000
20160120 155500;26.88;26.91;26.88;26.88;400
20160120 155600;26.81;26.9;26.71;26.8221;2600
20160120 155700;26.7;26.73;26.69;26.69;700
20160120 155800;26.72;26.77;26.71;26.73;1000
20160120 155900;26.75;26.79;26.74;26.79;800
20160120 160000;26.73;26.82;26.73;26.82;3558
20160121 093400;26.615;26.615;26.615;26.615;150
20160121 093500;26.4;26.4;26.4;26.4;200
20160121 093600;26.7;26.83;26.7;26.83;200
20160121 093700;26.76;26.84;26.76;26.84;400
20160121 093800;26.95;26.95;26.95;26.95;100
20160121 093900;26.85;26.85;26.59;26.59;1125
20160121 094000;26.41;26.41;26.37;26.37;400
20160121 094100;26.45;26.45;26.35;26.4;800
20160121 094200;26.34;26.43;26.34;26.43;300
20160121 094400;26.46;26.6;26.46;26.6;1000
20160121 094500;26.62;26.62;26.62;26.62;100
20160121 094600;26.49;26.49;26.42;26.42;702
20160121 094700;26.54;26.54;26.39;26.39;600
20160121 094800;26.4;26.4;26.37;26.4;700
20160121 094900;26.2;26.245;26.15;26.245;300
20160121 095000;26.12;26.2;26.12;26.2;500
20160121 095100;26.11;26.11;26.11;26.11;200
20160121 095200;26.13;26.13;26.13;26.13;100
20160121 095300;26.13;26.18;26.13;26.18;300
20160121 095400;26.1999;26.25;26.1;26.2;1750
20160121 095500;26.23;26.3;26.14;26.14;1599
20160121 095600;26.27;26.53;26.27;26.53;600
20160121 095700;26.64;26.64;26.64;26.64;300
20160121 095900;26.45;26.6;26.45;26.45;800
20160121 100000;26.42;26.47;26.34;26.34;1500
20160121 100100;26.34;26.34;26.34;26.34;100
20160121 100400;26.32;26.32;26.32;26.32;100
20160121 100700;26.4;26.43;26.4;26.43;526
20160121 100800;26.45;26.45;26.44;26.44;400
20160121 100900;26.44;26.44;26.33;26.33;500
20160121 101000;26.22;26.35;26.22;26.35;1000
20160121 101100;26.34;26.34;26.31;26.31;300
20160121 101200;26.37;26.4;26.31;26.31;500
20160121 101300;26.4;26.52;26.4;26.52;900
20160121 101400;26.6;26.6;26.6;26.6;500
20160121 101500;26.66;26.73;26.65;26.73;700
20160121 102200;26.77;26.78;26.77;26.78;600
20160121 102500;26.65;26.65;26.65;26.65;200
20160121 102600;26.65;26.65;26.65;26.65;300
20160121 102800;26.65;26.65;26.65;26.65;300
20160121 103100;26.65;26.65;26.65;26.65;100
20160121 103800;26.65;26.65;26.65;26.65;100
20160121 104800;26.79;26.79;26.79;26.79;100
20160121 105300;26.78;26.78;26.78;26.78;900
20160121 105600;26.685;26.79;26.685;26.79;300
20160121 105700;26.94;27.01;26.865;26.94;1000
20160121 110700;26.89;26.89;26.89;26.89;100
20160121 111100;26.885;26.98;26.885;26.98;200
20160121 112900;26.9;26.9;26.7303;26.7303;400
20160121 113300;26.7301;26.7301;26.7301;26.7301;100
20160121 113400;26.73;26.73;26.73;26.73;100
20160121 113800;26.81;26.82;26.81;26.82;300
20160121 115700;26.92;26.92;26.92;26.92;300
20160121 120100;27.09;27.09;27.09;27.09;100
20160121 120800;26.96;26.96;26.96;26.96;100
20160121 121200;26.9;26.9;26.9;26.9;100
20160121 123000;26.9001;26.9001;26.9001;26.9001;300
20160121 124000;26.925;26.925;26.925;26.925;1000
20160121 124100;26.8801;26.8801;26.8801;26.8801;100
20160121 124400;26.88;26.88;26.88;26.88;100
20160121 124800;26.7903;26.7903;26.7903;26.7903;100
20160121 125100;26.78;26.78;26.78;26.78;100
20160121 131000;26.72;26.72;26.72;26.72;100
20160121 131200;26.8;26.8;26.8;26.8;200
20160121 131800;26.6503;26.6503;26.6503;26.6503;300
20160121 132100;26.6;26.6;26.6;26.6;100
20160121 132600;26.54;26.54;26.54;26.54;300
20160121 132900;26.495;26.495;26.495;26.495;1000
20160121 134300;26.55;26.55;26.55;26.55;100
20160121 134400;26.5;26.5;26.5;26.5;100
20160121 140400;26.49;26.4903;26.49;26.49;300
20160121 141100;26.4103;26.4103;26.4103;26.4103;100
20160121 141200;26.4001;26.4001;26.4001;26.4001;2000
20160121 141400;26.52;26.52;26.46;26.46;300
20160121 142600;26.4;26.4;26.4;26.4;100
20160121 143000;26.49;26.49;26.49;26.49;100
20160121 143100;26.52;26.52;26.52;26.52;100
20160121 143200;26.65;26.65;26.65;26.65;100
20160121 143400;26.5403;26.5403;26.5403;26.5403;100
20160121 144800;26.62;26.62;26.62;26.62;100
20160121 144900;26.6;26.6;26.6;26.6;100
20160121 145700;26.6203;26.68;26.6203;26.67;500
20160121 151600;26.48;26.48;26.48;26.48;100
20160121 152300;26.51;26.51;26.51;26.51;100
20160121 152600;26.49;26.49;26.49;26.49;100
20160121 152800;26.5003;26.5003;26.5;26.5;200
20160121 152900;26.5003;26.5003;26.5003;26.5003;100
20160121 153800;26.5101;26.53;26.5101;26.53;500
20160121 154100;26.56;26.56;26.56;26.56;100
20160121 154400;26.59;26.59;26.54;26.54;200
20160121 154500;26.56;26.625;26.56;26.625;11500
20160121 154700;26.58;26.59;26.58;26.59;200
20160121 154900;26.57;26.6;26.57;26.6;200
20160121 155000;26.585;26.61;26.585;26.61;681
20160121 155100;26.65;26.65;26.65;26.65;100
20160121 155500;26.6103;26.6103;26.6103;26.6103;100
20160121 155600;26.62;26.62;26.62;26.62;200
20160121 155700;26.61;26.61;26.6;26.61;600
20160121 155800;26.6;26.6;26.6;26.6;200
20160121 155900;26.61;26.61;26.52;26.52;777
20160121 160000;26.61;26.61;26.52;26.6;4420
20160121 161300;26.5612;26.5612;26.5612;26.5612;200
20160122 093200;26.48;26.48;26.48;26.48;100
20160122 093300;26.3;26.65;26.27;26.65;13800
20160122 093400;26.85;26.85;26.85;26.85;100
20160122 093500;26.8;26.96;26.8;26.96;400
20160122 093600;26.83;26.83;26.765;26.83;1100
20160122 093700;26.92;26.92;26.9;26.9;300
20160122 093800;26.91;26.92;26.9;26.9;1000
20160122 093900;26.94;26.94;26.8;26.8;200
20160122 094000;26.85;26.94;26.85;26.94;700
20160122 094100;26.97;27.06;26.97;27.02;1800
20160122 094200;27.11;27.12;27.11;27.12;200
20160122 094300;27.12;27.13;27.12;27.13;300
20160122 094400;27.24;27.24;27.23;27.23;400
20160122 094500;27.24;27.24;27.23;27.24;700
20160122 094600;27.31;27.31;27.21;27.21;600
20160122 094700;27.13;27.13;26.94;26.94;600
20160122 094800;26.94;26.97;26.9;26.9;2100
20160122 094900;26.98;26.99;26.98;26.99;400
20160122 095400;26.99;27.01;26.99;27.01;800
20160122 095500;27.04;27.04;27.04;27.04;116
20160122 095600;27.07;27.07;27.035;27.04;1300
20160122 095700;27.055;27.06;27.055;27.06;400
20160122 095800;27.16;27.16;27.16;27.16;100
20160122 100200;27.11;27.11;27.06;27.06;399
20160122 100300;27.04;27.04;27.04;27.04;100
20160122 100500;26.98;26.98;26.92;26.92;400
20160122 100600;27.01;27.01;26.88;26.88;200
20160122 100800;26.78;26.8;26.78;26.8;200
20160122 101000;26.915;27.01;26.874;26.874;800
20160122 101200;26.9361;26.9361;26.9361;26.9361;100
20160122 101300;26.91;26.91;26.89;26.89;600
20160122 101600;26.84;26.84;26.84;26.84;100
20160122 101700;26.83;26.83;26.81;26.81;200
20160122 101800;26.79;26.8;26.79;26.79;300
20160122 101900;26.86;26.89;26.82;26.845;2000
20160122 102300;26.8;26.8;26.8;26.8;200
20160122 102600;26.76;26.76;26.76;26.76;200
20160122 102900;26.75;26.75;26.75;26.75;200
20160122 103000;26.7;26.7;26.7;26.7;100
20160122 103100;26.68;26.68;26.68;26.68;300
20160122 103200;26.71;26.73;26.68;26.73;1100
20160122 103500;26.69;26.69;26.69;26.69;300
20160122 103600;26.64;26.64;26.64;26.64;100
20160122 104100;26.63;26.63;26.63;26.63;100
20160122 104200;26.63;26.63;26.62;26.63;600
20160122 104300;26.61;26.61;26.61;26.61;100
20160122 104400;26.56;26.56;26.55;26.55;200
20160122 104500;26.5;26.5;26.46;26.46;700
20160122 104800;26.49;26.5;26.49;26.5;13500
20160122 105100;26.46;26.46;26.46;26.46;400
20160122 105200;26.44;26.44;26.43;26.44;500
20160122 105600;26.42;26.42;26.4;26.4;300
20160122 105800;26.3;26.3;26.3;26.3;300
20160122 110000;26.3;26.3;26.3;26.3;200
20160122 110100;26.38;26.38;26.3;26.3;300
20160122 110500;26.29;26.29;26.26;26.26;400
20160122 110800;26.25;26.25;26.25;26.25;200
20160122 110900;26.22;26.255;26.22;26.255;200
20160122 111000;26.27;26.32;26.245;26.32;1000
20160122 111400;26.33;26.33;26.33;26.33;400
20160122 111600;26.3;26.3;26.3;26.3;100
20160122 111700;26.35;26.38;26.32;26.345;700
20160122 111800;26.39;26.39;26.355;26.39;500
20160122 112000;26.4;26.4;26.4;26.4;100
20160122 112100;26.38;26.38;26.38;26.38;100
20160122 112300;26.43;26.43;26.43;26.43;300
20160122 112600;26.53;26.53;26.5;26.5;300
20160122 113000;26.43;26.43;26.43;26.43;100
20160122 113100;26.49;26.49;26.49;26.49;100
20160122 113300;26.49;26.5;26.49;26.5;300
20160122 113400;26.585;26.59;26.585;26.585;500
20160122 113800;26.582;26.582;26.582;26.582;100
20160122 113900;26.51;26.51;26.51;26.51;100
20160122 114000;26.51;26.51;26.48;26.48;300
20160122 114400;26.48;26.48;26.48;26.48;100
20160122 114700;26.47;26.47;26.47;26.47;100
20160122 114900;26.495;26.495;26.495;26.495;100
20160122 115100;26.47;26.48;26.43;26.43;800
20160122 115200;26.43;26.43;26.43;26.43;200
20160122 115300;26.47;26.47;26.445;26.445;300
20160122 115400;26.43;26.43;26.43;26.43;100
20160122 115500;26.42;26.42;26.42;26.42;100
20160122 115600;26.42;26.42;26.42;26.42;100
20160122 120000;26.35;26.35;26.3;26.3;778
20160122 120100;26.29;26.335;26.25;26.25;800
20160122 120300;26.35;26.35;26.295;26.295;3800
20160122 120400;26.3;26.3;26.24;26.3;5600
20160122 120500;26.3;26.3;26.3;26.3;100
20160122 120600;26.32;26.32;26.32;26.32;400
20160122 120700;26.32;26.35;26.32;26.35;600
20160122 120800;26.32;26.32;26.31;26.31;200
20160122 120900;26.37;26.37;26.37;26.37;100
20160122 121200;26.32;26.32;26.32;26.32;100
20160122 121400;26.345;26.345;26.345;26.345;100
20160122 121500;26.35;26.38;26.35;26.38;600
20160122 122600;26.41;26.46;26.41;26.46;200
20160122 122800;26.43;26.44;26.43;26.44;200
20160122 122900;26.43;26.43;26.43;26.43;100
20160122 123300;26.39;26.44;26.3801;26.44;1000
20160122 123700;26.435;26.435;26.435;26.435;100
20160122 123800;26.4;26.4;26.4;26.4;100
20160122 123900;26.41;26.41;26.41;26.41;100
20160122 124000;26.45;26.47;26.435;26.445;1000
20160122 124100;26.53;26.57;26.53;26.57;400
20160122 124500;26.52;26.52;26.52;26.52;100
20160122 125000;26.57;26.57;26.57;26.57;200
20160122 125100;26.57;26.57;26.545;26.545;400
20160122 125400;26.57;26.57;26.545;26.57;1200
20160122 125500;26.57;26.57;26.57;26.57;100
20160122 125600;26.56;26.58;26.56;26.56;300
20160122 125800;26.56;26.56;26.56;26.56;100
20160122 130100;26.56;26.61;26.56;26.61;300
20160122 130400;26.585;26.585;26.585;26.585;100
20160122 130700;26.56;26.57;26.54;26.54;600
20160122 130900;26.55;26.55;26.55;26.55;100
20160122 131000;26.52;26.52;26.52;26.52;100
20160122 131100;26.51;26.51;26.51;26.51;500
20160122 131200;26.5;26.53;26.5;26.53;300
20160122 131600;26.49;26.49;26.49;26.49;500
20160122 132100;26.5;26.515;26.5;26.515;200
20160122 132700;26.48;26.48;26.48;26.48;100
20160122 132800;26.47;26.47;26.47;26.47;1300
20160122 133000;26.48;26.48;26.455;26.455;500
20160122 133200;26.43;26.43;26.43;26.43;100
20160122 133500;26.42;26.42;26.42;26.42;100
20160122 133800;26.42;26.42;26.42;26.42;200
20160122 134500;26.4;26.4;26.4;26.4;100
20160122 134600;26.38;26.38;26.38;26.38;600
20160122 134700;26.4;26.43;26.385;26.41;758
20160122 135200;26.51;26.51;26.51;26.51;100
20160122 135300;26.55;26.55;26.55;26.55;100
20160122 135500;26.525;26.525;26.525;26.525;100
20160122 135600;26.54;26.54;26.54;26.54;100
20160122 135900;26.49;26.51;26.48;26.51;400
20160122 140300;26.47;26.48;26.46;26.46;500
20160122 140400;26.41;26.41;26.41;26.41;100
20160122 140700;26.39;26.39;26.39;26.39;500
20160122 140800;26.42;26.42;26.39;26.42;600
20160122 141500;26.5;26.5;26.5;26.5;100
20160122 141700;26.53;26.53;26.53;26.53;100
20160122 141800;26.55;26.55;26.55;26.55;200
20160122 142000;26.51;26.51;26.51;26.51;100
20160122 142500;26.51;26.52;26.47;26.51;500
20160122 142600;26.46;26.46;26.46;26.46;300
20160122 142800;26.44;26.44;26.43;26.43;200
20160122 142900;26.47;26.47;26.42;26.42;200
20160122 143000;26.4;26.4;26.4;26.4;100
20160122 143100;26.39;26.39;26.39;26.39;100
20160122 143200;26.35;26.35;26.35;26.35;600
20160122 143500;26.35;26.35;26.35;26.35;100
20160122 143600;26.35;26.35;26.35;26.35;100
20160122 143900;26.45;26.45;26.45;26.45;100
20160122 144000;26.39;26.39;26.39;26.39;100
20160122 144200;26.395;26.395;26.395;26.395;100
20160122 144300;26.41;26.41;26.4;26.41;600
20160122 144400;26.37;26.37;26.37;26.37;100
20160122 144600;26.41;26.41;26.41;26.41;200
20160122 144700;26.42;26.42;26.42;26.42;200
20160122 144800;26.45;26.45;26.45;26.45;100
20160122 144900;26.42;26.42;26.42;26.42;100
20160122 145000;26.48;26.48;26.455;26.48;500
20160122 145200;26.61;26.61;26.61;26.61;100
20160122 145400;26.59;26.59;26.57;26.59;500
20160122 145500;26.565;26.565;26.565;26.565;100
20160122 145800;26.54;26.54;26.54;26.54;400
20160122 150100;26.5;26.52;26.5;26.52;200
20160122 150200;26.49;26.49;26.49;26.49;400
20160122 150400;26.46;26.46;26.46;26.46;100
20160122 150500;26.45;26.45;26.45;26.45;100
20160122 150800;26.51;26.51;26.51;26.51;100
20160122 150900;26.46;26.51;26.46;26.51;300
20160122 151000;26.47;26.47;26.42;26.42;1200
20160122 151100;26.34;26.35;26.34;26.34;900
20160122 151200;26.39;26.41;26.38;26.41;900
20160122 151600;26.57;26.57;26.48;26.48;200
20160122 151800;26.56;26.56;26.56;26.56;100
20160122 151900;26.56;26.56;26.525;26.525;200
20160122 152100;26.525;26.55;26.5;26.5;900
20160122 152300;26.5;26.52;26.49;26.49;1300
20160122 152600;26.47;26.47;26.47;26.47;100
20160122 152700;26.47;26.47;26.4;26.41;1200
20160122 152900;26.4;26.4;26.4;26.4;200
20160122 153000;26.44;26.45;26.42;26.45;2500
20160122 153200;26.52;26.52;26.39;26.39;1600
20160122 153300;26.44;26.44;26.44;26.44;100
20160122 153400;26.41;26.41;26.41;26.41;400
20160122 153600;26.39;26.39;26.39;26.39;100
20160122 153700;26.47;26.47;26.47;26.47;100
20160122 153900;26.42;26.42;26.41;26.41;500
20160122 154000;26.4;26.43;26.38;26.43;1200
20160122 154200;26.5;26.5;26.45;26.45;800
20160122 154300;26.5;26.5;26.47;26.5;1200
20160122 154400;26.47;26.47;26.46;26.46;600
20160122 154500;26.47;26.47;26.435;26.47;500
20160122 154600;26.47;26.47;26.47;26.47;200
20160122 154700;26.45;26.48;26.45;26.48;800
20160122 154800;26.535;26.535;26.535;26.535;100
20160122 154900;26.5;26.57;26.5;26.5;300
20160122 155000;26.5;26.5;26.5;26.5;199
20160122 155100;26.56;26.57;26.56;26.57;400
20160122 155200;26.55;26.55;26.52;26.52;600
20160122 155300;26.5;26.5;26.46;26.46;600
20160122 155400;26.52;26.52;26.52;26.52;100
20160122 155500;26.46;26.5;26.45;26.5;2270
20160122 155600;26.5;26.5;26.5;26.5;200
20160122 155700;26.56;26.56;26.5;26.51;300
20160122 155800;26.49;26.49;26.49;26.49;300
20160122 155900;26.48;26.5;26.44;26.47;1600
20160122 160000;26.49;26.49;26.34;26.49;16987
20160122 161200;26.5076;26.5076;26.5076;26.5076;800
20160125 093200;26.86;26.86;26.02;26.02;200
20160125 093500;26.105;26.77;26.105;26.24;500
20160125 093600;26.35;26.35;26.35;26.35;100
20160125 093700;26.575;26.575;26.27;26.27;23400
20160125 093800;26.24;26.32;26.24;26.32;200
20160125 093900;26.095;26.095;26.09;26.09;200
20160125 094000;26.09;26.09;26.09;26.09;100
20160125 094100;26.15;26.26;26.14;26.16;700
20160125 094200;26.1;26.1;26.1;26.1;200
20160125 094300;26.27;26.31;26.21;26.31;1000
20160125 094400;26.36;26.46;26.26;26.35;2301
20160125 094500;26.36;26.36;26.36;26.36;100
20160125 094600;26.37;26.37;26.37;26.37;100
20160125 095000;26.35;26.35;26.35;26.35;100
20160125 095100;26.46;26.46;26.46;26.46;100
20160125 100000;26.42;26.42;26.4;26.4;300
20160125 100100;26.4;26.41;26.245;26.245;300
20160125 100800;26.54;26.57;26.54;26.57;200
20160125 101000;26.67;26.67;26.67;26.67;100
20160125 101600;26.74;26.76;26.73;26.76;400
20160125 101700;26.62;26.62;26.62;26.62;100
20160125 102100;26.68;26.68;26.68;26.68;100
20160125 102200;26.76;26.76;26.76;26.76;200
20160125 102600;26.87;26.87;26.87;26.87;100
20160125 102700;26.87;26.95;26.87;26.95;465
20160125 102800;26.97;26.97;26.97;26.97;100
20160125 103300;26.86;26.96;26.86;26.95;700
20160125 103400;26.98;26.98;26.98;26.98;100
20160125 103800;26.86;26.86;26.85;26.85;300
20160125 104100;26.91;26.91;26.91;26.91;100
20160125 104200;26.81;26.81;26.81;26.81;100
20160125 104700;26.88;26.88;26.88;26.88;300
20160125 105300;26.94;26.94;26.94;26.94;300
20160125 105400;26.94;26.94;26.94;26.94;100
20160125 110200;26.88;26.88;26.84;26.87;600
20160125 110800;26.94;26.94;26.94;26.94;100
20160125 111000;26.94;26.94;26.94;26.94;100
20160125 111200;26.93;26.93;26.93;26.93;200
20160125 111300;26.87;26.88;26.85;26.85;800
20160125 111900;26.85;26.92;26.84;26.92;600
20160125 112700;26.87;26.87;26.86;26.86;300
20160125 112900;26.91;26.94;26.91;26.94;700
20160125 113000;26.95;26.95;26.95;26.95;600
20160125 113200;26.94;26.94;26.94;26.94;200
20160125 113500;26.89;26.95;26.87;26.95;700
20160125 113700;26.95;26.95;26.95;26.95;400
20160125 114000;26.91;26.91;26.91;26.91;200
20160125 115100;26.94;26.95;26.94;26.95;1200
20160125 115400;26.95;26.95;26.95;26.95;100
20160125 115500;26.95;26.95;26.95;26.95;500
20160125 115600;26.95;26.95;26.95;26.95;400
20160125 115800;26.95;26.95;26.95;26.95;200
20160125 115900;26.95;26.95;26.95;26.95;200
20160125 120000;26.89;26.89;26.86;26.86;400
20160125 120100;26.88;26.88;26.88;26.88;100
20160125 121000;26.94;26.94;26.94;26.94;100
20160125 122000;26.95;26.95;26.95;26.95;100
20160125 122200;26.95;26.95;26.95;26.95;100
20160125 122300;26.88;26.88;26.88;26.88;400
20160125 122400;26.9;26.9;26.9;26.9;100
20160125 122500;26.9;26.9;26.9;26.9;100
20160125 123600;26.95;26.95;26.95;26.95;200
20160125 124800;26.95;26.95;26.95;26.95;500
20160125 125200;26.95;26.95;26.95;26.95;100
20160125 130500;26.95;26.95;26.95;26.95;400
20160125 130600;26.95;26.95;26.91;26.91;300
20160125 130800;26.95;26.95;26.95;26.95;100
20160125 131000;26.95;26.95;26.95;26.95;400
20160125 131100;26.97;27.1;26.96;27.09;2945
20160125 131200;27.1;27.1;27.09;27.09;600
20160125 131300;27.02;27.02;26.93;26.97;900
20160125 131400;27.05;27.05;27.05;27.05;100
20160125 131800;26.94;26.94;26.89;26.89;500
20160125 132000;26.95;26.95;26.95;26.95;100
20160125 132100;26.93;26.93;26.93;26.93;200
20160125 132600;26.96;26.97;26.96;26.97;300
20160125 132700;26.975;26.975;26.94;26.94;700
20160125 132800;26.94;26.94;26.94;26.94;100
20160125 132900;26.93;26.93;26.93;26.93;200
20160125 133000;26.94;26.94;26.91;26.91;800
20160125 133100;26.955;26.955;26.955;26.955;100
20160125 133200;26.93;26.96;26.9;26.96;900
20160125 133300;26.9001;26.96;26.9001;26.96;532
20160125 133400;26.91;26.91;26.9;26.9;200
20160125 133500;26.83;26.83;26.83;26.83;200
20160125 133600;26.79;26.8;26.7501;26.7501;300
20160125 133700;26.83;26.97;26.83;26.97;300
20160125 134000;26.95;26.95;26.95;26.95;100
20160125 134100;26.85;26.85;26.85;26.85;100
20160125 134500;26.9;26.97;26.9;26.97;1000
20160125 134600;26.94;26.94;26.92;26.92;300
20160125 135800;26.77;26.8;26.77;26.8;200
20160125 140000;26.74;26.74;26.74;26.74;100
20160125 140500;26.66;26.66;26.66;26.66;100
20160125 140600;26.75;26.75;26.715;26.715;300
20160125 141400;26.79;26.8;26.69;26.69;400
20160125 141500;26.75;26.75;26.75;26.75;300
20160125 142200;26.765;26.765;26.765;26.765;100
20160125 142400;26.77;26.77;26.77;26.77;100
20160125 142500;26.77;26.77;26.77;26.77;100
20160125 142600;26.77;26.77;26.77;26.77;600
20160125 142900;26.77;26.77;26.77;26.77;100
20160125 143000;26.77;26.81;26.77;26.77;300
20160125 144000;26.78;26.86;26.75;26.77;900
20160125 144100;26.77;26.81;26.76;26.81;400
20160125 144200;26.85;26.85;26.85;26.85;100
20160125 144900;26.86;26.89;26.82;26.82;300
20160125 145100;26.79;26.84;26.79;26.84;200
20160125 145500;26.87;26.87;26.87;26.87;100
20160125 145600;26.79;26.79;26.79;26.79;200
20160125 145900;26.79;26.79;26.79;26.79;200
20160125 150100;26.75;26.75;26.75;26.75;200
20160125 150200;26.82;26.82;26.785;26.785;300
20160125 150300;26.77;26.77;26.77;26.77;700
20160125 150400;26.76;26.77;26.76;26.76;500
20160125 150900;26.69;26.69;26.69;26.69;200
20160125 151000;26.68;26.68;26.68;26.68;300
20160125 151100;26.73;26.73;26.73;26.73;100
20160125 151200;26.69;26.69;26.64;26.64;900
20160125 151400;26.68;26.68;26.68;26.68;100
20160125 151600;26.69;26.69;26.69;26.69;300
20160125 152200;26.7;26.7;26.69;26.69;400
20160125 152300;26.7;26.7;26.7;26.7;100
20160125 152500;26.64;26.66;26.62;26.66;700
20160125 152800;26.7;26.71;26.7;26.71;200
20160125 153400;26.66;26.66;26.66;26.66;100
20160125 153600;26.66;26.78;26.66;26.765;800
20160125 153700;26.775;26.82;26.775;26.82;400
20160125 153800;26.74;26.74;26.73;26.73;300
20160125 153900;26.75;26.75;26.75;26.75;100
20160125 154000;26.75;26.75;26.75;26.75;100
20160125 154300;26.72;26.75;26.71;26.75;600
20160125 154400;26.72;26.73;26.72;26.73;200
20160125 154500;26.73;26.77;26.73;26.77;400
20160125 154900;26.775;26.775;26.75;26.75;700
20160125 155000;26.75;26.81;26.72;26.72;1200
20160125 155100;26.72;26.77;26.72;26.77;300
20160125 155200;26.77;26.77;26.77;26.77;100
20160125 155300;26.77;26.77;26.77;26.77;100
20160125 155400;26.73;26.79;26.73;26.79;300
20160125 155500;26.73;26.73;26.7;26.73;900
20160125 155600;26.69;26.73;26.68;26.73;1100
20160125 155700;26.75;26.76;26.75;26.76;400
20160125 155800;26.75;26.8;26.75;26.76;900
20160125 155900;26.79;26.8;26.75;26.75;2420
20160125 160000;26.76;26.8;26.7;26.72;1978
20160126 094800;26.59;26.59;26.59;26.59;100
20160126 095600;26.65;26.65;26.65;26.65;100
20160126 100100;26.64;26.64;26.64;26.64;100
20160126 101100;26.82;26.82;26.82;26.82;100
20160126 101300;26.97;26.97;26.97;26.97;100
20160126 101800;26.9;27.02;26.9;26.94;20219
20160126 101900;26.94;26.94;26.94;26.94;100
20160126 102100;26.92;26.92;26.92;26.92;400
20160126 102200;27.1;27.1;27.0585;27.0585;200
20160126 102800;26.96;26.99;26.96;26.99;300
20160126 103100;26.93;26.93;26.93;26.93;7500
20160126 103200;26.95;26.96;26.95;26.96;2000
20160126 103400;26.96;26.96;26.96;26.96;300
20160126 103600;27;27;27;27;100
20160126 103700;27.01;27.09;27;27.09;1000
20160126 103800;27.09;27.09;27;27;200
20160126 104000;27.1;27.1;27.1;27.1;100
20160126 104100;27.18;27.18;27.15;27.15;200
20160126 104300;27.21;27.21;27.21;27.21;100
20160126 104900;27.08;27.08;27.05;27.08;300
20160126 105400;27.05;27.05;27.05;27.05;100
20160126 105500;27.045;27.045;27.01;27.01;300
20160126 105800;27.035;27.1;27;27.1;2400
20160126 105900;27.16;27.16;27.05;27.1;2200
20160126 110100;27.02;27.1;27.02;27.1;200
20160126 110500;27.11;27.16;27.11;27.16;200
20160126 110600;27.24;27.24;27.24;27.24;100
20160126 110800;27.22;27.22;27.16;27.21;500
20160126 111000;27.26;27.26;27.26;27.26;100
20160126 111200;27.29;27.29;27.29;27.29;100
20160126 111400;27.28;27.28;27.28;27.28;200
20160126 112100;27.22;27.22;27.2;27.2;800
20160126 112200;27.2;27.2;27.2;27.2;100
20160126 112300;27.06;27.06;27.06;27.06;100
20160126 112800;26.89;26.89;26.89;26.89;100
20160126 112900;27.04;27.08;27.04;27.08;400
20160126 113100;27.11;27.11;27.11;27.11;100
20160126 113600;27.04;27.04;27.04;27.04;100
20160126 113700;27.1;27.1;27.1;27.1;100
20160126 114000;27.015;27.015;27.015;27.015;100
20160126 114300;27.04;27.04;27.04;27.04;100
20160126 114400;27.05;27.05;27.05;27.05;200
20160126 114700;27.2;27.2;27.2;27.2;100
20160126 114800;27.22;27.22;27.22;27.22;100
20160126 115100;27.2;27.2;27.2;27.2;100
20160126 120000;27.08;27.08;27.08;27.08;100
20160126 120400;27.06;27.07;27.06;27.07;400
20160126 120700;27.2;27.215;27.2;27.215;200
20160126 120800;27.09;27.18;27.09;27.18;200
20160126 121400;27.14;27.15;27.14;27.15;200
20160126 122200;27.16;27.16;27.16;27.16;200
20160126 122300;27.21;27.21;27.21;27.21;100
20160126 122500;27.22;27.26;27.2;27.26;1305
20160126 122600;27.25;27.26;27.25;27.26;1489
20160126 122800;27.235;27.26;27.235;27.26;500
20160126 123900;27.21;27.24;27.14;27.16;1100
20160126 124000;27.2;27.2;27.2;27.2;100
20160126 124200;27.2;27.2;27.2;27.2;100
20160126 124400;27.205;27.205;27.205;27.205;100
20160126 125000;27.15;27.15;27.14;27.14;200
20160126 125200;27.115;27.115;27.115;27.115;100
20160126 125500;27.085;27.1;26.99;27.02;1000
20160126 125700;27.11;27.11;27.11;27.11;100
20160126 125800;27.055;27.055;27.055;27.055;100
20160126 125900;27.055;27.11;27.055;27.11;300
20160126 130300;27.06;27.11;27.05;27.05;400
20160126 130400;27.08;27.13;27.08;27.13;500
20160126 130500;27.13;27.13;27.13;27.13;100
20160126 130600;27.1;27.14;27.07;27.07;500
20160126 130700;27.07;27.14;27.07;27.14;500
20160126 130800;27.15;27.155;27.12;27.12;1800
20160126 130900;27.24;27.24;27.24;27.24;100
20160126 131000;27.15;27.2;27.15;27.2;899
20160126 131100;27.25;27.25;27.25;27.25;100
20160126 131600;27.14;27.26;27.14;27.26;500
20160126 131700;27.2;27.2;27.2;27.2;600
20160126 132000;27.14;27.14;27.14;27.14;100
20160126 133300;27.2;27.2;27.2;27.2;600
20160126 133700;27.24;27.24;27.2;27.23;1100
20160126 133800;27.195;27.195;27.195;27.195;5700
20160126 133900;27.19;27.1989;27.1375;27.1375;800
20160126 134300;27.11;27.11;27.11;27.11;100
20160126 134400;27.11;27.11;27.11;27.11;100
20160126 134600;27.12;27.24;27.12;27.24;500
20160126 134900;27.26;27.26;27.26;27.26;100
20160126 135700;27.24;27.24;27.24;27.24;300
20160126 140000;27.23;27.23;27.23;27.23;200
20160126 140200;27.26;27.26;27.26;27.26;1240
20160126 140300;27.26;27.26;27.26;27.26;800
20160126 140500;27.25;27.25;27.22;27.25;845
20160126 140700;27.23;27.24;27.23;27.24;200
20160126 141300;27.26;27.26;27.26;27.26;1700
20160126 141400;27.26;27.26;27.21;27.21;200
20160126 141600;27.26;27.26;27.21;27.21;200
20160126 141800;27.195;27.195;27.195;27.195;100
20160126 142400;27.22;27.22;27.22;27.22;200
20160126 142700;27.2;27.2;27.2;27.2;100
20160126 142900;27.21;27.21;27.21;27.21;100
20160126 143100;27.24;27.26;27.24;27.26;200
20160126 143200;27.26;27.26;27.26;27.26;200
20160126 143500;27.26;27.26;27.26;27.26;100
20160126 143800;27.24;27.24;27.24;27.24;100
20160126 144100;27.21;27.21;27.21;27.21;200
20160126 144200;27.24;27.24;27.24;27.24;200
20160126 144400;27.26;27.26;27.23;27.23;200
20160126 144500;27.26;27.26;27.26;27.26;900
20160126 144600;27.26;27.26;27.26;27.26;100
20160126 144700;27.21;27.21;27.21;27.21;500
20160126 144900;27.16;27.19;27.15;27.19;3400
20160126 145000;27.155;27.16;27.13;27.16;1100
20160126 145100;27.15;27.155;27.15;27.15;1000
20160126 145200;27.15;27.15;27.15;27.15;100
20160126 145400;27.15;27.15;27.15;27.15;100
20160126 145500;27.15;27.16;27.15;27.15;1900
20160126 145600;27.15;27.15;27.15;27.15;900
20160126 150000;27.15;27.15;27.15;27.15;200
20160126 150100;27.07;27.15;27.07;27.15;200
20160126 150300;27.15;27.15;27.15;27.15;200
20160126 150400;27.15;27.15;27.15;27.15;100
20160126 150500;27.15;27.15;27.15;27.15;100
20160126 150600;27.19;27.22;27.19;27.22;300
20160126 150700;27.19;27.19;27.19;27.19;100
20160126 150800;27.17;27.17;27.17;27.17;100
20160126 151100;27.16;27.16;27.16;27.16;100
20160126 151300;27.16;27.16;27.16;27.16;100
20160126 151400;27.18;27.18;27.18;27.18;100
20160126 151700;27.2;27.2;27.2;27.2;300
20160126 151900;27.24;27.25;27.24;27.25;200
20160126 152200;27.23;27.23;27.23;27.23;100
20160126 152500;27.14;27.22;27.14;27.22;300
20160126 152800;27.2;27.2;27.19;27.19;300
20160126 152900;27.14;27.14;27.14;27.14;100
20160126 153000;27.18;27.23;27.18;27.23;700
20160126 153100;27.23;27.23;27.19;27.22;300
20160126 153300;27.22;27.22;27.22;27.22;100
20160126 153400;27.18;27.215;27.18;27.215;400
20160126 153500;27.23;27.23;27.23;27.23;100
20160126 153600;27.15;27.22;27.15;27.22;200
20160126 153700;27.181;27.181;27.04;27.05;600
20160126 153800;27;27.02;26.96;27.02;1000
20160126 153900;27.11;27.11;27.11;27.11;100
20160126 154100;27.13;27.13;27.13;27.13;100
20160126 154300;27.14;27.14;27.14;27.14;100
20160126 154500;27.06;27.06;27.06;27.06;100
20160126 154800;27.09;27.09;27.02;27.02;400
20160126 154900;27.01;27.01;27.01;27.01;100
20160126 155000;27.05;27.05;27.05;27.05;100
20160126 155100;27.06;27.06;27.03;27.03;300
20160126 155500;26.97;26.97;26.97;26.97;300
20160126 155600;26.97;27.105;26.95;27.1;1500
20160126 155800;27.05;27.08;27.01;27.08;600
20160126 155900;27.05;27.0925;27.05;27.075;1200
20160126 160000;27.05;27.09;27.01;27.07;3355
20160126 161100;27.0729;27.0729;27.0729;27.0729;700
20160127 094200;27.11;27.11;26.96;26.96;200
20160127 094500;27.04;27.26;27.04;27.25;1358
20160127 094600;27.085;27.085;27.085;27.085;100
20160127 095000;27.23;27.23;27.23;27.23;100
20160127 095100;27.14;27.2;27.14;27.2;400
20160127 095200;27.095;27.095;27.04;27.04;200
20160127 095300;27.21;27.21;27.21;27.21;100
20160127 095700;27.066;27.2;27.066;27.2;200
20160127 100100;27.03;27.03;27.03;27.03;100
20160127 100200;27.04;27.04;27.04;27.04;100
20160127 100300;27.13;27.13;27.13;27.13;100
20160127 100600;27;27;27;27;100
20160127 101200;26.9;26.98;26.9;26.98;200
20160127 101400;26.8;26.89;26.8;26.89;300
20160127 102100;26.88;27.03;26.88;27.03;400
20160127 102200;26.85;27;26.85;27;200
20160127 103100;26.81;26.81;26.81;26.81;100
20160127 103200;26.71;26.89;26.71;26.89;300
20160127 103400;26.87;26.98;26.87;26.98;200
20160127 104100;26.82;26.93;26.82;26.93;200
20160127 104200;26.93;26.93;26.93;26.93;100
20160127 110300;26.79;26.79;26.79;26.79;200
20160127 110400;26.64;26.75;26.64;26.75;200
20160127 110500;26.865;26.93;26.85;26.85;300
20160127 110600;26.94;26.94;26.94;26.94;300
20160127 110700;26.93;27.03;26.93;27.03;200
20160127 111000;27.09;27.09;27.09;27.09;100
20160127 111900;26.99;26.99;26.99;26.99;200
20160127 112200;26.96;26.96;26.96;26.96;100
20160127 113600;27.04;27.04;27.04;27.04;100
20160127 114000;26.9795;27.09;26.9795;27.09;1200
20160127 114400;27.065;27.065;27.065;27.065;100
20160127 115000;27.07;27.07;27.07;27.07;100
20160127 115300;27.06;27.06;27.06;27.06;100
20160127 115400;27.01;27.01;27.01;27.01;100
20160127 115600;26.955;27.07;26.955;27.07;200
20160127 115700;27.09;27.09;27.09;27.09;100
20160127 120500;26.97;26.97;26.97;26.97;200
20160127 121000;26.9975;26.9975;26.9975;26.9975;100
20160127 121100;26.975;27.09;26.96;27.01;4700
20160127 121200;27.02;27.09;26.956;27.06;1200
20160127 121400;26.99;27.06;26.99;27.06;2400
20160127 121500;27.04;27.09;27.04;27.09;200
20160127 122000;27.03;27.08;27.03;27.08;800
20160127 122100;27.06;27.11;26.995;27.08;4098
20160127 122300;27.03;27.03;27.03;27.03;100
20160127 122800;27.03;27.03;27.03;27.03;100
20160127 123000;26.93;26.93;26.93;26.93;100
20160127 123200;26.93;26.93;26.93;26.93;100
20160127 123400;26.93;26.93;26.93;26.93;100
20160127 123500;26.9;26.915;26.9;26.915;200
20160127 123600;26.915;26.92;26.915;26.92;200
20160127 123700;26.95;26.95;26.9;26.9;200
20160127 124300;26.93;26.93;26.93;26.93;100
20160127 124400;26.915;26.915;26.915;26.915;100
20160127 125200;26.9;26.9199;26.855;26.87;500
20160127 125300;26.92;26.93;26.92;26.93;900
20160127 125400;26.93;26.98;26.93;26.98;300
20160127 125500;27;27.015;26.98;27.015;1300
20160127 125600;27.06;27.06;27.06;27.06;100
20160127 125800;27;27;27;27;100
20160127 130100;27;27;26.93;26.93;200
20160127 130400;26.91;26.91;26.91;26.91;100
20160127 130800;26.905;26.905;26.905;26.905;100
20160127 131000;26.95;26.95;26.835;26.835;300
20160127 131800;26.795;26.795;26.795;26.795;100
20160127 132300;26.72;26.79;26.72;26.79;200
20160127 132900;26.815;26.815;26.815;26.815;100
20160127 134200;26.6;26.6;26.6;26.6;100
20160127 134400;26.68;26.68;26.68;26.68;100
20160127 134800;26.7;26.7;26.7;26.7;100
20160127 134900;26.78;26.78;26.78;26.78;100
20160127 135000;26.775;26.775;26.75;26.75;300
20160127 135200;26.75;26.775;26.75;26.775;400
20160127 135500;26.81;26.81;26.81;26.81;100
20160127 135800;26.835;26.875;26.78;26.875;1100
20160127 140100;26.9;26.9;26.9;26.9;100
20160127 140500;26.78;26.78;26.78;26.78;100
20160127 140800;26.71;26.71;26.71;26.71;100
20160127 140900;26.64;26.64;26.64;26.64;100
20160127 141800;26.62;26.67;26.62;26.67;200
20160127 142500;26.61;26.61;26.61;26.61;100
20160127 142900;26.6203;26.6203;26.6203;26.6203;100
20160127 143100;26.61;26.65;26.61;26.65;500
20160127 143500;26.66;26.66;26.66;26.66;100
20160127 144000;26.67;26.67;26.67;26.67;300
20160127 144300;26.59;26.59;26.59;26.59;100
20160127 144900;26.605;26.605;26.59;26.59;200
20160127 145400;26.59;26.59;26.5;26.5;200
20160127 145500;26.49;26.49;26.49;26.49;100
20160127 150000;26.5;26.5;26.5;26.5;200
20160127 150400;26.35;26.35;26.35;26.35;100
20160127 150600;26.38;26.42;26.38;26.42;700
20160127 151000;26.48;26.48;26.48;26.48;100
20160127 151400;26.33;26.33;26.33;26.33;100
20160127 151700;26.32;26.32;26.32;26.32;100
20160127 152000;26.38;26.38;26.38;26.38;100
20160127 152200;26.3117;26.3117;26.3117;26.3117;200
20160127 152300;26.36;26.36;26.36;26.36;100
20160127 152400;26.3403;26.3403;26.3403;26.3403;100
20160127 152500;26.34;26.36;26.31;26.36;600
20160127 152600;26.35;26.35;26.35;26.35;100
20160127 152900;26.37;26.37;26.37;26.37;100
20160127 153600;26.32;26.32;26.32;26.32;100
20160127 154000;26.49;26.49;26.48;26.48;400
20160127 154100;26.45;26.45;26.39;26.39;300
20160127 154300;26.4;26.4;26.4;26.4;100
20160127 154400;26.47;26.47;26.47;26.47;100
20160127 154600;26.47;26.57;26.47;26.48;1200
20160127 155000;26.56;26.56;26.55;26.55;200
20160127 155300;26.47;26.5;26.35;26.35;1100
20160127 155500;26.47;26.48;26.43;26.43;300
20160127 155600;26.43;26.45;26.42;26.45;400
20160127 155700;26.45;26.45;26.4;26.4;200
20160127 155800;26.415;26.47;26.415;26.47;400
20160127 155900;26.44;26.47;26.44;26.45;400
20160127 160000;26.44;26.5;26.415;26.46;2597
20160127 161200;26.7993;26.7993;26.7993;26.7993;2200
20160128 094000;26.79;26.79;26.79;26.79;100
20160128 094300;26.67;26.67;26.61;26.61;300
20160128 094600;26.55;26.575;26.55;26.575;300
20160128 094700;26.595;26.595;26.595;26.595;100
20160128 095500;26.815;26.815;26.815;26.815;100
20160128 095600;26.81;26.81;26.81;26.81;100
20160128 101000;26.615;26.65;26.615;26.65;371
20160128 102100;26.6;26.64;26.6;26.64;300
20160128 102300;26.6;26.6;26.58;26.58;800
20160128 102500;26.79;26.79;26.79;26.79;100
20160128 102700;26.63;26.63;26.62;26.62;200
20160128 103000;26.59;26.6;26.59;26.59;900
20160128 103100;26.53;26.71;26.53;26.71;300
20160128 103400;26.58;26.6;26.56;26.6;400
20160128 103600;26.65;26.68;26.65;26.68;200
20160128 103900;26.63;26.7;26.62;26.7;1200
20160128 105300;26.83;26.83;26.82;26.82;400
20160128 105400;26.81;26.84;26.81;26.84;200
20160128 111000;26.76;26.81;26.76;26.81;400
20160128 111700;26.66;26.66;26.66;26.66;100
20160128 112200;26.65;26.66;26.65;26.66;200
20160128 113000;26.79;26.79;26.79;26.79;100
20160128 113800;26.63;26.63;26.59;26.59;200
20160128 113900;26.59;26.59;26.59;26.59;100
20160128 114500;26.52;26.53;26.51;26.51;600
20160128 114600;26.54;26.54;26.54;26.54;100
20160128 114700;26.59;26.59;26.59;26.59;100
20160128 115000;26.49;26.49;26.49;26.49;200
20160128 115200;26.41;26.41;26.41;26.41;200
20160128 115500;26.41;26.41;26.41;26.41;100
20160128 120000;26.4;26.4;26.4;26.4;200
20160128 120400;26.5;26.5;26.5;26.5;300
20160128 120500;26.53;26.53;26.53;26.53;200
20160128 120700;26.57;26.57;26.57;26.57;300
20160128 122200;26.57;26.57;26.57;26.57;100
20160128 122300;26.61;26.61;26.61;26.61;100
20160128 122800;26.6;26.6;26.59;26.59;300
20160128 123300;26.6499;26.6499;26.54;26.54;800
20160128 124600;26.6;26.6;26.6;26.6;200
20160128 124700;26.545;26.545;26.46;26.46;2000
20160128 124900;26.4;26.45;26.4;26.45;600
20160128 125000;26.47;26.52;26.47;26.51;2200
20160128 125100;26.52;26.52;26.46;26.49;2091
20160128 125200;26.5;26.54;26.43;26.54;2100
20160128 125300;26.54;26.56;26.48;26.56;1800
20160128 125400;26.58;26.65;26.58;26.64;2200
20160128 125500;26.64;26.64;26.56;26.6;1588
20160128 125600;26.59;26.6;26.56;26.6;3538
20160128 125700;26.6;26.6;26.56;26.56;500
20160128 125800;26.58;26.59;26.51;26.51;5200
20160128 130000;26.55;26.55;26.5;26.51;1323
20160128 130100;26.55;26.55;26.53;26.55;900
20160128 130200;26.54;26.55;26.4;26.4;5565
20160128 130300;26.5;26.5;26.41;26.41;7321
20160128 130400;26.46;26.5;26.46;26.5;3000
20160128 130500;26.53;26.53;26.5;26.53;500
20160128 130600;26.47;26.47;26.47;26.47;200
20160128 130700;26.46;26.59;26.46;26.59;600
20160128 130800;26.57;26.58;26.52;26.52;1600
20160128 131000;26.62;26.635;26.56;26.635;300
20160128 131100;26.57;26.65;26.57;26.65;2679
20160128 131500;26.54;26.67;26.54;26.545;300
20160128 131800;26.595;26.595;26.595;26.595;5200
20160128 132000;26.585;26.65;26.585;26.65;200
20160128 132100;26.57;26.57;26.5;26.54;300
20160128 132200;26.515;26.515;26.515;26.515;100
20160128 132300;26.46;26.46;26.46;26.46;100
20160128 132400;26.45;26.5125;26.45;26.51;400
20160128 132500;26.57;26.57;26.57;26.57;100
20160128 132800;26.54;26.54;26.5399;26.5399;300
20160128 133300;26.6;26.6;26.6;26.6;100
20160128 134000;26.66;26.66;26.66;26.66;100
20160128 134100;26.67;26.67;26.67;26.67;100
20160128 134400;26.62;26.62;26.61;26.62;300
20160128 134600;26.62;26.62;26.62;26.62;100
20160128 135300;26.65;26.65;26.65;26.65;200
20160128 135700;26.65;26.65;26.65;26.65;100
20160128 135800;26.7;26.7;26.7;26.7;100
20160128 140300;26.62;26.62;26.62;26.62;100
20160128 140700;26.68;26.68;26.68;26.68;100
20160128 140800;26.67;26.67;26.67;26.67;100
20160128 141100;26.66;26.66;26.65;26.65;300
20160128 142200;26.63;26.63;26.63;26.63;100
20160128 142800;26.69;26.69;26.69;26.69;100
20160128 143100;26.7;26.72;26.7;26.72;200
20160128 143600;26.7;26.7;26.7;26.7;100
20160128 144100;26.645;26.645;26.645;26.645;100
20160128 144400;26.7;26.7;26.7;26.7;200
20160128 145100;26.645;26.645;26.645;26.645;100
20160128 145200;26.64;26.65;26.64;26.64;700
20160128 145300;26.63;26.67;26.615;26.615;400
20160128 145400;26.64;26.68;26.64;26.68;500
20160128 145600;26.72;26.72;26.72;26.72;100
20160128 145900;26.7;26.75;26.7;26.75;300
20160128 150600;26.82;26.82;26.79;26.79;300
20160128 150800;26.77;26.77;26.77;26.77;100
20160128 151200;26.8;26.8;26.74;26.8;2500
20160128 151300;26.77;26.79;26.77;26.79;200
20160128 151500;26.765;26.765;26.765;26.765;100
20160128 151700;26.77;26.78;26.77;26.78;200
20160128 151800;26.765;26.765;26.73;26.73;400
20160128 151900;26.76;26.76;26.76;26.76;100
20160128 152000;26.77;26.77;26.77;26.77;100
20160128 152100;26.76;26.76;26.76;26.76;200
20160128 152500;26.66;26.77;26.66;26.77;600
20160128 152600;26.77;26.77;26.77;26.77;100
20160128 152700;26.77;26.8;26.77;26.8;400
20160128 152800;26.8;26.8;26.8;26.8;100
20160128 153100;26.75;26.8;26.75;26.8;1500
20160128 153200;26.8;26.83;26.79;26.83;400
20160128 153400;26.82;26.82;26.81;26.82;300
20160128 153500;26.81;26.82;26.8;26.8;500
20160128 153600;26.76;26.76;26.76;26.76;300
20160128 153800;26.67;26.81;26.67;26.81;1900
20160128 153900;26.76;26.76;26.76;26.76;100
20160128 154200;26.74;26.74;26.74;26.74;200
20160128 154500;26.7;26.75;26.7;26.715;1800
20160128 154600;26.73;26.75;26.7;26.75;1800
20160128 154800;26.71;26.75;26.71;26.75;200
20160128 154900;26.74;26.74;26.7325;26.74;300
20160128 155000;26.78;26.78;26.78;26.78;100
20160128 155200;26.72;26.72;26.72;26.72;100
20160128 155300;26.77;26.77;26.77;26.77;400
20160128 155400;26.76;26.76;26.76;26.76;100
20160128 155500;26.73;26.75;26.71;26.75;2100
20160128 155600;26.75;26.7521;26.75;26.75;900
20160128 155700;26.77;26.8;26.77;26.77;900
20160128 155800;26.8;26.8;26.79;26.79;300
20160128 155900;26.77;26.77;26.77;26.77;500
20160128 160000;26.76;26.82;26.76;26.76;3592
20160128 160300;26.76;26.76;26.76;26.76;56
20160129 094600;27.25;27.45;27.25;27.45;1505
20160129 094800;27.45;27.45;27.45;27.45;100
20160129 094900;27.49;27.5;27.46;27.46;500
20160129 095000;27.5;27.55;27.5;27.54;400
20160129 095100;27.56;27.56;27.56;27.56;200
20160129 095300;27.73;27.8;27.61;27.61;800
20160129 095400;27.62;27.62;27.6;27.6;300
20160129 095500;27.7;27.8;27.7;27.8;200
20160129 095800;27.75;27.75;27.75;27.75;100
20160129 100000;27.7;27.7;27.7;27.7;100
20160129 100100;27.75;27.75;27.75;27.75;100
20160129 100200;27.695;27.695;27.695;27.695;100
20160129 101000;27.83;27.83;27.82;27.83;300
20160129 101200;27.85;27.85;27.85;27.85;100
20160129 101300;27.79;27.79;27.79;27.79;100
20160129 102200;27.85;27.85;27.85;27.85;100
20160129 102800;27.8;27.8;27.8;27.8;400
20160129 102900;27.6;27.6;27.6;27.6;100
20160129 104600;27.85;27.85;27.85;27.85;600
20160129 104700;27.88;27.88;27.88;27.88;100
20160129 104900;27.88;27.88;27.88;27.88;300
20160129 105600;27.77;27.77;27.77;27.77;200
20160129 105700;27.78;27.78;27.78;27.78;100
20160129 110700;27.77;27.77;27.77;27.77;100
20160129 110900;27.77;27.77;27.77;27.77;200
20160129 111600;27.59;27.59;27.59;27.59;100
20160129 112100;27.66;27.66;27.66;27.66;100
20160129 112900;27.61;27.61;27.52;27.52;500
20160129 113500;27.61;27.61;27.61;27.61;100
20160129 113900;27.59;27.59;27.59;27.59;300
20160129 115300;27.57;27.61;27.57;27.61;300
20160129 115600;27.54;27.54;27.54;27.54;100
20160129 115800;27.57;27.57;27.57;27.57;100
20160129 122600;27.684;27.6842;27.684;27.6842;200
20160129 122700;27.69;27.69;27.69;27.69;100
20160129 123100;27.69;27.71;27.69;27.71;400
20160129 123200;27.69;27.69;27.67;27.67;400
20160129 123300;27.67;27.67;27.66;27.66;200
20160129 124000;27.56;27.56;27.56;27.56;300
20160129 130100;27.6;27.6;27.6;27.6;100
20160129 130500;27.55;27.55;27.55;27.55;200
20160129 131100;27.5414;27.5414;27.5414;27.5414;200
20160129 131300;27.575;27.61;27.54;27.54;500
20160129 133300;27.55;27.58;27.52;27.52;800
20160129 133500;27.565;27.565;27.53;27.55;3200
20160129 133600;27.55;27.55;27.55;27.55;200
20160129 133800;27.58;27.58;27.52;27.52;200
20160129 134200;27.56;27.61;27.55;27.59;1500
20160129 134400;27.62;27.62;27.62;27.62;200
20160129 134500;27.62;27.635;27.6;27.635;300
20160129 135000;27.645;27.645;27.645;27.645;100
20160129 135100;27.57;27.57;27.57;27.57;100
20160129 135700;27.6;27.6;27.6;27.6;100
20160129 135800;27.6;27.6;27.6;27.6;200
20160129 140300;27.6;27.6;27.6;27.6;100
20160129 140400;27.59;27.59;27.59;27.59;200
20160129 140800;27.6;27.6;27.6;27.6;200
20160129 141200;27.55;27.55;27.55;27.55;200
20160129 141400;27.59;27.59;27.585;27.585;200
20160129 141500;27.565;27.565;27.565;27.565;100
20160129 141700;27.61;27.64;27.61;27.61;400
20160129 142600;27.67;27.67;27.67;27.67;300
20160129 142800;27.67;27.67;27.67;27.67;200
20160129 143900;27.6799;27.6799;27.6799;27.6799;134
20160129 144700;27.68;27.68;27.68;27.68;100
20160129 144900;27.6;27.6;27.6;27.6;100
20160129 145600;27.6;27.65;27.6;27.65;1300
20160129 145700;27.65;27.67;27.65;27.67;400
20160129 151000;27.69;27.69;27.69;27.69;200
20160129 151200;27.82;27.85;27.82;27.85;500
20160129 153000;27.84;27.84;27.84;27.84;100
20160129 153200;27.79;27.79;27.79;27.79;100
20160129 153400;27.76;27.76;27.76;27.76;100
20160129 153800;27.7601;27.7601;27.7601;27.7601;100
20160129 154200;27.76;27.785;27.72;27.73;1300
20160129 154300;27.755;27.755;27.755;27.755;100
20160129 154400;27.73;27.75;27.73;27.73;900
20160129 154600;27.8;27.83;27.8;27.83;400
20160129 154700;27.77;27.84;27.77;27.805;1100
20160129 154900;27.77;27.77;27.77;27.77;100
20160129 155000;27.805;27.84;27.805;27.84;300
20160129 155300;27.81;27.835;27.8;27.8;1300
20160129 155400;27.8;27.81;27.8;27.81;700
20160129 155500;27.825;27.825;27.8;27.825;3584
20160129 155600;27.81;27.825;27.81;27.825;300
20160129 155700;27.83;27.83;27.82;27.82;900
20160129 155800;27.84;27.84;27.82;27.83;1044
20160129 155900;27.83;27.83;27.82;27.82;900
20160129 160000;27.83;27.9;27.8;27.83;4992
20160201 093400;27.76;27.76;27.76;27.76;100
20160201 093500;28.23;28.23;28.23;28.23;100
20160201 094200;28.26;28.26;28.26;28.26;200
20160201 094400;28.1;28.1;28.02;28.02;200
20160201 094600;28.23;28.26;28.23;28.26;1600
20160201 094700;27.999;27.999;27.98;27.98;300
20160201 094900;28.12;28.13;28.12;28.13;500
20160201 095000;28.1175;28.13;28.1175;28.125;300
20160201 095100;28.071;28.071;28.06;28.06;765
20160201 095200;27.96;27.96;27.96;27.96;100
20160201 095300;27.94;27.94;27.8425;27.8425;200
20160201 095600;27.825;27.825;27.825;27.825;200
20160201 095700;27.82;27.82;27.78;27.82;1000
20160201 095800;27.74;27.82;27.74;27.82;200
20160201 095900;27.795;27.82;27.77;27.82;600
20160201 100000;27.815;27.815;27.815;27.815;100
20160201 100100;27.77;27.815;27.77;27.77;300
20160201 100200;27.74;27.74;27.74;27.74;100
20160201 100400;27.69;27.69;27.69;27.69;200
20160201 100500;27.675;27.675;27.675;27.675;100
20160201 100800;27.74;27.74;27.74;27.74;100
20160201 101000;27.7;27.755;27.6801;27.755;2165
20160201 101400;27.785;27.785;27.785;27.785;100
20160201 101600;27.78;27.78;27.71;27.71;1200
20160201 101900;27.78;27.78;27.78;27.78;200
20160201 102000;27.75;27.75;27.73;27.74;300
20160201 102200;27.78;27.89;27.78;27.89;1600
20160201 102300;27.89;27.98;27.89;27.98;200
20160201 102400;27.86;27.86;27.84;27.84;300
20160201 102900;28.01;28.01;28.01;28.01;100
20160201 103100;27.92;28;27.92;27.93;500
20160201 103200;27.96;27.96;27.96;27.96;200
20160201 103400;28;28.01;28;28.01;400
20160201 103500;28;28;27.96;27.96;400
20160201 103600;28;28;28;28;300
20160201 103700;27.97;27.97;27.97;27.97;100
20160201 104100;27.995;27.995;27.995;27.995;100
20160201 105000;28.03;28.04;28.03;28.04;300
20160201 105400;28.05;28.08;28.05;28.08;400
20160201 110100;28.02;28.02;28.02;28.02;300
20160201 111000;28;28;28;28;200
20160201 111100;27.97;28;27.9;27.99;1300
20160201 111600;27.955;27.955;27.945;27.945;200
20160201 111700;27.935;27.935;27.935;27.935;100
20160201 111800;27.95;27.955;27.935;27.935;400
20160201 111900;27.93;27.95;27.93;27.95;600
20160201 112000;27.95;27.97;27.95;27.95;800
20160201 112100;27.95;27.95;27.93;27.93;600
20160201 112200;27.93;27.93;27.9;27.9;1000
20160201 112300;27.9;27.9;27.9;27.9;400
20160201 112400;27.9;27.9;27.9;27.9;200
20160201 112500;27.92;27.92;27.92;27.92;100
20160201 112600;27.94;27.96;27.94;27.94;300
20160201 113500;28.03;28.03;28.03;28.03;400
20160201 113800;28.05;28.05;28.05;28.05;1100
20160201 113900;28.07;28.12;28.07;28.12;500
20160201 114700;28.12;28.12;28.12;28.12;100
20160201 115100;28.14;28.25;28.13;28.2;700
20160201 115300;28.16;28.16;28.15;28.15;500
20160201 115700;28.13;28.13;28.12;28.12;500
20160201 115900;28.19;28.19;28.08;28.08;550
20160201 120600;28.05;28.05;28.05;28.05;400
20160201 121100;27.98;27.98;27.98;27.98;200
20160201 121200;27.985;27.985;27.94;27.94;200
20160201 121900;28.01;28.01;28.01;28.01;100
20160201 122000;28.06;28.06;28.06;28.06;100
20160201 122300;28.09;28.1;28.09;28.1;200
20160201 122500;28.02;28.02;28;28;1100
20160201 122700;27.99;27.99;27.99;27.99;100
20160201 122800;27.98;27.98;27.98;27.98;200
20160201 123000;28.06;28.06;28.06;28.06;100
20160201 123400;27.965;27.965;27.965;27.965;200
20160201 123900;28.05;28.05;28.05;28.05;100
20160201 124300;28.05;28.08;28.005;28.005;400
20160201 124400;28.04;28.04;28.03;28.03;600
20160201 124500;28.02;28.02;27.91;27.935;1600
20160201 124600;27.96;27.96;27.95;27.95;500
20160201 125000;27.965;27.965;27.965;27.965;200
20160201 125100;28.02;28.02;27.96;27.96;200
20160201 125400;28.01;28.01;28.01;28.01;100
20160201 125800;28.01;28.01;28.01;28.01;200
20160201 130400;28.01;28.04;28.01;28.04;200
20160201 131000;28.07;28.07;28.07;28.07;200
20160201 131400;28.02;28.02;28.02;28.02;400
20160201 131700;28;28;28;28;200
20160201 132100;28.1;28.1;28.1;28.1;100
20160201 132400;28.11;28.11;28.11;28.11;500
20160201 133000;28.155;28.22;28.155;28.22;400
20160201 133600;28.16;28.19;28.14;28.15;2300
20160201 133700;28.14;28.14;28.14;28.14;300
20160201 134100;28.14;28.14;28.14;28.14;700
20160201 134400;28.16;28.16;28.15;28.15;400
20160201 134600;28.17;28.17;28.17;28.17;200
20160201 134800;28.23;28.27;28.2;28.2;300
20160201 135000;28.28;28.3;28.28;28.3;300
20160201 135300;28.37;28.37;28.37;28.37;100
20160201 135600;28.29;28.29;28.28;28.28;300
20160201 135800;28.35;28.35;28.28;28.28;300
20160201 140600;28.28;28.28;28.28;28.28;100
20160201 140700;28.28;28.28;28.28;28.28;400
20160201 141500;28.24;28.24;28.24;28.24;300
20160201 141700;28.19;28.19;28.19;28.19;100
20160201 142200;28.22;28.22;28.22;28.22;600
20160201 142500;28.25;28.25;28.25;28.25;100
20160201 142700;28.27;28.3;28.25;28.28;600
20160201 142900;28.26;28.26;28.25;28.25;200
20160201 143500;28.25;28.275;28.24;28.275;300
20160201 143600;28.24;28.24;28.24;28.24;100
20160201 143700;28.24;28.24;28.17;28.21;400
20160201 144100;28.24;28.24;28.24;28.24;100
20160201 144200;28.17;28.17;28.17;28.17;100
20160201 144300;28.195;28.24;28.195;28.23;500
20160201 144700;28.3;28.3;28.3;28.3;100
20160201 144900;28.29;28.29;28.29;28.29;200
20160201 145000;28.24;28.24;28.24;28.24;100
20160201 145100;28.2;28.2;28.2;28.2;100
20160201 145500;28.235;28.27;28.235;28.27;400
20160201 145600;28.21;28.24;28.21;28.24;200
20160201 150000;28.26;28.26;28.22;28.22;200
20160201 150100;28.27;28.28;28.27;28.28;600
20160201 150400;28.31;28.31;28.31;28.31;100
20160201 150500;28.29;28.29;28.29;28.29;100
20160201 150600;28.29;28.29;28.29;28.29;100
20160201 151200;28.26;28.285;28.25;28.285;300
20160201 151300;28.255;28.275;28.23;28.23;2000
20160201 151400;28.225;28.225;28.2;28.2;1800
20160201 151500;28.205;28.21;28.2;28.21;665
20160201 151700;28.3;28.3188;28.27;28.3;600
20160201 152000;28.26;28.26;28.26;28.26;200
20160201 152100;28.26;28.26;28.26;28.26;100
20160201 152200;28.29;28.32;28.29;28.32;400
20160201 152500;28.27;28.27;28.27;28.27;100
20160201 152700;28.3;28.33;28.3;28.33;200
20160201 152900;28.28;28.33;28.28;28.33;200
20160201 153000;28.28;28.28;28.28;28.28;100
20160201 153100;28.33;28.33;28.33;28.33;600
20160201 153200;28.35;28.35;28.29;28.29;200
20160201 153300;28.3;28.3;28.28;28.28;1200
20160201 153400;28.28;28.28;28.28;28.28;300
20160201 153700;28.29;28.29;28.26;28.26;600
20160201 153800;28.24;28.25;28.24;28.2475;500
20160201 153900;28.245;28.245;28.245;28.245;300
20160201 154000;28.2;28.21;28.2;28.2;700
20160201 154100;28.2;28.21;28.2;28.21;1000
20160201 154200;28.21;28.21;28.21;28.21;100
20160201 154500;28.21;28.23;28.21;28.23;700
20160201 154600;28.215;28.215;28.15;28.15;1400
20160201 154700;28.15;28.15;28.145;28.145;900
20160201 154800;28.145;28.18;28.145;28.18;1600
20160201 154900;28.175;28.21;28.175;28.21;700
20160201 155000;28.17;28.29;28.17;28.29;1400
20160201 155100;28.28;28.28;28.28;28.28;100
20160201 155200;28.225;28.25;28.15;28.15;600
20160201 155300;28.21;28.21;28.15;28.21;2400
20160201 155400;28.22;28.22;28.21;28.21;1400
20160201 155500;28.21;28.21;28.21;28.21;300
20160201 155600;28.22;28.22;28.22;28.22;700
20160201 155700;28.22;28.25;28.21;28.225;1474
20160201 155800;28.23;28.28;28.23;28.23;1200
20160201 155900;28.27;28.32;28.26;28.32;2100
20160201 160000;28.33;28.33;28.19;28.21;2632
20160201 160300;28.21;28.21;28.21;28.21;52
20160201 161100;28.1102;28.1102;28.1102;28.1102;2600
20160202 093100;27.4575;27.4575;27.4575;27.4575;100
20160202 094200;27.91;28;27.91;27.955;300
20160202 094300;28.15;28.25;28.15;28.25;600
20160202 094500;28.28;28.28;28.27;28.27;300
20160202 094700;28.26;28.26;28.23;28.23;300
20160202 094800;28.03;28.03;27.995;28;1701
20160202 094900;27.8525;28.06;27.8525;28.06;800
20160202 095000;28.04;28.06;28.04;28.06;600
20160202 095100;27.92;27.92;27.92;27.92;682
20160202 095700;28.018;28.08;28.01;28.08;1200
20160202 100500;27.91;27.91;27.91;27.91;500
20160202 100600;28;28;28;28;100
20160202 101700;28.015;28.015;28.015;28.015;200
20160202 101900;27.97;27.97;27.97;27.97;100
20160202 102000;27.95;28;27.95;27.99;700
20160202 102200;27.95;27.97;27.95;27.97;300
20160202 102300;27.83;27.83;27.82;27.82;300
20160202 102700;27.86;27.9;27.86;27.9;200
20160202 103100;27.88;27.88;27.87;27.87;200
20160202 103600;27.87;27.87;27.87;27.87;100
20160202 104000;27.83;27.88;27.82;27.88;800
20160202 104100;27.88;27.91;27.88;27.91;200
20160202 104200;27.84;27.84;27.84;27.84;100
20160202 104400;27.89;27.89;27.89;27.89;100
20160202 104700;27.88;27.91;27.88;27.91;200
20160202 105000;27.75;27.83;27.75;27.83;200
20160202 105200;27.72;27.72;27.72;27.72;100
20160202 105900;27.75;27.75;27.75;27.75;100
20160202 110400;27.8;27.8;27.74;27.74;3300
20160202 110500;27.74;27.75;27.74;27.745;400
20160202 112000;27.75;27.75;27.75;27.75;200
20160202 112300;27.75;27.75;27.75;27.75;100
20160202 113400;27.78;27.79;27.74;27.74;400
20160202 113500;27.75;27.75;27.75;27.75;100
20160202 114100;27.75;27.75;27.75;27.75;200
20160202 114300;27.75;27.75;27.75;27.75;300
20160202 115200;27.79;27.8;27.75;27.79;800
20160202 115300;27.79;27.79;27.782;27.79;400
20160202 115800;27.78;27.78;27.78;27.78;100
20160202 120000;27.77;27.8;27.77;27.8;400
20160202 120100;27.79;27.8;27.79;27.8;330
20160202 120500;27.794;27.8;27.74;27.75;1900
20160202 120600;27.75;27.75;27.75;27.75;100
20160202 121300;27.75;27.75;27.75;27.75;100
20160202 121400;27.75;27.75;27.73;27.745;600
20160202 121500;27.76;27.76;27.7;27.735;600
20160202 121600;27.75;27.75;27.75;27.75;100
20160202 121700;27.76;27.76;27.76;27.76;100
20160202 121800;27.72;27.72;27.71;27.7102;680
20160202 122200;27.73;27.73;27.73;27.73;100
20160202 122800;27.77;27.77;27.77;27.77;100
20160202 124400;27.75;27.75;27.75;27.75;100
20160202 125600;27.75;27.75;27.73;27.74;600
20160202 125700;27.75;27.75;27.75;27.75;100
20160202 125800;27.75;27.75;27.75;27.75;100
20160202 125900;27.745;27.75;27.7;27.7;500
20160202 130400;27.735;27.75;27.735;27.75;1000
20160202 130900;27.75;27.75;27.75;27.75;100
20160202 131100;27.75;27.75;27.75;27.75;200
20160202 131200;27.75;27.75;27.75;27.75;100
20160202 131300;27.745;27.755;27.745;27.75;1100
20160202 131400;27.69;27.75;27.69;27.75;400
20160202 131600;27.75;27.75;27.71;27.75;300
20160202 131800;27.75;27.75;27.75;27.75;100
20160202 131900;27.76;27.8;27.76;27.8;400
20160202 132100;27.76;27.76;27.76;27.76;100
20160202 133200;27.8;27.8;27.8;27.8;200
20160202 133700;27.86;27.88;27.86;27.88;200
20160202 134700;27.75;27.75;27.75;27.75;100
20160202 135400;27.7;27.75;27.7;27.75;800
20160202 135500;27.67;27.67;27.67;27.67;100
20160202 135600;27.63;27.73;27.63;27.73;200
20160202 135900;27.72;27.72;27.72;27.72;100
20160202 140500;27.67;27.67;27.5701;27.62;500
20160202 140600;27.66;27.66;27.64;27.64;400
20160202 141100;27.67;27.67;27.67;27.67;200
20160202 141400;27.67;27.67;27.67;27.67;400
20160202 142100;27.625;27.625;27.625;27.625;100
20160202 142200;27.66;27.66;27.66;27.66;100
20160202 142500;27.61;27.61;27.61;27.61;100
20160202 143900;27.58;27.58;27.58;27.58;100
20160202 144100;27.62;27.62;27.62;27.62;100
20160202 144500;27.63;27.63;27.63;27.63;100
20160202 144600;27.63;27.75;27.63;27.73;1216
20160202 144700;27.7;27.7;27.7;27.7;200
20160202 145100;27.66;27.7;27.66;27.7;200
20160202 145200;27.71;27.78;27.69;27.78;500
20160202 145300;27.76;27.76;27.74;27.75;500
20160202 145800;27.7;27.73;27.695;27.6975;700
20160202 145900;27.7;27.7;27.635;27.635;1300
20160202 150000;27.7;27.79;27.7;27.75;600
20160202 150400;27.67;27.67;27.67;27.67;100
20160202 150500;27.66;27.685;27.66;27.685;200
20160202 150700;27.72;27.72;27.72;27.72;100
20160202 150900;27.75;27.75;27.75;27.75;100
20160202 151000;27.73;27.785;27.73;27.75;700
20160202 151200;27.74;27.74;27.74;27.74;100
20160202 151300;27.75;27.75;27.75;27.75;200
20160202 151500;27.75;27.91;27.75;27.91;300
20160202 151600;27.92;27.92;27.92;27.92;100
20160202 151700;27.78;27.89;27.78;27.89;200
20160202 151800;27.87;27.87;27.76;27.83;300
20160202 152000;27.83;27.83;27.83;27.83;100
20160202 152100;27.82;27.82;27.82;27.82;100
20160202 152200;27.75;27.89;27.75;27.89;1200
20160202 152300;27.85;27.85;27.85;27.85;100
20160202 152400;27.85;27.85;27.85;27.85;200
20160202 152500;27.77;27.85;27.75;27.85;300
20160202 152600;27.88;27.88;27.88;27.88;100
20160202 152800;27.8;27.8;27.8;27.8;100
20160202 152900;27.9;27.9;27.9;27.9;100
20160202 153000;27.88;27.88;27.88;27.88;100
20160202 153100;27.9;27.9;27.9;27.9;300
20160202 153200;27.94;27.94;27.94;27.94;100
20160202 153400;27.92;27.92;27.92;27.92;200
20160202 153500;27.92;27.92;27.92;27.92;300
20160202 153600;27.92;27.92;27.91;27.91;200
20160202 153700;27.91;27.92;27.91;27.92;200
20160202 153800;27.92;27.92;27.92;27.92;100
20160202 154000;27.92;27.92;27.865;27.92;300
20160202 154100;27.9;27.9;27.89;27.89;200
20160202 154300;27.88;27.88;27.75;27.86;1943
20160202 154400;27.86;27.86;27.86;27.86;300
20160202 154500;27.86;27.86;27.85;27.86;700
20160202 154600;27.86;27.86;27.8;27.8;500
20160202 154800;27.81;27.81;27.785;27.81;400
20160202 154900;27.8;27.88;27.8;27.8;1100
20160202 155000;27.8;27.8;27.77;27.77;1000
20160202 155100;27.8;27.83;27.79;27.8;1100
20160202 155200;27.8;27.8;27.75;27.79;500
20160202 155300;27.85;27.85;27.77;27.77;600
20160202 155400;27.81;27.81;27.79;27.8;1000
20160202 155500;27.81;27.88;27.81;27.87;530
20160202 155600;27.89;27.89;27.81;27.86;500
20160202 155700;27.85;27.86;27.8;27.8;300
20160202 155800;27.77;27.86;27.76;27.86;700
20160202 155900;27.86;27.87;27.82;27.85;900
20160202 160000;27.86;27.89;27.78;27.84;4494
20160202 160200;27.84;27.84;27.84;27.84;65
20160202 161200;27.8201;27.8201;27.8201;27.8201;5700
20160203 094400;27.73;27.87;27.63;27.87;500
20160203 094800;27.72;27.785;27.335;27.785;500
20160203 095000;27.89;27.89;27.89;27.89;300
20160203 095200;27.88;27.89;27.88;27.89;200
20160203 095500;27.85;27.85;27.85;27.85;100
20160203 100000;27.87;27.87;27.87;27.87;200
20160203 100100;27.72;27.72;27.72;27.72;100
20160203 100500;27.735;27.735;27.735;27.735;100
20160203 100800;27.75;27.75;27.75;27.75;600
20160203 100900;27.75;27.75;27.75;27.75;100
20160203 101000;27.73;27.74;27.73;27.74;700
20160203 101700;27.55;27.585;27.55;27.55;400
20160203 102100;27.5;27.5;27.5;27.5;200
20160203 102600;27.5;27.51;27.5;27.51;200
20160203 103300;27.45;27.45;27.44;27.44;200
20160203 103500;27.5;27.5;27.44;27.5;300
20160203 103600;27.47;27.47;27.47;27.47;200
20160203 103700;27.47;27.5;27.47;27.5;300
20160203 103900;27.5;27.5;27.5;27.5;100
20160203 104300;27.5;27.5;27.5;27.5;100
20160203 104400;27.5;27.5;27.5;27.5;100
20160203 105700;27.61;27.61;27.61;27.61;200
20160203 110100;27.61;27.61;27.61;27.61;200
20160203 110900;27.58;27.58;27.48;27.48;900
20160203 111000;27.53;27.58;27.53;27.58;600
20160203 111100;27.51;27.51;27.49;27.5;600
20160203 112000;27.57;27.57;27.51;27.51;400
20160203 112400;27.53;27.56;27.41;27.56;600
20160203 112800;27.495;27.495;27.495;27.495;100
20160203 113100;27.54;27.54;27.54;27.54;200
20160203 113200;27.6;27.65;27.6;27.65;500
20160203 113300;27.69;27.86;27.69;27.86;700
20160203 113400;27.9;27.91;27.9;27.91;200
20160203 113500;27.88;27.92;27.88;27.92;200
20160203 113600;27.7;27.89;27.56;27.56;700
20160203 113700;27.77;27.79;27.77;27.79;200
20160203 113800;27.72;27.72;27.71;27.71;200
20160203 113900;27.72;27.72;27.72;27.72;100
20160203 114000;27.7;27.74;27.7;27.73;400
20160203 114200;27.83;27.83;27.83;27.83;100
20160203 114400;27.92;27.92;27.92;27.92;100
20160203 114500;27.97;28.01;27.97;28;400
20160203 114600;28.1;28.1;28.1;28.1;100
20160203 114800;28.08;28.1;28.08;28.1;200
20160203 115000;28.08;28.11;28.06;28.07;800
20160203 115100;28.07;28.07;28.05;28.05;200
20160203 115300;27.98;27.98;27.97;27.97;200
20160203 115400;28.05;28.12;28.015;28.015;900
20160203 115500;28.005;28.23;28.005;28.23;800
20160203 115600;28.22;28.22;28.22;28.22;100
20160203 115700;28.22;28.22;27.94;28.19;500
20160203 115800;28.19;28.19;28.19;28.19;100
20160203 115900;28.19;28.19;28.19;28.19;100
20160203 120000;28.18;28.18;28.18;28.18;100
20160203 120100;28.06;28.06;28.05;28.05;1386
20160203 120400;28.14;28.14;28.14;28.14;100
20160203 120600;28;28;28;28;100
20160203 120700;27.95;27.95;27.95;27.95;100
20160203 120900;27.76;27.76;27.76;27.76;200
20160203 121000;27.86;27.86;27.86;27.86;100
20160203 121400;27.68;27.73;27.68;27.73;300
20160203 121500;27.83;27.83;27.83;27.83;100
20160203 122000;27.76;27.76;27.71;27.71;400
20160203 122100;27.96;27.96;27.96;27.96;100
20160203 122500;27.88;27.985;27.88;27.985;200
20160203 122700;27.88;27.88;27.88;27.88;100
20160203 122800;27.94;27.94;27.94;27.94;200
20160203 123300;27.905;27.98;27.905;27.98;200
20160203 123500;27.84;27.84;27.75;27.75;200
20160203 123600;27.86;27.86;27.86;27.86;100
20160203 124100;27.89;27.94;27.81;27.94;400
20160203 124300;27.935;27.94;27.935;27.94;200
20160203 124500;27.8;27.8;27.8;27.8;100
20160203 124600;27.81;27.81;27.8;27.8;200
20160203 125000;27.86;27.86;27.85;27.85;200
20160203 125500;27.85;27.85;27.79;27.79;200
20160203 130000;27.79;27.79;27.79;27.79;300
20160203 130200;27.965;27.97;27.86;27.86;400
20160203 130700;27.99;27.99;27.99;27.99;100
20160203 130800;27.98;27.98;27.98;27.98;100
20160203 131200;27.86;27.95;27.85;27.95;640
20160203 132100;27.93;27.93;27.93;27.93;100
20160203 132300;27.86;27.86;27.86;27.86;200
20160203 132500;27.915;27.92;27.915;27.92;200
20160203 132800;27.95;27.95;27.86;27.86;500
20160203 134000;27.71;27.8;27.69;27.8;2400
20160203 134100;27.78;27.78;27.69;27.69;300
20160203 134300;27.74;27.74;27.74;27.74;100
20160203 135200;27.79;27.79;27.79;27.79;200
20160203 135300;27.8;27.8;27.8;27.8;400
20160203 135600;27.81;27.81;27.81;27.81;100
20160203 140000;27.72;27.73;27.71;27.72;700
20160203 140200;27.76;27.76;27.76;27.76;100
20160203 140700;27.79;27.79;27.79;27.79;100
20160203 140800;27.83;27.86;27.74;27.86;500
20160203 141200;27.8;27.8;27.8;27.8;100
20160203 141300;27.8;27.8;27.8;27.8;100
20160203 141700;27.85;27.85;27.8;27.84;900
20160203 142500;27.85;27.85;27.85;27.85;100
20160203 142700;27.81;27.81;27.78;27.78;200
20160203 142900;27.89;27.93;27.89;27.93;899
20160203 143100;27.93;27.93;27.93;27.93;100
20160203 143200;28.015;28.03;28;28.015;2200
20160203 143800;28.03;28.03;28.03;28.03;100
20160203 143900;28.06;28.06;27.98;28.03;400
20160203 144100;27.925;27.99;27.925;27.99;500
20160203 144600;27.98;27.98;27.98;27.98;100
20160203 144700;28.03;28.03;28.03;28.03;100
20160203 144800;28.03;28.03;28.03;28.03;100
20160203 145000;28.02;28.03;28;28;2335
20160203 145400;27.92;27.92;27.92;27.92;100
20160203 145900;28;28;28;28;1000
20160203 150500;28.05;28.05;28.05;28.05;100
20160203 150600;28.04;28.04;28.04;28.04;100
20160203 150800;28.11;28.11;28.11;28.11;300
20160203 150900;28.1;28.1;28;28;654
20160203 151000;28.02;28.08;28.02;28.05;10200
20160203 151300;28.04;28.04;28.04;28.04;300
20160203 151400;28;28;28;28;2200
20160203 151500;27.97;27.97;27.92;27.92;400
20160203 151600;28;28;28;28;100
20160203 151700;27.95;27.95;27.95;27.95;100
20160203 151800;27.95;27.95;27.92;27.92;200
20160203 151900;27.9;27.9;27.9;27.9;100
20160203 152000;27.9;27.9;27.9;27.9;100
20160203 152200;27.89;27.89;27.89;27.89;100
20160203 152300;27.85;27.86;27.85;27.86;200
20160203 152700;27.85;27.85;27.85;27.85;300
20160203 152800;27.9;27.91;27.9;27.9;1511
20160203 153000;27.95;27.95;27.95;27.95;100
20160203 153100;27.95;27.95;27.87;27.87;200
20160203 153200;27.94;27.94;27.94;27.94;200
20160203 153300;27.97;27.98;27.97;27.97;300
20160203 153400;27.89;27.89;27.89;27.89;100
20160203 153500;27.95;27.95;27.93;27.93;200
20160203 153700;27.93;27.93;27.93;27.93;300
20160203 153900;27.93;27.93;27.93;27.93;100
20160203 154000;27.88;27.88;27.84;27.84;4827
20160203 154100;27.8;27.81;27.8;27.81;300
20160203 154300;27.81;27.81;27.81;27.81;100
20160203 154400;27.83;27.85;27.83;27.85;900
20160203 154600;27.84;27.87;27.8;27.87;1300
20160203 154700;27.87;27.87;27.87;27.87;200
20160203 154800;27.87;27.87;27.8;27.8;800
20160203 154900;27.81;27.81;27.81;27.81;200
20160203 155000;27.86;27.86;27.86;27.86;282
20160203 155200;27.81;27.86;27.8;27.8;400
20160203 155300;27.86;27.89;27.82;27.89;1100
20160203 155400;27.9;27.9;27.85;27.85;200
20160203 155500;27.84;27.87;27.84;27.87;400
20160203 155600;27.83;27.83;27.8;27.8;400
20160203 155700;27.85;27.85;27.84;27.84;1100
20160203 155800;27.84;27.84;27.84;27.84;100
20160203 155900;27.86;27.87;27.86;27.87;600
20160203 160000;27.9;27.92;27.83;27.91;3198
20160203 161200;27.8794;27.8794;27.8794;27.8794;12200
20160204 093200;27.01;27.11;27.01;27.11;200
20160204 094000;27.3275;27.525;27.3275;27.525;200
20160204 094300;27.475;27.475;27.475;27.475;100
20160204 094600;27.755;27.8;27.7201;27.78;1200
20160204 094700;27.775;27.775;27.775;27.775;100
20160204 100000;27.86;28;27.86;28;500
20160204 100600;28;28;28;28;400
20160204 100800;28.02;28.02;28.02;28.02;100
20160204 101200;28;28;27.99;27.99;200
20160204 101900;28;28;28;28;300
20160204 102000;28.1;28.1;28.05;28.05;900
20160204 103100;28.13;28.13;28.13;28.13;200
20160204 103200;27.97;27.99;27.97;27.99;300
20160204 103800;28.17;28.17;28.16;28.16;200
20160204 103900;28.005;28.005;28;28;200
20160204 104500;28;28;28;28;100
20160204 104600;27.98;27.98;27.98;27.98;300
20160204 104900;27.99;27.99;27.98;27.98;300
20160204 105700;28.05;28.05;28.05;28.05;100
20160204 111100;27.97;27.97;27.97;27.97;100
20160204 111900;27.93;27.93;27.93;27.93;100
20160204 112200;27.94;27.94;27.94;27.94;100
20160204 113200;27.92;27.92;27.92;27.92;100
20160204 115000;27.84;27.84;27.84;27.84;100
20160204 120300;27.86;27.86;27.85;27.85;300
20160204 121300;27.95;27.95;27.95;27.95;100
20160204 122600;27.99;27.99;27.99;27.99;100
20160204 123100;27.98;27.98;27.98;27.98;100
20160204 124800;27.96;27.96;27.89;27.89;400
20160204 130200;27.68;27.75;27.68;27.75;300
20160204 130300;27.77;27.77;27.74;27.77;500
20160204 130400;27.82;27.82;27.82;27.82;100
20160204 130500;27.89;27.89;27.89;27.89;100
20160204 131900;27.87;27.87;27.87;27.87;100
20160204 132000;27.89;27.9;27.89;27.9;400
20160204 132300;27.76;27.765;27.76;27.765;200
20160204 132800;27.78;27.78;27.78;27.78;100
20160204 133200;27.755;27.755;27.755;27.755;200
20160204 133700;27.78;27.84;27.735;27.84;1109
20160204 134100;27.79;27.79;27.79;27.79;100
20160204 134700;27.83;27.83;27.78;27.79;600
20160204 134900;27.8;27.8;27.78;27.78;700
20160204 135000;27.745;27.745;27.745;27.745;191
20160204 135300;27.75;27.78;27.74;27.775;900
20160204 135700;27.81;27.81;27.81;27.81;200
20160204 140400;27.85;27.85;27.85;27.85;200
20160204 140500;27.845;27.845;27.845;27.845;400
20160204 140700;27.845;27.845;27.845;27.845;400
20160204 141000;27.84;27.84;27.84;27.84;200
20160204 141600;27.86;27.87;27.86;27.87;500
20160204 141900;27.91;27.91;27.91;27.91;200
20160204 142100;28.05;28.05;28.05;28.05;100
20160204 142200;27.9;27.9;27.9;27.9;300
20160204 142700;27.83;27.89;27.73;27.73;1700
20160204 142800;27.8;27.8;27.77;27.77;300
20160204 142900;27.86;27.86;27.86;27.86;199
20160204 143300;27.86;27.86;27.86;27.86;100
20160204 143400;27.98;27.98;27.98;27.98;100
20160204 143800;27.9;27.9;27.9;27.9;100
20160204 144400;27.665;27.72;27.665;27.72;200
20160204 144800;27.7325;27.75;27.665;27.665;300
20160204 145300;27.75;27.75;27.75;27.75;100
20160204 145500;27.74;27.77;27.74;27.76;2600
20160204 145700;27.78;27.78;27.78;27.78;100
20160204 150300;27.85;27.85;27.85;27.85;100
20160204 150400;27.85;27.85;27.85;27.85;100
20160204 150500;27.9;27.9;27.9;27.9;100
20160204 150600;27.77;27.77;27.77;27.77;200
20160204 150700;27.72;27.81;27.72;27.81;400
20160204 150800;27.77;27.78;27.75;27.76;800
20160204 150900;27.76;27.76;27.76;27.76;200
20160204 151200;27.76;27.76;27.76;27.76;300
20160204 151300;27.74;27.76;27.74;27.76;200
20160204 151500;27.715;27.76;27.715;27.76;300
20160204 152000;27.93;27.93;27.93;27.93;166
20160204 152100;27.795;27.845;27.795;27.845;402
20160204 152900;27.86;27.86;27.805;27.805;500
20160204 153000;27.855;27.855;27.805;27.805;200
20160204 153100;27.85;27.85;27.85;27.85;100
20160204 153200;27.845;27.845;27.845;27.845;100
20160204 153400;27.825;27.825;27.8;27.825;680
20160204 153500;27.82;27.82;27.82;27.82;100
20160204 153600;27.79;27.79;27.76;27.76;200
20160204 154000;27.71;27.71;27.71;27.71;100
20160204 154100;27.7;27.7;27.68;27.68;300
20160204 154200;27.75;27.77;27.68;27.77;800
20160204 154300;27.73;27.73;27.73;27.73;100
20160204 154400;27.73;27.82;27.73;27.82;400
20160204 154700;27.75;27.75;27.75;27.75;200
20160204 154800;27.75;27.75;27.75;27.75;100
20160204 154900;27.74;27.745;27.72;27.745;600
20160204 155100;27.745;27.75;27.745;27.75;300
20160204 155200;27.72;27.72;27.72;27.72;100
20160204 155300;27.71;27.81;27.71;27.81;1100
20160204 155400;27.82;27.82;27.82;27.82;300
20160204 155500;27.775;27.775;27.775;27.775;200
20160204 155600;27.81;27.81;27.77;27.81;500
20160204 155700;27.8075;27.82;27.77;27.8075;600
20160204 155800;27.8075;27.84;27.77;27.8;1000
20160204 160000;27.8;27.85;27.8;27.85;1599
20160204 160300;27.85;27.85;27.85;27.85;72
20160204 161100;27.8193;27.8193;27.8193;27.8193;1200
20160205 094500;27.79;27.79;27.79;27.79;200
20160205 094900;27.65;27.65;27.65;27.65;100
20160205 095000;27.87;27.87;27.87;27.87;100
20160205 095500;27.79;27.8;27.65;27.65;870
20160205 095700;27.67;27.67;27.57;27.58;500
20160205 095800;27.81;27.81;27.81;27.81;100
20160205 100200;27.59;27.59;27.59;27.59;100
20160205 100500;27.59;27.59;27.59;27.59;200
20160205 100800;27.58;27.58;27.58;27.58;100
20160205 100900;27.55;27.66;27.55;27.65;1100
20160205 101700;27.63;27.63;27.63;27.63;100
20160205 102200;27.6;27.6;27.6;27.6;400
20160205 102400;27.51;27.56;27.5;27.5325;2000
20160205 102500;27.48;27.58;27.48;27.58;1000
20160205 102600;27.57;27.57;27.545;27.545;200
20160205 102900;27.51;27.55;27.48;27.51;600
20160205 103000;27.51;27.53;27.5;27.53;300
20160205 103400;27.55;27.55;27.55;27.55;200
20160205 103600;27.65;27.65;27.65;27.65;100
20160205 104000;27.67;27.73;27.67;27.73;700
20160205 105700;27.72;27.72;27.53;27.69;300
20160205 110600;27.66;27.66;27.66;27.66;200
20160205 111100;27.5;27.56;27.45;27.45;900
20160205 111300;27.46;27.46;27.46;27.46;100
20160205 111500;27.45;27.53;27.45;27.53;500
20160205 111700;27.46;27.52;27.46;27.46;600
20160205 111900;27.45;27.49;27.45;27.49;700
20160205 112100;27.53;27.67;27.53;27.67;700
20160205 112400;27.5;27.53;27.5;27.53;300
20160205 112700;27.5;27.57;27.49;27.49;1200
20160205 113200;27.55;27.55;27.55;27.55;100
20160205 114100;27.53;27.53;27.53;27.53;100
20160205 114500;27.5296;27.58;27.5296;27.58;712
20160205 115100;27.53;27.53;27.53;27.53;100
20160205 120700;27.535;27.535;27.5;27.535;600
20160205 120800;27.5;27.55;27.5;27.545;500
20160205 120900;27.55;27.62;27.5378;27.58;1100
20160205 121100;27.57;27.57;27.57;27.57;300
20160205 121500;27.52;27.52;27.52;27.52;200
20160205 121700;27.54;27.54;27.54;27.54;100
20160205 122600;27.62;27.62;27.57;27.58;500
20160205 123000;27.6123;27.6123;27.6123;27.6123;100
20160205 123800;27.6;27.61;27.6;27.61;200
20160205 124000;27.61;27.61;27.61;27.61;100
20160205 124300;27.67;27.67;27.67;27.67;100
20160205 124500;27.57;27.57;27.57;27.57;100
20160205 124700;27.58;27.58;27.58;27.58;100
20160205 125200;27.61;27.61;27.61;27.61;100
20160205 125300;27.6;27.6;27.58;27.58;200
20160205 125400;27.6;27.6;27.56;27.56;300
20160205 125900;27.5;27.5;27.5;27.5;200
20160205 130400;27.51;27.51;27.5;27.5;500
20160205 131100;27.51;27.51;27.5;27.5;600
20160205 131200;27.5;27.5;27.5;27.5;200
20160205 131300;27.52;27.52;27.52;27.52;200
20160205 131500;27.5;27.5;27.5;27.5;200
20160205 131600;27.51;27.51;27.51;27.51;200
20160205 131700;27.52;27.53;27.52;27.53;200
20160205 132100;27.58;27.58;27.58;27.58;100
20160205 132500;27.52;27.52;27.52;27.52;100
20160205 133700;27.53;27.53;27.53;27.53;300
20160205 134100;27.58;27.58;27.58;27.58;100
20160205 134200;27.51;27.51;27.5;27.5;400
20160205 134300;27.5;27.54;27.5;27.5;3200
20160205 134500;27.55;27.6;27.55;27.55;1300
20160205 134800;27.57;27.57;27.57;27.57;100
20160205 135000;27.51;27.51;27.51;27.51;100
20160205 135600;27.58;27.58;27.58;27.58;100
20160205 140400;27.58;27.59;27.58;27.59;200
20160205 140800;27.51;27.56;27.5;27.56;1200
20160205 141100;27.5001;27.5001;27.5001;27.5001;500
20160205 141300;27.5;27.5;27.5;27.5;900
20160205 141400;27.5;27.5;27.5;27.5;100
20160205 141500;27.5;27.5;27.49;27.49;1279
20160205 141600;27.51;27.51;27.51;27.51;200
20160205 141700;27.51;27.51;27.51;27.51;300
20160205 141800;27.54;27.54;27.54;27.54;100
20160205 142200;27.53;27.53;27.53;27.53;100
20160205 142700;27.58;27.58;27.58;27.58;300
20160205 143400;27.59;27.59;27.59;27.59;200
20160205 144100;27.54;27.54;27.54;27.54;300
20160205 144600;27.57;27.57;27.57;27.57;100
20160205 144800;27.57;27.57;27.57;27.57;100
20160205 145600;27.57;27.57;27.57;27.57;100
20160205 145900;27.57;27.57;27.57;27.57;100
20160205 150500;27.5;27.53;27.5;27.5;2097
20160205 150600;27.5;27.53;27.5;27.52;1836
20160205 150700;27.56;27.56;27.56;27.56;326
20160205 150800;27.57;27.57;27.57;27.57;100
20160205 151500;27.6;27.6;27.6;27.6;300
20160205 151700;27.59;27.59;27.59;27.59;100
20160205 152300;27.6;27.62;27.6;27.62;1509
20160205 152400;27.57;27.57;27.53;27.54;751
20160205 152500;27.5324;27.5324;27.5324;27.5324;383
20160205 152700;27.54;27.54;27.53;27.54;300
20160205 153300;27.57;27.57;27.57;27.57;100
20160205 153400;27.56;27.56;27.56;27.56;100
20160205 153500;27.5;27.56;27.5;27.56;200
20160205 153600;27.56;27.56;27.56;27.56;100
20160205 153700;27.49;27.5;27.49;27.5;1000
20160205 153800;27.5;27.5;27.5;27.5;400
20160205 153900;27.4975;27.4975;27.48;27.4925;613
20160205 154000;27.5;27.52;27.5;27.52;897
20160205 154200;27.48;27.5;27.47;27.5;1400
20160205 154300;27.49;27.49;27.49;27.49;400
20160205 154400;27.55;27.55;27.49;27.5;500
20160205 154500;27.5;27.5;27.5;27.5;930
20160205 154600;27.5;27.53;27.5;27.53;1300
20160205 154700;27.53;27.53;27.5;27.5;800
20160205 154800;27.5;27.52;27.5;27.52;1400
20160205 154900;27.51;27.56;27.51;27.56;300
20160205 155000;27.5;27.5;27.5;27.5;600
20160205 155200;27.5;27.5;27.49;27.5;700
20160205 155300;27.5;27.5;27.5;27.5;2200
20160205 155400;27.54;27.55;27.49;27.505;1600
20160205 155500;27.51;27.53;27.475;27.5;1900
20160205 155600;27.51;27.53;27.5;27.5;500
20160205 155700;27.49;27.52;27.49;27.52;600
20160205 155800;27.52;27.52;27.52;27.52;200
20160205 155900;27.47;27.55;27.47;27.55;1500
20160205 160000;27.56;27.57;27.52;27.53;1209
20160205 160300;27.5;27.5;27.5;27.5;15
20160205 161200;27.5372;27.5372;27.5372;27.5372;8400
