20160119 093100;9.38;9.39;9.38;9.39;1417
20160119 094500;9.6199;9.6199;9.6199;9.6199;4790
20160119 095000;9.519;9.519;9.519;9.519;543
20160119 102000;9.58;9.58;9.58;9.58;200
20160119 102100;9.57;9.57;9.57;9.57;600
20160119 102200;9.58;9.58;9.58;9.58;100
20160119 105200;9.57;9.57;9.57;9.57;100
20160119 112000;9.58;9.58;9.57;9.58;400
20160119 112100;9.56;9.56;9.46;9.49;700
20160119 112200;9.49;9.51;9.49;9.51;900
20160119 112300;9.56;9.57;9.55;9.55;600
20160119 112400;9.55;9.575;9.55;9.56;1500
20160119 112500;9.56;9.56;9.56;9.56;100
20160119 112600;9.515;9.515;9.515;9.515;100
20160119 112800;9.53;9.53;9.53;9.53;100
20160119 112900;9.54;9.54;9.53;9.53;400
20160119 113100;9.54;9.55;9.53;9.55;1000
20160119 113200;9.515;9.55;9.515;9.55;500
20160119 120900;9.5501;9.5501;9.55;9.55;1600
20160119 123600;9.57;9.57;9.5542;9.57;300
20160119 131000;9.56;9.56;9.56;9.56;104
20160119 135600;9.56;9.565;9.51;9.5501;5178
20160119 135800;9.545;9.545;9.545;9.545;100
20160119 140000;9.545;9.545;9.545;9.545;100
20160119 140300;9.51;9.51;9.51;9.51;100
20160119 140500;9.51;9.545;9.51;9.545;300
20160119 140600;9.51;9.51;9.51;9.51;100
20160119 140700;9.5;9.5;9.5;9.5;200
20160119 140800;9.5;9.5;9.5;9.5;100
20160119 140900;9.5;9.5;9.5;9.5;200
20160119 141000;9.49;9.49;9.49;9.49;100
20160119 141200;9.49;9.49;9.49;9.49;100
20160119 141300;9.48;9.48;9.48;9.48;100
20160119 141400;9.48;9.48;9.48;9.48;200
20160119 141500;9.47;9.47;9.47;9.47;200
20160119 141600;9.44;9.44;9.44;9.44;100
20160119 141700;9.43;9.43;9.42;9.43;400
20160119 141900;9.43;9.43;9.43;9.43;100
20160119 142000;9.44;9.44;9.43;9.44;600
20160119 142100;9.43;9.43;9.43;9.43;100
20160119 142200;9.43;9.43;9.43;9.43;100
20160119 142300;9.4084;9.4084;9.4042;9.4084;1355
20160119 142500;9.4084;9.4084;9.4084;9.4084;100
20160119 142600;9.4084;9.4084;9.4084;9.4084;100
20160119 142700;9.4084;9.4084;9.4084;9.4084;200
20160119 142800;9.4084;9.4084;9.4084;9.4084;100
20160119 142900;9.42;9.42;9.41;9.41;200
20160119 143000;9.41;9.52;9.41;9.52;404
20160119 143100;9.41;9.41;9.41;9.41;200
20160119 143200;9.41;9.41;9.41;9.41;200
20160119 143300;9.4177;9.4177;9.4177;9.4177;100
20160119 143400;9.41;9.41;9.41;9.41;200
20160119 143500;9.4177;9.4177;9.4177;9.4177;100
20160119 143600;9.41;9.41;9.41;9.41;200
20160119 143700;9.41;9.41;9.41;9.41;200
20160119 143800;9.4084;9.45;9.4084;9.45;932
20160119 144100;9.41;9.41;9.41;9.41;200
20160119 144200;9.4084;9.4084;9.4084;9.4084;200
20160119 144300;9.4084;9.4084;9.4084;9.4084;100
20160119 144400;9.4084;9.4084;9.4084;9.4084;200
20160119 144500;9.4077;9.4077;9.4077;9.4077;100
20160119 144600;9.4077;9.4077;9.4077;9.4077;200
20160119 144700;9.4;9.4;9.4;9.4;200
20160119 144800;9.407;9.407;9.407;9.407;100
20160119 144900;9.4;9.4;9.38;9.38;300
20160119 145000;9.38;9.38;9.38;9.38;100
20160119 145100;9.38;9.38;9.38;9.38;200
20160119 145200;9.38;9.38;9.34;9.35;900
20160119 145400;9.36;9.36;9.36;9.36;100
20160119 145500;9.3505;9.3505;9.3505;9.3505;100
20160119 145600;9.3505;9.3505;9.3505;9.3505;200
20160119 145700;9.3505;9.3505;9.3505;9.3505;100
20160119 145800;9.3505;9.3505;9.3505;9.3505;200
20160119 145900;9.3505;9.3505;9.3505;9.3505;200
20160119 150000;9.3505;9.3505;9.3505;9.3505;100
20160119 150100;9.3505;9.3505;9.3505;9.3505;200
20160119 150200;9.3505;9.3505;9.3505;9.3505;100
20160119 150300;9.3505;9.36;9.32;9.33;2500
20160119 150600;9.29;9.29;9.29;9.29;200
20160119 150700;9.284;9.284;9.284;9.284;100
20160119 150800;9.27;9.27;9.27;9.27;160
20160119 150900;9.2826;9.2826;9.2826;9.2826;200
20160119 151000;9.2826;9.43;9.2826;9.29;1727
20160119 151100;9.42;9.42;9.42;9.42;140
20160119 151300;9.28;9.3195;9.28;9.3195;700
20160119 151400;9.2784;9.2784;9.2784;9.2784;100
20160119 151500;9.2784;9.2784;9.2784;9.2784;200
20160119 151600;9.2784;9.38;9.2784;9.325;917
20160119 151700;9.2777;9.2777;9.2777;9.2777;100
20160119 151800;9.2777;9.2777;9.2777;9.2777;500
20160119 152100;9.29;9.37;9.27;9.37;404
20160119 152300;9.27;9.27;9.27;9.27;100
20160119 152400;9.18;9.34;9.18;9.34;622
20160119 152500;9.18;9.18;9.18;9.18;100
20160119 152600;9.2;9.2;9.19;9.19;200
20160119 152700;9.1919;9.1919;9.1919;9.1919;100
20160119 152800;9.2191;9.2191;9.2191;9.2191;200
20160119 152900;9.2377;9.2377;9.2377;9.2377;100
20160119 153000;9.23;9.23;9.23;9.23;128
20160119 153100;9.24;9.24;9.24;9.24;200
20160119 153200;9.25;9.25;9.25;9.25;100
20160119 153300;9.25;9.25;9.25;9.25;200
20160119 153400;9.247;9.33;9.247;9.27;700
20160119 153700;9.26;9.26;9.26;9.26;200
20160119 153800;9.26;9.26;9.26;9.26;200
20160119 153900;9.2563;9.2563;9.2563;9.2563;100
20160119 154000;9.2563;9.2563;9.2563;9.2563;200
20160119 154100;9.2563;9.2563;9.2563;9.2563;200
20160119 154200;9.2563;9.2563;9.2563;9.2563;200
20160119 154300;9.26;9.26;9.26;9.26;200
20160119 154400;9.26;9.3;9.26;9.3;300
20160119 154500;9.26;9.26;9.26;9.26;200
20160119 154600;9.2656;9.2656;9.2656;9.2656;200
20160119 154700;9.26;9.26;9.26;9.26;200
20160119 154800;9.26;9.26;9.26;9.26;200
20160119 154900;9.26;9.26;9.26;9.26;200
20160119 155000;9.26;9.26;9.26;9.26;200
20160119 155100;9.26;9.3;9.26;9.3;300
20160119 155200;9.26;9.26;9.26;9.26;200
20160119 155300;9.26;9.26;9.26;9.26;200
20160119 155400;9.27;9.27;9.2656;9.2656;300
20160119 155500;9.26;9.3;9.23;9.23;4800
20160119 155600;9.23;9.23;9.2191;9.2191;200
20160119 155800;9.2191;9.2191;9.2191;9.2191;100
20160119 155900;9.22;9.22;9.22;9.22;200
20160119 160000;9.23;9.23;9.21;9.22;423
20160120 094100;9.105;9.105;9.105;9.105;100
20160120 094500;9.05;9.05;9.05;9.05;200
20160120 094800;9.02;9.02;9.02;9.02;100
20160120 095400;8.98;8.98;8.92;8.96;2100
20160120 095500;8.955;8.955;8.955;8.955;100
20160120 100100;8.965;8.965;8.965;8.965;100
20160120 100900;8.97;8.97;8.97;8.97;100
20160120 101300;8.97;8.97;8.97;8.97;100
20160120 101700;8.94;8.96;8.93;8.96;500
20160120 101800;8.96;8.96;8.95;8.95;860
20160120 102800;8.96;8.96;8.96;8.96;400
20160120 102900;8.96;8.96;8.96;8.96;300
20160120 103000;8.96;8.96;8.96;8.96;200
20160120 104100;8.93;8.94;8.93;8.93;1219
20160120 104800;8.93;8.93;8.93;8.93;600
20160120 113100;8.94;8.94;8.94;8.94;500
20160120 114100;8.9574;8.9574;8.9574;8.9574;273
20160120 114200;8.955;8.955;8.955;8.955;100
20160120 114900;8.96;8.97;8.96;8.96;3900
20160120 115100;8.9205;8.95;8.9205;8.95;1100
20160120 120700;9;9;9;9;146
20160120 122900;8.9983;8.9983;8.9983;8.9983;8700
20160120 130700;9.01;9.01;9.01;9.01;200
20160120 131900;8.98;8.9926;8.96;8.9926;2500
20160120 132500;8.9602;8.9602;8.9602;8.9602;3700
20160120 135100;8.99;8.99;8.99;8.99;700
20160120 135200;8.99;9;8.97;9;1700
20160120 135300;9;9;9;9;600
20160120 140300;9;9.01;9;9.01;1900
20160120 140600;9.03;9.04;9.03;9.04;300
20160120 141600;8.964;8.968;8.964;8.968;1100
20160120 142000;8.9608;8.9608;8.9608;8.9608;1250
20160120 143400;8.986;8.986;8.97;8.97;600
20160120 143500;8.96;8.97;8.96;8.97;700
20160120 151400;9.0163;9.0163;9.0163;9.0163;476
20160120 152300;9.01;9.04;9.01;9.04;1700
20160120 153300;9.1;9.11;9.1;9.11;400
20160120 155000;9.1221;9.1221;9.1221;9.1221;181
20160120 155700;9.1;9.1;9.1;9.1;100
20160121 093800;9.02;9.03;9.02;9.02;400
20160121 095900;9.05;9.05;9.05;9.05;100
20160121 101500;9.0799;9.0799;9.0799;9.0799;1000
20160121 102100;9.08;9.08;9.08;9.08;1000
20160121 102200;9.065;9.065;9.065;9.065;100
20160121 102300;9.08;9.08;9.08;9.08;700
20160121 102600;9.08;9.08;9.08;9.08;600
20160121 102900;9.065;9.065;9.0503;9.0503;5000
20160121 103600;9.08;9.08;9.08;9.08;600
20160121 104200;9.08;9.08;9.08;9.08;200
20160121 104400;9.0627;9.075;9.0627;9.075;2100
20160121 105900;9.1;9.1;9.1;9.1;300
20160121 110900;9.08;9.08;9.08;9.08;1800
20160121 112000;9.08;9.08;9.08;9.08;1200
20160121 120400;9.097;9.097;9.097;9.097;1500
20160121 120700;9.0999;9.1;9.0999;9.1;400
20160121 121400;9.097;9.097;9.097;9.097;1500
20160121 123500;9.1;9.1;9.1;9.1;400
20160121 123600;9.14;9.14;9.14;9.14;100
20160121 123700;9.14;9.15;9.14;9.15;300
20160121 131800;9.16;9.16;9.14;9.15;300
20160121 132000;9.14;9.14;9.14;9.14;100
20160121 133100;9.17;9.17;9.111;9.111;3100
20160121 134500;9.1751;9.1751;9.1751;9.1751;1000
20160121 142400;9.135;9.135;9.11;9.11;200
20160121 142500;9.1;9.11;9.1;9.11;300
20160121 142600;9.12;9.12;9.12;9.12;100
20160121 143800;9.12;9.12;9.12;9.12;100
20160121 143900;9.12;9.16;9.12;9.16;300
20160121 144000;9.14;9.14;9.12;9.12;600
20160121 150700;9.0742;9.0742;9.0742;9.0742;100
20160121 151200;9.092;9.092;9.092;9.092;1500
20160121 151300;9.0742;9.08;9.0742;9.08;1500
20160121 160000;9.15;9.15;9.15;9.15;200
20160122 093800;9.2;9.2;9.2;9.2;200
20160122 094000;9.2;9.2;9.2;9.2;200
20160122 094100;9.2;9.2;9.2;9.2;200
20160122 094500;9.18;9.18;9.18;9.18;400
20160122 100700;9.18;9.19;9.18;9.181;1000
20160122 100800;9.19;9.19;9.155;9.1883;1100
20160122 101600;9.177;9.177;9.16;9.177;500
20160122 101900;9.16;9.176;9.16;9.176;700
20160122 102300;9.16;9.16;9.16;9.16;100
20160122 102700;9.16;9.16;9.16;9.16;300
20160122 103200;9.18;9.18;9.18;9.18;400
20160122 104000;9.17;9.17;9.17;9.17;500
20160122 104300;9.1625;9.17;9.16;9.17;1400
20160122 104400;9.1667;9.1698;9.165;9.1698;1100
20160122 104500;9.16;9.16;9.16;9.16;1800
20160122 105800;9.165;9.165;9.165;9.165;100
20160122 105900;9.17;9.175;9.17;9.175;2100
20160122 110000;9.18;9.18;9.18;9.18;200
20160122 110300;9.18;9.18;9.18;9.18;700
20160122 110400;9.17;9.17;9.17;9.17;100
20160122 110600;9.18;9.18;9.18;9.18;400
20160122 110900;9.18;9.18;9.18;9.18;100
20160122 111100;9.18;9.18;9.18;9.18;400
20160122 111200;9.175;9.175;9.175;9.175;176
20160122 111400;9.18;9.18;9.18;9.18;100
20160122 111500;9.18;9.18;9.18;9.18;100
20160122 111600;9.175;9.18;9.175;9.18;350
20160122 111800;9.18;9.18;9.18;9.18;300
20160122 112000;9.18;9.18;9.18;9.18;1000
20160122 113100;9.1601;9.175;9.1601;9.175;1993
20160122 113500;9.18;9.18;9.18;9.18;900
20160122 113700;9.18;9.18;9.18;9.18;300
20160122 113800;9.18;9.18;9.18;9.18;200
20160122 114500;9.18;9.18;9.18;9.18;1300
20160122 114900;9.19;9.19;9.19;9.19;1400
20160122 115100;9.19;9.19;9.19;9.19;600
20160122 115200;9.18;9.18;9.18;9.18;100
20160122 115400;9.19;9.19;9.19;9.19;800
20160122 115600;9.19;9.19;9.19;9.19;200
20160122 120800;9.18;9.19;9.17;9.19;1900
20160122 121700;9.17;9.17;9.17;9.17;1000
20160122 121800;9.16;9.16;9.16;9.16;1000
20160122 121900;9.16;9.169;9.16;9.169;1500
20160122 122100;9.17;9.17;9.17;9.17;500
20160122 122300;9.17;9.19;9.17;9.19;300
20160122 124200;9.18;9.18;9.18;9.18;100
20160122 124300;9.17;9.17;9.17;9.17;100
20160122 124600;9.18;9.18;9.18;9.18;400
20160122 124700;9.1715;9.1715;9.1715;9.1715;1050
20160122 125700;9.18;9.18;9.18;9.18;200
20160122 125800;9.19;9.19;9.18;9.18;500
20160122 130500;9.18;9.18;9.18;9.18;100
20160122 130700;9.18;9.18;9.18;9.18;200
20160122 131000;9.18;9.18;9.169;9.18;900
20160122 131500;9.1601;9.169;9.1601;9.169;1400
20160122 132400;9.19;9.19;9.187;9.187;1050
20160122 135100;9.19;9.19;9.19;9.19;131
20160122 140500;9.2;9.2;9.2;9.2;500
20160122 145100;9.2235;9.2235;9.2235;9.2235;486
20160122 145200;9.2;9.2;9.2;9.2;100
20160122 145300;9.19;9.19;9.19;9.19;3000
20160122 151300;9.1889;9.1889;9.1889;9.1889;163
20160122 160000;9.2;9.21;9.19;9.2;2900
20160125 093100;9.2;9.2;9.2;9.2;675
20160125 094100;9.22;9.22;9.2;9.2;1000
20160125 095400;9.2;9.21;9.18;9.21;3700
20160125 100100;9.21;9.22;9.21;9.21;750
20160125 101600;9.22;9.22;9.22;9.22;100
20160125 102900;9.22;9.22;9.22;9.22;100
20160125 120400;9.22;9.22;9.21;9.21;1133
20160125 125100;9.2226;9.2226;9.2226;9.2226;300
20160125 125200;9.2299;9.2299;9.2299;9.2299;1500
20160125 135000;9.24;9.24;9.24;9.24;150
20160125 145600;9.2264;9.2264;9.2264;9.2264;190
20160125 150100;9.21;9.21;9.21;9.21;100
20160125 152400;9.234;9.234;9.234;9.234;165
20160125 153100;9.2196;9.2196;9.2196;9.2196;500
20160125 154000;9.21;9.21;9.21;9.21;1000
20160125 154100;9.21;9.21;9.21;9.21;400
20160125 154800;9.208;9.208;9.208;9.208;1000
20160125 155700;9.21;9.21;9.21;9.21;1050
20160125 155800;9.21;9.211;9.21;9.21;1400
20160125 155900;9.22;9.22;9.22;9.22;100
20160125 160000;9.21;9.211;9.21;9.211;1050
20160126 115400;9.31;9.32;9.29;9.29;1324
20160126 115500;9.315;9.315;9.315;9.315;100
20160126 120200;9.315;9.3238;9.26;9.2601;7163
20160126 120600;9.3;9.3;9.3;9.3;100
20160126 123700;9.33;9.39;9.3299;9.39;3360
20160126 134700;9.38;9.4;9.34;9.4;7238
20160126 140600;9.3528;9.3528;9.3528;9.3528;154
20160126 142800;9.41;9.41;9.41;9.41;200
20160126 142900;9.41;9.41;9.41;9.41;200
20160126 143000;9.41;9.41;9.41;9.41;200
20160126 143100;9.41;9.41;9.41;9.41;200
20160126 143200;9.41;9.41;9.41;9.41;200
20160126 143300;9.41;9.41;9.41;9.41;300
20160126 143400;9.41;9.41;9.41;9.41;200
20160126 143500;9.41;9.41;9.41;9.41;200
20160126 143600;9.41;9.41;9.41;9.41;200
20160126 143700;9.41;9.43;9.41;9.43;200
20160126 143800;9.43;9.43;9.43;9.43;200
20160126 143900;9.46;9.46;9.46;9.46;200
20160126 144000;9.45;9.46;9.41;9.46;300
20160126 144100;9.46;9.46;9.46;9.46;200
20160126 144200;9.46;9.47;9.46;9.47;200
20160126 144300;9.47;9.47;9.47;9.47;200
20160126 145800;9.44;9.47;9.44;9.47;300
20160126 150000;9.46;9.46;9.46;9.46;100
20160126 150100;9.46;9.46;9.46;9.46;300
20160126 150200;9.46;9.46;9.45;9.45;400
20160126 150300;9.45;9.45;9.44;9.45;300
20160126 150400;9.45;9.46;9.44;9.46;800
20160126 150500;9.46;9.46;9.46;9.46;200
20160126 150600;9.46;9.46;9.46;9.46;300
20160126 150700;9.45;9.47;9.45;9.46;500
20160126 150800;9.47;9.47;9.47;9.47;300
20160126 150900;9.47;9.47;9.46;9.46;300
20160126 153300;9.47;9.47;9.47;9.47;500
20160126 153400;9.47;9.47;9.47;9.47;400
20160126 153500;9.47;9.47;9.47;9.47;400
20160126 153600;9.47;9.47;9.415;9.45;600
20160126 153700;9.46;9.47;9.46;9.47;500
20160126 153800;9.47;9.47;9.47;9.47;600
20160126 155400;9.47;9.47;9.47;9.47;400
20160126 155600;9.47;9.47;9.47;9.47;800
20160126 155700;9.47;9.47;9.47;9.47;244
20160127 095500;9.4209;9.4209;9.4209;9.4209;250
20160127 100600;9.39;9.39;9.38;9.38;800
20160127 101900;9.4;9.4;9.4;9.4;100
20160127 111800;9.43;9.43;9.43;9.43;100
20160127 112700;9.4201;9.4201;9.42;9.42;900
20160127 113000;9.42;9.42;9.4;9.4;765
20160127 114700;9.431;9.431;9.431;9.431;103
20160127 124100;9.4102;9.4102;9.4102;9.4102;1085
20160127 135300;9.45;9.45;9.45;9.45;200
20160127 135400;9.45;9.45;9.45;9.45;100
20160127 135500;9.45;9.45;9.45;9.45;100
20160127 135600;9.45;9.45;9.45;9.45;100
20160127 135700;9.45;9.45;9.45;9.45;100
20160127 135800;9.45;9.45;9.45;9.45;100
20160127 135900;9.45;9.45;9.45;9.45;100
20160127 140000;9.45;9.45;9.45;9.45;100
20160127 140100;9.45;9.45;9.45;9.45;100
20160127 140200;9.45;9.45;9.45;9.45;100
20160127 140300;9.45;9.45;9.45;9.45;100
20160127 140400;9.45;9.45;9.45;9.45;100
20160127 140500;9.45;9.45;9.45;9.45;100
20160127 140600;9.45;9.45;9.45;9.45;100
20160127 140700;9.45;9.46;9.45;9.46;200
20160127 140800;9.46;9.46;9.46;9.46;100
20160127 140900;9.46;9.46;9.46;9.46;100
20160127 141000;9.48;9.48;9.48;9.48;100
20160127 141100;9.48;9.48;9.48;9.48;100
20160127 141200;9.48;9.48;9.48;9.48;200
20160127 141400;9.48;9.48;9.48;9.48;400
20160127 141500;9.47;9.47;9.47;9.47;100
20160127 141600;9.48;9.48;9.48;9.48;200
20160127 141700;9.48;9.48;9.48;9.48;100
20160127 141800;9.48;9.48;9.48;9.48;200
20160127 142000;9.48;9.49;9.48;9.49;200
20160127 142100;9.49;9.49;9.49;9.49;100
20160127 142200;9.49;9.49;9.49;9.49;200
20160127 142300;9.5;9.5;9.5;9.5;100
20160127 142400;9.5;9.5;9.5;9.5;100
20160127 142500;9.5;9.5;9.5;9.5;100
20160127 142600;9.46;9.46;9.46;9.46;200
20160127 142700;9.49;9.49;9.49;9.49;200
20160127 142800;9.49;9.49;9.49;9.49;200
20160127 142900;9.49;9.49;9.49;9.49;100
20160127 143000;9.5;9.5;9.5;9.5;100
20160127 143100;9.48;9.5;9.48;9.5;200
20160127 143200;9.5;9.5;9.5;9.5;200
20160127 143300;9.5;9.5;9.5;9.5;100
20160127 143400;9.5;9.5;9.5;9.5;100
20160127 143500;9.5;9.5;9.5;9.5;200
20160127 143600;9.5;9.5;9.5;9.5;100
20160127 143700;9.5;9.5;9.5;9.5;200
20160127 143800;9.5;9.5;9.5;9.5;100
20160127 143900;9.5;9.5;9.46;9.46;200
20160127 144000;9.49;9.5;9.49;9.5;200
20160127 144100;9.5;9.5;9.5;9.5;100
20160127 144200;9.49;9.49;9.49;9.49;200
20160127 144300;9.49;9.49;9.4222;9.4222;575
20160127 144500;9.5;9.5;9.5;9.5;100
20160127 144600;9.5;9.5;9.4428;9.5;426
20160127 144700;9.5;9.5;9.5;9.5;100
20160127 144800;9.5;9.5;9.5;9.5;200
20160127 144900;9.5;9.5;9.5;9.5;100
20160127 145000;9.5;9.5;9.48;9.48;200
20160127 145100;9.48;9.48;9.48;9.48;400
20160127 145200;9.5;9.5;9.5;9.5;200
20160127 145300;9.5;9.5;9.5;9.5;100
20160127 151100;9.5;9.5;9.5;9.5;200
20160127 151200;9.5;9.5;9.5;9.5;100
20160127 151300;9.5;9.5;9.5;9.5;200
20160127 151400;9.5;9.5;9.5;9.5;200
20160127 155400;9.456;9.456;9.456;9.456;500
20160127 155700;9.48;9.5;9.48;9.5;800
20160127 160000;9.49;9.49;9.49;9.49;1200
20160128 093200;9.4;9.4;9.4;9.4;500
20160128 100600;9.43;9.43;9.43;9.43;200
20160128 102700;9.4;9.4;9.4;9.4;400
20160128 103300;9.37;9.37;9.37;9.37;500
20160128 103500;9.35;9.35;9.35;9.35;550
20160128 103700;9.3601;9.3601;9.35;9.36;3400
20160128 104600;9.37;9.41;9.37;9.37;1100
20160128 110300;9.41;9.41;9.41;9.41;100
20160128 110500;9.41;9.41;9.41;9.41;100
20160128 110700;9.3999;9.42;9.395;9.42;500
20160128 110900;9.42;9.42;9.42;9.42;100
20160128 111100;9.42;9.42;9.42;9.42;100
20160128 111300;9.42;9.42;9.42;9.42;100
20160128 111500;9.4;9.42;9.4;9.42;200
20160128 111800;9.42;9.42;9.42;9.42;100
20160128 112000;9.42;9.42;9.42;9.42;100
20160128 112200;9.42;9.42;9.42;9.42;100
20160128 112400;9.42;9.42;9.42;9.42;100
20160128 112600;9.42;9.42;9.42;9.42;100
20160128 112800;9.42;9.42;9.42;9.42;100
20160128 113200;9.42;9.42;9.42;9.42;100
20160128 113400;9.42;9.42;9.42;9.42;100
20160128 113600;9.42;9.42;9.42;9.42;100
20160128 113800;9.42;9.42;9.42;9.42;100
20160128 114100;9.42;9.42;9.42;9.42;100
20160128 114300;9.42;9.42;9.42;9.42;100
20160128 114500;9.42;9.42;9.42;9.42;100
20160128 114800;9.41;9.41;9.41;9.41;100
20160128 115000;9.41;9.41;9.41;9.41;100
20160128 115500;9.42;9.42;9.42;9.42;100
20160128 115800;9.41;9.41;9.41;9.41;100
20160128 120000;9.41;9.41;9.41;9.41;100
20160128 120300;9.42;9.42;9.42;9.42;100
20160128 120500;9.42;9.42;9.42;9.42;100
20160128 120800;9.42;9.42;9.42;9.42;100
20160128 121100;9.42;9.42;9.42;9.42;100
20160128 121400;9.42;9.42;9.42;9.42;100
20160128 121900;9.42;9.42;9.42;9.42;100
20160128 122200;9.42;9.42;9.42;9.42;100
20160128 122500;9.42;9.42;9.42;9.42;100
20160128 122800;9.42;9.42;9.42;9.42;100
20160128 123100;9.42;9.42;9.42;9.42;100
20160128 123400;9.42;9.42;9.42;9.42;100
20160128 123700;9.42;9.42;9.42;9.42;100
20160128 124000;9.39;9.39;9.39;9.39;400
20160128 124900;9.42;9.42;9.42;9.42;100
20160128 125200;9.42;9.42;9.42;9.42;100
20160128 125500;9.42;9.42;9.42;9.42;100
20160128 125800;9.42;9.42;9.42;9.42;100
20160128 130100;9.42;9.42;9.42;9.42;100
20160128 130400;9.42;9.42;9.42;9.42;100
20160128 130700;9.42;9.42;9.42;9.42;100
20160128 131000;9.42;9.42;9.42;9.42;100
20160128 131300;9.42;9.42;9.42;9.42;100
20160128 131600;9.42;9.42;9.42;9.42;100
20160128 131900;9.42;9.42;9.42;9.42;100
20160128 132200;9.42;9.42;9.42;9.42;100
20160128 132600;9.42;9.42;9.42;9.42;200
20160128 132900;9.42;9.42;9.42;9.42;100
20160128 133100;9.42;9.42;9.42;9.42;100
20160128 133200;9.42;9.42;9.42;9.42;1200
20160128 134100;9.43;9.43;9.43;9.43;100
20160128 134300;9.43;9.43;9.43;9.43;100
20160128 134900;9.41;9.41;9.41;9.41;400
20160128 135800;9.42;9.42;9.42;9.42;400
20160128 140300;9.37;9.37;9.37;9.37;200
20160128 140700;9.41;9.41;9.41;9.41;100
20160128 140900;9.41;9.41;9.41;9.41;200
20160128 141000;9.42;9.42;9.42;9.42;100
20160128 142200;9.44;9.44;9.44;9.44;100
20160128 142500;9.44;9.44;9.44;9.44;100
20160128 142700;9.44;9.44;9.44;9.44;100
20160128 144600;9.41;9.47;9.36;9.4553;2292
20160128 144900;9.36;9.36;9.36;9.36;100
20160128 145800;9.43;9.43;9.43;9.43;100
20160128 150000;9.44;9.44;9.44;9.44;100
20160128 150100;9.44;9.44;9.44;9.44;100
20160128 150300;9.44;9.44;9.44;9.44;100
20160128 150400;9.44;9.44;9.44;9.44;100
20160128 150700;9.44;9.44;9.44;9.44;100
20160128 150900;9.44;9.44;9.44;9.44;100
20160128 151000;9.45;9.45;9.45;9.45;100
20160128 155500;9.43;9.43;9.43;9.43;100
20160128 155600;9.43;9.43;9.43;9.43;112
20160128 155800;9.43;9.43;9.43;9.43;1400
20160128 160000;9.42;9.45;9.41;9.45;700
20160129 094100;9.48;9.48;9.48;9.48;200
20160129 102500;9.51;9.51;9.51;9.51;100
20160129 110300;9.4866;9.4866;9.4866;9.4866;900
20160129 111300;9.5;9.5;9.5;9.5;200
20160129 111500;9.5001;9.5001;9.5;9.5;600
20160129 112300;9.5;9.5001;9.5;9.5001;600
20160129 115800;9.5001;9.5001;9.5;9.5;800
20160129 120100;9.505;9.51;9.5;9.51;500
20160129 130200;9.54;9.54;9.54;9.54;196
20160129 132500;9.55;9.56;9.55;9.56;1016
20160129 133900;9.52;9.52;9.52;9.52;100
20160129 134400;9.551;9.551;9.551;9.551;173
20160129 140400;9.52;9.52;9.52;9.52;100
20160129 142800;9.54;9.54;9.54;9.54;100
20160129 144500;9.542;9.542;9.542;9.542;560
20160129 145300;9.55;9.55;9.55;9.55;100
20160129 150300;9.54;9.54;9.54;9.54;100
20160129 152100;9.55;9.5678;9.55;9.5678;400
20160129 153100;9.55;9.5626;9.52;9.52;700
20160129 154000;9.57;9.57;9.57;9.57;2005
20160129 154100;9.54;9.54;9.54;9.54;100
20160129 154400;9.54;9.54;9.54;9.54;100
20160129 154900;9.54;9.54;9.54;9.54;100
20160129 155900;9.54;9.54;9.54;9.54;300
20160201 101900;9.45;9.46;9.45;9.46;300
20160201 102000;9.46;9.46;9.46;9.46;200
20160201 102100;9.46;9.46;9.46;9.46;617
20160201 103700;9.46;9.46;9.46;9.46;100
20160201 104700;9.4799;9.4799;9.4799;9.4799;500
20160201 105300;9.4799;9.4799;9.4799;9.4799;230
20160201 111700;9.4799;9.4799;9.4799;9.4799;320
20160201 131400;9.46;9.48;9.46;9.48;2200
20160201 140100;9.48;9.48;9.48;9.48;100
20160201 141700;9.5;9.5;9.5;9.5;300
20160201 141800;9.5;9.5;9.5;9.5;200
20160201 142000;9.5;9.5;9.5;9.5;100
20160201 144400;9.51;9.51;9.51;9.51;100
20160201 152100;9.5001;9.5001;9.5001;9.5001;400
20160201 155400;9.54;9.54;9.525;9.54;1700
20160201 155600;9.54;9.54;9.54;9.54;160
20160201 155900;9.54;9.54;9.54;9.54;200
20160202 124900;9.5401;9.5401;9.5401;9.5401;500
20160202 130100;9.55;9.55;9.55;9.55;100
20160202 130600;9.4701;9.4701;9.4701;9.4701;1086
20160202 141600;9.49;9.49;9.49;9.49;800
20160202 142200;9.505;9.505;9.48;9.48;600
20160202 144700;9.46;9.46;9.45;9.45;600
20160202 145100;9.46;9.46;9.46;9.46;627
20160202 145300;9.47;9.51;9.46;9.46;700
20160202 145400;9.5085;9.5085;9.5085;9.5085;160
20160203 095200;9.5341;9.5341;9.5341;9.5341;150
20160203 095500;9.49;9.57;9.4801;9.4801;1000
20160203 101000;9.48;9.4811;9.46;9.46;800
20160203 101100;9.48;9.48;9.48;9.48;100
20160203 103300;9.46;9.46;9.46;9.46;500
20160203 103800;9.41;9.44;9.4;9.4;5926
20160203 110700;9.44;9.44;9.44;9.44;800
20160203 110900;9.42;9.44;9.42;9.44;800
20160203 111000;9.44;9.44;9.44;9.44;100
20160203 111100;9.44;9.44;9.44;9.44;1600
20160203 112200;9.46;9.46;9.46;9.46;300
20160203 112600;9.44;9.44;9.44;9.44;100
20160203 112700;9.44;9.44;9.44;9.44;200
20160203 112900;9.44;9.44;9.44;9.44;200
20160203 113200;9.44;9.44;9.44;9.44;100
20160203 113600;9.44;9.44;9.44;9.44;100
20160203 113800;9.44;9.44;9.44;9.44;200
20160203 114000;9.44;9.44;9.44;9.44;100
20160203 114100;9.4201;9.4201;9.4201;9.4201;300
20160203 114300;9.44;9.44;9.44;9.44;300
20160203 114700;9.43;9.45;9.43;9.45;500
20160203 114900;9.45;9.45;9.45;9.45;300
20160203 115000;9.45;9.45;9.45;9.45;100
20160203 115200;9.45;9.45;9.45;9.45;400
20160203 115400;9.45;9.45;9.45;9.45;400
20160203 115600;9.45;9.45;9.45;9.45;100
20160203 115900;9.45;9.45;9.44;9.45;4200
20160203 120400;9.45;9.45;9.45;9.45;1300
20160203 120500;9.45;9.45;9.45;9.45;100
20160203 120900;9.45;9.45;9.45;9.45;10000
20160203 130600;9.46;9.46;9.457;9.46;11600
20160203 131100;9.458;9.46;9.458;9.46;600
20160203 131500;9.46;9.46;9.46;9.46;100
20160203 131800;9.476;9.476;9.476;9.476;200
20160203 135400;9.44;9.44;9.43;9.43;500
20160203 142400;9.44;9.44;9.44;9.44;100
20160203 142600;9.44;9.44;9.44;9.44;250
20160203 142800;9.46;9.46;9.46;9.46;100
20160203 143200;9.46;9.46;9.46;9.46;100
20160203 143700;9.46;9.46;9.46;9.46;100
20160203 144100;9.46;9.46;9.46;9.46;100
20160203 144500;9.46;9.46;9.46;9.46;100
20160203 144900;9.46;9.46;9.46;9.46;100
20160203 145000;9.46;9.46;9.46;9.46;9596
20160203 145100;9.47;9.47;9.47;9.47;100
20160203 145500;9.477;9.477;9.477;9.477;300
20160203 145700;9.49;9.49;9.49;9.49;100
20160203 150100;9.49;9.49;9.49;9.49;100
20160203 150500;9.49;9.49;9.49;9.49;100
20160203 150800;9.49;9.49;9.49;9.49;100
20160203 151100;9.49;9.49;9.49;9.49;200
20160203 151200;9.55;9.55;9.51;9.51;300
20160203 151300;9.48;9.48;9.48;9.48;100
20160203 151500;9.51;9.51;9.51;9.51;100
20160203 151600;9.49;9.49;9.49;9.49;100
20160203 151900;9.53;9.53;9.53;9.53;100
20160203 152200;9.53;9.53;9.53;9.53;100
20160203 152500;9.55;9.55;9.55;9.55;100
20160203 152800;9.55;9.55;9.55;9.55;100
20160203 153100;9.55;9.55;9.55;9.55;100
20160203 153200;9.53;9.535;9.53;9.53;1400
20160203 153400;9.51;9.52;9.51;9.52;1400
20160203 153500;9.51;9.51;9.48;9.5063;1400
20160203 153600;9.5;9.5025;9.5;9.5025;400
20160203 154300;9.52;9.52;9.52;9.52;100
20160203 154700;9.55;9.55;9.55;9.55;100
20160203 154800;9.55;9.55;9.55;9.55;100
20160203 155000;9.53;9.53;9.52;9.52;300
20160203 155100;9.53;9.55;9.53;9.55;200
20160203 155200;9.5101;9.55;9.5101;9.55;700
20160203 155300;9.54;9.54;9.53;9.53;200
20160203 155400;9.54;9.54;9.54;9.54;100
20160203 155500;9.54;9.54;9.53;9.53;200
20160203 155600;9.54;9.54;9.54;9.54;200
20160203 155700;9.54;9.54;9.54;9.54;100
20160203 155800;9.52;9.55;9.52;9.55;200
20160203 155900;9.55;9.55;9.55;9.55;200
20160203 160000;9.54;9.54;9.54;9.54;300
20160204 103600;9.53;9.56;9.53;9.56;200
20160204 113100;9.58;9.58;9.58;9.58;100
20160204 115200;9.55;9.56;9.5201;9.5201;1600
20160204 125400;9.55;9.55;9.55;9.55;100
20160204 144500;9.5205;9.5205;9.5205;9.5205;345
20160204 150800;9.524;9.524;9.523;9.523;300
20160204 152600;9.53;9.53;9.53;9.53;350
20160204 153600;9.5294;9.5294;9.5294;9.5294;240
20160204 154000;9.52;9.5266;9.4801;9.4801;2200
20160204 154600;9.49;9.49;9.47;9.47;700
20160204 154800;9.4886;9.4886;9.4886;9.4886;500
20160204 155100;9.54;9.54;9.54;9.54;100
20160205 111000;9.45;9.45;9.45;9.45;100
20160205 114500;9.45;9.45;9.408;9.408;1160
20160205 131300;9.43;9.43;9.43;9.43;100
20160205 131400;9.4301;9.435;9.4301;9.435;200
20160205 133900;9.43;9.46;9.4;9.46;874
20160205 151100;9.4;9.406;9.4;9.406;3100
20160205 151400;9.4;9.4;9.4;9.4;2081
20160205 152000;9.41;9.41;9.41;9.41;100
20160205 153600;9.4023;9.4023;9.4023;9.4023;651
