20160119 095400;20.53;20.53;20.53;20.53;100
20160119 101700;20.85;20.85;20.85;20.85;100
20160119 101900;20.54;20.54;20.54;20.54;100
20160119 102000;20.8;20.8;20.49;20.49;300
20160119 102100;20.7;20.7;20.48;20.48;400
20160119 102800;20.55;20.55;20.5;20.5;700
20160119 102900;20.46;20.46;20.46;20.46;200
20160119 103000;20.43;20.43;20.39;20.39;400
20160119 104100;20.32;20.32;20.32;20.32;100
20160119 104200;20.36;20.36;20.35;20.35;500
20160119 105600;20.09;20.15;20.09;20.15;500
20160119 105800;20.09;20.11;20.09;20.11;598
20160119 105900;20.0999;20.11;20.09;20.11;500
20160119 110000;20.13;20.15;20.12;20.15;800
20160119 110200;20.19;20.19;20.19;20.19;500
20160119 110300;20.19;20.19;20.19;20.19;100
20160119 111200;20.29;20.29;20.16;20.16;900
20160119 111400;20.38;20.38;20.2;20.2;500
20160119 111500;20.21;20.2195;20.21;20.2195;200
20160119 111600;20.35;20.4599;20.21;20.4599;700
20160119 111900;20.25;20.26;20.25;20.25;400
20160119 113300;20.27;20.29;20.2601;20.29;1600
20160119 113400;20.29;20.29;20.29;20.29;100
20160119 114000;20.29;20.29;20.29;20.29;100
20160119 120500;20.27;20.27;20.27;20.27;300
20160119 121900;20.25;20.25;20.25;20.25;300
20160119 122500;20.28;20.28;20.28;20.28;100
20160119 130300;20.21;20.21;20.21;20.21;100
20160119 130400;20.2;20.2;20.2;20.2;100
20160119 131900;20.25;20.4699;20.25;20.4699;900
20160119 135400;20.25;20.25;20.25;20.25;100
20160119 135700;20.22;20.22;20.22;20.22;100
20160119 140100;20.15;20.15;20.15;20.15;100
20160119 141000;20.11;20.11;20.11;20.11;453
20160119 141600;20.1;20.1;20.1;20.1;100
20160119 141700;20.05;20.05;20.05;20.05;100
20160119 142000;19.741;19.741;19.741;19.741;825
20160119 144300;19.75;19.75;19.75;19.75;100
20160119 145700;19.5;19.5;19.5;19.5;100
20160119 153700;19.63;19.64;19.63;19.64;200
20160119 154000;19.62;19.62;19.62;19.62;100
20160119 155700;19.73;19.73;19.63;19.63;200
20160119 155800;19.61;19.61;19.61;19.61;100
20160119 155900;19.73;19.73;19.73;19.73;100
20160119 160000;19.72;19.72;19.69;19.69;1698
20160119 160100;19.69;19.69;19.69;19.69;663
20160119 170700;19.69;19.69;19.69;19.69;17
20160120 093400;19.53;19.75;19.53;19.53;600
20160120 093500;19.82;19.82;19.82;19.82;196
20160120 094000;19.58;19.58;19.58;19.58;100
20160120 095600;19.35;19.37;19.35;19.37;200
20160120 095700;19.3;19.3;19.3;19.3;100
20160120 100300;19.25;19.25;19.25;19.25;100
20160120 101600;19.31;19.31;19.31;19.31;100
20160120 103400;19.12;19.12;19.1;19.1;900
20160120 103500;19.05;19.06;19.03;19.03;300
20160120 103600;19;19;18.99;18.99;200
20160120 103700;18.95;18.95;18.95;18.95;100
20160120 104400;18.89;18.93;18.89;18.93;200
20160120 104500;18.91;18.91;18.33;18.33;3000
20160120 104600;18.55;18.55;18.55;18.55;100
20160120 105000;18.59;18.63;18.59;18.63;300
20160120 110200;18.92;18.92;18.92;18.92;100
20160120 114000;18.66;18.71;18.66;18.69;600
20160120 114300;18.74;18.74;18.72;18.72;500
20160120 114400;18.69;18.91;18.69;18.91;500
20160120 114800;18.67;18.6799;18.67;18.6799;200
20160120 121300;18.79;18.79;18.79;18.79;100
20160120 123100;18.79;18.79;18.79;18.79;100
20160120 124100;18.9;18.9;18.9;18.9;100
20160120 124200;18.9;18.9;18.54;18.54;200
20160120 124700;18.78;18.795;18.78;18.79;700
20160120 130100;18.96;19.1;18.85;19;1900
20160120 131600;19.15;19.15;19.15;19.15;100
20160120 132400;19.1;19.1;19.1;19.1;100
20160120 132800;19.27;19.27;19.27;19.27;100
20160120 133600;19.23;19.23;19.22;19.22;200
20160120 135100;19.19;19.19;19.19;19.19;100
20160120 140500;19.32;19.32;19.32;19.32;100
20160120 140600;19.42;19.42;19.42;19.42;100
20160120 141300;19.39;19.39;19.39;19.39;100
20160120 141900;19.4;19.4;19.4;19.4;100
20160120 144800;19.62;19.62;19.62;19.62;200
20160120 150400;19.765;19.765;19.765;19.765;2200
20160120 150700;19.89;19.8995;19.89;19.8995;200
20160120 150900;20;20;19.95;19.95;1000
20160120 151200;19.8699;19.8699;19.835;19.835;614
20160120 151400;19.9;19.91;19.9;19.91;300
20160120 151500;19.98;20;19.98;20;500
20160120 151600;20;20;20;20;493
20160120 151900;20.39;20.39;20.39;20.39;100
20160120 152100;20.85;20.85;20.85;20.85;100
20160120 152200;20.695;20.695;20.585;20.585;400
20160120 152300;20.57;20.57;20.53;20.53;400
20160120 153600;20.5;20.5;20.5;20.5;100
20160120 153700;20.5;20.5;20.47;20.47;200
20160120 154000;20.39;20.39;20.38;20.38;300
20160120 154300;19.975;20;19.975;20;3200
20160120 154400;20;20;20;20;100
20160120 154700;20.05;20.05;19.97;20.04;700
20160120 154900;20.13;20.16;20.13;20.16;200
20160120 155100;20.35;20.35;20.35;20.35;300
20160120 155200;20.29;20.29;20.23;20.23;600
20160120 155500;20.47;20.47;20.27;20.27;400
20160120 155600;20.17;20.17;20.17;20.17;100
20160120 155700;20.11;20.18;20.11;20.17;1000
20160120 155900;20.2;20.2;20.2;20.2;100
20160120 160000;20.35;20.35;20.11;20.24;2481
20160120 161700;20.24;20.24;20.24;20.24;68
20160120 163100;19.69;19.69;19.69;19.69;412
20160121 090600;20.24;20.24;20.24;20.24;289
20160121 101800;20.41;20.41;20.41;20.41;100
20160121 102500;20.35;20.35;20.095;20.095;500
20160121 103300;20.41;20.45;20.41;20.44;300
20160121 104800;20.39;20.39;20.39;20.39;100
20160121 104900;20.35;20.35;20.35;20.35;100
20160121 105200;20.3;20.3;20.3;20.3;100
20160121 105300;20.26;20.26;20.26;20.26;100
20160121 113600;20.26;20.26;20.26;20.26;100
20160121 113800;20.26;20.26;20.26;20.26;100
20160121 115300;20.4;20.4;20.4;20.4;100
20160121 115800;20.37;20.37;20.37;20.37;100
20160121 120200;20.35;20.35;20.35;20.35;100
20160121 120600;20.32;20.32;20.32;20.32;100
20160121 121000;20.42;20.42;20.34;20.34;300
20160121 121100;20.35;20.35;20.3499;20.3499;200
20160121 121200;20.35;20.35;20.35;20.35;100
20160121 121300;20.5;20.5;20.5;20.5;100
20160121 121400;20.45;20.45;20.45;20.45;300
20160121 121500;20.4;20.4;20.4;20.4;200
20160121 121800;20.26;20.33;20.26;20.27;1000
20160121 121900;20.4;20.42;20.4;20.42;200
20160121 122000;20.45;20.46;20.45;20.46;300
20160121 122100;20.5;20.5;20.44;20.44;400
20160121 122200;20.45;20.5;20.45;20.5;200
20160121 122300;20.4401;20.45;20.44;20.44;400
20160121 122400;20.37;20.37;20.37;20.37;100
20160121 122500;20.3;20.35;20.3;20.31;300
20160121 122600;20.35;20.35;20.33;20.33;400
20160121 122700;20.36;20.36;20.35;20.35;200
20160121 122800;20.33;20.33;20.33;20.33;100
20160121 123100;20.35;20.35;20.35;20.35;200
20160121 123200;20.34;20.34;20.34;20.34;100
20160121 123300;20.28;20.28;20.28;20.28;100
20160121 123400;20.34;20.34;20.34;20.34;100
20160121 123500;20.25;20.25;20.25;20.25;100
20160121 123600;20.34;20.35;20.34;20.35;200
20160121 123700;20.3;20.36;20.3;20.36;200
20160121 124100;20.36;20.36;20.36;20.36;100
20160121 124800;20.21;20.21;20.21;20.21;100
20160121 125700;20.09;20.09;20.09;20.09;100
20160121 125900;20.36;20.36;20.36;20.36;100
20160121 130200;20.06;20.06;20.06;20.06;100
20160121 130600;20.11;20.11;20.11;20.11;100
20160121 130700;20.2;20.2;20.2;20.2;100
20160121 131100;20.11;20.11;20.11;20.11;100
20160121 131300;20.08;20.08;20.08;20.08;200
20160121 131500;20.13;20.13;20.13;20.13;100
20160121 132000;20.08;20.1;20.08;20.1;208
20160121 132500;19.99;19.99;19.99;19.99;100
20160121 132700;20.16;20.16;20.16;20.16;100
20160121 132900;19.99;19.99;19.99;19.99;100
20160121 133000;20.04;20.06;20.04;20.06;700
20160121 133300;20.21;20.21;20.21;20.21;200
20160121 133500;20.16;20.16;20.1505;20.16;400
20160121 133600;20.15;20.15;20.14;20.14;400
20160121 133700;20.1;20.1;20.1;20.1;200
20160121 133800;20.14;20.14;20.1;20.14;500
20160121 133900;20.16;20.16;20.16;20.16;300
20160121 134200;20.2;20.2;20.2;20.2;100
20160121 134300;20.2;20.2;20.19;20.19;200
20160121 134800;20.01;20.01;20.0005;20.0005;200
20160121 134900;20.04;20.1;20.04;20.07;800
20160121 135100;20.1399;20.1399;20.13;20.13;200
20160121 135300;20.14;20.15;20.14;20.15;300
20160121 135400;20.15;20.15;20.15;20.15;100
20160121 142100;20.12;20.12;20.12;20.12;100
20160121 142300;20.48;20.48;20.48;20.48;100
20160121 142600;19.99;19.99;19.99;19.99;100
20160121 143000;20.04;20.04;20.04;20.04;100
20160121 143400;19.94;19.94;19.94;19.94;100
20160121 143800;19.87;19.87;19.87;19.87;100
20160121 144200;19.88;19.88;19.88;19.88;100
20160121 144600;19.9;19.9;19.9;19.9;100
20160121 145000;19.88;19.88;19.88;19.88;100
20160121 145300;19.87;19.87;19.87;19.87;100
20160121 145700;19.88;19.88;19.88;19.88;100
20160121 145800;20.14;20.14;20.14;20.14;100
20160121 150500;19.93;19.93;19.93;19.93;100
20160121 150800;19.81;19.81;19.78;19.78;200
20160121 151100;19.81;19.89;19.81;19.89;200
20160121 151200;19.89;19.92;19.89;19.92;500
20160121 151300;19.94;19.94;19.94;19.94;300
20160121 151600;20.09;20.09;20;20;200
20160121 151800;20.05;20.05;20.05;20.05;100
20160121 152200;20.03;20.03;20.0015;20.0015;200
20160121 152600;20.05;20.05;20.0405;20.0405;200
20160121 152700;20.05;20.06;20.05;20.06;200
20160121 152800;20.06;20.06;19.99;19.99;300
20160121 153800;19.71;19.71;19.71;19.71;100
20160121 154000;19.72;19.72;19.72;19.72;100
20160121 154100;20.3299;20.3299;20.3299;20.3299;100
20160121 154200;19.8;19.8;19.8;19.8;100
20160121 154300;20.08;20.2;20.08;20.15;900
20160121 154400;20.15;20.3;20.14;20.29;1100
20160121 154500;20.32;20.32;20.03;20.32;800
20160121 154600;20.29;20.32;20.28;20.32;800
20160121 154700;20.32;20.4995;20.26;20.4995;1700
20160121 154800;20.36;20.365;20.3301;20.3301;400
20160121 155400;20.57;20.57;20.57;20.57;100
20160121 155700;20.57;20.57;20.37;20.39;400
20160121 155800;20.35;20.56;20.35;20.37;400
20160121 155900;20.34;20.39;20.33;20.33;300
20160121 160000;20.34;20.51;20.34;20.37;1723
20160122 093000;20.6;20.6;20.6;20.6;100
20160122 094000;20.914;20.914;20.914;20.914;280
20160122 105000;20.6;20.765;20.6;20.765;200
20160122 105100;20.67;20.67;20.67;20.67;100
20160122 105300;20.95;20.95;20.74;20.845;600
20160122 105400;20.86;20.86;20.845;20.845;200
20160122 105500;20.7;20.7;20.7;20.7;100
20160122 105600;20.69;20.69;20.69;20.69;100
20160122 105700;20.78;20.8;20.78;20.8;462
20160122 105800;20.66;20.66;20.66;20.66;100
20160122 105900;20.74;20.74;20.74;20.74;200
20160122 111700;20.54;20.54;20.54;20.54;100
20160122 112100;20.755;20.755;20.69;20.69;200
20160122 112200;20.7;20.75;20.69;20.69;500
20160122 112300;20.75;20.76;20.75;20.76;600
20160122 112500;20.8;20.8;20.8;20.8;100
20160122 112600;20.83;20.83;20.83;20.83;100
20160122 112700;20.7;20.7;20.7;20.7;100
20160122 113100;20.75;20.75;20.75;20.75;100
20160122 113300;20.74;20.74;20.74;20.74;100
20160122 113700;20.74;20.75;20.74;20.75;300
20160122 114000;20.69;20.72;20.69;20.72;200
20160122 114200;20.74;20.74;20.74;20.74;100
20160122 120000;20.75;20.75;20.75;20.75;100
20160122 120600;20.93;20.93;20.93;20.93;100
20160122 122600;20.856;20.856;20.856;20.856;200
20160122 123200;20.76;20.76;20.755;20.755;703
20160122 123300;20.76;20.76;20.76;20.76;100
20160122 123400;20.76;20.76;20.76;20.76;100
20160122 124000;20.83;20.83;20.83;20.83;200
20160122 124200;20.83;20.83;20.83;20.83;100
20160122 125900;20.83;20.83;20.828;20.828;828
20160122 132100;20.83;20.83;20.83;20.83;100
20160122 140000;20.75;20.75;20.75;20.75;100
20160122 140300;20.805;20.805;20.805;20.805;100
20160122 143500;20.88;20.88;20.88;20.88;100
20160122 144000;20.78;20.78;20.78;20.78;100
20160122 145200;20.75;20.75;20.75;20.75;100
20160122 145500;20.75;20.75;20.75;20.75;400
20160122 145600;20.77;20.77;20.77;20.77;100
20160122 145900;20.76;20.76;20.76;20.76;100
20160122 150000;20.76;20.76;20.75;20.75;200
20160122 150200;20.75;20.75;20.75;20.75;200
20160122 150500;20.75;20.75;20.75;20.75;100
20160122 151200;20.865;20.865;20.865;20.865;100
20160122 151900;20.88;20.88;20.88;20.88;100
20160122 152200;20.86;20.86;20.86;20.86;100
20160122 152900;20.76;20.88;20.76;20.8799;300
20160122 153100;20.8458;20.85;20.7783;20.85;800
20160122 153300;20.83;20.83;20.83;20.83;100
20160122 153600;20.88;20.88;20.76;20.78;1000
20160122 153800;20.78;20.8;20.78;20.8;200
20160122 154100;20.82;20.82;20.82;20.82;100
20160122 154200;20.8;20.8;20.8;20.8;100
20160122 154300;20.8;20.94;20.8;20.94;300
20160122 154400;20.83;20.83;20.83;20.83;100
20160122 154500;20.83;20.83;20.83;20.83;100
20160122 154600;20.84;20.84;20.84;20.84;100
20160122 154700;20.85;20.85;20.85;20.85;100
20160122 154800;20.86;20.86;20.86;20.86;100
20160122 154900;20.87;20.87;20.87;20.87;300
20160122 155000;20.87;20.87;20.83;20.83;500
20160122 155100;20.78;20.87;20.78;20.81;700
20160122 155200;20.81;20.81;20.78;20.78;200
20160122 155800;20.56;20.75;20.56;20.75;300
20160122 160000;20.74;20.74;20.74;20.74;2196
20160122 161900;20.74;20.74;20.74;20.74;17
20160122 162600;20.74;20.74;20.74;20.74;487
20160125 094600;20.25;20.25;20.25;20.25;100
20160125 100200;20.91;20.91;20.91;20.91;100
20160125 102200;20.75;20.78;20.75;20.78;200
20160125 102300;20.76;20.86;20.74;20.7499;400
20160125 102400;20.75;20.75;20.74;20.74;509
20160125 102900;20.5199;20.5199;20.46;20.46;820
20160125 103000;20.5099;20.5199;20.445;20.49;1600
20160125 103100;20.42;20.42;20.42;20.42;169
20160125 103200;20.5;20.5;20.5;20.5;100
20160125 103300;20.53;20.53;20.385;20.385;1800
20160125 103900;20.535;20.6;20.535;20.6;1227
20160125 104000;20.535;20.73;20.535;20.6;6273
20160125 105100;20.635;20.635;20.635;20.635;100
20160125 110400;20.82;20.82;20.82;20.82;100
20160125 112400;20.6505;20.66;20.53;20.57;1181
20160125 112500;20.48;20.48;20.48;20.48;100
20160125 112700;20.47;20.47;20.47;20.47;100
20160125 120500;20.4;20.419;20.4;20.419;200
20160125 120600;20.41;20.42;20.41;20.42;400
20160125 122900;20.6;20.6;20.6;20.6;100
20160125 123200;20.58;20.595;20.58;20.58;300
20160125 123400;20.58;20.58;20.58;20.58;100
20160125 125300;20.596;20.596;20.54;20.54;900
20160125 130000;20.6;20.6;20.6;20.6;100
20160125 131000;20.78;20.78;20.78;20.78;100
20160125 133000;20.6;20.6;20.6;20.6;400
20160125 133500;20.45;20.45;20.45;20.45;200
20160125 133600;20.53;20.53;20.53;20.53;100
20160125 134200;20.76;20.76;20.76;20.76;100
20160125 140900;20.64;20.64;20.64;20.64;100
20160125 141900;20.64;20.64;20.64;20.64;100
20160125 142500;20.5701;20.58;20.5701;20.58;200
20160125 142700;20.57;20.57;20.57;20.57;100
20160125 142800;20.44;20.49;20.42;20.42;400
20160125 143000;20.39;20.39;20.39;20.39;100
20160125 143100;20.45;20.45;20.45;20.45;200
20160125 143300;20.75;20.75;20.51;20.51;400
20160125 143400;20.47;20.47;20.47;20.47;100
20160125 143500;20.46;20.46;20.45;20.45;400
20160125 143600;20.46;20.46;20.46;20.46;100
20160125 145900;20.65;20.65;20.65;20.65;100
20160125 151500;20.63;20.63;20.63;20.63;100
20160125 153600;20.5;20.5;20.5;20.5;100
20160125 153800;20.49;20.51;20.49;20.51;200
20160125 155800;20.23;20.23;20.23;20.23;100
20160125 160000;20.28;20.48;20.28;20.35;1450
20160125 160100;20.35;20.35;20.35;20.35;1
20160125 172600;20.35;20.35;20.35;20.35;172
20160126 095400;20.54;20.54;20.53;20.53;600
20160126 110300;20.49;20.49;20.41;20.41;200
20160126 110400;20.41;20.41;20.4;20.41;800
20160126 110500;20.4;20.41;20.4;20.41;200
20160126 111800;20.87;20.87;20.87;20.87;100
20160126 114600;20.4995;20.4995;20.48;20.48;300
20160126 114900;20.52;20.52;20.49;20.49;500
20160126 115000;20.48;20.63;20.41;20.485;1222
20160126 115100;20.37;20.37;20.37;20.37;100
20160126 115200;20.44;20.44;20.4201;20.4201;200
20160126 115600;20.25;20.25;20.25;20.25;100
20160126 115800;20.35;20.35;20.35;20.35;100
20160126 115900;20.34;20.35;20.34;20.34;400
20160126 120100;20.3;20.3;20.2;20.2;800
20160126 120300;20.29;20.29;20.29;20.29;200
20160126 120400;20.24;20.25;20.24;20.25;500
20160126 120500;20.25;20.25;20.24;20.24;300
20160126 120800;20.2;20.2;20.2;20.2;100
20160126 120900;20.22;20.22;20.22;20.22;100
20160126 121000;20.25;20.26;20.25;20.26;200
20160126 121100;20.3;20.31;20.3;20.3099;500
20160126 125700;20.465;20.6;20.465;20.6;200
20160126 125800;20.465;20.465;20.465;20.465;100
20160126 125900;20.465;20.465;20.465;20.465;100
20160126 133800;20.4;20.4;20.4;20.4;110
20160126 140000;20.44;20.44;20.44;20.44;200
20160126 140100;20.44;20.459;20.44;20.459;200
20160126 140200;20.44;20.46;20.44;20.46;400
20160126 140300;20.43;20.43;20.43;20.43;100
20160126 141000;20.61;20.61;20.52;20.52;500
20160126 141300;20.55;20.56;20.55;20.56;200
20160126 142900;20.5;20.5;20.5;20.5;200
20160126 144500;20.4701;20.4701;20.4701;20.4701;100
20160126 155600;20.65;20.65;20.6;20.6005;900
20160126 155700;20.6;20.6;20.53;20.59;400
20160126 155800;20.5499;20.57;20.52;20.57;400
20160126 155900;20.58;20.5999;20.58;20.59;300
20160126 160000;20.67;20.72;20.67;20.72;1915
20160126 162800;20.72;20.72;20.72;20.72;118
20160126 163100;20.72;20.72;20.72;20.72;19
20160127 093500;20.63;20.63;20.63;20.63;100
20160127 093600;20.64;20.64;20.64;20.64;100
20160127 093700;20.58;20.5895;20.58;20.5895;200
20160127 094500;20.425;20.5;20.425;20.5;500
20160127 094600;20.53;20.53;20.53;20.53;100
20160127 094700;20.55;20.6;20.55;20.6;500
20160127 095700;20.63;20.63;20.63;20.63;100
20160127 095900;20.6;20.6;20.6;20.6;100
20160127 101200;20.46;20.46;20.46;20.46;100
20160127 103600;20.56;20.56;20.56;20.56;100
20160127 103900;20.52;20.52;20.52;20.52;100
20160127 104300;20.53;20.53;20.53;20.53;100
20160127 110200;20.525;20.525;20.44;20.44;500
20160127 110300;20.42;20.42;20.42;20.42;100
20160127 113700;20.8;20.8;20.8;20.8;600
20160127 113900;20.59;20.59;20.59;20.59;600
20160127 115400;20.74;20.74;20.74;20.74;100
20160127 122700;20.76;20.76;20.76;20.76;100
20160127 122800;20.71;20.71;20.71;20.71;100
20160127 130200;20.72;20.72;20.72;20.72;100
20160127 131600;20.64;20.64;20.64;20.64;100
20160127 133100;20.67;20.67;20.67;20.67;100
20160127 134300;20.64;20.64;20.6;20.6;300
20160127 134400;20.6;20.6;20.6;20.6;400
20160127 134500;20.55;20.55;20.55;20.55;100
20160127 134600;20.55;20.55;20.55;20.55;100
20160127 134700;20.56;20.56;20.56;20.56;200
20160127 134800;20.5899;20.5899;20.58;20.58;200
20160127 135000;20.58;20.58;20.58;20.58;100
20160127 135100;20.58;20.58;20.58;20.58;125
20160127 135300;20.59;20.59;20.59;20.59;200
20160127 140900;20.58;20.58;20.58;20.58;100
20160127 143000;20.73;20.73;20.73;20.73;100
20160127 144000;20.53;20.53;20.48;20.4999;700
20160127 145600;20.36;20.36;20.36;20.36;100
20160127 151800;20.25;20.25;20.25;20.25;100
20160127 154000;20.33;20.33;20.33;20.33;100
20160127 155400;20.11;20.11;20.11;20.11;100
20160127 155500;20.12;20.12;20.12;20.12;100
20160127 155600;20.34;20.3899;20.34;20.3899;200
20160127 155900;20.295;20.295;20.2301;20.24;300
20160127 160000;20.2;20.2;20.18;20.18;1537
20160127 161900;20.18;20.18;20.18;20.18;137
20160127 163100;20.18;20.18;20.18;20.18;134
20160128 093200;20.72;20.72;20.71;20.71;300
20160128 093800;20.71;20.71;20.71;20.71;100
20160128 094000;20.94;21.4499;20.94;21.4499;675
20160128 095000;20.7105;20.72;20.7105;20.72;200
20160128 095100;20.68;20.68;20.57;20.57;400
20160128 095700;20.63;20.63;20.63;20.63;100
20160128 095900;20.8;20.8;20.8;20.8;100
20160128 105100;20.6;20.6;20.55;20.55;300
20160128 105200;20.62;20.62;20.62;20.62;100
20160128 105300;20.51;20.5195;20.47;20.47;700
20160128 105400;20.29;20.35;20.29;20.35;400
20160128 105500;20.2;20.2;20.2;20.2;200
20160128 105600;20.2999;20.2999;20.29;20.29;200
20160128 105700;20.34;20.43;20.34;20.43;500
20160128 105900;20.35;20.35;20.35;20.35;200
20160128 110200;20.41;20.47;20.41;20.47;600
20160128 110300;20.5;20.5;20.5;20.5;200
20160128 110400;20.52;20.52;20.5;20.5;200
20160128 110700;20.5;20.5;20.5;20.5;400
20160128 110800;20.5;20.5;20.5;20.5;200
20160128 111900;20.65;20.65;20.65;20.65;100
20160128 124800;20.62;20.62;20.62;20.62;100
20160128 143300;20.6;20.6;20.6;20.6;100
20160128 144300;20.53;20.53;20.53;20.53;200
20160128 144400;20.58;20.59;20.58;20.59;200
20160128 144500;20.6;20.6;20.6;20.6;100
20160128 150800;20.7;20.7;20.7;20.7;100
20160128 155700;20.53;20.53;20.53;20.53;227
20160128 155800;20.48;20.48;20.48;20.48;100
20160128 160000;20.32;20.54;20.32;20.34;2066
20160128 161000;20.2816;20.2816;20.2816;20.2816;800
20160129 104500;20.99;20.99;20.99;20.99;100
20160129 104600;20.96;21.41;20.95;21.1;700
20160129 104800;20.56;20.56;20.56;20.56;100
20160129 105000;20.59;20.7499;20.59;20.7499;1600
20160129 105200;20.58;20.75;20.58;20.75;300
20160129 105300;20.65;20.75;20.65;20.75;600
20160129 105400;20.84;21.03;20.84;21.03;200
20160129 105600;20.75;20.75;20.75;20.75;300
20160129 105900;20.88;20.88;20.88;20.88;100
20160129 110000;20.88;20.89;20.8401;20.85;1100
20160129 110200;21;21;21;21;399
20160129 110300;20.8505;20.86;20.8505;20.86;200
20160129 110400;20.83;21.03;20.82;20.83;500
20160129 111000;20.89;20.89;20.83;20.83;500
20160129 111100;20.95;20.95;20.84;20.84;400
20160129 111300;20.9;20.9;20.9;20.9;100
20160129 111400;20.85;20.85;20.85;20.85;100
20160129 111900;20.84;20.84;20.64;20.725;1100
20160129 112000;20.73;20.73;20.7201;20.7201;200
20160129 114700;20.69;20.69;20.66;20.69;300
20160129 114900;20.69;20.6995;20.69;20.6995;200
20160129 120500;20.72;20.72;20.72;20.72;100
20160129 122000;20.35;20.35;20.35;20.35;100
20160129 125000;21.0658;21.0658;21.001;21.001;500
20160129 125400;21.06;21.06;21.06;21.06;100
20160129 125900;20.31;20.31;20.31;20.31;100
20160129 130100;20.38;20.45;20.38;20.45;300
20160129 130200;20.9;20.9;20.9;20.9;100
20160129 132200;20.32;20.32;20.32;20.32;100
20160129 134100;20.72;20.72;20.72;20.72;100
20160129 135900;20.87;20.87;20.87;20.87;200
20160129 140300;20.79;20.79;20.79;20.79;100
20160129 141000;20.69;20.69;20.69;20.69;100
20160129 142500;20.66;20.66;20.66;20.66;100
20160129 142700;20.77;20.77;20.765;20.765;200
20160129 143600;20.76;20.76;20.76;20.76;100
20160129 145200;20.77;20.77;20.77;20.77;200
20160129 150900;20.99;20.99;20.99;20.99;100
20160129 151100;20.94;20.94;20.94;20.94;100
20160129 151200;20.91;20.91;20.9005;20.9005;200
20160129 151300;21.0105;21.03;21.01;21.03;600
20160129 152100;20.82;20.83;20.82;20.83;300
20160129 152200;20.89;20.89;20.89;20.89;100
20160129 152300;20.92;20.9295;20.92;20.9295;400
20160129 153300;20.94;20.94;20.94;20.94;100
20160129 153400;20.92;20.93;20.92;20.93;400
20160129 153600;20.97;20.97;20.97;20.97;100
20160129 154200;21.45;21.45;21.45;21.45;100
20160129 154700;21.4;21.4;21.4;21.4;100
20160129 154800;21.45;21.45;21.45;21.45;100
20160129 155200;21.465;21.465;21.465;21.465;100
20160129 155300;21.44;21.465;21.44;21.46;400
20160129 155600;21.47;21.47;21.47;21.47;100
20160129 155700;21.46;21.46;21.46;21.46;100
20160129 155900;21.47;21.47;21.47;21.47;100
20160129 160000;21.42;21.5;21.42;21.5;6529
20160129 160100;21.5;21.5;21.5;21.5;88
20160129 163500;21.5;21.5;21.5;21.5;4060
20160129 163600;21.5;21.5;21.5;21.5;4028
20160201 093400;20.88;20.88;20.88;20.88;100
20160201 094000;21;21;21;21;200
20160201 094100;21;21;21;21;100
20160201 094600;21.36;21.36;21.36;21.36;100
20160201 094800;21.34;21.34;21.34;21.34;100
20160201 104300;21.3;21.3;21.3;21.3;100
20160201 111900;21.27;21.27;21.27;21.27;100
20160201 115900;21.27;21.27;21.27;21.27;100
20160201 120100;21.26;21.275;21.26;21.275;600
20160201 120200;21.27;21.31;21.27;21.31;500
20160201 120300;21.22;21.22;21.14;21.14;600
20160201 120500;21.13;21.13;21.13;21.13;100
20160201 120600;21.1;21.14;21.1;21.14;400
20160201 120900;21.2;21.2;21.2;21.2;100
20160201 122600;21.26;21.26;21.26;21.26;100
20160201 125000;21.27;21.2899;21.27;21.2899;400
20160201 132400;21.3;21.3;21.3;21.3;100
20160201 133300;21.3;21.3;21.3;21.3;400
20160201 133400;21.25;21.25;21.25;21.25;100
20160201 133500;21.27;21.29;21.27;21.27;400
20160201 133600;21.28;21.33;21.28;21.33;200
20160201 133800;21.34;21.34;21.34;21.34;100
20160201 133900;21.38;21.38;21.38;21.38;100
20160201 134000;21.43;21.43;21.42;21.42;588
20160201 134500;21.48;21.48;21.48;21.48;100
20160201 140600;21.39;21.39;21.39;21.39;100
20160201 143200;21.38;21.38;21.38;21.38;100
20160201 144300;21.38;21.38;21.2731;21.2731;200
20160201 144400;21.39;21.5;21.3608;21.5;879
20160201 144900;21.5;21.5;21.3409;21.3409;300
20160201 145000;21.3479;21.3479;21.3479;21.3479;100
20160201 145200;21.48;21.48;21.3397;21.3397;200
20160201 145400;21.3524;21.3524;21.3524;21.3524;200
20160201 152800;21.49;21.49;21.49;21.49;100
20160201 153500;21.49;21.5;21.49;21.5;400
20160201 153800;21.5;21.5;21.5;21.5;1100
20160201 153900;21.5;21.5;21.5;21.5;700
20160201 154300;21.49;21.49;21.455;21.455;900
20160201 154400;21.5;21.5;21.48;21.48;400
20160201 154500;21.49;21.5;21.49;21.5;900
20160201 154800;21.47;21.5;21.47;21.5;500
20160201 155200;21.59;21.59;21.59;21.59;100
20160201 155400;21.45;21.45;21.45;21.45;400
20160201 155500;21.45;21.45;21.45;21.45;200
20160201 160000;21.54;21.54;21.4;21.4;1032
20160201 162200;21.4;21.4;21.4;21.4;143
20160202 094600;21.6;21.6;21.55;21.55;300
20160202 094700;21.55;21.55;21.55;21.55;200
20160202 094800;21.49;21.49;21.45;21.469;300
20160202 094900;21.44;21.44;21.4;21.4;720
20160202 095000;21.68;21.68;21.3701;21.3701;200
20160202 101800;21.18;21.1995;21.18;21.18;1110
20160202 102900;21.61;21.61;21.61;21.61;100
20160202 105700;21.275;21.275;21.275;21.275;100
20160202 105800;21.26;21.33;21.26;21.28;400
20160202 110000;21.28;21.33;21.28;21.33;400
20160202 110100;21.4;21.4;21.4;21.4;100
20160202 110200;21.34;21.35;21.34;21.35;500
20160202 110300;21.3;21.3;21.3;21.3;400
20160202 110400;21.33;21.33;21.33;21.33;100
20160202 110500;21.33;21.33;21.33;21.33;200
20160202 110600;21.34;21.34;21.34;21.34;100
20160202 110700;21.33;21.45;21.33;21.45;200
20160202 110900;21.36;21.36;21.36;21.36;100
20160202 111000;21.42;21.42;21.4;21.41;400
20160202 111200;21.54;21.55;21.49;21.49;300
20160202 111300;21.49;21.55;21.49;21.55;200
20160202 111600;21.51;21.5499;21.51;21.5499;300
20160202 111800;21.52;21.52;21.52;21.52;100
20160202 112100;21.59;21.59;21.59;21.59;100
20160202 113700;21.78;21.78;21.78;21.78;100
20160202 114200;21.77;21.77;21.77;21.77;100
20160202 122200;21.53;21.53;21.53;21.53;100
20160202 150600;21.03;21.03;21.03;21.03;100
20160202 151300;21.49;21.49;21.49;21.49;100
20160202 152500;21.32;21.32;21.32;21.32;100
20160202 153800;21.63;21.63;21.63;21.63;100
20160202 154600;21.62;21.62;21.62;21.62;100
20160202 155200;21.3601;21.3601;21.3601;21.3601;100
20160202 155500;21.74;21.74;21.74;21.74;100
20160202 155900;21.67;21.67;21.4;21.4;300
20160202 160000;21.46;21.46;21.46;21.46;1523
20160202 160100;21.46;21.46;21.46;21.46;28
20160202 162200;21.46;21.46;21.46;21.46;205
20160202 163200;21.46;21.46;21.46;21.46;180
20160203 094000;21.6;21.6;21.6;21.6;100
20160203 094300;21.31;21.31;21.31;21.31;100
20160203 111500;20.87;20.98;20.65;20.65;400
20160203 111600;21.05;21.17;21.05;21.17;700
20160203 111700;21.24;21.24;21.24;21.24;300
20160203 111800;21.02;21.02;21.02;21.02;590
20160203 120100;21.32;21.32;21.32;21.32;100
20160203 120200;21.33;21.33;21.33;21.33;100
20160203 120300;21.37;21.37;21.37;21.37;100
20160203 123600;21.39;21.39;21.39;21.39;100
20160203 133200;21.66;21.66;21.66;21.66;100
20160203 134100;21.6589;21.6589;21.6589;21.6589;100
20160203 142400;21.55;21.55;21.55;21.55;100
20160203 155600;21.62;21.62;21.62;21.62;100
20160203 155700;21.43;21.43;21.43;21.43;100
20160203 155800;21.5;21.5;21.5;21.5;100
20160203 160000;21.505;21.63;21.47;21.63;1410
20160204 101700;22.27;22.43;21.36;21.36;937
20160204 105700;22.28;22.28;22.28;22.28;100
20160204 114200;21.207;21.207;21.207;21.207;200
20160204 114800;21.71;21.71;21.71;21.71;100
20160204 115100;21.6354;21.99;21.6354;21.71;645
20160204 115900;21.95;21.95;21.95;21.95;100
20160204 123300;22.28;22.28;22.28;22.28;100
20160204 125500;21.79;21.79;21.79;21.79;100
20160204 125800;21.95;21.95;21.95;21.95;100
20160204 125900;21.98;21.99;21.98;21.99;300
20160204 130500;21.89;21.89;21.89;21.89;100
20160204 130700;21.88;21.88;21.88;21.88;199
20160204 131300;21.89;21.89;21.89;21.89;200
20160204 141800;22.03;22.03;22.03;22.03;100
20160204 143500;21.6301;21.6301;21.6301;21.6301;288
20160204 150900;22.01;22.01;22.01;22.01;100
20160204 151100;22;22;22;22;100
20160204 152100;21.9;21.9;21.9;21.9;100
20160204 152700;22;22;22;22;100
20160204 154300;22.12;22.12;22.12;22.12;100
20160204 155700;22.03;22.1;22.03;22.1;200
20160204 155800;22.021;22.12;22.021;22.12;500
20160204 155900;22.15;22.15;22.1;22.1;583
20160204 160000;22.15;22.15;21.95;22.13;2166
20160204 160100;22.13;22.13;22.13;22.13;447
20160204 163000;22.13;22.13;22.13;22.13;17
20160204 163100;22.13;22.13;22.13;22.13;34
20160205 093100;23;23.25;23;23.122;2120
20160205 093200;23.4999;23.5;23.225;23.5;700
20160205 093300;23.5;23.5;23.2;23.2;2100
20160205 093600;23;23;23;23;132
20160205 093700;23.4;23.4;23.4;23.4;300
20160205 093900;23.06;23.06;23;23;1300
20160205 094200;23;23;23;23;810
20160205 094500;22.51;22.51;22.51;22.51;100
20160205 095600;22.635;22.635;22.635;22.635;100
20160205 101200;23.09;23.09;23.09;23.09;100
20160205 101900;22.23;22.64;22.23;22.64;400
20160205 103600;22.38;22.38;22.38;22.38;109
20160205 105700;22.38;22.38;22.38;22.38;1600
20160205 110800;22.22;22.22;22.22;22.22;100
20160205 115300;21.79;21.81;21.79;21.81;209
20160205 115400;21.81;21.84;21.81;21.84;400
20160205 120200;21.88;22.12;21.83;21.83;786
20160205 120700;22.165;22.165;22.0201;22.0201;200
20160205 121000;22.08;22.08;22.03;22.03;200
20160205 121500;21.86;21.86;21.86;21.86;100
20160205 122000;22.3;22.3;22.3;22.3;100
20160205 130700;22.37;22.37;22.37;22.37;100
20160205 131500;21.71;21.71;21.71;21.71;100
20160205 131900;22;22.32;22;22.32;400
20160205 133600;22.29;22.3003;22.26;22.3003;1500
20160205 133900;22.03;22.03;22.03;22.03;100
20160205 140300;22.3;22.3;22.3;22.3;100
20160205 141000;22.31;22.31;22.31;22.31;100
20160205 143000;22.01;22.01;22;22;400
20160205 143100;22.27;22.27;22.27;22.27;100
20160205 143600;21.51;21.51;21.51;21.51;100
20160205 151400;22.26;22.26;22.26;22.26;100
20160205 154300;21.53;21.53;21.53;21.53;100
20160205 154500;22.24;22.24;22.24;22.24;100
20160205 155000;22.24;22.24;22.21;22.24;400
20160205 155100;21.68;22.215;21.68;22.215;300
20160205 155200;21.48;21.48;21.48;21.48;100
20160205 155300;21.55;21.55;21.55;21.55;100
20160205 155400;21.48;21.48;21.48;21.48;100
20160205 155600;21.48;21.48;21.48;21.48;200
20160205 155700;21.48;21.48;21.48;21.48;100
20160205 155800;21.51;21.51;21.48;21.48;200
20160205 155900;21.91;21.91;21.44;21.79;400
20160205 160000;21.46;21.83;21.43;21.43;5949
20160205 161900;21.4274;21.4274;21.4274;21.4274;87
20160205 164400;22.2591;22.2591;22.2591;22.2591;413
20160205 165000;21.43;21.43;21.43;21.43;140
