20160119 104000;8.94;8.94;8.94;8.94;100
20160119 105300;8.94;8.94;8.94;8.94;100
20160119 105400;8.94;8.94;8.94;8.94;100
20160119 131700;8.9209;8.9209;8.9209;8.9209;100
20160119 160000;8.91;8.91;8.88;8.88;1700
20160120 100100;8.73;8.73;8.72;8.72;1822
20160120 103500;8.5;8.5;8.47;8.47;200
20160120 110200;8.47;8.47;8.47;8.47;100
20160120 113200;8.548;8.548;8.548;8.548;1000
20160120 133900;8.6;8.6;8.6;8.6;100
20160120 142500;8.5;8.538;8.5;8.538;1700
20160120 154300;8.5;8.5;8.5;8.5;100
20160120 155300;8.51;8.51;8.5;8.5;876
20160120 160000;8.5;8.5;8.5;8.5;392
20160121 093100;8.6;8.6;8.2337;8.44;6694
20160121 095600;8.35;8.35;8.35;8.35;100
20160121 100500;8.28;8.28;8.28;8.28;500
20160121 100600;8.27;8.27;8.27;8.27;200
20160121 103000;8.2789;8.2789;8.272;8.272;600
20160121 111500;8.2595;8.2595;8.2595;8.2595;1185
20160121 111900;8.2305;8.2305;8.2305;8.2305;1185
20160121 123200;8.27;8.28;8.27;8.28;832
20160121 123300;8.28;8.28;8.28;8.28;400
20160121 123800;8.36;8.36;8.36;8.36;100
20160121 124100;8.4699;8.4699;8.46;8.46;300
20160121 125600;8.4699;8.4699;8.4699;8.4699;100
20160121 135300;8.46;8.54;8.46;8.53;4200
20160121 135400;8.46;8.46;8.46;8.46;730
20160121 135500;8.46;8.46;8.46;8.46;100
20160121 135600;8.44;8.44;8.4;8.43;400
20160121 135700;8.4;8.4;8.4;8.4;900
20160121 135800;8.4;8.4;8.4;8.4;700
20160121 140000;8.4;8.4;8.38;8.38;500
20160121 141300;8.38;8.38;8.38;8.38;100
20160121 143600;8.43;8.43;8.43;8.43;300
20160121 144600;8.4699;8.49;8.4;8.49;1800
20160121 145800;8.54;8.54;8.54;8.54;100
20160121 151100;8.5;8.5799;8.5;8.5799;1500
20160121 151200;8.52;8.52;8.52;8.52;842
20160121 153800;8.66;8.66;8.66;8.66;200
20160121 153900;8.6599;8.66;8.65;8.66;500
20160121 154400;8.66;8.67;8.66;8.67;300
20160121 155200;8.8;8.8;8.8;8.8;100
20160121 155300;8.84;8.84;8.83;8.83;880
20160121 155400;8.9199;8.9199;8.9199;8.9199;114
20160121 155500;8.8308;8.8308;8.8308;8.8308;200
20160121 160800;8.82;8.82;8.82;8.82;400
20160122 091600;8.62;8.62;8.59;8.59;2500
20160122 110100;8.95;8.95;8.95;8.95;1100
20160122 134800;8.86;8.86;8.86;8.86;100
20160122 135300;8.74;8.74;8.74;8.74;100
20160122 135500;8.84;8.84;8.84;8.84;100
20160122 135600;8.83;8.83;8.83;8.83;200
20160122 135900;8.8;8.8;8.8;8.8;100
20160122 140000;8.8;8.8;8.8;8.8;100
20160122 144000;8.805;8.805;8.805;8.805;100
20160122 145600;8.82;8.88;8.82;8.88;200
20160122 145700;8.82;8.82;8.82;8.82;100
20160122 145800;8.87;8.87;8.84;8.84;300
20160122 155400;8.8;8.8;8.8;8.8;100
20160122 155500;8.81;8.81;8.81;8.81;100
20160122 155900;8.75;8.83;8.715;8.83;800
20160122 160000;8.7499;8.86;8.72;8.81;1500
20160125 093400;8.8;8.8;8.74;8.74;1000
20160125 093500;8.71;8.71;8.7;8.7;200
20160125 101000;8.7;8.7;8.7;8.7;100
20160125 155000;8.5354;8.5354;8.5354;8.5354;200
20160126 123200;8.5;8.5;8.5;8.5;100
20160126 123300;8.53;8.53;8.53;8.53;100
20160126 135100;8.51;8.51;8.51;8.51;100
20160126 135800;8.52;8.54;8.52;8.54;500
20160126 140300;8.7099;8.71;8.7;8.71;600
20160126 151200;8.75;8.75;8.71;8.71;1100
20160126 151300;8.74;8.7499;8.74;8.7499;200
20160126 151400;8.77;8.77;8.77;8.77;100
20160126 151600;8.79;8.79;8.79;8.79;100
20160126 151700;8.86;8.86;8.86;8.86;100
20160129 145900;8.7009;8.7009;8.7009;8.7009;200
20160129 150300;8.7009;8.7009;8.7009;8.7009;200
20160129 150600;8.6928;8.6928;8.6928;8.6928;200
20160129 151200;8.547;8.547;8.547;8.547;508
20160129 151600;8.6517;8.6517;8.6517;8.6517;200
20160201 094300;8.89;8.9;8.89;8.9;200
20160201 101300;8.94;8.9713;8.93;8.9713;1200
20160201 124900;9;9;9;9;200
20160201 145700;9.05;9.05;9.05;9.05;400
20160201 154300;9.03;9.03;9.03;9.03;100
20160202 093100;9.22;9.23;9.22;9.22;300
20160202 093300;9.23;9.23;9.23;9.23;100
20160202 093400;9.22;9.22;9.22;9.22;100
20160202 094000;9.21;9.21;9.21;9.21;200
20160202 094100;9.22;9.22;9.22;9.22;100
20160202 094200;9.21;9.21;9.21;9.21;100
20160202 094300;9.21;9.21;9.21;9.21;100
20160202 094400;9.22;9.22;9.22;9.22;100
20160202 094500;9.22;9.22;9.22;9.22;200
20160202 094600;9.22;9.22;9.22;9.22;100
20160202 094700;9.22;9.22;9.22;9.22;100
20160202 094800;9.22;9.22;9.22;9.22;100
20160202 094900;9.22;9.22;9.22;9.22;200
20160202 095000;9.23;9.23;9.23;9.23;100
20160202 095100;9.47;9.47;9.47;9.47;100
20160202 095200;9.48;9.48;9.405;9.405;200
20160202 095300;9.49;9.49;9.46;9.46;200
20160202 100400;9.49;9.6495;9.49;9.6495;500
20160202 102300;9.6499;9.6499;9.6499;9.6499;1000
20160202 115700;9.56;9.56;9.51;9.51;1000
20160202 151000;9.58;9.58;9.58;9.58;500
20160202 155400;9.7;9.7;9.7;9.7;300
20160203 093100;9.8;9.8;9.8;9.8;200
20160203 093200;9.78;9.78;9.78;9.78;100
20160203 093400;9.79;9.79;9.79;9.79;100
20160203 093500;9.77;9.77;9.77;9.77;100
20160203 094000;9.77;9.77;9.77;9.77;100
20160203 094100;9.79;9.79;9.79;9.79;100
20160203 094200;9.79;9.79;9.79;9.79;200
20160203 094300;9.79;9.79;9.79;9.79;100
20160203 094400;9.79;9.79;9.79;9.79;100
20160203 094500;9.61;9.61;9.13;9.13;2978
20160203 094600;9.54;9.54;9.54;9.54;200
20160203 094800;9.54;9.54;9.54;9.54;200
20160203 094900;9.54;9.54;9.54;9.54;100
20160203 095000;9.54;9.54;9.54;9.54;100
20160203 095100;9.71;9.71;9.71;9.71;200
20160203 095300;9.69;9.72;9.69;9.72;200
20160203 095400;9.71;9.71;9.71;9.71;100
20160203 095500;9.71;9.71;9.71;9.71;100
20160203 095600;9.72;9.72;9.72;9.72;100
20160203 095700;9.68;9.68;9.68;9.68;100
20160203 095800;9.7;9.78;9.7;9.78;200
20160203 095900;9.78;9.78;9.78;9.78;100
20160203 100000;9.78;9.78;9.78;9.78;100
20160203 100100;9.77;9.77;9.77;9.77;200
20160203 100200;9.78;9.78;9.78;9.78;100
20160203 100400;9.78;9.78;9.78;9.78;100
20160203 100600;9.79;9.79;9.79;9.79;200
20160203 100800;9.79;9.79;9.79;9.79;100
20160203 100900;9.79;9.79;9.6101;9.79;450
20160203 101000;9.79;9.79;9.79;9.79;100
20160203 101100;9.78;9.78;9.78;9.78;200
20160203 101300;9.79;9.79;9.79;9.79;200
20160203 101400;9.79;9.79;9.79;9.79;100
20160203 101600;9.78;9.78;9.78;9.78;100
20160203 101700;9.79;9.79;9.79;9.79;200
20160203 101800;9.75;9.75;9.75;9.75;100
20160203 101900;9.68;9.68;9.66;9.66;397
20160203 102000;9.66;9.66;9.66;9.66;200
20160203 102100;9.79;9.79;9.79;9.79;200
20160203 102200;9.69;9.69;9.69;9.69;100
20160203 102400;9.69;9.69;9.69;9.69;100
20160203 102500;9.7;9.7;9.7;9.7;200
20160203 102700;9.7;9.79;9.7;9.79;500
20160203 102800;9.79;9.79;9.79;9.79;100
20160203 103000;9.75;9.75;9.75;9.75;208
20160203 103100;9.79;9.79;9.77;9.77;200
20160203 103200;9.71;9.71;9.71;9.71;100
20160203 103300;9.77;9.77;9.77;9.77;100
20160203 103700;9.75;9.75;9.75;9.75;392
20160203 103800;9.79;9.79;9.79;9.79;100
20160203 103900;9.79;9.79;9.79;9.79;100
20160203 104000;9.79;9.79;9.79;9.79;100
20160203 104100;9.79;9.79;9.79;9.79;100
20160203 104200;9.79;9.79;9.79;9.79;100
20160203 104300;9.79;9.79;9.79;9.79;300
20160203 104400;9.79;9.79;9.79;9.79;100
20160203 104700;9.79;9.79;9.79;9.79;100
20160203 104800;9.79;9.79;9.79;9.79;100
20160203 104900;9.79;9.79;9.79;9.79;100
20160203 105000;9.79;9.79;9.79;9.79;100
20160203 105100;9.79;9.79;9.79;9.79;100
20160203 105200;9.79;9.79;9.79;9.79;100
20160203 105300;9.79;9.79;9.79;9.79;100
20160203 105400;9.79;9.79;9.79;9.79;100
20160203 105500;9.8;9.8;9.8;9.8;100
20160203 105700;9.8;9.8;9.8;9.8;100
20160203 105800;9.8;9.8;9.8;9.8;100
20160203 105900;9.79;9.79;9.79;9.79;100
20160203 110100;9.79;9.79;9.79;9.79;100
20160203 110200;9.79;9.79;9.79;9.79;100
20160203 110300;9.79;9.79;9.79;9.79;100
20160203 110400;9.79;9.79;9.79;9.79;100
20160203 110600;9.79;9.79;9.79;9.79;100
20160203 110700;9.79;9.79;9.79;9.79;100
20160203 110800;9.79;9.79;9.79;9.79;100
20160203 110900;9.79;9.79;9.79;9.79;100
20160203 111100;9.79;9.79;9.79;9.79;200
20160203 111300;9.79;9.79;9.7511;9.755;940
20160203 111400;9.8;9.8;9.8;9.8;100
20160203 111500;9.8;9.8;9.8;9.8;100
20160203 111600;9.8;9.8;9.8;9.8;100
20160203 111700;9.8;9.8;9.8;9.8;100
20160203 111900;9.8;9.8;9.8;9.8;100
20160203 112000;9.8;9.8;9.8;9.8;100
20160203 112100;9.8;9.8;9.8;9.8;100
20160203 112300;9.8;9.8;9.8;9.8;100
20160203 112400;9.8;9.8;9.8;9.8;100
20160203 112500;9.8;9.8;9.8;9.8;100
20160203 112600;9.79;9.79;9.78;9.78;200
20160203 112900;9.8;9.8;9.8;9.8;100
20160203 113000;9.8;9.8;9.8;9.8;100
20160203 113100;9.8;9.8;9.8;9.8;100
20160203 113300;9.8;9.8;9.8;9.8;100
20160203 113400;9.8;9.8;9.8;9.8;200
20160203 113500;9.8;9.8;9.8;9.8;100
20160203 113600;9.8;9.8;9.8;9.8;100
20160203 113800;9.8;9.8;9.8;9.8;100
20160203 113900;9.8;9.8;9.8;9.8;100
20160203 114000;9.8;9.8;9.8;9.8;100
20160203 114200;9.8;9.8;9.8;9.8;100
20160203 114300;9.8;9.8;9.8;9.8;100
20160203 114500;9.8;9.8;9.8;9.8;100
20160203 114700;9.8;9.8;9.8;9.8;200
20160203 114900;9.8;9.8;9.8;9.8;100
20160203 115000;9.8;9.8;9.8;9.8;100
20160203 115200;9.8;9.8;9.8;9.8;100
20160203 115400;9.8;9.8;9.8;9.8;100
20160203 115500;9.8;9.8;9.8;9.8;100
20160203 115600;9.8;9.8;9.8;9.8;100
20160203 115700;9.8;9.8;9.8;9.8;100
20160203 115900;9.8;9.8;9.8;9.8;100
20160203 120100;9.8;9.8;9.8;9.8;100
20160203 120200;9.8;9.8;9.8;9.8;100
20160203 120300;9.8;9.8;9.8;9.8;100
20160203 120500;9.8;9.8;9.8;9.8;100
20160203 120600;9.8;9.8;9.8;9.8;100
20160203 120700;9.8;9.8;9.8;9.8;100
20160203 120900;9.8;9.8;9.8;9.8;100
20160203 121000;9.8;9.8;9.8;9.8;100
20160203 121200;9.8;9.8;9.8;9.8;100
20160203 121300;9.8;9.8;9.8;9.8;100
20160203 121500;9.8;9.8;9.8;9.8;100
20160203 121600;9.8;9.8;9.8;9.8;100
20160203 121700;9.8;9.8;9.8;9.8;100
20160203 121800;9.7996;9.7996;9.7996;9.7996;200
20160203 121900;9.8;9.8;9.7996;9.7996;200
20160203 122000;9.7996;9.8;9.7996;9.8;300
20160203 122200;9.8;9.8;9.8;9.8;100
20160203 122300;9.8;9.8;9.8;9.8;100
20160203 122500;9.8;9.8;9.8;9.8;100
20160203 122600;9.7996;9.7996;9.7996;9.7996;200
20160203 122700;9.8;9.8;9.8;9.8;100
20160203 122900;9.8;9.8;9.7996;9.7996;200
20160203 123000;9.8;9.8;9.8;9.8;100
20160203 123100;9.8;9.8;9.8;9.8;100
20160203 123300;9.8;9.8;9.8;9.8;100
20160203 123500;9.8;9.8;9.8;9.8;600
20160203 123600;9.8;9.8;9.8;9.8;100
20160203 123700;9.8;9.8;9.8;9.8;100
20160203 123900;9.8;9.8;9.8;9.8;100
20160203 124100;9.8;9.8;9.8;9.8;100
20160203 124200;9.8;9.8;9.8;9.8;1600
20160203 124300;9.8;9.8;9.8;9.8;700
20160203 124400;9.85;9.85;9.85;9.85;100
20160203 124500;9.845;9.845;9.845;9.845;100
20160203 124600;9.84;9.84;9.84;9.84;100
20160203 124800;9.83;9.83;9.78;9.78;200
20160203 124900;9.82;9.82;9.82;9.82;100
20160203 125300;9.82;9.82;9.82;9.82;100
20160203 125400;9.84;9.84;9.84;9.84;100
20160203 125700;9.83;9.83;9.83;9.83;100
20160203 125900;9.83;9.83;9.83;9.83;100
20160203 130000;9.83;9.83;9.83;9.83;100
20160203 130200;9.85;9.85;9.85;9.85;100
20160203 130300;9.84;9.84;9.84;9.84;100
20160203 130500;9.84;9.84;9.84;9.84;100
20160203 130600;9.84;9.84;9.84;9.84;100
20160203 130800;9.85;9.85;9.85;9.85;100
20160203 130900;9.85;9.85;9.85;9.85;100
20160203 131100;9.85;9.85;9.85;9.85;100
20160203 131200;9.85;9.85;9.85;9.85;100
20160203 131400;9.85;9.85;9.85;9.85;100
20160203 131500;9.85;9.85;9.85;9.85;100
20160203 131800;9.85;9.85;9.85;9.85;1500
20160203 131900;9.89;9.89;9.89;9.89;100
20160203 132000;9.88;9.88;9.88;9.88;100
20160203 132200;9.88;9.88;9.88;9.88;100
20160203 132300;9.88;9.88;9.88;9.88;100
20160203 132500;9.88;9.88;9.88;9.88;100
20160203 132600;9.88;9.88;9.88;9.88;100
20160203 132700;9.88;9.88;9.88;9.88;100
20160203 132900;9.88;9.88;9.88;9.88;100
20160203 133000;9.88;9.88;9.88;9.88;100
20160203 133100;9.88;9.88;9.88;9.88;100
20160203 133200;9.88;9.88;9.88;9.88;100
20160203 133400;9.88;9.88;9.88;9.88;100
20160203 133500;9.88;9.88;9.88;9.88;100
20160203 133600;9.88;9.88;9.88;9.88;100
20160203 133700;9.88;9.88;9.88;9.88;100
20160203 133900;9.89;9.89;9.89;9.89;100
20160203 134100;9.89;9.89;9.89;9.89;100
20160203 134200;9.89;9.89;9.89;9.89;100
20160203 134400;9.89;9.89;9.89;9.89;100
20160203 134500;9.89;9.89;9.89;9.89;100
20160203 134600;9.89;9.89;9.89;9.89;100
20160203 134800;9.89;9.89;9.89;9.89;800
20160203 134900;9.89;9.89;9.89;9.89;100
20160203 135100;9.9;9.9;9.9;9.9;100
20160203 135200;9.9;9.9;9.9;9.9;100
20160203 135400;9.9;9.9;9.9;9.9;200
20160203 135600;9.9;9.9;9.9;9.9;100
20160203 135800;9.9;9.9;9.9;9.9;100
20160203 135900;9.9;9.9;9.9;9.9;100
20160203 140000;9.9;9.9;9.9;9.9;100
20160203 140200;9.9;9.9;9.9;9.9;100
20160203 140300;9.9;9.9;9.9;9.9;100
20160203 140400;9.9;9.9;9.9;9.9;100
20160203 140600;9.9;9.9;9.9;9.9;100
20160203 140800;9.9;9.9;9.9;9.9;100
20160203 140900;9.9;9.9;9.9;9.9;100
20160203 141000;9.9;9.9;9.9;9.9;100
20160203 141200;9.9;9.9;9.9;9.9;200
20160203 141400;9.9;9.9;9.9;9.9;100
20160203 141500;9.9;9.9;9.9;9.9;100
20160203 141600;9.9;9.9;9.9;9.9;100
20160203 141800;9.9;9.9;9.9;9.9;100
20160203 141900;9.9;9.9;9.9;9.9;100
20160203 142000;9.9;9.9;9.9;9.9;100
20160203 142100;9.9;9.9;9.9;9.9;100
20160203 142300;9.9;9.9;9.9;9.9;100
20160203 142400;9.9;9.9;9.9;9.9;100
20160203 142500;9.9;9.9;9.9;9.9;100
20160203 142600;9.9;9.9;9.9;9.9;100
20160203 142800;9.9;9.9;9.9;9.9;100
20160203 142900;9.9;9.9;9.9;9.9;100
20160203 143000;9.9;9.9;9.9;9.9;100
20160203 143100;9.9;9.9;9.9;9.9;100
20160203 143300;9.9;9.9;9.9;9.9;200
20160203 143500;9.9;9.9;9.9;9.9;100
20160203 143600;9.9;9.9;9.9;9.9;100
20160203 143800;9.9;9.9;9.9;9.9;100
20160203 143900;9.9;9.9;9.9;9.9;100
20160203 144000;9.9;9.9;9.9;9.9;100
20160203 144100;9.9;9.9;9.9;9.9;100
20160203 144200;9.9;9.9;9.9;9.9;100
20160203 144400;9.9;9.9;9.9;9.9;200
20160203 144600;9.9;9.9;9.9;9.9;100
20160203 144700;9.9;9.9;9.9;9.9;100
20160203 144800;9.9;9.9;9.9;9.9;100
20160203 144900;9.9;9.9;9.9;9.9;100
20160203 145100;9.9;9.9;9.9;9.9;100
20160203 145200;9.9;9.9;9.9;9.9;100
20160203 145300;9.9;9.9;9.9;9.9;500
20160203 145400;9.9;9.9;9.9;9.9;200
20160203 145500;9.9;9.9;9.9;9.9;100
20160203 145600;9.9;9.9;9.9;9.9;100
20160203 145700;9.9;9.9;9.9;9.9;100
20160203 145900;9.9;9.9;9.9;9.9;100
20160203 150000;9.9;9.9;9.9;9.9;100
20160203 150100;9.9;9.9;9.9;9.9;100
20160203 150200;9.9;9.9;9.9;9.9;100
20160203 150300;9.9;9.9;9.9;9.9;800
20160203 150400;9.9;9.9;9.9;9.9;300
20160203 150500;9.9;9.9;9.9;9.9;300
20160203 150600;9.9;9.9;9.9;9.9;100
20160203 150700;9.9;9.9;9.8999;9.9;900
20160203 150800;9.9;9.9;9.9;9.9;100
20160203 150900;9.9;9.9;9.9;9.9;300
20160203 151000;9.9;9.9;9.9;9.9;100
20160203 151100;9.9;9.9;9.9;9.9;700
20160203 151200;9.9;9.96;9.8999;9.96;6100
20160203 151300;9.97;9.97;9.8001;9.8001;5000
20160203 151600;9.94;9.94;9.94;9.94;200
20160203 151800;9.94;9.94;9.94;9.94;200
20160203 152800;9.98;9.98;9.98;9.98;100
20160203 153000;9.98;9.98;9.96;9.96;407
20160203 153100;9.97;9.97;9.97;9.97;100
20160203 153200;9.98;9.98;9.97;9.97;200
20160203 153400;9.98;9.98;9.98;9.98;200
20160203 153500;9.98;9.98;9.98;9.98;100
20160203 153600;9.98;9.98;9.98;9.98;100
20160203 153700;9.97;9.97;9.97;9.97;100
20160203 153800;9.97;9.97;9.97;9.97;400
20160203 153900;9.98;9.98;9.98;9.98;100
20160203 154000;9.98;9.98;9.97;9.97;300
20160203 154200;9.98;9.98;9.98;9.98;100
20160203 154300;9.98;9.98;9.98;9.98;200
20160203 154400;9.98;9.98;9.98;9.98;100
20160203 154500;9.98;9.98;9.98;9.98;200
20160203 154600;9.98;9.98;9.98;9.98;100
20160203 154800;9.98;9.98;9.98;9.98;200
20160203 154900;9.98;9.98;9.98;9.98;300
20160203 155000;9.98;9.98;9.98;9.98;100
20160203 155100;9.98;9.98;9.98;9.98;200
20160203 155300;9.98;9.98;9.98;9.98;200
20160203 155400;9.97;9.98;9.97;9.97;1511
20160203 155600;9.97;9.97;9.97;9.97;100
20160203 155700;9.979;9.979;9.979;9.979;200
20160203 155900;9.98;9.98;9.98;9.98;500
20160204 093200;9.98;9.98;9.98;9.98;100
20160204 093400;9.97;9.97;9.97;9.97;100
20160204 093900;9.97;9.97;9.97;9.97;100
20160204 094000;9.98;9.98;9.98;9.98;100
20160204 094100;9.98;9.98;9.98;9.98;100
20160204 094200;9.98;9.98;9.98;9.98;100
20160204 094300;9.98;9.98;9.98;9.98;100
20160204 094400;9.98;9.98;9.98;9.98;100
20160204 094500;9.98;9.98;9.98;9.98;600
20160204 094600;9.98;9.98;9.98;9.98;100
20160204 094700;9.98;9.98;9.98;9.98;400
20160204 094800;9.99;9.99;9.94;9.94;400
20160204 095000;9.99;9.99;9.99;9.99;200
20160204 095100;9.99;9.99;9.99;9.99;100
20160204 095200;9.99;9.99;9.99;9.99;100
20160204 095300;9.99;9.99;9.99;9.99;100
20160204 095400;9.99;9.99;9.99;9.99;1200
20160204 095500;9.99;9.99;9.99;9.99;2100
20160204 100100;10;10;10;10;100
20160204 100200;10;10;10;10;200
20160204 100400;10;10;10;10;100
20160204 100600;10;10;10;10;100
20160204 100700;10;10;10;10;100
20160204 100800;10.08;10.09;10.08;10.09;500
20160204 101500;10.04;10.05;10.04;10.05;400
20160204 101600;10.04;10.04;10.03;10.03;500
20160204 101700;10.02;10.02;10.02;10.02;200
20160204 102000;10.03;10.03;10.0205;10.0205;200
20160204 102200;10.01;10.01;10.01;10.01;100
20160204 102300;10;10;10;10;300
20160204 102500;10;10;10;10;100
20160204 102600;10;10;10;10;100
20160204 102700;10;10;10;10;100
20160204 103200;10;10;10;10;100
20160204 103300;10;10;10;10;100
20160204 103400;10;10;10;10;500
20160204 103900;10.02;10.02;10;10;200
20160204 105800;10.02;10.02;10.02;10.02;100
20160204 110700;10;10;10;10;400
20160204 111000;10;10;10;10;200
20160204 112200;9.99;9.99;9.89;9.99;2913
20160204 112300;10;10;10;10;100
20160204 112400;9.99;9.99;9.99;9.99;100
20160204 112700;10;10;10;10;100
20160204 113100;10;10;10;10;100
20160204 114400;9.99;9.99;9.99;9.99;200
20160204 130700;9.98;10;9.98;10;300
20160204 130800;9.99;9.99;9.99;9.99;100
20160204 130900;10;10;10;10;100
20160204 131000;10;10;10;10;100
20160204 131100;10;10;10;10;200
20160204 131200;10;10;10;10;100
20160204 133200;10;10;10;10;100
20160204 154200;10;10;10;10;100
20160204 154800;10.02;10.02;10.02;10.02;400
20160205 095300;9.9625;9.9625;9.9625;9.9625;5000
20160205 145900;9.8342;9.835;9.83;9.83;400
20160205 153100;9.832;9.84;9.82;9.82;2300
20160205 153200;9.64;9.64;9.64;9.64;100
