20160119 093700;23.15;23.1733;23.15;23.1733;600
20160119 094000;23.1799;23.1799;23.1799;23.1799;325
20160119 094300;23.163;23.19;23.163;23.19;200
20160119 094700;23.1787;23.18;23.1787;23.18;550
20160119 095000;23.17;23.17;23.17;23.17;600
20160119 095400;23.172;23.172;23.172;23.172;100
20160119 095500;23.1701;23.1701;23.17;23.17;1000
20160119 095600;23.18;23.3;23.18;23.3;4768
20160119 095900;23.27;23.3;23.246;23.3;1000
20160119 100000;23.2802;23.3;23.2802;23.2811;1300
20160119 100200;23.3;23.3167;23.3;23.3167;500
20160119 100400;23.315;23.315;23.3;23.3108;500
20160119 100800;23.3;23.3;23.3;23.3;200
20160119 101700;23.31;23.34;23.31;23.33;1451
20160119 101800;23.3301;23.34;23.33;23.34;1600
20160119 102200;23.34;23.41;23.34;23.36;3200
20160119 102500;23.33;23.3361;23.33;23.33;1200
20160119 102800;23.28;23.294;23.28;23.294;300
20160119 103100;23.29;23.29;23.29;23.29;200
20160119 103200;23.29;23.33;23.27;23.33;2815
20160119 103300;23.3;23.303;23.3;23.3;1300
20160119 103800;23.28;23.28;23.28;23.28;200
20160119 103900;23.27;23.27;23.27;23.27;100
20160119 104000;23.27;23.27;23.27;23.27;100
20160119 104200;23.25;23.25;23.25;23.25;100
20160119 104500;23.24;23.24;23.24;23.24;100
20160119 104700;23.261;23.261;23.261;23.261;500
20160119 105000;23.2836;23.2836;23.28;23.28;1100
20160119 105400;23.28;23.28;23.26;23.27;300
20160119 105500;23.25;23.251;23.25;23.251;200
20160119 105700;23.25;23.25;23.25;23.25;200
20160119 110800;23.26;23.26;23.26;23.26;100
20160119 111900;23.23;23.23;23.23;23.23;100
20160119 113300;23.2495;23.2495;23.2495;23.2495;100
20160119 115200;23.26;23.26;23.26;23.26;200
20160119 121800;23.29;23.29;23.29;23.29;100
20160119 122300;23.2788;23.2788;23.2788;23.2788;100
20160119 124400;23.26;23.26;23.26;23.26;100
20160119 124600;23.3;23.3;23.3;23.3;100
20160119 124700;23.2875;23.2875;23.2875;23.2875;378
20160119 125700;23.305;23.31;23.3;23.31;900
20160119 125800;23.304;23.304;23.304;23.304;100
20160119 125900;23.3001;23.31;23.3;23.3;1300
20160119 130300;23.29;23.29;23.29;23.29;100
20160119 130500;23.29;23.2999;23.29;23.2999;300
20160119 130700;23.29;23.29;23.28;23.28;600
20160119 131000;23.28;23.28;23.2763;23.28;2300
20160119 131400;23.27;23.27;23.27;23.27;200
20160119 131700;23.243;23.243;23.243;23.243;100
20160119 132200;23.243;23.243;23.243;23.243;500
20160119 132400;23.24;23.24;23.24;23.24;100
20160119 133300;23.2567;23.27;23.2567;23.27;1200
20160119 133400;23.26;23.26;23.26;23.26;100
20160119 133600;23.242;23.242;23.242;23.242;100
20160119 133700;23.252;23.26;23.252;23.26;600
20160119 133800;23.24;23.24;23.24;23.24;300
20160119 133900;23.234;23.234;23.23;23.23;300
20160119 134100;23.234;23.234;23.23;23.23;400
20160119 134300;23.23;23.23;23.2001;23.204;400
20160119 134600;23.183;23.183;23.183;23.183;100
20160119 134800;23.2089;23.2089;23.2089;23.2089;100
20160119 135000;23.192;23.192;23.192;23.192;100
20160119 140500;23.22;23.22;23.22;23.22;100
20160119 141000;23.18;23.18;23.17;23.18;6700
20160119 141400;23.19;23.19;23.19;23.19;100
20160119 141600;23.181;23.19;23.18;23.18;2051
20160119 141700;23.181;23.181;23.18;23.18;700
20160119 142000;23.17;23.17;23.17;23.17;100
20160119 142100;23.16;23.16;23.16;23.16;100
20160119 142200;23.16;23.17;23.16;23.17;200
20160119 142400;23.15;23.152;23.15;23.152;200
20160119 142600;23.154;23.154;23.154;23.154;100
20160119 142800;23.16;23.16;23.16;23.16;100
20160119 143800;23.16;23.16;23.16;23.16;1125
20160119 144100;23.142;23.142;23.14;23.14;200
20160119 144400;23.14;23.14;23.139;23.139;300
20160119 144500;23.13;23.13;23.13;23.13;100
20160119 144600;23.13;23.13;23.13;23.13;127
20160119 144700;23.1299;23.13;23.1299;23.13;700
20160119 145000;23.124;23.124;23.12;23.12;700
20160119 150200;23.12;23.12;23.12;23.12;100
20160119 150800;23.13;23.16;23.13;23.16;300
20160119 151000;23.1758;23.18;23.1758;23.18;3100
20160119 152100;23.174;23.174;23.174;23.174;1000
20160119 152400;23.1733;23.19;23.1733;23.19;2551
20160119 152500;23.1911;23.1911;23.19;23.19;200
20160119 152600;23.2;23.2;23.2;23.2;1100
20160119 152900;23.2;23.2;23.2;23.2;100
20160119 153700;23.191;23.2;23.191;23.2;1200
20160119 154000;23.2;23.2;23.2;23.2;801
20160119 154500;23.2;23.2;23.2;23.2;340
20160119 154700;23.2;23.2;23.2;23.2;100
20160119 155100;23.2;23.2;23.2;23.2;1300
20160119 155200;23.2;23.2;23.2;23.2;1396
20160119 155400;23.2;23.2201;23.2;23.2201;1446
20160119 155500;23.25;23.25;23.25;23.25;115
20160119 155600;23.26;23.26;23.26;23.26;100
20160119 155700;23.27;23.28;23.27;23.28;200
20160119 155800;23.26;23.28;23.26;23.28;507
20160119 155900;23.26;23.26;23.26;23.26;100
20160119 160000;23.23;23.23;23.23;23.23;104
20160120 093100;23.1094;23.1094;23.1094;23.1094;530
20160120 093400;23.1;23.1;23.1;23.1;100
20160120 093500;23.11;23.11;23.11;23.11;108
20160120 094500;23.06;23.06;23.06;23.06;300
20160120 094600;23.01;23.01;23;23;600
20160120 094800;23.04;23.05;23.04;23.05;360
20160120 094900;23.03;23.03;23.03;23.03;215
20160120 095300;23.03;23.07;23.03;23.06;1700
20160120 095400;23.04;23.04;23.04;23.04;100
20160120 095500;23.01;23.01;23.01;23.01;1400
20160120 095600;23.02;23.02;23;23;1508
20160120 095700;22.9566;22.9566;22.9566;22.9566;200
20160120 095900;22.94;22.94;22.9;22.92;1000
20160120 100500;22.9001;22.9001;22.9001;22.9001;453
20160120 100600;22.9;22.9;22.9;22.9;300
20160120 100800;22.9;22.9;22.9;22.9;118
20160120 101000;22.915;22.915;22.915;22.915;100
20160120 101400;22.952;22.952;22.952;22.952;1000
20160120 101500;22.9232;22.96;22.9232;22.96;1100
20160120 102100;22.96;22.96;22.96;22.96;100
20160120 102200;22.962;22.962;22.962;22.962;100
20160120 102300;22.9785;22.9785;22.95;22.95;500
20160120 102500;22.91;22.91;22.9;22.9;200
20160120 102600;22.91;22.91;22.91;22.91;300
20160120 102700;22.91;22.92;22.91;22.92;350
20160120 102900;22.9;22.9;22.9;22.9;200
20160120 103000;22.87;22.87;22.87;22.87;100
20160120 103100;22.8688;22.8688;22.8688;22.8688;100
20160120 103300;22.865;22.865;22.865;22.865;200
20160120 103400;22.8601;22.8601;22.8601;22.8601;400
20160120 103500;22.8632;22.8632;22.8632;22.8632;700
20160120 104000;22.86;22.86;22.8399;22.8399;1400
20160120 104100;22.83;22.85;22.83;22.85;800
20160120 104300;22.737;22.737;22.737;22.737;200
20160120 104400;22.737;22.737;22.737;22.737;200
20160120 104500;22.745;22.75;22.745;22.75;400
20160120 105100;22.77;22.78;22.77;22.78;288
20160120 105200;22.7701;22.79;22.77;22.79;700
20160120 105600;22.772;22.772;22.76;22.76;400
20160120 105700;22.76;22.763;22.76;22.763;400
20160120 105900;22.76;22.781;22.76;22.76;400
20160120 110200;22.79;22.79;22.76;22.76;413
20160120 110300;22.76;22.76;22.75;22.75;1850
20160120 110400;22.75;22.75;22.75;22.75;200
20160120 110500;22.7737;22.7737;22.7737;22.7737;100
20160120 111000;22.79;22.7992;22.79;22.7992;200
20160120 111700;22.9;22.9;22.9;22.9;100
20160120 111800;22.847;22.847;22.847;22.847;200
20160120 111900;22.847;22.856;22.847;22.856;400
20160120 112000;22.8878;22.8878;22.85;22.85;500
20160120 112100;22.85;22.8501;22.75;22.75;4068
20160120 112200;22.79;22.79;22.79;22.79;100
20160120 112900;22.85;22.85;22.85;22.85;100
20160120 113400;22.84;22.84;22.84;22.84;100
20160120 113700;22.81;22.813;22.794;22.813;900
20160120 113800;22.81;22.81;22.81;22.81;100
20160120 114900;22.83;22.83;22.83;22.83;100
20160120 115000;22.787;22.787;22.787;22.787;102
20160120 115200;22.8001;22.8001;22.8001;22.8001;100
20160120 115400;22.81;22.81;22.8;22.8;7100
20160120 115900;22.7575;22.7575;22.7575;22.7575;102
20160120 120000;22.7836;22.7836;22.7836;22.7836;400
20160120 120200;22.77;22.777;22.77;22.777;639
20160120 120600;22.75;22.75;22.75;22.75;2902
20160120 121400;22.72;22.72;22.6507;22.7;1088
20160120 121500;22.69;22.69;22.69;22.69;100
20160120 121600;22.6657;22.6674;22.6657;22.6674;632
20160120 122400;22.641;22.69;22.63;22.6408;3410
20160120 123500;22.6312;22.6312;22.6312;22.6312;500
20160120 123600;22.64;22.68;22.64;22.68;1155
20160120 124700;22.69;22.69;22.69;22.69;100
20160120 124800;22.69;22.69;22.69;22.69;100
20160120 124900;22.68;22.681;22.68;22.681;1100
20160120 125100;22.68;22.68;22.67;22.67;200
20160120 125400;22.7;22.7;22.7;22.7;100
20160120 125500;22.7;22.7;22.7;22.7;1400
20160120 125600;22.77;22.77;22.77;22.77;100
20160120 125700;22.76;22.79;22.76;22.79;200
20160120 125900;22.79;22.79;22.79;22.79;100
20160120 130100;22.87;22.87;22.87;22.87;100
20160120 130400;22.807;22.86;22.807;22.82;800
20160120 130700;22.82;22.82;22.775;22.775;1600
20160120 130800;22.77;22.77;22.71;22.71;4800
20160120 131700;22.72;22.72;22.72;22.72;200
20160120 131900;22.6907;22.76;22.6907;22.76;800
20160120 132400;22.76;22.76;22.76;22.76;100
20160120 132700;22.77;22.77;22.77;22.77;100
20160120 132900;22.77;22.77;22.77;22.77;900
20160120 133000;22.8;22.8;22.8;22.8;100
20160120 133200;22.84;22.84;22.84;22.84;100
20160120 133300;22.85;22.85;22.85;22.85;100
20160120 133400;22.89;22.89;22.89;22.89;100
20160120 133600;22.8825;22.8825;22.8825;22.8825;150
20160120 133700;22.88;22.88;22.88;22.88;100
20160120 133900;22.89;22.89;22.89;22.89;100
20160120 134200;22.9;22.9;22.896;22.8989;1600
20160120 134400;22.9;22.9;22.9;22.9;100
20160120 134600;22.9;22.99;22.9;22.94;3182
20160120 134700;22.862;22.862;22.844;22.862;950
20160120 134900;22.9585;22.959;22.9585;22.9585;1300
20160120 135400;23;23;22.98;22.98;600
20160120 135800;22.97;23;22.96;23;1525
20160120 140000;23;23;23;23;100
20160120 140200;23;23;23;23;100
20160120 140400;23;23;23;23;100
20160120 140600;23;23.01;23;23.01;1343
20160120 140700;23;23.0099;23;23.0099;400
20160120 140800;23.01;23.01;23.01;23.01;100
20160120 140900;23.01;23.01;23.01;23.01;200
20160120 141500;23.03;23.03;23.03;23.03;100
20160120 141600;23.03;23.04;23.03;23.04;200
20160120 141900;23.03;23.03;23.02;23.022;500
20160120 142100;23.03;23.03;23.0246;23.0246;600
20160120 142300;23.04;23.04;23.04;23.04;200
20160120 142400;23.04;23.04;23.04;23.04;100
20160120 142500;23.09;23.09;23.09;23.09;100
20160120 142700;23.06;23.06;23.06;23.06;100
20160120 142800;23.07;23.07;23.07;23.07;100
20160120 142900;23.07;23.07;23.01;23.01;1100
20160120 143000;23;23;23;23;200
20160120 143200;22.98;22.98;22.98;22.98;700
20160120 143400;22.96;22.96;22.95;22.95;300
20160120 144200;22.95;22.95;22.9403;22.9403;825
20160120 144400;22.95;22.95;22.95;22.95;100
20160120 144500;22.9599;22.96;22.9599;22.96;500
20160120 144700;22.94;22.94;22.94;22.94;100
20160120 144900;22.95;22.95;22.95;22.95;100
20160120 145000;22.9445;22.9445;22.9445;22.9445;500
20160120 145100;22.93;22.95;22.93;22.932;1200
20160120 145400;22.95;22.95;22.945;22.95;950
20160120 145600;22.96;22.96;22.96;22.96;100
20160120 145700;22.98;22.98;22.98;22.98;100
20160120 145800;22.99;22.99;22.99;22.99;100
20160120 150000;22.99;22.99;22.99;22.99;100
20160120 150200;23;23;22.9913;22.9913;380
20160120 150300;22.98;22.994;22.957;22.994;1749
20160120 150900;22.95;22.95;22.95;22.95;700
20160120 151000;22.94;22.94;22.91;22.91;600
20160120 151100;22.915;22.93;22.915;22.9292;1000
20160120 151300;22.95;22.95;22.95;22.95;100
20160120 151600;22.945;22.9592;22.94;22.9592;2500
20160120 151800;22.96;22.97;22.94;22.94;3482
20160120 152000;22.96;22.98;22.96;22.9692;1200
20160120 152200;22.96;23.06;22.96;23.06;1200
20160120 152400;23.0274;23.0274;23.0274;23.0274;2500
20160120 152500;23.03;23.06;23.02;23.06;1200
20160120 152600;23.05;23.05;23.05;23.05;100
20160120 152700;23.04;23.04;23.04;23.04;400
20160120 152900;23.041;23.041;23.041;23.041;100
20160120 153500;23.05;23.05;23.04;23.04;1210
20160120 154100;23.05;23.08;23.05;23.08;900
20160120 154600;23.07;23.08;23.06;23.06;948
20160120 155200;23.02;23.02;23.02;23.02;100
20160120 155400;23.04;23.04;23.04;23.04;100
20160120 155500;23.03;23.05;23.03;23.05;500
20160120 155800;23.05;23.05;23.03;23.03;1200
20160120 160000;22.95;22.97;22.95;22.95;419
20160121 093600;22.999;23;22.9985;23;1150
20160121 094000;23.04;23.05;23.04;23.05;1179
20160121 094300;23.0425;23.0425;23.0425;23.0425;200
20160121 094700;23;23;22.99;22.99;400
20160121 094800;22.994;22.994;22.99;22.99;1400
20160121 095500;22.93;22.93;22.93;22.93;169
20160121 095700;22.9683;22.985;22.9683;22.985;600
20160121 100100;22.98;23.0025;22.98;23;800
20160121 100200;23;23;23;23;300
20160121 100600;23.06;23.06;23.06;23.06;700
20160121 101200;23.07;23.07;23.01;23.07;1300
20160121 101600;23.05;23.05;23.05;23.05;100
20160121 102000;23.0331;23.1;23.0331;23.1;550
20160121 102900;23.0201;23.0487;23.0201;23.0487;510
20160121 104000;23.04;23.04;23.04;23.04;100
20160121 104400;23.05;23.05;23.05;23.05;100
20160121 105700;23.05;23.05;23.05;23.05;500
20160121 105800;23.0611;23.08;23.0611;23.08;720
20160121 110700;23.0768;23.0768;23.0768;23.0768;500
20160121 110800;23.08;23.19;23.08;23.19;2231
20160121 110900;23.19;23.19;23.19;23.19;100
20160121 111000;23.166;23.22;23.15;23.15;1100
20160121 111300;23.094;23.16;23.094;23.16;300
20160121 111400;23.13;23.17;23.13;23.17;200
20160121 111500;23.1133;23.19;23.1133;23.19;600
20160121 112300;23.172;23.172;23.16;23.16;200
20160121 112500;23.1399;23.17;23.1399;23.17;600
20160121 113400;23.1242;23.19;23.1242;23.19;900
20160121 114000;23.124;23.128;23.124;23.128;1350
20160121 114100;23.19;23.19;23.19;23.19;196
20160121 114300;23.13;23.15;23.12;23.12;500
20160121 115000;23.11;23.14;23.11;23.14;300
20160121 120200;23.18;23.18;23.18;23.18;100
20160121 120300;23.18;23.18;23.18;23.18;100
20160121 120600;23.2063;23.2063;23.2063;23.2063;215
20160121 120900;23.18;23.18;23.18;23.18;100
20160121 121900;23.164;23.1642;23.164;23.1642;200
20160121 122400;23.1605;23.1605;23.1605;23.1605;200
20160121 122900;23.2002;23.2002;23.2002;23.2002;150
20160121 123500;23.22;23.22;23.22;23.22;100
20160121 125300;23.198;23.198;23.18;23.18;330
20160121 125500;23.1606;23.1606;23.1606;23.1606;415
20160121 125600;23.13;23.13;23.13;23.13;100
20160121 130300;23.17;23.17;23.17;23.17;500
20160121 131800;23.114;23.114;23.114;23.114;365
20160121 132000;23.1419;23.1419;23.1419;23.1419;430
20160121 132200;23.108;23.108;23.108;23.108;132
20160121 132600;23.115;23.15;23.115;23.15;1500
20160121 132900;23.15;23.15;23.15;23.15;300
20160121 133400;23.15;23.15;23.15;23.15;200
20160121 135100;23.1634;23.1634;23.1634;23.1634;1079
20160121 135200;23.166;23.166;23.166;23.166;250
20160121 135400;23.15;23.15;23.15;23.15;400
20160121 135600;23.1624;23.1624;23.1624;23.1624;600
20160121 135700;23.1619;23.1619;23.1619;23.1619;100
20160121 140300;23.18;23.18;23.18;23.18;100
20160121 140500;23.1644;23.1644;23.1644;23.1644;100
20160121 140600;23.17;23.18;23.17;23.18;200
20160121 140800;23.17;23.17;23.16;23.16;600
20160121 141200;23.14;23.15;23.14;23.14;400
20160121 142200;23.12;23.12;23.12;23.12;100
20160121 142800;23.09;23.09;23.07;23.07;2030
20160121 142900;23.07;23.07;23.07;23.07;100
20160121 143200;23.08;23.08;23.08;23.08;308
20160121 143300;23.1;23.1;23.09;23.09;307
20160121 144400;23.09;23.09;23.09;23.09;100
20160121 144500;23.09;23.09;23.09;23.09;100
20160121 145700;23.1;23.1;23.1;23.1;494
20160121 150500;23.1;23.1;23.1;23.1;200
20160121 151400;23.1;23.1;23.1;23.1;600
20160121 151600;23.1;23.1;23.1;23.1;300
20160121 152300;23.1;23.1;23.1;23.1;300
20160121 152700;23.1;23.1;23.1;23.1;200
20160121 153300;23.1;23.1;23.0999;23.1;1300
20160121 153400;23.1;23.1;23.1;23.1;1040
20160121 154000;23.12;23.16;23.115;23.12;3731
20160121 154200;23.1491;23.1491;23.1491;23.1491;500
20160121 154500;23.16;23.16;23.1;23.1;2120
20160121 154900;23.1;23.1;23.06;23.06;1229
20160121 155000;23.084;23.084;23.084;23.084;432
20160121 155300;23.1;23.1;23.1;23.1;100
20160121 155400;23.09;23.15;23.08;23.1099;4168
20160121 155800;23.13;23.14;23.13;23.14;300
20160121 155900;23.14;23.14;23.13;23.13;313
20160121 160000;23.1099;23.11;23.1;23.1;1100
20160122 093200;23.21;23.21;23.2;23.2;365
20160122 093300;23.18;23.18;23.18;23.18;100
20160122 093400;23.17;23.17;23.17;23.17;129
20160122 093500;23.18;23.195;23.18;23.195;700
20160122 093600;23.17;23.17;23.17;23.17;100
20160122 093700;23.17;23.17;23.15;23.15;600
20160122 093900;23.14;23.15;23.14;23.15;2500
20160122 094000;23.15;23.15;23.15;23.15;100
20160122 094200;23.145;23.167;23.145;23.167;1500
20160122 094400;23.15;23.15;23.15;23.15;100
20160122 094500;23.15;23.16;23.15;23.16;200
20160122 094700;23.16;23.16;23.16;23.16;200
20160122 094800;23.1542;23.17;23.14;23.158;2425
20160122 094900;23.16;23.16;23.16;23.16;300
20160122 095100;23.17;23.18;23.17;23.18;200
20160122 095300;23.17;23.17;23.17;23.17;100
20160122 095400;23.17;23.25;23.17;23.25;4000
20160122 095500;23.2464;23.2464;23.2464;23.2464;1000
20160122 095800;23.22;23.2397;23.205;23.23;1015
20160122 100100;23.2625;23.2625;23.21;23.21;400
20160122 100300;23.21;23.21;23.21;23.21;100
20160122 100400;23.2;23.2;23.2;23.2;100
20160122 100800;23.23;23.23;23.23;23.23;100
20160122 100900;23.23;23.23;23.23;23.23;100
20160122 101000;23.23;23.23;23.23;23.23;200
20160122 101200;23.2;23.209;23.2;23.2013;1022
20160122 101300;23.2;23.2;23.2;23.2;100
20160122 101500;23.2;23.2;23.2;23.2;100
20160122 101700;23.2;23.2;23.2;23.2;100
20160122 102100;23.2;23.2;23.2;23.2;100
20160122 102200;23.19;23.19;23.19;23.19;100
20160122 102800;23.16;23.16;23.15;23.1595;1700
20160122 102900;23.16;23.16;23.16;23.16;330
20160122 103300;23.19;23.19;23.19;23.19;100
20160122 103500;23.19;23.19;23.19;23.19;100
20160122 103600;23.19;23.19;23.19;23.19;100
20160122 103800;23.18;23.18;23.18;23.18;300
20160122 104000;23.16;23.16;23.15;23.15;200
20160122 104100;23.15;23.15;23.15;23.15;100
20160122 104200;23.1599;23.1599;23.1599;23.1599;760
20160122 104300;23.15;23.15;23.15;23.15;100
20160122 104500;23.15;23.15;23.15;23.15;100
20160122 104600;23.15;23.1599;23.15;23.15;1200
20160122 104800;23.15;23.15;23.15;23.15;100
20160122 104900;23.16;23.16;23.15;23.15;200
20160122 105000;23.15;23.16;23.15;23.16;900
20160122 110400;23.16;23.16;23.16;23.16;100
20160122 110500;23.16;23.17;23.16;23.17;300
20160122 110600;23.17;23.17;23.17;23.17;879
20160122 110700;23.14;23.14;23.14;23.14;100
20160122 110800;23.13;23.13;23.13;23.13;2000
20160122 110900;23.13;23.13;23.13;23.13;1500
20160122 111000;23.13;23.13;23.13;23.13;2133
20160122 111200;23.12;23.12;23.12;23.12;100
20160122 111400;23.1;23.1;23.1;23.1;100
20160122 111500;23.11;23.11;23.11;23.11;100
20160122 111700;23.12;23.12;23.12;23.12;100
20160122 111800;23.12;23.12;23.12;23.12;100
20160122 111900;23.13;23.14;23.13;23.14;300
20160122 112000;23.12;23.12;23.12;23.12;100
20160122 112200;23.12;23.12;23.12;23.12;100
20160122 112300;23.12;23.12;23.12;23.12;100
20160122 112500;23.11;23.11;23.11;23.11;100
20160122 112700;23.11;23.11;23.11;23.11;100
20160122 112800;23.1;23.1;23.1;23.1;100
20160122 112900;23.106;23.106;23.106;23.106;100
20160122 113000;23.105;23.11;23.105;23.11;400
20160122 113200;23.11;23.14;23.11;23.14;900
20160122 113300;23.14;23.14;23.14;23.14;300
20160122 113600;23.14;23.14;23.14;23.14;100
20160122 113700;23.16;23.16;23.16;23.16;100
20160122 113900;23.15;23.15;23.15;23.15;100
20160122 114100;23.14;23.14;23.14;23.14;100
20160122 114200;23.156;23.156;23.13;23.13;900
20160122 114300;23.14;23.14;23.14;23.14;100
20160122 114500;23.12;23.12;23.12;23.12;100
20160122 114600;23.12;23.15;23.12;23.15;1100
20160122 114800;23.15;23.15;23.13;23.1412;800
20160122 114900;23.16;23.16;23.16;23.16;200
20160122 115000;23.135;23.14;23.114;23.135;1100
20160122 115100;23.1101;23.14;23.1101;23.14;858
20160122 115800;23.125;23.15;23.125;23.15;300
20160122 120000;23.1446;23.1446;23.1446;23.1446;325
20160122 120200;23.13;23.13;23.13;23.13;2700
20160122 120300;23.13;23.15;23.13;23.15;200
20160122 120500;23.125;23.125;23.125;23.125;500
20160122 120600;23.135;23.15;23.135;23.15;200
20160122 120700;23.15;23.15;23.15;23.15;200
20160122 120800;23.149;23.15;23.149;23.15;1521
20160122 120900;23.15;23.15;23.15;23.15;150
20160122 121000;23.135;23.135;23.12;23.12;500
20160122 121500;23.14;23.14;23.14;23.14;100
20160122 121600;23.15;23.15;23.15;23.15;700
20160122 121700;23.15;23.15;23.15;23.15;100
20160122 121900;23.15;23.15;23.15;23.15;100
20160122 122000;23.21;23.249;23.21;23.249;200
20160122 122100;23.242;23.259;23.23;23.259;600
20160122 122500;23.26;23.26;23.255;23.255;1200
20160122 122600;23.254;23.26;23.254;23.26;600
20160122 122700;23.2599;23.2599;23.255;23.255;600
20160122 122800;23.255;23.256;23.255;23.255;1200
20160122 122900;23.26;23.26;23.2509;23.26;400
20160122 123000;23.26;23.26;23.255;23.255;663
20160122 123100;23.255;23.256;23.25;23.256;500
20160122 123200;23.245;23.26;23.245;23.26;200
20160122 123300;23.26;23.26;23.26;23.26;100
20160122 123400;23.26;23.26;23.26;23.26;400
20160122 124600;23.2609;23.2609;23.235;23.235;900
20160122 124700;23.2539;23.259;23.2539;23.259;1100
20160122 125000;23.2635;23.27;23.2635;23.2635;1000
20160122 125100;23.269;23.269;23.269;23.269;100
20160122 130000;23.26;23.26;23.26;23.26;100
20160122 130500;23.25;23.26;23.2469;23.2469;1900
20160122 131100;23.26;23.26;23.26;23.26;100
20160122 131800;23.24;23.25;23.24;23.24;800
20160122 134300;23.23;23.233;23.23;23.233;200
20160122 134400;23.26;23.27;23.26;23.27;403
20160122 134500;23.2627;23.27;23.2627;23.27;580
20160122 134900;23.27;23.28;23.27;23.28;1600
20160122 135100;23.33;23.33;23.3093;23.3093;1100
20160122 135300;23.3299;23.33;23.3088;23.3088;2323
20160122 135700;23.315;23.33;23.315;23.33;500
20160122 140400;23.33;23.33;23.33;23.33;521
20160122 141200;23.38;23.38;23.38;23.38;378
20160122 141400;23.38;23.38;23.38;23.38;322
20160122 141700;23.41;23.41;23.39;23.39;1800
20160122 142000;23.4;23.4;23.4;23.4;100
20160122 142100;23.4;23.4;23.4;23.4;400
20160122 142200;23.4;23.4;23.38;23.38;700
20160122 142300;23.39;23.39;23.39;23.39;200
20160122 142700;23.4;23.4;23.4;23.4;200
20160122 143400;23.394;23.394;23.394;23.394;240
20160122 143500;23.39;23.39;23.39;23.39;100
20160122 143600;23.4;23.4;23.4;23.4;100
20160122 143700;23.39;23.39;23.39;23.39;158
20160122 143800;23.39;23.39;23.39;23.39;200
20160122 143900;23.39;23.39;23.39;23.39;200
20160122 144200;23.39;23.39;23.39;23.39;1000
20160122 144300;23.39;23.39;23.39;23.39;1000
20160122 144700;23.39;23.3941;23.39;23.3941;1400
20160122 144900;23.394;23.397;23.394;23.397;500
20160122 145000;23.39;23.39;23.39;23.39;200
20160122 145100;23.4;23.41;23.4;23.4;2173
20160122 145200;23.4042;23.4042;23.401;23.401;1100
20160122 150000;23.404;23.404;23.404;23.404;100
20160122 150200;23.41;23.41;23.4;23.4;1055
20160122 150700;23.41;23.41;23.4;23.4;300
20160122 151200;23.4;23.4;23.38;23.38;900
20160122 151400;23.38;23.38;23.38;23.38;100
20160122 151500;23.39;23.39;23.39;23.39;100
20160122 151700;23.39;23.39;23.39;23.39;100
20160122 152200;23.3999;23.4;23.3999;23.4;1500
20160122 152300;23.3696;23.3696;23.3696;23.3696;110
20160122 152600;23.4;23.4;23.4;23.4;500
20160122 152700;23.3948;23.3948;23.3948;23.3948;100
20160122 154000;23.4;23.4;23.4;23.4;819
20160122 154500;23.4;23.4;23.4;23.4;100
20160122 154700;23.4;23.4;23.4;23.4;100
20160122 154900;23.4;23.4;23.4;23.4;100
20160122 155100;23.41;23.41;23.4;23.4;200
20160122 155300;23.4;23.4;23.4;23.4;100
20160122 155400;23.4025;23.41;23.4025;23.41;852
20160122 155500;23.4184;23.5;23.4184;23.492;1200
20160122 155600;23.4852;23.5;23.474;23.5;1004
20160122 155900;23.48;23.48;23.48;23.48;779
20160122 160000;23.46;23.46;23.45;23.45;200
20160125 101000;23.4;23.4;23.4;23.4;388
20160125 101800;23.38;23.39;23.3794;23.3794;625
20160125 102100;23.39;23.397;23.39;23.397;200
20160125 102300;23.3861;23.397;23.3861;23.397;1382
20160125 102600;23.3801;23.4;23.3801;23.4;3000
20160125 103800;23.395;23.395;23.395;23.395;100
20160125 104000;23.4;23.4;23.4;23.4;100
20160125 104200;23.39;23.39;23.39;23.39;100
20160125 104500;23.3604;23.3604;23.3604;23.3604;1300
20160125 105500;23.38;23.38;23.37;23.37;700
20160125 110100;23.3699;23.3699;23.3699;23.3699;100
20160125 110300;23.37;23.37;23.35;23.35;900
20160125 110400;23.33;23.33;23.33;23.33;200
20160125 110700;23.334;23.334;23.334;23.334;500
20160125 110900;23.31;23.31;23.31;23.31;380
20160125 111700;23.2601;23.2601;23.2601;23.2601;500
20160125 112000;23.2958;23.2958;23.294;23.294;700
20160125 112100;23.2999;23.3;23.25;23.25;1400
20160125 112200;23.29;23.29;23.29;23.29;100
20160125 113500;23.284;23.284;23.284;23.284;575
20160125 113900;23.2676;23.2676;23.2676;23.2676;855
20160125 114200;23.26;23.26;23.26;23.26;110
20160125 115000;23.261;23.261;23.26;23.26;700
20160125 115400;23.26;23.26;23.259;23.259;400
20160125 115800;23.259;23.26;23.259;23.26;1300
20160125 115900;23.2599;23.26;23.2599;23.26;600
20160125 120000;23.27;23.276;23.27;23.276;1065
20160125 120500;23.266;23.266;23.266;23.266;500
20160125 121200;23.27;23.276;23.27;23.276;550
20160125 121400;23.27;23.27;23.27;23.27;700
20160125 121500;23.276;23.276;23.276;23.276;800
20160125 122800;23.27;23.27;23.27;23.27;700
20160125 122900;23.28;23.28;23.28;23.28;101
20160125 123200;23.2867;23.2867;23.2867;23.2867;1000
20160125 123400;23.29;23.29;23.29;23.29;100
20160125 123700;23.2899;23.2899;23.2899;23.2899;500
20160125 123900;23.285;23.2899;23.285;23.285;2000
20160125 124100;23.2888;23.29;23.284;23.284;1812
20160125 124400;23.285;23.2867;23.285;23.2867;1100
20160125 124600;23.2878;23.2878;23.2878;23.2878;500
20160125 125000;23.285;23.285;23.285;23.285;100
20160125 125100;23.2855;23.29;23.285;23.29;960
20160125 125300;23.2823;23.2823;23.2823;23.2823;100
20160125 125700;23.285;23.285;23.285;23.285;100
20160125 130200;23.29;23.29;23.29;23.29;430
20160125 130500;23.29;23.31;23.29;23.31;594
20160125 130600;23.31;23.31;23.31;23.31;200
20160125 130700;23.31;23.31;23.31;23.31;200
20160125 130900;23.3;23.3001;23.3;23.3001;785
20160125 131200;23.31;23.31;23.31;23.31;100
20160125 131800;23.31;23.31;23.31;23.31;200
20160125 132200;23.2968;23.2968;23.2968;23.2968;479
20160125 132300;23.3007;23.3007;23.3007;23.3007;800
20160125 132500;23.31;23.31;23.31;23.31;500
20160125 132600;23.32;23.32;23.32;23.32;100
20160125 133200;23.311;23.311;23.311;23.311;1200
20160125 135000;23.32;23.32;23.32;23.32;300
20160125 141100;23.311;23.311;23.311;23.311;150
20160125 142600;23.31;23.3132;23.28;23.3;2000
20160125 142900;23.285;23.285;23.285;23.285;100
20160125 143000;23.285;23.3;23.285;23.29;400
20160125 143600;23.29;23.29;23.29;23.29;100
20160125 144600;23.31;23.31;23.31;23.31;242
20160125 144700;23.32;23.32;23.32;23.32;100
20160125 144800;23.3284;23.3284;23.31;23.31;858
20160125 145700;23.2933;23.2933;23.2933;23.2933;525
20160125 150300;23.3;23.31;23.295;23.31;1800
20160125 150400;23.306;23.31;23.306;23.31;500
20160125 151000;23.3;23.3;23.3;23.3;500
20160125 151100;23.2925;23.2925;23.2925;23.2925;200
20160125 151500;23.299;23.299;23.299;23.299;600
20160125 152100;23.2925;23.2925;23.2925;23.2925;100
20160125 152200;23.3;23.3299;23.2975;23.3299;1600
20160125 152300;23.3138;23.3138;23.3138;23.3138;500
20160125 152500;23.31;23.31;23.31;23.31;200
20160125 152600;23.301;23.31;23.3;23.3;3700
20160125 152700;23.27;23.3;23.27;23.29;1300
20160125 152800;23.27;23.2701;23.25;23.27;2600
20160125 153500;23.24;23.24;23.24;23.24;200
20160125 154200;23.25;23.25;23.25;23.25;100
20160125 155600;23.27;23.27;23.27;23.27;100
20160125 160000;23.265;23.27;23.2133;23.2133;1001
20160126 093500;23.32;23.32;23.32;23.32;100
20160126 094700;23.32;23.32;23.32;23.32;984
20160126 094900;23.3;23.3;23.3;23.3;400
20160126 095900;23.29;23.29;23.29;23.29;100
20160126 100400;23.3;23.3;23.3;23.3;300
20160126 101200;23.325;23.325;23.325;23.325;100
20160126 101400;23.34;23.34;23.34;23.34;250
20160126 101800;23.3324;23.34;23.325;23.34;600
20160126 101900;23.33;23.35;23.33;23.35;300
20160126 102000;23.3478;23.3478;23.3478;23.3478;105
20160126 102100;23.34;23.34;23.34;23.34;100
20160126 102200;23.3475;23.3475;23.34;23.34;200
20160126 102400;23.33;23.3315;23.33;23.331;2310
20160126 102500;23.33;23.33;23.33;23.33;200
20160126 102800;23.3;23.3;23.3;23.3;100
20160126 102900;23.3015;23.305;23.3;23.305;500
20160126 104200;23.3;23.3;23.3;23.3;812
20160126 104400;23.3;23.3;23.3;23.3;500
20160126 104500;23.3;23.3;23.3;23.3;1100
20160126 104600;23.2962;23.308;23.281;23.281;2620
20160126 104700;23.3;23.3;23.3;23.3;100
20160126 104800;23.3;23.3099;23.3;23.3;600
20160126 105000;23.308;23.308;23.308;23.308;200
20160126 105100;23.29;23.29;23.29;23.29;100
20160126 105400;23.3;23.3;23.2947;23.2947;1057
20160126 110000;23.29;23.29;23.27;23.27;300
20160126 110300;23.2967;23.2967;23.2967;23.2967;171
20160126 110700;23.292;23.292;23.292;23.292;622
20160126 111000;23.2822;23.2822;23.2822;23.2822;200
20160126 111300;23.2914;23.2914;23.2914;23.2914;100
20160126 111900;23.283;23.283;23.27;23.27;1384
20160126 112000;23.29;23.29;23.29;23.29;200
20160126 112200;23.29;23.29;23.29;23.29;100
20160126 112300;23.2745;23.2745;23.271;23.2715;460
20160126 112600;23.27;23.2879;23.27;23.2879;500
20160126 112700;23.285;23.285;23.285;23.285;300
20160126 112800;23.3;23.3;23.2999;23.2999;2000
20160126 113000;23.285;23.3;23.285;23.2905;1500
20160126 113700;23.2892;23.2892;23.2892;23.2892;1000
20160126 114300;23.28;23.284;23.28;23.2802;628
20160126 114600;23.283;23.283;23.283;23.283;300
20160126 114900;23.283;23.2844;23.283;23.2844;1300
20160126 115000;23.28;23.28;23.27;23.28;1286
20160126 115100;23.29;23.29;23.29;23.29;100
20160126 115300;23.2701;23.2701;23.2701;23.2701;300
20160126 115700;23.297;23.297;23.297;23.297;200
20160126 115900;23.279;23.279;23.279;23.279;300
20160126 120100;23.2814;23.2814;23.2814;23.2814;200
20160126 120400;23.298;23.298;23.298;23.298;100
20160126 121200;23.28;23.28;23.28;23.28;200
20160126 122000;23.3;23.3;23.2915;23.3;1800
20160126 122100;23.3;23.3;23.3;23.3;500
20160126 122600;23.2915;23.2915;23.2915;23.2915;350
20160126 123300;23.299;23.3;23.299;23.3;2300
20160126 123500;23.3;23.32;23.3;23.32;2395
20160126 123800;23.3315;23.3315;23.3315;23.3315;400
20160126 124100;23.3367;23.3367;23.3367;23.3367;1051
20160126 124600;23.34;23.34;23.34;23.34;100
20160126 124900;23.3454;23.3454;23.3454;23.3454;570
20160126 125000;23.339;23.339;23.339;23.339;260
20160126 125600;23.355;23.355;23.35;23.3515;1040
20160126 125700;23.355;23.355;23.355;23.355;100
20160126 130400;23.35;23.35;23.35;23.35;120
20160126 130800;23.36;23.36;23.35;23.35;850
20160126 131100;23.35;23.35;23.35;23.35;396
20160126 131200;23.356;23.356;23.356;23.356;400
20160126 131500;23.37;23.38;23.37;23.375;600
20160126 131600;23.3701;23.3799;23.3701;23.3799;800
20160126 131700;23.37;23.37;23.37;23.37;300
20160126 131800;23.3651;23.3651;23.3651;23.3651;250
20160126 132100;23.368;23.368;23.368;23.368;500
20160126 132200;23.3651;23.3651;23.3651;23.3651;200
20160126 132500;23.37;23.37;23.37;23.37;100
20160126 132700;23.363;23.375;23.363;23.375;450
20160126 132900;23.37;23.37;23.37;23.37;100
20160126 133000;23.37;23.37;23.37;23.37;500
20160126 133400;23.3799;23.3799;23.3799;23.3799;500
20160126 133800;23.38;23.38;23.38;23.38;793
20160126 134000;23.376;23.376;23.376;23.376;100
20160126 134100;23.3914;23.3914;23.374;23.374;700
20160126 134400;23.3999;23.4;23.3999;23.3999;700
20160126 134500;23.38;23.38;23.37;23.37;300
20160126 134700;23.346;23.346;23.346;23.346;200
20160126 135200;23.3545;23.3545;23.3545;23.3545;300
20160126 135700;23.37;23.37;23.35;23.35;400
20160126 135800;23.35;23.35;23.35;23.35;401
20160126 140100;23.34;23.34;23.34;23.34;300
20160126 140700;23.3;23.3;23.3;23.3;200
20160126 140800;23.325;23.325;23.32;23.325;300
20160126 140900;23.3212;23.3212;23.3212;23.3212;100
20160126 141400;23.33;23.33;23.33;23.33;107
20160126 141500;23.3212;23.3212;23.3212;23.3212;400
20160126 141600;23.325;23.34;23.3;23.3245;1700
20160126 141700;23.35;23.35;23.35;23.35;2500
20160126 141800;23.332;23.332;23.332;23.332;107
20160126 141900;23.35;23.35;23.3437;23.3437;230
20160126 142300;23.35;23.35;23.35;23.35;1380
20160126 142400;23.3401;23.3401;23.3401;23.3401;750
20160126 142500;23.3401;23.35;23.3401;23.35;850
20160126 142600;23.345;23.35;23.3415;23.35;920
20160126 142800;23.34;23.34;23.34;23.34;200
20160126 143000;23.3449;23.3449;23.29;23.29;2800
20160126 145200;23.32;23.32;23.32;23.32;200
20160126 145300;23.32;23.3229;23.32;23.3229;505
20160126 145500;23.34;23.34;23.34;23.34;400
20160126 145900;23.313;23.313;23.31;23.31;400
20160126 150500;23.34;23.34;23.34;23.34;1000
20160126 151000;23.3247;23.3247;23.3247;23.3247;250
20160126 151600;23.33;23.34;23.3237;23.3237;1400
20160126 151900;23.34;23.34;23.338;23.338;1100
20160126 152100;23.33;23.33;23.33;23.33;100
20160126 152200;23.32;23.32;23.32;23.32;100
20160126 152300;23.321;23.325;23.321;23.325;600
20160126 152600;23.325;23.3259;23.325;23.3259;300
20160126 152900;23.32;23.32;23.32;23.32;100
20160126 153200;23.321;23.321;23.31;23.31;800
20160126 153600;23.315;23.315;23.3115;23.315;700
20160126 153700;23.3141;23.3141;23.3141;23.3141;500
20160126 154500;23.3101;23.3101;23.31;23.31;1500
20160126 154700;23.32;23.32;23.32;23.32;700
20160126 155100;23.312;23.33;23.31;23.31;2000
20160126 155200;23.325;23.325;23.32;23.32;200
20160126 155300;23.311;23.325;23.31;23.32;2930
20160126 155400;23.3015;23.3015;23.3;23.3;700
20160126 155600;23.3;23.31;23.29;23.29;760
20160126 155700;23.28;23.29;23.27;23.27;1670
20160126 155800;23.2737;23.28;23.2737;23.28;1100
20160126 155900;23.28;23.28;23.27;23.27;1384
20160126 160000;23.26;23.28;23.26;23.28;1706
20160127 093600;23.29;23.29;23.29;23.29;100
20160127 093800;23.28;23.28;23.28;23.28;100
20160127 094200;23.28;23.28;23.28;23.28;100
20160127 094300;23.3;23.3;23.28;23.28;200
20160127 095100;23.313;23.313;23.313;23.313;200
20160127 095200;23.331;23.331;23.331;23.331;825
20160127 095400;23.33;23.33;23.33;23.33;100
20160127 095500;23.32;23.32;23.32;23.32;100
20160127 095800;23.31;23.31;23.31;23.31;100
20160127 100400;23.3;23.3;23.3;23.3;600
20160127 100900;23.31;23.31;23.31;23.31;200
20160127 101000;23.31;23.31;23.31;23.31;340
20160127 101300;23.31;23.31;23.31;23.31;100
20160127 101400;23.32;23.32;23.32;23.32;120
20160127 101700;23.3;23.3;23.3;23.3;200
20160127 102300;23.31;23.31;23.31;23.31;100
20160127 102500;23.3063;23.3063;23.3063;23.3063;300
20160127 103900;23.31;23.31;23.31;23.31;200
20160127 104300;23.31;23.31;23.31;23.31;100
20160127 104400;23.3;23.3032;23.3;23.3032;1443
20160127 105300;23.3;23.3;23.3;23.3;100
20160127 105900;23.283;23.283;23.283;23.283;500
20160127 111200;23.296;23.3028;23.296;23.3028;516
20160127 111300;23.2845;23.2845;23.283;23.283;640
20160127 111600;23.2994;23.2994;23.2994;23.2994;150
20160127 112100;23.3;23.3;23.3;23.3;100
20160127 112300;23.293;23.293;23.293;23.293;150
20160127 112400;23.3;23.3;23.3;23.3;100
20160127 112500;23.293;23.293;23.293;23.293;110
20160127 112800;23.2914;23.2914;23.2914;23.2914;100
20160127 112900;23.2964;23.2964;23.2964;23.2964;200
20160127 113300;23.302;23.302;23.302;23.302;500
20160127 113400;23.3;23.3;23.3;23.3;100
20160127 113500;23.31;23.31;23.31;23.31;1087
20160127 113600;23.33;23.33;23.33;23.33;100
20160127 113900;23.31;23.31;23.31;23.31;100
20160127 114000;23.314;23.314;23.314;23.314;600
20160127 114400;23.3064;23.3064;23.3064;23.3064;140
20160127 115000;23.3097;23.3097;23.3097;23.3097;150
20160127 120100;23.3159;23.32;23.315;23.32;950
20160127 120200;23.31;23.31;23.31;23.31;100
20160127 120300;23.303;23.303;23.303;23.303;150
20160127 120500;23.31;23.31;23.306;23.306;250
20160127 120700;23.303;23.303;23.303;23.303;150
20160127 122100;23.302;23.302;23.302;23.302;400
20160127 122300;23.31;23.31;23.31;23.31;100
20160127 122500;23.32;23.33;23.32;23.3292;1570
20160127 122700;23.32;23.32;23.32;23.32;100
20160127 123600;23.3164;23.33;23.3164;23.33;800
20160127 123800;23.32;23.32;23.32;23.32;100
20160127 124000;23.316;23.316;23.316;23.316;250
20160127 124200;23.3201;23.3201;23.32;23.32;500
20160127 124400;23.3201;23.33;23.3201;23.33;500
20160127 124600;23.32;23.32;23.32;23.32;100
20160127 124800;23.313;23.313;23.313;23.313;400
20160127 125000;23.32;23.32;23.32;23.32;100
20160127 125100;23.3201;23.3201;23.3201;23.3201;100
20160127 125200;23.3164;23.3164;23.3164;23.3164;350
20160127 125400;23.32;23.32;23.32;23.32;100
20160127 125500;23.32;23.328;23.32;23.328;200
20160127 125600;23.31;23.31;23.31;23.31;350
20160127 130000;23.313;23.33;23.313;23.33;550
20160127 131100;23.32;23.32;23.32;23.32;200
20160127 131200;23.3153;23.32;23.315;23.315;500
20160127 132000;23.31;23.31;23.31;23.31;100
20160127 132100;23.276;23.28;23.27;23.28;350
20160127 132200;23.2639;23.2639;23.2639;23.2639;2000
20160127 132400;23.27;23.27;23.27;23.27;300
20160127 132600;23.275;23.275;23.26;23.2732;900
20160127 133000;23.2799;23.2799;23.2799;23.2799;128
20160127 133100;23.278;23.278;23.278;23.278;150
20160127 133500;23.278;23.278;23.278;23.278;100
20160127 133800;23.28;23.28;23.2799;23.2799;897
20160127 133900;23.31;23.31;23.273;23.273;1400
20160127 134300;23.32;23.32;23.31;23.31;200
20160127 134900;23.306;23.306;23.306;23.306;100
20160127 135200;23.33;23.33;23.33;23.33;100
20160127 135400;23.3152;23.3152;23.3152;23.3152;150
20160127 140000;23.32;23.32;23.32;23.32;800
20160127 140100;23.31;23.31;23.31;23.31;100
20160127 140500;23.3;23.3;23.29;23.3;1098
20160127 140600;23.31;23.31;23.31;23.31;100
20160127 140700;23.29;23.3;23.29;23.3;300
20160127 140900;23.29;23.3;23.29;23.3;1700
20160127 141100;23.299;23.299;23.299;23.299;150
20160127 141300;23.3;23.3;23.3;23.3;100
20160127 142300;23.32;23.32;23.32;23.32;100
20160127 142500;23.315;23.3175;23.315;23.3175;200
20160127 142600;23.3045;23.3045;23.3045;23.3045;150
20160127 142900;23.3064;23.3064;23.3064;23.3064;100
20160127 143400;23.31;23.31;23.31;23.31;100
20160127 143600;23.3;23.3;23.29;23.29;2000
20160127 144000;23.3;23.3;23.29;23.29;700
20160127 144300;23.3;23.3;23.3;23.3;100
20160127 144600;23.3;23.3;23.3;23.3;100
20160127 145300;23.31;23.31;23.31;23.31;100
20160127 150100;23.31;23.31;23.31;23.31;100
20160127 150300;23.3;23.3;23.3;23.3;300
20160127 150400;23.299;23.299;23.299;23.299;190
20160127 150500;23.29;23.29;23.29;23.29;797
20160127 150600;23.29;23.3;23.29;23.3;7202
20160127 150700;23.278;23.278;23.278;23.278;215
20160127 150800;23.2899;23.2899;23.2899;23.2899;100
20160127 150900;23.29;23.29;23.29;23.29;100
20160127 151300;23.2676;23.2676;23.2676;23.2676;500
20160127 152000;23.2715;23.2715;23.2715;23.2715;1230
20160127 153600;23.27;23.27;23.27;23.27;300
20160127 153700;23.27;23.27;23.27;23.27;584
20160127 154100;23.27;23.27;23.265;23.2692;600
20160127 155100;23.27;23.27;23.27;23.27;100
20160127 155300;23.27;23.27;23.265;23.265;700
20160127 155600;23.275;23.275;23.275;23.275;100
20160127 155700;23.275;23.275;23.275;23.275;100
20160127 155900;23.28;23.28;23.27;23.27;600
20160127 160000;23.2837;23.2837;23.2837;23.2837;1000
20160128 093900;23.43;23.43;23.43;23.43;100
20160128 094700;23.38;23.38;23.38;23.38;100
20160128 094900;23.37;23.37;23.37;23.37;100
20160128 095200;23.39;23.39;23.39;23.39;100
20160128 095400;23.39;23.39;23.39;23.39;100
20160128 095700;23.39;23.39;23.39;23.39;100
20160128 095800;23.3201;23.3201;23.3201;23.3201;1200
20160128 095900;23.39;23.39;23.39;23.39;100
20160128 100000;23.3602;23.3602;23.3602;23.3602;1200
20160128 100200;23.37;23.37;23.37;23.37;100
20160128 100400;23.39;23.39;23.39;23.39;100
20160128 100700;23.36;23.36;23.36;23.36;100
20160128 100900;23.39;23.39;23.39;23.39;200
20160128 101200;23.42;23.42;23.42;23.42;100
20160128 101500;23.42;23.42;23.42;23.42;100
20160128 101600;23.3962;23.3962;23.3962;23.3962;800
20160128 101700;23.41;23.41;23.41;23.41;100
20160128 101800;23.38;23.38;23.38;23.38;100
20160128 102100;23.37;23.37;23.37;23.37;100
20160128 102300;23.37;23.37;23.37;23.37;200
20160128 102600;23.37;23.37;23.37;23.37;200
20160128 103000;23.37;23.37;23.37;23.37;300
20160128 104000;23.3368;23.3368;23.3368;23.3368;1331
20160128 104200;23.35;23.35;23.35;23.35;506
20160128 104500;23.36;23.36;23.36;23.36;100
20160128 105400;23.3331;23.3331;23.3331;23.3331;100
20160128 105500;23.37;23.37;23.37;23.37;100
20160128 105800;23.37;23.37;23.35;23.35;200
20160128 110100;23.3613;23.37;23.3613;23.37;2100
20160128 110700;23.3726;23.39;23.3726;23.39;1303
20160128 110900;23.39;23.39;23.39;23.39;100
20160128 111200;23.35;23.35;23.35;23.35;250
20160128 111300;23.4;23.4;23.3944;23.3944;2460
20160128 111400;23.39;23.39;23.39;23.39;300
20160128 111600;23.4;23.4;23.4;23.4;400
20160128 111800;23.3999;23.3999;23.3999;23.3999;220
20160128 111900;23.4;23.406;23.4;23.406;500
20160128 112000;23.39;23.3901;23.39;23.39;1384
20160128 113300;23.39;23.39;23.35;23.3812;565
20160128 113600;23.39;23.39;23.39;23.39;100
20160128 113800;23.37;23.37;23.37;23.37;150
20160128 114000;23.4;23.4;23.4;23.4;100
20160128 114300;23.4;23.4;23.4;23.4;100
20160128 114600;23.4;23.4;23.4;23.4;100
20160128 115100;23.4;23.4;23.4;23.4;100
20160128 115500;23.41;23.41;23.35;23.35;200
20160128 115900;23.36;23.39;23.35;23.39;1400
20160128 120300;23.41;23.41;23.35;23.35;1156
20160128 120400;23.35;23.35;23.35;23.35;200
20160128 120500;23.396;23.396;23.38;23.38;600
20160128 120600;23.39;23.39;23.39;23.39;100
20160128 120700;23.36;23.365;23.35;23.35;600
20160128 120800;23.3662;23.3662;23.3662;23.3662;100
20160128 121000;23.3999;23.3999;23.3999;23.3999;2000
20160128 121100;23.35;23.35;23.34;23.34;500
20160128 121200;23.36;23.41;23.34;23.35;9118
20160128 121300;23.35;23.35;23.35;23.35;600
20160128 121400;23.36;23.3651;23.36;23.3651;1500
20160128 121500;23.4;23.41;23.4;23.41;300
20160128 121600;23.4;23.4;23.3845;23.3845;300
20160128 121700;23.395;23.395;23.389;23.389;2568
20160128 121900;23.38;23.38;23.38;23.38;100
20160128 122000;23.395;23.395;23.38;23.38;200
20160128 122200;23.395;23.395;23.395;23.395;100
20160128 122400;23.3914;23.3914;23.3914;23.3914;125
20160128 122900;23.4099;23.4099;23.4;23.4;200
20160128 123300;23.41;23.41;23.4;23.4;300
20160128 123500;23.41;23.41;23.41;23.41;200
20160128 123600;23.4;23.41;23.4;23.4;916
20160128 123700;23.41;23.41;23.4;23.4;200
20160128 123900;23.39;23.4;23.39;23.3965;800
20160128 124000;23.39;23.41;23.39;23.41;1170
20160128 124100;23.39;23.4;23.39;23.4;200
20160128 124200;23.41;23.41;23.37;23.37;1100
20160128 124500;23.373;23.373;23.373;23.373;455
20160128 125300;23.4;23.4;23.4;23.4;100
20160128 125600;23.4;23.4;23.4;23.4;200
20160128 125800;23.39;23.39;23.39;23.39;400
20160128 125900;23.39;23.39;23.39;23.39;100
20160128 130000;23.4;23.404;23.4;23.404;873
20160128 130500;23.41;23.41;23.4;23.4;950
20160128 130900;23.4;23.4;23.4;23.4;100
20160128 131300;23.39;23.393;23.37;23.37;1500
20160128 131900;23.38;23.38;23.37;23.37;400
20160128 132300;23.38;23.38;23.3794;23.3794;1600
20160128 132700;23.3851;23.3851;23.3851;23.3851;577
20160128 133700;23.39;23.39;23.37;23.37;900
20160128 133800;23.38;23.4;23.38;23.4;1490
20160128 134800;23.4034;23.4034;23.4034;23.4034;500
20160128 134900;23.4;23.4;23.4;23.4;100
20160128 135200;23.41;23.41;23.41;23.41;100
20160128 135300;23.4;23.4;23.4;23.4;1050
20160128 135400;23.39;23.39;23.39;23.39;100
20160128 135700;23.38;23.38;23.38;23.38;150
20160128 140300;23.3976;23.3976;23.3976;23.3976;150
20160128 140700;23.39;23.39;23.39;23.39;100
20160128 140900;23.4;23.4;23.4;23.4;1500
20160128 141200;23.4;23.4;23.4;23.4;100
20160128 141600;23.4;23.4;23.4;23.4;100
20160128 141700;23.4;23.4;23.4;23.4;100
20160128 142000;23.4;23.4;23.4;23.4;100
20160128 142200;23.41;23.41;23.41;23.41;500
20160128 142300;23.39;23.4;23.39;23.4;600
20160128 142800;23.4;23.4;23.4;23.4;100
20160128 143100;23.41;23.41;23.41;23.41;300
20160128 143200;23.41;23.41;23.41;23.41;100
20160128 143400;23.41;23.41;23.41;23.41;100
20160128 143500;23.4;23.42;23.4;23.415;700
20160128 143600;23.43;23.43;23.43;23.43;100
20160128 143700;23.4;23.405;23.4;23.4;400
20160128 143900;23.398;23.398;23.3921;23.3921;400
20160128 144100;23.38;23.38;23.38;23.38;200
20160128 144700;23.41;23.41;23.41;23.41;100
20160128 144800;23.42;23.42;23.396;23.396;800
20160128 144900;23.405;23.405;23.405;23.405;100
20160128 145100;23.41;23.41;23.41;23.41;100
20160128 145200;23.4;23.4;23.39;23.39;1131
20160128 145700;23.4014;23.4014;23.4014;23.4014;200
20160128 145800;23.42;23.42;23.42;23.42;100
20160128 145900;23.394;23.394;23.394;23.394;1900
20160128 150100;23.4052;23.41;23.3901;23.41;1300
20160128 150300;23.39;23.39;23.39;23.39;300
20160128 150800;23.42;23.42;23.42;23.42;100
20160128 150900;23.361;23.361;23.361;23.361;2200
20160128 151000;23.3601;23.366;23.3601;23.366;644
20160128 151600;23.3701;23.3701;23.37;23.37;600
20160128 151700;23.419;23.419;23.419;23.419;500
20160128 151900;23.4;23.4;23.35;23.35;2600
20160128 152000;23.35;23.35;23.35;23.35;150
20160128 152100;23.36;23.36;23.36;23.36;200
20160128 152500;23.3568;23.3568;23.34;23.34;507
20160128 153000;23.34;23.34;23.34;23.34;100
20160128 153800;23.34;23.34;23.34;23.34;100
20160128 153900;23.346;23.346;23.346;23.346;800
20160128 154000;23.34;23.35;23.34;23.34;1000
20160128 154300;23.35;23.35;23.349;23.349;600
20160128 154800;23.35;23.35;23.35;23.35;100
20160128 155200;23.3401;23.35;23.3401;23.35;1300
20160128 155500;23.35;23.35;23.35;23.35;100
20160128 155600;23.35;23.35;23.3499;23.35;600
20160128 155700;23.35;23.35;23.35;23.35;200
20160128 155800;23.3499;23.35;23.3477;23.35;1383
20160128 160000;23.35;23.35;23.35;23.35;420
20160129 093100;23.43;23.43;23.4;23.4;200
20160129 093700;23.43;23.43;23.43;23.43;200
20160129 093800;23.41;23.4313;23.4;23.4;1000
20160129 094000;23.43;23.43;23.42;23.42;200
20160129 094300;23.42;23.42;23.42;23.42;200
20160129 094400;23.42;23.4295;23.42;23.4295;200
20160129 094600;23.42;23.42;23.42;23.42;100
20160129 094700;23.419;23.44;23.41;23.44;1668
20160129 095200;23.445;23.45;23.445;23.45;394
20160129 095300;23.45;23.45;23.42;23.42;200
20160129 095700;23.43;23.43;23.43;23.43;100
20160129 095900;23.439;23.439;23.439;23.439;550
20160129 100200;23.43;23.446;23.4;23.4;5400
20160129 100300;23.41;23.425;23.41;23.425;200
20160129 100500;23.45;23.45;23.45;23.45;800
20160129 100700;23.42;23.42;23.42;23.42;100
20160129 100800;23.48;23.48;23.43;23.43;1000
20160129 100900;23.43;23.43;23.43;23.43;100
20160129 101000;23.41;23.47;23.41;23.4689;300
20160129 101200;23.48;23.48;23.46;23.46;300
20160129 101300;23.455;23.483;23.455;23.483;494
20160129 101400;23.445;23.445;23.445;23.445;100
20160129 101500;23.43;23.43;23.43;23.43;300
20160129 101600;23.4789;23.4789;23.42;23.4201;1407
20160129 101900;23.4374;23.4374;23.42;23.42;2163
20160129 102100;23.4789;23.4789;23.4789;23.4789;100
20160129 102600;23.4698;23.4698;23.42;23.42;700
20160129 102800;23.42;23.43;23.42;23.43;900
20160129 102900;23.435;23.435;23.4302;23.4302;200
20160129 103100;23.43;23.43;23.42;23.42;500
20160129 103400;23.4323;23.4323;23.42;23.42;1200
20160129 103900;23.43;23.4392;23.42;23.42;300
20160129 110100;23.43;23.43;23.43;23.43;100
20160129 110200;23.445;23.46;23.445;23.46;600
20160129 110300;23.46;23.46;23.44;23.45;893
20160129 110600;23.47;23.47;23.46;23.46;300
20160129 110800;23.49;23.49;23.46;23.48;500
20160129 110900;23.46;23.46;23.46;23.46;213
20160129 111100;23.48;23.48;23.45;23.45;900
20160129 111500;23.51;23.51;23.51;23.51;100
20160129 111600;23.48;23.48;23.48;23.48;100
20160129 111900;23.48;23.489;23.48;23.48;770
20160129 112000;23.49;23.49;23.47;23.47;1721
20160129 112100;23.48;23.52;23.4799;23.5;2183
20160129 112400;23.505;23.52;23.505;23.52;1301
20160129 112500;23.52;23.52;23.515;23.515;2625
20160129 112700;23.52;23.52;23.52;23.52;100
20160129 112800;23.515;23.52;23.515;23.52;600
20160129 112900;23.52;23.52;23.52;23.52;100
20160129 113000;23.52;23.53;23.52;23.53;1801
20160129 113200;23.53;23.53;23.53;23.53;200
20160129 113300;23.53;23.53;23.53;23.53;100
20160129 113400;23.53;23.53;23.53;23.53;600
20160129 113500;23.53;23.53;23.53;23.53;400
20160129 113600;23.55;23.5568;23.55;23.5568;301
20160129 113700;23.56;23.56;23.56;23.56;100
20160129 113800;23.57;23.57;23.569;23.569;200
20160129 113900;23.61;23.61;23.61;23.61;100
20160129 114100;23.609;23.609;23.609;23.609;100
20160129 114300;23.59;23.59;23.56;23.56;300
20160129 114500;23.56;23.56;23.56;23.56;100
20160129 114600;23.55;23.56;23.5;23.5;500
20160129 114700;23.58;23.58;23.58;23.58;100
20160129 114800;23.57;23.57;23.57;23.57;100
20160129 115000;23.58;23.58;23.51;23.565;700
20160129 115100;23.55;23.55;23.55;23.55;100
20160129 115200;23.55;23.55;23.55;23.55;100
20160129 115400;23.56;23.56;23.56;23.56;100
20160129 115500;23.58;23.58;23.58;23.58;100
20160129 115600;23.58;23.58;23.58;23.58;100
20160129 115700;23.6;23.6;23.6;23.6;100
20160129 115900;23.585;23.6;23.585;23.6;200
20160129 120000;23.6;23.6;23.6;23.6;100
20160129 120100;23.62;23.62;23.62;23.62;100
20160129 120200;23.63;23.63;23.63;23.63;100
20160129 120400;23.62;23.6219;23.62;23.6219;523
20160129 120500;23.63;23.63;23.63;23.63;100
20160129 120600;23.63;23.63;23.63;23.63;100
20160129 120800;23.625;23.625;23.625;23.625;100
20160129 120900;23.63;23.63;23.63;23.63;100
20160129 121000;23.63;23.63;23.63;23.63;100
20160129 121100;23.63;23.63;23.63;23.63;100
20160129 121300;23.625;23.625;23.625;23.625;100
20160129 121400;23.63;23.63;23.63;23.63;100
20160129 121500;23.63;23.63;23.63;23.63;100
20160129 121700;23.67;23.67;23.67;23.67;100
20160129 121800;23.67;23.67;23.67;23.67;100
20160129 121900;23.68;23.68;23.68;23.68;300
20160129 122000;23.69;23.69;23.68;23.68;700
20160129 122200;23.68;23.68;23.68;23.68;100
20160129 122300;23.68;23.68;23.67;23.67;200
20160129 122400;23.68;23.68;23.68;23.68;100
20160129 122600;23.68;23.68;23.68;23.68;100
20160129 122700;23.67;23.67;23.6699;23.6699;1200
20160129 122800;23.67;23.67;23.67;23.67;100
20160129 122900;23.67;23.67;23.67;23.67;100
20160129 123100;23.67;23.67;23.67;23.67;100
20160129 123200;23.67;23.67;23.67;23.67;100
20160129 123300;23.68;23.68;23.68;23.68;100
20160129 123500;23.68;23.68;23.68;23.68;100
20160129 123600;23.68;23.68;23.6708;23.6708;400
20160129 123700;23.68;23.68;23.6701;23.6701;300
20160129 123800;23.68;23.68;23.68;23.68;100
20160129 124000;23.68;23.68;23.68;23.68;100
20160129 124100;23.68;23.6886;23.68;23.6886;2100
20160129 124200;23.69;23.69;23.69;23.69;100
20160129 124400;23.6893;23.6899;23.6893;23.6899;200
20160129 124500;23.69;23.69;23.69;23.69;100
20160129 124600;23.69;23.69;23.69;23.69;200
20160129 124700;23.69;23.69;23.69;23.69;100
20160129 124900;23.69;23.69;23.69;23.69;100
20160129 125000;23.69;23.69;23.69;23.69;200
20160129 125100;23.69;23.69;23.69;23.69;200
20160129 125200;23.69;23.69;23.69;23.69;200
20160129 125300;23.69;23.69;23.69;23.69;100
20160129 125400;23.69;23.69;23.69;23.69;200
20160129 125500;23.69;23.69;23.69;23.69;200
20160129 125600;23.69;23.72;23.69;23.71;3300
20160129 125700;23.72;23.72;23.72;23.72;100
20160129 125800;23.73;23.73;23.73;23.73;200
20160129 125900;23.73;23.73;23.73;23.73;200
20160129 130000;23.73;23.73;23.73;23.73;200
20160129 130100;23.73;23.73;23.73;23.73;200
20160129 130200;23.7293;23.7293;23.7293;23.7293;100
20160129 130300;23.73;23.73;23.7255;23.7255;700
20160129 130400;23.73;23.73;23.73;23.73;200
20160129 130500;23.73;23.73;23.73;23.73;200
20160129 130600;23.73;23.73;23.73;23.73;100
20160129 130700;23.73;23.73;23.7235;23.7235;1200
20160129 130800;23.73;23.73;23.73;23.73;200
20160129 130900;23.73;23.73;23.72;23.72;300
20160129 131000;23.73;23.73;23.73;23.73;200
20160129 131100;23.73;23.73;23.73;23.73;100
20160129 131200;23.73;23.73;23.73;23.73;200
20160129 131300;23.73;23.73;23.73;23.73;100
20160129 131400;23.73;23.73;23.73;23.73;300
20160129 131500;23.73;23.73;23.73;23.73;100
20160129 131600;23.73;23.73;23.73;23.73;300
20160129 131700;23.725;23.73;23.7201;23.73;4450
20160129 131800;23.73;23.73;23.73;23.73;200
20160129 131900;23.73;23.73;23.73;23.73;700
20160129 132000;23.73;23.73;23.7289;23.7289;600
20160129 132100;23.73;23.73;23.73;23.73;200
20160129 132200;23.73;23.73;23.73;23.73;300
20160129 132300;23.73;23.74;23.7259;23.74;1850
20160129 132400;23.745;23.75;23.74;23.74;500
20160129 132500;23.74;23.74;23.74;23.74;200
20160129 132600;23.74;23.74;23.74;23.74;200
20160129 132700;23.74;23.74;23.74;23.74;100
20160129 132800;23.75;23.75;23.75;23.75;200
20160129 132900;23.75;23.75;23.75;23.75;100
20160129 133000;23.745;23.75;23.745;23.75;400
20160129 133100;23.75;23.75;23.75;23.75;700
20160129 133200;23.75;23.75;23.75;23.75;200
20160129 133300;23.75;23.75;23.75;23.75;100
20160129 133400;23.75;23.75;23.742;23.742;600
20160129 133500;23.75;23.75;23.75;23.75;600
20160129 133600;23.745;23.745;23.735;23.735;1000
20160129 133700;23.74;23.74;23.73;23.73;200
20160129 133800;23.72;23.72;23.72;23.72;100
20160129 133900;23.73;23.73;23.73;23.73;200
20160129 134000;23.74;23.74;23.74;23.74;200
20160129 134100;23.74;23.74;23.7393;23.7393;200
20160129 134200;23.74;23.74;23.74;23.74;100
20160129 134300;23.7393;23.7393;23.7393;23.7393;100
20160129 134400;23.74;23.74;23.74;23.74;200
20160129 134500;23.74;23.74;23.74;23.74;200
20160129 134600;23.74;23.74;23.74;23.74;200
20160129 134700;23.74;23.74;23.74;23.74;100
20160129 134800;23.74;23.74;23.74;23.74;200
20160129 134900;23.74;23.74;23.74;23.74;200
20160129 135000;23.74;23.74;23.74;23.74;200
20160129 135100;23.74;23.74;23.7393;23.7393;200
20160129 135200;23.74;23.74;23.7302;23.7302;300
20160129 135300;23.74;23.74;23.74;23.74;200
20160129 135400;23.74;23.74;23.74;23.74;200
20160129 135500;23.74;23.74;23.74;23.74;200
20160129 135600;23.735;23.735;23.735;23.735;100
20160129 135700;23.7393;23.74;23.7393;23.74;200
20160129 135800;23.74;23.74;23.74;23.74;200
20160129 135900;23.7393;23.74;23.73;23.735;3300
20160129 140000;23.7393;23.7393;23.7393;23.7393;200
20160129 140100;23.74;23.74;23.74;23.74;100
20160129 140200;23.7393;23.74;23.7349;23.7349;400
20160129 140300;23.7393;23.74;23.7393;23.74;200
20160129 140400;23.74;23.74;23.7393;23.74;800
20160129 140500;23.7393;23.7393;23.7393;23.7393;100
20160129 140600;23.74;23.74;23.7369;23.74;400
20160129 140700;23.74;23.74;23.74;23.74;200
20160129 140800;23.74;23.76;23.65;23.69;21221
20160129 140900;23.74;23.74;23.74;23.74;100
20160129 141000;23.7;23.7;23.7;23.7;100
20160129 141100;23.7;23.7;23.7;23.7;200
20160129 141200;23.69;23.709;23.67;23.67;700
20160129 141300;23.69;23.72;23.68;23.72;600
20160129 141400;23.7;23.72;23.7;23.72;300
20160129 141500;23.69;23.69;23.67;23.69;700
20160129 141600;23.7;23.7;23.69;23.69;200
20160129 141700;23.7;23.7;23.7;23.7;100
20160129 141800;23.71;23.71;23.71;23.71;100
20160129 142000;23.73;23.73;23.73;23.73;100
20160129 142200;23.67;23.67;23.67;23.67;100
20160129 142300;23.6701;23.68;23.6701;23.68;525
20160129 143700;23.6999;23.6999;23.6999;23.6999;242
20160129 143800;23.705;23.705;23.705;23.705;100
20160129 144500;23.68;23.68;23.68;23.68;200
20160129 144700;23.6609;23.6609;23.6609;23.6609;200
20160129 145300;23.67;23.67;23.67;23.67;100
20160129 145700;23.6699;23.6699;23.6699;23.6699;100
20160129 150000;23.67;23.67;23.67;23.67;100
20160129 150100;23.67;23.67;23.67;23.67;100
20160129 151000;23.6528;23.6528;23.6528;23.6528;500
20160129 151200;23.66;23.66;23.66;23.66;400
20160129 151400;23.67;23.67;23.66;23.66;900
20160129 151500;23.64;23.65;23.64;23.65;1100
20160129 151700;23.66;23.66;23.66;23.66;100
20160129 152400;23.66;23.66;23.65;23.65;2200
20160129 152900;23.6528;23.6528;23.6528;23.6528;100
20160129 153700;23.66;23.66;23.66;23.66;780
20160129 153800;23.67;23.67;23.64;23.64;4220
20160129 153900;23.63;23.63;23.6;23.628;3250
20160129 154300;23.6099;23.61;23.6;23.6;300
20160129 154500;23.6043;23.6043;23.6043;23.6043;210
20160129 154700;23.6056;23.6056;23.6;23.6;700
20160129 154900;23.61;23.637;23.6;23.609;1965
20160129 155000;23.61;23.61;23.61;23.61;150
20160129 155600;23.61;23.61;23.61;23.61;200
20160129 155700;23.61;23.61;23.61;23.61;100
20160129 155900;23.61;23.61;23.61;23.61;100
20160129 160000;23.62;23.62;23.62;23.62;250
20160201 093200;23.716;23.718;23.615;23.718;1000
20160201 093400;23.57;23.57;23.57;23.57;3000
20160201 094400;23.6399;23.6399;23.618;23.618;716
20160201 094800;23.5999;23.5999;23.5999;23.5999;800
20160201 095000;23.6;23.6;23.6;23.6;100
20160201 095800;23.5832;23.636;23.5832;23.636;1040
20160201 100400;23.636;23.65;23.612;23.612;3278
20160201 100700;23.6368;23.6368;23.6368;23.6368;430
20160201 101400;23.62;23.63;23.61;23.61;1477
20160201 102000;23.6499;23.6499;23.6499;23.6499;104
20160201 103000;23.65;23.65;23.62;23.62;2888
20160201 105200;23.67;23.67;23.63;23.63;200
20160201 105300;23.63;23.63;23.63;23.63;100
20160201 110700;23.6739;23.6739;23.6739;23.6739;350
20160201 112100;23.644;23.644;23.644;23.644;340
20160201 112800;23.6874;23.6874;23.6874;23.6874;200
20160201 113100;23.6672;23.68;23.66;23.68;2480
20160201 114200;23.6861;23.6861;23.6861;23.6861;205
20160201 120500;23.6777;23.6777;23.65;23.65;1860
20160201 121300;23.64;23.64;23.64;23.64;150
20160201 121800;23.6701;23.6705;23.65;23.65;1540
20160201 122300;23.6699;23.6699;23.6699;23.6699;100
20160201 123000;23.6799;23.6799;23.67;23.67;300
20160201 124000;23.6598;23.6598;23.6598;23.6598;322
20160201 124100;23.7;23.7;23.7;23.7;100
20160201 124500;23.666;23.666;23.65;23.65;2300
20160201 125600;23.67;23.67;23.67;23.67;100
20160201 131200;23.7;23.7;23.7;23.7;100
20160201 131500;23.6807;23.6807;23.675;23.675;800
20160201 131600;23.6912;23.6912;23.6912;23.6912;400
20160201 133000;23.66;23.66;23.66;23.66;100
20160201 133200;23.66;23.66;23.66;23.66;100
20160201 133900;23.66;23.66;23.66;23.66;100
20160201 135000;23.66;23.66;23.66;23.66;200
20160201 135100;23.66;23.66;23.66;23.66;100
20160201 135400;23.6501;23.6501;23.6501;23.6501;151
20160201 135600;23.66;23.66;23.66;23.66;100
20160201 140000;23.71;23.71;23.71;23.71;100
20160201 140700;23.7019;23.7019;23.65;23.65;12193
20160201 140800;23.69;23.69;23.69;23.69;100
20160201 141400;23.67;23.67;23.67;23.67;100
20160201 142000;23.66;23.66;23.66;23.66;300
20160201 142100;23.66;23.66;23.66;23.66;100
20160201 142200;23.6552;23.6552;23.6552;23.6552;253
20160201 143000;23.65;23.6501;23.6;23.6;7345
20160201 143100;23.59;23.6;23.53;23.53;4458
20160201 143800;23.5967;23.5967;23.5967;23.5967;800
20160201 144500;23.67;23.67;23.67;23.67;100
20160201 144800;23.65;23.65;23.65;23.65;500
20160201 145000;23.56;23.64;23.56;23.64;500
20160201 145200;23.6392;23.6392;23.6392;23.6392;600
20160201 145500;23.64;23.64;23.64;23.64;100
20160201 150000;23.616;23.63;23.616;23.63;600
20160201 150100;23.61;23.61;23.56;23.56;800
20160201 150200;23.59;23.6;23.59;23.6;200
20160201 150500;23.665;23.665;23.665;23.665;200
20160201 151000;23.67;23.67;23.67;23.67;100
20160201 151500;23.62;23.66;23.61;23.66;1100
20160201 151900;23.61;23.63;23.56;23.63;700
20160201 152900;23.65;23.65;23.65;23.65;100
20160201 153000;23.65;23.65;23.65;23.65;100
20160201 153400;23.65;23.65;23.65;23.65;100
20160201 153700;23.64;23.64;23.64;23.64;500
20160201 154200;23.595;23.595;23.595;23.595;185
20160201 155000;23.65;23.65;23.65;23.65;300
20160201 155400;23.656;23.66;23.65;23.65;300
20160201 155500;23.65;23.65;23.65;23.65;400
20160201 155700;23.64;23.64;23.63;23.64;600
20160201 155900;23.63;23.6301;23.63;23.6301;310
20160201 160000;23.66;23.66;23.66;23.66;100
20160202 094900;23.6104;23.6104;23.6104;23.6104;100
20160202 095700;23.61;23.61;23.61;23.61;200
20160202 100100;23.57;23.57;23.57;23.57;1100
20160202 100300;23.605;23.605;23.605;23.605;100
20160202 100500;23.583;23.583;23.583;23.583;850
20160202 100800;23.59;23.6;23.59;23.6;800
20160202 100900;23.61;23.61;23.61;23.61;700
20160202 101200;23.61;23.61;23.61;23.61;625
20160202 103000;23.61;23.62;23.61;23.62;500
20160202 103400;23.6695;23.6695;23.6695;23.6695;449
20160202 104900;23.6105;23.6105;23.6105;23.6105;850
20160202 105300;23.63;23.63;23.63;23.63;100
20160202 105700;23.62;23.62;23.62;23.62;100
20160202 105900;23.62;23.63;23.62;23.63;200
20160202 111300;23.6;23.6;23.6;23.6;100
20160202 111500;23.6;23.6;23.6;23.6;100
20160202 111600;23.615;23.615;23.6;23.6;950
20160202 111800;23.6145;23.6145;23.6145;23.6145;1500
20160202 111900;23.615;23.63;23.5841;23.5841;3667
20160202 112100;23.56;23.5799;23.56;23.5799;2700
20160202 112300;23.5672;23.5672;23.56;23.5615;1100
20160202 112700;23.6227;23.6227;23.6227;23.6227;500
20160202 113900;23.6;23.6;23.6;23.6;100
20160202 114000;23.626;23.626;23.594;23.594;2300
20160202 115100;23.5901;23.5901;23.5901;23.5901;3232
20160202 120200;23.6;23.6;23.6;23.6;200
20160202 120600;23.58;23.58;23.57;23.57;1000
20160202 120700;23.57;23.57;23.57;23.57;100
20160202 120800;23.58;23.58;23.58;23.58;1000
20160202 120900;23.5851;23.5851;23.58;23.58;1699
20160202 121600;23.58;23.58;23.58;23.58;300
20160202 122000;23.59;23.59;23.5807;23.5807;1200
20160202 122100;23.5899;23.5899;23.5899;23.5899;1000
20160202 122700;23.586;23.588;23.586;23.588;1000
20160202 123000;23.588;23.588;23.588;23.588;2120
20160202 123500;23.59;23.6;23.59;23.6;300
20160202 123600;23.6;23.6;23.6;23.6;100
20160202 123700;23.6;23.6;23.6;23.6;100
20160202 124200;23.6;23.6;23.6;23.6;300
20160202 124500;23.6;23.6;23.6;23.6;700
20160202 125300;23.6;23.6;23.6;23.6;100
20160202 131000;23.6;23.6;23.6;23.6;1000
20160202 132200;23.6215;23.6215;23.6215;23.6215;410
20160202 133100;23.6;23.6;23.6;23.6;100
20160202 134100;23.59;23.6;23.59;23.59;2700
20160202 134500;23.6;23.6;23.6;23.6;190
20160202 135500;23.5983;23.599;23.5983;23.599;600
20160202 140800;23.59;23.59;23.59;23.59;1766
20160202 141500;23.57;23.57;23.57;23.57;2300
20160202 142300;23.58;23.58;23.58;23.58;100
20160202 142400;23.5773;23.5773;23.5773;23.5773;400
20160202 142600;23.57;23.57;23.55;23.55;500
20160202 142700;23.5462;23.5462;23.5462;23.5462;1000
20160202 143400;23.542;23.55;23.542;23.55;3500
20160202 143800;23.54;23.5401;23.54;23.5401;1000
20160202 143900;23.5465;23.5465;23.5465;23.5465;1000
20160202 144100;23.5401;23.5401;23.5401;23.5401;1000
20160202 144200;23.5499;23.55;23.5499;23.55;1127
20160202 145000;23.56;23.56;23.56;23.56;750
20160202 145500;23.587;23.587;23.587;23.587;288
20160202 145700;23.56;23.56;23.56;23.56;100
20160202 150400;23.55;23.55;23.55;23.55;100
20160202 150600;23.55;23.56;23.55;23.56;1100
20160202 150800;23.54;23.54;23.54;23.54;100
20160202 151000;23.54;23.54;23.54;23.54;100
20160202 151100;23.55;23.56;23.54;23.55;1600
20160202 151600;23.55;23.55;23.55;23.55;1200
20160202 152700;23.55;23.55;23.55;23.55;100
20160202 152900;23.55;23.55;23.55;23.55;100
20160202 153200;23.55;23.56;23.55;23.559;1100
20160202 154500;23.56;23.56;23.56;23.56;100
20160202 154800;23.55;23.55;23.49;23.49;9089
20160202 154900;23.5;23.52;23.5;23.52;7914
20160202 155000;23.5;23.5;23.5;23.5;600
20160202 155100;23.51;23.51;23.51;23.51;500
20160202 155200;23.503;23.503;23.503;23.503;500
20160202 155300;23.5;23.5;23.5;23.5;400
20160202 155500;23.4956;23.51;23.4956;23.5;1700
20160202 155600;23.5;23.51;23.5;23.5;642
20160202 155700;23.5;23.5;23.4999;23.4999;600
20160202 155900;23.5;23.5;23.5;23.5;100
20160202 160000;23.48;23.5;23.48;23.5;453
20160203 093600;23.5121;23.5121;23.5121;23.5121;300
20160203 093900;23.5045;23.5045;23.5045;23.5045;1100
20160203 094600;23.48;23.48;23.48;23.48;100
20160203 095100;23.49;23.49;23.48;23.48;1500
20160203 095400;23.49;23.49;23.49;23.49;400
20160203 095700;23.48;23.48;23.48;23.48;2210
20160203 095800;23.49;23.49;23.48;23.48;1300
20160203 100100;23.48;23.48;23.48;23.48;100
20160203 100600;23.48;23.48;23.48;23.48;3821
20160203 100800;23.42;23.42;23.42;23.42;700
20160203 100900;23.42;23.42;23.42;23.42;600
20160203 101000;23.413;23.413;23.41;23.41;3700
20160203 101100;23.41;23.41;23.41;23.41;2265
20160203 101300;23.404;23.404;23.404;23.404;520
20160203 102500;23.41;23.41;23.4;23.4;500
20160203 103000;23.4;23.427;23.4;23.427;500
20160203 103100;23.4;23.4;23.38;23.38;807
20160203 103900;23.34;23.34;23.31;23.31;300
20160203 104000;23.34;23.3999;23.34;23.34;4300
20160203 104800;23.44;23.44;23.44;23.44;300
20160203 105400;23.45;23.48;23.45;23.48;550
20160203 105600;23.48;23.48;23.48;23.48;475
20160203 105900;23.475;23.52;23.475;23.52;3800
20160203 110300;23.48;23.48;23.48;23.48;200
20160203 110500;23.48;23.48;23.48;23.48;500
20160203 110800;23.46;23.46;23.46;23.46;100
20160203 111800;23.4846;23.4846;23.4846;23.4846;1702
20160203 112200;23.436;23.436;23.436;23.436;300
20160203 112300;23.45;23.45;23.45;23.45;300
20160203 112600;23.5;23.5;23.5;23.5;208
20160203 112700;23.4801;23.4801;23.4601;23.4601;4365
20160203 112800;23.49;23.49;23.49;23.49;100
20160203 113200;23.4799;23.4799;23.4799;23.4799;100
20160203 113600;23.47;23.5;23.43;23.45;4100
20160203 113700;23.44;23.44;23.44;23.44;100
20160203 114200;23.4799;23.4799;23.4799;23.4799;200
20160203 123100;23.48;23.48;23.48;23.48;100
20160203 123400;23.47;23.47;23.47;23.47;100
20160203 124300;23.456;23.456;23.456;23.456;200
20160203 124500;23.4699;23.4699;23.4699;23.4699;220
20160203 124800;23.45;23.45;23.4455;23.4455;500
20160203 125800;23.476;23.476;23.476;23.476;100
20160203 125900;23.4658;23.4658;23.4658;23.4658;145
20160203 130900;23.4562;23.4562;23.4562;23.4562;250
20160203 131000;23.44;23.44;23.44;23.44;200
20160203 131900;23.4426;23.4426;23.4426;23.4426;400
20160203 132300;23.44;23.4436;23.44;23.4436;500
20160203 132700;23.44;23.45;23.44;23.45;200
20160203 134100;23.4799;23.4799;23.4799;23.4799;1705
20160203 134500;23.4499;23.4499;23.43;23.43;829
20160203 134800;23.43;23.43;23.43;23.43;100
20160203 135300;23.43;23.43;23.43;23.43;100
20160203 140600;23.45;23.45;23.45;23.45;100
20160203 141000;23.441;23.4411;23.441;23.4411;500
20160203 141300;23.44;23.44;23.44;23.44;300
20160203 141500;23.44;23.44;23.44;23.44;100
20160203 141800;23.45;23.45;23.45;23.45;646
20160203 141900;23.45;23.48;23.45;23.48;9800
20160203 142000;23.49;23.53;23.49;23.53;1500
20160203 142100;23.54;23.59;23.53;23.55;1600
20160203 142200;23.56;23.56;23.56;23.56;100
20160203 142300;23.56;23.56;23.56;23.56;100
20160203 142500;23.53;23.53;23.53;23.53;300
20160203 142600;23.56;23.58;23.48;23.48;5500
20160203 142800;23.48;23.48;23.48;23.48;100
20160203 143000;23.52;23.52;23.48;23.48;1300
20160203 143100;23.48;23.49;23.45;23.45;6100
20160203 143600;23.4401;23.4401;23.4401;23.4401;1613
20160203 143700;23.479;23.479;23.479;23.479;2500
20160203 143900;23.48;23.48;23.48;23.48;100
20160203 144000;23.47;23.48;23.466;23.48;4200
20160203 144200;23.47;23.4799;23.47;23.47;2100
20160203 144300;23.48;23.4869;23.48;23.4869;725
20160203 145500;23.5;23.5;23.49;23.49;300
20160203 145600;23.48;23.48;23.48;23.48;200
20160203 145900;23.48;23.49;23.46;23.49;2700
20160203 150400;23.455;23.469;23.455;23.469;300
20160203 151000;23.46;23.47;23.46;23.46;3900
20160203 152000;23.495;23.495;23.495;23.495;100
20160203 152300;23.5;23.5;23.49;23.49;1603
20160203 152400;23.485;23.495;23.479;23.479;500
20160203 152600;23.51;23.52;23.49;23.49;400
20160203 152700;23.4701;23.49;23.47;23.475;8046
20160203 152800;23.5;23.5;23.47;23.47;2100
20160203 152900;23.49;23.49;23.49;23.49;107
20160203 153000;23.47;23.49;23.47;23.47;2132
20160203 153100;23.47;23.48;23.45;23.45;9803
20160203 153300;23.44;23.44;23.44;23.44;200
20160203 153900;23.44;23.44;23.44;23.44;100
20160203 154300;23.45;23.45;23.45;23.45;100
20160203 154600;23.45;23.45;23.43;23.43;2000
20160203 154700;23.45;23.45;23.45;23.45;566
20160203 154900;23.46;23.47;23.46;23.46;1300
20160203 155000;23.46;23.4662;23.46;23.4662;645
20160203 155100;23.46;23.46;23.46;23.46;200
20160203 155200;23.465;23.4698;23.465;23.4698;400
20160203 155400;23.465;23.4699;23.4625;23.4692;800
20160203 155600;23.46;23.46;23.45;23.45;800
20160203 155700;23.43;23.44;23.43;23.43;525
20160203 155800;23.44;23.46;23.44;23.46;1600
20160203 155900;23.46;23.46;23.46;23.46;300
20160203 160000;23.465;23.469;23.465;23.465;500
20160203 160300;23.46;23.46;23.46;23.46;1000
20160204 093700;23.52;23.52;23.52;23.52;100
20160204 093800;23.53;23.53;23.53;23.53;200
20160204 093900;23.57;23.57;23.46;23.49;6300
20160204 094000;23.49;23.56;23.45;23.48;6039
20160204 094200;23.46;23.46;23.46;23.46;300
20160204 094400;23.43;23.43;23.43;23.43;100
20160204 094500;23.42;23.42;23.42;23.42;100
20160204 095000;23.4;23.4003;23.3706;23.3706;1200
20160204 095500;23.41;23.41;23.41;23.41;700
20160204 100200;23.3999;23.3999;23.3999;23.3999;500
20160204 100800;23.38;23.38;23.38;23.38;130
20160204 101100;23.39;23.39;23.39;23.39;1000
20160204 102000;23.38;23.38;23.36;23.36;3100
20160204 102700;23.3732;23.3732;23.3732;23.3732;160
20160204 102800;23.3747;23.3747;23.3747;23.3747;400
20160204 103000;23.38;23.38;23.38;23.38;750
20160204 103400;23.37;23.37;23.37;23.37;500
20160204 103600;23.38;23.38;23.38;23.38;200
20160204 104100;23.3701;23.3701;23.3701;23.3701;800
20160204 104300;23.3994;23.3994;23.3994;23.3994;1000
20160204 104500;23.38;23.38;23.38;23.38;1000
20160204 104600;23.4;23.4;23.4;23.4;400
20160204 105100;23.3701;23.3701;23.3701;23.3701;500
20160204 110000;23.41;23.41;23.41;23.41;100
20160204 110100;23.44;23.44;23.415;23.42;400
20160204 110200;23.4;23.42;23.4;23.4;400
20160204 111100;23.41;23.41;23.41;23.41;100
20160204 111400;23.4;23.4;23.3816;23.3816;400
20160204 112000;23.38;23.38;23.38;23.38;100
20160204 112300;23.43;23.43;23.4;23.4;3900
20160204 112400;23.42;23.42;23.4;23.4;300
20160204 114000;23.41;23.46;23.38;23.3801;3270
20160204 114100;23.43;23.43;23.3801;23.412;1500
20160204 115300;23.4157;23.4157;23.4157;23.4157;530
20160204 115500;23.394;23.394;23.394;23.394;500
20160204 115900;23.38;23.38;23.38;23.38;100
20160204 121200;23.3879;23.3879;23.3879;23.3879;500
20160204 121900;23.4;23.4;23.4;23.4;575
20160204 122100;23.394;23.394;23.394;23.394;500
20160204 122600;23.3999;23.3999;23.3999;23.3999;1025
20160204 123100;23.3929;23.3929;23.3929;23.3929;400
20160204 124800;23.38;23.38;23.38;23.38;200
20160204 125000;23.385;23.385;23.385;23.385;1000
20160204 130800;23.3885;23.3885;23.38;23.38;1400
20160204 131700;23.425;23.425;23.425;23.425;200
20160204 132300;23.4393;23.4393;23.4393;23.4393;300
20160204 133600;23.4014;23.4014;23.38;23.38;1175
20160204 134200;23.3902;23.3902;23.3902;23.3902;100
20160204 134300;23.39;23.39;23.38;23.38;600
20160204 134400;23.39;23.39;23.38;23.38;600
20160204 135900;23.3984;23.3984;23.395;23.395;500
20160204 140300;23.4;23.4;23.38;23.38;400
20160204 140900;23.39;23.39;23.39;23.39;100
20160204 142700;23.4;23.4;23.4;23.4;100
20160204 142800;23.4;23.43;23.38;23.38;7000
20160204 142900;23.4;23.4;23.38;23.39;3500
20160204 143000;23.39;23.39;23.37;23.37;3740
20160204 143100;23.37;23.37;23.37;23.37;200
20160204 143200;23.37;23.37;23.37;23.37;100
20160204 143300;23.3678;23.37;23.3678;23.37;800
20160204 143700;23.36;23.37;23.36;23.37;360
20160204 144400;23.37;23.37;23.37;23.37;200
20160204 144500;23.37;23.37;23.37;23.37;597
20160204 144600;23.37;23.37;23.37;23.37;133
20160204 144900;23.37;23.37;23.3662;23.3662;1300
20160204 145100;23.37;23.37;23.37;23.37;800
20160204 145500;23.37;23.37;23.37;23.37;1000
20160204 150300;23.3616;23.3616;23.3616;23.3616;1500
20160204 151100;23.37;23.37;23.37;23.37;100
20160204 151300;23.38;23.38;23.38;23.38;100
20160204 152000;23.385;23.39;23.38;23.385;900
20160204 152400;23.3714;23.3714;23.3714;23.3714;750
20160204 152800;23.3701;23.3701;23.3701;23.3701;250
20160204 153400;23.385;23.385;23.385;23.385;200
20160204 154000;23.38;23.38;23.38;23.38;275
20160204 154300;23.38;23.38;23.38;23.38;1100
20160204 155100;23.38;23.38;23.37;23.37;1282
20160204 155500;23.39;23.39;23.39;23.39;100
20160204 155900;23.39;23.39;23.37;23.37;470
20160204 160000;23.36;23.36;23.36;23.36;1222
20160204 160700;23.39;23.39;23.39;23.39;5000
20160204 160800;23.39;23.39;23.39;23.39;9195
20160205 093700;23.35;23.36;23.35;23.36;200
20160205 094000;23.38;23.38;23.37;23.38;300
20160205 094400;23.38;23.3801;23.36;23.36;1700
20160205 094800;23.35;23.35;23.35;23.35;300
20160205 094900;23.35;23.35;23.35;23.35;1100
20160205 095500;23.3;23.3;23.3;23.3;200
20160205 095900;23.3175;23.3175;23.3175;23.3175;500
20160205 100200;23.315;23.32;23.315;23.32;300
20160205 100500;23.319;23.319;23.319;23.319;500
20160205 100700;23.32;23.32;23.32;23.32;428
20160205 101800;23.3299;23.3299;23.315;23.315;600
20160205 102500;23.33;23.33;23.3;23.3;1500
20160205 102600;23.3;23.3;23.3;23.3;800
20160205 102700;23.31;23.31;23.31;23.31;1500
20160205 102800;23.26;23.26;23.26;23.26;100
20160205 103400;23.2501;23.2501;23.25;23.25;655
20160205 103500;23.2751;23.2751;23.2751;23.2751;1032
20160205 104700;23.3075;23.3099;23.305;23.3078;1059
20160205 105200;23.3;23.3;23.3;23.3;100
20160205 105400;23.3081;23.3081;23.3081;23.3081;530
20160205 110100;23.3;23.3;23.28;23.29;900
20160205 111300;23.3018;23.3018;23.3018;23.3018;100
20160205 112400;23.3;23.3;23.25;23.25;3620
20160205 112600;23.3;23.3;23.3;23.3;860
20160205 113200;23.2701;23.2701;23.2701;23.2701;100
20160205 114400;23.29;23.315;23.2701;23.315;1900
20160205 114800;23.27;23.27;23.27;23.27;100
20160205 115100;23.2996;23.3;23.26;23.26;2450
20160205 120800;23.2853;23.2853;23.27;23.27;1050
20160205 121100;23.27;23.27;23.27;23.27;100
20160205 121200;23.282;23.282;23.282;23.282;290
20160205 123700;23.3;23.3;23.3;23.3;100
20160205 124000;23.28;23.28;23.27;23.27;200
20160205 124900;23.2801;23.2801;23.2801;23.2801;250
20160205 125000;23.31;23.31;23.28;23.28;900
20160205 125800;23.27;23.27;23.27;23.27;330
20160205 125900;23.27;23.27;23.26;23.26;998
20160205 130100;23.26;23.26;23.26;23.26;100
20160205 130800;23.26;23.26;23.25;23.25;1720
20160205 131200;23.26;23.26;23.26;23.26;100
20160205 131300;23.252;23.252;23.25;23.25;1000
20160205 132000;23.2502;23.2502;23.2502;23.2502;1000
20160205 132400;23.27;23.27;23.27;23.27;100
20160205 132700;23.2699;23.2699;23.2699;23.2699;279
20160205 132900;23.2418;23.27;23.2418;23.27;1100
20160205 133400;23.27;23.27;23.27;23.27;100
20160205 133900;23.27;23.27;23.27;23.27;100
20160205 134000;23.24;23.24;23.24;23.24;274
20160205 134400;23.27;23.27;23.27;23.27;100
20160205 134800;23.27;23.27;23.27;23.27;100
20160205 135300;23.27;23.27;23.27;23.27;100
20160205 135800;23.27;23.27;23.27;23.27;100
20160205 140200;23.27;23.27;23.242;23.242;766
20160205 140400;23.24;23.2401;23.24;23.24;2900
20160205 140600;23.238;23.238;23.238;23.238;100
20160205 140900;23.225;23.225;23.225;23.225;1000
20160205 141500;23.23;23.23;23.23;23.23;100
20160205 141900;23.23;23.23;23.23;23.23;446
20160205 142000;23.24;23.24;23.222;23.222;3400
20160205 142400;23.22;23.24;23.22;23.24;1000
20160205 142800;23.2201;23.24;23.2201;23.24;350
20160205 142900;23.23;23.23;23.23;23.23;100
20160205 143300;23.24;23.24;23.24;23.24;100
20160205 143700;23.24;23.24;23.24;23.24;100
20160205 143800;23.23;23.23;23.23;23.23;100
20160205 143900;23.23;23.23;23.23;23.23;100
20160205 144000;23.22;23.22;23.22;23.22;300
20160205 144100;23.23;23.23;23.23;23.23;100
20160205 144200;23.22;23.22;23.21;23.21;400
20160205 144300;23.21;23.21;23.184;23.1889;2200
20160205 144400;23.18;23.19;23.18;23.18;300
20160205 144500;23.19;23.19;23.19;23.19;700
20160205 144600;23.2;23.2;23.2;23.2;800
20160205 145000;23.2183;23.2183;23.2183;23.2183;431
20160205 145100;23.212;23.212;23.212;23.212;1000
20160205 145700;23.22;23.22;23.2089;23.2089;1300
20160205 150200;23.2;23.2016;23.2;23.2016;1050
20160205 150300;23.195;23.1998;23.195;23.1998;200
20160205 150700;23.2;23.2092;23.2;23.2092;200
20160205 151300;23.21;23.21;23.21;23.21;100
20160205 151600;23.2;23.2;23.2;23.2;1000
20160205 151900;23.1913;23.1913;23.1913;23.1913;600
20160205 152200;23.21;23.21;23.21;23.21;100
20160205 152500;23.21;23.21;23.21;23.21;100
20160205 152800;23.21;23.21;23.21;23.21;300
20160205 152900;23.2;23.2;23.2;23.2;100
20160205 153200;23.21;23.21;23.21;23.21;100
20160205 153300;23.21;23.21;23.21;23.21;700
20160205 153600;23.21;23.21;23.21;23.21;100
20160205 153800;23.2;23.2;23.2;23.2;100
20160205 154000;23.1832;23.1848;23.1832;23.1848;200
20160205 154100;23.18;23.18;23.18;23.18;100
20160205 154300;23.18;23.18;23.18;23.18;300
20160205 154400;23.2;23.2;23.2;23.2;1700
20160205 154600;23.2;23.21;23.193;23.203;6741
20160205 154700;23.205;23.205;23.205;23.205;200
20160205 154800;23.2;23.2;23.199;23.199;1300
20160205 154900;23.19;23.1901;23.19;23.1901;1600
20160205 155000;23.18;23.189;23.18;23.189;515
20160205 155100;23.1816;23.21;23.1816;23.208;3738
20160205 155200;23.23;23.23;23.22;23.22;1400
20160205 155400;23.21;23.21;23.2;23.2;200
20160205 155500;23.2;23.2;23.2;23.2;200
20160205 160000;23.19;23.2;23.1899;23.2;500
