20160119 093200;13.69;13.69;13.69;13.69;300
20160119 093300;13.71;13.7188;13.67;13.7188;2800
20160119 093400;13.6883;13.6883;13.61;13.6518;10400
20160119 093500;13.66;13.66;13.66;13.66;100
20160119 093600;13.66;13.66;13.66;13.66;200
20160119 093700;13.64;13.64;13.64;13.64;500
20160119 093800;13.64;13.65;13.64;13.65;400
20160119 093900;13.64;13.65;13.64;13.65;200
20160119 094000;13.63;13.63;13.63;13.63;100
20160119 094100;13.6721;13.6721;13.6;13.6;11100
20160119 094200;13.625;13.625;13.6;13.606;3900
20160119 094300;13.49;13.49;13.4701;13.4701;3506
20160119 094400;13.5401;13.5401;13.5401;13.5401;2000
20160119 094500;13.47;13.5401;13.47;13.5401;9500
20160119 094600;13.47;13.47;13.47;13.47;100
20160119 094800;13.45;13.45;13.3876;13.3876;650
20160119 094900;13.38;13.38;13.38;13.38;200
20160119 095000;13.3895;13.3895;13.38;13.38;500
20160119 095100;13.38;13.38;13.38;13.38;100
20160119 095200;13.38;13.38;13.38;13.38;200
20160119 095300;13.38;13.3801;13.325;13.35;2265
20160119 095400;13.36;13.38;13.36;13.38;500
20160119 095800;13.41;13.41;13.41;13.41;100
20160119 095900;13.43;13.43;13.43;13.43;100
20160119 100100;13.44;13.44;13.44;13.44;100
20160119 100200;13.44;13.44;13.44;13.44;100
20160119 100300;13.44;13.44;13.44;13.44;100
20160119 100400;13.44;13.44;13.44;13.44;200
20160119 100500;13.44;13.44;13.44;13.44;100
20160119 100600;13.44;13.44;13.44;13.44;200
20160119 100800;13.49;13.49;13.48;13.48;500
20160119 100900;13.49;13.5;13.49;13.5;1162
20160119 101000;13.6;13.6;13.58;13.6;856
20160119 101100;13.54;13.6;13.53;13.53;1544
20160119 101200;13.54;13.54;13.54;13.54;100
20160119 101300;13.56;13.59;13.56;13.59;400
20160119 101400;13.62;13.65;13.62;13.65;300
20160119 101500;13.65;13.65;13.633;13.633;1260
20160119 101600;13.63;13.63;13.63;13.63;400
20160119 101700;13.6453;13.6453;13.6453;13.6453;1800
20160119 102100;13.645;13.6599;13.645;13.6599;200
20160119 102200;13.63;13.63;13.5901;13.5901;1300
20160119 102400;13.595;13.595;13.595;13.595;100
20160119 102500;13.64;13.69;13.64;13.69;400
20160119 103000;13.76;13.76;13.76;13.76;200
20160119 103100;13.76;13.76;13.76;13.76;100
20160119 103300;13.81;13.81;13.79;13.79;700
20160119 103400;13.81;13.82;13.79;13.82;1600
20160119 103500;13.84;13.84;13.82;13.82;400
20160119 103600;13.7901;13.8;13.79;13.79;400
20160119 103700;13.7601;13.785;13.7501;13.78;500
20160119 103800;13.74;13.775;13.65;13.74;1100
20160119 104600;13.8441;13.8441;13.8441;13.8441;1000
20160119 105300;13.72;13.72;13.72;13.72;100
20160119 105400;13.7;13.7;13.685;13.6999;700
20160119 105500;13.65;13.65;13.65;13.65;700
20160119 105600;13.527;13.59;13.527;13.59;403
20160119 105700;13.6;13.6;13.6;13.6;200
20160119 110000;13.62;13.62;13.62;13.62;100
20160119 110200;13.62;13.64;13.62;13.64;298
20160119 112200;13.62;13.6459;13.62;13.6459;1998
20160119 112300;13.6332;13.6332;13.6332;13.6332;200
20160119 113900;13.62;13.6299;13.62;13.6299;400
20160119 114000;13.64;13.66;13.64;13.66;700
20160119 114100;13.67;13.67;13.67;13.67;400
20160119 114200;13.66;13.66;13.66;13.66;100
20160119 114300;13.68;13.69;13.68;13.68;300
20160119 114400;13.68;13.68;13.68;13.68;400
20160119 114500;13.68;13.68;13.62;13.6299;2600
20160119 114600;13.66;13.66;13.66;13.66;200
20160119 114700;13.67;13.67;13.67;13.67;300
20160119 114800;13.68;13.68;13.68;13.68;200
20160119 114900;13.68;13.68;13.68;13.68;300
20160119 115000;13.68;13.68;13.68;13.68;300
20160119 115100;13.68;13.68;13.615;13.6199;1400
20160119 115200;13.625;13.64;13.625;13.64;1700
20160119 115300;13.67;13.67;13.67;13.67;200
20160119 115500;13.68;13.68;13.68;13.68;100
20160119 115600;13.68;13.68;13.68;13.68;400
20160119 115800;13.68;13.68;13.68;13.68;200
20160119 115900;13.7089;13.7089;13.67;13.67;1900
20160119 120000;13.67;13.67;13.67;13.67;100
20160119 120100;13.67;13.67;13.64;13.64;500
20160119 120900;13.63;13.63;13.63;13.63;100
20160119 121100;13.64;13.64;13.64;13.64;300
20160119 121300;13.64;13.64;13.64;13.64;100
20160119 121900;13.6001;13.6299;13.6001;13.6299;6150
20160119 122000;13.63;13.64;13.63;13.64;300
20160119 122300;13.64;13.64;13.64;13.64;100
20160119 122500;13.62;13.62;13.62;13.62;100
20160119 122600;13.613;13.613;13.613;13.613;406
20160119 122700;13.61;13.61;13.61;13.61;100
20160119 122800;13.61;13.61;13.61;13.61;300
20160119 123200;13.6001;13.6001;13.6;13.6;300
20160119 130600;13.5658;13.5658;13.5658;13.5658;200
20160119 130800;13.55;13.55;13.47;13.47;946
20160119 130900;13.5;13.5;13.5;13.5;100
20160119 131000;13.51;13.53;13.51;13.53;600
20160119 131100;13.56;13.56;13.55;13.55;200
20160119 131200;13.55;13.55;13.55;13.55;200
20160119 131300;13.55;13.55;13.55;13.55;100
20160119 131400;13.56;13.5714;13.5;13.53;1700
20160119 131500;13.53;13.53;13.53;13.53;169
20160119 133100;13.47;13.5;13.47;13.5;300
20160119 133200;13.53;13.56;13.53;13.55;800
20160119 133300;13.54;13.54;13.53;13.53;500
20160119 134700;13.55;13.57;13.55;13.57;500
20160119 134800;13.57;13.57;13.57;13.57;500
20160119 134900;13.55;13.55;13.55;13.55;200
20160119 135300;13.57;13.57;13.57;13.57;300
20160119 135400;13.57;13.57;13.57;13.57;100
20160119 135600;13.54;13.5401;13.27;13.49;1400
20160119 140400;13.5307;13.5307;13.5307;13.5307;325
20160119 141200;13.51;13.55;13.51;13.55;600
20160119 141600;13.5;13.5;13.5;13.5;100
20160119 141800;13.46;13.46;13.46;13.46;100
20160119 143700;13.44;13.447;13.44;13.447;1000
20160119 145000;13.41;13.4217;13.41;13.41;1700
20160119 145400;13.425;13.425;13.425;13.425;200
20160119 150800;13.44;13.44;13.44;13.44;240
20160119 151300;13.4223;13.4223;13.4223;13.4223;209
20160119 151900;13.4176;13.4179;13.41;13.4178;2000
20160119 153700;13.44;13.44;13.44;13.44;619
20160119 153900;13.43;13.43;13.43;13.43;300
20160119 154300;13.43;13.43;13.42;13.42;438
20160119 154800;13.41;13.41;13.37;13.37;1000
20160119 155000;13.3848;13.4;13.38;13.38;800
20160119 155100;13.38;13.38;13.325;13.36;1544
20160119 155300;13.3696;13.3696;13.3696;13.3696;100
20160119 155500;13.3696;13.4161;13.3696;13.4161;1100
20160119 155600;13.41;13.41;13.34;13.34;1000
20160119 155700;13.365;13.38;13.365;13.38;604
20160119 155800;13.36;13.36;13.35;13.35;500
20160119 160000;13.38;13.38;13.34;13.34;200
20160120 093500;13.2401;13.265;13.2401;13.265;200
20160120 093600;13.2501;13.27;13.2101;13.2101;900
20160120 093700;13.2301;13.255;13.22;13.22;800
20160120 093800;13.22;13.22;13.21;13.21;500
20160120 093900;13.15;13.15;13.15;13.15;100
20160120 094000;13.18;13.18;13.15;13.15;200
20160120 094600;13.14;13.15;13.14;13.15;200
20160120 095000;13.17;13.17;13.15;13.17;2026
20160120 095100;13.19;13.22;13.19;13.22;1200
20160120 095200;13.22;13.22;13.22;13.22;300
20160120 095300;13.22;13.22;13.22;13.22;700
20160120 095400;13.22;13.22;13.22;13.22;400
20160120 095600;13.17;13.18;13.17;13.18;300
20160120 095700;13.17;13.17;13.17;13.17;100
20160120 095800;13.14;13.14;13.031;13.031;3552
20160120 095900;13.07;13.11;13.07;13.11;1000
20160120 100000;13.11;13.12;13.098;13.12;2100
20160120 100100;13.14;13.14;13.14;13.14;700
20160120 100200;13.084;13.084;13.084;13.084;400
20160120 100300;13.12;13.12;13.12;13.12;100
20160120 100400;13.16;13.16;13.16;13.16;700
20160120 100700;13.1772;13.1772;13.1772;13.1772;500
20160120 101400;13.11;13.15;13.06;13.06;1826
20160120 101600;13.06;13.13;12.97;13.11;3562
20160120 101700;13.1;13.12;13.1;13.11;1300
20160120 101800;13.08;13.08;13.08;13.08;200
20160120 101900;13.06;13.06;13.05;13.05;300
20160120 102000;13.03;13.03;13.03;13.03;200
20160120 103100;12.99;12.99;12.99;12.99;200
20160120 103300;13.01;13.01;13;13;400
20160120 103400;13.01;13.01;12.99;12.99;300
20160120 103500;12.97;12.97;12.97;12.97;200
20160120 103700;13.07;13.07;13.06;13.06;200
20160120 103800;13.093;13.093;13.01;13.01;600
20160120 103900;13.01;13.05;13.01;13.04;600
20160120 104000;13.05;13.1;12.88;12.8801;18760
20160120 104100;12.99;12.99;12.93;12.93;700
20160120 104200;13.01;13.01;12.94;12.94;1500
20160120 104300;12.94;12.97;12.91;12.9389;1000
20160120 104400;12.97;13;12.92;13;400
20160120 104500;13.03;13.03;13.03;13.03;100
20160120 104800;12.9496;12.9496;12.9496;12.9496;206
20160120 105500;12.99;12.99;12.98;12.98;300
20160120 105600;12.9706;12.9706;12.9706;12.9706;100
20160120 110300;12.89;13.005;12.87;13.005;716
20160120 110500;12.93;13.05;12.93;13.05;201
20160120 110600;13;13.03;13;13.03;3800
20160120 110900;12.89;12.93;12.89;12.93;800
20160120 111000;12.94;12.94;12.94;12.94;200
20160120 111300;12.981;12.99;12.95;12.9805;1300
20160120 111400;12.95;12.95;12.95;12.95;400
20160120 112800;12.94;12.94;12.94;12.94;100
20160120 113800;12.98;12.99;12.98;12.99;500
20160120 115200;12.96;12.96;12.91;12.91;2195
20160120 115400;12.9001;12.9516;12.9;12.9;1400
20160120 115700;12.9499;12.9499;12.9499;12.9499;992
20160120 115800;12.925;12.94;12.925;12.94;600
20160120 115900;12.95;12.95;12.95;12.95;300
20160120 120000;12.97;12.97;12.97;12.97;100
20160120 120700;12.95;12.95;12.95;12.95;100
20160120 121000;12.9;12.9;12.9;12.9;2500
20160120 121900;12.86;12.86;12.86;12.86;100
20160120 122100;12.88;12.88;12.88;12.88;100
20160120 122500;12.88;12.88;12.88;12.88;200
20160120 122600;12.87;12.87;12.85;12.87;2013
20160120 122700;12.8522;12.8522;12.8522;12.8522;1000
20160120 124000;12.8582;12.8582;12.85;12.85;643
20160120 124600;12.85;12.853;12.85;12.853;600
20160120 124800;12.8501;12.8501;12.8501;12.8501;300
20160120 125300;12.8693;12.8699;12.85;12.869;2300
20160120 125400;12.87;12.87;12.87;12.87;200
20160120 125600;12.87;12.87;12.85;12.87;2050
20160120 125900;12.87;12.9;12.87;12.9;200
20160120 132000;12.886;12.886;12.886;12.886;350
20160120 133200;12.92;12.92;12.92;12.92;100
20160120 133900;12.9318;12.9318;12.9318;12.9318;600
20160120 134200;12.8842;12.9203;12.8842;12.905;3300
20160120 134900;12.95;13;12.95;13;400
20160120 135400;13;13.02;13;13.02;250
20160120 135500;13.02;13.02;12.99;12.99;700
20160120 135600;12.99;12.99;12.99;12.99;200
20160120 135700;12.99;12.99;12.99;12.99;200
20160120 135800;12.99;12.99;12.99;12.99;200
20160120 135900;12.99;13.06;12.99;13.06;750
20160120 140000;13.06;13.06;13.01;13.01;550
20160120 140100;13.0099;13.01;13.005;13.01;1700
20160120 140200;13.06;13.06;13.05;13.05;1500
20160120 140300;13.04;13.04;12.99;12.99;700
20160120 140400;12.99;12.99;12.92;12.99;600
20160120 140500;12.99;13.12;12.99;13.12;500
20160120 140600;13.1;13.1;13.1;13.1;700
20160120 140700;13.1;13.1;13.1;13.1;200
20160120 140800;12.99;12.99;12.99;12.99;100
20160120 140900;12.99;12.99;12.99;12.99;200
20160120 141000;12.96;12.97;12.96;12.97;400
20160120 141100;13.085;13.085;13.085;13.085;100
20160120 141200;13.07;13.07;13.07;13.07;100
20160120 141300;12.9999;12.9999;12.96;12.96;200
20160120 142100;13.0699;13.0699;13.0699;13.0699;200
20160120 142200;13.07;13.07;13.07;13.07;100
20160120 142300;13.04;13.05;13.04;13.0401;300
20160120 142500;13.06;13.06;13.05;13.05;400
20160120 142700;12.99;12.99;12.99;12.99;200
20160120 142800;12.99;12.99;12.99;12.99;100
20160120 142900;12.9768;13;12.9768;13;1197
20160120 143000;13;13.03;13;13.03;300
20160120 143900;13.0358;13.0358;13.0358;13.0358;1000
20160120 144100;12.996;12.996;12.996;12.996;500
20160120 150800;13.0141;13.0141;13.0141;13.0141;500
20160120 151800;12.9863;12.9863;12.9863;12.9863;800
20160120 152800;12.98;12.98;12.98;12.98;100
20160120 153100;12.9903;12.9903;12.9903;12.9903;500
20160120 153200;13.017;13.017;13.017;13.017;400
20160120 153400;13.015;13.02;13.015;13.02;200
20160120 154400;13.01;13.01;13.01;13.01;500
20160120 154800;12.97;12.97;12.97;12.97;100
20160120 154900;13.01;13.02;13.01;13.02;200
20160120 155000;12.98;12.98;12.98;12.98;100
20160120 155800;12.97;12.97;12.97;12.97;100
20160120 155900;12.97;12.97;12.97;12.97;100
20160120 160000;12.97;12.97;12.96;12.96;304
20160121 094300;12.9599;12.9599;12.9599;12.9599;1200
20160121 094600;12.86;12.86;12.85;12.85;900
20160121 095200;12.86;12.8601;12.86;12.86;7400
20160121 095300;12.84;12.88;12.834;12.88;1400
20160121 095500;13;13;12.99;12.99;500
20160121 095600;12.99;12.99;12.98;12.98;800
20160121 101000;12.92;12.92;12.92;12.92;400
20160121 101100;12.85;12.85;12.85;12.85;100
20160121 101200;12.8462;12.8496;12.8462;12.8496;1700
20160121 101300;12.87;12.88;12.8685;12.88;1100
20160121 101400;12.96;12.96;12.92;12.92;400
20160121 101600;12.93;12.93;12.92;12.92;300
20160121 101800;12.87;12.8799;12.87;12.8795;900
20160121 102100;12.873;12.89;12.873;12.89;704
20160121 102200;12.945;12.945;12.9301;12.945;600
20160121 102300;12.93;12.93;12.93;12.93;200
20160121 102400;12.93;12.93;12.93;12.93;196
20160121 102800;12.87;12.9019;12.87;12.9019;600
20160121 102900;12.92;12.92;12.92;12.92;100
20160121 103000;12.93;12.93;12.93;12.93;300
20160121 103100;12.88;12.88;12.88;12.88;700
20160121 103800;12.88;12.88;12.88;12.88;300
20160121 103900;12.883;12.883;12.883;12.883;100
20160121 104300;12.93;12.93;12.9228;12.9228;2262
20160121 104400;12.94;12.94;12.94;12.94;500
20160121 104500;12.93;12.93;12.891;12.891;200
20160121 104600;12.9;12.96;12.8808;12.8808;1800
20160121 104800;12.94;12.94;12.94;12.94;900
20160121 104900;12.96;12.96;12.96;12.96;2723
20160121 105000;13.16;13.16;13.08;13.08;1100
20160121 105100;13.05;13.05;13.05;13.05;100
20160121 105300;13.12;13.1295;13.07;13.1295;300
20160121 105500;13.1155;13.19;13.1155;13.19;3900
20160121 110600;13.15;13.15;13.15;13.15;500
20160121 110700;13.15;13.16;13.15;13.16;400
20160121 110800;13.17;13.2;13.14;13.14;2400
20160121 111100;13.2;13.24;13.2;13.24;1800
20160121 111200;13.21;13.3;13.2001;13.26;800
20160121 111300;13.28;13.28;13.28;13.28;400
20160121 111500;13.19;13.19;13.17;13.19;800
20160121 111600;13.25;13.25;13.2;13.2;1200
20160121 111700;13.2;13.2;13.2;13.2;900
20160121 111800;13.2801;13.2801;13.2801;13.2801;1500
20160121 112100;13.3;13.3;13.255;13.255;700
20160121 112600;13.305;13.305;13.305;13.305;500
20160121 112700;13.26;13.26;13.25;13.26;500
20160121 112900;13.25;13.25;13.23;13.23;300
20160121 113800;13.25;13.25;13.25;13.25;100
20160121 114000;13.26;13.26;13.26;13.26;100
20160121 114600;13.24;13.24;13.24;13.24;100
20160121 114800;13.24;13.25;13.24;13.24;1000
20160121 114900;13.23;13.23;13.1801;13.19;2700
20160121 115000;13.19;13.2;13.19;13.19;2100
20160121 115100;13.2;13.2;13.2;13.2;700
20160121 115200;13.19;13.19;13.17;13.1799;1400
20160121 115300;13.17;13.17;13.17;13.17;1500
20160121 115400;13.16;13.16;13.16;13.16;100
20160121 115500;13.16;13.16;13.1205;13.1205;4000
20160121 115600;13.15;13.15;13.15;13.15;100
20160121 115700;13.14;13.15;13.129;13.14;1000
20160121 120000;13.15;13.17;13.15;13.17;600
20160121 120200;13.17;13.17;13.1505;13.1505;550
20160121 120300;13.24;13.24;13.24;13.24;100
20160121 120600;13.22;13.22;13.22;13.22;100
20160121 121300;13.21;13.21;13.21;13.21;500
20160121 121500;13.21;13.21;13.21;13.21;1000
20160121 122500;13.21;13.21;13.21;13.21;1100
20160121 122700;13.16;13.16;13.16;13.16;100
20160121 123500;13.14;13.14;13.14;13.14;400
20160121 123600;13.14;13.14;13.14;13.14;100
20160121 125600;13.14;13.14;13.12;13.12;400
20160121 130500;13.1501;13.1501;13.1501;13.1501;1000
20160121 130600;13.16;13.16;13.16;13.16;100
20160121 133600;13.16;13.16;13.1001;13.11;700
20160121 134800;13.162;13.162;13.162;13.162;700
20160121 140600;13.16;13.16;13.16;13.16;100
20160121 141000;13.18;13.2;13.18;13.2;600
20160121 141400;13.26;13.29;13.26;13.27;600
20160121 142300;13.2897;13.2897;13.2897;13.2897;395
20160121 145700;13.32;13.32;13.32;13.32;200
20160121 154500;13.33;13.33;13.33;13.33;300
20160121 154800;13.3499;13.3499;13.3499;13.3499;1000
20160121 155000;13.31;13.31;13.3;13.3;300
20160121 155400;13.28;13.3;13.28;13.3;524
20160121 155500;13.3;13.3022;13.3;13.3;2111
20160121 155600;13.3;13.3;13.3;13.3;200
20160121 155900;13.26;13.26;13.26;13.26;128
20160122 094200;13.43;13.43;13.42;13.43;400
20160122 094300;13.44;13.44;13.44;13.44;400
20160122 095200;13.51;13.51;13.49;13.49;691
20160122 095300;13.514;13.514;13.451;13.4515;2842
20160122 095700;13.52;13.52;13.5;13.5;700
20160122 095800;13.48;13.48;13.48;13.48;100
20160122 095900;13.5;13.5;13.5;13.5;100
20160122 100100;13.47;13.47;13.47;13.47;100
20160122 100200;13.51;13.51;13.51;13.51;100
20160122 100400;13.56;13.56;13.44;13.44;200
20160122 100700;13.54;13.54;13.54;13.54;100
20160122 100900;13.42;13.42;13.42;13.42;100
20160122 101800;13.4701;13.4701;13.47;13.47;3096
20160122 102000;13.34;13.34;13.34;13.34;100
20160122 102300;13.558;13.558;13.558;13.558;100
20160122 102600;13.49;13.49;13.46;13.46;500
20160122 103300;13.47;13.47;13.47;13.47;100
20160122 103400;13.61;13.61;13.6;13.6;700
20160122 103500;13.5599;13.63;13.535;13.63;500
20160122 103600;13.65;13.6599;13.65;13.6599;200
20160122 103700;13.65;13.65;13.65;13.65;600
20160122 103800;13.6;13.64;13.6;13.64;200
20160122 103900;13.67;13.67;13.67;13.67;200
20160122 104200;13.67;13.67;13.555;13.6;2000
20160122 104300;13.6399;13.6399;13.58;13.58;1400
20160122 104400;13.6;13.6;13.6;13.6;100
20160122 104500;13.7;13.71;13.7;13.7;600
20160122 104600;13.69;13.69;13.61;13.61;600
20160122 104700;13.7;13.7;13.695;13.7;900
20160122 104800;13.7;13.7;13.585;13.62;2172
20160122 104900;13.6399;13.69;13.59;13.69;3000
20160122 105000;13.71;13.71;13.71;13.71;628
20160122 105200;13.6101;13.6101;13.6101;13.6101;400
20160122 105500;13.6399;13.6399;13.62;13.62;300
20160122 105600;13.62;13.62;13.59;13.61;800
20160122 105800;13.55;13.56;13.55;13.56;600
20160122 105900;13.5505;13.5505;13.54;13.54;500
20160122 110000;13.54;13.6;13.51;13.51;800
20160122 110100;13.52;13.52;13.48;13.48;300
20160122 110200;13.51;13.51;13.51;13.51;200
20160122 111200;13.5199;13.5199;13.39;13.42;3000
20160122 111300;13.47;13.47;13.47;13.47;100
20160122 111800;13.62;13.62;13.48;13.48;200
20160122 111900;13.54;13.54;13.53;13.53;500
20160122 112000;13.46;13.519;13.46;13.5;700
20160122 112400;13.478;13.478;13.478;13.478;500
20160122 120200;13.53;13.53;13.53;13.53;200
20160122 120700;13.52;13.52;13.52;13.52;200
20160122 124100;13.5;13.5;13.5;13.5;100
20160122 130300;13.4048;13.4048;13.4048;13.4048;363
20160122 130800;13.49;13.49;13.49;13.49;100
20160122 141200;13.618;13.618;13.58;13.58;2100
20160122 141800;13.6;13.61;13.595;13.61;4200
20160122 144200;13.5591;13.5591;13.5591;13.5591;800
20160122 144500;13.49;13.49;13.488;13.488;200
20160122 150800;13.5599;13.5599;13.5599;13.5599;375
20160122 153500;13.53;13.54;13.51;13.53;3300
20160122 153700;13.5;13.5;13.5;13.5;600
20160122 153800;13.51;13.51;13.51;13.51;100
20160122 154100;13.5099;13.5099;13.5099;13.5099;125
20160122 154200;13.447;13.447;13.447;13.447;100
20160122 154600;13.4448;13.4448;13.4448;13.4448;100
20160122 154900;13.4448;13.4448;13.4448;13.4448;100
20160122 155000;13.47;13.5;13.464;13.5;2700
20160122 155100;13.464;13.47;13.464;13.47;400
20160122 155300;13.4664;13.4664;13.4664;13.4664;100
20160122 155400;13.4664;13.4664;13.4664;13.4664;100
20160122 155500;13.4664;13.4664;13.4664;13.4664;200
20160122 155600;13.4664;13.4664;13.4664;13.4664;100
20160122 155900;13.458;13.458;13.458;13.458;100
20160122 160000;13.45;13.45;13.45;13.45;100
20160125 094000;13.37;13.37;13.37;13.37;200
20160125 094100;13.41;13.41;13.41;13.41;100
20160125 094300;13.485;13.49;13.35;13.35;800
20160125 100200;13.55;13.55;13.4701;13.4701;200
20160125 100300;13.48;13.48;13.48;13.48;200
20160125 101500;13.5555;13.5555;13.5555;13.5555;300
20160125 101800;13.51;13.51;13.47;13.47;492
20160125 102300;13.54;13.54;13.54;13.54;600
20160125 102400;13.52;13.52;13.52;13.52;200
20160125 102500;13.59;13.6;13.51;13.51;1300
20160125 102700;13.53;13.53;13.53;13.53;100
20160125 102800;13.53;13.5399;13.53;13.53;800
20160125 102900;13.54;13.58;13.54;13.58;1000
20160125 103000;13.6;13.6;13.58;13.58;521
20160125 103100;13.5;13.5;13.5;13.5;200
20160125 103300;13.52;13.52;13.52;13.52;100
20160125 103500;13.5195;13.5395;13.5195;13.5395;500
20160125 103600;13.52;13.53;13.52;13.53;300
20160125 103700;13.58;13.665;13.58;13.62;1000
20160125 103800;13.6101;13.615;13.53;13.53;1500
20160125 103900;13.53;13.53;13.53;13.53;1300
20160125 104100;13.52;13.52;13.52;13.52;500
20160125 104200;13.52;13.53;13.52;13.53;300
20160125 104300;13.6;13.6;13.6;13.6;700
20160125 110200;13.5;13.5;13.5;13.5;300
20160125 113200;13.55;13.55;13.55;13.55;300
20160125 113300;13.58;13.58;13.58;13.58;100
20160125 113400;13.58;13.58;13.58;13.58;100
20160125 113500;13.58;13.58;13.58;13.58;100
20160125 113600;13.58;13.58;13.58;13.58;100
20160125 113800;13.5601;13.57;13.5601;13.57;300
20160125 114700;13.54;13.55;13.54;13.55;300
20160125 115000;13.57;13.59;13.57;13.59;200
20160125 115100;13.58;13.58;13.57;13.57;200
20160125 120900;13.58;13.58;13.58;13.58;200
20160125 121000;13.57;13.57;13.54;13.54;200
20160125 121500;13.55;13.58;13.55;13.58;200
20160125 122100;13.54;13.55;13.54;13.55;300
20160125 122200;13.58;13.58;13.58;13.58;200
20160125 122500;13.56;13.57;13.56;13.57;500
20160125 123000;13.55;13.55;13.55;13.55;300
20160125 123500;13.5599;13.5599;13.5599;13.5599;300
20160125 123600;13.53;13.53;13.53;13.53;304
20160125 123900;13.55;13.58;13.55;13.57;400
20160125 124000;13.56;13.56;13.5354;13.54;977
20160125 124200;13.568;13.568;13.568;13.568;1000
20160125 124500;13.58;13.58;13.58;13.58;100
20160125 130400;13.5906;13.5906;13.5906;13.5906;400
20160125 130800;13.55;13.5944;13.55;13.5944;450
20160125 131400;13.56;13.56;13.56;13.56;100
20160125 133300;13.5713;13.5713;13.5713;13.5713;400
20160125 133800;13.58;13.58;13.58;13.58;300
20160125 134600;13.6799;13.6799;13.6799;13.6799;700
20160125 134800;13.597;13.597;13.597;13.597;200
20160125 144000;13.5738;13.5738;13.5738;13.5738;302
20160125 150300;13.575;13.575;13.575;13.575;100
20160125 151600;13.55;13.55;13.55;13.55;100
20160125 152100;13.586;13.586;13.586;13.586;300
20160125 152300;13.5563;13.5563;13.5563;13.5563;1000
20160125 153000;13.55;13.55;13.55;13.55;300
20160125 153300;13.51;13.51;13.51;13.51;500
20160125 153400;13.51;13.51;13.51;13.51;700
20160125 153500;13.42;13.42;13.42;13.42;100
20160125 153600;13.44;13.44;13.44;13.44;200
20160125 153700;13.44;13.4499;13.44;13.44;800
20160125 160000;13.39;13.39;13.39;13.39;200
20160126 093200;13.38;13.4;13.38;13.4;600
20160126 094000;13.45;13.45;13.45;13.45;100
20160126 095100;13.4801;13.51;13.4801;13.51;400
20160126 101000;13.5001;13.525;13.5001;13.525;200
20160126 101100;13.5001;13.525;13.5001;13.525;200
20160126 101200;13.5201;13.525;13.5201;13.525;200
20160126 101300;13.49;13.49;13.49;13.49;100
20160126 101700;13.47;13.47;13.46;13.46;300
20160126 102000;13.4205;13.49;13.4205;13.49;675
20160126 102600;13.497;13.497;13.497;13.497;100
20160126 103100;13.5;13.5;13.5;13.5;200
20160126 104000;13.5;13.5;13.5;13.5;200
20160126 104100;13.55;13.55;13.55;13.55;100
20160126 104200;13.55;13.55;13.55;13.55;300
20160126 104300;13.6;13.61;13.6;13.6;900
20160126 104400;13.65;13.65;13.65;13.65;601
20160126 104500;13.66;13.66;13.66;13.66;298
20160126 104800;13.66;13.66;13.66;13.66;900
20160126 104900;13.59;13.59;13.59;13.59;100
20160126 105100;13.605;13.61;13.605;13.61;200
20160126 105600;13.62;13.62;13.62;13.62;500
20160126 105800;13.62;13.62;13.62;13.62;100
20160126 105900;13.62;13.62;13.62;13.62;200
20160126 110000;13.61;13.62;13.61;13.62;300
20160126 110400;13.64;13.64;13.64;13.64;100
20160126 110500;13.69;13.69;13.69;13.69;800
20160126 110600;13.63;13.63;13.63;13.63;100
20160126 110700;13.63;13.63;13.63;13.63;100
20160126 110900;13.64;13.64;13.63;13.64;500
20160126 111000;13.64;13.64;13.64;13.64;400
20160126 111100;13.64;13.64;13.64;13.64;100
20160126 111200;13.64;13.64;13.64;13.64;200
20160126 111300;13.68;13.7;13.68;13.7;1100
20160126 111400;13.69;13.69;13.575;13.6199;800
20160126 115600;13.6088;13.6088;13.6088;13.6088;360
20160126 121700;13.64;13.64;13.64;13.64;100
20160126 122000;13.6414;13.6414;13.6414;13.6414;100
20160126 123600;13.6262;13.6262;13.6262;13.6262;500
20160126 123900;13.645;13.645;13.6101;13.6101;500
20160126 124000;13.63;13.645;13.63;13.645;450
20160126 124100;13.645;13.645;13.645;13.645;250
20160126 124200;13.645;13.645;13.645;13.645;250
20160126 124400;13.641;13.668;13.641;13.668;1000
20160126 125900;13.67;13.67;13.67;13.67;100
20160126 130000;13.6703;13.6703;13.6703;13.6703;1800
20160126 130900;13.595;13.595;13.595;13.595;130
20160126 131000;13.61;13.61;13.61;13.61;200
20160126 132100;13.64;13.64;13.64;13.64;100
20160126 133200;13.66;13.66;13.59;13.59;9288
20160126 133500;13.645;13.645;13.58;13.6;800
20160126 133600;13.6;13.6;13.6;13.6;100
20160126 141200;13.6398;13.6398;13.6398;13.6398;300
20160126 141600;13.6115;13.6115;13.611;13.611;400
20160126 142200;13.64;13.64;13.64;13.64;100
20160126 142900;13.624;13.6242;13.624;13.6242;200
20160126 143300;13.69;13.69;13.6761;13.6761;3500
20160126 143600;13.6602;13.6602;13.6602;13.6602;1000
20160126 145100;13.655;13.655;13.655;13.655;500
20160126 150700;13.6;13.6;13.6;13.6;100
20160126 153700;13.62;13.67;13.62;13.6201;2200
20160126 155000;13.61;13.63;13.61;13.63;500
20160126 155300;13.69;13.69;13.69;13.69;100
20160126 155400;13.69;13.7;13.69;13.7;200
20160126 155500;13.7;13.71;13.69;13.69;600
20160126 155600;13.69;13.71;13.69;13.71;300
20160126 155700;13.68;13.68;13.67;13.67;300
20160126 155800;13.67;13.67;13.67;13.67;100
20160126 160000;13.71;13.71;13.71;13.71;192
20160127 093300;13.6416;13.6416;13.6416;13.6416;2000
20160127 093700;13.6;13.6;13.58;13.58;407
20160127 093900;13.57;13.57;13.57;13.57;300
20160127 094000;13.57;13.57;13.57;13.57;100
20160127 094100;13.57;13.57;13.57;13.57;100
20160127 094200;13.57;13.57;13.57;13.57;100
20160127 094700;13.57;13.57;13.57;13.57;100
20160127 095300;13.52;13.59;13.52;13.59;200
20160127 095500;13.53;13.53;13.53;13.53;100
20160127 100200;13.5865;13.5865;13.5865;13.5865;1500
20160127 100400;13.52;13.57;13.52;13.57;200
20160127 100500;13.563;13.563;13.563;13.563;375
20160127 100600;13.55;13.55;13.55;13.55;100
20160127 100900;13.56;13.56;13.56;13.56;100
20160127 101000;13.58;13.58;13.58;13.58;100
20160127 101100;13.57;13.57;13.57;13.57;400
20160127 101300;13.57;13.57;13.57;13.57;100
20160127 101400;13.58;13.58;13.57;13.57;2391
20160127 101700;13.57;13.58;13.57;13.58;1140
20160127 102100;13.55;13.5799;13.55;13.57;400
20160127 102200;13.57;13.5795;13.55;13.55;300
20160127 102300;13.56;13.58;13.56;13.58;1000
20160127 102400;13.74;13.74;13.69;13.71;700
20160127 102500;13.6503;13.6503;13.6503;13.6503;200
20160127 102600;13.67;13.67;13.615;13.6299;900
20160127 102800;13.62;13.63;13.62;13.63;500
20160127 103500;13.61;13.61;13.61;13.61;100
20160127 103700;13.62;13.62;13.62;13.62;100
20160127 103900;13.66;13.66;13.58;13.58;600
20160127 104100;13.63;13.7;13.63;13.7;700
20160127 104300;13.7;13.7001;13.7;13.7001;1200
20160127 104500;13.68;13.6802;13.585;13.6299;1370
20160127 104600;13.56;13.56;13.56;13.56;100
20160127 104700;13.62;13.62;13.62;13.62;400
20160127 104800;13.63;13.63;13.62;13.63;770
20160127 105900;13.57;13.57;13.57;13.57;100
20160127 110400;13.56;13.56;13.56;13.56;100
20160127 110600;13.62;13.62;13.62;13.62;300
20160127 110700;13.62;13.6295;13.62;13.6295;200
20160127 110800;13.66;13.66;13.66;13.66;100
20160127 110900;13.66;13.66;13.66;13.66;200
20160127 111900;13.6875;13.69;13.6875;13.69;1300
20160127 112000;13.67;13.67;13.67;13.67;100
20160127 112100;13.648;13.648;13.62;13.62;933
20160127 112400;13.64;13.64;13.64;13.64;100
20160127 112500;13.68;13.68;13.67;13.67;400
20160127 112600;13.65;13.65;13.65;13.65;100
20160127 112900;13.656;13.656;13.656;13.656;100
20160127 113300;13.6899;13.6899;13.6899;13.6899;100
20160127 115500;13.66;13.66;13.66;13.66;100
20160127 115700;13.69;13.73;13.69;13.73;1400
20160127 115900;13.7532;13.7532;13.7532;13.7532;500
20160127 120000;13.7532;13.7532;13.7532;13.7532;500
20160127 120100;13.77;13.77;13.77;13.77;100
20160127 120300;13.7301;13.7301;13.7301;13.7301;765
20160127 120400;13.7744;13.7744;13.74;13.74;1365
20160127 120500;13.7738;13.7738;13.7738;13.7738;265
20160127 120600;13.73;13.73;13.73;13.73;100
20160127 120700;13.7638;13.7638;13.71;13.7588;1130
20160127 120800;13.71;13.71;13.7;13.7;1900
20160127 121100;13.7599;13.7599;13.7599;13.7599;300
20160127 121500;13.75;13.76;13.75;13.76;300
20160127 121900;13.78;13.78;13.77;13.77;300
20160127 122000;13.76;13.76;13.725;13.7299;800
20160127 122100;13.74;13.74;13.74;13.74;200
20160127 122200;13.75;13.75;13.75;13.75;300
20160127 122300;13.77;13.77;13.77;13.77;100
20160127 122400;13.77;13.77;13.77;13.77;100
20160127 122800;13.79;13.79;13.79;13.79;100
20160127 123600;13.77;13.77;13.75;13.75;200
20160127 124600;13.77;13.77;13.77;13.77;100
20160127 125000;13.75;13.75;13.74;13.74;300
20160127 125100;13.73;13.73;13.73;13.73;100
20160127 132800;13.739;13.739;13.739;13.739;100
20160127 140200;13.71;13.71;13.71;13.71;100
20160127 140700;13.68;13.7018;13.62;13.7018;8845
20160127 140800;13.7;13.7;13.7;13.7;100
20160127 141100;13.654;13.734;13.654;13.734;800
20160127 141700;13.67;13.67;13.66;13.66;300
20160127 142700;13.75;13.75;13.75;13.75;100
20160127 143800;13.66;13.66;13.66;13.66;200
20160127 143900;13.66;13.66;13.66;13.66;200
20160127 144000;13.64;13.64;13.63;13.63;200
20160127 144500;13.66;13.66;13.66;13.66;400
20160127 144700;13.656;13.656;13.656;13.656;100
20160127 145000;13.68;13.68;13.68;13.68;100
20160127 145100;13.66;13.71;13.66;13.71;600
20160127 145200;13.71;13.71;13.68;13.68;400
20160127 145300;13.715;13.715;13.715;13.715;100
20160127 150900;13.6746;13.6746;13.6746;13.6746;500
20160127 151800;13.62;13.62;13.61;13.61;693
20160127 152000;13.62;13.62;13.62;13.62;100
20160127 152100;13.62;13.64;13.62;13.64;400
20160127 152200;13.64;13.69;13.64;13.69;1407
20160127 152300;13.7;13.7;13.7;13.7;800
20160127 152400;13.67;13.67;13.67;13.67;100
20160127 152500;13.72;13.72;13.7;13.7;700
20160127 152600;13.72;13.72;13.645;13.66;1407
20160127 152700;13.71;13.72;13.66;13.66;1000
20160127 152800;13.68;13.68;13.68;13.68;200
20160127 152900;13.68;13.7398;13.68;13.7398;750
20160127 153000;13.73;13.73;13.67;13.67;500
20160127 153100;13.74;13.74;13.74;13.74;700
20160127 153200;13.68;13.74;13.665;13.69;700
20160127 153300;13.68;13.68;13.68;13.68;300
20160127 153400;13.68;13.69;13.68;13.69;400
20160127 153500;13.7;13.7;13.7;13.7;100
20160127 154600;13.65;13.65;13.65;13.65;213
20160127 155700;13.63;13.67;13.63;13.6538;2114
20160127 155900;13.64;13.67;13.64;13.67;500
20160127 160000;13.64;13.64;13.61;13.61;300
20160128 094000;13.675;13.675;13.63;13.6395;700
20160128 094100;13.64;13.7357;13.64;13.7;1350
20160128 094200;13.7;13.7;13.7;13.7;200
20160128 094300;13.7;13.7;13.63;13.63;400
20160128 094400;13.63;13.63;13.63;13.63;300
20160128 094500;13.63;13.65;13.63;13.65;1900
20160128 094600;13.64;13.7399;13.64;13.7399;800
20160128 094800;13.72;13.72;13.72;13.72;100
20160128 094900;13.72;13.74;13.7;13.74;2900
20160128 095000;13.74;13.74;13.72;13.72;600
20160128 095100;13.74;13.74;13.74;13.74;600
20160128 095200;13.77;13.78;13.75;13.75;700
20160128 100000;13.76;13.76;13.76;13.76;200
20160128 101300;13.7499;13.75;13.7499;13.75;400
20160128 101400;13.73;13.74;13.73;13.74;700
20160128 101700;13.75;13.75;13.75;13.75;300
20160128 101800;13.76;13.76;13.76;13.76;200
20160128 102000;13.78;13.84;13.78;13.84;1200
20160128 102100;13.87;13.89;13.87;13.87;1400
20160128 102200;13.86;13.86;13.86;13.86;300
20160128 102300;13.85;13.85;13.84;13.84;500
20160128 102400;13.84;13.84;13.84;13.84;800
20160128 102500;13.85;13.85;13.84;13.84;316
20160128 102600;13.888;13.888;13.888;13.888;200
20160128 102900;13.84;13.84;13.84;13.84;100
20160128 103000;13.84;13.84;13.84;13.84;100
20160128 103300;13.84;13.84;13.84;13.84;100
20160128 103400;13.855;13.94;13.84;13.94;8050
20160128 103500;13.92;13.92;13.88;13.88;800
20160128 103600;13.9;13.9;13.89;13.89;416
20160128 103700;13.89;13.89;13.89;13.89;200
20160128 104100;13.84;13.84;13.84;13.84;100
20160128 104300;13.86;13.86;13.84;13.86;1984
20160128 104400;13.86;13.89;13.86;13.89;600
20160128 104600;13.89;13.89;13.89;13.89;100
20160128 104700;13.87;13.87;13.87;13.87;100
20160128 104800;13.88;13.89;13.87;13.877;1515
20160128 105400;13.9;13.93;13.9;13.93;1000
20160128 105500;13.92;13.92;13.92;13.92;299
20160128 110300;13.93;13.93;13.93;13.93;10100
20160128 110400;13.86;13.87;13.835;13.86;3500
20160128 111000;13.857;13.857;13.83;13.83;2000
20160128 111200;13.83;13.83;13.83;13.83;100
20160128 111300;13.83;13.83;13.8155;13.8155;700
20160128 111600;13.82;13.82;13.81;13.81;300
20160128 112000;13.81;13.81;13.79;13.8;600
20160128 112100;13.8;13.8;13.8;13.8;100
20160128 112300;13.8;13.8;13.8;13.8;100
20160128 112500;13.81;13.81;13.81;13.81;100
20160128 112600;13.81;13.82;13.81;13.82;900
20160128 112700;13.82;13.82;13.82;13.82;201
20160128 113700;13.78;13.78;13.78;13.78;300
20160128 113900;13.76;13.76;13.74;13.76;1300
20160128 114000;13.75;13.75;13.74;13.74;400
20160128 114800;13.75;13.76;13.75;13.76;500
20160128 115600;13.76;13.76;13.76;13.76;100
20160128 120500;13.775;13.78;13.77;13.77;1900
20160128 120600;13.77;13.77;13.77;13.77;300
20160128 120700;13.79;13.79;13.79;13.79;100
20160128 123700;13.83;13.83;13.82;13.82;400
20160128 130900;13.8201;13.8201;13.8201;13.8201;100
20160128 132100;13.84;13.84;13.82;13.82;2349
20160128 132200;13.7701;13.8;13.77;13.77;1700
20160128 132600;13.79;13.79;13.79;13.79;200
20160128 132700;13.77;13.77;13.77;13.77;200
20160128 132800;13.8;13.8;13.8;13.8;100
20160128 132900;13.8;13.8;13.8;13.8;300
20160128 133000;13.8;13.8;13.8;13.8;100
20160128 133100;13.8;13.8;13.8;13.8;100
20160128 133300;13.8;13.8;13.8;13.8;100
20160128 133400;13.8;13.82;13.8;13.82;1300
20160128 133500;13.84;13.84;13.84;13.84;100
20160128 135500;13.79;13.79;13.79;13.79;100
20160128 140600;13.8001;13.8001;13.8001;13.8001;100
20160128 141000;13.8001;13.8001;13.8001;13.8001;100
20160128 141400;13.8001;13.8001;13.8001;13.8001;100
20160128 141800;13.79;13.8356;13.79;13.8356;551
20160128 142100;13.7901;13.7901;13.7901;13.7901;100
20160128 142400;13.8057;13.8057;13.8057;13.8057;600
20160128 142500;13.7901;13.7901;13.7901;13.7901;100
20160128 142900;13.7901;13.7901;13.7901;13.7901;100
20160128 143100;13.85;13.85;13.85;13.85;1000
20160128 143300;13.8001;13.8001;13.8001;13.8001;100
20160128 143600;13.8001;13.8001;13.8001;13.8001;100
20160128 144000;13.8001;13.8001;13.8001;13.8001;100
20160128 144400;13.8;13.8;13.8;13.8;100
20160128 144700;13.7901;13.7901;13.7901;13.7901;100
20160128 145100;13.7901;13.7901;13.7901;13.7901;100
20160128 145400;13.7901;13.7901;13.7901;13.7901;100
20160128 145800;13.7901;13.7901;13.7901;13.7901;100
20160128 150100;13.7901;13.7901;13.7901;13.7901;100
20160128 150400;13.7901;13.7901;13.7901;13.7901;100
20160128 150700;13.79;13.8134;13.79;13.791;700
20160128 151000;13.7901;13.7901;13.7901;13.7901;100
20160128 151300;13.84;13.86;13.82;13.86;800
20160128 151400;13.85;13.85;13.85;13.85;100
20160128 151700;13.86;13.86;13.85;13.85;200
20160128 151900;13.84;13.84;13.8201;13.8201;900
20160128 152200;13.8101;13.8101;13.8101;13.8101;100
20160128 152400;13.8101;13.8101;13.8101;13.8101;100
20160128 152700;13.82;13.82;13.82;13.82;100
20160128 152900;13.84;13.87;13.84;13.86;500
20160128 153000;13.88;13.9;13.85;13.85;800
20160128 153100;13.85;13.91;13.85;13.91;600
20160128 153200;13.91;13.91;13.85;13.85;1000
20160128 153300;13.91;13.91;13.84;13.84;500
20160128 153400;13.86;13.86;13.85;13.86;400
20160128 153500;13.88;13.93;13.87;13.93;1000
20160128 153600;13.94;13.96;13.94;13.96;1600
20160128 153700;13.8799;13.8799;13.86;13.87;300
20160128 153800;13.88;13.96;13.88;13.96;800
20160128 153900;13.88;13.88;13.86;13.87;500
20160128 154000;13.88;13.95;13.88;13.94;1400
20160128 154300;13.87;13.87;13.86;13.87;300
20160128 154400;13.87;13.87;13.8331;13.85;700
20160128 154500;13.85;13.85;13.85;13.85;300
20160128 154800;13.8301;13.8301;13.8301;13.8301;100
20160128 154900;13.8301;13.8301;13.8301;13.8301;100
20160128 155000;13.8301;13.8301;13.8301;13.8301;100
20160128 155200;13.8301;13.8301;13.8301;13.8301;100
20160128 155300;13.8301;13.8301;13.8301;13.8301;100
20160128 155400;13.8301;13.8301;13.8301;13.8301;100
20160128 155500;13.84;13.84;13.84;13.84;100
20160128 155600;13.84;13.84;13.84;13.84;200
20160128 155700;13.83;13.83;13.83;13.83;100
20160128 155800;13.83;13.83;13.82;13.82;200
20160128 155900;13.82;13.86;13.81;13.81;400
20160128 160000;13.82;13.86;13.8101;13.85;600
20160128 161700;13.7747;13.7747;13.7747;13.7747;10573
20160129 093500;13.88;13.88;13.88;13.88;100
20160129 093600;13.91;13.91;13.91;13.91;100
20160129 094000;13.95;13.95;13.95;13.95;246
20160129 094100;13.94;13.94;13.94;13.94;100
20160129 094200;13.97;14.08;13.97;14.08;800
20160129 094500;13.97;14.01;13.97;14.01;600
20160129 095400;14.01;14.01;14.01;14.01;700
20160129 095600;13.99;13.99;13.98;13.98;300
20160129 100000;14.01;14.01;14.01;14.01;1100
20160129 100300;14.04;14.04;14.04;14.04;100
20160129 100500;14.04;14.065;14.0301;14.0301;600
20160129 100600;14.03;14.03;14.03;14.03;200
20160129 101000;14.09;14.11;14.09;14.11;1260
20160129 101100;14.11;14.11;14.0989;14.1;800
20160129 101200;14.1;14.1;14.09;14.09;500
20160129 101300;14.1;14.1;14.1;14.1;400
20160129 101400;14.1;14.1;14.1;14.1;400
20160129 101500;14.1;14.1;14.06;14.06;1600
20160129 101700;14.06;14.1;14.06;14.1;1900
20160129 101800;14.06;14.09;14.06;14.09;300
20160129 101900;14.1;14.11;14.061;14.07;1580
20160129 102000;14.07;14.08;14.07;14.08;500
20160129 102200;14.1;14.1;14.1;14.1;100
20160129 102400;14.11;14.11;14.11;14.11;300
20160129 102500;14.1;14.1;14.1;14.1;100
20160129 102800;14.1;14.1;14.1;14.1;599
20160129 103400;14.0515;14.09;14.05;14.05;5200
20160129 103500;14.01;14.05;14.0004;14.01;2000
20160129 103600;14.01;14.01;14.01;14.01;490
20160129 110900;13.96;13.97;13.96;13.97;300
20160129 111000;13.98;13.99;13.98;13.99;300
20160129 111300;14.022;14.022;14.022;14.022;150
20160129 111800;14.02;14.04;14.02;14.04;403
20160129 111900;14.05;14.05;14.04;14.04;300
20160129 112000;14.05;14.05;14.05;14.05;200
20160129 112200;14.05;14.05;14.05;14.05;100
20160129 112300;14.03;14.03;14.03;14.03;100
20160129 112400;14.01;14.04;14.01;14.01;300
20160129 112500;14;14;13.99;14;400
20160129 113400;14;14.02;13.99;14.01;1100
20160129 113500;14.03;14.03;14.03;14.03;100
20160129 113700;14.03;14.04;14.03;14.04;701
20160129 113800;14.04;14.04;14.04;14.04;399
20160129 115300;14.0288;14.0288;14.0288;14.0288;530
20160129 115600;14.03;14.03;14.02;14.02;300
20160129 120500;14.03;14.03;14.03;14.03;100
20160129 121900;14.06;14.06;14.05;14.06;1700
20160129 122000;14.08;14.09;14.08;14.09;600
20160129 122100;14.09;14.09;14.09;14.09;116
20160129 124500;14.1199;14.1199;14.1199;14.1199;100
20160129 125500;14.12;14.12;14.12;14.12;1400
20160129 125600;14.129;14.13;14.129;14.13;500
20160129 125700;14.13;14.13;14.13;14.13;200
20160129 125800;14.1;14.1;14.1;14.1;200
20160129 130600;14.1368;14.1368;14.1368;14.1368;884
20160129 131300;14.108;14.108;14.108;14.108;1000
20160129 131600;14.144;14.144;14.12;14.12;400
20160129 131700;14.08;14.1;14.08;14.1;400
20160129 131900;14.1;14.1;14.1;14.1;100
20160129 132100;14.1;14.11;14.1;14.11;200
20160129 132200;14.15;14.15;14.15;14.15;100
20160129 132300;14.16;14.16;14.16;14.16;400
20160129 132400;14.16;14.18;14.16;14.17;1406
20160129 132500;14.17;14.17;14.17;14.17;394
20160129 133000;14.16;14.16;14.14;14.14;400
20160129 133100;14.15;14.15;14.15;14.15;500
20160129 133200;14.17;14.17;14.14;14.14;1300
20160129 133300;14.14;14.14;14.14;14.14;600
20160129 133400;14.14;14.14;14.14;14.14;200
20160129 133500;14.17;14.18;14.17;14.18;1700
20160129 133700;14.17;14.17;14.17;14.17;713
20160129 134000;14.16;14.16;14.14;14.14;200
20160129 135000;14.1103;14.1103;14.1103;14.1103;101
20160129 140200;14.14;14.17;14.09;14.09;500
20160129 140800;14.14;14.14;14.14;14.14;100
20160129 141000;14.14;14.153;14.14;14.153;600
20160129 141600;14.1375;14.1375;14.1375;14.1375;100
20160129 152500;14.178;14.178;14.178;14.178;200
20160129 152700;14.18;14.18;14.18;14.18;300
20160129 153000;14.197;14.197;14.197;14.197;100
20160129 154500;14.18;14.1801;14.18;14.1801;1000
20160129 154600;14.18;14.18;14.18;14.18;440
20160129 154700;14.18;14.18;14.1757;14.1757;300
20160129 155100;14.18;14.1889;14.18;14.1889;1460
20160129 155200;14.2;14.21;14.2;14.21;1500
20160129 155300;14.2;14.2199;14.2;14.2199;490
20160129 155400;14.2;14.2;14.2;14.2;100
20160129 155700;14.22;14.22;14.22;14.22;100
20160129 155800;14.22;14.22;14.22;14.22;100
20160129 155900;14.22;14.22;14.21;14.21;500
20160201 093200;14.3069;14.3069;14.3069;14.3069;117
20160201 093300;14.3085;14.3085;14.25;14.25;714
20160201 093400;14.15;14.15;14.11;14.14;900
20160201 093500;14.13;14.13;14.13;14.13;800
20160201 093600;14.13;14.13;14.13;14.13;200
20160201 093700;14.12;14.12;14.12;14.12;100
20160201 093800;14.12;14.12;14.12;14.12;301
20160201 094000;14.11;14.11;14.11;14.11;200
20160201 094100;14.13;14.13;14.1201;14.1201;200
20160201 094300;14.11;14.11;14.08;14.08;200
20160201 094700;14.08;14.08;14.08;14.08;241
20160201 094800;14.12;14.28;14.12;14.28;2634
20160201 095800;14.33;14.33;14.33;14.33;308
20160201 100100;14.27;14.27;14.27;14.27;300
20160201 100300;14.17;14.17;14.17;14.17;1400
20160201 100400;14.188;14.2;14.17;14.2;1187
20160201 100500;14.19;14.19;14.17;14.17;200
20160201 100600;14.11;14.13;14.11;14.13;200
20160201 100700;14.13;14.13;14.13;14.13;200
20160201 100800;14.14;14.14;14.14;14.14;600
20160201 101100;14.15;14.15;14.15;14.15;100
20160201 101400;14.16;14.18;14.16;14.18;200
20160201 101500;14.16;14.16;14.16;14.16;500
20160201 101600;14.16;14.21;14.15;14.21;700
20160201 101700;14.25;14.25;14.25;14.25;100
20160201 102000;14.22;14.292;14.22;14.25;926
20160201 102100;14.26;14.27;14.26;14.27;600
20160201 102200;14.275;14.275;14.21;14.21;900
20160201 102300;14.269;14.29;14.269;14.29;600
20160201 102400;14.28;14.28;14.28;14.28;400
20160201 102500;14.14;14.16;14.14;14.16;700
20160201 102600;14.29;14.29;14.29;14.29;400
20160201 102700;14.305;14.305;14.28;14.28;1000
20160201 102800;14.29;14.29;14.29;14.29;600
20160201 102900;14.21;14.3;14.21;14.3;500
20160201 103000;14.33;14.33;14.33;14.33;300
20160201 103100;14.2;14.32;14.2;14.32;500
20160201 103200;14.19;14.19;14.17;14.17;300
20160201 103300;14.17;14.17;14.17;14.17;600
20160201 103400;14.17;14.19;14.17;14.19;300
20160201 103500;14.17;14.19;14.17;14.18;600
20160201 103600;14.18;14.18;14.18;14.18;500
20160201 103700;14.18;14.18;14.17;14.17;700
20160201 103800;14.18;14.18;14.17;14.17;600
20160201 103900;14.17;14.17;14.17;14.17;600
20160201 104000;14.16;14.17;14.16;14.17;300
20160201 104700;14.21;14.21;14.21;14.21;100
20160201 104800;14.21;14.218;14.21;14.218;500
20160201 105000;14.2;14.2;14.2;14.2;413
20160201 105100;14.2;14.2;14.17;14.17;400
20160201 105200;14.17;14.17;14.14;14.14;1080
20160201 105300;14.14;14.14;14.14;14.14;100
20160201 105400;14.1399;14.1399;14.13;14.13;200
20160201 105600;14.15;14.16;14.14;14.16;600
20160201 105700;14.14;14.14;14.13;14.13;500
20160201 110000;14.25;14.25;14.25;14.25;200
20160201 110600;14.21;14.21;14.21;14.21;100
20160201 110700;14.2;14.215;14.19;14.215;600
20160201 111600;14.23;14.23;14.23;14.23;100
20160201 111700;14.17;14.17;14.095;14.14;700
20160201 111800;14.15;14.15;14.15;14.15;300
20160201 112600;14.17;14.17;14.17;14.17;200
20160201 112800;14.22;14.22;14.22;14.22;600
20160201 113600;14.14;14.14;14.14;14.14;100
20160201 114000;14.1805;14.1805;14.1805;14.1805;1000
20160201 115100;14.1913;14.1913;14.1913;14.1913;1500
20160201 115900;14.1611;14.1611;14.1611;14.1611;688
20160201 123300;14.1716;14.1716;14.1716;14.1716;200
20160201 125500;14.1999;14.1999;14.1999;14.1999;700
20160201 131200;14.1999;14.1999;14.1999;14.1999;500
20160201 131600;14.19;14.19;14.16;14.16;1100
20160201 131700;14.16;14.1699;14.15;14.15;1900
20160201 132600;14.17;14.17;14.17;14.17;300
20160201 133200;14.2199;14.2199;14.2199;14.2199;100
20160201 135200;14.22;14.22;14.22;14.22;200
20160201 135300;14.19;14.21;14.165;14.21;1705
20160201 135400;14.2;14.225;14.17;14.18;1422
20160201 135500;14.17;14.1799;14.17;14.1799;400
20160201 135600;14.19;14.19;14.175;14.1798;400
20160201 141000;14.21;14.21;14.175;14.175;600
20160201 141500;14.21;14.21;14.21;14.21;100
20160201 141600;14.2;14.2;14.2;14.2;200
20160201 141700;14.19;14.21;14.19;14.21;300
20160201 141800;14.18;14.18;14.165;14.1699;1260
20160201 141900;14.18;14.18;14.165;14.1699;748
20160201 142400;14.2;14.2;14.2;14.2;200
20160201 142500;14.2;14.2;14.2;14.2;100
20160201 142600;14.217;14.217;14.217;14.217;300
20160201 143600;14.2;14.2;14.19;14.19;300
20160201 143700;14.17;14.17;14.15;14.15;900
20160201 143800;14.14;14.15;14.14;14.15;450
20160201 143900;14.14;14.14;14.1;14.1;700
20160201 150400;14.28;14.28;14.28;14.28;100
20160201 150700;14.2702;14.2702;14.2702;14.2702;952
20160201 151400;14.29;14.3;14.29;14.3;300
20160201 151500;14.32;14.32;14.32;14.32;600
20160201 151900;14.35;14.42;14.35;14.42;2692
20160201 152000;14.42;14.42;14.42;14.42;800
20160201 152100;14.39;14.39;14.38;14.38;700
20160201 152200;14.37;14.37;14.37;14.37;792
20160201 152500;14.38;14.39;14.38;14.39;1900
20160201 152600;14.43;14.43;14.4;14.4;1508
20160201 152700;14.39;14.39;14.39;14.39;300
20160201 153700;14.35;14.35;14.35;14.35;100
20160201 154800;14.36;14.36;14.36;14.36;400
20160201 155200;14.365;14.3799;14.365;14.3799;200
20160201 155600;14.38;14.38;14.38;14.38;100
20160201 160000;14.39;14.39;14.39;14.39;144
20160202 093100;14.08;14.08;14.07;14.07;200
20160202 093200;14.15;14.15;14.15;14.15;300
20160202 093500;14.1101;14.1101;14.1101;14.1101;100
20160202 093600;14.1101;14.1101;14.1101;14.1101;200
20160202 093700;14.2263;14.2263;14.1101;14.1101;630
20160202 093800;14.1401;14.1401;14.1401;14.1401;100
20160202 093900;14.16;14.16;14.16;14.16;100
20160202 094000;14.16;14.16;14.1401;14.1401;200
20160202 094100;14.14;14.1599;14.1;14.1;400
20160202 094200;14.12;14.12;14.1;14.1;500
20160202 094300;14.1;14.1;14.1;14.1;100
20160202 094400;14.1;14.1;14.0001;14.05;2800
20160202 094500;14.05;14.08;14.01;14.01;400
20160202 094600;14.03;14.08;14.01;14.01;500
20160202 094800;14.0101;14.07;14.0101;14.04;700
20160202 094900;14.01;14.01;14.01;14.01;100
20160202 095000;14.07;14.07;14.06;14.07;500
20160202 095200;14.035;14.0699;14.035;14.06;300
20160202 095300;14.07;14.07;14.07;14.07;200
20160202 095400;14.07;14.08;14.07;14.07;600
20160202 095500;14.08;14.08;14.08;14.08;200
20160202 095600;14.08;14.08;14;14;1235
20160202 095900;14.069;14.07;14.05;14.07;500
20160202 100100;14.0577;14.0577;14.0577;14.0577;686
20160202 100200;14.03;14.03;14.03;14.03;100
20160202 100300;14.04;14.04;14.04;14.04;100
20160202 100400;14.04;14.04;14.04;14.04;100
20160202 100500;14.04;14.04;14.04;14.04;100
20160202 100700;14.04;14.04;14.04;14.04;100
20160202 100800;14.05;14.05;14.05;14.05;100
20160202 100900;14.05;14.05;14.05;14.05;200
20160202 101200;14.05;14.08;14.05;14.08;2400
20160202 101300;14.0799;14.13;14.075;14.13;2000
20160202 101400;14.12;14.12;14.12;14.12;500
20160202 101500;14.1;14.1;14.1;14.1;200
20160202 101600;14.11;14.11;14.11;14.11;900
20160202 101700;14.08;14.08;14.08;14.08;900
20160202 101800;14.11;14.11;14.06;14.06;500
20160202 101900;14.05;14.05;14.05;14.05;200
20160202 102000;14.11;14.11;14.07;14.07;700
20160202 102100;14.09;14.09;14.09;14.09;300
20160202 102200;14.11;14.11;14.05;14.05;1200
20160202 102300;14.04;14.05;14.02;14.05;1100
20160202 102400;14.06;14.06;14.06;14.06;100
20160202 102900;14.0301;14.0301;14.0301;14.0301;100
20160202 103000;14.0301;14.08;14.0301;14.08;309
20160202 103100;14.03;14.03;14.03;14.03;100
20160202 103200;14.03;14.03;14.03;14.03;100
20160202 103400;14.04;14.04;14.04;14.04;100
20160202 103500;14.05;14.05;14.05;14.05;100
20160202 103600;14.07;14.07;14.065;14.065;300
20160202 103800;14.0722;14.0722;14.05;14.05;200
20160202 104000;14.05;14.05;14.05;14.05;100
20160202 104100;14.07;14.07;14.05;14.05;400
20160202 104600;14.06;14.06;14.06;14.06;300
20160202 104700;14.06;14.06;14.06;14.06;100
20160202 104800;14.07;14.07;14.07;14.07;100
20160202 105000;14.07;14.07;14.06;14.06;300
20160202 105400;14.06;14.06;14.06;14.06;298
20160202 105600;14.0503;14.0503;14.0503;14.0503;100
20160202 105700;14.0503;14.0503;14.0503;14.0503;100
20160202 105900;14.05;14.06;14.05;14.06;200
20160202 110000;14.05;14.05;14.05;14.05;200
20160202 111600;14.09;14.09;14.09;14.09;500
20160202 112500;14.13;14.14;14.12;14.14;1150
20160202 113200;14.13;14.13;14.12;14.13;800
20160202 113300;14.11;14.1199;14.1;14.1;2500
20160202 113600;14.12;14.13;14.12;14.13;781
20160202 113700;14.13;14.13;14.12;14.12;819
20160202 113800;14.1098;14.13;14.105;14.13;1000
20160202 114000;14.12;14.12;14.12;14.12;100
20160202 114300;14.13;14.13;14.13;14.13;100
20160202 114400;14.14;14.1499;14.14;14.1499;400
20160202 114500;14.15;14.15;14.13;14.13;504
20160202 114900;14.12;14.12;14.12;14.12;200
20160202 115100;14.1299;14.1299;14.1299;14.1299;245
20160202 115200;14.12;14.13;14.12;14.13;600
20160202 115300;14.1301;14.145;14.1301;14.145;400
20160202 120200;14.09;14.11;14.05;14.09;1531
20160202 120500;14.08;14.08;14.08;14.08;300
20160202 120900;14.07;14.07;14.07;14.07;500
20160202 123200;14.0845;14.0845;14.0845;14.0845;500
20160202 123700;14.09;14.09;14.09;14.09;100
20160202 125200;14.1;14.1;14.1;14.1;100
20160202 131800;14.121;14.121;14.121;14.121;500
20160202 135500;14.09;14.09;14.09;14.09;100
20160202 141500;14.11;14.13;14.11;14.13;1354
20160202 141800;14.13;14.13;14.095;14.0999;900
20160202 141900;14.105;14.133;14.105;14.133;3554
20160202 142000;14.13;14.13;14.13;14.13;1046
20160202 142100;14.11;14.1499;14.1;14.14;4854
20160202 142200;14.13;14.133;14.13;14.13;1046
20160202 143100;14.13;14.13;14.13;14.13;200
20160202 143200;14.13;14.13;14.13;14.13;200
20160202 144400;14.0981;14.0981;14.0981;14.0981;1101
20160202 144600;14.1;14.1;14.1;14.1;500
20160202 145400;14.13;14.13;14.13;14.13;100
20160202 145700;14.15;14.15;14.15;14.15;100
20160202 155400;14.09;14.09;14.09;14.09;100
20160202 155500;14.1;14.1;14.08;14.08;1000
20160202 155600;14.08;14.08;14.08;14.08;200
20160202 155800;14.09;14.09;14.09;14.09;300
20160202 160000;14.12;14.12;14.105;14.12;800
20160203 093500;14.15;14.15;14.13;14.13;600
20160203 093700;14.11;14.11;14.11;14.11;200
20160203 093800;14.12;14.12;14.12;14.12;200
20160203 095100;14.03;14.03;14.03;14.03;369
20160203 095700;14.1;14.1;14.1;14.1;2500
20160203 095900;14.065;14.0799;14.065;14.0799;200
20160203 100000;14.074;14.074;14.074;14.074;1200
20160203 100200;14.03;14.03;14;14;551
20160203 100300;13.97;13.9999;13.96;13.9999;500
20160203 100400;13.99;14.02;13.99;14.01;900
20160203 100500;14.01;14.0199;14;14.0199;2100
20160203 100600;14.01;14.01;14.01;14.01;100
20160203 100700;14.01;14.01;14.01;14.01;200
20160203 100800;14.01;14.01;14.01;14.01;2400
20160203 100900;14.03;14.03;14.02;14.03;800
20160203 101000;14.05;14.05;14.02;14.02;1100
20160203 102000;14.0599;14.0599;14.0599;14.0599;1200
20160203 102700;14.06;14.06;14.06;14.06;200
20160203 102800;14.06;14.11;14.06;14.09;1000
20160203 103000;14.11;14.11;14.11;14.11;600
20160203 103200;14.09;14.1;14.09;14.1;900
20160203 103300;14.11;14.13;14.1;14.13;1000
20160203 103400;14.085;14.13;14.085;14.13;1300
20160203 103500;14.085;14.0899;14.085;14.0899;200
20160203 103600;14.1;14.13;14.1;14.12;1600
20160203 103700;14.06;14.06;14.06;14.06;900
20160203 103800;14.1;14.13;14.1;14.13;900
20160203 103900;14.13;14.13;14.13;14.13;300
20160203 104200;14.1;14.1;14.03;14.045;3500
20160203 105500;14.09;14.09;14.09;14.09;400
20160203 105600;14.09;14.09;14.09;14.09;200
20160203 111600;14.0789;14.0789;14.0789;14.0789;230
20160203 112000;14.08;14.08;14.08;14.08;100
20160203 112400;14.1311;14.1311;14.1311;14.1311;815
20160203 112700;14.1;14.1;14.065;14.0699;1170
20160203 112800;14.12;14.12;14.12;14.12;200
20160203 112900;14.11;14.11;14.1;14.1;600
20160203 113000;14.08;14.09;14.075;14.08;1000
20160203 113100;14.1;14.1;14.08;14.08;400
20160203 113500;14.09;14.09;14.08;14.08;600
20160203 113600;14.08;14.08;14.08;14.08;600
20160203 113800;14.08;14.08;14.08;14.08;400
20160203 113900;14.1;14.1;14.1;14.1;100
20160203 114000;14.1;14.1;14.1;14.1;200
20160203 114100;14.1;14.1;14.1;14.1;300
20160203 115700;14.127;14.1289;14.127;14.1289;1000
20160203 115800;14.1199;14.1199;14.08;14.08;1200
20160203 120000;14.07;14.08;14.07;14.07;600
20160203 120100;14.09;14.09;14.09;14.09;200
20160203 121200;14.09;14.09;14.09;14.09;100
20160203 121800;14.1;14.1;14.1;14.1;300
20160203 121900;14.1;14.1;14.1;14.1;500
20160203 122000;14.1;14.1;14.1;14.1;200
20160203 130400;14.1;14.1;14.1;14.1;100
20160203 131000;14.08;14.08;14.08;14.08;100
20160203 134100;14.06;14.06;14.06;14.06;100
20160203 140700;14.072;14.091;14.06;14.091;900
20160203 140800;14.07;14.07;14.07;14.07;1000
20160203 141800;14.09;14.09;14.09;14.09;100
20160203 141900;14.08;14.08;14.08;14.08;400
20160203 142000;14.08;14.08;14.08;14.08;100
20160203 142300;14.09;14.09;14.09;14.09;200
20160203 142500;14.09;14.09;14.09;14.09;300
20160203 142600;14.1;14.1;14.09;14.09;300
20160203 142900;14.13;14.13;14.13;14.13;200
20160203 143100;14.14;14.14;14.14;14.14;200
20160203 143400;14.11;14.15;14.06;14.1329;8715
20160203 144300;14.15;14.16;14.15;14.16;500
20160203 144400;14.18;14.19;14.18;14.19;900
20160203 144800;14.2;14.21;14.2;14.21;300
20160203 144900;14.22;14.25;14.22;14.25;400
20160203 145000;14.25;14.26;14.23;14.23;1400
20160203 145100;14.23;14.24;14.23;14.24;700
20160203 145200;14.24;14.24;14.24;14.24;1800
20160203 145300;14.23;14.23;14.23;14.23;600
20160203 145400;14.17;14.17;14.16;14.16;400
20160203 145500;14.17;14.17;14.16;14.16;600
20160203 145600;14.16;14.17;14.16;14.17;300
20160203 145700;14.17;14.18;14.17;14.18;400
20160203 145800;14.18;14.2;14.18;14.19;800
20160203 145900;14.19;14.2;14.19;14.2;800
20160203 150000;14.2;14.2;14.2;14.2;100
20160203 150100;14.21;14.21;14.2;14.2;1479
20160203 150200;14.18;14.18;14.18;14.18;100
20160203 153600;14.16;14.16;14.16;14.16;100
20160203 153900;14.1398;14.1398;14.1398;14.1398;352
20160203 154700;14.141;14.1414;14.141;14.1414;3500
20160203 155800;14.166;14.166;14.166;14.166;328
20160203 160000;14.13;14.13;14.13;14.13;300
20160204 093300;14.25;14.25;14.25;14.25;100
20160204 093400;14.26;14.27;14.25;14.25;400
20160204 094500;14.2;14.21;14.2;14.2;500
20160204 095400;14.19;14.19;14.18;14.18;500
20160204 100200;14.22;14.28;14.1912;14.1912;2344
20160204 100400;14.3;14.3;14.3;14.3;500
20160204 100500;14.3;14.3;14.3;14.3;500
20160204 100600;14.3;14.3;14.3;14.3;300
20160204 100700;14.3;14.3;14.3;14.3;600
20160204 100800;14.31;14.31;14.31;14.31;600
20160204 100900;14.31;14.31;14.31;14.31;300
20160204 101100;14.31;14.31;14.31;14.31;1400
20160204 101200;14.31;14.31;14.31;14.31;500
20160204 101400;14.27;14.27;14.27;14.27;100
20160204 101700;14.26;14.26;14.2495;14.2495;600
20160204 101800;14.26;14.26;14.2495;14.2495;1078
20160204 101900;14.26;14.26;14.2495;14.2495;400
20160204 102200;14.26;14.26;14.26;14.26;400
20160204 102300;14.26;14.26;14.2495;14.2495;577
20160204 103100;14.27;14.27;14.27;14.27;400
20160204 103200;14.27;14.27;14.27;14.27;400
20160204 103300;14.28;14.28;14.28;14.28;350
20160204 105800;14.2716;14.2716;14.2716;14.2716;615
20160204 110000;14.288;14.288;14.288;14.288;1700
20160204 110500;14.28;14.28;14.2701;14.2701;200
20160204 110900;14.28;14.28;14.28;14.28;250
20160204 111000;14.23;14.23;14.23;14.23;1000
20160204 113200;14.21;14.21;14.21;14.21;300
20160204 113900;14.24;14.24;14.15;14.15;1198
20160204 125700;14.2212;14.2212;14.2212;14.2212;1170
20160204 131000;14.21;14.21;14.21;14.21;114
20160204 133800;14.2494;14.2494;14.2494;14.2494;2000
20160204 141900;14.2506;14.2506;14.2506;14.2506;100
20160204 150000;14.21;14.21;14.195;14.195;495
20160204 150600;14.2044;14.2044;14.2044;14.2044;300
20160204 153500;14.21;14.21;14.21;14.21;100
20160204 153600;14.21;14.24;14.21;14.24;900
20160204 153700;14.24;14.24;14.24;14.24;400
20160204 153800;14.23;14.23;14.23;14.23;100
20160204 153900;14.26;14.27;14.26;14.26;1100
20160204 154000;14.26;14.26;14.26;14.26;1300
20160204 154100;14.26;14.26;14.21;14.22;1400
20160204 154200;14.21;14.26;14.21;14.26;800
20160204 154300;14.22;14.26;14.22;14.26;500
20160204 154400;14.22;14.22;14.22;14.22;200
20160204 154500;14.22;14.2295;14.22;14.2295;1500
20160204 154600;14.24;14.24;14.24;14.24;400
20160204 154700;14.24;14.25;14.24;14.24;500
20160204 154800;14.25;14.25;14.24;14.24;300
20160204 155700;14.26;14.26;14.26;14.26;128
20160205 093200;14.2256;14.2256;14.2256;14.2256;1670
20160205 094900;14.19;14.19;14.19;14.19;320
20160205 100400;14.2199;14.2199;14.205;14.205;200
20160205 101700;14.23;14.23;14.23;14.23;100
20160205 102300;14.23;14.23;14.22;14.22;200
20160205 102400;14.2089;14.22;14.2089;14.22;500
20160205 102600;14.22;14.22;14.21;14.21;300
20160205 102700;14.21;14.21;14.21;14.21;100
20160205 103300;14.22;14.22;14.22;14.22;100
20160205 103400;14.23;14.28;14.23;14.28;1200
20160205 103500;14.29;14.29;14.28;14.29;1700
20160205 103600;14.28;14.28;14.28;14.28;400
20160205 103700;14.28;14.28;14.28;14.28;500
20160205 103800;14.28;14.28;14.28;14.28;296
20160205 103900;14.27;14.27;14.27;14.27;800
20160205 104000;14.28;14.29;14.28;14.29;700
20160205 104100;14.26;14.2692;14.26;14.26;1100
20160205 104300;14.29;14.29;14.24;14.24;900
20160205 104600;14.24;14.26;14.1901;14.26;2200
20160205 104700;14.25;14.25;14.25;14.25;100
20160205 104800;14.26;14.26;14.26;14.26;200
20160205 104900;14.2054;14.26;14.2054;14.26;1601
20160205 115300;14.2108;14.2108;14.2108;14.2108;154
20160205 121500;14.19;14.19;14.19;14.19;400
20160205 123100;14.1957;14.1957;14.1957;14.1957;1000
20160205 131600;14.2198;14.2198;14.2198;14.2198;239
20160205 132200;14.2198;14.2198;14.2198;14.2198;127
20160205 135200;14.16;14.1701;14.15;14.1701;1300
20160205 142100;14.15;14.15;14.15;14.15;100
20160205 142200;14.15;14.15;14.15;14.15;260
20160205 142300;14.14;14.14;14.14;14.14;200
20160205 142700;14.154;14.154;14.154;14.154;275
20160205 142800;14.15;14.15;14.14;14.14;300
20160205 143300;14.15;14.15;14.15;14.15;100
20160205 145100;14.18;14.2;14.18;14.2;1800
20160205 145200;14.22;14.22;14.22;14.22;600
20160205 145300;14.22;14.22;14.22;14.22;600
20160205 145400;14.22;14.22;14.18;14.18;400
20160205 145500;14.2;14.2;14.2;14.2;300
20160205 145600;14.2;14.26;14.2;14.26;1200
20160205 145700;14.27;14.27;14.22;14.22;2400
20160205 145800;14.26;14.26;14.26;14.26;500
20160205 145900;14.26;14.26;14.26;14.26;500
20160205 150500;14.21;14.21;14.21;14.21;200
20160205 151800;14.165;14.165;14.165;14.165;250
20160205 154700;14.14;14.14;14.12;14.12;1040
20160205 160000;14.13;14.13;14.13;14.13;142
