20160119 093100;5.37;5.37;5.37;5.37;971
20160119 093500;5.42;5.42;5.415;5.415;500
20160119 093600;5.41;5.41;5.41;5.41;200
20160119 093700;5.33;5.34;5.33;5.34;6653
20160119 094000;5.35;5.35;5.35;5.35;200
20160119 094400;5.38;5.38;5.36;5.36;700
20160119 094500;5.3401;5.3401;5.33;5.33;7656
20160119 095100;5.31;5.31;5.29;5.29;1984
20160119 095200;5.2899;5.2899;5.2899;5.2899;3000
20160119 095300;5.26;5.26;5.26;5.26;100
20160119 095800;5.29;5.29;5.29;5.29;100
20160119 095900;5.3;5.3;5.3;5.3;3293
20160119 100400;5.3248;5.35;5.3248;5.35;1100
20160119 100500;5.35;5.35;5.35;5.35;1768
20160119 100800;5.35;5.35;5.35;5.35;100
20160119 100900;5.35;5.35;5.35;5.35;100
20160119 101000;5.36;5.36;5.36;5.36;100
20160119 101200;5.35;5.35;5.35;5.35;100
20160119 101600;5.36;5.36;5.36;5.36;100
20160119 101700;5.35;5.39;5.35;5.35;5900
20160119 102300;5.4;5.4;5.4;5.4;100
20160119 102400;5.38;5.38;5.34;5.36;5070
20160119 102700;5.3241;5.3546;5.3241;5.3546;2800
20160119 102800;5.305;5.305;5.305;5.305;100
20160119 103500;5.34;5.34;5.34;5.34;100
20160119 103600;5.36;5.36;5.36;5.36;100
20160119 103800;5.3589;5.36;5.3589;5.36;500
20160119 104100;5.34;5.34;5.34;5.34;100
20160119 104500;5.34;5.34;5.34;5.34;100
20160119 104600;5.33;5.332;5.33;5.332;3100
20160119 104800;5.335;5.34;5.32;5.33;19400
20160119 105000;5.3;5.3;5.2811;5.29;1500
20160119 105200;5.31;5.31;5.26;5.26;5640
20160119 105300;5.26;5.26;5.26;5.26;100
20160119 105500;5.26;5.26;5.23;5.23;1662
20160119 105600;5.22;5.22;5.2;5.2;1400
20160119 105700;5.2;5.2;5.2;5.2;1393
20160119 105800;5.2;5.2;5.175;5.185;2200
20160119 110000;5.21;5.22;5.21;5.22;700
20160119 110500;5.1988;5.1988;5.1988;5.1988;500
20160119 110700;5.22;5.23;5.22;5.22;300
20160119 110900;5.23;5.26;5.2;5.21;4300
20160119 111200;5.23;5.23;5.23;5.23;100
20160119 111300;5.19;5.22;5.19;5.22;10700
20160119 111400;5.19;5.1901;5.15;5.1511;9700
20160119 111800;5.16;5.16;5.16;5.16;200
20160119 111900;5.16;5.1601;5.1;5.13;9248
20160119 112000;5.11;5.11;5.11;5.11;100
20160119 112100;5.13;5.13;5.13;5.13;200
20160119 112600;5.1212;5.1212;5.1212;5.1212;5138
20160119 112700;5.13;5.13;5.13;5.13;100
20160119 112800;5.16;5.16;5.16;5.16;100
20160119 112900;5.17;5.17;5.17;5.17;100
20160119 113100;5.19;5.19;5.19;5.19;300
20160119 113300;5.16;5.16;5.1;5.12;5591
20160119 113600;5.13;5.13;5.13;5.13;300
20160119 113700;5.12;5.12;5.12;5.12;300
20160119 113800;5.12;5.12;5.09;5.09;1600
20160119 114500;5.09;5.11;5.09;5.11;900
20160119 114600;5.1;5.1;5.1;5.1;100
20160119 114800;5.12;5.12;5.12;5.12;300
20160119 115100;5.11;5.1115;5.08;5.08;3700
20160119 115400;5.1;5.1;5.1;5.1;100
20160119 115600;5.1;5.1099;5.1;5.1099;1075
20160119 115700;5.11;5.11;5.11;5.11;600
20160119 120000;5.13;5.13;5.08;5.08;10600
20160119 120200;5.08;5.08;5.07;5.07;9532
20160119 120400;5.0705;5.0705;5.0705;5.0705;145
20160119 120500;5.06;5.06;5.05;5.05;200
20160119 120800;5.06;5.06;5.06;5.06;400
20160119 120900;5.06;5.06;5.03;5.05;1700
20160119 121100;5.04;5.04;5.02;5.02;1500
20160119 121400;5.04;5.04;5.04;5.04;100
20160119 121700;5.0699;5.0699;5.0699;5.0699;200
20160119 121800;5.04;5.04;5.03;5.03;1500
20160119 122000;5.03;5.0499;5.02;5.0499;6883
20160119 122300;5.04;5.07;5.04;5.07;400
20160119 122700;5.045;5.045;5.045;5.045;100
20160119 123000;5.05;5.06;5.05;5.06;300
20160119 123300;5.086;5.086;5.07;5.07;400
20160119 123500;5.09;5.09;5.09;5.09;100
20160119 123600;5.07;5.07;5.07;5.07;200
20160119 123900;5.065;5.065;5.065;5.065;200
20160119 124000;5.08;5.08;5.08;5.08;100
20160119 124200;5.065;5.065;5.065;5.065;200
20160119 124300;5.06;5.06;5.06;5.06;100
20160119 124500;5.08;5.08;5.08;5.08;100
20160119 124600;5.06;5.09;5.06;5.09;200
20160119 124700;5.09;5.09;5.09;5.09;100
20160119 124800;5.1;5.1;5.06;5.06;850
20160119 124900;5.06;5.06;5.06;5.06;100
20160119 125100;5.06;5.06;5.06;5.06;600
20160119 125600;5.07;5.07;5.06;5.06;800
20160119 125700;5.0677;5.0677;5.0677;5.0677;200
20160119 125900;5.08;5.08;5.08;5.08;200
20160119 130000;5.08;5.08;5.08;5.08;100
20160119 130200;5.08;5.11;5.08;5.11;300
20160119 130500;5.11;5.11;5.11;5.11;200
20160119 130600;5.1;5.1;5.09;5.09;200
20160119 130800;5.11;5.11;5.11;5.11;200
20160119 130900;5.11;5.11;5.11;5.11;400
20160119 131100;5.13;5.13;5.13;5.13;1874
20160119 131300;5.14;5.14;5.14;5.14;300
20160119 131500;5.14;5.14;5.14;5.14;100
20160119 131600;5.14;5.16;5.14;5.16;300
20160119 131900;5.16;5.17;5.16;5.16;1100
20160119 132000;5.16;5.16;5.16;5.16;100
20160119 132100;5.16;5.16;5.16;5.16;100
20160119 132200;5.17;5.17;5.17;5.17;100
20160119 132400;5.17;5.17;5.17;5.17;200
20160119 132500;5.17;5.17;5.17;5.17;200
20160119 132600;5.16;5.16;5.13;5.16;4200
20160119 132700;5.14;5.14;5.14;5.14;400
20160119 132800;5.14;5.14;5.14;5.14;200
20160119 133300;5.14;5.14;5.14;5.14;200
20160119 133600;5.13;5.14;5.13;5.14;600
20160119 133900;5.15;5.16;5.15;5.16;300
20160119 134000;5.15;5.15;5.15;5.15;100
20160119 134100;5.15;5.15;5.15;5.15;500
20160119 134200;5.15;5.15;5.15;5.15;100
20160119 134400;5.17;5.17;5.1;5.1;4800
20160119 134600;5.13;5.13;5.13;5.13;100
20160119 134900;5.14;5.14;5.14;5.14;100
20160119 135100;5.14;5.14;5.14;5.14;200
20160119 135200;5.14;5.14;5.14;5.14;200
20160119 135500;5.14;5.14;5.11;5.11;400
20160119 135600;5.13;5.13;5.13;5.13;100
20160119 135700;5.12;5.125;5.12;5.125;400
20160119 135800;5.12;5.12;5.12;5.12;500
20160119 135900;5.11;5.11;5.0711;5.1;4900
20160119 140200;5.1;5.1;5.1;5.1;600
20160119 140300;5.075;5.075;5.075;5.075;200
20160119 140400;5.0585;5.0585;5.05;5.05;430
20160119 140500;5.08;5.08;5.08;5.08;100
20160119 140800;5.06;5.07;5.06;5.07;800
20160119 140900;5.0511;5.0511;5.0511;5.0511;200
20160119 141000;5.069;5.07;5.05;5.05;3400
20160119 141100;5.07;5.07;5.07;5.07;100
20160119 141300;5.07;5.07;5.07;5.07;100
20160119 141500;5.06;5.06;5.06;5.06;500
20160119 141600;5.05;5.05;5.05;5.05;1600
20160119 141700;5.05;5.05;5.05;5.05;100
20160119 142000;5.06;5.07;5.06;5.07;600
20160119 142100;5.05;5.05;5.05;5.05;100
20160119 142200;5.0499;5.0499;5.0499;5.0499;2000
20160119 142300;5.05;5.05;5.05;5.05;200
20160119 142500;5.05;5.06;5.05;5.06;200
20160119 142700;5.06;5.06;5.06;5.06;600
20160119 143000;5.06;5.06;5.06;5.06;300
20160119 143100;5.06;5.07;5.06;5.0698;1700
20160119 143200;5.06;5.06;5.06;5.06;100
20160119 143600;5.06;5.06;5.06;5.06;300
20160119 143700;5.06;5.06;5.05;5.06;500
20160119 144000;5.06;5.07;5.06;5.07;200
20160119 144200;5.07;5.07;5.07;5.07;200
20160119 144300;5.05;5.05;5.04;5.04;500
20160119 144500;5.04;5.04;5.04;5.04;200
20160119 144800;5.04;5.04;5.04;5.04;100
20160119 144900;5.05;5.05;5.04;5.04;500
20160119 145000;5.04;5.04;5.04;5.04;718
20160119 145100;5.04;5.04;5.03;5.04;500
20160119 145200;5.03;5.04;5.03;5.04;800
20160119 145600;5.06;5.06;5.06;5.06;200
20160119 145800;5.05;5.05;5.05;5.05;700
20160119 145900;5.04;5.04;5.03;5.03;500
20160119 150100;5.03;5.03;5.03;5.03;100
20160119 150300;5.04;5.04;5.02;5.04;6100
20160119 150700;5.06;5.06;5.06;5.06;200
20160119 150900;5.04;5.06;5.04;5.06;700
20160119 151000;5.04;5.04;5.04;5.04;300
20160119 151300;5.06;5.06;5.06;5.06;200
20160119 151500;5.06;5.06;5.045;5.045;300
20160119 151600;5.04;5.04;5.03;5.03;200
20160119 151700;5.06;5.06;5.06;5.06;100
20160119 151800;5.06;5.06;5.06;5.06;100
20160119 151900;5.06;5.06;5.06;5.06;200
20160119 152100;5.04;5.04;5.03;5.03;700
20160119 152300;5.05;5.05;5.05;5.05;600
20160119 152400;5.06;5.06;5.06;5.06;200
20160119 152600;5.06;5.06;5.06;5.06;200
20160119 152700;5.06;5.08;5.06;5.08;2150
20160119 152800;5.08;5.08;5.06;5.0622;2400
20160119 152900;5.08;5.08;5.08;5.08;200
20160119 153100;5.08;5.08;5.08;5.08;200
20160119 153200;5.06;5.06;5.06;5.06;400
20160119 153300;5.07;5.07;5.06;5.06;300
20160119 153400;5.07;5.08;5.07;5.08;1000
20160119 153500;5.07;5.07;5.07;5.07;400
20160119 153600;5.08;5.08;5.08;5.08;200
20160119 153700;5.08;5.08;5.08;5.08;200
20160119 153800;5.08;5.08;5.08;5.08;200
20160119 154000;5.07;5.07;5.06;5.06;400
20160119 154200;5.06;5.06;5.05;5.06;1108
20160119 154300;5.07;5.08;5.07;5.08;300
20160119 154400;5.08;5.08;5.08;5.08;300
20160119 154500;5.08;5.08;5.08;5.08;200
20160119 154600;5.08;5.09;5.0799;5.0799;633
20160119 154700;5.07;5.08;5.07;5.08;300
20160119 154800;5.08;5.08;5.08;5.08;500
20160119 154900;5.09;5.1;5.09;5.1;200
20160119 155000;5.1;5.1;5.1;5.1;327
20160119 155100;5.1;5.1;5.1;5.1;400
20160119 155200;5.1;5.1;5.1;5.1;300
20160119 155300;5.1;5.1;5.08;5.1;1216
20160119 155400;5.08;5.09;5.07;5.08;3330
20160119 155500;5.09;5.09;5.09;5.09;200
20160119 155600;5.09;5.09;5.08;5.09;700
20160119 155700;5.09;5.1;5.09;5.1;1378
20160119 155800;5.1;5.1;5.07;5.09;1400
20160119 155900;5.08;5.09;5.065;5.065;3400
20160119 160000;5.065;5.1;5.065;5.1;3769
20160120 093100;5;5.0286;5;5.0286;4030
20160120 093200;5;5;4.94;4.9796;3139
20160120 093300;4.99;4.99;4.95;4.95;1355
20160120 093700;4.98;4.98;4.98;4.98;400
20160120 093900;4.97;4.97;4.97;4.97;300
20160120 094000;4.95;4.95;4.93;4.95;3016
20160120 094100;4.95;4.9501;4.942;4.942;3100
20160120 094400;4.9696;4.9696;4.86;4.885;10151
20160120 094500;4.88;4.89;4.87;4.88;700
20160120 094600;4.9;4.9;4.88;4.88;1100
20160120 094700;4.86;4.8601;4.86;4.86;1300
20160120 094800;4.86;4.86;4.86;4.86;2000
20160120 094900;4.87;4.87;4.87;4.87;400
20160120 095000;4.86;4.86;4.85;4.85;700
20160120 095100;4.84;4.85;4.84;4.85;7498
20160120 095200;4.85;4.85;4.85;4.85;1611
20160120 095300;4.85;4.85;4.85;4.85;200
20160120 095600;4.83;4.83;4.83;4.83;200
20160120 095800;4.82;4.83;4.82;4.83;700
20160120 095900;4.8;4.8;4.78;4.78;4331
20160120 100100;4.8;4.81;4.8;4.8001;12200
20160120 100200;4.82;4.82;4.8;4.81;1400
20160120 100300;4.7999;4.7999;4.7999;4.7999;2000
20160120 100600;4.78;4.79;4.78;4.79;200
20160120 100700;4.778;4.778;4.778;4.778;100
20160120 100800;4.7898;4.7899;4.75;4.75;3150
20160120 101000;4.768;4.768;4.76;4.76;600
20160120 101100;4.7501;4.7501;4.75;4.75;2022
20160120 101300;4.7201;4.7201;4.6632;4.6632;10930
20160120 101400;4.671;4.671;4.671;4.671;300
20160120 101500;4.6501;4.6501;4.6501;4.6501;4700
20160120 101600;4.695;4.7;4.695;4.7;400
20160120 101700;4.7066;4.7066;4.7066;4.7066;1930
20160120 101800;4.69;4.73;4.68;4.7;4300
20160120 101900;4.7;4.71;4.7;4.71;200
20160120 102200;4.73;4.73;4.73;4.73;100
20160120 102300;4.73;4.73;4.73;4.73;100
20160120 102400;4.68;4.6811;4.68;4.6811;2500
20160120 102600;4.7011;4.7011;4.69;4.69;4900
20160120 103200;4.6789;4.679;4.66;4.679;300
20160120 103500;4.68;4.68;4.68;4.68;100
20160120 103600;4.67;4.67;4.65;4.65;700
20160120 103700;4.65;4.65;4.64;4.64;1600
20160120 103800;4.64;4.64;4.64;4.64;100
20160120 103900;4.6337;4.6337;4.6337;4.6337;1147
20160120 104100;4.63;4.64;4.63;4.64;2900
20160120 104300;4.63;4.63;4.62;4.62;1865
20160120 104400;4.6111;4.6111;4.61;4.61;1700
20160120 104500;4.61;4.61;4.61;4.61;500
20160120 104700;4.61;4.61;4.61;4.61;100
20160120 104800;4.61;4.61;4.61;4.61;100
20160120 104900;4.61;4.61;4.6011;4.6011;1000
20160120 105000;4.61;4.61;4.61;4.61;100
20160120 105200;4.61;4.61;4.61;4.61;100
20160120 105400;4.6;4.6;4.59;4.59;6148
20160120 105600;4.59;4.59;4.59;4.59;100
20160120 105800;4.5801;4.5801;4.5801;4.5801;3000
20160120 110000;4.5801;4.5801;4.5801;4.5801;130
20160120 110100;4.59;4.59;4.59;4.59;150
20160120 110300;4.59;4.59;4.59;4.59;100
20160120 110400;4.6;4.6;4.6;4.6;200
20160120 110600;4.5942;4.6;4.5942;4.6;800
20160120 110700;4.6;4.6;4.595;4.6;2791
20160120 110800;4.6052;4.6052;4.6052;4.6052;650
20160120 111000;4.6;4.6;4.5999;4.5999;2700
20160120 111100;4.5801;4.5801;4.58;4.58;5100
20160120 111200;4.59;4.59;4.59;4.59;700
20160120 111700;4.57;4.57;4.5;4.55;20217
20160120 111800;4.53;4.53;4.53;4.53;1000
20160120 111900;4.52;4.53;4.49;4.53;21502
20160120 112300;4.53;4.5501;4.53;4.5501;1665
20160120 112700;4.54;4.54;4.54;4.54;400
20160120 113100;4.55;4.55;4.5489;4.5489;200
20160120 113200;4.55;4.55;4.54;4.54;800
20160120 113500;4.51;4.52;4.51;4.52;800
20160120 113900;4.52;4.52;4.52;4.52;100
20160120 114100;4.554;4.554;4.554;4.554;373
20160120 114300;4.58;4.58;4.58;4.58;100
20160120 114400;4.574;4.574;4.57;4.57;2100
20160120 114500;4.582;4.582;4.55;4.55;4000
20160120 114600;4.5284;4.5284;4.5284;4.5284;4000
20160120 114700;4.5359;4.5359;4.5359;4.5359;100
20160120 114800;4.55;4.55;4.55;4.55;100
20160120 114900;4.55;4.55;4.55;4.55;1400
20160120 115000;4.56;4.56;4.56;4.56;300
20160120 115300;4.548;4.548;4.548;4.548;1000
20160120 115500;4.54;4.54;4.54;4.54;100
20160120 115700;4.55;4.55;4.55;4.55;100
20160120 115800;4.56;4.56;4.55;4.55;1600
20160120 120000;4.55;4.55;4.55;4.55;1800
20160120 120400;4.58;4.58;4.58;4.58;100
20160120 120800;4.57;4.57;4.57;4.57;100
20160120 121100;4.56;4.56;4.56;4.56;300
20160120 121200;4.57;4.57;4.57;4.57;100
20160120 121300;4.57;4.57;4.57;4.57;100
20160120 121600;4.58;4.58;4.57;4.57;400
20160120 122000;4.564;4.564;4.564;4.564;200
20160120 122100;4.55;4.55;4.5487;4.5487;1200
20160120 122500;4.54;4.54;4.54;4.54;100
20160120 122800;4.53;4.53;4.52;4.52;200
20160120 122900;4.515;4.52;4.515;4.52;300
20160120 123100;4.5246;4.53;4.5246;4.53;600
20160120 123200;4.5299;4.5299;4.5299;4.5299;1000
20160120 123800;4.53;4.53;4.53;4.53;200
20160120 124100;4.53;4.53;4.53;4.53;1100
20160120 124400;4.526;4.526;4.52;4.52;1100
20160120 124700;4.53;4.54;4.53;4.54;300
20160120 125600;4.55;4.55;4.55;4.55;700
20160120 125700;4.58;4.58;4.57;4.57;400
20160120 125900;4.59;4.59;4.59;4.59;100
20160120 130000;4.58;4.58;4.58;4.58;200
20160120 130100;4.57;4.57;4.57;4.57;400
20160120 130700;4.58;4.58;4.58;4.58;300
20160120 130800;4.59;4.59;4.59;4.59;100
20160120 130900;4.5801;4.589;4.5801;4.589;5127
20160120 131000;4.59;4.59;4.59;4.59;600
20160120 131100;4.59;4.59;4.59;4.59;100
20160120 131300;4.57;4.57;4.57;4.57;900
20160120 131500;4.58;4.58;4.58;4.58;100
20160120 131700;4.58;4.58;4.58;4.58;100
20160120 131900;4.58;4.59;4.58;4.59;200
20160120 132400;4.59;4.59;4.59;4.59;300
20160120 132500;4.58;4.58;4.58;4.58;100
20160120 132700;4.6;4.6;4.59;4.59;200
20160120 132900;4.6;4.61;4.6;4.61;5800
20160120 133200;4.59;4.59;4.59;4.59;100
20160120 133300;4.6;4.6;4.6;4.6;1000
20160120 133600;4.61;4.61;4.6099;4.61;4200
20160120 133700;4.61;4.62;4.61;4.62;10971
20160120 133800;4.66;4.679;4.659;4.659;1800
20160120 133900;4.67;4.67;4.67;4.67;200
20160120 134000;4.67;4.67;4.66;4.66;200
20160120 134100;4.6789;4.6789;4.6789;4.6789;400
20160120 134200;4.6789;4.68;4.6789;4.68;1100
20160120 134400;4.6889;4.71;4.6889;4.7;4800
20160120 134600;4.71;4.71;4.71;4.71;2000
20160120 134700;4.75;4.75;4.75;4.75;1000
20160120 135000;4.7456;4.7456;4.74;4.74;1900
20160120 135300;4.75;4.75;4.75;4.75;900
20160120 135400;4.75;4.75;4.75;4.75;100
20160120 135700;4.74;4.74;4.73;4.73;200
20160120 140100;4.7336;4.7336;4.7336;4.7336;1500
20160120 140400;4.75;4.75;4.75;4.75;100
20160120 140700;4.74;4.74;4.74;4.74;100
20160120 140800;4.75;4.75;4.75;4.75;100
20160120 141100;4.75;4.75;4.75;4.75;600
20160120 141200;4.75;4.75;4.75;4.75;400
20160120 141300;4.75;4.75;4.74;4.75;2300
20160120 141600;4.74;4.74;4.74;4.74;100
20160120 142500;4.74;4.75;4.74;4.75;269
20160120 142600;4.74;4.74;4.74;4.74;100
20160120 142900;4.75;4.75;4.75;4.75;100
20160120 143300;4.75;4.75;4.75;4.75;100
20160120 143700;4.75;4.75;4.75;4.75;100
20160120 143900;4.73;4.73;4.73;4.73;100
20160120 144100;4.75;4.75;4.75;4.75;3500
20160120 144500;4.77;4.77;4.77;4.77;100
20160120 144700;4.77;4.77;4.77;4.77;100
20160120 144800;4.7671;4.7671;4.7671;4.7671;1000
20160120 145000;4.77;4.77;4.761;4.761;402
20160120 145100;4.77;4.77;4.77;4.77;400
20160120 145300;4.7679;4.7679;4.7679;4.7679;1000
20160120 145400;4.78;4.78;4.78;4.78;100
20160120 145600;4.78;4.79;4.78;4.79;3600
20160120 145700;4.79;4.79;4.79;4.79;200
20160120 145800;4.81;4.81;4.81;4.81;100
20160120 150000;4.8121;4.8121;4.81;4.81;2100
20160120 150100;4.81;4.81;4.81;4.81;100
20160120 150200;4.82;4.82;4.82;4.82;200
20160120 150500;4.82;4.82;4.82;4.82;300
20160120 150600;4.82;4.83;4.82;4.83;462
20160120 150700;4.84;4.84;4.84;4.84;200
20160120 150800;4.85;4.85;4.84;4.84;300
20160120 151100;4.8466;4.85;4.8401;4.8401;3241
20160120 151200;4.86;4.86;4.86;4.86;200
20160120 151300;4.86;4.86;4.8501;4.8501;1100
20160120 151400;4.86;4.86;4.86;4.86;100
20160120 151500;4.86;4.86;4.86;4.86;1100
20160120 151600;4.871;4.88;4.871;4.88;1550
20160120 151700;4.9;4.9;4.9;4.9;100
20160120 151900;4.9;4.9;4.9;4.9;400
20160120 152000;4.91;4.92;4.91;4.92;200
20160120 152100;4.92;4.92;4.92;4.92;900
20160120 152200;4.94;4.94;4.94;4.94;400
20160120 152300;4.97;4.97;4.97;4.97;100
20160120 152400;4.95;4.95;4.94;4.94;800
20160120 152900;4.97;4.97;4.9689;4.97;500
20160120 153000;4.97;4.97;4.96;4.96;200
20160120 153300;4.96;4.9726;4.96;4.9726;700
20160120 153400;4.97;4.97;4.97;4.97;400
20160120 153500;4.95;4.9501;4.95;4.9501;400
20160120 153600;4.96;4.96;4.93;4.93;5200
20160120 154200;4.9499;4.9499;4.93;4.93;500
20160120 154400;4.91;4.91;4.9;4.9;300
20160120 154500;4.92;4.92;4.92;4.92;200
20160120 154600;4.92;4.92;4.92;4.92;100
20160120 154700;4.9201;4.95;4.9201;4.95;3400
20160120 154800;4.95;4.951;4.95;4.95;2000
20160120 155100;4.95;4.95;4.94;4.94;1200
20160120 155200;4.94;4.95;4.94;4.95;1300
20160120 155400;4.9624;4.9624;4.95;4.95;4100
20160120 155500;4.96;4.96;4.96;4.96;100
20160120 155600;4.96;4.96;4.96;4.96;100
20160120 155700;4.96;4.96;4.95;4.95;1249
20160120 155800;4.93;4.93;4.93;4.93;100
20160120 155900;4.93;4.95;4.92;4.93;6666
20160120 160000;4.92;4.96;4.92;4.93;1311
20160121 093100;4.84;4.84;4.8;4.8;2000
20160121 093400;4.79;4.8;4.79;4.8;3700
20160121 093500;4.83;4.83;4.83;4.83;100
20160121 093600;4.8599;4.8599;4.8599;4.8599;200
20160121 093700;4.84;4.84;4.84;4.84;400
20160121 093800;4.86;4.92;4.86;4.9011;8393
20160121 093900;4.91;4.91;4.9099;4.9099;700
20160121 094200;4.93;4.93;4.92;4.93;700
20160121 094300;4.94;4.94;4.94;4.94;374
20160121 094500;4.94;4.94;4.94;4.94;100
20160121 094700;4.95;4.95;4.94;4.94;1200
20160121 094800;4.928;4.928;4.928;4.928;250
20160121 095000;4.9289;4.9289;4.9289;4.9289;100
20160121 095100;4.92;4.92;4.9;4.9;2100
20160121 095200;4.89;4.89;4.87;4.87;4200
20160121 095300;4.85;4.85;4.84;4.84;500
20160121 095400;4.85;4.86;4.85;4.86;200
20160121 095800;4.88;4.88;4.81;4.81;1400
20160121 095900;4.812;4.812;4.812;4.812;300
20160121 100100;4.82;4.82;4.82;4.82;200
20160121 100500;4.84;4.84;4.84;4.84;100
20160121 100600;4.84;4.84;4.84;4.84;655
20160121 100700;4.84;4.85;4.81;4.81;5800
20160121 100800;4.83;4.83;4.83;4.83;700
20160121 101000;4.85;4.85;4.85;4.85;1300
20160121 101100;4.85;4.85;4.83;4.83;1500
20160121 101200;4.84;4.84;4.84;4.84;100
20160121 101400;4.84;4.84;4.84;4.84;400
20160121 101600;4.84;4.85;4.84;4.85;400
20160121 101800;4.84;4.84;4.84;4.84;300
20160121 102100;4.8399;4.84;4.8399;4.84;1240
20160121 102200;4.84;4.84;4.82;4.82;500
20160121 102600;4.82;4.82;4.82;4.82;100
20160121 102800;4.83;4.83;4.83;4.83;100
20160121 102900;4.83;4.83;4.83;4.83;1500
20160121 103000;4.83;4.84;4.82;4.83;1200
20160121 103100;4.83;4.83;4.83;4.83;100
20160121 103400;4.83;4.83;4.83;4.83;1000
20160121 103500;4.83;4.84;4.83;4.835;700
20160121 103600;4.83;4.83;4.83;4.83;100
20160121 103800;4.82;4.82;4.82;4.82;1400
20160121 104300;4.83;4.83;4.82;4.83;900
20160121 104800;4.83;4.84;4.83;4.84;396
20160121 104900;4.84;4.84;4.84;4.84;800
20160121 105100;4.84;4.85;4.8399;4.85;3200
20160121 105200;4.85;4.86;4.84;4.85;16400
20160121 105300;4.84;4.84;4.84;4.84;700
20160121 105400;4.84;4.84;4.84;4.84;100
20160121 105600;4.85;4.85;4.85;4.85;2200
20160121 105900;4.84;4.84;4.8111;4.8111;2255
20160121 110200;4.81;4.81;4.81;4.81;300
20160121 110500;4.83;4.83;4.83;4.83;800
20160121 110600;4.84;4.86;4.84;4.85;4820
20160121 110700;4.85;4.85;4.85;4.85;800
20160121 110800;4.85;4.85;4.85;4.85;900
20160121 110900;4.85;4.85;4.85;4.85;100
20160121 111000;4.85;4.85;4.85;4.85;600
20160121 111100;4.8489;4.85;4.8489;4.85;300
20160121 111200;4.85;4.85;4.84;4.84;700
20160121 111500;4.85;4.85;4.85;4.85;1542
20160121 111600;4.85;4.85;4.85;4.85;100
20160121 111900;4.85;4.85;4.8499;4.85;1200
20160121 112000;4.8498;4.8498;4.8498;4.8498;2000
20160121 112400;4.85;4.85;4.85;4.85;200
20160121 112500;4.84;4.84;4.84;4.84;910
20160121 113400;4.85;4.85;4.8499;4.85;600
20160121 113600;4.84;4.88;4.84;4.8705;22017
20160121 114000;4.92;4.92;4.92;4.92;300
20160121 114100;4.9399;4.94;4.9399;4.94;800
20160121 114400;4.98;4.98;4.98;4.98;200
20160121 114500;4.98;4.98;4.96;4.96;200
20160121 114800;4.97;5.01;4.97;5.01;1400
20160121 115000;5.02;5.02;5.02;5.02;400
20160121 115200;5.05;5.05;5.05;5.05;100
20160121 115400;5.0376;5.0376;5.0376;5.0376;461
20160121 115600;5.05;5.07;5.05;5.06;1128
20160121 115700;5.07;5.1034;5.07;5.0911;7500
20160121 120000;5.12;5.12;5.12;5.12;100
20160121 120100;5.1052;5.11;5.1052;5.11;1437
20160121 120200;5.12;5.12;5.12;5.12;300
20160121 120300;5.15;5.15;5.15;5.15;500
20160121 120400;5.15;5.15;5.1463;5.1463;1100
20160121 120600;5.14;5.14;5.13;5.13;1300
20160121 120900;5.1;5.1001;5.1;5.1001;2000
20160121 121000;5.11;5.11;5.11;5.11;100
20160121 121300;5.1299;5.1299;5.11;5.11;673
20160121 121500;5.12;5.1317;5.12;5.1317;6400
20160121 121800;5.1426;5.1426;5.1426;5.1426;1000
20160121 121900;5.14;5.14;5.14;5.14;100
20160121 122000;5.16;5.16;5.1469;5.15;2315
20160121 122100;5.1599;5.16;5.1599;5.16;600
20160121 122400;5.1414;5.1414;5.14;5.14;1400
20160121 122600;5.17;5.17;5.17;5.17;100
20160121 122700;5.17;5.17;5.17;5.17;300
20160121 123200;5.15;5.1511;5.15;5.1511;1000
20160121 123400;5.16;5.16;5.16;5.16;600
20160121 123500;5.1537;5.16;5.1537;5.16;600
20160121 123700;5.16;5.16;5.1557;5.1557;560
20160121 124100;5.15;5.16;5.12;5.12;2200
20160121 125000;5.1356;5.14;5.1356;5.14;3300
20160121 125100;5.17;5.17;5.1699;5.1699;600
20160121 125500;5.16;5.17;5.1511;5.1511;4600
20160121 125900;5.17;5.17;5.17;5.17;300
20160121 130000;5.179;5.179;5.16;5.16;1300
20160121 130500;5.15;5.15;5.15;5.15;100
20160121 130800;5.17;5.17;5.17;5.17;200
20160121 130900;5.169;5.169;5.169;5.169;100
20160121 131100;5.19;5.19;5.1701;5.1701;300
20160121 132200;5.19;5.19;5.18;5.18;200
20160121 132300;5.17;5.17;5.16;5.16;700
20160121 132700;5.17;5.17;5.17;5.17;100
20160121 133100;5.17;5.17;5.17;5.17;100
20160121 133600;5.16;5.16;5.14;5.14;500
20160121 133700;5.15;5.17;5.14;5.17;1900
20160121 134100;5.1699;5.1699;5.1699;5.1699;200
20160121 134200;5.17;5.17;5.1611;5.17;300
20160121 134900;5.17;5.17;5.17;5.17;100
20160121 135400;5.16;5.16;5.16;5.16;300
20160121 135600;5.16;5.16;5.16;5.16;100
20160121 140100;5.18;5.19;5.18;5.19;1500
20160121 140200;5.19;5.19;5.18;5.18;800
20160121 140500;5.16;5.16;5.13;5.15;6400
20160121 140900;5.1599;5.1599;5.1599;5.1599;300
20160121 141000;5.16;5.16;5.16;5.16;100
20160121 141100;5.15;5.15;5.14;5.14;300
20160121 141300;5.1399;5.1399;5.13;5.13;500
20160121 141400;5.1248;5.1248;5.1248;5.1248;1337
20160121 141500;5.1201;5.1201;5.1201;5.1201;1500
20160121 141700;5.15;5.15;5.1499;5.1499;300
20160121 142000;5.15;5.15;5.15;5.15;100
20160121 142100;5.1474;5.17;5.1474;5.17;1400
20160121 142300;5.17;5.17;5.17;5.17;100
20160121 142400;5.17;5.17;5.17;5.17;300
20160121 142600;5.16;5.16;5.15;5.15;300
20160121 142700;5.14;5.14;5.14;5.14;300
20160121 142900;5.14;5.14;5.14;5.14;700
20160121 143000;5.16;5.16;5.16;5.16;100
20160121 143100;5.1699;5.1699;5.1699;5.1699;300
20160121 143200;5.17;5.17;5.17;5.17;100
20160121 143300;5.1699;5.1699;5.1699;5.1699;300
20160121 143600;5.1699;5.17;5.16;5.17;500
20160121 143800;5.162;5.162;5.162;5.162;1000
20160121 143900;5.17;5.17;5.17;5.17;500
20160121 144200;5.19;5.19;5.19;5.19;100
20160121 144400;5.19;5.19;5.19;5.19;100
20160121 144700;5.18;5.18;5.17;5.17;600
20160121 144800;5.16;5.16;5.16;5.16;100
20160121 144900;5.16;5.16;5.1578;5.1578;361
20160121 145000;5.15;5.15;5.15;5.15;200
20160121 145100;5.14;5.14;5.14;5.14;200
20160121 145500;5.1499;5.15;5.1499;5.15;200
20160121 145600;5.1511;5.1511;5.1511;5.1511;200
20160121 145700;5.1699;5.17;5.1699;5.17;500
20160121 145900;5.16;5.16;5.16;5.16;400
20160121 150000;5.1699;5.1699;5.1699;5.1699;100
20160121 150100;5.1699;5.1699;5.1699;5.1699;100
20160121 150700;5.15;5.15;5.14;5.14;400
20160121 151200;5.14;5.14;5.14;5.14;100
20160121 151600;5.14;5.14;5.14;5.14;100
20160121 152100;5.15;5.15;5.15;5.15;100
20160121 152300;5.148;5.148;5.148;5.148;500
20160121 152600;5.14;5.14;5.14;5.14;100
20160121 152700;5.15;5.15;5.15;5.15;100
20160121 153200;5.15;5.15;5.15;5.15;300
20160121 153600;5.14;5.14;5.1399;5.1399;200
20160121 153700;5.13;5.13;5.13;5.13;200
20160121 153800;5.12;5.13;5.12;5.13;200
20160121 153900;5.125;5.125;5.125;5.125;100
20160121 154300;5.13;5.13;5.13;5.13;100
20160121 154600;5.13;5.15;5.13;5.14;1100
20160121 154700;5.14;5.15;5.14;5.1499;1370
20160121 154800;5.15;5.15;5.15;5.15;100
20160121 154900;5.14;5.141;5.14;5.141;300
20160121 155000;5.14;5.15;5.14;5.14;910
20160121 155100;5.15;5.15;5.15;5.15;300
20160121 155300;5.15;5.15;5.15;5.15;100
20160121 155700;5.13;5.131;5.12;5.13;900
20160121 155800;5.12;5.19;5.12;5.16;47138
20160121 155900;5.17;5.18;5.16;5.17;2045
20160121 160000;5.17;5.18;5.15;5.15;11008
20160122 080600;5.22;5.22;5.22;5.22;300
20160122 084700;5.22;5.22;5.22;5.22;161
20160122 085100;5.22;5.22;5.22;5.22;100
20160122 091200;5.22;5.22;5.22;5.22;300
20160122 093800;5.23;5.24;5.23;5.24;500
20160122 094600;5.2515;5.2515;5.251;5.251;3969
20160122 094700;5.26;5.27;5.256;5.256;900
20160122 095300;5.29;5.29;5.29;5.29;100
20160122 095500;5.29;5.29;5.29;5.29;100
20160122 095600;5.29;5.32;5.29;5.32;743
20160122 095700;5.33;5.4;5.33;5.4;7191
20160122 095800;5.41;5.42;5.4081;5.42;1065
20160122 100000;5.44;5.44;5.44;5.44;300
20160122 100100;5.43;5.44;5.43;5.43;700
20160122 100200;5.43;5.43;5.43;5.43;100
20160122 100400;5.4;5.4;5.38;5.38;400
20160122 100500;5.36;5.36;5.34;5.34;400
20160122 100700;5.35;5.35;5.35;5.35;100
20160122 100800;5.365;5.365;5.35;5.3501;4202
20160122 100900;5.38;5.38;5.38;5.38;200
20160122 101000;5.39;5.39;5.39;5.39;600
20160122 101100;5.38;5.38;5.37;5.37;600
20160122 101200;5.37;5.37;5.35;5.3517;2470
20160122 101400;5.38;5.39;5.38;5.39;1500
20160122 101500;5.4;5.4;5.4;5.4;350
20160122 102300;5.355;5.36;5.355;5.36;200
20160122 102700;5.35;5.35;5.35;5.35;200
20160122 102800;5.3676;5.3676;5.35;5.35;1100
20160122 102900;5.35;5.35;5.35;5.35;200
20160122 103200;5.35;5.38;5.35;5.38;450
20160122 103300;5.37;5.37;5.37;5.37;100
20160122 103900;5.39;5.39;5.39;5.39;100
20160122 104000;5.3719;5.3719;5.36;5.37;517
20160122 104600;5.36;5.36;5.35;5.35;300
20160122 105400;5.34;5.34;5.34;5.34;186
20160122 105900;5.3346;5.3346;5.3346;5.3346;500
20160122 110400;5.36;5.36;5.36;5.36;100
20160122 110600;5.342;5.342;5.342;5.342;1200
20160122 110800;5.34;5.34;5.34;5.34;100
20160122 111000;5.34;5.34;5.34;5.34;100
20160122 111100;5.34;5.34;5.33;5.34;800
20160122 112100;5.34;5.35;5.34;5.35;765
20160122 112200;5.36;5.36;5.36;5.36;100
20160122 113000;5.38;5.38;5.38;5.38;100
20160122 113900;5.35;5.35;5.35;5.35;300
20160122 114000;5.37;5.37;5.37;5.37;100
20160122 114200;5.3702;5.3702;5.3702;5.3702;1000
20160122 114300;5.36;5.36;5.36;5.36;100
20160122 114900;5.36;5.36;5.36;5.36;500
20160122 115100;5.35;5.35;5.35;5.35;200
20160122 115700;5.35;5.35;5.35;5.35;100
20160122 120200;5.37;5.37;5.37;5.37;100
20160122 120700;5.345;5.35;5.345;5.35;200
20160122 120800;5.34;5.34;5.34;5.34;1500
20160122 122800;5.34;5.35;5.34;5.35;300
20160122 122900;5.34;5.34;5.34;5.34;300
20160122 123600;5.3302;5.3302;5.3302;5.3302;3000
20160122 124600;5.35;5.35;5.35;5.35;100
20160122 125000;5.3437;5.3437;5.3437;5.3437;500
20160122 125500;5.35;5.35;5.35;5.35;100
20160122 125800;5.37;5.37;5.37;5.37;100
20160122 130200;5.37;5.37;5.37;5.37;100
20160122 130400;5.38;5.38;5.38;5.38;2000
20160122 130500;5.39;5.39;5.39;5.39;100
20160122 131000;5.38;5.38;5.38;5.38;200
20160122 131100;5.3701;5.3701;5.37;5.37;1740
20160122 132500;5.4;5.4;5.4;5.4;100
20160122 133300;5.3783;5.4;5.3783;5.4;6198
20160122 133400;5.41;5.41;5.41;5.41;150
20160122 133500;5.41;5.41;5.41;5.41;896
20160122 133700;5.43;5.43;5.43;5.43;100
20160122 134200;5.46;5.46;5.46;5.46;100
20160122 134600;5.46;5.46;5.46;5.46;100
20160122 134700;5.43;5.43;5.43;5.43;200
20160122 135500;5.42;5.42;5.41;5.41;300
20160122 135700;5.4;5.4;5.4;5.4;300
20160122 140700;5.38;5.38;5.38;5.38;200
20160122 140800;5.39;5.39;5.39;5.39;100
20160122 140900;5.389;5.389;5.389;5.389;200
20160122 141500;5.39;5.39;5.37;5.37;2000
20160122 141900;5.37;5.39;5.36;5.39;2300
20160122 142200;5.38;5.38;5.36;5.36;500
20160122 142300;5.36;5.364;5.36;5.364;1600
20160122 142500;5.36;5.36;5.32;5.32;3200
20160122 142600;5.34;5.3411;5.34;5.34;900
20160122 142700;5.35;5.35;5.35;5.35;200
20160122 142800;5.35;5.35;5.32;5.32;3100
20160122 143100;5.32;5.32;5.32;5.32;300
20160122 143200;5.32;5.32;5.31;5.31;500
20160122 144600;5.31;5.31;5.31;5.31;100
20160122 144700;5.31;5.31;5.31;5.31;100
20160122 144900;5.32;5.32;5.32;5.32;200
20160122 145300;5.32;5.32;5.32;5.32;200
20160122 145600;5.32;5.32;5.32;5.32;400
20160122 150800;5.33;5.33;5.33;5.33;100
20160122 151600;5.36;5.36;5.36;5.36;100
20160122 152800;5.36;5.36;5.36;5.36;100
20160122 153200;5.35;5.35;5.35;5.35;100
20160122 153300;5.34;5.34;5.33;5.34;400
20160122 153500;5.35;5.37;5.35;5.37;1170
20160122 153600;5.36;5.37;5.36;5.36;400
20160122 153800;5.37;5.37;5.37;5.37;1800
20160122 153900;5.4;5.4;5.4;5.4;100
20160122 154500;5.3999;5.3999;5.3999;5.3999;1900
20160122 154700;5.39;5.39;5.39;5.39;1450
20160122 154800;5.39;5.4;5.39;5.4;3100
20160122 155000;5.43;5.43;5.43;5.43;100
20160122 155200;5.4;5.4089;5.4;5.4089;1000
20160122 155400;5.39;5.39;5.39;5.39;200
20160122 155500;5.38;5.38;5.38;5.38;100
20160122 155600;5.39;5.39;5.39;5.39;314
20160122 155700;5.4;5.4;5.38;5.38;969
20160122 155800;5.37;5.4;5.37;5.38;744
20160122 155900;5.37;5.37;5.37;5.37;200
20160122 160000;5.38;5.405;5.37;5.4;3700
20160125 093600;5.385;5.3851;5.3404;5.3404;5610
20160125 094300;5.4;5.4;5.4;5.4;400
20160125 094400;5.4;5.4;5.37;5.38;900
20160125 095000;5.38;5.38;5.38;5.38;3000
20160125 095100;5.4;5.4;5.4;5.4;7750
20160125 095200;5.42;5.42;5.42;5.42;100
20160125 095500;5.45;5.45;5.45;5.45;600
20160125 095600;5.47;5.47;5.413;5.416;821
20160125 095700;5.452;5.46;5.45;5.45;987
20160125 095800;5.43;5.44;5.4211;5.43;800
20160125 095900;5.44;5.44;5.42;5.42;500
20160125 100000;5.423;5.43;5.36;5.36;1385
20160125 100100;5.41;5.41;5.36;5.36;1300
20160125 100400;5.38;5.38;5.38;5.38;1000
20160125 100700;5.42;5.43;5.42;5.43;500
20160125 100900;5.4571;5.4571;5.4571;5.4571;1841
20160125 101700;5.43;5.44;5.43;5.44;200
20160125 101800;5.44;5.44;5.43;5.43;800
20160125 103300;5.4;5.4001;5.4;5.4;1200
20160125 103400;5.41;5.41;5.41;5.41;100
20160125 105200;5.405;5.405;5.405;5.405;135
20160125 111500;5.39;5.41;5.37;5.37;1000
20160125 111700;5.36;5.37;5.36;5.37;500
20160125 111800;5.36;5.36;5.36;5.36;100
20160125 112500;5.35;5.35;5.35;5.35;121
20160125 112800;5.3156;5.3156;5.3001;5.3001;1850
20160125 113500;5.32;5.32;5.32;5.32;100
20160125 114200;5.31;5.31;5.24;5.24;5100
20160125 122400;5.31;5.31;5.31;5.31;366
20160125 122900;5.31;5.31;5.31;5.31;200
20160125 123300;5.31;5.31;5.31;5.31;400
20160125 124200;5.32;5.32;5.32;5.32;300
20160125 131200;5.3003;5.33;5.3003;5.325;737
20160125 131500;5.3;5.3;5.28;5.28;2100
20160125 131600;5.32;5.32;5.32;5.32;200
20160125 132600;5.29;5.29;5.29;5.29;100
20160125 133900;5.3;5.3;5.3;5.3;300
20160125 135000;5.29;5.29;5.29;5.29;200
20160125 135400;5.29;5.29;5.28;5.28;400
20160125 135900;5.28;5.29;5.28;5.29;200
20160125 140000;5.28;5.28;5.28;5.28;2077
20160125 141000;5.2701;5.2701;5.2701;5.2701;154
20160125 141300;5.28;5.28;5.28;5.28;100
20160125 144000;5.264;5.264;5.264;5.264;500
20160125 144100;5.27;5.27;5.27;5.27;250
20160125 150100;5.3;5.3;5.3;5.3;200
20160125 150400;5.3;5.3;5.3;5.3;500
20160125 151000;5.29;5.29;5.29;5.29;100
20160125 152900;5.31;5.31;5.31;5.31;100
20160125 153300;5.29;5.29;5.29;5.29;100
20160125 153700;5.27;5.27;5.27;5.27;100
20160125 154700;5.28;5.28;5.28;5.28;100
20160125 154900;5.27;5.27;5.26;5.26;1300
20160125 155000;5.27;5.31;5.27;5.31;400
20160125 155100;5.29;5.29;5.29;5.29;400
20160125 155500;5.28;5.28;5.28;5.28;405
20160125 155700;5.27;5.27;5.25;5.25;2000
20160125 155800;5.27;5.27;5.25;5.25;200
20160125 160000;5.25;5.28;5.25;5.25;1320
20160126 092900;5.2;5.2;5.2;5.2;420
20160126 093500;5.25;5.25;5.25;5.25;200
20160126 093600;5.25;5.25;5.25;5.25;400
20160126 093700;5.24;5.25;5.24;5.25;800
20160126 094100;5.2499;5.2499;5.2499;5.2499;2000
20160126 094600;5.25;5.25;5.25;5.25;300
20160126 094700;5.24;5.24;5.23;5.24;1100
20160126 095000;5.21;5.21;5.2;5.2;260
20160126 095100;5.17;5.17;5.17;5.17;500
20160126 095200;5.15;5.15;5.15;5.15;100
20160126 095300;5.15;5.15;5.15;5.15;200
20160126 095600;5.1101;5.13;5.1101;5.13;3000
20160126 095700;5.13;5.13;5.12;5.12;400
20160126 095900;5.11;5.11;5.11;5.11;100
20160126 100000;5.1234;5.1234;5.1234;5.1234;1000
20160126 100100;5.11;5.11;5.1;5.1;2000
20160126 100200;5.1101;5.1101;5.1;5.1;4800
20160126 101000;5.07;5.07;5.07;5.07;100
20160126 101100;5.0636;5.08;5.0636;5.08;800
20160126 101200;5.07;5.07;5.07;5.07;600
20160126 101400;5.06;5.06;5.06;5.06;100
20160126 101500;5.06;5.06;5.05;5.05;600
20160126 101600;5.05;5.05;5.05;5.05;200
20160126 102100;5.07;5.07;5.07;5.07;700
20160126 102300;5.07;5.07;5.07;5.07;600
20160126 102400;5.08;5.08;5.08;5.08;100
20160126 102600;5.08;5.1;5.08;5.1;2800
20160126 103100;5.15;5.15;5.15;5.15;600
20160126 103600;5.15;5.15;5.15;5.15;700
20160126 105400;5.16;5.16;5.16;5.16;100
20160126 110000;5.15;5.16;5.15;5.16;600
20160126 110300;5.15;5.15;5.15;5.15;200
20160126 110500;5.17;5.17;5.17;5.17;200
20160126 111100;5.16;5.16;5.16;5.16;100
20160126 111600;5.17;5.17;5.17;5.17;600
20160126 111800;5.16;5.16;5.16;5.16;200
20160126 112000;5.152;5.152;5.152;5.152;1000
20160126 112100;5.14;5.16;5.14;5.16;1700
20160126 112200;5.17;5.17;5.16;5.16;900
20160126 112300;5.15;5.15;5.15;5.15;100
20160126 112500;5.15;5.15;5.15;5.15;200
20160126 112600;5.15;5.15;5.15;5.15;100
20160126 112700;5.16;5.16;5.16;5.16;100
20160126 112800;5.15;5.1656;5.15;5.1656;2000
20160126 113000;5.16;5.16;5.16;5.16;1700
20160126 113200;5.17;5.17;5.17;5.17;100
20160126 113600;5.17;5.17;5.17;5.17;100
20160126 114200;5.17;5.17;5.17;5.17;400
20160126 114300;5.17;5.17;5.17;5.17;200
20160126 114400;5.17;5.17;5.17;5.17;100
20160126 114600;5.17;5.17;5.17;5.17;100
20160126 115000;5.17;5.17;5.17;5.17;500
20160126 115100;5.17;5.17;5.16;5.16;200
20160126 115200;5.17;5.17;5.17;5.17;1554
20160126 115300;5.17;5.17;5.17;5.17;400
20160126 115400;5.18;5.18;5.18;5.18;100
20160126 115600;5.18;5.18;5.18;5.18;100
20160126 120100;5.18;5.18;5.18;5.18;100
20160126 120300;5.18;5.18;5.18;5.18;400
20160126 120500;5.17;5.17;5.17;5.17;100
20160126 120600;5.18;5.18;5.18;5.18;300
20160126 120700;5.18;5.18;5.18;5.18;800
20160126 121400;5.173;5.173;5.173;5.173;409
20160126 121600;5.2;5.2;5.2;5.2;100
20160126 121800;5.2;5.2;5.2;5.2;300
20160126 122600;5.22;5.22;5.22;5.22;100
20160126 123200;5.21;5.21;5.21;5.21;400
20160126 123600;5.21;5.21;5.21;5.21;100
20160126 123700;5.21;5.21;5.21;5.21;300
20160126 123800;5.22;5.22;5.22;5.22;100
20160126 124100;5.22;5.22;5.2163;5.2163;800
20160126 124300;5.22;5.22;5.22;5.22;500
20160126 124700;5.22;5.22;5.22;5.22;100
20160126 124800;5.22;5.22;5.22;5.22;100
20160126 125000;5.21;5.21;5.21;5.21;200
20160126 130000;5.22;5.22;5.22;5.22;500
20160126 130100;5.23;5.23;5.23;5.23;100
20160126 130500;5.21;5.21;5.21;5.21;100
20160126 131100;5.23;5.23;5.21;5.21;300
20160126 131400;5.21;5.21;5.21;5.21;600
20160126 132100;5.21;5.21;5.21;5.21;200
20160126 132200;5.21;5.22;5.21;5.22;1500
20160126 132300;5.22;5.22;5.22;5.22;200
20160126 132600;5.22;5.22;5.22;5.22;200
20160126 132700;5.22;5.22;5.22;5.22;100
20160126 133600;5.24;5.24;5.24;5.24;100
20160126 133800;5.23;5.24;5.23;5.237;3000
20160126 134000;5.2225;5.2225;5.2225;5.2225;500
20160126 134200;5.22;5.22;5.22;5.22;100
20160126 134500;5.23;5.23;5.23;5.23;100
20160126 134600;5.24;5.24;5.24;5.24;100
20160126 135000;5.24;5.24;5.24;5.24;300
20160126 135600;5.24;5.24;5.23;5.23;400
20160126 135700;5.24;5.25;5.24;5.25;200
20160126 135800;5.2412;5.2412;5.2412;5.2412;4000
20160126 140500;5.21;5.21;5.21;5.21;100
20160126 140600;5.2392;5.2392;5.22;5.22;2200
20160126 140900;5.22;5.22;5.22;5.22;200
20160126 141100;5.23;5.23;5.23;5.23;200
20160126 141700;5.24;5.24;5.24;5.24;300
20160126 142000;5.22;5.22;5.22;5.22;100
20160126 142200;5.24;5.25;5.24;5.25;200
20160126 142600;5.25;5.25;5.24;5.24;500
20160126 142700;5.23;5.23;5.23;5.23;100
20160126 143500;5.2336;5.2336;5.22;5.22;7100
20160126 144200;5.2344;5.2344;5.2344;5.2344;200
20160126 144300;5.25;5.25;5.25;5.25;500
20160126 144400;5.25;5.25;5.2493;5.2499;11400
20160126 144900;5.26;5.26;5.26;5.26;200
20160126 145100;5.27;5.27;5.27;5.27;100
20160126 145200;5.27;5.27;5.27;5.27;200
20160126 145300;5.2895;5.2895;5.2895;5.2895;189
20160126 145500;5.3;5.3;5.3;5.3;900
20160126 145600;5.3;5.3;5.3;5.3;200
20160126 150100;5.3;5.3;5.3;5.3;100
20160126 150400;5.3;5.3;5.3;5.3;100
20160126 150500;5.3;5.3;5.3;5.3;600
20160126 150600;5.3;5.3;5.29;5.29;1200
20160126 150700;5.29;5.29;5.29;5.29;400
20160126 151100;5.28;5.28;5.12;5.24;21100
20160126 151200;5.24;5.24;5.24;5.24;600
20160126 151400;5.2397;5.2397;5.09;5.19;18300
20160126 151500;5.21;5.21;5.21;5.21;100
20160126 151600;5.2;5.2;5.11;5.17;20700
20160126 151900;5.18;5.18;5.08;5.08;12100
20160126 152000;5.09;5.17;5.09;5.17;1000
20160126 152600;5.14;5.14;5.08;5.08;15100
20160126 152800;5.12;5.12;5.12;5.12;500
20160126 152900;5.12;5.14;5.12;5.14;200
20160126 153500;5.1699;5.17;5.16;5.1699;6600
20160126 153600;5.15;5.15;5.09;5.09;10000
20160126 153700;5.14;5.1499;5.14;5.1499;3400
20160126 153800;5.14;5.14;5.14;5.14;200
20160126 153900;5.12;5.12;5.09;5.09;10000
20160126 154000;5.14;5.14;5.1389;5.1389;3000
20160126 154100;5.14;5.17;5.136;5.165;2950
20160126 154400;5.16;5.1799;5.16;5.1799;2800
20160126 154500;5.18;5.18;5.18;5.18;100
20160126 154600;5.19;5.19;5.187;5.187;2100
20160126 154700;5.19;5.19;5.19;5.19;600
20160126 154800;5.1824;5.19;5.18;5.19;2200
20160126 155100;5.18;5.18;5.18;5.18;500
20160126 155300;5.19;5.19;5.1855;5.1855;400
20160126 155400;5.19;5.19;5.19;5.19;200
20160126 155500;5.2057;5.21;5.2057;5.21;2100
20160126 155600;5.19;5.19;5.19;5.19;200
20160126 155700;5.19;5.19;5.16;5.19;1000
20160126 155800;5.18;5.19;5.18;5.188;500
20160126 155900;5.21;5.22;5.19;5.22;600
20160126 160000;5.21;5.23;5.19;5.21;6935
20160127 093200;5.232;5.232;5.232;5.232;800
20160127 093500;5.19;5.19;5.18;5.19;3600
20160127 093700;5.21;5.21;5.21;5.21;100
20160127 093800;5.1803;5.1803;5.1803;5.1803;800
20160127 094000;5.21;5.22;5.21;5.2199;300
20160127 094100;5.22;5.26;5.22;5.26;5380
20160127 094200;5.241;5.241;5.24;5.24;1400
20160127 094300;5.227;5.23;5.224;5.23;2900
20160127 094400;5.2068;5.2068;5.2068;5.2068;2000
20160127 094800;5.193;5.193;5.193;5.193;1000
20160127 095300;5.21;5.21;5.2;5.2;300
20160127 095400;5.18;5.18;5.18;5.18;300
20160127 095600;5.1838;5.185;5.1803;5.185;8700
20160127 100500;5.2;5.22;5.2;5.22;200
20160127 100800;5.23;5.23;5.23;5.23;100
20160127 101100;5.23;5.23;5.23;5.23;100
20160127 101400;5.23;5.23;5.23;5.23;100
20160127 101700;5.2299;5.2299;5.2299;5.2299;100
20160127 102100;5.21;5.21;5.21;5.21;100
20160127 102400;5.2199;5.2199;5.2199;5.2199;100
20160127 102500;5.22;5.22;5.22;5.22;200
20160127 102800;5.2299;5.2299;5.2299;5.2299;100
20160127 103100;5.2299;5.2299;5.2299;5.2299;100
20160127 103300;5.23;5.23;5.23;5.23;209
20160127 103400;5.22;5.22;5.22;5.22;928
20160127 104000;5.16;5.16;5;5.02;24150
20160127 104100;5.07;5.09;5.07;5.09;2100
20160127 104300;5.09;5.1;5.09;5.1;700
20160127 104400;5.09;5.1;5.09;5.1;600
20160127 104600;5.12;5.12;5.12;5.12;100
20160127 104700;5.1;5.1;5.1;5.1;300
20160127 105300;5.09;5.09;5.08;5.08;1400
20160127 105900;5.09;5.09;5.09;5.09;100
20160127 110100;5.09;5.09;5.09;5.09;100
20160127 110300;5.09;5.09;5.08;5.08;2150
20160127 110600;5.07;5.07;5.05;5.05;10500
20160127 110700;5.0601;5.0601;5.0601;5.0601;3615
20160127 110900;5.07;5.07;5.07;5.07;400
20160127 111400;5.08;5.08;5.08;5.08;100
20160127 111600;5.08;5.08;5.08;5.08;200
20160127 111700;5.09;5.09;5.09;5.09;600
20160127 111900;5.09;5.09;5.09;5.09;400
20160127 112100;5.1;5.1;5.1;5.1;100
20160127 112500;5.0999;5.0999;5.0999;5.0999;1000
20160127 112600;5.0997;5.0997;5.08;5.08;1900
20160127 113100;5.1;5.1;5.1;5.1;100
20160127 113300;5.0944;5.0944;5.0944;5.0944;1300
20160127 113500;5.1;5.12;5.1;5.12;4700
20160127 113600;5.1398;5.1398;5.1398;5.1398;2900
20160127 113700;5.14;5.14;5.14;5.14;100
20160127 114200;5.15;5.15;5.15;5.15;100
20160127 114500;5.15;5.15;5.1489;5.15;500
20160127 114600;5.15;5.15;5.15;5.15;100
20160127 114700;5.15;5.17;5.15;5.17;2700
20160127 114900;5.1634;5.1634;5.1634;5.1634;1000
20160127 115100;5.15;5.1599;5.15;5.1599;200
20160127 115200;5.16;5.16;5.16;5.16;100
20160127 115400;5.14;5.14;5.12;5.12;300
20160127 120600;5.15;5.15;5.15;5.15;100
20160127 120700;5.15;5.15;5.15;5.15;100
20160127 121100;5.16;5.16;5.16;5.16;100
20160127 121400;5.15;5.16;5.15;5.155;300
20160127 121500;5.1301;5.1405;5.1301;5.1405;573
20160127 121600;5.16;5.16;5.16;5.16;100
20160127 121700;5.16;5.16;5.16;5.16;500
20160127 122100;5.17;5.17;5.17;5.17;100
20160127 122700;5.17;5.17;5.17;5.17;100
20160127 123200;5.17;5.17;5.17;5.17;100
20160127 123500;5.1699;5.1699;5.1699;5.1699;1080
20160127 123700;5.14;5.14;5.12;5.12;400
20160127 123800;5.14;5.14;5.12;5.1299;1600
20160127 123900;5.12;5.12;5.12;5.12;300
20160127 124000;5.13;5.13;5.13;5.13;200
20160127 124600;5.1;5.1;5;5;22012
20160127 124800;5.08;5.08;5.0501;5.0501;7600
20160127 124900;5.06;5.06;5.06;5.06;100
20160127 130500;5.065;5.065;5.065;5.065;500
20160127 130600;5.08;5.08;5.08;5.08;100
20160127 131000;5.08;5.08;5.08;5.08;1800
20160127 131700;5.09;5.09;5.09;5.09;100
20160127 132300;5.09;5.09;5.09;5.09;100
20160127 132800;5.0899;5.0899;5.0899;5.0899;100
20160127 133000;5.08;5.08;5.08;5.08;100
20160127 133200;5.08;5.08;5.08;5.08;200
20160127 133400;5.0899;5.0899;5.0899;5.0899;100
20160127 133600;5.08;5.09;5.08;5.09;500
20160127 133700;5.09;5.09;5.09;5.09;800
20160127 134700;5.07;5.07;5.07;5.07;2200
20160127 134800;5.08;5.08;5.08;5.08;100
20160127 135800;5.08;5.09;5.08;5.09;400
20160127 135900;5.09;5.09;5.09;5.09;200
20160127 140300;5.09;5.09;5.07;5.07;600
20160127 140700;5.06;5.06;5.05;5.05;1100
20160127 140800;5.06;5.07;5.06;5.07;700
20160127 140900;5.06;5.06;5.06;5.06;400
20160127 141300;5.05;5.05;5.05;5.05;100
20160127 141500;5.05;5.05;5.05;5.05;300
20160127 142000;5.05;5.05;5.05;5.05;100
20160127 142600;5.0599;5.0599;5.0599;5.0599;100
20160127 142900;5.07;5.07;5.07;5.07;2712
20160127 143200;5.0799;5.0799;5.0799;5.0799;100
20160127 143600;5.09;5.09;5.09;5.09;100
20160127 143900;5.09;5.09;5.09;5.09;100
20160127 144000;5.07;5.07;5.07;5.07;300
20160127 144100;5.05;5.05;5.05;5.05;300
20160127 144300;5.06;5.07;5.06;5.07;300
20160127 145600;5.0799;5.0799;5.0799;5.0799;100
20160127 150000;5.08;5.08;5.08;5.08;100
20160127 150200;5.06;5.06;5.06;5.06;300
20160127 150700;5.03;5.03;5.03;5.03;300
20160127 150800;5.02;5.02;5.01;5.01;4000
20160127 150900;5.0108;5.03;5.0108;5.03;3100
20160127 151000;5.04;5.04;5.03;5.04;800
20160127 151400;5.02;5.02;5.02;5.02;100
20160127 152200;5.01;5.01;5.01;5.01;300
20160127 152400;5.0199;5.0199;5.0199;5.0199;100
20160127 152500;5.0093;5.01;4.96;4.96;11380
20160127 152600;4.97;4.98;4.96;4.98;3020
20160127 152700;4.98;4.98;4.962;4.968;1400
20160127 152800;4.97;4.98;4.97;4.98;200
20160127 153400;4.97;4.979;4.97;4.97;1200
20160127 153500;4.97;4.97;4.97;4.97;100
20160127 153600;4.97;4.9799;4.97;4.9799;200
20160127 153800;4.96;4.96;4.95;4.95;1800
20160127 154200;4.93;4.94;4.92;4.92;1400
20160127 154300;4.928;4.928;4.9121;4.9121;1250
20160127 154500;4.93;4.96;4.93;4.96;500
20160127 154600;4.96;4.96;4.96;4.96;100
20160127 154800;4.98;4.98;4.97;4.97;300
20160127 154900;4.9799;4.9799;4.9799;4.9799;100
20160127 155000;4.98;4.98;4.98;4.98;100
20160127 155200;4.98;4.98;4.98;4.98;300
20160127 155300;4.99;4.99;4.91;4.94;8922
20160127 155400;4.95;4.95;4.95;4.95;600
20160127 155500;4.95;4.9899;4.95;4.9899;5836
20160127 155700;4.99;4.99;4.98;4.98;300
20160127 155800;4.99;4.99;4.97;4.97;1032
20160127 155900;4.97;4.99;4.97;4.99;1400
20160127 160000;4.99;5.01;4.98;4.98;3269
20160127 163300;5.02;5.02;5.02;5.02;500
20160128 093400;5.05;5.05;5.05;5.05;500
20160128 093600;5.06;5.08;5.06;5.08;600
20160128 093900;5.07;5.09;5.07;5.08;1800
20160128 094100;5.08;5.08;5.08;5.08;100
20160128 094900;5.04;5.04;5.04;5.04;100
20160128 095100;5.0301;5.05;5.0301;5.05;700
20160128 095500;5.05;5.06;5.03;5.06;821
20160128 101000;5.02;5.02;4.99;5;859
20160128 101200;4.9988;5.03;4.9988;5.02;2700
20160128 101700;4.98;5;4.98;5;2250
20160128 101900;4.9604;5;4.9604;5;832
20160128 102900;4.9666;4.9666;4.9666;4.9666;2000
20160128 103000;4.99;5.01;4.99;4.99;1200
20160128 103200;4.97;4.97;4.97;4.97;100
20160128 103400;4.97;4.97;4.97;4.97;100
20160128 103500;4.98;4.98;4.98;4.98;100
20160128 104700;4.97;4.97;4.97;4.97;100
20160128 104900;4.965;4.965;4.96;4.9622;1900
20160128 105000;4.97;4.97;4.96;4.96;700
20160128 105800;4.95;4.95;4.95;4.95;100
20160128 110100;4.96;4.96;4.96;4.96;200
20160128 110200;4.9799;4.9799;4.9799;4.9799;100
20160128 110300;4.96;4.96;4.96;4.96;100
20160128 110800;4.96;4.97;4.96;4.97;300
20160128 111200;4.9799;4.9799;4.9799;4.9799;100
20160128 111400;4.9799;4.9799;4.9799;4.9799;100
20160128 111700;4.9699;4.9699;4.96;4.96;300
20160128 111800;4.9699;4.9699;4.9699;4.9699;100
20160128 111900;4.96;4.96;4.96;4.96;100
20160128 112000;4.97;4.97;4.9699;4.9699;600
20160128 112300;4.9695;4.97;4.9695;4.97;600
20160128 112400;4.98;5;4.98;5;1922
20160128 113000;5.04;5.04;5.04;5.04;100
20160128 113300;5.03;5.03;5.02;5.02;5200
20160128 113800;4.9941;4.9999;4.9941;4.9999;850
20160128 113900;5;5;5;5;200
20160128 114100;4.9999;4.9999;4.9999;4.9999;100
20160128 114300;4.9999;4.9999;4.9999;4.9999;100
20160128 114400;4.99;4.99;4.99;4.99;400
20160128 114700;4.9899;4.9899;4.9899;4.9899;100
20160128 114800;4.9899;4.9899;4.9899;4.9899;100
20160128 115000;4.99;4.99;4.99;4.99;400
20160128 115100;4.9999;4.9999;4.9999;4.9999;100
20160128 115300;4.9899;4.9899;4.9899;4.9899;100
20160128 115600;4.99;5;4.99;5;1600
20160128 120600;5;5;5;5;100
20160128 120700;4.9999;5;4.9999;5;300
20160128 121700;5;5;4.99;5;500
20160128 123100;5.0099;5.0099;5.0099;5.0099;3000
20160128 123200;5.01;5.01;5.01;5.01;500
20160128 123400;5.02;5.02;5.02;5.02;100
20160128 124000;5.01;5.01;5.01;5.01;100
20160128 124500;5;5;5;5;300
20160128 124600;5;5;5;5;500
20160128 124800;5;5;5;5;100
20160128 130000;5.0099;5.0099;5.0099;5.0099;100
20160128 130200;4.96;4.96;4.96;4.96;100
20160128 130300;4.9899;4.9899;4.9899;4.9899;100
20160128 130500;4.9899;4.9899;4.9899;4.9899;100
20160128 130600;4.985;4.985;4.985;4.985;100
20160128 131000;4.9999;4.9999;4.9999;4.9999;100
20160128 131100;4.97;4.97;4.97;4.97;200
20160128 131300;4.9999;4.9999;4.9999;4.9999;100
20160128 131500;4.9999;4.9999;4.9999;4.9999;100
20160128 131800;4.9899;4.9899;4.9899;4.9899;100
20160128 131900;4.99;4.99;4.98;4.985;300
20160128 132000;4.98;4.98;4.98;4.98;100
20160128 132100;4.98;4.98;4.97;4.97;200
20160128 132300;4.9799;4.9799;4.9799;4.9799;100
20160128 132600;4.9799;4.9799;4.9799;4.9799;100
20160128 132800;4.9799;4.9799;4.9799;4.9799;100
20160128 133100;4.9799;4.9799;4.9799;4.9799;100
20160128 133200;4.9799;4.9799;4.9799;4.9799;100
20160128 133500;4.9799;4.9799;4.9799;4.9799;100
20160128 133600;4.975;4.975;4.9699;4.97;1500
20160128 133700;4.96;4.96;4.96;4.96;950
20160128 134200;4.97;4.97;4.97;4.97;4600
20160128 135100;4.98;4.98;4.98;4.98;100
20160128 135400;4.9899;4.9899;4.9899;4.9899;100
20160128 135700;4.9899;4.9899;4.9899;4.9899;100
20160128 135800;4.98;4.98;4.98;4.98;100
20160128 140000;4.98;4.98;4.97;4.97;200
20160128 140400;4.9799;4.9799;4.9799;4.9799;100
20160128 140500;4.975;4.975;4.975;4.975;100
20160128 140600;4.97;4.97;4.97;4.97;100
20160128 141000;4.9799;4.9799;4.9799;4.9799;100
20160128 141200;4.9799;4.9799;4.9799;4.9799;100
20160128 141300;4.97;4.975;4.97;4.975;200
20160128 141700;4.9799;4.9799;4.9799;4.9799;100
20160128 142000;4.9799;4.9799;4.9799;4.9799;100
20160128 142100;4.96;4.97;4.95;4.9699;2500
20160128 142400;4.97;4.975;4.97;4.97;2900
20160128 142500;4.97;4.97;4.97;4.97;2800
20160128 142700;4.9799;4.9799;4.9799;4.9799;100
20160128 142900;4.97;4.9799;4.97;4.9799;200
20160128 143200;4.9799;4.9799;4.9799;4.9799;100
20160128 143500;4.97;4.9799;4.97;4.9799;200
20160128 143600;4.98;5;4.96;4.98;6300
20160128 143700;4.9899;4.9899;4.9899;4.9899;100
20160128 144100;4.9899;4.9899;4.9899;4.9899;100
20160128 144300;4.9899;4.9899;4.9899;4.9899;100
20160128 144500;4.9899;4.9899;4.9899;4.9899;100
20160128 144800;4.9899;4.9899;4.9899;4.9899;100
20160128 145000;4.9899;4.9899;4.9899;4.9899;100
20160128 145100;4.98;4.98;4.98;4.98;400
20160128 145200;4.9799;4.9799;4.9799;4.9799;400
20160128 145300;4.98;4.9899;4.98;4.9899;200
20160128 145400;4.99;4.99;4.99;4.99;600
20160128 145600;4.9899;4.9899;4.9899;4.9899;100
20160128 145800;4.9899;4.9899;4.9899;4.9899;100
20160128 150100;4.9899;4.9899;4.9899;4.9899;100
20160128 150200;4.99;4.99;4.99;4.99;400
20160128 150400;4.9899;4.9899;4.9899;4.9899;100
20160128 150700;4.9899;4.9899;4.9899;4.9899;100
20160128 151000;4.9899;4.9899;4.9899;4.9899;100
20160128 151100;4.99;4.99;4.99;4.99;400
20160128 151200;4.9999;4.9999;4.9999;4.9999;100
20160128 151600;4.9899;4.9899;4.9899;4.9899;200
20160128 151700;4.99;4.99;4.99;4.99;500
20160128 151800;4.995;4.995;4.99;4.99;4409
20160128 151900;4.9899;4.9899;4.9899;4.9899;300
20160128 152100;4.9899;4.9899;4.9899;4.9899;100
20160128 152200;4.9863;4.9863;4.9863;4.9863;1000
20160128 152300;4.9899;4.9899;4.9899;4.9899;100
20160128 152700;4.9899;4.9899;4.9899;4.9899;100
20160128 152800;4.9801;4.9801;4.9801;4.9801;1250
20160128 152900;4.9899;4.9899;4.9899;4.9899;100
20160128 153000;4.99;4.99;4.99;4.99;100
20160128 153100;4.9899;4.9899;4.9899;4.9899;100
20160128 153300;4.99;4.99;4.9899;4.9899;200
20160128 153400;4.98;4.98;4.98;4.98;100
20160128 153600;4.9899;4.99;4.9899;4.99;800
20160128 153700;5;5;4.9899;4.99;1800
20160128 153800;5;5;5;5;100
20160128 154000;5;5;5;5;100
20160128 154400;5;5;4.98;4.98;500
20160128 154500;5;5;5;5;300
20160128 154600;5;5;4.99;4.99;200
20160128 154900;4.99;4.99;4.99;4.99;100
20160128 155000;4.9999;5;4.9999;5;350
20160128 155400;5;5;4.9981;4.9981;3100
20160128 155500;4.9944;4.9944;4.9944;4.9944;580
20160128 155600;5.005;5.005;5.005;5.005;400
20160128 155700;4.9999;5.01;4.9999;5.01;700
20160128 155800;5.02;5.02;5.02;5.02;100
20160128 155900;5.01;5.02;5.01;5.01;300
20160128 160000;5.01;5.03;5;5.02;5077
20160129 093600;5.03;5.03;5.03;5.03;200
20160129 093700;5.057;5.057;5.057;5.057;400
20160129 093800;5.06;5.06;5.06;5.06;500
20160129 094400;5.09;5.09;5.09;5.09;100
20160129 094800;5.1;5.1;5.1;5.1;200
20160129 094900;5.11;5.11;5.11;5.11;200
20160129 095000;5.12;5.12;5.12;5.12;700
20160129 095100;5.13;5.14;5.13;5.14;300
20160129 095200;5.1399;5.1399;5.1399;5.1399;1000
20160129 095300;5.11;5.11;5.06;5.06;200
20160129 095400;5.06;5.06;5.06;5.06;400
20160129 095600;5.12;5.12;5.12;5.12;200
20160129 095800;5.12;5.12;5.12;5.12;300
20160129 100000;5.13;5.15;5.11;5.15;4300
20160129 100200;5.15;5.16;5.15;5.16;400
20160129 100500;5.16;5.17;5.16;5.17;450
20160129 100600;5.17;5.18;5.17;5.18;700
20160129 100700;5.18;5.18;5.18;5.18;1000
20160129 100800;5.19;5.19;5.19;5.19;200
20160129 101000;5.16;5.16;5.16;5.16;300
20160129 101100;5.16;5.17;5.15;5.17;500
20160129 101600;5.16;5.16;5.16;5.16;300
20160129 101700;5.15;5.15;5.15;5.15;300
20160129 102000;5.16;5.18;5.1599;5.18;1450
20160129 102100;5.19;5.19;5.19;5.19;2200
20160129 102300;5.21;5.22;5.21;5.22;680
20160129 102500;5.21;5.21;5.21;5.21;100
20160129 102700;5.21;5.21;5.21;5.21;200
20160129 103000;5.21;5.21;5.21;5.21;200
20160129 103200;5.21;5.21;5.21;5.21;200
20160129 103300;5.22;5.22;5.22;5.22;100
20160129 103400;5.22;5.22;5.22;5.22;200
20160129 103600;5.22;5.22;5.22;5.22;200
20160129 103800;5.22;5.22;5.22;5.22;200
20160129 104000;5.22;5.25;5.22;5.25;500
20160129 104300;5.24;5.24;5.24;5.24;300
20160129 104400;5.224;5.236;5.224;5.236;1000
20160129 104500;5.25;5.25;5.25;5.25;200
20160129 104600;5.25;5.25;5.25;5.25;100
20160129 104700;5.24;5.24;5.24;5.24;200
20160129 105000;5.25;5.25;5.25;5.25;200
20160129 105200;5.25;5.25;5.25;5.25;200
20160129 105300;5.22;5.23;5.19;5.19;600
20160129 110000;5.23;5.23;5.23;5.23;200
20160129 110300;5.24;5.24;5.24;5.24;200
20160129 110500;5.25;5.25;5.25;5.25;200
20160129 110800;5.25;5.25;5.25;5.25;400
20160129 111000;5.25;5.25;5.25;5.25;700
20160129 111300;5.26;5.26;5.26;5.26;4400
20160129 111600;5.26;5.26;5.26;5.26;200
20160129 111900;5.26;5.26;5.26;5.26;200
20160129 112200;5.27;5.27;5.25;5.25;300
20160129 112400;5.24;5.24;5.24;5.24;200
20160129 112500;5.25;5.25;5.25;5.25;750
20160129 112700;5.24;5.24;5.24;5.24;100
20160129 113000;5.235;5.235;5.23;5.23;1000
20160129 113200;5.2289;5.2289;5.1937;5.1937;305
20160129 113500;5.19;5.1911;5.19;5.1911;400
20160129 113600;5.2001;5.2011;5.2;5.2011;3400
20160129 113800;5.2;5.2;5.2;5.2;200
20160129 113900;5.19;5.19;5.19;5.19;200
20160129 114400;5.2;5.21;5.2;5.21;800
20160129 114500;5.18;5.18;5.18;5.18;100
20160129 115000;5.2;5.23;5.2;5.2103;900
20160129 115500;5.24;5.24;5.24;5.24;300
20160129 115900;5.23;5.25;5.23;5.25;800
20160129 120400;5.23;5.23;5.21;5.21;300
20160129 120600;5.24;5.25;5.24;5.25;300
20160129 120700;5.2442;5.25;5.2442;5.25;275
20160129 121000;5.25;5.25;5.25;5.25;300
20160129 121300;5.245;5.245;5.245;5.245;100
20160129 121700;5.25;5.25;5.25;5.25;1550
20160129 122100;5.25;5.25;5.25;5.25;2200
20160129 122200;5.25;5.25;5.25;5.25;300
20160129 122300;5.25;5.25;5.25;5.25;400
20160129 122700;5.26;5.27;5.26;5.27;300
20160129 123200;5.27;5.27;5.26;5.27;2200
20160129 123700;5.27;5.27;5.27;5.27;100
20160129 124000;5.26;5.26;5.26;5.26;100
20160129 124500;5.28;5.35;5.28;5.35;22700
20160129 124800;5.31;5.31;5.31;5.31;100
20160129 124900;5.32;5.33;5.32;5.33;200
20160129 125100;5.35;5.35;5.35;5.35;3200
20160129 125200;5.36;5.39;5.34;5.38;39500
20160129 125300;5.35;5.35;5.33;5.33;1103
20160129 125600;5.32;5.4;5.32;5.4;52300
20160129 125800;5.3401;5.3401;5.3401;5.3401;1000
20160129 130200;5.3489;5.3489;5.3489;5.3489;380
20160129 131400;5.35;5.35;5.35;5.35;100
20160129 131900;5.33;5.33;5.33;5.33;100
20160129 132100;5.333;5.333;5.333;5.333;1000
20160129 133300;5.35;5.35;5.35;5.35;100
20160129 133800;5.36;5.36;5.36;5.36;100
20160129 133900;5.34;5.34;5.34;5.34;100
20160129 134100;5.35;5.35;5.35;5.35;100
20160129 135800;5.3101;5.3101;5.3101;5.3101;500
20160129 140000;5.3101;5.3101;5.31;5.31;705
20160129 140700;5.3;5.3;5.3;5.3;100
20160129 140900;5.3;5.3;5.29;5.3;300
20160129 141700;5.3;5.3;5.3;5.3;600
20160129 142100;5.31;5.31;5.31;5.31;100
20160129 142200;5.31;5.31;5.31;5.31;100
20160129 142900;5.3;5.3;5.3;5.3;100
20160129 143500;5.31;5.31;5.31;5.31;200
20160129 143600;5.31;5.31;5.31;5.31;100
20160129 144300;5.29;5.29;5.29;5.29;100
20160129 150000;5.29;5.29;5.29;5.29;100
20160129 150200;5.2901;5.2901;5.2901;5.2901;1000
20160129 150500;5.3;5.31;5.3;5.31;400
20160129 151100;5.2997;5.2997;5.2997;5.2997;400
20160129 151200;5.3;5.31;5.3;5.31;200
20160129 152500;5.34;5.34;5.34;5.34;100
20160129 152700;5.31;5.31;5.31;5.31;100
20160129 152800;5.32;5.33;5.32;5.33;500
20160129 153300;5.3289;5.3289;5.3289;5.3289;400
20160129 153600;5.33;5.33;5.33;5.33;100
20160129 153700;5.33;5.33;5.3173;5.3173;2000
20160129 153800;5.33;5.33;5.33;5.33;300
20160129 153900;5.3205;5.3205;5.3205;5.3205;4000
20160129 154100;5.3;5.3;5.3;5.3;100
20160129 154200;5.32;5.3289;5.32;5.3289;300
20160129 154600;5.31;5.32;5.31;5.32;600
20160129 154800;5.3;5.3;5.3;5.3;200
20160129 154900;5.31;5.31;5.2845;5.2845;6400
20160129 155000;5.28;5.28;5.27;5.27;400
20160129 155200;5.2949;5.2949;5.27;5.28;2400
20160129 155300;5.29;5.29;5.29;5.29;500
20160129 155700;5.29;5.29;5.29;5.29;200
20160129 155800;5.29;5.3;5.29;5.29;400
20160129 155900;5.29;5.29;5.28;5.28;400
20160129 160000;5.28;5.31;5.27;5.3;1995
20160201 082000;5.25;5.25;5.25;5.25;300
20160201 090000;5.2;5.2;5.2;5.2;300
20160201 093700;5.2;5.2;5.2;5.2;200
20160201 094300;5.19;5.19;5.19;5.19;300
20160201 094500;5.19;5.19;5.19;5.19;100
20160201 094600;5.19;5.19;5.19;5.19;100
20160201 094700;5.19;5.19;5.19;5.19;100
20160201 095500;5.22;5.22;5.1701;5.1701;5280
20160201 100000;5.1701;5.1701;5.1701;5.1701;180
20160201 100700;5.15;5.15;5.13;5.13;500
20160201 101200;5.12;5.12;5.11;5.11;3300
20160201 101300;5.12;5.12;5;5.08;18109
20160201 101900;5.08;5.08;5.06;5.0611;400
20160201 102200;5.08;5.12;5.08;5.12;3100
20160201 102300;5.11;5.12;5.11;5.12;800
20160201 104600;5.1399;5.1399;5.11;5.11;200
20160201 105800;5.14;5.14;5.14;5.14;100
20160201 105900;5.11;5.11;5.11;5.11;100
20160201 111900;5.14;5.14;5.14;5.14;100
20160201 113800;5.14;5.14;5.14;5.14;200
20160201 115500;5.132;5.132;5.132;5.132;200
20160201 120400;5.14;5.14;5.14;5.14;100
20160201 120500;5.15;5.15;5.15;5.15;100
20160201 120600;5.14;5.14;5.14;5.14;200
20160201 121700;5.14;5.14;5.14;5.14;300
20160201 122500;5.14;5.14;5.13;5.14;600
20160201 123500;5.16;5.16;5.16;5.16;100
20160201 124000;5.14;5.15;5.14;5.15;300
20160201 124500;5.15;5.15;5.15;5.15;300
20160201 125000;5.14;5.14;5.14;5.14;100
20160201 130400;5.16;5.16;5.16;5.16;100
20160201 130600;5.16;5.16;5.16;5.16;200
20160201 131700;5.15;5.15;5.15;5.15;400
20160201 132000;5.16;5.16;5.16;5.16;100
20160201 132800;5.16;5.17;5.16;5.17;500
20160201 133000;5.18;5.18;5.18;5.18;100
20160201 133300;5.17;5.17;5.17;5.17;100
20160201 134400;5.1425;5.16;5.1425;5.16;1000
20160201 134500;5.16;5.16;5.16;5.16;100
20160201 135100;5.18;5.18;5.18;5.18;100
20160201 140700;5.18;5.18;5.18;5.18;300
20160201 142100;5.19;5.19;5.19;5.19;100
20160201 142400;5.19;5.19;5.18;5.18;400
20160201 143200;5.2099;5.21;5.2046;5.2099;8800
20160201 143300;5.215;5.2197;5.2146;5.2146;5800
20160201 143500;5.22;5.22;5.22;5.22;100
20160201 144100;5.22;5.22;5.22;5.22;500
20160201 145100;5.22;5.22;5.22;5.22;100
20160201 145300;5.23;5.23;5.23;5.23;100
20160201 150000;5.23;5.23;5.23;5.23;500
20160201 150500;5.25;5.25;5.25;5.25;100
20160201 151900;5.23;5.23;5.23;5.23;400
20160201 153500;5.24;5.24;5.24;5.24;100
20160201 154300;5.21;5.24;5.21;5.24;3900
20160201 154900;5.24;5.24;5.24;5.24;100
20160201 155400;5.24;5.24;5.24;5.24;100
20160201 160000;5.24;5.24;5.24;5.24;1869
20160202 093600;5.1315;5.1315;5.1315;5.1315;2900
20160202 093700;5.1308;5.1337;5.12;5.13;13700
20160202 093800;5.12;5.12;5.1;5.1;700
20160202 094100;5.1;5.1;5.1;5.1;100
20160202 094300;5.11;5.11;5.11;5.11;200
20160202 094400;5.1;5.1;5.1;5.1;100
20160202 095000;5.12;5.12;5.12;5.12;415
20160202 095500;5.12;5.13;5.12;5.13;200
20160202 095700;5.13;5.13;5.13;5.13;100
20160202 100000;5.16;5.16;5.16;5.16;100
20160202 100500;5.18;5.18;5.18;5.18;100
20160202 101500;5.14;5.14;5.14;5.14;100
20160202 102000;5.15;5.15;5.15;5.15;200
20160202 102400;5.13;5.13;5.12;5.12;300
20160202 103600;5.12;5.12;5.12;5.12;200
20160202 104500;5.1;5.1;5.1;5.1;100
20160202 110000;5.13;5.13;5.13;5.13;100
20160202 111000;5.13;5.13;5.13;5.13;100
20160202 111500;5.13;5.13;5.13;5.13;100
20160202 112500;5.12;5.12;5.12;5.12;100
20160202 112700;5.11;5.11;5.11;5.11;100
20160202 113000;5.12;5.12;5.12;5.12;100
20160202 113300;5.12;5.12;5.12;5.12;500
20160202 113400;5.1001;5.1001;5.1001;5.1001;605
20160202 113600;5.1;5.1;5.1;5.1;535
20160202 113900;5.07;5.0701;5.07;5.0701;1000
20160202 114000;5.09;5.09;5.09;5.09;300
20160202 114600;5.07;5.07;5.07;5.07;100
20160202 114700;5.08;5.08;5.08;5.08;300
20160202 114900;5.074;5.074;5.074;5.074;1000
20160202 115700;5.08;5.09;5.08;5.09;200
20160202 115900;5.08;5.08;5.07;5.075;400
20160202 120300;5.073;5.073;5.073;5.073;2000
20160202 120400;5.06;5.08;5.06;5.08;300
20160202 120500;5.07;5.07;5.07;5.07;100
20160202 120600;5.06;5.06;5.06;5.06;100
20160202 120700;5.06;5.06;5.05;5.05;1600
20160202 120900;5.05;5.06;5.05;5.06;200
20160202 122300;5.0611;5.0611;5.0611;5.0611;500
20160202 122700;5.06;5.06;5.06;5.06;100
20160202 123700;5.06;5.06;5.06;5.06;200
20160202 124000;5.08;5.09;5.08;5.08;400
20160202 125000;5.09;5.09;5.09;5.09;100
20160202 125800;5.07;5.08;5.07;5.08;300
20160202 130000;5.09;5.09;5.09;5.09;100
20160202 130600;5.07;5.07;5.07;5.07;400
20160202 131300;5.06;5.06;5.06;5.06;1000
20160202 133000;5.09;5.09;5.09;5.09;100
20160202 133600;5.08;5.08;5.08;5.08;200
20160202 133800;5.08;5.08;5.06;5.06;200
20160202 133900;5.0635;5.0635;5.0635;5.0635;1600
20160202 134200;5.05;5.05;5.05;5.05;1700
20160202 135100;5.04;5.04;5.04;5.04;200
20160202 135200;5.04;5.04;5.04;5.04;700
20160202 140500;5.04;5.04;5.04;5.04;200
20160202 140600;5.06;5.06;5.05;5.05;200
20160202 141400;5.04;5.04;5.04;5.04;300
20160202 141500;5.06;5.06;5.06;5.06;100
20160202 142200;5.04;5.04;5.04;5.04;400
20160202 142400;5.03;5.03;5.03;5.03;100
20160202 143600;5.05;5.07;5.05;5.07;200
20160202 143700;5.04;5.04;5.04;5.04;100
20160202 144200;5.03;5.03;5.03;5.03;100
20160202 144300;5.04;5.04;5.04;5.04;100
20160202 144600;5.0468;5.0468;5.0468;5.0468;2000
20160202 145100;5.03;5.03;5.03;5.03;400
20160202 145200;5.03;5.03;5.03;5.03;800
20160202 145300;5.03;5.03;5.03;5.03;100
20160202 150600;5.03;5.03;5.03;5.03;100
20160202 150800;5.04;5.04;5.04;5.04;200
20160202 151100;5.02;5.02;5.01;5.01;200
20160202 151500;5.03;5.03;5.03;5.03;300
20160202 151600;5.03;5.03;5.03;5.03;100
20160202 151900;5.04;5.05;5.04;5.05;400
20160202 152300;5.0418;5.0418;5.0418;5.0418;1000
20160202 153000;5.033;5.06;5.033;5.06;400
20160202 153500;5.08;5.08;5.08;5.08;100
20160202 153600;5.05;5.05;5.04;5.04;200
20160202 153700;5.07;5.07;5.05;5.07;1200
20160202 153800;5.05;5.05;5.05;5.05;200
20160202 154100;5.05;5.06;5.04;5.05;3200
20160202 154400;5.055;5.07;5.055;5.06;3100
20160202 154800;5.03;5.03;5.03;5.03;300
20160202 155000;5.04;5.04;5.04;5.04;100
20160202 155300;5.035;5.04;5.035;5.04;700
20160202 155400;5.04;5.04;5.03;5.03;200
20160202 155500;5.04;5.04;5.04;5.04;100
20160202 155600;5.04;5.04;5.03;5.03;500
20160202 155700;5.0337;5.0337;5.03;5.03;2200
20160202 155800;5.04;5.055;5.03;5.03;1000
20160202 155900;5.04;5.04;5.03;5.03;500
20160202 160000;5.04;5.06;5.0399;5.04;1718
20160203 094100;5.02;5.02;5.01;5.01;3100
20160203 094200;5;5;4.98;4.98;528
20160203 094300;4.9799;4.9799;4.9799;4.9799;2000
20160203 094700;4.979;4.98;4.95;4.95;714
20160203 094800;4.95;4.95;4.92;4.94;1874
20160203 095300;4.97;4.97;4.97;4.97;2100
20160203 095600;4.949;4.949;4.949;4.949;300
20160203 100100;4.94;4.94;4.92;4.92;8426
20160203 100300;4.8819;4.8819;4.88;4.88;1350
20160203 100400;4.88;4.88;4.84;4.8644;2303
20160203 100600;4.85;4.86;4.8;4.8;8600
20160203 100800;4.82;4.84;4.82;4.84;400
20160203 101000;4.85;4.85;4.82;4.82;1100
20160203 101100;4.82;4.8201;4.8;4.8;8900
20160203 101200;4.81;4.83;4.8;4.81;7449
20160203 101300;4.8;4.8;4.8;4.8;300
20160203 101400;4.82;4.82;4.8;4.8001;1500
20160203 101600;4.84;4.84;4.84;4.84;100
20160203 101700;4.8;4.8;4.8;4.8;899
20160203 101800;4.7999;4.8;4.7999;4.8;4000
20160203 103000;4.76;4.76;4.75;4.76;5200
20160203 103300;4.73;4.73;4.73;4.73;500
20160203 103600;4.7485;4.7485;4.7485;4.7485;4949
20160203 103700;4.7211;4.7211;4.7211;4.7211;500
20160203 104000;4.723;4.723;4.723;4.723;500
20160203 104200;4.75;4.75;4.75;4.75;300
20160203 104700;4.752;4.752;4.7401;4.7401;4500
20160203 104900;4.7501;4.7501;4.7501;4.7501;2000
20160203 105700;4.78;4.78;4.78;4.78;200
20160203 110700;4.7744;4.83;4.76;4.8;7100
20160203 111500;4.8;4.81;4.8;4.81;2300
20160203 111700;4.82;4.82;4.82;4.82;200
20160203 112200;4.85;4.85;4.85;4.85;300
20160203 112300;4.86;4.88;4.86;4.86;900
20160203 114100;4.88;4.88;4.88;4.88;300
20160203 114200;4.8764;4.8764;4.84;4.84;2200
20160203 114400;4.86;4.9;4.86;4.88;1600
20160203 120300;4.93;4.93;4.915;4.915;1100
20160203 120400;4.94;4.94;4.94;4.94;100
20160203 120500;4.94;4.94;4.94;4.94;400
20160203 121400;4.96;4.96;4.96;4.96;100
20160203 121500;4.96;4.96;4.96;4.96;300
20160203 122700;4.95;4.95;4.95;4.95;200
20160203 122800;4.95;4.95;4.95;4.95;100
20160203 123300;4.95;4.95;4.94;4.94;200
20160203 124400;4.95;4.95;4.95;4.95;300
20160203 124700;4.95;4.95;4.95;4.95;300
20160203 130300;4.96;4.96;4.96;4.96;100
20160203 130700;4.96;4.96;4.96;4.96;300
20160203 131200;4.96;4.96;4.955;4.96;500
20160203 132200;4.94;4.94;4.94;4.94;400
20160203 134300;4.94;4.94;4.94;4.94;300
20160203 134600;4.93;4.93;4.92;4.93;600
20160203 135700;4.93;4.93;4.93;4.93;100
20160203 140700;4.93;4.93;4.93;4.93;200
20160203 141300;4.94;4.94;4.94;4.94;100
20160203 141600;4.94;4.94;4.94;4.94;100
20160203 142200;4.93;4.93;4.93;4.93;100
20160203 143200;4.9222;4.9222;4.9222;4.9222;546
20160203 143700;4.936;4.936;4.936;4.936;800
20160203 144700;4.95;4.95;4.95;4.95;300
20160203 145700;4.95;4.95;4.95;4.95;300
20160203 151000;4.96;4.96;4.96;4.96;600
20160203 151400;4.97;4.98;4.97;4.98;900
20160203 151500;4.98;4.98;4.98;4.98;100
20160203 151700;4.989;4.99;4.989;4.989;1800
20160203 152200;4.98;4.98;4.98;4.98;400
20160203 152700;4.98;4.98;4.98;4.98;100
20160203 152800;4.98;4.985;4.95;4.985;5210
20160203 153100;4.97;4.97;4.95;4.95;700
20160203 153400;4.98;4.98;4.98;4.98;400
20160203 153800;4.9588;4.9588;4.9588;4.9588;1000
20160203 153900;4.971;4.971;4.971;4.971;1000
20160203 154100;4.95;4.95;4.95;4.95;200
20160203 154200;4.95;4.98;4.94;4.9624;6124
20160203 154300;4.93;4.93;4.93;4.93;100
20160203 154800;4.91;4.94;4.91;4.925;799
20160203 155100;4.94;4.94;4.94;4.94;400
20160203 155600;4.93;4.93;4.93;4.93;172
20160203 155800;4.94;4.94;4.94;4.94;200
20160203 155900;4.94;4.94;4.94;4.94;600
20160203 160000;4.94;4.94;4.93;4.93;1385
20160204 093100;4.9392;4.9392;4.9392;4.9392;500
20160204 093400;4.99;4.99;4.99;4.99;100
20160204 094600;4.97;4.97;4.97;4.97;100
20160204 095200;4.97;4.97;4.9;4.9;10500
20160204 095500;4.93;4.93;4.93;4.93;1300
20160204 100800;5;5.02;5;5.02;3000
20160204 101200;5.05;5.05;5.0401;5.0401;4200
20160204 101300;5.06;5.116;5.06;5.116;2900
20160204 101700;5.12;5.12;5.12;5.12;300
20160204 102200;5.12;5.1204;5.12;5.1204;200
20160204 102700;5.12;5.1537;5.12;5.1537;3900
20160204 102900;5.16;5.16;5.14;5.143;2700
20160204 103600;5.11;5.11;5.11;5.11;300
20160204 103700;5.15;5.15;5.15;5.15;1100
20160204 103800;5.15;5.15;5.15;5.15;300
20160204 104100;5.123;5.123;5.123;5.123;1500
20160204 104500;5.12;5.12;5.08;5.08;926
20160204 104600;5.08;5.11;5.08;5.08;4300
20160204 104700;5.08;5.08;5.08;5.08;7000
20160204 104800;5.14;5.14;5.14;5.14;500
20160204 104900;5.14;5.14;5.14;5.14;11059
20160204 105000;5.1;5.1;5.07;5.07;1400
20160204 105100;5.06;5.06;5.05;5.05;6100
20160204 105200;5.01;5.05;5;5.02;2600
20160204 105300;5.01;5.04;5;5.03;3300
20160204 105400;5.01;5.03;5;5.03;3800
20160204 105500;5.03;5.03;5;5;2700
20160204 105600;5;5.0274;5;5.0274;4400
20160204 105700;5.01;5.01;5;5;2900
20160204 105800;5;5;5;5;2100
20160204 105900;4.97;4.97;4.97;4.97;200
20160204 110100;5;5;5;5;100
20160204 110200;5;5;5;5;100
20160204 110300;5;5;5;5;1200
20160204 110400;5;5;5;5;600
20160204 110500;5;5;5;5;400
20160204 110600;5;5;5;5;1500
20160204 110700;5;5;5;5;1446
20160204 110800;5;5;5;5;2454
20160204 111000;5;5;4.99;5;500
20160204 111100;5.01;5.03;5.01;5.03;500
20160204 111200;5.04;5.08;5.04;5.08;4471
20160204 111500;5.03;5.06;5.03;5.05;2600
20160204 111700;5.05;5.05;5.05;5.05;200
20160204 111800;5.05;5.05;5.045;5.045;500
20160204 111900;5.045;5.045;5.045;5.045;200
20160204 112000;5.05;5.05;5.04;5.05;800
20160204 112100;5.05;5.05;5.05;5.05;200
20160204 112400;5.05;5.12;5.05;5.12;10400
20160204 112600;5.08;5.08;5.0799;5.0799;800
20160204 112700;5.08;5.08;5.08;5.08;300
20160204 113000;5.09;5.15;5.09;5.13;10150
20160204 113400;5.0688;5.0688;5.0688;5.0688;1500
20160204 113700;5.07;5.08;5.07;5.08;700
20160204 113800;5.08;5.08;5.06;5.06;700
20160204 113900;5.0999;5.0999;5.09;5.09;330
20160204 114000;5.0801;5.0801;5.0801;5.0801;700
20160204 114100;5.11;5.11;5.11;5.11;100
20160204 114400;5.08;5.08;5.08;5.08;100
20160204 115000;5.1;5.1;5.1;5.1;560
20160204 115200;5.06;5.06;5.05;5.05;300
20160204 115300;5.08;5.08;5.08;5.08;100
20160204 115800;5.06;5.06;5.06;5.06;300
20160204 115900;5.07;5.13;5.07;5.1;3100
20160204 120500;5.07;5.07;5.06;5.07;600
20160204 120700;5.08;5.08;5.08;5.08;200
20160204 120900;5.12;5.16;5.12;5.15;6500
20160204 121000;5.15;5.17;5.15;5.17;5650
20160204 121200;5.12;5.12;5.12;5.12;2029
20160204 121600;5.0701;5.0701;5.0701;5.0701;1000
20160204 121900;5.1;5.11;5.09;5.09;1100
20160204 122000;5.09;5.09;5.08;5.09;900
20160204 122100;5.095;5.1;5.09;5.1;800
20160204 122800;5.13;5.14;5.13;5.14;600
20160204 122900;5.15;5.17;5.13;5.17;17231
20160204 123000;5.18;5.18;5.18;5.18;2265
20160204 124200;5.16;5.16;5.16;5.16;200
20160204 125200;5.1818;5.1818;5.1818;5.1818;300
20160204 125700;5.16;5.16;5.16;5.16;200
20160204 125800;5.161;5.1642;5.16;5.1642;900
20160204 131000;5.16;5.16;5.16;5.16;100
20160204 131700;5.17;5.17;5.17;5.17;100
20160204 132400;5.16;5.16;5.16;5.16;100
20160204 133200;5.16;5.16;5.16;5.16;100
20160204 133300;5.164;5.19;5.151;5.155;4300
20160204 134600;5.15;5.15;5.15;5.15;100
20160204 135100;5.13;5.13;5.12;5.12;200
20160204 135900;5.13;5.17;5.13;5.17;300
20160204 140200;5.16;5.16;5.16;5.16;600
20160204 141000;5.16;5.17;5.16;5.1601;3100
20160204 141300;5.16;5.16;5.16;5.16;500
20160204 141500;5.16;5.16;5.16;5.16;400
20160204 141900;5.17;5.17;5.17;5.17;200
20160204 142100;5.16;5.16;5.16;5.16;100
20160204 142300;5.17;5.17;5.17;5.17;300
20160204 142900;5.17;5.17;5.17;5.17;700
20160204 143100;5.17;5.17;5.17;5.17;200
20160204 144000;5.17;5.17;5.17;5.17;200
20160204 144100;5.2;5.2;5.2;5.2;100
20160204 150100;5.18;5.18;5.18;5.18;100
20160204 151000;5.2;5.2;5.1901;5.1901;5200
20160204 151500;5.2;5.2;5.2;5.2;500
20160204 151600;5.2;5.2;5.2;5.2;100
20160204 152000;5.2;5.2;5.2;5.2;3700
20160204 153400;5.19;5.19;5.19;5.19;200
20160204 153500;5.19;5.19;5.19;5.19;200
20160204 153600;5.19;5.1919;5.19;5.1919;1064
20160204 153700;5.19;5.19;5.19;5.19;100
20160204 153800;5.19;5.19;5.19;5.19;100
20160204 154200;5.1915;5.2;5.1915;5.2;900
20160204 154700;5.2;5.2;5.2;5.2;100
20160204 154800;5.2;5.2;5.2;5.2;100
20160204 155200;5.1989;5.1989;5.1989;5.1989;400
20160204 155300;5.2;5.2;5.1901;5.2;4383
20160204 155800;5.2;5.2;5.2;5.2;1401
20160204 155900;5.2;5.22;5.2;5.22;3230
20160204 162400;5.19;5.19;5.19;5.19;100
20160205 094800;5.23;5.23;5.23;5.23;300
20160205 095100;5.21;5.21;5.19;5.19;400
20160205 095200;5.19;5.19;5.19;5.19;200
20160205 095700;5.2;5.2;5.2;5.2;500
20160205 100000;5.19;5.19;5.19;5.19;100
20160205 100100;5.19;5.19;5.19;5.19;100
20160205 100500;5.19;5.19;5.19;5.19;100
20160205 100700;5.19;5.19;5.19;5.19;100
20160205 100800;5.19;5.19;5.19;5.19;100
20160205 100900;5.19;5.19;5.19;5.19;100
20160205 101800;5.2;5.2;5.19;5.19;400
20160205 101900;5.19;5.19;5.19;5.19;100
20160205 102000;5.19;5.19;5.19;5.19;100
20160205 102400;5.18;5.18;5.18;5.18;1400
20160205 102800;5.175;5.175;5.15;5.15;1200
20160205 103100;5.13;5.14;5.13;5.14;500
20160205 103600;5.15;5.15;5.15;5.15;300
20160205 103800;5.155;5.155;5.15;5.1511;700
20160205 104000;5.15;5.15;5.15;5.15;800
20160205 104500;5.15;5.15;5.15;5.15;100
20160205 104600;5.14;5.14;5.14;5.14;609
20160205 104900;5.14;5.15;5.14;5.15;1191
20160205 105200;5.13;5.13;5.13;5.13;700
20160205 105500;5.16;5.16;5.16;5.16;100
20160205 105900;5.14;5.14;5.14;5.14;300
20160205 110000;5.14;5.14;5.12;5.12;1600
20160205 110100;5.14;5.14;5.14;5.14;100
20160205 110500;5.13;5.13;5.1;5.1;1162
20160205 111100;5.09;5.09;5.09;5.09;400
20160205 112100;5.08;5.08;5.08;5.08;100
20160205 112400;5.07;5.07;5.05;5.06;700
20160205 112700;5.0577;5.0577;5.0577;5.0577;700
20160205 112800;5.05;5.05;5.02;5.02;1300
20160205 113500;5.06;5.06;5.06;5.06;400
20160205 113600;5.06;5.06;5.05;5.06;800
20160205 114400;5.04;5.04;5.04;5.04;200
20160205 114600;5.04;5.04;5.04;5.04;100
20160205 115000;5.04;5.04;5.04;5.04;100
20160205 115500;5.06;5.07;5.055;5.07;1000
20160205 115800;5.0826;5.0826;5.0826;5.0826;1000
20160205 120100;5.07;5.07;5.07;5.07;100
20160205 121800;5.0796;5.0799;5.0796;5.0799;500
20160205 122000;5.08;5.08;5.08;5.08;100
20160205 122300;5.06;5.06;5.06;5.06;100
20160205 122900;5.06;5.06;5.06;5.06;200
20160205 123000;5.06;5.06;5.06;5.06;200
20160205 123200;5.07;5.07;5.07;5.07;300
20160205 124600;5.06;5.06;5.06;5.06;100
20160205 125100;5.06;5.06;5.06;5.06;100
20160205 125600;5.06;5.06;5.06;5.06;200
20160205 125700;5.05;5.05;5.05;5.05;100
20160205 125900;5.05;5.06;5.05;5.06;200
20160205 130400;5.05;5.0501;5.04;5.04;400
20160205 130500;5.04;5.05;5.04;5.05;600
20160205 131100;5.03;5.03;5.03;5.03;800
20160205 131600;5.03;5.03;5.03;5.03;700
20160205 132000;5.03;5.03;5.03;5.03;100
20160205 132200;5.03;5.03;5.02;5.02;500
20160205 132500;5.02;5.02;5.02;5.02;100
20160205 132800;5.01;5.01;5.01;5.01;100
20160205 133500;5.01;5.01;5.01;5.01;100
20160205 133600;5.01;5.01;5.01;5.01;200
20160205 133900;5;5;5;5;1700
20160205 134000;5.01;5.01;5.01;5.01;500
20160205 135000;5.01;5.01;5;5;400
20160205 135200;4.99;4.99;4.99;4.99;300
20160205 135700;5;5;5;5;100
20160205 135900;5.01;5.02;5;5.01;2100
20160205 140000;5.01;5.01;5.01;5.01;100
20160205 140200;5.01;5.01;5.01;5.01;200
20160205 140500;5.0001;5.0001;5.0001;5.0001;100
20160205 140700;5;5;5;5;200
20160205 140800;5;5;5;5;800
20160205 141400;4.99;4.99;4.99;4.99;200
20160205 141600;4.99;4.99;4.99;4.99;100
20160205 141700;4.99;4.99;4.99;4.99;1000
20160205 141800;5;5;5;5;100
20160205 142800;4.98;4.98;4.98;4.98;288
20160205 143000;4.98;4.98;4.98;4.98;200
20160205 143200;4.99;4.99;4.99;4.99;300
20160205 143300;4.99;4.99;4.99;4.99;100
20160205 143500;4.97;4.97;4.97;4.97;100
20160205 143900;4.99;5;4.99;5;700
20160205 144600;4.99;4.99;4.99;4.99;300
20160205 145000;4.97;4.97;4.97;4.97;100
20160205 145600;4.97;4.97;4.96;4.96;400
20160205 150000;4.96;4.96;4.95;4.95;2000
20160205 150500;4.95;4.95;4.95;4.95;100
20160205 150600;4.95;4.95;4.95;4.95;200
20160205 151100;4.95;4.95;4.95;4.95;100
20160205 151400;4.96;4.96;4.95;4.95;1200
20160205 152100;4.95;4.95;4.95;4.95;100
20160205 152900;4.96;4.96;4.96;4.96;200
20160205 153100;4.96;4.98;4.96;4.96;400
20160205 153300;4.96;4.96;4.96;4.96;100
20160205 153500;4.95;4.95;4.95;4.95;100
20160205 153900;4.96;4.96;4.96;4.96;400
20160205 154100;4.96;4.96;4.96;4.96;400
20160205 155000;4.9794;4.9794;4.95;4.95;500
20160205 155300;4.96;4.96;4.955;4.96;1100
20160205 155400;4.96;4.96;4.96;4.96;200
20160205 155500;4.96;4.96;4.96;4.96;100
20160205 155600;4.95;4.95;4.95;4.95;5200
20160205 155700;4.98;4.98;4.97;4.97;500
20160205 155900;4.97;4.97;4.97;4.97;500
20160205 160000;4.97;4.98;4.96;4.96;2400
