20160119 093700;33.68;33.68;33.68;33.68;100
20160119 093900;33.54;33.54;33.54;33.54;100
20160119 094000;33.45;33.45;33.45;33.45;100
20160119 094200;33.42;33.42;33.42;33.42;100
20160119 094300;33.39;33.39;33.39;33.39;200
20160119 095100;33.36;33.44;33.36;33.44;400
20160119 095400;33.57;33.57;33.57;33.57;100
20160119 095500;33.5;33.58;33.5;33.58;282
20160119 095600;33.62;33.62;33.62;33.62;100
20160119 100300;33.51;33.51;33.51;33.51;100
20160119 100600;33.59;33.6;33.59;33.6;200
20160119 100700;33.7135;33.7135;33.7135;33.7135;100
20160119 100800;33.68;33.68;33.68;33.68;200
20160119 100900;33.58;33.675;33.58;33.662;1296
20160119 101000;33.63;33.63;33.61;33.62;300
20160119 101100;33.61;33.61;33.605;33.605;400
20160119 101400;33.62;33.67;33.62;33.67;400
20160119 101500;33.71;33.71;33.71;33.71;100
20160119 102000;33.61;33.61;33.61;33.61;100
20160119 102300;33.6;33.6;33.6;33.6;100
20160119 102400;33.6;33.6;33.59;33.59;200
20160119 102500;33.63;33.64;33.63;33.64;200
20160119 102600;33.66;33.66;33.66;33.66;100
20160119 102700;33.68;33.68;33.66;33.66;200
20160119 102900;33.68;33.68;33.68;33.68;100
20160119 103200;33.62;33.62;33.62;33.62;100
20160119 103400;33.65;33.65;33.65;33.65;100
20160119 103600;33.58;33.59;33.58;33.59;530
20160119 103700;33.6;33.6;33.6;33.6;100
20160119 103800;33.59;33.59;33.59;33.59;100
20160119 104000;33.49;33.56;33.49;33.56;200
20160119 104300;33.355;33.355;33.355;33.355;200
20160119 104600;33.305;33.305;33.305;33.305;200
20160119 105300;33.315;33.36;33.3;33.335;1400
20160119 105400;33.3;33.3;33.3;33.3;100
20160119 105900;33.32;33.32;33.32;33.32;100
20160119 110200;33.26;33.26;33.26;33.26;100
20160119 110300;33.265;33.265;33.265;33.265;200
20160119 110600;33.26;33.38;33.26;33.38;500
20160119 111200;33.355;33.37;33.355;33.37;300
20160119 111300;33.37;33.37;33.37;33.37;100
20160119 111400;33.37;33.38;33.37;33.38;200
20160119 111600;33.38;33.38;33.38;33.38;100
20160119 111800;33.43;33.43;33.43;33.43;200
20160119 112000;33.43;33.455;33.4;33.4;300
20160119 112300;33.39;33.43;33.39;33.4;800
20160119 112400;33.37;33.41;33.37;33.41;300
20160119 112500;33.36;33.465;33.36;33.465;400
20160119 113000;33.48;33.48;33.48;33.48;100
20160119 113200;33.52;33.56;33.52;33.56;300
20160119 113400;33.56;33.56;33.56;33.56;100
20160119 113900;33.54;33.56;33.54;33.56;200
20160119 114000;33.55;33.55;33.55;33.55;200
20160119 114400;33.6;33.6;33.6;33.6;100
20160119 114800;33.527;33.527;33.527;33.527;2628
20160119 114900;33.59;33.59;33.55;33.55;200
20160119 115200;33.535;33.535;33.535;33.535;200
20160119 115300;33.59;33.59;33.59;33.59;100
20160119 115400;33.56;33.56;33.56;33.56;100
20160119 115500;33.56;33.57;33.56;33.57;200
20160119 120000;33.51;33.51;33.51;33.51;100
20160119 120200;33.53;33.53;33.53;33.53;200
20160119 120300;33.56;33.56;33.56;33.56;100
20160119 120500;33.5;33.5;33.49;33.49;200
20160119 121000;33.46;33.485;33.46;33.485;300
20160119 121300;33.495;33.495;33.495;33.495;200
20160119 121700;33.535;33.535;33.535;33.535;100
20160119 121900;33.46;33.46;33.46;33.46;300
20160119 122300;33.35;33.35;33.35;33.35;100
20160119 122400;33.33;33.4;33.33;33.4;400
20160119 122900;33.36;33.41;33.36;33.41;1600
20160119 123000;33.46;33.56;33.46;33.56;300
20160119 123100;33.5;33.5;33.5;33.5;100
20160119 123200;33.5;33.5;33.5;33.5;300
20160119 123300;33.54;33.54;33.54;33.54;100
20160119 124000;33.38;33.38;33.38;33.38;200
20160119 124200;33.38;33.42;33.38;33.42;200
20160119 125000;33.39;33.4;33.39;33.4;400
20160119 125100;33.41;33.41;33.41;33.41;100
20160119 125300;33.45;33.45;33.41;33.41;600
20160119 125800;33.33;33.33;33.33;33.33;100
20160119 130100;33.39;33.4;33.39;33.4;200
20160119 130200;33.42;33.42;33.42;33.42;100
20160119 130500;33.45;33.45;33.45;33.45;100
20160119 130600;33.41;33.41;33.41;33.41;100
20160119 131000;33.25;33.37;33.25;33.37;900
20160119 131300;33.35;33.48;33.34;33.46;5500
20160119 131500;33.36;33.36;33.33;33.33;300
20160119 131900;33.36;33.36;33.335;33.335;300
20160119 132000;33.34;33.37;33.34;33.37;700
20160119 132300;33.32;33.32;33.32;33.32;200
20160119 132400;33.362;33.39;33.362;33.39;400
20160119 132800;33.26;33.26;33.26;33.26;600
20160119 133000;33.32;33.32;33.32;33.32;100
20160119 133300;33.27;33.27;33.27;33.27;100
20160119 133500;33.27;33.27;33.27;33.27;200
20160119 133600;33.27;33.34;33.1708;33.1708;1316
20160119 133700;33.13;33.24;33.13;33.24;1095
20160119 134100;33.19;33.19;33.19;33.19;100
20160119 134200;33.2;33.2;33.12;33.12;300
20160119 134300;33.13;33.13;33.13;33.13;100
20160119 134500;33.09;33.09;33.01;33.04;1200
20160119 134600;33.06;33.08;33.06;33.07;398
20160119 134700;33.09;33.11;33.09;33.11;400
20160119 135000;33.1;33.1;33.1;33.1;600
20160119 135300;33.09;33.09;33.08;33.08;200
20160119 135500;33.055;33.12;33.05;33.12;10000
20160119 135600;33.08;33.105;33.08;33.105;700
20160119 135700;33.12;33.12;33.08;33.08;200
20160119 135800;33.14;33.14;33.1;33.1;400
20160119 135900;33.1;33.1899;33.085;33.1899;1320
20160119 140000;33.14;33.14;33.14;33.14;100
20160119 140200;33.1169;33.1169;33.1169;33.1169;200
20160119 140400;33.08;33.14;33.08;33.13;300
20160119 140500;33.1;33.1;33.1;33.1;100
20160119 140600;33.05;33.075;33.05;33.075;200
20160119 140800;33.01;33.01;33.01;33.01;100
20160119 140900;33.08;33.08;33.08;33.08;100
20160119 141200;33;33;32.94;32.94;3730
20160119 141300;32.95;33;32.95;33;300
20160119 141400;32.96;32.96;32.96;32.96;100
20160119 141800;32.97;33;32.97;33;300
20160119 141900;33;33;33;33;300
20160119 142000;33;33;33;33;100
20160119 142400;32.99;33;32.98;32.98;1000
20160119 142600;33.05;33.05;33.05;33.05;100
20160119 142900;33.035;33.13;33.035;33.13;7648
20160119 143000;33.11;33.125;33.11;33.125;300
20160119 143100;33.15;33.15;33.135;33.135;200
20160119 143200;33.135;33.135;33.08;33.08;800
20160119 143300;33.1;33.1;33.085;33.09;500
20160119 143400;33.05;33.075;33.05;33.075;600
20160119 143500;33.1;33.15;33.1;33.15;300
20160119 143600;33.1;33.1;33.1;33.1;300
20160119 143700;33.1;33.12;33.07;33.07;400
20160119 143800;33.08;33.1199;33.08;33.085;700
20160119 143900;33.1;33.12;33.1;33.12;300
20160119 144300;33.115;33.115;33.115;33.115;14900
20160119 144400;33.115;33.115;33.115;33.115;200
20160119 144500;33.115;33.115;33.11;33.11;300
20160119 144600;33.115;33.14;33.115;33.115;400
20160119 144700;33.14;33.14;33.09;33.09;400
20160119 144800;33.1;33.1;33.1;33.1;100
20160119 144900;33.01;33.1;33.01;33.1;210
20160119 145000;33.07;33.07;33.07;33.07;100
20160119 145200;33.01;33.01;33.01;33.01;100
20160119 145500;33.07;33.07;33.05;33.05;800
20160119 145600;33.08;33.08;33.08;33.08;100
20160119 145700;33.12;33.12;33.12;33.12;100
20160119 145800;33.09;33.1;33.09;33.1;300
20160119 150000;33.1;33.1;33.1;33.1;500
20160119 150500;33.04;33.04;33.04;33.04;100
20160119 150700;33.04;33.04;33.04;33.04;100
20160119 150800;33.11;33.15;33.11;33.15;1152
20160119 150900;33.15;33.15;33.13;33.13;900
20160119 151000;33.14;33.14;33.14;33.14;100
20160119 151100;33.14;33.15;33.13;33.13;500
20160119 151500;33.1;33.1;33.1;33.1;100
20160119 151600;33.06;33.06;33.06;33.06;200
20160119 152300;33.08;33.08;33.08;33.08;300
20160119 152400;33.09;33.09;33.08;33.09;300
20160119 152500;33.11;33.11;33.11;33.11;100
20160119 152600;33.14;33.18;33.14;33.18;400
20160119 152800;33.23;33.28;33.23;33.28;300
20160119 153000;33.25;33.28;33.25;33.28;1500
20160119 153100;33.28;33.31;33.28;33.31;400
20160119 153200;33.31;33.31;33.29;33.29;600
20160119 153300;33.295;33.32;33.295;33.32;200
20160119 153400;33.32;33.32;33.305;33.305;300
20160119 153500;33.28;33.28;33.28;33.28;700
20160119 153600;33.26;33.26;33.26;33.26;300
20160119 153900;33.19;33.22;33.19;33.22;600
20160119 154100;33.25;33.26;33.25;33.26;300
20160119 154200;33.26;33.28;33.25;33.28;400
20160119 154300;33.3;33.33;33.3;33.32;600
20160119 154400;33.315;33.315;33.3;33.315;500
20160119 154500;33.31;33.33;33.31;33.33;400
20160119 154600;33.34;33.34;33.32;33.32;400
20160119 154700;33.34;33.395;33.34;33.38;900
20160119 154800;33.42;33.42;33.42;33.42;100
20160119 154900;33.42;33.42;33.4;33.4;700
20160119 155000;33.4;33.408;33.39;33.408;500
20160119 155100;33.42;33.42;33.38;33.38;400
20160119 155200;33.37;33.37;33.32;33.355;300
20160119 155300;33.345;33.36;33.345;33.36;300
20160119 155400;33.36;33.36;33.35;33.35;400
20160119 155500;33.35;33.35;33.35;33.35;400
20160119 155600;33.37;33.38;33.34;33.365;900
20160119 155700;33.35;33.36;33.32;33.36;700
20160119 155800;33.36;33.36;33.3;33.34;500
20160119 155900;33.325;33.345;33.31;33.34;1544
20160119 160000;33.345;33.345;33.32;33.32;5385
20160119 160100;33.32;33.32;33.32;33.32;1443
20160119 160300;33.32;33.32;33.32;33.32;72
20160119 160400;33.597;33.597;33.597;33.597;2900
20160119 170700;33.32;33.32;33.32;33.32;37
20160120 093100;33.27;33.27;33.27;33.27;100
20160120 093900;33.09;33.15;33.09;33.15;200
20160120 094000;33.1;33.1;33.1;33.1;100
20160120 094100;33.2;33.2;33.2;33.2;100
20160120 094300;33.14;33.14;33.14;33.14;200
20160120 094700;33.16;33.16;33.15;33.15;399
20160120 095300;33.08;33.08;33.08;33.08;100
20160120 095400;33.1;33.16;32.984;33.16;485
20160120 095900;33.11;33.11;33.11;33.11;100
20160120 100100;33.14;33.14;33.14;33.14;200
20160120 100400;33.13;33.13;33.022;33.022;217
20160120 100500;33.01;33.01;32.99;32.99;200
20160120 100800;33.07;33.08;33.06;33.08;300
20160120 101000;33.05;33.05;33.05;33.05;100
20160120 101400;33.15;33.15;33.15;33.15;100
20160120 101700;32.95;32.95;32.95;32.95;100
20160120 101800;33.07;33.07;33.07;33.07;100
20160120 102200;32.95;32.95;32.93;32.94;400
20160120 102300;33.02;33.02;32.97;32.97;400
20160120 102400;33.13;33.13;33.12;33.12;200
20160120 102700;32.99;33.16;32.99;33.02;300
20160120 102800;33.0726;33.0726;33.0726;33.0726;150
20160120 103100;32.99;32.99;32.99;32.99;100
20160120 103200;32.98;32.98;32.98;32.98;100
20160120 103300;33.12;33.12;33.12;33.12;100
20160120 103400;33.12;33.12;33.12;33.12;200
20160120 103600;33;33.05;32.98;33.05;904
20160120 103700;32.99;32.99;32.93;32.93;1200
20160120 103800;32.92;32.92;32.88;32.88;300
20160120 104100;32.88;32.91;32.88;32.91;400
20160120 104300;32.84;32.87;32.83;32.83;400
20160120 104400;32.97;32.97;32.97;32.97;100
20160120 104500;32.99;32.99;32.99;32.99;100
20160120 104700;32.98;32.98;32.98;32.98;100
20160120 104900;32.84;32.96;32.84;32.96;5400
20160120 105000;32.98;32.98;32.94;32.94;200
20160120 105200;32.88;32.94;32.81;32.82;10988
20160120 105600;32.84;32.84;32.84;32.84;100
20160120 105700;32.84;32.84;32.83;32.83;300
20160120 105800;32.83;32.83;32.83;32.83;200
20160120 110100;32.82;32.82;32.75;32.75;10400
20160120 110200;32.69;32.69;32.69;32.69;100
20160120 110300;32.75;32.75;32.75;32.75;100
20160120 110700;32.78;32.78;32.78;32.78;100
20160120 110900;32.81;32.81;32.81;32.81;100
20160120 111200;32.81;32.845;32.74;32.845;6900
20160120 111300;32.84;32.84;32.77;32.77;300
20160120 112200;32.75;32.75;32.75;32.75;100
20160120 112300;32.86;32.87;32.86;32.87;200
20160120 112400;32.91;32.91;32.91;32.91;100
20160120 112500;32.9;32.9;32.9;32.9;100
20160120 112700;32.85;32.85;32.85;32.85;100
20160120 113200;32.66;32.76;32.66;32.76;504
20160120 113300;32.81;32.82;32.81;32.82;200
20160120 113700;32.71;32.71;32.71;32.71;100
20160120 114000;32.67;32.67;32.65;32.65;300
20160120 114200;32.58;32.58;32.58;32.58;100
20160120 114300;32.585;32.585;32.585;32.585;100
20160120 114500;32.58;32.58;32.55;32.55;560
20160120 114700;32.49;32.49;32.49;32.49;100
20160120 114900;32.595;32.61;32.55;32.6;1500
20160120 115000;32.6;32.6;32.6;32.6;400
20160120 115100;32.6;32.6;32.6;32.6;200
20160120 115900;32.63;32.63;32.63;32.63;300
20160120 120000;32.65;32.65;32.65;32.65;300
20160120 120100;32.7;32.7;32.7;32.7;100
20160120 120600;32.65;32.65;32.65;32.65;200
20160120 120700;32.65;32.65;32.65;32.65;700
20160120 120800;32.63;32.63;32.61;32.61;200
20160120 120900;32.57;32.61;32.57;32.61;500
20160120 121000;32.73;32.73;32.73;32.73;100
20160120 121100;32.74;32.74;32.74;32.74;100
20160120 121200;32.68;32.68;32.68;32.68;100
20160120 121900;32.79;32.79;32.79;32.79;100
20160120 122200;32.65;32.65;32.65;32.65;100
20160120 122600;32.65;32.65;32.605;32.61;2200
20160120 123200;32.64;32.64;32.6;32.6;200
20160120 123500;32.62;32.65;32.62;32.65;1850
20160120 123700;32.62;32.62;32.62;32.62;200
20160120 123900;32.59;32.59;32.59;32.59;100
20160120 124500;32.6;32.6;32.6;32.6;100
20160120 124800;32.66;32.66;32.63;32.63;200
20160120 124900;32.69;32.69;32.69;32.69;100
20160120 125100;32.77;32.77;32.77;32.77;100
20160120 125200;32.66;32.66;32.66;32.66;100
20160120 125500;32.6867;32.6867;32.6867;32.6867;100
20160120 125600;32.73;32.74;32.73;32.74;200
20160120 125700;32.79;32.79;32.79;32.79;100
20160120 130000;32.85;32.85;32.85;32.85;100
20160120 130200;32.74;32.74;32.74;32.74;100
20160120 130400;32.79;32.79;32.79;32.79;100
20160120 130500;32.79;32.79;32.79;32.79;100
20160120 130600;32.79;32.79;32.79;32.79;100
20160120 130700;32.805;32.825;32.77;32.825;2400
20160120 131300;32.75;32.75;32.75;32.75;104
20160120 131700;32.65;32.65;32.65;32.65;400
20160120 131900;32.65;32.67;32.65;32.67;250
20160120 132200;32.65;32.68;32.65;32.67;700
20160120 132400;32.685;32.685;32.685;32.685;200
20160120 132700;32.685;32.685;32.685;32.685;100
20160120 132800;32.695;32.695;32.695;32.695;100
20160120 132900;32.72;32.72;32.695;32.72;300
20160120 133100;32.7;32.7;32.7;32.7;200
20160120 133200;32.74;32.74;32.74;32.74;100
20160120 133500;32.74;32.74;32.74;32.74;100
20160120 133700;32.69;32.69;32.69;32.69;100
20160120 133800;32.74;32.74;32.72;32.72;200
20160120 134000;32.85;32.85;32.79;32.79;200
20160120 134200;32.72;32.72;32.72;32.72;100
20160120 134900;32.8085;32.8085;32.8085;32.8085;100
20160120 135000;32.8;32.8;32.8;32.8;100
20160120 135100;32.74;32.74;32.74;32.74;100
20160120 135200;32.79;32.79;32.74;32.74;400
20160120 135600;32.71;32.71;32.71;32.71;100
20160120 135700;32.65;32.65;32.65;32.65;100
20160120 140200;32.695;32.695;32.65;32.685;400
20160120 140500;32.68;32.68;32.68;32.68;100
20160120 140600;32.65;32.685;32.65;32.685;600
20160120 140700;32.72;32.72;32.67;32.67;300
20160120 140800;32.77;32.77;32.77;32.77;100
20160120 141000;32.74;32.74;32.74;32.74;100
20160120 141100;32.76;32.78;32.7;32.78;400
20160120 141300;32.79;32.79;32.79;32.79;300
20160120 141700;32.76;32.76;32.76;32.76;100
20160120 142200;32.79;32.79;32.79;32.79;100
20160120 142300;32.775;32.775;32.775;32.775;100
20160120 142400;32.8;32.8;32.8;32.8;100
20160120 142700;32.74;32.74;32.74;32.74;100
20160120 142800;32.825;32.825;32.825;32.825;100
20160120 143200;32.86;32.86;32.75;32.75;200
20160120 143300;32.76;32.76;32.74;32.74;200
20160120 143700;32.79;32.79;32.79;32.79;100
20160120 143900;32.89;32.9;32.855;32.855;1000
20160120 144100;32.855;32.9;32.855;32.865;1326
20160120 144200;32.84;32.85;32.77;32.85;700
20160120 144300;32.825;32.84;32.825;32.84;300
20160120 144800;32.81;32.81;32.81;32.81;100
20160120 144900;32.855;32.9;32.84;32.86;1200
20160120 145000;32.83;32.83;32.83;32.83;300
20160120 145100;32.89;32.89;32.855;32.8601;600
20160120 145200;32.86;32.86;32.79;32.79;1000
20160120 145300;32.8;32.88;32.8;32.88;1600
20160120 145400;32.89;32.89;32.89;32.89;100
20160120 145500;32.87;32.87;32.87;32.87;100
20160120 145600;32.86;32.9;32.86;32.9;500
20160120 145700;32.93;32.94;32.805;32.84;3500
20160120 145800;32.89;32.89;32.89;32.89;100
20160120 145900;32.94;32.94;32.94;32.94;200
20160120 150000;32.94;32.96;32.915;32.96;500
20160120 150100;32.98;32.98;32.87;32.92;1200
20160120 150200;32.9;32.9;32.84;32.84;719
20160120 150300;32.89;32.9;32.88;32.88;5700
20160120 150400;32.9;32.9;32.85;32.85;500
20160120 150500;32.85;32.86;32.73;32.83;2100
20160120 150600;32.83;32.86;32.805;32.85;2000
20160120 150700;32.85;32.89;32.85;32.89;1400
20160120 150800;32.9;32.9;32.9;32.9;100
20160120 150900;32.93;32.94;32.905;32.94;900
20160120 151000;32.9;32.9;32.86;32.86;700
20160120 151200;32.91;32.91;32.91;32.91;100
20160120 151600;32.91;32.91;32.91;32.91;200
20160120 151700;32.91;32.91;32.91;32.91;100
20160120 151800;32.95;32.95;32.92;32.92;200
20160120 152000;32.98;32.98;32.95;32.98;400
20160120 152100;33.05;33.06;33.05;33.06;300
20160120 152200;33.03;33.04;32.97;32.98;1100
20160120 152300;32.925;32.94;32.925;32.94;1200
20160120 152400;32.97;33.05;32.97;33.05;500
20160120 152500;33.05;33.11;33.05;33.11;400
20160120 152700;33.12;33.12;33.085;33.085;600
20160120 152800;33.09;33.1;33.09;33.0905;6200
20160120 152900;33.09;33.09;33.06;33.06;200
20160120 153000;33.04;33.04;33.04;33.04;100
20160120 153200;33.07;33.1;33.07;33.1;200
20160120 153400;33.09;33.09;33.06;33.07;500
20160120 153500;33.025;33.025;33.025;33.025;2800
20160120 153900;33;33;33;33;100
20160120 154100;32.98;33.03;32.98;32.99;400
20160120 154200;32.97;32.97;32.97;32.97;200
20160120 154300;33;33.0599;32.93;32.93;900
20160120 154600;32.92;32.92;32.87;32.87;200
20160120 154700;32.85;32.85;32.8;32.845;500
20160120 154900;32.84;32.85;32.79;32.81;4800
20160120 155000;32.87;33.01;32.79;32.97;1707
20160120 155100;32.985;32.995;32.96;32.99;400
20160120 155200;32.975;33;32.89;32.95;1100
20160120 155300;32.93;32.995;32.93;32.95;700
20160120 155400;32.96;32.96;32.89;32.9;700
20160120 155500;32.93;32.94;32.9;32.935;600
20160120 155600;32.94;32.94;32.84;32.905;1400
20160120 155700;32.905;32.905;32.83;32.84;1100
20160120 155800;32.89;32.89;32.84;32.84;703
20160120 155900;32.84;32.85;32.83;32.83;1021
20160120 160000;32.83;32.86;32.76;32.86;16520
20160120 161700;32.86;32.86;32.86;32.86;149
20160121 090600;32.86;32.86;32.86;32.86;629
20160121 094000;32.88;32.88;32.88;32.88;100
20160121 094100;32.85;32.85;32.85;32.85;400
20160121 094400;32.74;32.74;32.74;32.74;100
20160121 094500;32.72;32.72;32.65;32.65;200
20160121 094600;32.65;32.65;32.65;32.65;100
20160121 094700;32.65;32.65;32.65;32.65;100
20160121 094800;32.65;32.65;32.65;32.65;100
20160121 095000;32.72;32.79;32.72;32.73;400
20160121 095100;32.78;32.78;32.78;32.78;100
20160121 095300;32.65;32.65;32.64;32.64;200
20160121 095400;32.65;32.66;32.65;32.66;300
20160121 095500;32.63;32.63;32.63;32.63;300
20160121 095600;32.7;32.7;32.67;32.67;200
20160121 100000;32.71;32.71;32.71;32.71;100
20160121 100300;32.72;32.72;32.72;32.72;200
20160121 100400;32.64;32.64;32.64;32.64;100
20160121 100600;32.63;32.63;32.63;32.63;100
20160121 100700;32.77;32.77;32.77;32.77;100
20160121 100800;32.63;32.63;32.63;32.63;100
20160121 101000;32.783;32.783;32.63;32.63;200
20160121 101200;32.792;32.792;32.792;32.792;100
20160121 101700;32.83;32.83;32.774;32.774;200
20160121 101800;32.792;32.81;32.792;32.8;300
20160121 102800;32.76;32.76;32.76;32.76;400
20160121 102900;32.75;32.75;32.75;32.75;100
20160121 103100;32.68;32.68;32.68;32.68;100
20160121 103700;32.71;32.71;32.71;32.71;100
20160121 103800;32.71;32.72;32.71;32.72;200
20160121 104200;32.71;32.71;32.6993;32.6993;500
20160121 105000;32.67;32.71;32.67;32.71;200
20160121 105200;32.69;32.69;32.69;32.69;200
20160121 105300;32.7;32.7;32.7;32.7;100
20160121 105500;32.72;32.72;32.72;32.72;100
20160121 105600;32.74;32.74;32.74;32.74;200
20160121 105800;32.74;32.76;32.7399;32.76;400
20160121 105900;32.72;32.73;32.72;32.73;399
20160121 110000;32.71;32.71;32.7;32.7;300
20160121 110200;32.71;32.785;32.71;32.785;800
20160121 110300;32.77;32.77;32.77;32.77;200
20160121 110400;32.77;32.77;32.77;32.77;100
20160121 110500;32.81;32.81;32.81;32.81;100
20160121 110700;32.83;32.87;32.8;32.8;6000
20160121 110800;32.915;32.915;32.86;32.86;5200
20160121 110900;32.88;32.97;32.86;32.97;300
20160121 111200;32.86;32.86;32.86;32.86;200
20160121 111300;32.955;32.955;32.955;32.955;100
20160121 111800;32.945;33.04;32.87;33.01;1520
20160121 112800;32.95;32.95;32.92;32.92;200
20160121 112900;32.87;32.87;32.85;32.85;300
20160121 113000;32.85;32.85;32.83;32.83;900
20160121 113100;32.8;32.8;32.77;32.77;200
20160121 113200;32.84;32.84;32.82;32.83;2400
20160121 113400;32.79;32.79;32.79;32.79;100
20160121 113600;32.81;32.81;32.81;32.81;100
20160121 113700;32.8;32.8;32.8;32.8;100
20160121 113900;32.88;32.88;32.8;32.825;500
20160121 114000;32.85;32.9;32.81;32.9;5700
20160121 114100;32.87;32.87;32.83;32.83;300
20160121 114200;32.86;32.86;32.86;32.86;100
20160121 115500;32.93;32.93;32.93;32.93;100
20160121 115900;32.94;33.01;32.87;32.95;3280
20160121 120200;33.1199;33.1199;33.1199;33.1199;100
20160121 120300;32.99;33.1199;32.99;33.1199;200
20160121 120700;33.12;33.12;33.12;33.12;100
20160121 120900;33.1343;33.1343;33.1343;33.1343;166
20160121 121100;33.14;33.14;33.08;33.085;3100
20160121 121200;33.09;33.09;33.04;33.08;400
20160121 121500;33.07;33.08;33.07;33.08;700
20160121 121600;33.17;33.19;33.15;33.15;600
20160121 121700;33.14;33.14;33.135;33.135;400
20160121 122000;33.12;33.12;33.12;33.12;100
20160121 122100;33.0501;33.0501;33.0501;33.0501;100
20160121 122200;33.2652;33.2652;33.2652;33.2652;584
20160121 122800;33.19;33.19;33.19;33.19;100
20160121 122900;33.18;33.18;33.15;33.15;200
20160121 123200;33.12;33.12;33.12;33.12;100
20160121 123700;33.25;33.25;33.25;33.25;100
20160121 124200;33.27;33.36;33.27;33.36;200
20160121 124300;33.29;33.29;33.27;33.27;300
20160121 124600;33.34;33.34;33.34;33.34;100
20160121 125000;33.2733;33.2733;33.2733;33.2733;300
20160121 125600;33.21;33.21;33.21;33.21;100
20160121 125800;33.27;33.27;33.27;33.27;100
20160121 130600;33.285;33.285;33.285;33.285;100
20160121 131000;33.32;33.32;33.32;33.32;100
20160121 131900;33.07;33.07;33.07;33.07;100
20160121 132500;33.1;33.1;33.1;33.1;100
20160121 132800;33.045;33.045;33.045;33.045;100
20160121 133300;32.98;32.98;32.98;32.98;100
20160121 133600;33.1399;33.1399;33.1399;33.1399;670
20160121 133800;33.1;33.1;33.1;33.1;100
20160121 134400;33.18;33.18;33.18;33.18;200
20160121 135400;33.24;33.24;33.24;33.24;100
20160121 135500;33.19;33.19;33.19;33.19;100
20160121 135900;33.22;33.22;33.215;33.215;300
20160121 140100;33.24;33.24;33.24;33.24;200
20160121 140300;33.2;33.25;33.2;33.25;200
20160121 140600;33.24;33.24;33.24;33.24;100
20160121 140700;33.25;33.25;33.25;33.25;1100
20160121 140800;33.29;33.29;33.29;33.29;100
20160121 141000;33.34;33.34;33.28;33.28;900
20160121 141100;33.28;33.28;33.14;33.14;800
20160121 141200;33.02;33.11;33.02;33.11;500
20160121 141700;33.11;33.11;33.11;33.11;100
20160121 141800;33.15;33.15;33.15;33.15;100
20160121 142100;33.22;33.22;33.22;33.22;100
20160121 142300;33.2;33.2;33.14;33.14;300
20160121 142400;33.18;33.18;33.18;33.18;100
20160121 142700;33.18;33.18;33.12;33.12;800
20160121 142900;33.13;33.13;33.13;33.13;100
20160121 143200;33.25;33.25;33.25;33.25;100
20160121 143300;33.21;33.21;33.19;33.19;300
20160121 143800;33.19;33.19;33.19;33.19;100
20160121 144000;33.3;33.3;33.3;33.3;100
20160121 144100;33.29;33.29;33.29;33.29;100
20160121 144300;33.33;33.33;33.33;33.33;100
20160121 144500;33.26;33.34;33.26;33.26;400
20160121 144600;33.33;33.33;33.33;33.33;100
20160121 144800;33.31;33.31;33.31;33.31;100
20160121 144900;33.28;33.28;33.28;33.28;200
20160121 145000;33.275;33.275;33.23;33.23;800
20160121 145100;33.11;33.11;33.11;33.11;100
20160121 145300;33.16;33.16;33.16;33.16;100
20160121 145400;33.16;33.17;33.16;33.17;200
20160121 145500;33.17;33.19;33.16;33.19;500
20160121 145600;33.24;33.24;33.24;33.24;100
20160121 145700;33.31;33.31;33.31;33.31;100
20160121 145900;33.33;33.33;33.33;33.33;100
20160121 150000;33.4;33.4;33.4;33.4;200
20160121 150100;33.31;33.31;33.31;33.31;300
20160121 150300;33.285;33.285;33.285;33.285;100
20160121 150400;33.23;33.24;33.22;33.24;700
20160121 150500;33.23;33.23;33.19;33.19;200
20160121 150800;33.21;33.21;33.21;33.21;100
20160121 151000;33.2;33.2;33.2;33.2;200
20160121 151200;33.2;33.2;33.2;33.2;100
20160121 151300;33.21;33.21;33.19;33.2;700
20160121 151400;33.17;33.17;33.12;33.12;300
20160121 151500;33.14;33.14;33.14;33.14;400
20160121 151600;33.175;33.175;33.14;33.15;700
20160121 151800;33.04;33.04;33.04;33.04;100
20160121 152100;33.14;33.14;33.14;33.14;100
20160121 152300;33.13;33.13;33.13;33.13;100
20160121 152600;33.09;33.14;33.09;33.14;600
20160121 152700;33.1;33.1;33.04;33.04;300
20160121 152800;33.12;33.12;33.12;33.12;100
20160121 152900;33.06;33.06;33.06;33.06;100
20160121 153100;33.11;33.11;33.11;33.11;500
20160121 153200;33.12;33.15;33.12;33.15;400
20160121 153300;33.19;33.2;33.19;33.2;200
20160121 153400;33.24;33.24;33.24;33.24;100
20160121 153500;33.215;33.215;33.215;33.215;100
20160121 153600;33.27;33.27;33.23;33.23;900
20160121 153700;33.14;33.14;33;33;2500
20160121 153800;32.985;33;32.985;33;200
20160121 154000;33.005;33.005;33.005;33.005;300
20160121 154200;32.99;33;32.96;32.96;400
20160121 154300;33.02;33.02;33.02;33.02;100
20160121 154400;33.04;33.04;32.99;33;1100
20160121 154500;33;33.025;33;33.025;600
20160121 154600;33.01;33.01;33.01;33.01;100
20160121 154700;32.98;32.98;32.97;32.98;400
20160121 154800;32.97;32.97;32.935;32.935;200
20160121 155000;32.89;32.95;32.87;32.93;800
20160121 155100;32.895;32.9;32.895;32.9;400
20160121 155200;32.861;32.92;32.861;32.92;1200
20160121 155300;32.85;32.875;32.85;32.875;200
20160121 155500;32.84;32.92;32.84;32.92;400
20160121 155600;32.92;32.92;32.82;32.87;1300
20160121 155700;32.87;32.87;32.87;32.87;100
20160121 155800;32.87;32.87;32.81;32.81;900
20160121 155900;32.81;32.82;32.79;32.8;2257
20160121 160000;32.8;32.815;32.77;32.77;11955
20160122 094700;32.87;32.9;32.87;32.9;300
20160122 094800;32.91;32.91;32.91;32.91;100
20160122 095000;32.85;32.85;32.78;32.78;300
20160122 095600;33.01;33.01;32.905;32.905;300
20160122 095700;32.92;32.92;32.92;32.92;100
20160122 095900;32.93;32.94;32.93;32.94;200
20160122 100700;32.88;32.88;32.88;32.88;100
20160122 100800;32.92;32.92;32.92;32.92;100
20160122 101000;32.93;32.93;32.89;32.89;800
20160122 101600;32.9;32.9;32.89;32.89;400
20160122 101800;32.97;32.97;32.97;32.97;100
20160122 102700;32.93;32.94;32.93;32.94;300
20160122 103100;32.92;32.95;32.92;32.925;600
20160122 103200;32.92;32.92;32.92;32.92;894
20160122 103300;32.9;32.9;32.89;32.89;200
20160122 103500;32.89;32.9;32.89;32.9;200
20160122 103600;32.9;32.9;32.9;32.9;100
20160122 103700;32.95;32.95;32.915;32.915;600
20160122 103800;32.915;32.915;32.915;32.915;300
20160122 103900;32.915;32.915;32.9;32.9;548
20160122 104100;32.92;32.96;32.92;32.93;1308
20160122 105200;32.92;32.92;32.92;32.92;400
20160122 105300;32.93;32.93;32.93;32.93;100
20160122 105400;32.93;32.93;32.93;32.93;100
20160122 105600;32.88;32.88;32.88;32.88;400
20160122 110200;32.88;32.88;32.88;32.88;100
20160122 110500;32.985;32.985;32.985;32.985;100
20160122 111600;32.91;32.91;32.91;32.91;100
20160122 111700;32.98;32.98;32.98;32.98;100
20160122 111900;33.02;33.1;33.02;33.1;500
20160122 112300;33.13;33.13;33.13;33.13;100
20160122 112700;33.02;33.02;33.02;33.02;180
20160122 112800;33.05;33.05;33.05;33.05;100
20160122 113400;33.08;33.08;33.08;33.08;400
20160122 113700;33.08;33.08;33.08;33.08;100
20160122 114200;33.09;33.09;33.09;33.09;100
20160122 114900;33.04;33.04;33.04;33.04;200
20160122 115200;33.025;33.055;33.025;33.055;600
20160122 115300;33.06;33.06;33.06;33.06;100
20160122 120300;33.28;33.28;33.28;33.28;100
20160122 120700;33.2;33.21;33.2;33.2;600
20160122 120800;33.19;33.2;33.19;33.2;300
20160122 120900;33.16;33.25;33.16;33.25;200
20160122 121500;33.2;33.23;33.2;33.23;300
20160122 121600;33.21;33.21;33.17;33.17;500
20160122 121800;33.19;33.19;33.14;33.14;400
20160122 121900;33.24;33.24;33.14;33.16;1464
20160122 122000;33.12;33.14;33.12;33.12;1133
20160122 122100;33.07;33.07;33.07;33.07;300
20160122 122200;33.15;33.15;33.115;33.115;200
20160122 122300;33.1;33.1;33.1;33.1;100
20160122 122400;33.16;33.16;33.15;33.15;300
20160122 122600;33.2;33.2;33.2;33.2;100
20160122 122800;33.15;33.15;33.15;33.15;100
20160122 124000;33.19;33.2;33.19;33.2;900
20160122 124200;33.18;33.18;33.18;33.18;100
20160122 125100;33.195;33.195;33.195;33.195;300
20160122 125900;33.25;33.25;33.21;33.21;300
20160122 130000;33.25;33.25;33.25;33.25;500
20160122 130100;33.25;33.25;33.25;33.25;100
20160122 130400;33.2;33.22;33.2;33.22;400
20160122 131600;33.22;33.22;33.22;33.22;100
20160122 131900;33.25;33.25;33.225;33.225;300
20160122 132100;33.25;33.25;33.25;33.25;400
20160122 132900;33.25;33.25;33.25;33.25;100
20160122 134400;33.3;33.3;33.27;33.27;400
20160122 134500;33.27;33.27;33.27;33.27;100
20160122 134700;33.3;33.3;33.3;33.3;200
20160122 134800;33.3;33.3;33.28;33.28;1200
20160122 135000;33.23;33.3;33.23;33.3;10300
20160122 135100;33.3;33.3;33.3;33.3;200
20160122 135200;33.31;33.31;33.31;33.31;200
20160122 135700;33.34;33.34;33.34;33.34;100
20160122 140000;33.35;33.35;33.35;33.35;200
20160122 140100;33.315;33.315;33.315;33.315;200
20160122 140300;33.34;33.34;33.34;33.34;348
20160122 140500;33.29;33.29;33.29;33.29;800
20160122 140800;33.25;33.25;33.25;33.25;500
20160122 141000;33.32;33.32;33.26;33.26;200
20160122 141100;33.32;33.32;33.27;33.32;400
20160122 141400;33.315;33.315;33.28;33.31;2600
20160122 141500;33.3;33.3;33.25;33.25;1100
20160122 142300;33.21;33.21;33.2;33.2;200
20160122 142500;33.17;33.17;33.17;33.17;100
20160122 142800;33.19;33.19;33.19;33.19;300
20160122 143600;33.21;33.21;33.21;33.21;100
20160122 143900;33.235;33.235;33.235;33.235;400
20160122 144000;33.2;33.2;33.2;33.2;100
20160122 145300;33.23;33.23;33.23;33.23;100
20160122 145400;33.24;33.24;33.24;33.24;100
20160122 145700;33.24;33.24;33.24;33.24;100
20160122 145800;33.26;33.26;33.26;33.26;100
20160122 151100;33.13;33.13;33.13;33.13;100
20160122 151200;33.18;33.18;33.18;33.18;600
20160122 152300;33.15;33.15;33.15;33.15;100
20160122 152600;33.15;33.15;33.15;33.15;100
20160122 152700;33.085;33.085;33.085;33.085;100
20160122 153000;33.12;33.12;33.12;33.12;100
20160122 153400;33.16;33.16;33.13;33.13;200
20160122 153600;33.17;33.17;33.17;33.17;200
20160122 154000;33.12;33.12;33.12;33.12;100
20160122 154100;33.11;33.11;33.11;33.11;200
20160122 154200;33.13;33.13;33.12;33.12;200
20160122 154500;33.2327;33.2327;33.17;33.17;320
20160122 154700;33.17;33.175;33.12;33.12;1100
20160122 154800;33.12;33.12;33.08;33.08;700
20160122 154900;33.14;33.17;33.105;33.15;900
20160122 155000;33.15;33.15;33.15;33.15;300
20160122 155100;33.23;33.23;33.23;33.23;100
20160122 155200;33.19;33.19;33.19;33.19;100
20160122 155300;33.27;33.27;33.26;33.26;200
20160122 155400;33.2;33.2;33.2;33.2;100
20160122 155500;33.17;33.27;33.17;33.27;300
20160122 155600;33.24;33.24;33.21;33.22;700
20160122 155700;33.18;33.2;33.18;33.2;200
20160122 155800;33.245;33.27;33.24;33.27;700
20160122 155900;33.27;33.28;33.27;33.28;300
20160122 160000;33.27;33.28;33.25;33.25;7528
20160122 160100;33.25;33.25;33.25;33.25;275
20160122 161900;33.25;33.25;33.25;33.25;36
20160122 162600;33.25;33.25;33.25;33.25;1059
20160125 092700;33.25;33.25;33.25;33.25;5
20160125 093100;32.82;32.82;32.82;32.82;196
20160125 093400;33.2031;33.2031;33.2031;33.2031;100
20160125 093600;33.2;33.26;33.2;33.26;200
20160125 093700;33.3;33.3;33.3;33.3;100
20160125 093800;33.34;33.34;33.34;33.34;100
20160125 093900;33.35;33.36;33.34;33.36;400
20160125 094100;33.48;33.48;33.48;33.48;100
20160125 094200;33.5;33.54;33.365;33.38;1900
20160125 094400;33.48;33.48;33.48;33.48;135
20160125 094600;33.42;33.42;33.42;33.42;300
20160125 094700;33.41;33.41;33.3701;33.4;700
20160125 094800;33.42;33.42;33.36;33.37;967
20160125 094900;33.4;33.42;33.4;33.42;300
20160125 095000;33.47;33.47;33.39;33.44;501
20160125 095100;33.38;33.38;33.21;33.21;1300
20160125 095200;33.22;33.22;33.22;33.22;500
20160125 095300;33.36;33.36;33.325;33.36;400
20160125 095600;33.31;33.37;33.31;33.32;700
20160125 095700;33.35;33.35;33.22;33.2201;1401
20160125 095800;33.16;33.1999;33.16;33.1999;300
20160125 100600;33.12;33.12;33.12;33.12;100
20160125 100800;33.12;33.12;33.12;33.12;200
20160125 101000;33.185;33.185;33.185;33.185;100
20160125 101100;33.11;33.11;33.06;33.06;600
20160125 101600;32.96;32.96;32.89;32.89;300
20160125 102000;33.12;33.12;33.12;33.12;100
20160125 104000;33.06;33.07;33.06;33.07;400
20160125 104500;32.98;32.98;32.98;32.98;100
20160125 104700;33;33.11;33;33.11;15100
20160125 104900;33.19;33.19;33.19;33.19;100
20160125 105000;33.2;33.2;33.2;33.2;100
20160125 105400;33.23;33.23;33.23;33.23;100
20160125 105700;33.23;33.27;33.23;33.27;500
20160125 105800;33.29;33.29;33.29;33.29;200
20160125 110000;33.35;33.35;33.35;33.35;100
20160125 110100;33.37;33.38;33.15;33.15;2050
20160125 111200;33.225;33.225;33.225;33.225;200
20160125 111300;33.27;33.27;33.27;33.27;100
20160125 111900;33.1601;33.1601;33.1601;33.1601;362
20160125 112500;33.21;33.21;33.21;33.21;100
20160125 113300;33.33;33.33;33.33;33.33;100
20160125 113400;33.24;33.24;33.24;33.24;100
20160125 114000;33.34;33.34;33.34;33.34;200
20160125 114100;33.37;33.39;33.37;33.39;500
20160125 114900;33.34;33.38;33.33;33.34;800
20160125 115000;33.31;33.31;33.255;33.255;1100
20160125 115100;33.3;33.33;33.26;33.26;900
20160125 115200;33.23;33.29;33.21;33.23;1700
20160125 115300;33.23;33.28;33.18;33.18;1700
20160125 115400;33.25;33.36;33.25;33.35;1900
20160125 115500;33.35;33.35;33.35;33.35;200
20160125 115600;33.32;33.32;33.25;33.29;2100
20160125 115700;33.25;33.25;33.25;33.25;100
20160125 115800;33.3;33.3;33.27;33.27;484
20160125 115900;33.35;33.35;33.3;33.3;400
20160125 120000;33.31;33.31;33.23;33.23;370
20160125 120100;33.3;33.31;33.3;33.3;400
20160125 120200;33.31;33.31;33.3;33.3;1100
20160125 120300;33.3;33.3;33.3;33.3;2915
20160125 120400;33.3;33.3;33.275;33.275;200
20160125 120500;33.23;33.3;33.2201;33.3;500
20160125 120900;33.3;33.3;33.3;33.3;200
20160125 121000;33.3;33.3;33.3;33.3;200
20160125 121600;33.21;33.21;33.21;33.21;100
20160125 122500;33.3;33.3;33.27;33.3;1603
20160125 122700;33.39;33.39;33.39;33.39;100
20160125 123000;33.33;33.43;33.3;33.34;4100
20160125 123200;33.3;33.3;33.3;33.3;100
20160125 123300;33.3;33.3;33.29;33.29;10100
20160125 123500;33.26;33.26;33.26;33.26;100
20160125 123600;33.29;33.29;33.29;33.29;100
20160125 123700;33.3;33.3;33.26;33.26;200
20160125 124000;33.29;33.35;33.29;33.35;400
20160125 124500;33.39;33.39;33.39;33.39;100
20160125 124800;33.43;33.45;33.43;33.45;500
20160125 130100;33.4;33.4;33.4;33.4;600
20160125 130300;33.45;33.45;33.45;33.45;100
20160125 130400;33.45;33.45;33.45;33.45;400
20160125 130500;33.45;33.45;33.45;33.45;100
20160125 130600;33.46;33.46;33.46;33.46;100
20160125 130900;33.61;33.61;33.61;33.61;100
20160125 131000;33.62;33.62;33.62;33.62;100
20160125 131400;33.59;33.6025;33.48;33.48;900
20160125 131500;33.55;33.55;33.55;33.55;200
20160125 132400;33.5;33.5;33.5;33.5;200
20160125 133000;33.5;33.5;33.5;33.5;100
20160125 133400;33.47;33.47;33.47;33.47;100
20160125 133600;33.5;33.5;33.5;33.5;200
20160125 133800;33.53;33.53;33.53;33.53;200
20160125 133900;33.5;33.5;33.5;33.5;400
20160125 134400;33.51;33.51;33.51;33.51;100
20160125 135000;33.46;33.46;33.46;33.46;249
20160125 135100;33.405;33.4699;33.37;33.37;13600
20160125 135200;33.41;33.41;33.37;33.41;300
20160125 135300;33.37;33.5;33.37;33.5;300
20160125 135400;33.51;33.51;33.51;33.51;100
20160125 135500;33.51;33.51;33.51;33.51;100
20160125 135600;33.51;33.51;33.5;33.5;300
20160125 135700;33.5;33.5;33.5;33.5;300
20160125 135800;33.5;33.5;33.48;33.48;600
20160125 140100;33.48;33.48;33.47;33.47;200
20160125 142100;33.48;33.48;33.48;33.48;200
20160125 142300;33.4;33.46;33.4;33.4535;300
20160125 143000;33.48;33.5;33.48;33.48;500
20160125 144700;33.42;33.42;33.42;33.42;100
20160125 145000;33.48;33.49;33.48;33.49;200
20160125 145200;33.4237;33.4237;33.4237;33.4237;119
20160125 145600;33.47;33.49;33.46;33.49;300
20160125 145700;33.45;33.4999;33.45;33.4999;200
20160125 150100;33.448;33.448;33.448;33.448;100
20160125 150400;33.49;33.5;33.47;33.4999;1450
20160125 150500;33.5;33.5;33.5;33.5;500
20160125 151000;33.52;33.52;33.52;33.52;200
20160125 151100;33.5;33.5;33.48;33.48;697
20160125 151300;33.45;33.45;33.45;33.45;100
20160125 152200;33.38;33.38;33.38;33.38;200
20160125 152400;33.34;33.34;33.34;33.34;200
20160125 152600;33.37;33.43;33.37;33.37;700
20160125 152700;33.39;33.39;33.39;33.39;100
20160125 152900;33.43;33.43;33.4299;33.4299;600
20160125 153100;33.39;33.4299;33.37;33.4299;2000
20160125 153300;33.43;33.43;33.43;33.43;100
20160125 153500;33.39;33.405;33.39;33.405;200
20160125 153800;33.38;33.38;33.38;33.38;100
20160125 154500;33.41;33.47;33.41;33.42;1000
20160125 154800;33.43;33.43;33.38;33.38;661
20160125 155200;33.42;33.455;33.42;33.455;300
20160125 155300;33.45;33.46;33.44;33.45;1200
20160125 155500;33.48;33.48;33.48;33.48;500
20160125 155600;33.44;33.45;33.43;33.45;600
20160125 155700;33.39;33.42;33.38;33.42;1440
20160125 155800;33.44;33.49;33.44;33.48;1201
20160125 155900;33.49;33.5;33.46;33.48;1473
20160125 160000;33.49;33.5;33.4;33.46;8085
20160125 160100;33.46;33.46;33.46;33.46;2
20160125 160500;33.5138;33.5138;33.5138;33.5138;3100
20160126 093600;33.77;33.77;33.77;33.77;100
20160126 093800;33.743;33.743;33.743;33.743;1300
20160126 094000;33.5004;33.77;33.5004;33.63;1200
20160126 094200;33.43;33.62;33.43;33.62;200
20160126 094300;33.55;33.55;33.55;33.55;100
20160126 094400;33.48;33.48;33.25;33.25;200
20160126 094700;33.37;33.37;33.23;33.23;200
20160126 095000;33.2;33.2;33.2;33.2;100
20160126 095100;33.26;33.3;33.26;33.3;800
20160126 095200;33.34;33.37;33.26;33.26;300
20160126 095300;33.39;33.41;33.38;33.41;600
20160126 095400;33.41;33.41;33.41;33.41;100
20160126 095500;33.47;33.47;33.47;33.47;100
20160126 095700;33.5;33.5;33.5;33.5;100
20160126 095800;33.5;33.5;33.5;33.5;500
20160126 100000;33.44;33.44;33.44;33.44;200
20160126 100100;33.5;33.55;33.5;33.55;300
20160126 100400;33.55;33.55;33.55;33.55;100
20160126 100600;33.6;33.6;33.6;33.6;300
20160126 101000;33.52;33.53;33.52;33.53;200
20160126 101700;33.59;33.6;33.59;33.6;500
20160126 102300;33.57;33.57;33.57;33.57;100
20160126 103200;33.63;33.65;33.63;33.65;300
20160126 103300;33.65;33.65;33.58;33.58;200
20160126 103800;33.64;33.64;33.64;33.64;200
20160126 104100;33.65;33.65;33.64;33.64;300
20160126 104300;33.65;33.65;33.65;33.65;200
20160126 104600;33.69;33.69;33.69;33.69;100
20160126 104900;33.66;33.66;33.66;33.66;100
20160126 110000;33.59;33.67;33.59;33.67;200
20160126 110600;33.64;33.65;33.64;33.65;200
20160126 110800;33.62;33.68;33.6;33.68;400
20160126 111300;33.65;33.67;33.65;33.67;200
20160126 111500;33.59;33.59;33.59;33.59;100
20160126 111700;33.682;33.682;33.682;33.682;300
20160126 112700;33.7;33.7;33.7;33.7;200
20160126 112800;33.69;33.7;33.69;33.7;200
20160126 113000;33.7;33.7;33.67;33.67;1100
20160126 113900;33.68;33.68;33.63;33.63;400
20160126 114300;33.62;33.62;33.62;33.62;200
20160126 115100;33.65;33.65;33.64;33.64;200
20160126 120700;33.75;33.75;33.75;33.75;300
20160126 120800;33.75;33.75;33.75;33.75;400
20160126 121100;33.72;33.72;33.72;33.72;100
20160126 121700;33.8;33.8;33.73;33.73;612
20160126 121800;33.765;33.765;33.765;33.765;100
20160126 122000;33.7702;33.7702;33.7702;33.7702;300
20160126 122500;33.79;33.79;33.79;33.79;100
20160126 122600;33.8;33.8;33.8;33.8;300
20160126 123000;33.8;33.8;33.8;33.8;100
20160126 123300;33.77;33.77;33.73;33.77;600
20160126 125000;33.755;33.755;33.755;33.755;100
20160126 125600;33.72;33.72;33.72;33.72;100
20160126 125800;33.71;33.71;33.71;33.71;100
20160126 130400;33.78;33.78;33.78;33.78;200
20160126 130500;33.74;33.74;33.74;33.74;100
20160126 130600;33.72;33.72;33.72;33.72;100
20160126 130800;33.71;33.72;33.71;33.72;707
20160126 131600;33.68;33.68;33.68;33.68;100
20160126 132200;33.68;33.68;33.68;33.68;100
20160126 132800;33.6301;33.6301;33.6301;33.6301;296
20160126 133400;33.63;33.64;33.63;33.63;300
20160126 133500;33.61;33.615;33.61;33.615;200
20160126 133800;33.58;33.58;33.58;33.58;100
20160126 134000;33.61;33.61;33.59;33.6;900
20160126 134100;33.585;33.65;33.58;33.65;1300
20160126 134200;33.62;33.62;33.62;33.62;100
20160126 134900;33.63;33.66;33.63;33.64;1000
20160126 135000;33.6525;33.6525;33.61;33.61;200
20160126 135100;33.66;33.66;33.66;33.66;200
20160126 135200;33.7;33.7;33.7;33.7;200
20160126 135700;33.71;33.71;33.68;33.68;600
20160126 135800;33.65;33.65;33.59;33.59;299
20160126 140000;33.57;33.58;33.57;33.58;200
20160126 140500;33.58;33.58;33.58;33.58;100
20160126 140700;33.57;33.57;33.56;33.56;700
20160126 140800;33.555;33.56;33.555;33.56;300
20160126 141100;33.594;33.594;33.594;33.594;152
20160126 141200;33.565;33.6;33.565;33.6;200
20160126 141500;33.54;33.57;33.53;33.57;600
20160126 141800;33.53;33.54;33.53;33.54;200
20160126 142600;33.57;33.57;33.57;33.57;100
20160126 143400;33.525;33.565;33.51;33.51;900
20160126 143600;33.51;33.51;33.46;33.46;800
20160126 143800;33.46;33.47;33.45;33.45;400
20160126 144000;33.43;33.43;33.43;33.43;100
20160126 144100;33.42;33.42;33.42;33.42;100
20160126 144400;33.41;33.41;33.4;33.4;200
20160126 144600;33.43;33.43;33.43;33.43;100
20160126 144800;33.435;33.435;33.435;33.435;100
20160126 145000;33.41;33.41;33.41;33.41;100
20160126 145100;33.39;33.39;33.39;33.39;100
20160126 145200;33.39;33.42;33.39;33.405;600
20160126 145400;33.42;33.47;33.42;33.47;1000
20160126 145500;33.44;33.44;33.43;33.43;400
20160126 145600;33.475;33.475;33.435;33.435;200
20160126 145700;33.475;33.5;33.38;33.39;800
20160126 145900;33.32;33.35;33.28;33.28;800
20160126 150000;33.34;33.415;33.34;33.39;4000
20160126 150100;33.36;33.44;33.32;33.32;2616
20160126 150200;33.31;33.31;33.31;33.31;100
20160126 150300;33.28;33.28;33.28;33.28;100
20160126 150700;33.28;33.29;33.22;33.22;1200
20160126 150800;33.26;33.27;33.26;33.27;515
20160126 151000;33.25;33.25;33.25;33.25;700
20160126 151400;33.26;33.26;33.26;33.26;200
20160126 151600;33.23;33.23;33.22;33.22;200
20160126 152000;33.23;33.23;33.01;33.18;2300
20160126 152200;33.17;33.17;33.13;33.13;200
20160126 152500;33.105;33.105;33.105;33.105;100
20160126 152700;33.18;33.25;33.17;33.24;8100
20160126 153300;33.19;33.19;33.14;33.19;600
20160126 153400;33.22;33.22;33.22;33.22;200
20160126 153500;33.26;33.26;33.26;33.26;109
20160126 153600;33.26;33.27;33.22;33.22;900
20160126 153700;33.185;33.185;33.185;33.185;192
20160126 153900;33.18;33.18;33.18;33.18;200
20160126 154000;33.25;33.26;33.21;33.25;400
20160126 154100;33.25;33.29;33.25;33.29;200
20160126 154300;33.285;33.285;33.23;33.24;1100
20160126 154400;33.2;33.275;33.19;33.25;1700
20160126 154500;33.25;33.27;33.24;33.24;1000
20160126 154600;33.22;33.22;33.18;33.18;200
20160126 154900;33.23;33.24;33.23;33.24;800
20160126 155000;33.24;33.26;33.23;33.26;1500
20160126 155100;33.2188;33.2188;33.09;33.16;1872
20160126 155200;33.16;33.16;33.09;33.09;300
20160126 155300;33.13;33.13;33.13;33.13;500
20160126 155400;33.16;33.24;33.16;33.22;400
20160126 155500;33.24;33.3;33.2;33.21;1500
20160126 155600;33.21;33.21;33.19;33.19;400
20160126 155800;33.16;33.16;33.12;33.12;1100
20160126 155900;33.14;33.14;33.11;33.13;1850
20160126 160000;33.12;33.16;33.11;33.16;4674
20160126 163100;33.16;33.16;33.16;33.16;43
20160127 093100;32.98;32.98;32.98;32.98;298
20160127 093900;33.02;33.04;33.02;33.04;299
20160127 094300;32.86;33.04;32.83;32.83;745
20160127 094400;32.84;32.84;32.84;32.84;100
20160127 094700;32.98;32.98;32.91;32.91;500
20160127 094800;32.97;32.97;32.96;32.96;400
20160127 095000;32.94;32.94;32.93;32.93;200
20160127 095100;32.93;32.93;32.93;32.93;100
20160127 095200;32.89;32.92;32.86;32.86;2265
20160127 095300;32.86;32.89;32.77;32.85;2700
20160127 095600;32.8;32.8;32.8;32.8;300
20160127 095800;32.77;32.98;32.77;32.98;32992
20160127 095900;32.9;32.9;32.9;32.9;377
20160127 100100;32.85;32.94;32.85;32.93;400
20160127 100300;32.85;32.85;32.84;32.84;1700
20160127 100400;32.83;32.83;32.76;32.76;5500
20160127 100500;32.8;32.8;32.75;32.8;8400
20160127 100600;32.75;32.8;32.67;32.76;5400
20160127 100700;32.84;32.84;32.75;32.75;4600
20160127 100800;32.75;32.86;32.75;32.75;3500
20160127 101500;32.759;32.759;32.704;32.74;400
20160127 101600;32.72;32.72;32.72;32.72;300
20160127 101700;32.73;32.75;32.73;32.75;900
20160127 101800;32.75;32.78;32.7;32.78;1400
20160127 102100;32.83;32.83;32.63;32.67;2300
20160127 102300;32.65;32.65;32.65;32.65;100
20160127 102400;32.76;32.76;32.76;32.76;104
20160127 103000;32.7;32.7;32.69;32.69;300
20160127 103500;32.7;32.73;32.7;32.73;300
20160127 103600;32.73;32.75;32.73;32.75;1000
20160127 103700;32.73;32.8;32.73;32.8;200
20160127 103800;32.75;32.75;32.69;32.75;300
20160127 103900;32.77;32.82;32.75;32.75;600
20160127 104100;32.75;32.75;32.75;32.75;200
20160127 104200;32.75;32.75;32.74;32.74;700
20160127 105500;32.67;32.67;32.65;32.65;330
20160127 105600;32.6215;32.6215;32.62;32.62;500
20160127 105700;32.67;32.67;32.67;32.67;100
20160127 105900;32.62;32.63;32.62;32.63;300
20160127 110000;32.72;32.72;32.72;32.72;500
20160127 110100;32.75;32.75;32.72;32.72;1200
20160127 110200;32.73;32.73;32.66;32.73;1800
20160127 110500;32.73;32.75;32.73;32.75;200
20160127 110700;32.82;32.82;32.8;32.8;200
20160127 110800;32.825;32.825;32.825;32.825;100
20160127 111600;32.85;32.85;32.85;32.85;300
20160127 112100;32.85;32.85;32.85;32.85;100
20160127 112200;32.865;32.865;32.83;32.83;800
20160127 112300;32.85;32.85;32.84;32.85;700
20160127 113000;32.82;32.85;32.82;32.85;400
20160127 113100;32.89;32.89;32.8;32.8;600
20160127 113400;32.81;32.82;32.81;32.81;342
20160127 113500;32.8;32.8;32.795;32.795;200
20160127 113700;32.86;32.86;32.79;32.84;400
20160127 113800;32.84;32.85;32.835;32.85;400
20160127 113900;32.89;32.89;32.89;32.89;100
20160127 114000;32.9;32.9;32.85;32.85;500
20160127 114100;32.84;32.84;32.76;32.76;800
20160127 114300;32.76;32.76;32.75;32.75;1100
20160127 114400;32.77;32.77;32.68;32.69;3069
20160127 114500;32.69;32.79;32.69;32.72;600
20160127 115300;32.73;32.73;32.73;32.73;300
20160127 115400;32.74;32.81;32.74;32.81;400
20160127 115600;32.8;32.8;32.8;32.8;200
20160127 115700;32.76;32.76;32.76;32.76;100
20160127 115800;32.81;32.81;32.81;32.81;100
20160127 120000;32.85;32.85;32.85;32.85;100
20160127 120100;32.83;32.83;32.75;32.75;2113
20160127 120300;32.75;32.75;32.75;32.75;100
20160127 120400;32.79;32.79;32.79;32.79;100
20160127 120500;32.795;32.795;32.795;32.795;100
20160127 120600;32.75;32.76;32.7;32.72;56156
20160127 120700;32.72;32.8;32.72;32.8;600
20160127 121100;32.75;32.75;32.75;32.75;100
20160127 121300;32.84;32.88;32.84;32.88;300
20160127 121400;33.02;33.02;33;33;400
20160127 121500;32.935;32.935;32.8;32.81;1878
20160127 121600;32.77;32.77;32.76;32.76;500
20160127 121700;32.86;32.86;32.86;32.86;100
20160127 121800;32.77;32.77;32.77;32.77;300
20160127 122400;32.84;32.91;32.84;32.91;435
20160127 122700;32.92;32.92;32.92;32.92;100
20160127 122800;32.92;32.92;32.87;32.87;734
20160127 122900;32.82;32.83;32.82;32.83;534
20160127 123000;32.78;32.78;32.77;32.77;200
20160127 123100;32.846;32.97;32.846;32.87;7200
20160127 123200;32.86;32.95;32.86;32.95;1000
20160127 123300;32.94;32.94;32.94;32.94;400
20160127 123400;32.99;32.99;32.99;32.99;100
20160127 123500;32.99;32.99;32.96;32.99;600
20160127 123600;32.99;32.99;32.96;32.99;8981
20160127 123700;32.99;32.99;32.87;32.87;7784
20160127 123800;32.89;32.89;32.88;32.88;200
20160127 123900;32.875;32.875;32.875;32.875;100
20160127 124400;32.9;32.9;32.865;32.865;900
20160127 124600;32.875;32.9;32.86;32.8625;1700
20160127 124700;32.85;32.9;32.85;32.9;3086
20160127 124800;32.9;32.91;32.88;32.895;2000
20160127 124900;32.9;32.915;32.85;32.85;2100
20160127 125000;32.875;32.875;32.87;32.87;300
20160127 125500;32.8301;32.85;32.8301;32.85;400
20160127 125600;32.83;32.83;32.83;32.83;100
20160127 130200;32.82;32.82;32.765;32.765;300
20160127 130300;32.82;32.82;32.82;32.82;300
20160127 130400;32.82;32.85;32.82;32.85;700
20160127 130500;32.905;32.905;32.86;32.88;800
20160127 130600;32.85;32.86;32.84;32.84;300
20160127 131000;32.9;32.9;32.9;32.9;100
20160127 131100;32.9;32.92;32.9;32.92;2000
20160127 131200;32.92;32.92;32.92;32.92;400
20160127 131300;32.92;32.92;32.92;32.92;100
20160127 131500;32.89;32.89;32.83;32.83;400
20160127 133000;32.825;32.825;32.825;32.825;100
20160127 133300;32.9;32.9;32.9;32.9;100
20160127 133900;32.885;32.885;32.84;32.84;500
20160127 134000;32.84;32.84;32.84;32.84;100
20160127 134100;32.83;32.83;32.81;32.81;300
20160127 134300;32.82;32.85;32.82;32.85;699
20160127 134400;32.85;32.85;32.85;32.85;100
20160127 134500;32.83;32.85;32.83;32.85;200
20160127 134700;32.85;32.85;32.85;32.85;300
20160127 134800;32.9;32.9;32.9;32.9;200
20160127 134900;32.9;32.9;32.9;32.9;200
20160127 135000;32.9;32.9;32.9;32.9;100
20160127 135200;32.9;32.9;32.9;32.9;700
20160127 135300;32.92;32.92;32.9;32.905;600
20160127 135400;32.9;32.9;32.9;32.9;100
20160127 135500;32.89;32.89;32.89;32.89;300
20160127 135800;32.9;32.9;32.9;32.9;100
20160127 140100;32.92;32.92;32.825;32.825;500
20160127 140400;32.83;32.83;32.8;32.83;432
20160127 140500;32.83;32.83;32.83;32.83;200
20160127 140600;32.81;32.81;32.73;32.73;252
20160127 140700;32.73;32.73;32.68;32.68;200
20160127 140800;32.81;32.81;32.8;32.8;400
20160127 140900;32.84;32.9;32.81;32.81;1812
20160127 141000;32.86;32.86;32.72;32.85;1000
20160127 141100;32.81;32.81;32.77;32.77;200
20160127 141300;32.78;32.78;32.77;32.77;418
20160127 141400;32.73;32.75;32.72;32.75;1500
20160127 141700;32.89;32.89;32.8;32.8;400
20160127 141800;32.8;32.8;32.8;32.8;100
20160127 142000;32.835;32.835;32.8;32.8;300
20160127 142100;32.8;32.815;32.8;32.815;200
20160127 142200;32.86;32.86;32.8;32.83;700
20160127 142300;32.87;32.9;32.87;32.9;500
20160127 142400;32.92;32.92;32.9;32.9;500
20160127 142500;32.9;32.9;32.88;32.89;600
20160127 142800;32.815;32.815;32.815;32.815;100
20160127 142900;32.8;32.8;32.8;32.8;100
20160127 143200;32.81;32.81;32.81;32.81;100
20160127 143300;32.85;32.85;32.85;32.85;100
20160127 143400;32.86;32.86;32.86;32.86;100
20160127 143500;32.845;32.845;32.845;32.845;100
20160127 143900;32.89;32.89;32.89;32.89;100
20160127 144000;32.855;32.88;32.81;32.88;1100
20160127 144100;32.835;32.835;32.78;32.83;800
20160127 144400;32.78;32.78;32.78;32.78;100
20160127 144500;32.815;32.88;32.815;32.88;500
20160127 144800;32.92;32.92;32.9;32.9;600
20160127 144900;32.9;32.9;32.9;32.9;100
20160127 145000;32.84;32.86;32.84;32.86;1300
20160127 145300;32.8;32.8;32.8;32.8;200
20160127 145400;32.75;32.75;32.75;32.75;100
20160127 145500;32.75;32.75;32.75;32.75;100
20160127 150100;32.72;32.72;32.72;32.72;100
20160127 150200;32.63;32.63;32.63;32.63;100
20160127 150600;32.63;32.63;32.63;32.63;100
20160127 150900;32.605;32.63;32.59;32.63;1000
20160127 151000;32.64;32.65;32.6;32.6;500
20160127 151100;32.66;32.66;32.66;32.66;100
20160127 151200;32.66;32.67;32.66;32.67;200
20160127 151300;32.66;32.66;32.66;32.66;100
20160127 151400;32.7;32.7;32.7;32.7;100
20160127 151600;32.62;32.62;32.62;32.62;276
20160127 151900;32.65;32.65;32.6;32.61;900
20160127 152000;32.63;32.63;32.63;32.63;200
20160127 152200;32.61;32.63;32.56;32.63;1542
20160127 152300;32.65;32.655;32.61;32.64;500
20160127 152400;32.64;32.64;32.55;32.565;300
20160127 152500;32.53;32.53;32.53;32.53;100
20160127 152600;32.59;32.64;32.59;32.64;300
20160127 152800;32.62;32.62;32.62;32.62;100
20160127 152900;32.62;32.62;32.62;32.62;300
20160127 153300;32.62;32.63;32.62;32.63;200
20160127 153600;32.58;32.58;32.515;32.54;1700
20160127 153900;32.525;32.525;32.525;32.525;400
20160127 154000;32.49;32.49;32.41;32.44;1400
20160127 154100;32.44;32.44;32.43;32.43;400
20160127 154200;32.44;32.44;32.44;32.44;200
20160127 154300;32.44;32.44;32.37;32.37;300
20160127 154500;32.41;32.41;32.25;32.25;4029
20160127 154700;32.27;32.27;32.26;32.26;500
20160127 155100;32.31;32.35;32.29;32.29;900
20160127 155300;32.3;32.3;32.29;32.29;200
20160127 155400;32.28;32.28;32.26;32.26;800
20160127 155500;32.25;32.25;32.24;32.24;300
20160127 155600;32.25;32.29;32.25;32.29;300
20160127 155700;32.29;32.29;32.27;32.27;600
20160127 155800;32.3;32.31;32.28;32.28;1300
20160127 155900;32.26;32.27;32.21;32.21;3730
20160127 160000;32.2;32.24;32.2;32.24;5406
20160127 160100;32.24;32.24;32.24;32.24;3229
20160127 163100;32.24;32.24;32.24;32.24;292
20160128 093600;32.41;32.41;32.41;32.41;100
20160128 094200;32.54;32.54;32.54;32.54;200
20160128 094500;32.67;32.67;32.67;32.67;600
20160128 094600;32.6;32.6;32.58;32.58;200
20160128 094700;32.66;32.66;32.6;32.6;500
20160128 094800;32.66;32.74;32.62;32.62;1100
20160128 094900;32.62;32.62;32.47;32.48;1400
20160128 095700;32.53;32.53;32.41;32.41;248
20160128 095800;32.4;32.4;32.4;32.4;100
20160128 095900;32.5;32.5;32.48;32.48;200
20160128 100500;32.5;32.5;32.46;32.46;400
20160128 100800;32.52;32.52;32.52;32.52;100
20160128 101100;32.55;32.55;32.55;32.55;100
20160128 101200;32.65;32.65;32.65;32.65;100
20160128 101500;32.67;32.67;32.67;32.67;100
20160128 101600;32.625;32.75;32.62;32.75;664
20160128 101700;32.69;32.72;32.68;32.68;400
20160128 102000;32.64;32.69;32.61;32.61;900
20160128 102100;32.61;32.61;32.61;32.61;100
20160128 102300;32.66;32.66;32.66;32.66;100
20160128 102400;32.66;32.67;32.66;32.67;200
20160128 102500;32.73;32.73;32.73;32.73;200
20160128 102600;32.75;32.75;32.69;32.69;600
20160128 102700;32.72;32.72;32.72;32.72;100
20160128 102800;32.75;32.88;32.73;32.88;900
20160128 102900;32.81;32.81;32.69;32.69;1100
20160128 103000;32.74;32.78;32.72;32.72;300
20160128 103100;32.73;32.73;32.67;32.67;300
20160128 103700;32.6;32.6;32.5;32.5;200
20160128 103800;32.5;32.51;32.5;32.51;300
20160128 104100;32.57;32.57;32.57;32.57;100
20160128 104400;32.57;32.63;32.57;32.63;300
20160128 104600;32.59;32.59;32.55;32.55;200
20160128 104800;32.58;32.58;32.58;32.58;200
20160128 104900;32.63;32.68;32.62;32.62;600
20160128 105000;32.685;32.685;32.685;32.685;300
20160128 105200;32.74;32.74;32.73;32.73;400
20160128 105400;32.73;32.73;32.675;32.675;300
20160128 105700;32.72;32.72;32.67;32.67;300
20160128 105800;32.64;32.64;32.59;32.625;800
20160128 105900;32.64;32.69;32.64;32.69;300
20160128 110100;32.7;32.7;32.7;32.7;200
20160128 110200;32.65;32.65;32.65;32.65;100
20160128 110400;32.73;32.73;32.65;32.72;629
20160128 110500;32.67;32.67;32.67;32.67;100
20160128 111200;32.63;32.66;32.63;32.65;300
20160128 111400;32.52;32.6;32.52;32.6;400
20160128 111500;32.67;32.67;32.67;32.67;200
20160128 111800;32.67;32.67;32.67;32.67;200
20160128 111900;32.67;32.86;32.67;32.81;500
20160128 112000;32.78;32.8;32.78;32.8;200
20160128 112200;32.9;32.9;32.9;32.9;100
20160128 112500;32.85;32.85;32.85;32.85;344
20160128 112700;32.89;32.89;32.89;32.89;100
20160128 112900;32.64;32.64;32.64;32.64;100
20160128 113000;32.71;32.715;32.7;32.71;500
20160128 113100;32.71;32.71;32.71;32.71;100
20160128 113500;32.64;32.65;32.635;32.65;1000
20160128 113600;32.69;32.69;32.69;32.69;200
20160128 113700;32.61;32.61;32.6;32.6;300
20160128 113900;32.67;32.68;32.67;32.68;200
20160128 114200;32.71;32.84;32.71;32.84;300
20160128 114600;32.83;32.83;32.83;32.83;300
20160128 114800;32.7;32.7;32.7;32.7;100
20160128 115200;32.77;32.77;32.77;32.77;100
20160128 115800;32.81;32.89;32.79;32.89;300
20160128 120200;32.81;32.81;32.81;32.81;100
20160128 120800;32.86;32.86;32.86;32.86;200
20160128 121000;32.84;32.84;32.77;32.77;200
20160128 121700;32.87;32.89;32.87;32.89;200
20160128 121800;32.97;32.97;32.97;32.97;100
20160128 122000;32.93;32.93;32.93;32.93;100
20160128 122100;32.92;32.92;32.92;32.92;100
20160128 122200;32.95;32.95;32.95;32.95;100
20160128 122400;32.99;32.99;32.95;32.99;700
20160128 123300;33.03;33.03;33;33;600
20160128 123400;32.99;33;32.99;33;400
20160128 123800;33;33;33;33;100
20160128 124500;32.95;32.96;32.95;32.96;200
20160128 125300;32.93;32.93;32.93;32.93;200
20160128 125400;32.84;32.84;32.84;32.84;100
20160128 130500;32.95;32.95;32.95;32.95;100
20160128 130700;32.93;32.93;32.9;32.9;200
20160128 131200;32.9;32.9;32.9;32.9;100
20160128 131700;32.966;32.966;32.922;32.922;606
20160128 131800;32.95;32.95;32.95;32.95;100
20160128 131900;32.89;32.925;32.89;32.925;400
20160128 132400;32.91;32.92;32.9;32.9;400
20160128 132800;32.91;32.91;32.9;32.9;200
20160128 132900;32.87;32.87;32.87;32.87;200
20160128 133200;32.89;32.89;32.89;32.89;100
20160128 133700;32.93;32.93;32.93;32.93;100
20160128 134000;32.88;32.88;32.88;32.88;200
20160128 134200;32.97;32.97;32.97;32.97;100
20160128 134400;32.98;32.98;32.98;32.98;200
20160128 134500;33;33;33;33;200
20160128 134700;32.99;32.99;32.99;32.99;100
20160128 135000;33;33;33;33;200
20160128 135100;33;33;32.99;32.99;2570
20160128 135600;33;33;33;33;400
20160128 135800;32.97;32.97;32.97;32.97;200
20160128 135900;32.87;32.87;32.87;32.87;100
20160128 140000;32.85;32.94;32.85;32.91;400
20160128 140100;32.93;32.94;32.93;32.94;200
20160128 140500;32.95;32.96;32.95;32.96;200
20160128 140600;32.97;32.97;32.97;32.97;100
20160128 140700;33;33;33;33;700
20160128 140800;33;33.04;33;33.04;700
20160128 141000;33;33;33;33;3900
20160128 141600;32.95;32.95;32.89;32.89;500
20160128 141700;32.98;32.98;32.98;32.98;100
20160128 141900;32.96;32.96;32.95;32.96;500
20160128 142100;32.95;33;32.95;33;300
20160128 142600;32.95;32.95;32.95;32.95;100
20160128 142700;32.975;32.975;32.975;32.975;100
20160128 142800;32.97;32.97;32.97;32.97;100
20160128 142900;32.98;32.98;32.98;32.98;300
20160128 143000;32.96;32.96;32.95;32.95;400
20160128 143100;32.96;33.01;32.96;33;1100
20160128 143200;32.99;32.99;32.99;32.99;100
20160128 144000;32.94;32.94;32.94;32.94;300
20160128 144200;32.83;32.9;32.83;32.9;300
20160128 144500;32.8;32.8;32.8;32.8;200
20160128 145200;32.8;32.8;32.8;32.8;200
20160128 145300;32.85;32.85;32.85;32.85;200
20160128 150000;32.82;32.82;32.79;32.79;400
20160128 150300;32.75;32.75;32.75;32.75;100
20160128 150600;32.78;32.86;32.78;32.86;400
20160128 150700;32.83;32.83;32.8;32.8;300
20160128 151000;32.77;32.77;32.77;32.77;200
20160128 151100;32.77;32.77;32.77;32.77;100
20160128 151300;32.86;32.86;32.86;32.86;100
20160128 151600;32.85;32.85;32.85;32.85;100
20160128 152200;32.79;32.79;32.79;32.79;100
20160128 152400;32.85;32.85;32.8;32.8;300
20160128 152500;32.86;32.94;32.83;32.86;700
20160128 152600;32.85;32.85;32.85;32.85;100
20160128 152700;32.85;32.85;32.84;32.84;300
20160128 152900;32.91;32.91;32.82;32.82;300
20160128 153000;32.83;32.88;32.82;32.88;300
20160128 153100;32.8;32.8;32.79;32.79;200
20160128 153700;32.83;32.84;32.83;32.83;500
20160128 153800;32.79;32.79;32.79;32.79;100
20160128 154100;32.86;32.86;32.86;32.86;100
20160128 154300;32.79;32.81;32.79;32.81;500
20160128 154500;32.76;32.76;32.627;32.627;300
20160128 154600;32.74;32.78;32.7;32.78;1100
20160128 154700;32.77;32.77;32.73;32.73;311
20160128 154900;32.76;32.76;32.76;32.76;200
20160128 155000;32.85;32.85;32.85;32.85;200
20160128 155100;32.89;32.89;32.89;32.89;100
20160128 155200;32.89;32.89;32.89;32.89;100
20160128 155300;32.88;32.88;32.88;32.88;300
20160128 155400;32.86;32.93;32.86;32.93;400
20160128 155500;32.94;32.94;32.94;32.94;200
20160128 155600;32.94;32.94;32.83;32.83;800
20160128 155700;32.85;32.85;32.85;32.85;300
20160128 155800;32.85;32.85;32.81;32.85;500
20160128 160000;32.86;32.89;32.84;32.87;5072
20160129 093500;32.97;32.97;32.97;32.97;100
20160129 093700;33.05;33.05;33.05;33.05;100
20160129 093800;33.21;33.21;33.21;33.21;100
20160129 094100;33.22;33.22;33.22;33.22;100
20160129 094200;33.23;33.23;33.13;33.13;493
20160129 094300;33.17;33.17;33.17;33.17;100
20160129 094500;33.19;33.19;33.18;33.18;500
20160129 094600;33.0999;33.1;32.88;32.88;500
20160129 094700;32.93;32.98;32.93;32.96;300
20160129 094800;32.85;32.85;32.85;32.85;100
20160129 095800;33.31;33.32;33.31;33.32;200
20160129 100000;33.36;33.39;33.36;33.37;800
20160129 100500;33.4;33.405;33.4;33.405;300
20160129 100600;33.45;33.45;33.45;33.45;100
20160129 101100;33.44;33.44;33.44;33.44;100
20160129 101200;33.35;33.36;33.35;33.36;200
20160129 101300;33.31;33.31;33.31;33.31;100
20160129 101700;33.3;33.39;33.25;33.275;1500
20160129 101800;33.28;33.29;33.27;33.27;900
20160129 101900;33.25;33.25;33.09;33.1;700
20160129 102800;33.18;33.18;33.18;33.18;100
20160129 103400;33.2;33.2;33.2;33.2;300
20160129 103500;33.16;33.16;33.16;33.16;100
20160129 103600;33.16;33.16;33.16;33.16;100
20160129 103700;33.14;33.2;33.14;33.2;500
20160129 104800;33.42;33.42;33.41;33.41;500
20160129 104900;33.3;33.3;33.3;33.3;300
20160129 110100;33.37;33.37;33.37;33.37;100
20160129 110200;33.44;33.44;33.44;33.44;100
20160129 111000;33.415;33.415;33.39;33.39;300
20160129 111200;33.3854;33.3854;33.38;33.38;300
20160129 113100;33.22;33.22;33.22;33.22;100
20160129 113400;33.29;33.29;33.29;33.29;100
20160129 113600;33.31;33.34;33.31;33.34;200
20160129 114200;33.28;33.28;33.28;33.28;200
20160129 114700;33.33;33.33;33.33;33.33;200
20160129 115200;33.34;33.34;33.31;33.31;400
20160129 115300;33.3;33.3;33.3;33.3;100
20160129 115400;33.32;33.32;33.32;33.32;100
20160129 115600;33.38;33.38;33.38;33.38;100
20160129 120100;33.29;33.29;33.245;33.245;386
20160129 120400;33.23;33.23;33.23;33.23;100
20160129 120500;33.29;33.29;33.29;33.29;200
20160129 121200;33.335;33.34;33.29;33.3;12755
20160129 121300;33.365;33.43;33.31;33.34;900
20160129 121500;33.44;33.56;33.44;33.56;500
20160129 121600;33.575;33.58;33.575;33.58;200
20160129 121800;33.59;33.59;33.59;33.59;100
20160129 121900;33.6;33.6;33.6;33.6;200
20160129 122000;33.62;33.7;33.6;33.69;900
20160129 122100;33.7;33.7;33.685;33.685;1200
20160129 122300;33.61;33.67;33.57;33.57;1400
20160129 122400;33.52;33.52;33.52;33.52;100
20160129 122600;33.41;33.42;33.41;33.42;200
20160129 122900;33.45;33.45;33.41;33.41;865
20160129 123000;33.465;33.53;33.38;33.38;3035
20160129 123100;33.47;33.48;33.47;33.48;400
20160129 123200;33.51;33.525;33.51;33.525;500
20160129 123400;33.45;33.45;33.38;33.38;19200
20160129 123500;33.49;33.49;33.42;33.42;800
20160129 123600;33.48;33.48;33.46;33.46;200
20160129 123700;33.42;33.52;33.41;33.46;1014
20160129 123800;33.475;33.475;33.47;33.47;300
20160129 123900;33.48;33.49;33.48;33.49;200
20160129 124000;33.51;33.73;33.51;33.73;700
20160129 124200;33.85;33.85;33.775;33.775;200
20160129 124300;33.86;33.86;33.86;33.86;100
20160129 124500;33.77;33.86;33.77;33.845;500
20160129 124700;33.92;33.92;33.92;33.92;100
20160129 124800;33.97;33.97;33.97;33.97;800
20160129 125000;33.83;33.91;33.733;33.83;1900
20160129 125100;33.66;33.67;33.655;33.655;400
20160129 125300;33.63;33.63;33.63;33.63;100
20160129 125500;33.695;33.695;33.695;33.695;200
20160129 125700;33.61;33.61;33.61;33.61;100
20160129 125800;33.7;33.7;33.7;33.7;100
20160129 130100;33.65;33.65;33.65;33.65;100
20160129 130200;33.66;33.66;33.66;33.66;100
20160129 131000;33.65;33.65;33.625;33.625;200
20160129 131100;33.69;33.69;33.69;33.69;100
20160129 131300;33.68;33.68;33.68;33.68;100
20160129 131500;33.72;33.74;33.705;33.74;300
20160129 131600;33.71;33.73;33.71;33.73;500
20160129 131800;33.645;33.645;33.645;33.645;100
20160129 132000;33.59;33.63;33.59;33.6;300
20160129 132100;33.605;33.605;33.605;33.605;100
20160129 132200;33.61;33.62;33.61;33.62;200
20160129 132300;33.73;33.79;33.73;33.79;400
20160129 132400;33.78;33.78;33.75;33.75;400
20160129 132500;33.75;33.75;33.75;33.75;300
20160129 132700;33.82;33.82;33.82;33.82;800
20160129 133100;33.71;33.71;33.71;33.71;100
20160129 133300;33.77;33.77;33.77;33.77;100
20160129 134500;33.82;33.82;33.65;33.72;1100
20160129 134800;33.72;33.72;33.72;33.72;1800
20160129 134900;33.65;33.65;33.65;33.65;100
20160129 135200;33.66;33.66;33.66;33.66;100
20160129 135400;33.685;33.685;33.65;33.65;200
20160129 135800;33.77;33.77;33.77;33.77;100
20160129 135900;33.75;33.75;33.75;33.75;100
20160129 140000;33.75;33.75;33.75;33.75;300
20160129 140100;33.75;33.75;33.75;33.75;200
20160129 141000;33.73;33.73;33.73;33.73;100
20160129 141100;33.63;33.63;33.63;33.63;100
20160129 141300;33.69;33.7;33.69;33.69;400
20160129 141500;33.675;33.675;33.675;33.675;100
20160129 141600;33.7;33.72;33.7;33.72;200
20160129 141700;33.74;33.755;33.74;33.755;200
20160129 142100;33.7642;33.77;33.7642;33.77;200
20160129 142300;33.77;33.77;33.77;33.77;243
20160129 142400;33.7;33.7;33.7;33.7;100
20160129 142600;33.67;33.68;33.65;33.65;300
20160129 142700;33.65;33.65;33.65;33.65;100
20160129 142800;33.6;33.6285;33.6;33.61;2700
20160129 143100;33.59;33.6;33.53;33.53;500
20160129 143600;33.6;33.6;33.56;33.56;400
20160129 144200;33.57;33.57;33.57;33.57;100
20160129 144500;33.59;33.63;33.59;33.59;1400
20160129 144600;33.59;33.595;33.59;33.595;600
20160129 144700;33.6;33.6;33.6;33.6;300
20160129 144800;33.63;33.7;33.63;33.7;400
20160129 144900;33.73;33.78;33.73;33.75;600
20160129 145000;33.75;33.75;33.71;33.71;400
20160129 145100;33.79;33.79;33.76;33.76;222
20160129 145200;33.76;33.765;33.76;33.765;300
20160129 145300;33.79;33.79;33.71;33.71;600
20160129 145400;33.725;33.75;33.68;33.75;900
20160129 145500;33.705;33.705;33.705;33.705;100
20160129 145700;33.75;33.75;33.75;33.75;100
20160129 145900;33.75;33.75;33.75;33.75;200
20160129 150200;33.79;33.79;33.79;33.79;100
20160129 150300;33.72;33.72;33.72;33.72;100
20160129 150400;33.78;33.79;33.78;33.79;400
20160129 150500;33.85;33.85;33.85;33.85;100
20160129 150700;33.84;33.9;33.84;33.9;300
20160129 150800;33.95;33.95;33.86;33.86;1300
20160129 150900;33.865;33.9;33.865;33.9;300
20160129 151100;33.92;33.92;33.92;33.92;100
20160129 151200;33.94;33.98;33.94;33.95;1085
20160129 151300;33.96;34;33.92;34;600
20160129 151600;33.99;33.99;33.99;33.99;100
20160129 151700;33.99;34.14;33.99;34.14;400
20160129 151800;34.13;34.17;34.13;34.17;300
20160129 151900;34.23;34.24;34.121;34.121;1359
20160129 152100;34.22;34.22;34.15;34.21;800
20160129 152200;34.175;34.175;34.13;34.13;800
20160129 152300;34.17;34.17;34.005;34.17;1900
20160129 152400;34.07;34.15;34.07;34.105;500
20160129 152500;34.13;34.2;34.1;34.16;3980
20160129 152600;34.08;34.08;34.04;34.04;300
20160129 152800;34.1;34.1;34.1;34.1;100
20160129 152900;34.06;34.11;34.03;34.03;2500
20160129 153000;34.01;34.01;33.91;33.91;900
20160129 153100;33.91;33.91;33.78;33.78;800
20160129 153200;33.92;33.92;33.92;33.92;100
20160129 153300;33.89;33.89;33.89;33.89;100
20160129 153500;33.915;33.95;33.915;33.95;400
20160129 153700;33.955;33.96;33.94;33.96;300
20160129 153800;34;34;33.92;33.96;500
20160129 153900;34;34;34;34;200
20160129 154000;34;34;34;34;100
20160129 154100;33.96;33.995;33.96;33.995;200
20160129 154200;34;34.04;33.97;34.01;700
20160129 154300;34.07;34.07;34.0125;34.0125;300
20160129 154400;34.05;34.05;34.02;34.02;300
20160129 154500;34.02;34.02;33.98;33.98;300
20160129 154600;34.03;34.05;34.03;34.05;200
20160129 154700;34.07;34.07;34.03;34.06;400
20160129 154800;34.07;34.07;34.07;34.07;100
20160129 154900;34.06;34.07;34.01;34.055;900
20160129 155000;34.13;34.18;34;34.05;6130
20160129 155100;34.05;34.18;34.01;34.12;3283
20160129 155200;34.105;34.105;34.07;34.07;400
20160129 155300;34.07;34.105;34.07;34.07;1253
20160129 155400;34.1025;34.11;34.07;34.08;1226
20160129 155500;34.09;34.1;33.97;33.99;2105
20160129 155600;34;34;33.87;33.87;8900
20160129 155700;33.9;34;33.87;33.98;4667
20160129 155800;33.93;33.97;33.78;33.78;5000
20160129 155900;33.79;33.92;33.78;33.86;6251
20160129 160000;33.89;33.93;33.83;33.92;37327
20160129 160100;33.92;33.92;33.918;33.918;2282
20160129 160200;33.92;33.92;33.92;33.92;58
20160129 161200;33.9177;33.9177;33.9177;33.9177;8132
20160129 163500;33.92;33.92;33.92;33.92;919
20160129 163600;33.92;33.92;33.92;33.92;852
20160201 093300;34;34;34;34;100
20160201 093700;33.98;33.98;33.98;33.98;100
20160201 093800;34;34;34;34;200
20160201 093900;33.999;33.999;33.99;33.99;200
20160201 094100;33.89;33.89;33.89;33.89;100
20160201 094200;33.9;33.9;33.85;33.85;700
20160201 094800;33.78;33.78;33.62;33.62;380
20160201 095100;33.7;33.7;33.7;33.7;100
20160201 095300;33.68;33.68;33.68;33.68;100
20160201 095600;33.53;33.53;33.51;33.51;200
20160201 095700;33.4414;33.4414;33.4414;33.4414;300
20160201 100000;33.4;33.4;33.4;33.4;100
20160201 100700;33.44;33.46;33.44;33.45;500
20160201 100800;33.49;33.5;33.49;33.5;300
20160201 101000;33.51;33.51;33.46;33.46;300
20160201 101400;33.5;33.5;33.5;33.5;100
20160201 101500;33.44;33.44;33.44;33.44;100
20160201 101700;33.46;33.46;33.32;33.32;760
20160201 102200;33.32;33.32;33.32;33.32;100
20160201 102300;33.49;33.49;33.41;33.41;200
20160201 102600;33.43;33.43;33.41;33.41;200
20160201 102700;33.35;33.35;33.35;33.35;100
20160201 103200;33.49;33.49;33.49;33.49;100
20160201 103300;33.44;33.44;33.44;33.44;100
20160201 103500;33.45;33.46;33.45;33.46;600
20160201 103600;33.42;33.42;33.42;33.42;200
20160201 103800;33.45;33.45;33.45;33.45;100
20160201 103900;33.49;33.49;33.42;33.42;300
20160201 104200;33.39;33.39;33.39;33.39;100
20160201 104500;33.42;33.42;33.42;33.42;100
20160201 104600;33.45;33.45;33.45;33.45;200
20160201 105100;33.5;33.5;33.44;33.44;200
20160201 105800;33.41;33.41;33.41;33.41;100
20160201 110400;33.37;33.37;33.37;33.37;100
20160201 111000;33.5;33.5;33.5;33.5;100
20160201 111100;33.45;33.45;33.45;33.45;100
20160201 111200;33.48;33.48;33.48;33.48;100
20160201 111600;33.4601;33.4601;33.4601;33.4601;186
20160201 111700;33.52;33.52;33.46;33.46;200
20160201 111800;33.51;33.51;33.51;33.51;100
20160201 112300;33.5;33.5;33.5;33.5;100
20160201 112400;33.38;33.38;33.365;33.365;200
20160201 112500;33.45;33.45;33.45;33.45;100
20160201 112800;33.49;33.5;33.49;33.5;200
20160201 112900;33.5;33.5;33.5;33.5;100
20160201 113000;33.44;33.44;33.44;33.44;100
20160201 113300;33.4;33.4;33.4;33.4;100
20160201 113500;33.48;33.48;33.48;33.48;100
20160201 113700;33.44;33.5;33.44;33.5;400
20160201 113800;33.5;33.5;33.5;33.5;700
20160201 114300;33.43;33.43;33.43;33.43;100
20160201 115000;33.42;33.42;33.42;33.42;100
20160201 115300;33.5;33.53;33.43;33.43;9941
20160201 115400;33.5;33.51;33.4;33.51;1100
20160201 115500;33.43;33.43;33.43;33.43;100
20160201 115600;33.4;33.4;33.4;33.4;100
20160201 115700;33.49;33.5;33.49;33.5;200
20160201 120200;33.5;33.5;33.47;33.47;300
20160201 120300;33.5;33.5;33.5;33.5;1100
20160201 120400;33.46;33.46;33.46;33.46;300
20160201 121700;33.5;33.5;33.48;33.48;500
20160201 121800;33.49;33.49;33.49;33.49;100
20160201 122000;33.5;33.5;33.5;33.5;600
20160201 122100;33.5;33.5;33.46;33.46;2100
20160201 122500;33.45;33.45;33.45;33.45;200
20160201 123200;33.46;33.46;33.46;33.46;100
20160201 123300;33.5;33.5;33.485;33.5;400
20160201 123700;33.49;33.5;33.465;33.5;1400
20160201 124100;33.5;33.5;33.42;33.44;1400
20160201 125300;33.45;33.46;33.4;33.4;1097
20160201 125400;33.47;33.49;33.47;33.49;200
20160201 125500;33.42;33.42;33.42;33.42;200
20160201 125800;33.481;33.481;33.481;33.481;100
20160201 130100;33.49;33.49;33.49;33.49;200
20160201 130300;33.49;33.5;33.49;33.5;1800
20160201 130400;33.5;33.5;33.5;33.5;300
20160201 130500;33.47;33.47;33.44;33.44;400
20160201 130700;33.49;33.5;33.4843;33.5;1700
20160201 131200;33.48;33.49;33.48;33.49;300
20160201 131300;33.5;33.5;33.5;33.5;100
20160201 131600;33.5;33.5;33.5;33.5;300
20160201 131900;33.5;33.5;33.5;33.5;400
20160201 132100;33.5;33.5;33.49;33.49;300
20160201 132200;33.5;33.5;33.5;33.5;200
20160201 132600;33.5;33.5;33.5;33.5;300
20160201 132800;33.5;33.5;33.5;33.5;200
20160201 133300;33.49;33.49;33.45;33.45;200
20160201 133700;33.5;33.5;33.5;33.5;100
20160201 133900;33.48;33.48;33.48;33.48;100
20160201 134000;33.45;33.45;33.45;33.45;100
20160201 134200;33.5;33.5;33.5;33.5;118
20160201 134300;33.5;33.5;33.48;33.48;2600
20160201 134600;33.48;33.49;33.48;33.49;200
20160201 134800;33.44;33.5;33.44;33.45;400
20160201 135200;33.44;33.4567;33.44;33.4567;550
20160201 135500;33.45;33.45;33.44;33.44;500
20160201 135800;33.5;33.5;33.46;33.46;200
20160201 140100;33.5;33.5;33.48;33.48;1200
20160201 140200;33.47;33.47;33.47;33.47;200
20160201 141100;33.41;33.41;33.39;33.39;1100
20160201 141400;33.5;33.5;33.5;33.5;200
20160201 141900;33.42;33.42;33.42;33.42;100
20160201 142000;33.52;33.52;33.51;33.51;300
20160201 142500;33.55;33.55;33.51;33.51;400
20160201 142800;33.51;33.51;33.51;33.51;100
20160201 142900;33.51;33.51;33.5;33.5;200
20160201 143000;33.53;33.53;33.53;33.53;100
20160201 143100;33.49;33.49;33.49;33.49;100
20160201 143300;33.55;33.55;33.51;33.51;400
20160201 143700;33.54;33.54;33.49;33.49;500
20160201 144100;33.48;33.48;33.47;33.47;400
20160201 144300;33.48;33.48;33.48;33.48;100
20160201 144600;33.46;33.46;33.46;33.46;100
20160201 144900;33.45;33.45;33.41;33.41;300
20160201 145100;33.42;33.42;33.42;33.42;200
20160201 145200;33.42;33.42;33.42;33.42;100
20160201 145400;33.47;33.47;33.44;33.46;600
20160201 145700;33.5;33.5;33.49;33.49;200
20160201 150500;33.49;33.49;33.49;33.49;100
20160201 150800;33.49;33.53;33.49;33.5;600
20160201 151000;33.52;33.52;33.52;33.52;200
20160201 151100;33.5;33.5;33.5;33.5;100
20160201 151200;33.49;33.49;33.49;33.49;100
20160201 151300;33.49;33.49;33.45;33.49;1100
20160201 151400;33.55;33.55;33.55;33.55;100
20160201 151800;33.49;33.55;33.49;33.55;200
20160201 151900;33.55;33.55;33.55;33.55;200
20160201 152000;33.55;33.55;33.54;33.55;600
20160201 152100;33.55;33.55;33.55;33.55;300
20160201 152400;33.52;33.52;33.52;33.52;100
20160201 152600;33.52;33.52;33.52;33.52;100
20160201 152700;33.52;33.52;33.52;33.52;100
20160201 152800;33.55;33.55;33.55;33.55;100
20160201 153000;33.51;33.51;33.48;33.48;2100
20160201 153200;33.46;33.46;33.46;33.46;100
20160201 153300;33.46;33.46;33.43;33.43;300
20160201 153500;33.43;33.5;33.43;33.46;800
20160201 153600;33.62;33.62;33.52;33.52;200
20160201 153700;33.52;33.54;33.52;33.54;500
20160201 153800;33.54;33.54;33.54;33.54;100
20160201 153900;33.5;33.5;33.5;33.5;100
20160201 154000;33.52;33.52;33.4;33.4;800
20160201 154200;33.45;33.57;33.45;33.49;300
20160201 154300;33.56;33.56;33.48;33.48;200
20160201 154400;33.56;33.58;33.56;33.58;400
20160201 154500;33.53;33.53;33.53;33.53;100
20160201 154700;33.53;33.53;33.53;33.53;200
20160201 154800;33.6;33.6;33.518;33.52;500
20160201 155000;33.51;33.51;33.5;33.5;300
20160201 155100;33.51;33.52;33.51;33.52;400
20160201 155200;33.5;33.5;33.5;33.5;500
20160201 155300;33.46;33.48;33.46;33.48;600
20160201 155400;33.48;33.52;33.48;33.48;400
20160201 155500;33.48;33.49;33.47;33.49;1100
20160201 155600;33.52;33.52;33.43;33.44;1000
20160201 155700;33.44;33.48;33.44;33.45;800
20160201 155800;33.41;33.48;33.41;33.41;1400
20160201 155900;33.41;33.44;33.39;33.39;1600
20160201 160000;33.39;33.44;33.38;33.43;8219
20160201 162200;33.43;33.43;33.43;33.43;312
20160202 093300;33.3459;33.3459;33.3459;33.3459;122
20160202 093900;33.12;33.12;33.05;33.05;200
20160202 094400;33.03;33.03;33.03;33.03;100
20160202 094900;33.155;33.155;33.155;33.155;100
20160202 095200;33.11;33.11;33.11;33.11;100
20160202 095500;33.28;33.28;33.28;33.28;100
20160202 095600;33.34;33.34;33.19;33.19;200
20160202 095700;33.29;33.29;33.18;33.24;1700
20160202 095800;33.14;33.14;33.14;33.14;100
20160202 100000;33.13;33.13;33.13;33.13;100
20160202 100200;33.07;33.07;33.07;33.07;100
20160202 100300;33.05;33.05;33.05;33.05;100
20160202 101600;33.05;33.05;33.05;33.05;400
20160202 101700;33.09;33.09;33.09;33.09;100
20160202 101800;33.09;33.09;33.09;33.09;100
20160202 102500;33.06;33.06;33.06;33.06;100
20160202 103100;33.22;33.22;33.1;33.1;1300
20160202 103200;33.06;33.06;33.06;33.06;100
20160202 103700;33.02;33.02;33.02;33.02;100
20160202 104000;33.14;33.14;33.14;33.14;100
20160202 104500;33.02;33.02;32.91;32.91;433
20160202 104700;33.01;33.01;32.93;32.93;200
20160202 105500;32.92;32.92;32.89;32.89;808
20160202 105900;32.95;32.95;32.95;32.95;100
20160202 110300;32.88;32.88;32.88;32.88;100
20160202 110500;32.98;32.98;32.98;32.98;100
20160202 111400;33;33;33;33;100
20160202 111500;32.99;32.99;32.99;32.99;100
20160202 112600;33;33;33;33;100
20160202 113000;32.99;33;32.99;33;300
20160202 113100;33;33;32.97;32.97;200
20160202 113300;33;33;33;33;400
20160202 113400;33;33;33;33;100
20160202 113600;32.96;32.96;32.96;32.96;100
20160202 113800;32.9999;32.9999;32.9999;32.9999;100
20160202 114200;33;33;33;33;100
20160202 114300;33;33;33;33;100
20160202 114500;33;33;32.94;32.94;900
20160202 114600;32.93;32.93;32.88;32.88;200
20160202 114800;32.85;32.85;32.84;32.84;200
20160202 115300;32.96;32.96;32.96;32.96;100
20160202 115800;32.96;32.96;32.96;32.96;100
20160202 120000;32.9899;32.9899;32.9899;32.9899;100
20160202 120400;32.97;32.97;32.97;32.97;100
20160202 120500;32.89;32.89;32.84;32.84;500
20160202 121200;32.93;32.93;32.93;32.93;100
20160202 121500;32.9199;32.92;32.845;32.845;700
20160202 121600;32.83;32.83;32.83;32.83;100
20160202 121900;32.96;32.96;32.96;32.96;100
20160202 122300;32.9799;32.9799;32.9799;32.9799;100
20160202 123000;32.9399;32.9399;32.9399;32.9399;100
20160202 123300;32.95;32.95;32.95;32.95;200
20160202 123400;32.95;32.98;32.95;32.98;200
20160202 123600;32.98;32.98;32.98;32.98;100
20160202 123700;32.935;32.98;32.91;32.91;400
20160202 124000;33;33;33;33;100
20160202 124100;32.93;32.93;32.93;32.93;100
20160202 124200;32.96;32.96;32.96;32.96;100
20160202 124500;33;33;33;33;100
20160202 124900;33;33;32.94;32.94;400
20160202 125100;32.99;32.99;32.99;32.99;100
20160202 125200;32.9999;32.9999;32.9999;32.9999;100
20160202 125300;32.98;33;32.98;33;300
20160202 125500;33;33;33;33;200
20160202 125600;32.97;32.985;32.97;32.985;200
20160202 125900;32.985;32.985;32.985;32.985;100
20160202 130000;33.0399;33.0399;33.0399;33.0399;100
20160202 130100;33.04;33.04;33.04;33.04;100
20160202 130400;33.01;33.06;32.99;33.06;500
20160202 130500;33.01;33.055;32.97;33.02;800
20160202 130900;32.97;33.005;32.93;32.93;500
20160202 131100;32.97;32.97;32.97;32.97;100
20160202 131200;32.97;32.99;32.93;32.99;300
20160202 131400;33.01;33.01;33.01;33.01;400
20160202 131500;33.02;33.02;32.97;33;700
20160202 131600;33.08;33.08;33.08;33.08;100
20160202 131700;33.13;33.13;33.13;33.13;100
20160202 131900;33.1299;33.1299;33.1299;33.1299;300
20160202 132000;33.01;33.01;33.01;33.01;900
20160202 132100;33.01;33.01;32.88;32.96;900
20160202 133000;32.98;32.98;32.98;32.98;100
20160202 133100;32.92;32.96;32.92;32.96;200
20160202 133400;33.02;33.02;33.02;33.02;100
20160202 133600;33.07;33.07;33.07;33.07;100
20160202 134200;33.04;33.04;33.04;33.04;100
20160202 134400;33;33;33;33;100
20160202 134600;32.98;32.98;32.98;32.98;100
20160202 134800;32.97;32.97;32.97;32.97;200
20160202 135100;33;33;33;33;200
20160202 135600;33.01;33.01;33.01;33.01;100
20160202 135700;32.96;32.96;32.96;32.96;500
20160202 135900;33;33;33;33;100
20160202 140200;32.96;32.97;32.92;32.97;1100
20160202 141000;32.99;32.99;32.99;32.99;100
20160202 141100;33;33;33;33;100
20160202 141400;32.93;32.93;32.93;32.93;200
20160202 141600;32.9386;32.9386;32.89;32.89;200
20160202 142100;33;33;33;33;200
20160202 142600;32.93;32.93;32.93;32.93;300
20160202 143100;32.97;32.99;32.97;32.99;400
20160202 143300;32.99;32.99;32.99;32.99;100
20160202 143400;32.99;32.99;32.99;32.99;100
20160202 143600;33;33.06;33;33.05;1540
20160202 143900;33.025;33.025;32.95;32.95;200
20160202 144100;32.94;32.94;32.94;32.94;100
20160202 144600;32.99;33.02;32.99;33.02;200
20160202 144700;33;33;32.99;32.99;200
20160202 144900;33.03;33.03;33.03;33.03;100
20160202 145000;33.015;33.015;32.98;33.01;600
20160202 145200;32.96;32.96;32.94;32.94;200
20160202 145400;33;33.01;32.95;32.95;300
20160202 145500;33.01;33.01;33.01;33.01;100
20160202 145800;33.04;33.04;33.04;33.04;100
20160202 150000;32.98;32.98;32.98;32.98;200
20160202 150100;32.995;33;32.92;32.92;1500
20160202 150400;32.97;32.97;32.97;32.97;100
20160202 151100;32.92;32.96;32.92;32.96;200
20160202 151600;32.97;33;32.94;32.99;700
20160202 151700;32.95;32.95;32.94;32.94;300
20160202 151800;32.89;32.89;32.89;32.89;100
20160202 152100;32.94;32.94;32.87;32.9;1100
20160202 152400;32.96;32.96;32.96;32.96;100
20160202 152600;32.96;32.97;32.9;32.96;400
20160202 153100;32.97;32.97;32.97;32.97;100
20160202 153200;32.97;32.97;32.97;32.97;200
20160202 153400;33;33;33;33;100
20160202 153500;33;33;33;33;300
20160202 153600;33;33;32.89;32.89;1100
20160202 154100;32.98;32.98;32.98;32.98;100
20160202 154200;32.98;32.98;32.91;32.91;500
20160202 154300;32.92;32.95;32.92;32.95;200
20160202 154400;32.98;33;32.98;32.99;735
20160202 154500;32.96;32.96;32.96;32.96;400
20160202 154600;32.93;32.93;32.85;32.87;300
20160202 154700;32.86;32.86;32.86;32.86;100
20160202 154900;32.94;33;32.94;32.94;1000
20160202 155000;32.91;32.91;32.91;32.91;244
20160202 155100;32.9;32.9;32.86;32.86;500
20160202 155400;32.88;32.88;32.88;32.88;200
20160202 155600;32.94;32.94;32.85;32.86;700
20160202 155700;32.86;32.87;32.8;32.81;2660
20160202 155800;32.84;32.84;32.8;32.83;2000
20160202 155900;32.815;32.815;32.79;32.79;1700
20160202 160000;32.83;32.86;32.78;32.83;5728
20160202 160100;32.83;32.83;32.83;32.83;60
20160202 163200;32.83;32.83;32.83;32.83;392
20160203 093200;33.27;33.27;33.27;33.27;100
20160203 094400;32.87;32.95;32.86;32.86;700
20160203 094700;32.8;32.8;32.8;32.8;100
20160203 094900;32.74;32.74;32.7;32.71;648
20160203 095200;32.81;32.81;32.81;32.81;100
20160203 095500;32.75;32.75;32.75;32.75;100
20160203 095700;32.75;32.77;32.6896;32.77;450
20160203 100500;32.69;32.69;32.57;32.69;1800
20160203 100600;32.68;32.68;32.68;32.68;100
20160203 101100;32.6;32.65;32.59;32.59;300
20160203 101300;32.57;32.57;32.57;32.57;100
20160203 101500;32.415;32.415;32.3501;32.3501;312
20160203 101600;32.45;32.49;32.45;32.49;400
20160203 101700;32.44;32.44;32.44;32.44;100
20160203 101900;32.43;32.43;32.43;32.43;200
20160203 102100;32.47;32.47;32.47;32.47;100
20160203 102600;32.61;32.615;32.61;32.61;400
20160203 103100;32.58;32.58;32.58;32.58;100
20160203 103200;32.57;32.57;32.52;32.52;200
20160203 103300;32.48;32.48;32.44;32.44;300
20160203 103500;32.34;32.34;32.34;32.34;100
20160203 103600;32.33;32.33;32.33;32.33;100
20160203 103700;32.44;32.48;32.44;32.48;200
20160203 104500;32.55;32.55;32.55;32.55;100
20160203 104600;32.6;32.6;32.6;32.6;100
20160203 104700;32.63;32.63;32.63;32.63;200
20160203 104800;32.63;32.665;32.63;32.665;400
20160203 104900;32.62;32.62;32.605;32.605;200
20160203 105000;32.615;32.615;32.55;32.55;200
20160203 105200;32.6;32.615;32.6;32.615;300
20160203 105400;32.615;32.615;32.61;32.61;300
20160203 105500;32.61;32.71;32.61;32.71;300
20160203 105600;32.65;32.65;32.65;32.65;100
20160203 105800;32.63;32.63;32.63;32.63;100
20160203 110400;32.69;32.69;32.69;32.69;100
20160203 110700;32.63;32.67;32.52;32.52;600
20160203 111100;32.5;32.5;32.5;32.5;100
20160203 111200;32.55;32.56;32.55;32.56;300
20160203 111400;32.59;32.605;32.58;32.605;500
20160203 111500;32.605;32.605;32.605;32.605;100
20160203 111600;32.57;32.58;32.57;32.58;200
20160203 111700;32.54;32.605;32.53;32.605;600
20160203 111800;32.64;32.665;32.64;32.665;300
20160203 111900;32.7;32.705;32.7;32.705;300
20160203 112000;32.69;32.69;32.69;32.69;100
20160203 112200;32.75;32.75;32.75;32.75;100
20160203 112300;32.69;32.69;32.69;32.69;100
20160203 112500;32.69;32.69;32.48;32.48;600
20160203 112600;32.6;32.6;32.6;32.6;100
20160203 112700;32.54;32.61;32.54;32.6;400
20160203 112900;32.57;32.57;32.57;32.57;100
20160203 113000;32.66;32.71;32.655;32.71;400
20160203 113100;32.67;32.7;32.66;32.695;600
20160203 113200;32.66;32.685;32.66;32.685;400
20160203 113400;32.72;32.72;32.72;32.72;100
20160203 113500;32.66;32.66;32.66;32.66;100
20160203 115200;32.74;32.74;32.74;32.74;100
20160203 115500;32.7;32.7;32.65;32.65;600
20160203 115700;32.73;32.73;32.73;32.73;100
20160203 115900;32.74;32.74;32.74;32.74;100
20160203 120100;32.76;32.76;32.76;32.76;100
20160203 120300;32.73;32.73;32.73;32.73;394
20160203 120600;32.75;32.75;32.75;32.75;100
20160203 121000;32.69;32.69;32.67;32.67;300
20160203 121400;32.7;32.7;32.7;32.7;100
20160203 121900;32.59;32.59;32.51;32.575;3000
20160203 122100;32.66;32.66;32.58;32.58;300
20160203 122200;32.64;32.675;32.64;32.675;800
20160203 122300;32.72;32.72;32.66;32.66;200
20160203 122400;32.705;32.775;32.705;32.77;700
20160203 122500;32.74;32.74;32.7;32.7;400
20160203 122600;32.65;32.65;32.65;32.65;100
20160203 122700;32.67;32.67;32.67;32.67;100
20160203 122900;32.62;32.62;32.62;32.62;100
20160203 123400;32.53;32.53;32.48;32.48;500
20160203 123500;32.49;32.49;32.49;32.49;100
20160203 123600;32.49;32.49;32.45;32.45;300
20160203 123800;32.52;32.52;32.52;32.52;200
20160203 124200;32.61;32.61;32.61;32.61;100
20160203 125500;32.59;32.59;32.59;32.59;100
20160203 125600;32.62;32.68;32.57;32.57;500
20160203 130400;32.63;32.63;32.63;32.63;100
20160203 130500;32.64;32.64;32.64;32.64;200
20160203 130700;32.6375;32.6375;32.6375;32.6375;100
20160203 130800;32.63;32.645;32.55;32.55;900
20160203 131100;32.56;32.59;32.56;32.59;500
20160203 131300;32.61;32.61;32.61;32.61;100
20160203 132100;32.59;32.59;32.59;32.59;100
20160203 132300;32.57;32.57;32.57;32.57;200
20160203 132400;32.58;32.62;32.58;32.62;900
20160203 132500;32.605;32.69;32.605;32.69;400
20160203 132600;32.69;32.705;32.67;32.68;1100
20160203 132700;32.66;32.66;32.66;32.66;100
20160203 133400;32.56;32.56;32.56;32.56;100
20160203 133700;32.39;32.39;32.39;32.39;100
20160203 133900;32.43;32.47;32.43;32.47;700
20160203 134200;32.54;32.57;32.54;32.57;200
20160203 134400;32.67;32.68;32.63;32.63;500
20160203 135300;32.565;32.565;32.52;32.535;400
20160203 135400;32.52;32.52;32.44;32.44;400
20160203 140100;32.46;32.51;32.46;32.51;300
20160203 141500;32.475;32.475;32.475;32.475;100
20160203 142200;32.54;32.56;32.53;32.56;400
20160203 142400;32.54;32.54;32.54;32.54;100
20160203 142500;32.59;32.74;32.59;32.74;600
20160203 142800;32.71;32.72;32.71;32.715;400
20160203 143400;32.66;32.72;32.65;32.685;500
20160203 144400;32.675;32.675;32.675;32.675;100
20160203 144500;32.72;32.8;32.72;32.8;900
20160203 144600;32.78;32.86;32.78;32.86;200
20160203 144700;32.84;32.84;32.84;32.84;200
20160203 144800;32.85;32.85;32.84;32.85;700
20160203 145400;32.77;32.77;32.77;32.77;100
20160203 145800;32.87;32.87;32.87;32.87;100
20160203 150000;32.88;32.89;32.88;32.89;400
20160203 150100;32.86;32.89;32.86;32.89;300
20160203 150200;32.92;32.92;32.87;32.885;1100
20160203 150300;32.88;32.88;32.86;32.86;300
20160203 151200;32.88;32.88;32.88;32.88;100
20160203 151300;32.8752;32.89;32.8501;32.89;1000
20160203 151400;32.865;32.865;32.865;32.865;100
20160203 151800;32.845;32.845;32.8;32.8;300
20160203 152200;32.88;32.88;32.83;32.83;200
20160203 152400;32.91;32.91;32.84;32.84;300
20160203 152800;32.89;32.92;32.89;32.92;500
20160203 153000;32.81;32.81;32.81;32.81;200
20160203 153400;32.85;32.85;32.85;32.85;100
20160203 153700;32.84;32.84;32.84;32.84;100
20160203 153800;32.9;32.92;32.86;32.86;700
20160203 153900;32.85;32.8899;32.845;32.8899;900
20160203 154000;32.89;32.89;32.89;32.89;100
20160203 154400;32.89;32.89;32.89;32.89;100
20160203 154700;32.92;32.92;32.92;32.92;400
20160203 154800;32.94;32.94;32.94;32.94;200
20160203 154900;32.96;32.96;32.96;32.96;700
20160203 155000;32.94;32.94;32.88;32.88;200
20160203 155500;32.95;32.95;32.95;32.95;100
20160203 155600;32.92;32.935;32.86;32.92;1500
20160203 155700;32.87;32.94;32.87;32.94;800
20160203 155900;32.92;32.92;32.92;32.92;300
20160203 160000;32.91;32.93;32.87;32.93;5205
20160203 160200;32.7943;32.7943;32.7943;32.7943;4200
20160204 093200;32.83;32.83;32.83;32.83;100
20160204 093700;33.0343;33.0343;33.0343;33.0343;100
20160204 093800;32.8901;32.8901;32.8901;32.8901;300
20160204 094300;33.1;33.1;33.08;33.08;200
20160204 094400;32.99;32.99;32.99;32.99;104
20160204 094500;32.835;32.835;32.73;32.73;200
20160204 094700;32.73;32.73;32.73;32.73;100
20160204 095400;32.92;32.92;32.92;32.92;100
20160204 095700;32.85;32.85;32.85;32.85;100
20160204 095900;32.83;32.83;32.83;32.83;100
20160204 100100;32.84;32.84;32.84;32.84;300
20160204 100900;32.69;32.69;32.69;32.69;100
20160204 101800;32.73;32.73;32.73;32.73;100
20160204 102400;32.62;32.62;32.53;32.53;300
20160204 102500;32.68;32.68;32.68;32.68;200
20160204 102600;32.58;32.59;32.56;32.58;400
20160204 103300;32.52;32.52;32.52;32.52;100
20160204 103400;32.47;32.48;32.47;32.47;873
20160204 103600;32.49;32.52;32.49;32.52;1100
20160204 103800;32.56;32.56;32.56;32.56;100
20160204 103900;32.63;32.63;32.63;32.63;400
20160204 104600;32.63;32.63;32.63;32.63;100
20160204 104700;32.71;32.71;32.68;32.68;200
20160204 104800;32.68;32.68;32.67;32.68;400
20160204 104900;32.65;32.65;32.65;32.65;100
20160204 105000;32.63;32.66;32.63;32.66;300
20160204 105300;32.68;32.68;32.68;32.68;100
20160204 105800;32.6;32.6;32.6;32.6;200
20160204 110800;32.54;32.57;32.54;32.57;300
20160204 112000;32.51;32.51;32.36;32.36;600
20160204 112900;32.26;32.28;32.2501;32.28;1100
20160204 114400;32.25;32.25;32.25;32.25;352
20160204 114900;32.25;32.25;32.25;32.25;200
20160204 115200;32.14;32.14;32.14;32.14;100
20160204 115600;32.23;32.23;32.23;32.23;100
20160204 120100;32.24;32.31;32.24;32.25;700
20160204 120500;32.31;32.31;32.31;32.31;100
20160204 120700;32.28;32.28;32.28;32.28;100
20160204 120900;32.44;32.52;32.38;32.39;400
20160204 121000;32.41;32.41;32.41;32.41;100
20160204 121500;32.42;32.42;32.42;32.42;100
20160204 121700;32.66;32.66;32.66;32.66;100
20160204 121800;32.52;32.52;32.49;32.49;400
20160204 122000;32.64;32.64;32.64;32.64;100
20160204 124300;32.23;32.23;32.23;32.23;100
20160204 125000;32.27;32.27;32.27;32.27;100
20160204 125400;32.22;32.22;32.22;32.22;200
20160204 125500;32.2;32.2;32.2;32.2;300
20160204 130000;32.4;32.4;32.4;32.4;100
20160204 130400;32.35;32.35;32.35;32.35;100
20160204 131500;32.36;32.36;32.36;32.36;100
20160204 131600;32.56;32.56;32.56;32.56;100
20160204 132000;32.42;32.42;32.42;32.42;100
20160204 132200;32.42;32.42;32.42;32.42;100
20160204 133000;32.35;32.35;32.35;32.35;100
20160204 133200;32.5;32.5;32.5;32.5;100
20160204 133600;32.34;32.34;32.28;32.28;200
20160204 133700;32.37;32.37;32.37;32.37;100
20160204 134200;32.12;32.12;32.12;32.12;100
20160204 140000;32.23;32.23;32.09;32.0908;1300
20160204 140100;32.09;32.09;32.09;32.09;100
20160204 140300;32.14;32.14;32.14;32.14;100
20160204 140400;32.14;32.14;32.14;32.14;400
20160204 140700;32.19;32.19;32.19;32.19;100
20160204 142100;32.23;32.23;32.23;32.23;200
20160204 142900;32.21;32.21;32.15;32.21;700
20160204 143000;32.16;32.16;32.16;32.16;100
20160204 143600;32.1;32.1;32.1;32.1;100
20160204 143700;32.14;32.14;32.14;32.14;100
20160204 144000;32.31;32.31;32.2;32.2;800
20160204 144100;32.16;32.16;32.13;32.13;200
20160204 144200;32.25;32.25;32.17;32.17;200
20160204 144400;32.19;32.19;32.19;32.19;100
20160204 144800;32.3;32.3;32.17;32.17;1500
20160204 144900;32.28;32.28;32.2;32.2;200
20160204 145100;32.17;32.17;32.12;32.12;400
20160204 145200;32.09;32.11;32.09;32.11;400
20160204 145700;32.12;32.12;32.1;32.1;200
20160204 150200;32.22;32.22;32.22;32.22;100
20160204 150700;32.18;32.18;32.18;32.18;100
20160204 151200;32.23;32.23;32.23;32.23;100
20160204 151700;32.22;32.22;32.22;32.22;100
20160204 152100;32.28;32.28;32.28;32.28;165
20160204 152200;32.42;32.42;32.22;32.22;200
20160204 152400;32.22;32.22;32.22;32.22;700
20160204 152500;32.22;32.22;32.19;32.19;700
20160204 152700;32.19;32.19;32.19;32.19;100
20160204 153200;32.2;32.2;32.2;32.2;100
20160204 153600;32.165;32.165;32.165;32.165;100
20160204 153700;32.2;32.2;32.2;32.2;100
20160204 153900;32.21;32.21;32.2;32.2;400
20160204 154100;32.15;32.15;32.15;32.15;100
20160204 154400;32.14;32.17;32.03;32.08;3335
20160204 154500;32.07;32.07;32.07;32.07;100
20160204 155100;32.14;32.15;32.14;32.15;400
20160204 155200;32.225;32.225;32.225;32.225;200
20160204 155300;32.3;32.3;32.3;32.3;100
20160204 155400;32.23;32.23;32.13;32.13;1000
20160204 155500;32.17;32.17;32.17;32.17;100
20160204 155700;32.26;32.26;32.26;32.26;100
20160204 155800;32.23;32.23;32.23;32.23;100
20160204 155900;32.22;32.23;32.15;32.15;477
20160204 160000;32.15;32.17;32.13;32.15;4477
20160204 160100;32.15;32.15;32.15;32.15;218
20160204 160600;32.22;32.22;32.22;32.22;46
20160204 163000;32.15;32.15;32.15;32.15;37
20160204 163100;32.15;32.15;32.15;32.15;75
20160205 094100;32.29;32.38;32.29;32.38;200
20160205 095300;32.14;32.14;32.05;32.05;600
20160205 095500;32.04;32.04;32.04;32.04;624
20160205 095600;32;32;32;32;156
20160205 103600;31.57;31.57;31.47;31.54;600
20160205 104200;31.7;31.7;31.7;31.7;100
20160205 104300;31.78;31.78;31.78;31.78;200
20160205 104500;31.76;31.76;31.72;31.72;400
20160205 104600;31.65;31.65;31.61;31.61;200
20160205 104700;31.65;31.7;31.65;31.67;300
20160205 104800;31.73;31.73;31.73;31.73;100
20160205 105800;31.6993;31.6993;31.6993;31.6993;200
20160205 110500;31.61;31.61;31.61;31.61;100
20160205 111000;31.6;31.6;31.49;31.49;200
20160205 112400;31.4;31.41;31.39;31.41;550
20160205 112500;31.37;31.37;31.37;31.37;100
20160205 112600;31.33;31.35;31.33;31.34;700
20160205 114100;31.39;31.39;31.39;31.39;100
20160205 114300;31.4;31.4;31.4;31.4;100
20160205 114400;31.49;31.57;31.45;31.57;500
20160205 114700;31.6;31.6;31.6;31.6;200
20160205 115300;31.66;31.66;31.66;31.66;100
20160205 120000;31.6;31.6;31.54;31.6;500
20160205 120100;31.5395;31.5395;31.5395;31.5395;158
20160205 120600;31.55;31.55;31.55;31.55;100
20160205 121100;31.53;31.53;31.53;31.53;100
20160205 122300;31.55;31.55;31.55;31.55;100
20160205 122400;31.56;31.56;31.56;31.56;100
20160205 123000;31.59;31.59;31.59;31.59;100
20160205 123500;31.6;31.7;31.53;31.69;3600
20160205 123600;31.61;31.63;31.61;31.63;300
20160205 123700;31.68;31.72;31.68;31.68;400
20160205 123800;31.7;31.785;31.7;31.785;200
20160205 123900;31.72;31.775;31.72;31.775;200
20160205 124600;31.85;31.85;31.85;31.85;100
20160205 124900;31.835;31.835;31.835;31.835;100
20160205 125100;31.83;31.83;31.83;31.83;100
20160205 125200;31.83;31.83;31.83;31.83;100
20160205 125300;31.85;31.85;31.85;31.85;500
20160205 125400;31.84;31.84;31.84;31.84;100
20160205 125500;31.82;31.82;31.82;31.82;100
20160205 125700;31.77;31.85;31.77;31.78;500
20160205 130900;31.81;31.81;31.725;31.8;1100
20160205 131000;31.79;31.79;31.79;31.79;400
20160205 131100;31.77;31.85;31.74;31.85;1402
20160205 131200;31.85;31.85;31.85;31.85;500
20160205 131700;31.8;31.8;31.8;31.8;100
20160205 131800;31.83;31.83;31.82;31.82;200
20160205 132100;31.8;31.8;31.8;31.8;100
20160205 132200;31.73;31.735;31.73;31.735;200
20160205 132300;31.78;31.79;31.75;31.79;600
20160205 132400;31.8;31.83;31.8;31.81;400
20160205 132800;31.75;31.75;31.75;31.75;100
20160205 133000;31.77;31.77;31.77;31.77;100
20160205 133400;31.85;31.85;31.85;31.85;100
20160205 133500;31.84;31.84;31.84;31.84;100
20160205 133700;31.75;31.79;31.75;31.78;600
20160205 134700;31.8;31.8;31.8;31.8;100
20160205 135200;31.74;31.74;31.73;31.74;300
20160205 135300;31.805;31.805;31.805;31.805;100
20160205 135400;31.77;31.77;31.77;31.77;100
20160205 135700;31.85;31.85;31.85;31.85;100
20160205 135900;31.732;31.732;31.732;31.732;100
20160205 140700;31.8;31.8;31.8;31.8;100
20160205 140800;31.82;31.82;31.82;31.82;100
20160205 141300;31.85;31.9;31.83;31.83;800
20160205 141500;31.84;31.84;31.84;31.84;100
20160205 141700;31.9;31.9;31.825;31.825;200
20160205 142000;31.82;31.82;31.82;31.82;200
20160205 142100;31.9;31.91;31.9;31.91;200
20160205 142200;31.91;31.92;31.865;31.865;300
20160205 142700;31.91;31.91;31.91;31.91;100
20160205 142900;31.99;31.99;31.945;31.945;200
20160205 143600;31.92;31.92;31.845;31.845;435
20160205 143700;31.9;31.9;31.83;31.89;2000
20160205 143800;31.9;31.9;31.855;31.89;1200
20160205 143900;31.94;31.94;31.94;31.94;100
20160205 144000;31.9;31.95;31.9;31.95;200
20160205 144400;31.96;32;31.94;31.942;1950
20160205 144900;32.03;32.05;32.03;32.04;300
20160205 145100;32.12;32.12;32.12;32.12;100
20160205 145200;32.08;32.08;32.08;32.08;100
20160205 145800;32.0086;32.0086;32.0086;32.0086;200
20160205 150000;31.98;31.98;31.98;31.98;200
20160205 150400;31.83;31.84;31.82;31.84;417
20160205 151200;31.86;31.86;31.86;31.86;100
20160205 151700;31.93;31.93;31.93;31.93;100
20160205 152400;31.84;31.84;31.83;31.83;200
20160205 152600;31.67;31.67;31.67;31.67;100
20160205 152800;31.59;31.73;31.59;31.72;400
20160205 153100;31.6;31.6;31.58;31.58;200
20160205 153200;31.584;31.584;31.584;31.584;100
20160205 153400;31.59;31.59;31.59;31.59;100
20160205 153500;31.57;31.66;31.57;31.66;200
20160205 153600;31.67;31.67;31.67;31.67;200
20160205 154000;31.55;31.55;31.55;31.55;100
20160205 154200;31.51;31.66;31.51;31.66;200
20160205 154300;31.66;31.66;31.59;31.59;300
20160205 154400;31.59;31.66;31.59;31.66;300
20160205 154500;31.66;31.66;31.496;31.496;1135
20160205 154600;31.59;31.59;31.49;31.49;200
20160205 154800;31.58;31.63;31.58;31.63;900
20160205 154900;31.67;31.67;31.66;31.66;400
20160205 155000;31.63;31.66;31.63;31.66;200
20160205 155100;31.66;31.66;31.54;31.54;400
20160205 155200;31.6;31.62;31.54;31.62;1400
20160205 155300;31.59;31.59;31.56;31.57;500
20160205 155400;31.54;31.61;31.54;31.55;400
20160205 155500;31.49;31.5;31.46;31.46;300
20160205 155600;31.53;31.54;31.51;31.51;718
20160205 155700;31.51;31.55;31.51;31.53;500
20160205 155800;31.52;31.53;31.49;31.51;745
20160205 155900;31.51;31.51;31.43;31.43;3706
20160205 160000;31.46;31.46;31.41;31.42;12952
20160205 161900;31.4162;31.4162;31.4162;31.4162;190
20160205 164400;31.6514;31.6514;31.6514;31.6514;899
