20160119 093800;14.21;14.21;14.21;14.21;100
20160119 094100;14.24;14.24;14.24;14.24;100
20160119 094200;14.22;14.22;14.22;14.22;100
20160119 094300;14.22;14.27;14.22;14.27;300
20160119 095200;14.2401;14.2401;14.2401;14.2401;100
20160119 095300;14.24;14.24;14.24;14.24;600
20160119 095500;14.24;14.24;14.24;14.24;100
20160119 100300;14.24;14.24;14.24;14.24;400
20160119 101100;14.24;14.24;14.24;14.24;100
20160119 101600;14.2514;14.2514;14.2514;14.2514;2500
20160119 102500;14.25;14.25;14.25;14.25;300
20160119 103100;14.24;14.28;14.24;14.246;2800
20160119 103400;14.24;14.24;14.24;14.24;100
20160119 104500;14.24;14.24;14.24;14.24;300
20160119 104600;14.24;14.24;14.24;14.24;800
20160119 104700;14.255;14.255;14.255;14.255;300
20160119 104900;14.24;14.24;14.24;14.24;100
20160119 105000;14.27;14.27;14.27;14.27;100
20160119 105100;14.24;14.24;14.24;14.24;100
20160119 105200;14.26;14.26;14.26;14.26;100
20160119 105500;14.2576;14.2576;14.25;14.25;2600
20160119 105800;14.2376;14.2376;14.23;14.23;1809
20160119 110100;14.222;14.222;14.2145;14.2145;2000
20160119 110300;14.2155;14.2155;14.21;14.21;220
20160119 110600;14.21;14.21;14.21;14.21;100
20160119 110900;14.21;14.21;14.21;14.21;400
20160119 111200;14.21;14.21;14.21;14.21;100
20160119 111300;14.21;14.21;14.21;14.21;100
20160119 111400;14.21;14.25;14.15;14.15;3510
20160119 111500;14.15;14.15;14.14;14.14;300
20160119 111800;14.14;14.14;14.14;14.14;100
20160119 111900;14.14;14.14;14.14;14.14;100
20160119 112000;14.144;14.144;14.144;14.144;100
20160119 112200;14.15;14.15;14.15;14.15;100
20160119 112500;14.15;14.15;14.15;14.15;100
20160119 112900;14.15;14.15;14.15;14.15;100
20160119 113100;14.15;14.19;14.14;14.19;1400
20160119 113200;14.14;14.14;14.14;14.14;100
20160119 113600;14.14;14.14;14.14;14.14;100
20160119 113900;14.14;14.14;14.14;14.14;100
20160119 114200;14.15;14.15;14.15;14.15;100
20160119 114600;14.15;14.15;14.15;14.15;100
20160119 114800;14.17;14.17;14.17;14.17;100
20160119 115400;14.15;14.15;14.15;14.15;100
20160119 115800;14.15;14.15;14.15;14.15;100
20160119 120600;14.15;14.15;14.15;14.15;100
20160119 120700;14.15;14.15;14.15;14.15;100
20160119 121200;14.15;14.15;14.15;14.15;600
20160119 121700;14.15;14.15;14.15;14.15;100
20160119 122100;14.15;14.15;14.15;14.15;100
20160119 122600;14.15;14.15;14.15;14.15;100
20160119 123000;14.16;14.16;14.16;14.16;100
20160119 123100;14.15;14.15;14.15;14.15;100
20160119 123500;14.16;14.16;14.16;14.16;100
20160119 124000;14.16;14.16;14.16;14.16;300
20160119 124600;14.16;14.16;14.16;14.16;100
20160119 125100;14.16;14.16;14.16;14.16;100
20160119 125600;14.16;14.16;14.16;14.16;100
20160119 130200;14.16;14.16;14.16;14.16;100
20160119 130700;14.16;14.16;14.16;14.16;100
20160119 131300;14.16;14.16;14.16;14.16;100
20160119 131800;14.16;14.16;14.16;14.16;100
20160119 132300;14.16;14.16;14.16;14.16;200
20160119 132600;14.16;14.16;14.16;14.16;200
20160119 132800;14.16;14.16;14.16;14.16;200
20160119 133200;14.16;14.16;14.16;14.16;200
20160119 133600;14.1798;14.1798;14.16;14.16;206
20160119 133700;14.16;14.16;14.16;14.16;200
20160119 134200;14.16;14.16;14.16;14.16;200
20160119 134700;14.16;14.16;14.16;14.16;200
20160119 135100;14.16;14.16;14.16;14.16;200
20160119 135200;14.17;14.17;14.16;14.16;2822
20160119 135300;14.16;14.16;14.15;14.15;200
20160119 135700;14.15;14.15;14.15;14.15;200
20160119 140100;14.15;14.15;14.15;14.15;200
20160119 140600;14.15;14.15;14.15;14.15;200
20160119 141000;14.15;14.15;14.15;14.15;200
20160119 141400;14.15;14.1666;14.14;14.14;12322
20160119 141500;14.14;14.14;14.14;14.14;495
20160119 141600;14.12;14.12;14.12;14.12;400
20160119 141900;14.11;14.11;14.1;14.1;4100
20160119 142600;14.1;14.1;14.1;14.1;300
20160119 142800;14.1;14.1;14.1;14.1;300
20160119 143100;14.1;14.1;14.1;14.1;200
20160119 143500;14.1;14.1;14.1;14.1;100
20160119 143800;14.1;14.1;14.1;14.1;100
20160119 144100;14.1;14.1;14.1;14.1;100
20160119 144400;14.1;14.1;14.1;14.1;100
20160119 144700;14.1;14.1;14.1;14.1;100
20160119 145300;14.09;14.09;14.09;14.09;100
20160119 145600;14.09;14.09;14.09;14.09;100
20160119 145900;14.09;14.09;14.09;14.09;100
20160119 150100;14.09;14.09;14.09;14.09;100
20160119 150500;14.08;14.08;14.08;14.08;100
20160119 150800;14.08;14.08;14.08;14.08;100
20160119 151000;14.11;14.11;14.11;14.11;100
20160119 151100;14.1;14.1;14.1;14.1;100
20160119 151300;14.12;14.12;14.12;14.12;100
20160119 151400;14.1;14.1;14.1;14.1;600
20160119 151600;14.09;14.09;14.09;14.09;100
20160119 151900;14.09;14.09;14.09;14.09;300
20160119 152300;14.09;14.09;14.09;14.09;160
20160119 152600;14.08;14.11;14.08;14.11;200
20160119 152800;14.08;14.08;14.08;14.08;100
20160119 153100;14.08;14.08;14.08;14.08;100
20160119 153300;14.08;14.08;14.08;14.08;100
20160119 153500;14.08;14.08;14.08;14.08;100
20160119 153700;14.09;14.09;14.09;14.09;600
20160119 153800;14.09;14.09;14.09;14.09;100
20160119 154000;14.09;14.09;14.09;14.09;200
20160119 154100;14.09;14.09;14.09;14.09;100
20160119 154300;14.09;14.09;14.09;14.09;200
20160119 154500;14.07;14.1;14.07;14.1;200
20160119 154700;14.07;14.07;14.07;14.07;100
20160119 154800;14.07;14.07;14.07;14.07;100
20160119 154900;14.0997;14.0997;14.07;14.07;1836
20160119 155100;14.07;14.07;14.07;14.07;100
20160119 155200;14.07;14.07;14.07;14.07;400
20160119 155300;14.1;14.1;14.1;14.1;100
20160119 155400;14.07;14.07;14.07;14.07;100
20160119 155500;14.07;14.08;14.07;14.08;800
20160119 155600;14.08;14.08;14.08;14.08;200
20160119 155700;14.08;14.08;14.07;14.07;200
20160119 155800;14.07;14.07;14.07;14.07;100
20160119 155900;14.07;14.07;14.07;14.07;100
20160119 160000;14.07;14.08;14.07;14.08;200
20160120 093800;14.04;14.048;14.04;14.048;400
20160120 093900;14.03;14.03;14.03;14.03;600
20160120 095400;13.94;13.94;13.94;13.94;100
20160120 100100;13.94;13.94;13.94;13.94;200
20160120 100500;13.99;13.99;13.99;13.99;100
20160120 100600;13.94;13.94;13.94;13.94;100
20160120 100800;13.9747;13.9747;13.9747;13.9747;500
20160120 101000;13.93;13.93;13.93;13.93;100
20160120 101200;13.93;13.93;13.93;13.93;100
20160120 102800;13.9656;13.9656;13.9656;13.9656;397
20160120 103300;13.93;13.93;13.91;13.91;200
20160120 103900;13.91;13.91;13.91;13.91;1100
20160120 104000;13.81;13.81;13.81;13.81;200
20160120 104600;13.81;13.81;13.81;13.81;100
20160120 105200;13.9;13.9;13.9;13.9;200
20160120 105400;13.81;13.81;13.81;13.81;100
20160120 105500;13.81;13.8436;13.81;13.8436;360
20160120 105700;13.81;13.81;13.81;13.81;100
20160120 110600;13.81;13.81;13.81;13.81;400
20160120 110900;13.82;13.82;13.82;13.82;500
20160120 111300;13.8;13.82;13.8;13.82;300
20160120 112900;13.838;13.838;13.838;13.838;200
20160120 113100;13.8;13.8;13.8;13.8;300
20160120 113400;13.8;13.8;13.8;13.8;100
20160120 114300;13.815;13.815;13.8;13.8;600
20160120 114900;13.8;13.8;13.8;13.8;1200
20160120 115300;13.8;13.821;13.8;13.821;250
20160120 120400;13.81;13.81;13.81;13.81;100
20160120 121300;13.812;13.812;13.812;13.812;250
20160120 121500;13.81;13.81;13.81;13.81;218
20160120 122200;13.81;13.8101;13.78;13.78;5864
20160120 122600;13.78;13.78;13.78;13.78;100
20160120 125500;13.7718;13.7718;13.7718;13.7718;181
20160120 125600;13.7678;13.7678;13.7678;13.7678;600
20160120 125800;13.7789;13.78;13.7789;13.78;1000
20160120 130200;13.76;13.76;13.76;13.76;100
20160120 131500;13.78;13.78;13.775;13.775;400
20160120 131600;13.79;13.79;13.79;13.79;100
20160120 132100;13.76;13.76;13.76;13.76;100
20160120 132500;13.77;13.77;13.77;13.77;100
20160120 132900;13.78;13.78;13.78;13.78;800
20160120 133000;13.76;13.76;13.76;13.76;100
20160120 133400;13.76;13.76;13.76;13.76;100
20160120 133800;13.76;13.76;13.76;13.76;100
20160120 133900;13.79;13.81;13.79;13.81;300
20160120 134200;13.81;13.82;13.81;13.82;1100
20160120 135200;13.8;13.8;13.8;13.8;100
20160120 135400;13.78;13.78;13.78;13.78;100
20160120 140300;13.8;13.8;13.8;13.8;100
20160120 142700;13.83;13.83;13.83;13.83;300
20160120 143800;13.84;13.85;13.84;13.84;400
20160120 145300;13.8568;13.8568;13.8568;13.8568;195
20160120 145600;13.87;13.87;13.86;13.86;400
20160120 150200;13.89;13.89;13.89;13.89;520
20160120 150400;13.8919;13.8919;13.8919;13.8919;300
20160120 151700;13.92;13.95;13.92;13.95;500
20160120 152100;13.94;13.95;13.94;13.95;1000
20160120 152200;13.95;13.98;13.95;13.98;800
20160120 152300;13.96;13.96;13.96;13.96;200
20160120 152400;13.96;13.96;13.96;13.96;100
20160120 152500;13.96;13.96;13.95;13.95;400
20160120 152600;13.94;13.94;13.94;13.94;100
20160120 152700;13.94;13.94;13.94;13.94;100
20160120 152800;13.95;13.95;13.95;13.95;100
20160120 152900;13.95;13.95;13.95;13.95;200
20160120 153100;13.98;13.98;13.98;13.98;200
20160120 154600;13.95;13.95;13.95;13.95;350
20160120 154800;13.96;13.97;13.96;13.97;200
20160120 155000;13.95;13.95;13.95;13.95;400
20160120 155200;13.97;13.97;13.95;13.96;4100
20160120 155300;13.97;13.97;13.97;13.97;500
20160120 155400;13.99;13.99;13.99;13.99;100
20160120 155500;14.01;14.02;13.99;13.99;1100
20160120 155600;13.97;13.97;13.97;13.97;100
20160120 155700;13.97;13.97;13.97;13.97;200
20160121 093000;14.05;14.05;14.05;14.05;100
20160121 094500;14.06;14.06;14.06;14.06;100
20160121 094700;14.09;14.09;14.09;14.09;200
20160121 094800;14.09;14.09;14.085;14.085;300
20160121 094900;14.09;14.09;14.085;14.085;300
20160121 095000;14.025;14.03;13.93;13.93;6100
20160121 095100;14.08;14.08;13.95;13.95;800
20160121 095200;13.95;14.015;13.95;13.99;1435
20160121 095600;13.93;13.93;13.93;13.93;400
20160121 100000;13.95;14;13.95;14;500
20160121 100100;14;14;14;14;600
20160121 100200;14;14;13.995;13.995;1000
20160121 100700;14;14.06;14;14.06;200
20160121 100800;14;14;14;14;100
20160121 101100;14;14;14;14;100
20160121 101600;14;14;14;14;100
20160121 101800;14;14;13.965;13.99;700
20160121 101900;14;14;14;14;714
20160121 102600;13.96;13.96;13.96;13.96;100
20160121 103100;13.938;13.938;13.938;13.938;292
20160121 103300;13.9554;13.98;13.9554;13.98;1895
20160121 103500;13.9764;13.9764;13.9764;13.9764;304
20160121 103600;13.9654;13.9654;13.9654;13.9654;715
20160121 105000;14.03;14.03;14.03;14.03;200
20160121 110400;14.01;14.03;14.01;14.03;300
20160121 111000;14.0201;14.0201;14.0201;14.0201;300
20160121 111100;14.0255;14.0255;14.0255;14.0255;300
20160121 112700;14.05;14.08;14.05;14.08;1800
20160121 112800;14.05;14.08;14.02;14.02;1000
20160121 112900;14.07;14.07;14.07;14.07;400
20160121 113400;14.062;14.062;14.062;14.062;400
20160121 121200;14.0884;14.0884;14.075;14.075;2100
20160121 121400;14.07;14.07;14.07;14.07;100
20160121 122100;14.08;14.08;14.08;14.08;440
20160121 122400;14.086;14.086;14.086;14.086;300
20160121 123000;14.09;14.09;14.09;14.09;100
20160121 130500;14.08;14.08;14.0699;14.07;5320
20160121 130600;14.07;14.07;14.07;14.07;100
20160121 131100;14.08;14.08;14.08;14.08;100
20160121 131600;14.0806;14.09;14.0806;14.0899;368
20160121 133500;14.0621;14.09;14.0621;14.0621;1100
20160121 133700;14.075;14.075;14.061;14.061;500
20160121 135200;14.08;14.08;14.08;14.08;100
20160121 135700;14.08;14.09;14.08;14.09;300
20160121 141400;14.08;14.08;14.08;14.08;440
20160121 141900;14.08;14.08;14.08;14.08;666
20160121 142100;14.07;14.07;14.07;14.07;100
20160121 142400;14.06;14.06;14.06;14.06;300
20160121 142900;14.06;14.06;14.06;14.06;100
20160121 143200;14.06;14.0606;14.06;14.0606;546
20160121 143300;14.06;14.06;14.06;14.06;300
20160121 144200;14.06;14.06;14.06;14.06;100
20160121 145300;14.06;14.06;14.06;14.06;100
20160121 150800;14.06;14.0654;14.05;14.05;2700
20160121 151100;13.98;13.98;13.89;13.9278;6700
20160121 151500;13.95;14.01;13.93;13.93;4300
20160121 151800;13.97;13.97;13.97;13.97;200
20160121 151900;13.96;13.96;13.93;13.93;400
20160121 152600;13.98;13.98;13.98;13.98;200
20160121 152700;13.97;13.97;13.97;13.97;100
20160121 153000;14.01;14.01;14.01;14.01;400
20160121 153500;14.01;14.01;14.005;14.005;300
20160121 153600;14.01;14.01;14.01;14.01;300
20160121 153700;14.01;14.01;14.01;14.01;300
20160121 154300;13.99;13.99;13.99;13.99;100
20160121 155400;13.995;14.01;13.98;13.98;3240
20160121 155500;13.98;13.98;13.98;13.98;355
20160121 155600;13.99;13.99;13.99;13.99;100
20160121 155800;13.99;13.99;13.99;13.99;100
20160121 155900;13.995;13.995;13.995;13.995;100
20160121 160000;14.01;14.01;14.01;14.01;300
20160122 093700;14.08;14.08;14.08;14.08;100
20160122 093800;14.08;14.11;14.0008;14.0008;1184
20160122 093900;14.075;14.0792;14.075;14.0792;400
20160122 094100;14.065;14.07;14.065;14.07;200
20160122 094400;14.03;14.03;14.03;14.03;100
20160122 094800;14.03;14.03;14.03;14.03;100
20160122 095100;14.132;14.132;14.132;14.132;200
20160122 095400;14.19;14.19;14.19;14.19;100
20160122 100400;14.1199;14.1199;14.1199;14.1199;200
20160122 100900;14.08;14.08;14.08;14.08;100
20160122 101200;14.1;14.13;14.1;14.13;444
20160122 101300;14.12;14.12;14.12;14.12;344
20160122 101500;14.12;14.15;14.12;14.14;400
20160122 112500;14.04;14.0405;14.04;14.0405;1500
20160122 112600;14.04;14.0401;14.04;14.0401;1000
20160122 112700;14.04;14.0404;14.04;14.0404;2100
20160122 113000;14.04;14.04;14.04;14.04;499
20160122 125700;14.051;14.053;14.044;14.053;1700
20160122 130000;14.0616;14.0616;14.0616;14.0616;750
20160122 130400;14.0923;14.0923;14.0923;14.0923;1066
20160122 132000;14.06;14.06;14.06;14.06;100
20160122 132200;14.0831;14.0831;14.0831;14.0831;300
20160122 132300;14.07;14.072;14.07;14.072;1300
20160122 132500;14.088;14.088;14.088;14.088;500
20160122 132700;14.07;14.07;14.07;14.07;100
20160122 133000;14.07;14.07;14.07;14.07;100
20160122 133300;14.07;14.07;14.07;14.07;100
20160122 135900;14.09;14.09;14.09;14.09;200
20160122 145400;14.16;14.19;14.14;14.15;2000
20160122 145600;14.15;14.15;14.15;14.15;300
20160122 150200;14.16;14.16;14.16;14.16;100
20160122 150900;14.16;14.16;14.16;14.16;100
20160122 151200;14.14;14.14;14.124;14.124;200
20160122 154000;14.14;14.14;14.14;14.14;100
20160122 154100;14.14;14.14;14.14;14.14;100
20160122 154700;14.14;14.14;14.14;14.14;100
20160122 155700;14.12;14.1201;14.12;14.12;416
20160125 094300;14.1269;14.2;14.1269;14.2;865
20160125 094700;14.18;14.18;14.18;14.18;100
20160125 094900;14.1096;14.1096;14.1096;14.1096;276
20160125 100100;14.1;14.1;14.1;14.1;100
20160125 100200;14.1;14.1;14.1;14.1;319
20160125 100500;14.1;14.1;14.1;14.1;500
20160125 102200;14.15;14.15;14.15;14.15;653
20160125 102900;14.16;14.16;14.16;14.16;200
20160125 103700;14.14;14.14;14.14;14.14;100
20160125 104100;14.14;14.15;14.1337;14.1337;2900
20160125 104600;14.16;14.16;14.16;14.16;300
20160125 105500;14.17;14.17;14.17;14.17;100
20160125 110100;14.1616;14.1616;14.16;14.16;912
20160125 110200;14.17;14.17;14.17;14.17;100
20160125 110300;14.17;14.17;14.17;14.17;236
20160125 110500;14.161;14.161;14.161;14.161;300
20160125 110800;14.17;14.17;14.17;14.17;100
20160125 111300;14.1624;14.19;14.1624;14.19;1700
20160125 111400;14.16;14.16;14.16;14.16;800
20160125 111500;14.17;14.17;14.17;14.17;100
20160125 112100;14.19;14.19;14.19;14.19;500
20160125 112300;14.19;14.19;14.19;14.19;200
20160125 112700;14.19;14.19;14.19;14.19;700
20160125 112900;14.1887;14.19;14.1887;14.19;320
20160125 113100;14.19;14.19;14.19;14.19;500
20160125 114800;14.184;14.1842;14.18;14.18;1700
20160125 114900;14.18;14.18;14.18;14.18;300
20160125 115100;14.18;14.18;14.18;14.18;600
20160125 115300;14.18;14.18;14.18;14.18;220
20160125 115600;14.18;14.18;14.18;14.18;280
20160125 115700;14.19;14.19;14.19;14.19;1400
20160125 115800;14.19;14.19;14.19;14.19;600
20160125 120500;14.19;14.19;14.19;14.19;100
20160125 120900;14.19;14.19;14.19;14.19;100
20160125 121600;14.19;14.19;14.19;14.19;300
20160125 122700;14.19;14.19;14.19;14.19;200
20160125 122900;14.181;14.181;14.181;14.181;200
20160125 124700;14.18;14.18;14.18;14.18;200
20160125 124800;14.18;14.18;14.18;14.18;100
20160125 130500;14.18;14.18;14.18;14.18;100
20160125 132000;14.18;14.18;14.18;14.18;100
20160125 133000;14.17;14.17;14.17;14.17;200
20160125 133900;14.18;14.18;14.18;14.18;100
20160125 134400;14.17;14.17;14.17;14.17;200
20160125 135400;14.17;14.23;14.17;14.23;3100
20160125 142000;14.19;14.205;14.19;14.205;4760
20160125 142100;14.19;14.19;14.19;14.19;100
20160125 142200;14.19;14.19;14.19;14.19;260
20160125 145800;14.18;14.18;14.18;14.18;500
20160125 150100;14.18;14.18;14.14;14.14;2858
20160125 150500;14.14;14.14;14.14;14.14;100
20160125 151400;14.14;14.1428;14.14;14.14;3032
20160125 152000;14.14;14.1416;14.14;14.14;1000
20160125 152300;14.14;14.14;14.14;14.14;100
20160125 152800;14.15;14.15;14.15;14.15;100
20160125 153200;14.15;14.15;14.15;14.15;100
20160125 153300;14.14;14.14;14.11;14.11;2600
20160125 154600;14.13;14.13;14.13;14.13;100
20160125 155100;14.13;14.13;14.13;14.13;100
20160125 155500;14.13;14.13;14.13;14.13;100
20160125 155700;14.13;14.13;14.13;14.13;100
20160125 155900;14.11;14.11;14.06;14.06;900
20160125 160000;14.07;14.07;14.07;14.07;100
20160126 093300;14.06;14.06;14.05;14.05;428
20160126 094500;14.05;14.21;14.05;14.2;1028
20160126 094600;14.185;14.19;14.07;14.18;800
20160126 095300;14.18;14.18;14.18;14.18;100
20160126 095500;14.1152;14.1152;14.1152;14.1152;800
20160126 100500;14.17;14.17;14.17;14.17;100
20160126 100900;14.17;14.17;14.17;14.17;100
20160126 101000;14.133;14.133;14.133;14.133;163
20160126 101100;14.17;14.17;14.17;14.17;100
20160126 101400;14.17;14.17;14.17;14.17;100
20160126 102100;14.17;14.18;14.17;14.18;500
20160126 102300;14.19;14.21;14.19;14.21;400
20160126 102400;14.19;14.19;14.19;14.19;900
20160126 103000;14.19;14.19;14.19;14.19;200
20160126 104600;14.19;14.19;14.19;14.19;1300
20160126 104700;14.19;14.19;14.19;14.19;1200
20160126 105100;14.19;14.19;14.19;14.19;663
20160126 110500;14.19;14.19;14.19;14.19;400
20160126 110600;14.19;14.19;14.19;14.19;300
20160126 110800;14.19;14.19;14.19;14.19;1000
20160126 110900;14.18;14.18;14.18;14.18;1100
20160126 111000;14.1775;14.1775;14.1775;14.1775;100
20160126 111100;14.175;14.175;14.17;14.17;200
20160126 114700;14.1637;14.1637;14.1637;14.1637;355
20160126 120500;14.17;14.17;14.17;14.17;100
20160126 121500;14.15;14.1501;14.15;14.1501;1000
20160126 121900;14.17;14.17;14.17;14.17;100
20160126 123200;14.17;14.17;14.17;14.17;100
20160126 123300;14.18;14.18;14.18;14.18;300
20160126 123400;14.19;14.21;14.19;14.21;700
20160126 123500;14.21;14.21;14.21;14.21;500
20160126 123600;14.21;14.21;14.21;14.21;200
20160126 123700;14.21;14.25;14.21;14.25;548
20160126 125600;14.26;14.26;14.26;14.26;100
20160126 131100;14.25;14.25;14.25;14.25;100
20160126 133100;14.25;14.25;14.25;14.25;100
20160126 133300;14.2604;14.2604;14.2604;14.2604;186
20160126 135400;14.24;14.24;14.24;14.24;100
20160126 135500;14.27;14.27;14.27;14.27;100
20160126 140100;14.24;14.24;14.24;14.24;300
20160126 140300;14.2355;14.2355;14.2355;14.2355;136
20160126 140700;14.2187;14.2191;14.2187;14.2191;950
20160126 141400;14.21;14.21;14.21;14.21;100
20160126 142700;14.17;14.17;14.17;14.17;100
20160126 143400;14.18;14.18;14.18;14.18;100
20160126 144200;14.19;14.19;14.19;14.19;100
20160126 144600;14.19;14.1953;14.19;14.1953;1200
20160126 145800;14.19;14.19;14.19;14.19;200
20160126 150200;14.19;14.19;14.19;14.19;500
20160126 152300;14.2;14.2;14.2;14.2;200
20160126 152600;14.21;14.21;14.21;14.21;100
20160126 152900;14.22;14.22;14.22;14.22;100
20160126 153400;14.25;14.25;14.25;14.25;100
20160126 154100;14.2;14.2;14.2;14.2;100
20160126 154400;14.2;14.2;14.2;14.2;100
20160126 154600;14.2;14.2;14.2;14.2;100
20160126 154800;14.2;14.2;14.2;14.2;100
20160126 155000;14.2;14.2;14.2;14.2;100
20160126 155100;14.22;14.22;14.22;14.22;100
20160126 155300;14.22;14.22;14.22;14.22;100
20160126 155400;14.22;14.22;14.22;14.22;100
20160126 155500;14.25;14.25;14.22;14.22;200
20160126 155600;14.25;14.25;14.25;14.25;100
20160126 155700;14.25;14.25;14.25;14.25;100
20160126 155900;14.25;14.25;14.25;14.25;100
20160126 160000;14.25;14.25;14.22;14.22;762
20160127 093700;14.24;14.24;14.24;14.24;100
20160127 093900;14.2399;14.24;14.22;14.2396;900
20160127 094300;14.2396;14.2396;14.2396;14.2396;100
20160127 103900;14.23;14.23;14.2;14.2;800
20160127 104000;14.23;14.23;14.194;14.194;3800
20160127 104300;14.22;14.22;14.22;14.22;300
20160127 104800;14.2;14.2;14.19;14.19;200
20160127 105600;14.19;14.19;14.19;14.19;133
20160127 110100;14.19;14.19;14.19;14.19;100
20160127 113400;14.18;14.18;14.18;14.18;200
20160127 113800;14.177;14.177;14.177;14.177;300
20160127 114200;14.18;14.18;14.18;14.18;700
20160127 114300;14.19;14.2;14.19;14.2;200
20160127 114800;14.23;14.24;14.23;14.24;600
20160127 115200;14.23;14.23;14.23;14.23;100
20160127 120700;14.2;14.2;14.2;14.2;300
20160127 120900;14.2;14.2;14.2;14.2;800
20160127 121000;14.18;14.18;14.18;14.18;200
20160127 121100;14.19;14.19;14.19;14.19;187
20160127 121200;14.219;14.219;14.219;14.219;100
20160127 121500;14.2168;14.2168;14.2168;14.2168;1119
20160127 121600;14.2;14.2;14.2;14.2;100
20160127 121700;14.23;14.23;14.23;14.23;100
20160127 122100;14.21;14.21;14.21;14.21;100
20160127 122200;14.25;14.25;14.25;14.25;1400
20160127 122300;14.25;14.25;14.25;14.25;100
20160127 122500;14.21;14.21;14.21;14.21;100
20160127 123000;14.21;14.21;14.21;14.21;100
20160127 123200;14.23;14.23;14.23;14.23;100
20160127 123500;14.22;14.23;14.21;14.21;1300
20160127 123700;14.23;14.23;14.23;14.23;700
20160127 123900;14.23;14.23;14.23;14.23;100
20160127 124000;14.22;14.22;14.22;14.22;100
20160127 124500;14.21;14.21;14.21;14.21;100
20160127 125000;14.21;14.21;14.21;14.21;100
20160127 125100;14.23;14.23;14.23;14.23;100
20160127 125500;14.21;14.21;14.21;14.21;100
20160127 130000;14.21;14.21;14.21;14.21;100
20160127 130500;14.21;14.21;14.21;14.21;100
20160127 131000;14.21;14.21;14.21;14.21;100
20160127 131500;14.21;14.21;14.21;14.21;100
20160127 131700;14.2163;14.2163;14.2163;14.2163;268
20160127 132000;14.21;14.21;14.21;14.21;100
20160127 132300;14.21;14.21;14.21;14.21;500
20160127 132500;14.19;14.19;14.19;14.19;100
20160127 133000;14.18;14.18;14.18;14.18;100
20160127 133300;14.19;14.19;14.18;14.18;4400
20160127 133500;14.2;14.23;14.2;14.23;200
20160127 133600;14.205;14.205;14.205;14.205;676
20160127 133900;14.235;14.235;14.235;14.235;100
20160127 134200;14.25;14.25;14.25;14.25;100
20160127 134400;14.23;14.23;14.23;14.23;100
20160127 134900;14.19;14.19;14.19;14.19;100
20160127 135300;14.19;14.19;14.19;14.19;100
20160127 135500;14.24;14.24;14.24;14.24;106
20160127 135700;14.19;14.19;14.19;14.19;100
20160127 140100;14.2028;14.21;14.2028;14.21;1176
20160127 140200;14.25;14.25;14.25;14.25;2100
20160127 140500;14.21;14.21;14.21;14.21;100
20160127 140600;14.225;14.225;14.225;14.225;100
20160127 140900;14.2101;14.2101;14.2101;14.2101;178
20160127 141000;14.21;14.21;14.21;14.21;400
20160127 141300;14.24;14.24;14.21;14.21;300
20160127 141400;14.18;14.18;14.18;14.18;300
20160127 141700;14.1857;14.19;14.1857;14.19;249
20160127 142200;14.18;14.18;14.18;14.18;600
20160127 142300;14.18;14.18;14.18;14.18;400
20160127 142400;14.18;14.18;14.18;14.18;200
20160127 142500;14.17;14.17;14.17;14.17;100
20160127 142800;14.23;14.23;14.23;14.23;156
20160127 142900;14.17;14.17;14.17;14.17;100
20160127 143300;14.17;14.17;14.17;14.17;100
20160127 143600;14.15;14.15;14.15;14.15;100
20160127 144000;14.15;14.15;14.15;14.15;100
20160127 144300;14.16;14.16;14.16;14.16;100
20160127 144600;14.17;14.17;14.17;14.17;100
20160127 145100;14.2;14.2;14.2;14.2;100
20160127 145200;14.17;14.17;14.17;14.17;100
20160127 145500;14.18;14.18;14.18;14.18;100
20160127 145700;14.17;14.17;14.17;14.17;400
20160127 145800;14.17;14.17;14.17;14.17;100
20160127 150100;14.17;14.17;14.17;14.17;100
20160127 150300;14.17;14.17;14.17;14.17;105
20160127 150400;14.14;14.14;14.12;14.12;200
20160127 150700;14.13;14.13;14.13;14.13;100
20160127 150900;14.13;14.13;14.13;14.13;100
20160127 151200;14.1574;14.1666;14.1574;14.1666;1300
20160127 151300;14.1666;14.1666;14.1666;14.1666;1200
20160127 151400;14.15;14.15;14.14;14.14;200
20160127 151700;14.14;14.14;14.14;14.14;100
20160127 151900;14.14;14.14;14.14;14.14;100
20160127 152200;14.14;14.14;14.14;14.14;100
20160127 152400;14.14;14.14;14.13;14.13;300
20160127 152700;14.14;14.14;14.14;14.14;100
20160127 152900;14.13;14.13;14.13;14.13;100
20160127 153100;14.13;14.13;14.13;14.13;100
20160127 153400;14.14;14.16;14.14;14.16;200
20160127 153600;14.14;14.14;14.14;14.14;100
20160127 153800;14.18;14.18;14.15;14.15;200
20160127 154000;14.18;14.18;14.16;14.16;200
20160127 154200;14.17;14.17;14.17;14.17;100
20160127 154400;14.19;14.19;14.19;14.19;100
20160127 154500;14.16;14.16;14.16;14.16;100
20160127 154600;14.19;14.19;14.19;14.19;100
20160127 154800;14.19;14.19;14.19;14.19;200
20160127 154900;14.2;14.2;14.2;14.2;100
20160127 155200;14.19;14.19;14.19;14.19;100
20160127 155300;14.16;14.16;14.16;14.16;100
20160127 155400;14.16;14.16;14.16;14.16;3700
20160127 155600;14.16;14.16;14.16;14.16;100
20160127 155700;14.16;14.19;14.16;14.19;300
20160127 155800;14.16;14.16;14.16;14.16;100
20160127 160000;14.21;14.22;14.21;14.22;300
20160128 093200;14.295;14.38;14.295;14.38;800
20160128 093500;14.29;14.29;14.23;14.23;200
20160128 093600;14.27;14.27;14.27;14.27;131
20160128 093700;14.27;14.325;14.27;14.325;800
20160128 093800;14.34;14.35;14.34;14.35;400
20160128 094900;14.301;14.301;14.301;14.301;100
20160128 095000;14.3;14.3325;14.27;14.27;2533
20160128 095200;14.24;14.242;14.24;14.242;200
20160128 095700;14.3097;14.3097;14.3097;14.3097;2696
20160128 095900;14.262;14.262;14.26;14.26;200
20160128 100000;14.295;14.295;14.295;14.295;100
20160128 100600;14.262;14.262;14.26;14.26;200
20160128 101300;14.262;14.262;14.262;14.262;200
20160128 102000;14.262;14.262;14.26;14.26;200
20160128 102700;14.272;14.272;14.27;14.27;200
20160128 103000;14.29;14.29;14.27;14.27;1300
20160128 103100;14.27;14.27;14.27;14.27;200
20160128 103200;14.3025;14.3025;14.245;14.25;1805
20160128 103800;14.232;14.232;14.23;14.23;200
20160128 104600;14.23;14.23;14.23;14.23;200
20160128 105500;14.23;14.23;14.23;14.23;200
20160128 105600;14.2782;14.2782;14.2782;14.2782;444
20160128 105900;14.26;14.26;14.26;14.26;200
20160128 111100;14.23;14.23;14.23;14.23;100
20160128 111600;14.23;14.2711;14.23;14.2711;900
20160128 111700;14.26;14.26;14.26;14.26;100
20160128 111900;14.29;14.29;14.281;14.281;2700
20160128 114200;14.26;14.26;14.23;14.23;500
20160128 114600;14.2578;14.2578;14.2578;14.2578;161
20160128 114700;14.2799;14.2799;14.2799;14.2799;125
20160128 115100;14.276;14.276;14.276;14.276;100
20160128 115200;14.232;14.232;14.23;14.23;200
20160128 115800;14.245;14.245;14.245;14.245;100
20160128 120100;14.25;14.25;14.25;14.25;100
20160128 120200;14.232;14.232;14.23;14.23;200
20160128 120400;14.25;14.25;14.25;14.25;149
20160128 120800;14.256;14.256;14.256;14.256;300
20160128 120900;14.26;14.26;14.2576;14.26;1300
20160128 121200;14.2574;14.2576;14.2574;14.2574;300
20160128 121800;14.26;14.26;14.2599;14.26;600
20160128 122600;14.2899;14.2899;14.2899;14.2899;400
20160128 122700;14.29;14.29;14.2899;14.2899;500
20160128 123400;14.29;14.29;14.29;14.29;500
20160128 124000;14.29;14.29;14.2899;14.2899;500
20160128 124500;14.29;14.31;14.29;14.31;1200
20160128 125100;14.31;14.31;14.31;14.31;100
20160128 130200;14.31;14.3144;14.31;14.3144;202
20160128 130800;14.3144;14.3144;14.3144;14.3144;225
20160128 131100;14.31;14.31;14.31;14.31;200
20160128 131400;14.31;14.31;14.31;14.31;100
20160128 131500;14.31;14.31;14.31;14.31;525
20160128 132400;14.31;14.31;14.31;14.31;200
20160128 132600;14.31;14.31;14.31;14.31;200
20160128 133100;14.2999;14.2999;14.2999;14.2999;500
20160128 133400;14.3;14.32;14.3;14.32;1500
20160128 133500;14.33;14.33;14.33;14.33;500
20160128 133600;14.31;14.31;14.31;14.31;100
20160128 134100;14.31;14.31;14.31;14.31;100
20160128 134600;14.31;14.31;14.31;14.31;100
20160128 135500;14.31;14.31;14.31;14.31;200
20160128 140000;14.27;14.272;14.27;14.272;200
20160128 140900;14.272;14.272;14.27;14.27;200
20160128 141800;14.281;14.281;14.28;14.28;200
20160128 142800;14.28;14.282;14.28;14.282;200
20160128 143300;14.2953;14.2953;14.2953;14.2953;500
20160128 143400;14.2866;14.2866;14.2866;14.2866;575
20160128 143700;14.28;14.28;14.28;14.28;200
20160128 143800;14.28;14.31;14.28;14.31;284
20160128 143900;14.3099;14.3099;14.3099;14.3099;1150
20160128 145000;14.28;14.28;14.28;14.28;200
20160128 145200;14.2866;14.2866;14.2866;14.2866;550
20160128 145900;14.28;14.28;14.28;14.28;200
20160128 150300;14.3;14.3;14.3;14.3;100
20160128 150500;14.3;14.3;14.2987;14.2987;800
20160128 150600;14.3;14.31;14.2999;14.31;800
20160128 150700;14.31;14.31;14.3099;14.31;300
20160128 150800;14.31;14.31;14.31;14.31;100
20160128 150900;14.31;14.3299;14.31;14.3299;500
20160128 151000;14.33;14.33;14.33;14.33;300
20160128 151100;14.326;14.33;14.326;14.33;400
20160128 151400;14.326;14.3299;14.326;14.3299;200
20160128 151500;14.33;14.33;14.33;14.33;200
20160128 151600;14.33;14.33;14.33;14.33;100
20160128 152000;14.33;14.33;14.3299;14.33;500
20160128 152100;14.33;14.34;14.33;14.34;300
20160128 152400;14.34;14.34;14.34;14.34;200
20160128 152500;14.34;14.34;14.34;14.34;100
20160128 152700;14.34;14.34;14.34;14.34;100
20160128 152800;14.34;14.34;14.34;14.34;300
20160128 153200;14.35;14.35;14.35;14.35;200
20160128 153500;14.35;14.35;14.35;14.35;200
20160128 153600;14.35;14.375;14.35;14.35;700
20160128 154000;14.34;14.34;14.34;14.34;100
20160128 154100;14.34;14.34;14.34;14.34;1000
20160128 154600;14.342;14.342;14.342;14.342;200
20160128 154800;14.3569;14.3569;14.3569;14.3569;199
20160128 154900;14.34;14.34;14.34;14.34;100
20160128 155000;14.34;14.34;14.34;14.34;1300
20160128 155100;14.345;14.35;14.345;14.35;600
20160128 155500;14.34;14.34;14.34;14.34;200
20160128 155600;14.345;14.35;14.345;14.35;600
20160128 155700;14.355;14.36;14.355;14.36;300
20160128 155900;14.35;14.35;14.35;14.35;100
20160128 160000;14.35;14.35;14.35;14.35;200
20160129 094200;14.3701;14.3701;14.37;14.37;500
20160129 094700;14.3701;14.42;14.37;14.42;1100
20160129 094800;14.42;14.47;14.395;14.42;2350
20160129 095000;14.39;14.39;14.39;14.39;400
20160129 095100;14.39;14.39;14.39;14.39;100
20160129 095400;14.382;14.382;14.382;14.382;100
20160129 095700;14.37;14.37;14.37;14.37;100
20160129 100400;14.39;14.391;14.39;14.391;200
20160129 101000;14.39;14.39;14.39;14.39;200
20160129 101600;14.38;14.382;14.38;14.382;200
20160129 101900;14.45;14.45;14.43;14.45;900
20160129 102000;14.46;14.46;14.45;14.45;1000
20160129 102900;14.449;14.449;14.3701;14.44;4975
20160129 103400;14.372;14.44;14.37;14.37;300
20160129 103600;14.45;14.45;14.45;14.45;100
20160129 104100;14.382;14.382;14.382;14.382;200
20160129 104600;14.386;14.44;14.386;14.44;933
20160129 104900;14.38;14.38;14.38;14.38;200
20160129 105700;14.38;14.38;14.38;14.38;200
20160129 110500;14.381;14.42;14.38;14.41;500
20160129 111300;14.38;14.415;14.38;14.41;625
20160129 111400;14.4099;14.41;14.39;14.41;600
20160129 112600;14.41;14.41;14.41;14.41;1020
20160129 112900;14.4199;14.4199;14.4199;14.4199;200
20160129 113800;14.392;14.41;14.39;14.39;846
20160129 114100;14.42;14.42;14.41;14.41;200
20160129 114200;14.42;14.42;14.4059;14.41;1525
20160129 114700;14.42;14.42;14.39;14.39;351
20160129 115300;14.42;14.42;14.395;14.41;700
20160129 115800;14.4001;14.44;14.4001;14.44;1500
20160129 115900;14.43;14.43;14.43;14.43;100
20160129 120500;14.43;14.43;14.43;14.43;100
20160129 120600;14.4406;14.45;14.43;14.44;3800
20160129 121100;14.43;14.43;14.43;14.43;100
20160129 121700;14.43;14.43;14.43;14.43;100
20160129 122300;14.43;14.44;14.43;14.44;200
20160129 122500;14.4499;14.4499;14.4499;14.4499;300
20160129 122900;14.43;14.43;14.43;14.43;100
20160129 123000;14.4;14.44;14.4;14.44;300
20160129 123600;14.43;14.43;14.43;14.43;100
20160129 124200;14.401;14.44;14.4;14.41;15700
20160129 124900;14.43;14.43;14.41;14.41;200
20160129 125400;14.41;14.41;14.41;14.41;1300
20160129 125500;14.416;14.42;14.406;14.42;3000
20160129 125800;14.41;14.41;14.41;14.41;1100
20160129 125900;14.4014;14.4014;14.4014;14.4014;200
20160129 130000;14.4014;14.4014;14.4014;14.4014;100
20160129 130100;14.41;14.41;14.41;14.41;600
20160129 130200;14.42;14.42;14.42;14.42;100
20160129 130400;14.41;14.41;14.41;14.41;200
20160129 130800;14.42;14.42;14.42;14.42;100
20160129 131000;14.42;14.42;14.415;14.415;1000
20160129 131200;14.41;14.41;14.41;14.41;200
20160129 131500;14.42;14.42;14.42;14.42;100
20160129 132200;14.42;14.42;14.42;14.42;100
20160129 132400;14.42;14.42;14.4199;14.4199;200
20160129 132800;14.42;14.42;14.42;14.42;300
20160129 132900;14.42;14.43;14.41;14.43;2700
20160129 133500;14.43;14.43;14.43;14.43;100
20160129 133600;14.4207;14.43;14.4207;14.43;1400
20160129 133900;14.42;14.43;14.402;14.43;1350
20160129 134800;14.4299;14.4299;14.4299;14.4299;300
20160129 134900;14.426;14.426;14.426;14.426;300
20160129 135300;14.42;14.42;14.42;14.42;100
20160129 135900;14.42;14.42;14.42;14.42;100
20160129 140000;14.4299;14.4299;14.425;14.425;1100
20160129 140200;14.42;14.42;14.42;14.42;200
20160129 140300;14.42;14.4299;14.4;14.4;1000
20160129 141100;14.402;14.4299;14.4001;14.42;900
20160129 141300;14.42;14.42;14.42;14.42;100
20160129 141400;14.4201;14.4201;14.42;14.42;200
20160129 141600;14.4;14.42;14.4;14.4;400
20160129 141900;14.426;14.426;14.426;14.426;200
20160129 142100;14.43;14.43;14.4001;14.4001;4100
20160129 142700;14.42;14.43;14.42;14.43;300
20160129 142800;14.43;14.43;14.4001;14.4001;400
20160129 143000;14.42;14.43;14.42;14.43;700
20160129 143200;14.43;14.43;14.43;14.43;100
20160129 143500;14.43;14.43;14.43;14.43;300
20160129 143700;14.43;14.43;14.4001;14.42;700
20160129 143800;14.43;14.43;14.43;14.43;100
20160129 143900;14.43;14.43;14.42;14.42;1200
20160129 144000;14.42;14.42;14.42;14.42;100
20160129 144100;14.426;14.426;14.4206;14.4206;500
20160129 144200;14.4299;14.4299;14.4001;14.4001;700
20160129 144300;14.43;14.43;14.43;14.43;100
20160129 144500;14.42;14.42;14.42;14.42;400
20160129 144700;14.43;14.43;14.43;14.43;500
20160129 144800;14.41;14.42;14.4001;14.4001;330
20160129 145000;14.4299;14.4299;14.4299;14.4299;300
20160129 145200;14.41;14.43;14.41;14.43;400
20160129 145500;14.41;14.41;14.4024;14.4024;1100
20160129 145600;14.4299;14.4299;14.4299;14.4299;500
20160129 145700;14.426;14.43;14.4001;14.41;1300
20160129 145900;14.4299;14.4299;14.4299;14.4299;500
20160129 150200;14.43;14.43;14.425;14.425;600
20160129 150500;14.43;14.43;14.43;14.43;500
20160129 150600;14.41;14.43;14.41;14.43;300
20160129 150900;14.4299;14.43;14.4299;14.43;500
20160129 151000;14.4;14.43;14.4;14.43;300
20160129 151600;14.4;14.4;14.4;14.4;200
20160129 152200;14.42;14.42;14.4199;14.42;1000
20160129 152400;14.4176;14.42;14.4176;14.418;1500
20160129 152600;14.4174;14.42;14.4174;14.42;300
20160129 153000;14.4199;14.4199;14.4199;14.4199;200
20160129 153500;14.42;14.42;14.4001;14.41;1900
20160129 153600;14.4176;14.4176;14.4;14.4;1400
20160129 154100;14.4;14.4;14.4;14.4;200
20160129 154500;14.4;14.4;14.4;14.4;200
20160129 154800;14.4;14.4;14.4;14.4;100
20160129 155000;14.4;14.4;14.4;14.4;200
20160129 155100;14.4;14.4;14.4;14.4;200
20160129 155200;14.4;14.425;14.4;14.4;3280
20160129 155300;14.41;14.4111;14.4;14.4111;1278
20160129 155500;14.4;14.402;14.4;14.402;585
20160129 155600;14.4;14.4;14.4;14.4;200
20160129 155700;14.402;14.402;14.402;14.402;200
20160129 155800;14.4;14.4;14.4;14.4;200
20160129 155900;14.4;14.4;14.4;14.4;200
20160129 160000;14.4;14.42;14.4;14.42;200
20160201 093000;14.4;14.4;14.4;14.4;100
20160201 093600;14.5063;14.5063;14.5063;14.5063;150
20160201 094000;14.58;14.58;14.58;14.58;100
20160201 094300;14.57;14.57;14.57;14.57;100
20160201 094700;14.49;14.49;14.49;14.49;200
20160201 095000;14.49;14.49;14.49;14.49;100
20160201 095300;14.49;14.49;14.49;14.49;200
20160201 095800;14.49;14.49;14.49;14.49;500
20160201 100300;14.43;14.49;14.42;14.42;1500
20160201 100400;14.466;14.466;14.466;14.466;200
20160201 100700;14.46;14.46;14.45;14.45;1064
20160201 100800;14.44;14.44;14.42;14.42;1202
20160201 101200;14.42;14.425;14.42;14.42;4986
20160201 102300;14.4022;14.4022;14.4022;14.4022;200
20160201 105200;14.39;14.39;14.39;14.39;100
20160201 105500;14.39;14.39;14.39;14.39;200
20160201 111900;14.4;14.4;14.4;14.4;100
20160201 112200;14.35;14.35;14.35;14.35;200
20160201 112700;14.35;14.35;14.35;14.35;100
20160201 115800;14.37;14.37;14.37;14.37;200
20160201 124300;14.35;14.375;14.35;14.35;1500
20160201 125200;14.3505;14.3505;14.35;14.35;1936
20160201 130600;14.3495;14.3495;14.3495;14.3495;1200
20160201 130700;14.3499;14.3499;14.3499;14.3499;412
20160201 144100;14.34;14.34;14.34;14.34;100
20160201 144200;14.35;14.3601;14.35;14.3601;2861
20160201 144300;14.375;14.375;14.375;14.375;100
20160201 150800;14.39;14.39;14.39;14.39;600
20160201 150900;14.39;14.39;14.39;14.39;400
20160201 151700;14.39;14.42;14.39;14.4199;3000
20160201 151900;14.36;14.36;14.36;14.36;134
20160201 152000;14.395;14.395;14.37;14.37;700
20160201 152700;14.38;14.45;14.38;14.4311;8907
20160201 153200;14.41;14.41;14.41;14.41;100
20160201 155000;14.4299;14.4299;14.4299;14.4299;2000
20160201 155100;14.4296;14.4296;14.4296;14.4296;2106
20160201 155900;14.42;14.42;14.42;14.42;240
20160201 160000;14.41;14.41;14.41;14.41;100
20160202 095600;14.38;14.38;14.38;14.38;439
20160202 100100;14.345;14.376;14.345;14.376;277
20160202 100300;14.38;14.4;14.38;14.4;300
20160202 102000;14.3658;14.3658;14.3658;14.3658;1735
20160202 104000;14.4;14.4;14.365;14.365;300
20160202 105200;14.33;14.33;14.26;14.26;5200
20160202 105300;14.315;14.315;14.31;14.31;200
20160202 105500;14.28;14.28;14.28;14.28;200
20160202 105600;14.28;14.28;14.28;14.28;100
20160202 112400;14.316;14.316;14.316;14.316;1100
20160202 113700;14.32;14.32;14.32;14.32;200
20160202 113900;14.3;14.32;14.29;14.32;900
20160202 114000;14.32;14.32;14.3;14.3101;1900
20160202 114100;14.31;14.31;14.31;14.31;1200
20160202 114600;14.29;14.29;14.29;14.29;100
20160202 114800;14.3075;14.3075;14.3075;14.3075;290
20160202 114900;14.29;14.29;14.29;14.29;100
20160202 115000;14.29;14.29;14.29;14.29;100
20160202 115200;14.32;14.32;14.32;14.32;103
20160202 120700;14.28;14.28;14.27;14.27;500
20160202 120900;14.27;14.27;14.27;14.27;200
20160202 121800;14.2924;14.2924;14.2924;14.2924;400
20160202 123000;14.285;14.285;14.26;14.26;700
20160202 132400;14.26;14.31;14.26;14.31;1100
20160202 141000;14.26;14.26;14.26;14.26;100
20160202 141300;14.26;14.26;14.26;14.26;1403
20160202 144800;14.26;14.26;14.26;14.26;900
20160202 145300;14.31;14.32;14.31;14.31;3200
20160202 150300;14.29;14.29;14.27;14.27;300
20160202 150400;14.27;14.27;14.27;14.27;200
20160202 150500;14.28;14.28;14.27;14.27;500
20160202 150600;14.27;14.2994;14.27;14.2994;610
20160202 152700;14.31;14.31;14.31;14.31;100
20160202 152800;14.26;14.26;14.26;14.26;300
20160202 153200;14.31;14.31;14.31;14.31;100
20160202 153300;14.31;14.31;14.31;14.31;100
20160202 153400;14.27;14.27;14.27;14.27;400
20160202 153900;14.27;14.27;14.27;14.27;400
20160202 154000;14.27;14.27;14.27;14.27;200
20160202 154200;14.27;14.27;14.27;14.27;200
20160202 154400;14.29;14.29;14.27;14.27;300
20160202 154900;14.27;14.27;14.27;14.27;200
20160202 155000;14.31;14.32;14.29;14.295;1000
20160202 155100;14.28;14.28;14.28;14.28;200
20160202 155400;14.28;14.28;14.28;14.28;550
20160202 155500;14.28;14.28;14.28;14.28;200
20160202 155700;14.31;14.31;14.29;14.29;700
20160202 155800;14.31;14.31;14.31;14.31;100
20160202 160000;14.31;14.31;14.29;14.31;800
20160203 094800;14.325;14.325;14.325;14.325;402
20160203 095000;14.37;14.37;14.37;14.37;100
20160203 100200;14.32;14.32;14.32;14.32;200
20160203 100400;14.32;14.32;14.32;14.32;100
20160203 100500;14.32;14.32;14.32;14.32;100
20160203 100600;14.32;14.33;14.32;14.33;400
20160203 100700;14.32;14.32;14.32;14.32;100
20160203 100800;14.32;14.32;14.32;14.32;200
20160203 101000;14.3;14.32;14.3;14.32;200
20160203 101100;14.32;14.32;14.32;14.32;100
20160203 101200;14.32;14.32;14.31;14.31;220
20160203 101300;14.32;14.35;14.32;14.35;200
20160203 101500;14.315;14.315;14.315;14.315;200
20160203 101600;14.315;14.33;14.3;14.325;3500
20160203 101700;14.3001;14.35;14.3001;14.325;3536
20160203 101800;14.32;14.35;14.32;14.35;200
20160203 101900;14.32;14.32;14.32;14.32;100
20160203 102000;14.3201;14.3201;14.32;14.32;1200
20160203 102700;14.32;14.32;14.32;14.32;100
20160203 102900;14.32;14.32;14.3;14.31;824
20160203 103000;14.29;14.29;14.29;14.29;200
20160203 103100;14.27;14.27;14.27;14.27;1000
20160203 103300;14.27;14.27;14.27;14.27;500
20160203 104800;14.28;14.3;14.28;14.3;400
20160203 104900;14.3;14.3;14.3;14.3;100
20160203 105700;14.3;14.31;14.3;14.31;1200
20160203 105900;14.32;14.32;14.32;14.32;1000
20160203 110000;14.32;14.32;14.32;14.32;364
20160203 110100;14.3124;14.3124;14.3124;14.3124;105
20160203 110300;14.2605;14.2605;14.2605;14.2605;350
20160203 111200;14.2616;14.2616;14.2616;14.2616;1100
20160203 113100;14.32;14.32;14.32;14.32;100
20160203 120600;14.3185;14.3185;14.3114;14.3114;605
20160203 121000;14.32;14.3403;14.32;14.3403;1515
20160203 124100;14.2996;14.2996;14.2996;14.2996;871
20160203 135100;14.3;14.3;14.3;14.3;100
20160203 135700;14.3078;14.3078;14.3078;14.3078;500
20160203 135900;14.3068;14.3068;14.3068;14.3068;310
20160203 140800;14.31;14.31;14.3;14.3;200
20160203 141800;14.31;14.31;14.31;14.31;300
20160203 141900;14.37;14.37;14.335;14.3408;800
20160203 142100;14.3003;14.3003;14.3003;14.3003;100
20160203 144200;14.31;14.31;14.31;14.31;100
20160203 145900;14.31;14.31;14.31;14.31;100
20160203 150000;14.3;14.3;14.2801;14.2801;480
20160203 152200;14.31;14.31;14.31;14.31;100
20160203 152900;14.3;14.31;14.3;14.31;200
20160203 153000;14.3093;14.31;14.3093;14.31;500
20160203 153500;14.3268;14.3279;14.32;14.32;1200
20160203 153600;14.3279;14.3279;14.32;14.32;700
20160203 153900;14.3268;14.33;14.32;14.33;900
20160203 154000;14.3268;14.33;14.3268;14.33;1200
20160203 154100;14.33;14.34;14.33;14.34;500
20160203 154600;14.355;14.355;14.34;14.34;207
20160203 154800;14.34;14.34;14.34;14.34;107
20160203 154900;14.34;14.34;14.34;14.34;108
20160203 155700;14.36;14.36;14.36;14.36;100
20160203 155900;14.37;14.37;14.37;14.37;200
20160204 094700;14.38;14.38;14.38;14.38;172
20160204 095400;14.46;14.46;14.46;14.46;230
20160204 100300;14.392;14.392;14.392;14.392;250
20160204 111900;14.364;14.364;14.364;14.364;149
20160204 112800;14.3283;14.3283;14.3283;14.3283;120
20160204 123300;14.32;14.32;14.32;14.32;200
20160204 132200;14.37;14.37;14.37;14.37;100
20160204 134100;14.35;14.35;14.35;14.35;100
20160204 135400;14.33;14.33;14.33;14.33;100
20160204 140300;14.34;14.34;14.34;14.34;500
20160204 141100;14.34;14.34;14.34;14.34;100
20160204 142300;14.35;14.35;14.35;14.35;100
20160204 142500;14.34;14.346;14.337;14.337;1000
20160204 143200;14.35;14.35;14.35;14.35;100
20160204 144300;14.36;14.36;14.36;14.36;100
20160204 145000;14.36;14.36;14.36;14.36;200
20160204 145400;14.36;14.36;14.36;14.36;100
20160204 150600;14.36;14.36;14.36;14.36;100
20160204 150700;14.36;14.36;14.36;14.36;100
20160204 151100;14.335;14.335;14.335;14.335;100
20160204 151600;14.335;14.335;14.335;14.335;100
20160204 151700;14.36;14.36;14.36;14.36;100
20160204 152600;14.35;14.35;14.35;14.35;100
20160204 153700;14.36;14.36;14.36;14.36;100
20160204 154100;14.356;14.36;14.356;14.36;589
20160204 154400;14.36;14.36;14.36;14.36;100
20160204 154600;14.355;14.36;14.355;14.355;1780
20160204 154900;14.36;14.36;14.36;14.36;100
20160204 155000;14.36;14.36;14.325;14.325;920
20160204 155100;14.36;14.36;14.36;14.36;100
20160204 155200;14.36;14.36;14.36;14.36;100
20160204 155500;14.36;14.36;14.36;14.36;100
20160204 155600;14.36;14.36;14.36;14.36;100
20160204 155800;14.36;14.36;14.36;14.36;100
20160204 155900;14.36;14.36;14.36;14.36;100
20160204 160000;14.32;14.33;14.31;14.31;1770
20160205 094700;14.27;14.27;14.27;14.27;100
20160205 095000;14.3;14.3;14.2987;14.2987;794
20160205 095100;14.29;14.29;14.29;14.29;100
20160205 095200;14.29;14.29;14.29;14.29;100
20160205 102700;14.2968;14.2968;14.29;14.29;510
20160205 103200;14.29;14.295;14.29;14.29;600
20160205 103300;14.29;14.29;14.28;14.29;600
20160205 103500;14.27;14.27;14.27;14.27;100
20160205 103800;14.27;14.27;14.27;14.27;100
20160205 104400;14.2751;14.2751;14.2751;14.2751;2000
20160205 111800;14.29;14.29;14.29;14.29;100
20160205 112200;14.2622;14.2622;14.2622;14.2622;500
20160205 114600;14.28;14.28;14.28;14.28;100
20160205 115500;14.286;14.286;14.286;14.286;2000
20160205 115800;14.28;14.28;14.28;14.28;100
20160205 131400;14.2601;14.2601;14.2601;14.2601;762
20160205 133900;14.26;14.281;14.26;14.281;1055
20160205 135100;14.275;14.275;14.275;14.275;100
20160205 140100;14.26;14.26;14.26;14.26;100
20160205 140500;14.26;14.29;14.24;14.24;3859
20160205 140600;14.22;14.22;14.22;14.22;100
20160205 141000;14.22;14.22;14.22;14.22;300
20160205 141500;14.21;14.21;14.21;14.21;100
20160205 142500;14.2;14.2;14.2;14.2;100
20160205 143000;14.2;14.2;14.2;14.2;100
20160205 144000;14.2;14.2;14.2;14.2;100
20160205 144500;14.2;14.2;14.2;14.2;100
20160205 144900;14.2;14.2;14.2;14.2;100
20160205 145000;14.19;14.19;14.19;14.19;100
20160205 150000;14.19;14.19;14.19;14.19;159
20160205 150300;14.24;14.24;14.24;14.24;100
20160205 150700;14.26;14.26;14.26;14.26;100
20160205 151100;14.26;14.26;14.26;14.26;100
20160205 151300;14.1901;14.1901;14.1901;14.1901;100
20160205 151500;14.26;14.26;14.26;14.26;100
20160205 151700;14.19;14.19;14.19;14.19;100
20160205 151900;14.2001;14.26;14.2001;14.26;200
20160205 152100;14.2001;14.2001;14.2001;14.2001;100
20160205 152200;14.2;14.2;14.2;14.2;100
20160205 152300;14.19;14.19;14.19;14.19;100
20160205 152400;14.26;14.26;14.26;14.26;100
20160205 152800;14.26;14.26;14.26;14.26;100
20160205 153200;14.19;14.19;14.19;14.19;100
20160205 153600;14.19;14.26;14.19;14.26;200
20160205 153700;14.25;14.25;14.196;14.196;439
20160205 153900;14.19;14.19;14.19;14.19;100
20160205 154000;14.24;14.24;14.24;14.24;200
20160205 154200;14.19;14.19;14.19;14.19;100
20160205 154400;14.19;14.19;14.19;14.19;100
20160205 154500;14.2;14.2;14.2;14.2;100
20160205 154600;14.19;14.19;14.19;14.19;100
20160205 154700;14.2;14.2;14.2;14.2;100
20160205 154800;14.2;14.2026;14.2;14.2;500
20160205 154900;14.24;14.24;14.2;14.2;200
20160205 155100;14.22;14.22;14.2;14.2;200
20160205 155200;14.2;14.2;14.2;14.2;100
20160205 155300;14.21;14.21;14.21;14.21;200
20160205 155400;14.21;14.21;14.21;14.21;100
20160205 155700;14.24;14.24;14.24;14.24;100
20160205 155800;14.23;14.23;14.23;14.23;120
20160205 155900;14.22;14.22;14.22;14.22;100
