20160119 093100;15.19;15.19;15.19;15.19;100
20160119 101700;15.02;15.02;15;15;600
20160119 102400;14.92;14.92;14.75;14.88;1800
20160119 102500;14.83;14.88;14.79;14.88;406
20160119 104900;15;15;14.8;14.8;500
20160119 105000;15;15;15;15;100
20160119 105100;14.9899;14.9899;14.9899;14.9899;100
20160119 105700;15.1;15.1;15.1;15.1;132
20160119 111700;15.0999;15.0999;15.0999;15.0999;1500
20160119 111800;14.8;14.82;14.8;14.8;600
20160119 112000;14.91;14.91;14.91;14.91;100
20160119 112600;14.91;14.91;14.91;14.91;489
20160119 113600;14.97;14.97;14.95;14.95;200
20160119 114700;14.95;14.95;14.95;14.95;100
20160119 120200;14.96;14.96;14.96;14.96;300
20160119 121000;15.09;15.09;15.09;15.09;100
20160119 121700;15.14;15.14;15.14;15.14;100
20160119 122400;15.12;15.14;15.12;15.14;200
20160119 125600;15.15;15.15;15.15;15.15;100
20160119 130400;15.16;15.16;15.16;15.16;100
20160119 130800;15.01;15.01;15.01;15.01;132
20160119 131200;15.15;15.15;15.15;15.15;100
20160119 132000;15.14;15.14;15.14;15.14;100
20160119 132700;15.12;15.12;15.12;15.12;100
20160119 132800;15.01;15.01;15.01;15.01;100
20160119 135100;15.02;15.02;15;15;1468
20160119 135800;15;15;15;15;100
20160119 140400;15;15;15;15;100
20160119 140500;15;15;15;15;600
20160119 140600;14.9179;14.9179;14.9179;14.9179;200
20160119 141100;15;15;15;15;300
20160119 141200;15;15;14.99;15;1800
20160119 141700;15;15;15;15;100
20160119 141800;14.9993;14.9993;14.9993;14.9993;100
20160119 144300;14.9355;14.9355;14.9355;14.9355;100
20160119 144900;14.9501;14.9501;14.95;14.95;321
20160119 145300;14.86;14.86;14.86;14.86;650
20160119 151900;14.9;14.91;14.9;14.9;700
20160119 152000;14.9;14.9;14.9;14.9;300
20160119 152600;14.87;14.87;14.85;14.85;990
20160119 152700;14.85;14.85;14.85;14.85;800
20160119 153600;14.86;14.86;14.85;14.85;800
20160119 153700;14.85;14.85;14.85;14.85;2761
20160119 155100;14.8372;14.8372;14.8372;14.8372;700
20160119 160000;14.98;14.98;14.98;14.98;1899
20160120 093100;14.75;14.775;14.1552;14.52;1400
20160120 093200;14.67;14.67;14.67;14.67;100
20160120 093300;14.12;14.12;14.12;14.12;434
20160120 093500;14.395;14.395;14.395;14.395;400
20160120 093700;14.2736;14.2736;14.2736;14.2736;400
20160120 093800;14.2;14.2499;14.2;14.2499;1700
20160120 093900;14.2;14.25;14.2;14.22;1300
20160120 094000;14.2;14.35;14.05;14.35;1000
20160120 094200;14.02;14.02;14.02;14.02;200
20160120 094800;14.08;14.08;14.08;14.08;300
20160120 094900;13.68;13.68;13.665;13.665;200
20160120 095000;13.859;13.9888;13.859;13.9888;650
20160120 095300;13.73;13.73;13.35;13.35;2800
20160120 095400;13.44;13.85;13.4;13.85;2300
20160120 100100;14.0542;14.0542;14.0542;14.0542;300
20160120 100600;13.98;13.98;13.98;13.98;100
20160120 100800;13.98;13.98;13.703;13.703;200
20160120 100900;13.445;13.54;13.41;13.41;2700
20160120 101000;13.84;13.84;13.84;13.84;210
20160120 101100;13.715;13.724;13.41;13.715;1600
20160120 101200;13.715;13.74;13.41;13.4199;3609
20160120 101400;13.66;13.66;13.41;13.41;738
20160120 101700;13.4632;13.4632;13.4632;13.4632;892
20160120 101800;13.5794;13.5794;13.5794;13.5794;200
20160120 102000;13.5799;13.65;13.5794;13.65;2200
20160120 102100;13.65;13.65;13.65;13.65;600
20160120 102200;13.66;13.66;13.65;13.65;200
20160120 102300;13.65;13.65;13.6;13.6;200
20160120 102400;13.649;13.649;13.6;13.6;1549
20160120 103200;13.15;13.4;13.15;13.34;732
20160120 103300;13.1247;13.1247;13.1247;13.1247;500
20160120 103500;13.34;13.34;13.34;13.34;197
20160120 104500;13.33;13.33;13.26;13.27;1602
20160120 104700;13.15;13.15;13.15;13.15;670
20160120 105300;13.3;13.3;13.28;13.29;1130
20160120 105900;13.2605;13.2605;13.2605;13.2605;400
20160120 110100;13.2;13.2;13.12;13.19;2557
20160120 110200;13.19;13.19;13.19;13.19;300
20160120 110600;13.15;13.1599;13.15;13.1599;200
20160120 110700;13.01;13.14;13.01;13.13;900
20160120 110800;13.2;13.2;13.2;13.2;200
20160120 111200;13.1;13.1;13.1;13.1;100
20160120 111300;13.28;13.28;13.28;13.28;100
20160120 111500;13.27;13.34;13.27;13.34;1202
20160120 113300;13.5899;13.5899;13.5899;13.5899;1000
20160120 113600;13.5899;13.5899;13.5899;13.5899;500
20160120 113800;13.5399;13.5399;13.5399;13.5399;300
20160120 114200;13.39;13.39;13.39;13.39;800
20160120 114700;13.5899;13.5899;13.5899;13.5899;100
20160120 115500;13.3568;13.3568;13.3568;13.3568;479
20160120 115600;13.5699;13.57;13.5699;13.57;200
20160120 115900;13.5899;13.5899;13.47;13.47;300
20160120 120200;13.44;13.5299;13.3542;13.5299;600
20160120 120400;13.45;13.52;13.45;13.47;925
20160120 120500;13.5299;13.5299;13.45;13.45;200
20160120 120600;13.5199;13.5199;13.5199;13.5199;100
20160120 120700;13.435;13.44;13.38;13.44;500
20160120 121200;13.45;13.53;13.4;13.4;1696
20160120 121300;13.47;13.47;13.47;13.47;100
20160120 121500;13.455;13.54;13.455;13.54;2732
20160120 122500;13.57;13.57;13.56;13.56;500
20160120 122700;13.7;13.7;13.7;13.7;400
20160120 124000;13.6501;13.6501;13.6501;13.6501;2000
20160120 124100;13.65;13.65;13.65;13.65;2000
20160120 124200;13.65;13.65;13.65;13.65;300
20160120 125000;13.6;13.6;13.6;13.6;1000
20160120 125300;13.5;13.5;13.48;13.5;5200
20160120 125800;13.64;13.64;13.64;13.64;100
20160120 125900;13.65;13.65;13.65;13.65;100
20160120 130000;13.66;13.7;13.66;13.7;1100
20160120 131700;13.65;13.65;13.65;13.65;400
20160120 131800;13.65;13.65;13.65;13.65;9419
20160120 131900;13.572;13.572;13.572;13.572;400
20160120 132100;13.5;13.5;13.5;13.5;100
20160120 132300;13.4642;13.5309;13.35;13.379;7608
20160120 132400;13.25;13.25;13.25;13.25;100
20160120 132500;13.375;13.375;13.02;13.12;900
20160120 132700;13.324;13.324;13.324;13.324;800
20160120 132800;13.355;13.355;13.2;13.2;1100
20160120 133200;13.51;13.51;13.49;13.51;400
20160120 134000;13.65;13.65;13.65;13.65;300
20160120 134100;13.65;13.65;13.65;13.65;500
20160120 134600;13.64;13.68;13.64;13.68;1900
20160120 134700;13.455;13.455;13.455;13.455;400
20160120 134800;13.362;13.362;13.362;13.362;420
20160120 135000;13.65;13.66;13.65;13.66;500
20160120 135100;13.66;13.66;13.66;13.66;300
20160120 135300;13.66;13.75;13.66;13.75;700
20160120 135400;13.5307;13.5307;13.5307;13.5307;500
20160120 135900;13.5881;13.59;13.5881;13.59;600
20160120 140700;13.36;13.5;13.36;13.5;300
20160120 140800;13.48;13.48;13.48;13.48;100
20160120 140900;13.48;13.48;13.48;13.48;100
20160120 141400;13.69;13.75;13.69;13.75;500
20160120 141800;13.566;13.75;13.566;13.75;300
20160120 141900;13.75;13.75;13.73;13.73;886
20160120 142000;13.84;13.9;13.84;13.9;986
20160120 142100;13.76;13.76;13.75;13.75;400
20160120 142200;13.8;13.85;13.79;13.85;1286
20160120 142300;13.95;13.95;13.806;13.806;1000
20160120 142500;13.786;13.786;13.786;13.786;200
20160120 142600;13.9;13.9;13.9;13.9;100
20160120 143200;13.9;13.9;13.9;13.9;100
20160120 143600;13.805;13.805;13.805;13.805;600
20160120 144000;13.8;13.8;13.8;13.8;200
20160120 144100;13.88;13.88;13.88;13.88;100
20160120 144200;13.95;13.95;13.95;13.95;500
20160120 144700;13.798;13.798;13.798;13.798;600
20160120 144800;13.93;13.93;13.93;13.93;100
20160120 145700;13.9;13.9;13.9;13.9;100
20160120 145800;13.9;13.9;13.9;13.9;500
20160120 145900;14.12;14.12;14.12;14.12;100
20160120 150600;13.95;14;13.93;14;949
20160120 150700;13.86;13.86;13.86;13.86;100
20160120 150800;13.88;13.88;13.88;13.88;100
20160120 150900;13.98;13.98;13.98;13.98;100
20160120 151100;13.86;13.86;13.86;13.86;199
20160120 151400;13.93;13.93;13.93;13.93;100
20160120 151600;13.8827;13.8827;13.86;13.86;900
20160120 151700;14;14;14;14;100
20160120 151900;14;14;14;14;100
20160120 152000;14;14;14;14;300
20160120 152100;14;14;14;14;243
20160120 152500;14.13;14.13;14.13;14.13;400
20160120 152900;13.94;13.94;13.94;13.94;201
20160120 153100;14.12;14.12;14.12;14.12;100
20160120 153700;14;14;14;14;300
20160120 153900;13.94;13.94;13.94;13.94;100
20160120 154300;14;14;14;14;100
20160120 154800;13.93;13.93;13.93;13.93;100
20160120 155400;13.86;13.86;13.86;13.86;100
20160120 155500;13.94;13.94;13.94;13.94;100
20160120 155600;13.85;13.85;13.85;13.85;1000
20160120 155900;13.85;13.85;13.85;13.85;100
20160120 160000;13.9399;13.95;13.9399;13.95;2081
20160121 095600;13.5245;13.5245;13.5245;13.5245;800
20160121 095700;14.47;14.47;14.47;14.47;100
20160121 100200;13.51;13.51;13.51;13.51;107
20160121 100300;13.87;13.87;13.87;13.87;100
20160121 101000;14.3;14.41;14.3;14.41;500
20160121 101300;14.36;14.48;14.36;14.48;1100
20160121 101400;14.48;14.49;14.48;14.49;500
20160121 101500;14.49;14.49;14.49;14.49;200
20160121 101700;14.489;14.489;14.489;14.489;200
20160121 101900;14.42;14.42;14.42;14.42;100
20160121 103400;14.26;14.26;14.26;14.26;100
20160121 104500;14.21;14.21;14.21;14.21;200
20160121 104600;14.22;14.22;14.22;14.22;100
20160121 105400;13.946;14.4;13.946;14.4;300
20160121 120100;14.45;14.49;14.43;14.49;845
20160121 120300;14.82;14.82;14.82;14.82;100
20160121 120400;14.6835;14.6835;14.6835;14.6835;200
20160121 124900;14.5;14.5;14.5;14.5;600
20160121 125000;14.38;14.38;14.38;14.38;200
20160121 132100;14.46;14.46;14.46;14.46;200
20160121 132200;14.4201;14.4201;14.4201;14.4201;150
20160121 132400;14.785;14.785;14.785;14.785;100
20160121 132600;14.38;14.38;14.38;14.38;232
20160121 132700;14.39;14.39;14.39;14.39;100
20160121 134200;14.5;14.5;14.5;14.5;632
20160121 140000;14.3605;14.3605;14.3605;14.3605;240
20160121 141300;14.5;14.5;14.5;14.5;500
20160121 142900;14.507;14.507;14.507;14.507;1200
20160121 144000;14.51;14.51;14.5;14.5;700
20160121 144100;14.5;14.5;14.5;14.5;800
20160121 144300;14.5;14.5;14.5;14.5;500
20160121 145600;14.658;14.658;14.658;14.658;600
20160121 150700;14.33;14.3699;14.33;14.3699;630
20160121 151500;14.363;14.363;14.363;14.363;200
20160121 152100;14.59;14.59;14.59;14.59;100
20160121 153400;14.449;14.449;14.449;14.449;300
20160121 153700;14.49;14.5;14.49;14.5;1600
20160121 154100;14.5;14.5;14.5;14.5;100
20160121 155100;14.5;14.5;14.5;14.5;927
20160121 155700;14.7;14.72;14.49;14.49;1035
20160121 155800;14.49;14.49;14.49;14.49;100
20160121 160000;14.49;14.49;14.49;14.49;432
20160122 093100;14.6;14.61;14.6;14.6;1198
20160122 093700;14.841;14.841;14.841;14.841;1000
20160122 094200;14.88;14.88;14.88;14.88;100
20160122 094500;14.86;14.93;14.86;14.93;800
20160122 094600;14.74;14.74;14.74;14.74;100
20160122 094700;14.75;14.76;14.72;14.72;700
20160122 094800;14.991;15.05;14.96;15;2500
20160122 095800;15.28;15.28;15.28;15.28;100
20160122 101800;14.75;15.03;14.75;14.91;300
20160122 102800;14.9;14.9;14.9;14.9;100
20160122 103300;14.9;14.9;14.9;14.9;100
20160122 103800;15.055;15.055;15.055;15.055;100
20160122 105200;14.93;15.0118;14.93;15.0118;300
20160122 105800;14.9;14.9;14.9;14.9;100
20160122 105900;14.92;14.92;14.92;14.92;1000
20160122 110700;14.82;14.82;14.82;14.82;100
20160122 110800;14.97;15.01;14.97;15.01;1000
20160122 111800;15.01;15.01;15;15.01;1300
20160122 112000;14.85;14.85;14.85;14.85;100
20160122 112100;15.01;15.01;14.855;14.855;1260
20160122 112500;15.009;15.01;15.001;15.01;1700
20160122 113300;15.0042;15.0042;15.0042;15.0042;200
20160122 114300;15.06;15.06;15.06;15.06;100
20160122 115300;15.02;15.02;15.02;15.02;100
20160122 120000;14.95;14.95;14.95;14.95;100
20160122 120400;15.0375;15.0375;15.0375;15.0375;1000
20160122 120900;14.97;14.97;14.97;14.97;400
20160122 121400;14.996;14.996;14.996;14.996;100
20160122 122100;15.04;15.04;15.04;15.04;500
20160122 123000;14.964;14.964;14.964;14.964;200
20160122 123200;15.03;15.04;15.03;15.04;800
20160122 123300;14.92;14.92;14.92;14.92;100
20160122 123700;14.91;15.04;14.9;15.04;1230
20160122 123800;15.03;15.04;15.03;15.04;1000
20160122 124800;15.03;15.03;15.03;15.03;300
20160122 125200;14.59;14.7735;14.59;14.7735;200
20160122 125900;15.02;15.04;15.02;15.04;2500
20160122 130900;14.66;14.66;14.66;14.66;100
20160122 131600;15.03;15.03;15.03;15.03;100
20160122 132700;14.74;14.74;14.74;14.74;100
20160122 134400;14.63;14.63;14.63;14.63;100
20160122 134800;14.99;14.99;14.99;14.99;100
20160122 134900;14.66;14.66;14.66;14.66;100
20160122 135200;14.9447;14.9447;14.89;14.9;798
20160122 141800;14.9574;14.9574;14.9574;14.9574;100
20160122 142000;14.991;15;14.991;15;200
20160122 145100;15;15;14.98;14.98;200
20160122 145800;14.96;14.96;14.96;14.96;100
20160122 150000;14.9944;14.9944;14.9944;14.9944;1500
20160122 150100;14.9201;14.9201;14.9201;14.9201;600
20160122 150600;14.9201;14.9201;14.92;14.9201;600
20160122 150700;14.9;14.9;14.9;14.9;100
20160122 150800;14.9;14.9;14.9;14.9;400
20160122 151400;14.88;14.89;14.88;14.89;250
20160122 151500;14.87;14.88;14.87;14.88;500
20160122 151600;14.88;14.88;14.88;14.88;400
20160122 151800;14.75;14.87;14.5;14.87;2070
20160122 152000;14.86;14.88;14.86;14.88;470
20160122 155400;14.75;14.75;14.73;14.73;1000
20160122 155500;14.74;14.75;14.74;14.75;700
20160122 155600;14.75;14.75;14.74;14.75;400
20160122 160000;14.68;14.74;14.51;14.74;700
20160125 105600;14.85;14.85;14.85;14.85;200
20160125 110200;14.78;14.78;14.78;14.78;100
20160125 112700;14.85;14.85;14.85;14.85;100
20160125 113100;14.8645;14.8645;14.8645;14.8645;220
20160125 113400;14.75;14.75;14.75;14.75;275
20160125 114900;14.7;14.7;14.7;14.7;800
20160125 115900;14.61;14.61;14.61;14.61;100
20160125 123600;14.632;14.632;14.632;14.632;274
20160125 125200;14.69;14.69;14.69;14.69;100
20160125 125700;14.72;14.75;14.72;14.75;200
20160125 131600;14.7;14.7;14.7;14.7;100
20160125 133700;14.75;14.75;14.7499;14.7499;6640
20160125 134000;14.54;14.54;14.5;14.5;1000
20160125 134100;14.74;14.74;14.73;14.73;200
20160125 140300;14.65;14.65;14.65;14.65;200
20160125 140500;14.66;14.6799;14.66;14.6799;200
20160125 142700;14.5969;14.5969;14.5969;14.5969;750
20160125 143400;14.53;14.53;14.53;14.53;396
20160125 144000;14.5;14.5;14.5;14.5;700
20160125 144900;14.5;14.5;14.5;14.5;1100
20160125 145100;14.29;14.29;14.29;14.29;100
20160125 151500;14.016;14.016;14.016;14.016;953
20160125 151800;14.39;14.39;14.04;14.04;402
20160125 153100;14.05;14.35;14.05;14.34;700
20160125 155700;14.23;14.23;14.23;14.23;100
20160125 160000;14.45;14.45;14.25;14.25;465
20160126 094900;15.148;15.148;15.148;15.148;100
20160126 104300;14.72;14.72;14.72;14.72;100
20160126 104400;14.73;14.74;14.73;14.73;600
20160126 104700;14.6101;14.6101;14.6101;14.6101;517
20160126 105000;14.7;14.7;14.61;14.6565;1613
20160126 110000;14.62;14.62;14.6101;14.6101;200
20160126 111100;14.6201;14.6201;14.6201;14.6201;100
20160126 111200;14.62;14.62;14.61;14.6101;512
20160126 111800;14.82;14.82;14.82;14.82;100
20160126 113600;14.7352;14.7352;14.7352;14.7352;1500
20160126 114900;14.62;14.815;14.61;14.643;1000
20160126 115500;14.7152;14.7152;14.7152;14.7152;300
20160126 115600;14.8;14.83;14.8;14.83;200
20160126 121100;14.63;14.63;14.63;14.63;100
20160126 123000;14.815;14.815;14.815;14.815;100
20160126 124500;14.82;14.82;14.82;14.82;1000
20160126 124600;14.82;14.8299;14.82;14.8299;1600
20160126 124700;14.82;14.82;14.82;14.82;600
20160126 125600;14.81;14.81;14.81;14.81;301
20160126 132300;14.77;14.77;14.76;14.76;300
20160126 133100;14.6;14.6;14.6;14.6;200
20160126 134400;14.59;14.59;14.59;14.59;200
20160126 141500;14.45;14.64;14.25;14.64;600
20160126 141700;14.63;14.63;14.63;14.63;500
20160126 142600;14.5;14.5;14.5;14.5;1000
20160126 142700;14.5;14.5;14.5;14.5;400
20160126 143800;14.301;14.301;14.301;14.301;200
20160126 143900;14.32;14.43;14.32;14.43;300
20160126 151600;14.49;14.49;14.49;14.49;100
20160126 152800;14.25;14.25;14.25;14.25;100
20160126 153200;14.4863;14.4863;14.4863;14.4863;800
20160126 155100;14.5;14.81;14.5;14.81;400
20160126 155600;14.69;14.7189;14.69;14.69;500
20160126 160000;14.49;14.49;14.49;14.49;100
20160127 100100;14.69;14.69;14.65;14.65;600
20160127 100800;14.67;14.68;14.67;14.68;200
20160127 101900;14.75;14.75;14.75;14.75;800
20160127 102000;14.75;14.76;14.75;14.75;1800
20160127 102600;15.29;15.29;15;15;200
20160127 111400;15;15;15;15;100
20160127 112900;15;15;15;15;201
20160127 113100;14.8801;14.8801;14.8801;14.8801;485
20160127 113300;15;15;15;15;100
20160127 113600;15;15;15;15;100
20160127 113800;14.99;15;14.99;15;2100
20160127 113900;15;15;15;15;300
20160127 114500;15;15;15;15;432
20160127 114600;15.315;15.315;15.315;15.315;100
20160127 121100;15.29;15.29;15.29;15.29;100
20160127 121900;15.07;15.07;15.07;15.07;300
20160127 122600;15.1;15.1;15.07;15.1;700
20160127 123300;15.1;15.1;15.1;15.1;100
20160127 123600;15.1;15.1;15.1;15.1;100
20160127 125000;15.1;15.1;15.1;15.1;100
20160127 125700;15.1;15.1;15.1;15.1;100
20160127 130400;15.1;15.1;15.1;15.1;100
20160127 131300;15.1;15.1;15.1;15.1;300
20160127 133500;15.01;15.01;15;15;2139
20160127 140400;15;15;15;15;400
20160127 140900;14.99;14.99;14.99;14.99;100
20160127 141300;14.99;14.99;14.98;14.98;300
20160127 142000;14.9;14.9;14.87;14.87;1200
20160127 143900;14.7831;14.7831;14.7831;14.7831;600
20160127 144000;14.966;14.966;14.811;14.811;685
20160127 152600;14.73;14.73;14.72;14.72;499
20160127 153500;14.99;14.99;14.99;14.99;100
20160127 155000;14.9;14.9;14.9;14.9;100
20160127 155300;14.9;14.9;14.9;14.9;400
20160127 160000;14.89;14.89;14.89;14.89;600
20160127 160100;14.89;14.89;14.89;14.89;136
20160128 094300;15.1199;15.1199;15.1199;15.1199;1000
20160128 094400;15.0031;15.0031;15.0031;15.0031;1000
20160128 095400;15;15;15;15;1566
20160128 095500;15.02;15.06;15.02;15.06;1200
20160128 100400;15.158;15.158;15.05;15.05;700
20160128 100700;15.05;15.05;15.05;15.05;100
20160128 102400;15;15;15;15;532
20160128 102600;14.99;15.14;14.99;15.14;600
20160128 104900;15.04;15.05;15.04;15.05;400
20160128 110000;14.85;14.85;14.82;14.82;238
20160128 110300;14.83;14.83;14.8;14.8;200
20160128 110700;14.836;14.836;14.836;14.836;200
20160128 110800;14.83;14.83;14.7122;14.7122;300
20160128 111000;14.72;14.72;14.72;14.72;290
20160128 111300;14.72;14.72;14.72;14.72;210
20160128 111500;14.72;14.72;14.72;14.72;100
20160128 111700;14.72;14.72;14.72;14.72;100
20160128 112000;14.9;14.9;14.9;14.9;100
20160128 114100;14.76;14.76;14.76;14.76;300
20160128 114400;14.74;14.74;14.72;14.72;300
20160128 115400;14.76;14.76;14.72;14.72;350
20160128 115500;14.74;14.74;14.74;14.74;100
20160128 115600;14.7689;14.7689;14.7689;14.7689;200
20160128 120300;14.71;14.71;14.71;14.71;200
20160128 121000;14.7865;14.7865;14.7865;14.7865;200
20160128 121500;14.74;14.74;14.74;14.74;100
20160128 122300;14.88;14.88;14.85;14.87;600
20160128 123300;14.57;14.58;14.57;14.58;300
20160128 124100;14.6;14.6;14.6;14.6;100
20160128 133200;14.64;14.64;14.63;14.63;325
20160128 134300;14.9;14.9;14.9;14.9;100
20160128 140700;14.75;14.8;14.75;14.8;1850
20160128 143100;14.79;14.79;14.79;14.79;100
20160128 150200;14.79;14.85;14.76;14.85;4100
20160128 150300;14.85;14.85;14.85;14.85;200
20160128 153100;14.737;14.737;14.737;14.737;400
20160128 153500;14.79;14.79;14.79;14.79;200
20160128 153600;14.79;14.8;14.79;14.8;400
20160128 153700;14.8;14.8;14.8;14.8;600
20160128 154100;14.78;14.82;14.78;14.82;200
20160128 155500;14.81;14.85;14.81;14.85;800
20160128 155600;14.85;14.85;14.85;14.85;100
20160128 155700;14.81;14.85;14.81;14.85;300
20160128 155800;14.85;14.85;14.85;14.85;100
20160128 160000;15.02;15.03;14.88;15.03;1620
20160129 095600;15.24;15.25;15.24;15.25;500
20160129 095700;15.3;15.3;15.3;15.3;200
20160129 100600;15.3;15.36;15.29;15.31;2627
20160129 100700;15.53;15.53;15.53;15.53;100
20160129 100900;15.37;15.37;15.37;15.37;200
20160129 101100;15.58;15.58;15.58;15.58;100
20160129 101300;15.43;15.43;15.43;15.43;400
20160129 102100;15.57;15.57;15.57;15.57;100
20160129 102400;15.59;15.59;15.59;15.59;1000
20160129 103600;15.2483;15.2483;15.2483;15.2483;350
20160129 104500;15.57;15.57;15.57;15.57;100
20160129 113500;15.2821;15.2821;15.2821;15.2821;200
20160129 113800;15.0643;15.0643;15.0643;15.0643;100
20160129 114000;15.1138;15.1138;15.1138;15.1138;275
20160129 114200;15.42;15.42;15.42;15.42;100
20160129 121800;15.12;15.12;15.12;15.12;300
20160129 122000;15.37;15.37;15.37;15.37;100
20160129 122700;15.36;15.36;15.36;15.36;100
20160129 123100;15.18;15.18;15.07;15.07;807
20160129 123800;15.4;15.4;15.4;15.4;100
20160129 124900;15.35;15.4;15.21;15.21;700
20160129 125400;15.31;15.31;15.3;15.3;200
20160129 132000;15.4;15.4;15.4;15.4;200
20160129 132500;15.4;15.4;15.4;15.4;200
20160129 132700;15.41;15.58;15.41;15.58;2925
20160129 133000;15.56;15.56;15.5;15.5;700
20160129 133400;15.5;15.5;15.5;15.5;600
20160129 133500;15.56;15.56;15.5;15.5;200
20160129 134500;15.5;15.5;15.5;15.5;500
20160129 134800;15.5;15.5;15.5;15.5;400
20160129 134900;15.59;15.59;15.59;15.59;100
20160129 141700;15.54;15.54;15.54;15.54;200
20160129 141900;15.54;15.55;15.54;15.54;1100
20160129 142200;15.6053;15.6053;15.6053;15.6053;100
20160129 145800;15.6535;15.6535;15.6535;15.6535;100
20160129 150700;15.66;15.66;15.66;15.66;100
20160129 151700;15.54;15.54;15.54;15.54;102
20160129 152400;15.5;15.5;15.5;15.5;100
20160129 153700;15.5;15.52;15.5;15.52;1798
20160129 154900;15.643;15.79;15.643;15.6894;900
20160201 093600;15.67;15.67;15.651;15.651;200
20160201 094200;15.93;15.93;15.93;15.93;100
20160201 094400;15.68;15.68;15.68;15.68;200
20160201 094500;15.75;15.76;15.75;15.76;500
20160201 094600;15.75;15.75;15.75;15.75;200
20160201 095300;15.66;15.66;15.66;15.66;100
20160201 095500;15.66;15.66;15.6501;15.6501;200
20160201 095600;15.66;15.66;15.66;15.66;100
20160201 100100;15.65;15.65;15.65;15.65;132
20160201 103900;15.75;15.75;15.75;15.75;200
20160201 104800;15.8218;15.8218;15.8218;15.8218;500
20160201 110500;15.6;15.6;15.58;15.58;300
20160201 113200;15.6766;15.6766;15.6766;15.6766;1000
20160201 113500;15.74;15.74;15.74;15.74;100
20160201 114600;15.6414;15.6414;15.6414;15.6414;1200
20160201 121200;15.7121;15.7121;15.7121;15.7121;470
20160201 130600;15.808;15.808;15.808;15.808;600
20160201 132000;15.808;15.808;15.808;15.808;600
20160201 140700;15.681;15.681;15.681;15.681;500
20160201 141900;15.7038;15.74;15.7038;15.74;1027
20160201 142000;15.7;15.7;15.7;15.7;300
20160201 143000;15.71;15.71;15.71;15.71;100
20160201 143900;15.75;15.75;15.75;15.75;400
20160201 144400;15.72;15.72;15.72;15.72;100
20160201 151900;15.6238;15.6238;15.6238;15.6238;500
20160201 153100;15.725;15.725;15.725;15.725;100
20160201 155400;15.64;15.64;15.64;15.64;300
20160201 155500;15.64;15.64;15.64;15.64;200
20160201 160000;15.61;15.85;15.6;15.85;2160
20160202 093100;15.7899;15.7899;15.7899;15.7899;379
20160202 093200;15.7899;15.7899;15.7899;15.7899;379
20160202 094300;15.53;15.53;15.5;15.5;1600
20160202 094400;15.56;15.56;15.25;15.25;400
20160202 101400;15.43;15.43;15.43;15.43;100
20160202 101500;15.43;15.43;15.43;15.43;100
20160202 102400;15.43;15.45;15.43;15.43;300
20160202 110200;15.41;15.41;15.4;15.4;500
20160202 111300;15.4;15.4;15.4;15.4;500
20160202 114200;15.4;15.4;15.4;15.4;500
20160202 114300;15.4;15.4;15.05;15.05;597
20160202 114600;15;15;14.75;14.75;215
20160202 114900;15.315;15.315;15.315;15.315;810
20160202 115400;15.07;15.08;15.07;15.08;200
20160202 115500;15.08;15.08;15.08;15.08;100
20160202 115600;15.08;15.08;15.07;15.07;200
20160202 115700;15.06;15.06;15.06;15.06;100
20160202 121100;14.93;14.94;14.91;14.91;722
20160202 124300;14.995;14.995;14.995;14.995;100
20160202 134600;15.4118;15.4118;15.4118;15.4118;300
20160202 135700;15.48;15.48;15.48;15.48;800
20160202 135900;14.9949;14.9949;14.9949;14.9949;339
20160202 143700;15.2176;15.2176;15.2;15.2;400
20160202 144600;15.235;15.235;14.99;15.0488;1900
20160202 150800;15.48;15.48;15.48;15.48;200
20160202 150900;15.25;15.25;15.23;15.25;1100
20160202 151000;15.04;15.04;15.04;15.04;300
20160202 151100;15.01;15.01;15.01;15.01;559
20160202 151300;14.99;14.99;14.99;14.99;100
20160202 152400;15.01;15.01;15.01;15.01;100
20160202 152700;15.24;15.24;15.21;15.21;300
20160202 153800;15.0138;15.0138;15.0138;15.0138;300
20160202 153900;15.225;15.225;15.21;15.21;232
20160202 154400;14.97;14.97;14.97;14.97;202
20160202 154700;15.14;15.19;15.14;15.17;400
20160202 155900;15.24;15.24;15.23;15.23;500
20160202 160000;15.24;15.24;15.24;15.24;200
20160203 111100;14.85;14.85;14.85;14.85;1103
20160203 111700;15.1099;15.1099;15.1099;15.1099;193
20160203 114600;15;15;15;15;2600
20160203 120000;14.815;14.815;14.815;14.815;415
20160203 124000;15.05;15.05;15.05;15.05;100
20160203 134100;15;15;14.99;15;800
20160203 134800;14.81;14.81;14.81;14.81;100
20160203 134900;15;15;15;15;570
20160203 135000;15;15;15;15;240
20160203 135400;15;15.05;14.8;15.05;2000
20160203 142700;15.09;15.09;15.09;15.09;100
20160203 144900;15.1;15.23;15.1;15.23;800
20160203 145500;15.23;15.23;15.23;15.23;100
20160203 145600;15.23;15.23;15.23;15.23;700
20160203 145700;15.24;15.24;15.24;15.24;399
20160203 150000;15.164;15.164;15.164;15.164;200
20160203 151500;15.43;15.43;15.43;15.43;100
20160203 151700;15.4;15.4;15.4;15.4;100
20160203 152100;15.128;15.128;15.128;15.128;250
20160203 154600;15.4;15.4;15.4;15.4;100
20160203 155100;15.39;15.39;15.39;15.39;100
20160203 155300;15.39;15.39;15.39;15.39;100
20160203 155400;15.4;15.4;15.4;15.4;300
20160203 155600;15.26;15.26;15.2;15.25;500
20160203 155700;15.25;15.4451;15.25;15.2501;3700
20160203 160000;15.38;15.38;15.38;15.38;400
20160204 095200;15.25;15.25;15.18;15.18;206
20160204 095300;15.37;15.37;15.37;15.37;400
20160204 095400;15.37;15.37;15.37;15.37;100
20160204 100200;15.25;15.25;15.25;15.25;666
20160204 100600;15.25;15.25;15.25;15.25;600
20160204 100700;15.28;15.28;15.28;15.28;500
20160204 101400;15.53;15.63;15.53;15.61;1360
20160204 102400;15.62;15.63;15.6;15.63;1103
20160204 103200;15.8;15.8;15.78;15.8;400
20160204 103300;15.78;15.8;15.78;15.8;900
20160204 104100;15.73;15.73;15.73;15.73;100
20160204 104200;15.73;15.73;15.73;15.73;780
20160204 110000;15.99;15.99;15.86;15.86;200
20160204 111900;15.5;15.5;15.5;15.5;900
20160204 112000;15.5;15.5;15.31;15.31;734
20160204 113000;15.65;15.65;15.65;15.65;100
20160204 113100;15.22;15.22;15.2;15.2;400
20160204 130300;15.2;15.2;15.16;15.16;1000
20160204 130500;15.25;15.25;15.25;15.25;285
20160204 131200;15.19;15.22;15.05;15.05;1620
20160204 131600;15.12;15.18;15.03;15.18;1000
20160204 132200;15.21;15.21;15.21;15.21;300
20160204 134000;15.231;15.231;15.231;15.231;300
20160204 135900;15.3;15.3;15.3;15.3;200
20160204 140700;15.16;15.16;15.16;15.16;100
20160204 140800;15.5546;15.5546;15.5546;15.5546;220
20160204 145400;15.22;15.22;15.22;15.22;200
20160204 150100;15.2;15.53;15.2;15.25;2879
20160204 150900;15.3;15.3;15.3;15.3;765
20160204 154700;15.21;15.21;15.21;15.21;850
20160204 155700;15.32;15.32;15.3;15.3;232
20160204 160000;15.44;15.44;15.44;15.44;100
20160205 113800;15.24;15.24;15.24;15.24;100
20160205 113900;15.07;15.07;15.01;15.01;200
20160205 114000;15.11;15.11;15.11;15.11;100
20160205 114100;15.03;15.03;15.03;15.03;200
20160205 114200;15.13;15.14;15.13;15.14;400
20160205 114600;15.09;15.09;15.09;15.09;200
20160205 120600;15.366;15.366;15.366;15.366;1570
20160205 122800;14.95;14.95;14.9;14.9;1000
20160205 122900;15.05;15.05;15.05;15.05;800
20160205 125300;15.27;15.3;15.27;15.3;900
20160205 132800;14.905;15.3;14.905;15.3;200
20160205 133200;15.06;15.06;15.06;15.06;200
20160205 133900;15.2152;15.2152;15.2152;15.2152;500
20160205 140000;15.19;15.36;15.19;15.36;2650
20160205 143100;15.23;15.23;15.23;15.23;500
20160205 143200;15.0865;15.12;14.911;14.911;400
20160205 143300;15.2067;15.2067;15.2067;15.2067;300
20160205 143700;15.0466;15.0466;15.0466;15.0466;1400
20160205 145600;15.1292;15.1292;15.1292;15.1292;200
20160205 160000;15.09;15.09;15.09;15.09;300
