20160119 093400;3.75;3.75;3.75;3.75;3140
20160119 093500;3.75;3.75;3.75;3.75;100
20160119 093600;3.75;3.75;3.75;3.75;2500
20160119 093800;3.75;3.75;3.75;3.75;1600
20160119 095700;3.62;3.74;3.62;3.74;1600
20160119 100000;3.8;3.8;3.8;3.8;100
20160119 101300;3.8;3.83;3.8;3.83;1100
20160119 102200;3.85;3.85;3.85;3.85;800
20160119 103100;3.812;3.812;3.812;3.812;1000
20160119 103500;3.85;3.85;3.845;3.845;5200
20160119 103600;3.85;3.85;3.85;3.85;200
20160119 103700;3.86;3.86;3.86;3.86;100
20160119 104000;3.86;3.89;3.86;3.89;300
20160119 104300;3.784;3.913;3.784;3.913;1000
20160119 110000;3.88;3.88;3.88;3.88;100
20160119 110200;3.85;3.85;3.85;3.85;2100
20160119 110300;3.85;3.85;3.85;3.85;2000
20160119 110500;3.85;3.9;3.85;3.9;5300
20160119 111700;3.9;3.92;3.9;3.92;500
20160119 111800;3.915;3.92;3.915;3.92;1500
20160119 112000;3.92;3.92;3.92;3.92;700
20160119 112100;3.91;3.9101;3.91;3.91;1600
20160119 112600;3.92;3.92;3.92;3.92;3600
20160119 113200;3.925;3.93;3.925;3.93;600
20160119 113800;3.9386;3.9386;3.9386;3.9386;1000
20160119 115000;3.945;3.945;3.945;3.945;100
20160119 115100;3.96;3.96;3.95;3.95;300
20160119 115200;3.96;3.96;3.96;3.96;400
20160119 120100;3.951;3.956;3.95;3.956;1100
20160119 120400;3.95;3.95;3.95;3.95;500
20160119 120500;3.96;3.96;3.96;3.96;100
20160119 120600;3.951;3.96;3.951;3.96;17103
20160119 120700;3.98;4.02;3.98;4.02;13420
20160119 120900;4.03;4.05;4;4.05;24582
20160119 121200;4.05;4.06;4.05;4.06;2150
20160119 122200;4.06;4.069;4.06;4.069;560
20160119 122300;4.06;4.07;4.06;4.06;2000
20160119 122600;4.0531;4.0531;4.0531;4.0531;100
20160119 122900;4.08;4.08;4.08;4.08;100
20160119 123500;4.03;4.03;4.03;4.03;200
20160119 124300;4.02;4.02;4.02;4.02;1400
20160119 124500;4.06;4.06;4.06;4.06;249
20160119 130700;4.0201;4.0201;4.0201;4.0201;2500
20160119 131900;4.02;4.02;4.02;4.02;100
20160119 132200;4.015;4.02;4.01;4.02;600
20160119 132700;4.04;4.04;4.04;4.04;200
20160119 133400;4.0201;4.0201;4.0201;4.0201;500
20160119 133500;4.0367;4.0367;4.0367;4.0367;100
20160119 133700;4.03;4.03;4.01;4.01;400
20160119 133800;4.0116;4.0116;4.0116;4.0116;1500
20160119 135300;4.01;4.01;4.01;4.01;700
20160119 140700;4.02;4.02;4.01;4.01;200
20160119 140800;4.02;4.02;4.01;4.01;800
20160119 141900;4.03;4.04;4.03;4.04;1400
20160119 142100;4.01;4.01;4.01;4.01;400
20160119 143500;4.02;4.05;4.02;4.05;400
20160119 143900;4.0194;4.0194;4.0194;4.0194;400
20160119 144700;4.0247;4.0247;4.0247;4.0247;1000
20160119 144900;4.02;4.02;4.02;4.02;100
20160119 145000;4.0112;4.0112;4.0112;4.0112;2000
20160119 145100;4.02;4.02;4.01;4.01;1500
20160119 145200;4.02;4.04;4.02;4.04;300
20160119 150600;4.03;4.03;4.02;4.02;200
20160119 152100;4.01;4.01;4.01;4.01;800
20160119 152200;4.01;4.01;4.01;4.01;100
20160119 152900;4.01;4.01;4;4.01;3600
20160119 153500;4.01;4.01;4.01;4.01;100
20160119 154500;4;4;4;4;400
20160119 154700;4.0001;4.001;4.0001;4.001;444
20160119 155100;4;4;4;4;1700
20160119 155200;4.01;4.04;4.005;4.04;600
20160119 155700;4.02;4.02;4.02;4.02;100
20160119 160000;4;4;4;4;300
20160120 093200;3.834;3.85;3.834;3.85;500
20160120 093600;3.93;4;3.93;3.97;2200
20160120 093700;4.02;4.028;4.02;4.028;1500
20160120 093800;4.02;4.02;3.84;3.84;67738
20160120 094000;3.91;3.92;3.91;3.92;200
20160120 094100;3.91;3.91;3.9;3.9;4200
20160120 094300;3.9;3.9016;3.9;3.9;1100
20160120 094400;3.9;3.9;3.86;3.86;2200
20160120 094800;3.86;3.86;3.86;3.86;100
20160120 095200;3.88;3.9;3.88;3.9;3900
20160120 095800;3.86;3.86;3.86;3.86;423
20160120 095900;3.85;3.85;3.85;3.85;100
20160120 100300;3.85;3.85;3.85;3.85;13839
20160120 101500;3.81;3.82;3.81;3.82;900
20160120 102100;3.82;3.82;3.82;3.82;800
20160120 102200;3.81;3.81;3.81;3.81;200
20160120 102300;3.81;3.8199;3.81;3.8199;3100
20160120 103700;3.81;3.81;3.81;3.81;200
20160120 103800;3.81;3.81;3.81;3.81;1000
20160120 103900;3.82;3.82;3.82;3.82;300
20160120 104100;3.82;3.82;3.82;3.82;1400
20160120 104200;3.8189;3.82;3.8189;3.8189;1000
20160120 104500;3.82;3.86;3.82;3.86;2700
20160120 105000;3.82;3.82;3.82;3.82;100
20160120 105700;3.8;3.8;3.8;3.8;2600
20160120 110200;3.8;3.81;3.76;3.76;3699
20160120 110300;3.75;3.75;3.75;3.75;100
20160120 110500;3.77;3.77;3.77;3.77;100
20160120 111700;3.77;3.79;3.77;3.79;1400
20160120 111900;3.8;3.8;3.8;3.8;200
20160120 112600;3.8;3.87;3.8;3.82;9200
20160120 114200;3.7901;3.7901;3.7901;3.7901;200
20160120 120600;3.7901;3.7901;3.7901;3.7901;200
20160120 120700;3.79;3.79;3.79;3.79;400
20160120 123600;3.8;3.8;3.8;3.8;100
20160120 124200;3.8;3.8;3.8;3.8;100
20160120 130800;3.81;3.81;3.81;3.81;100
20160120 132100;3.82;3.83;3.82;3.82;400
20160120 132600;3.8487;3.85;3.8487;3.8498;900
20160120 133300;3.875;3.875;3.875;3.875;100
20160120 134300;3.88;3.88;3.88;3.88;100
20160120 134600;3.89;3.9;3.89;3.9;200
20160120 134900;3.89;3.89;3.89;3.89;100
20160120 140100;3.89;3.9;3.89;3.9;800
20160120 145100;3.9;3.9;3.9;3.9;100
20160120 145200;3.9;3.95;3.9;3.95;5800
20160120 151000;3.93;3.93;3.93;3.93;100
20160120 151300;3.94;3.94;3.94;3.94;100
20160120 152600;3.95;3.98;3.95;3.98;300
20160120 153000;3.9699;3.9699;3.9699;3.9699;1000
20160120 153500;3.97;3.97;3.97;3.97;100
20160120 153700;3.97;3.97;3.97;3.97;100
20160120 153800;3.97;3.97;3.97;3.97;100
20160120 153900;3.95;3.95;3.92;3.94;700
20160120 154100;3.93;3.93;3.91;3.91;400
20160120 154700;3.91;3.91;3.91;3.91;300
20160120 155100;3.9;3.91;3.89;3.89;300
20160120 155200;3.91;3.91;3.91;3.91;100
20160120 160000;3.92;3.93;3.92;3.93;300
20160120 160100;3.92;3.92;3.92;3.92;600
20160121 093800;3.95;3.96;3.95;3.96;200
20160121 093900;3.97;3.97;3.97;3.97;4800
20160121 100800;3.86;3.86;3.86;3.86;100
20160121 101100;3.85;3.85;3.85;3.85;200
20160121 101300;3.85;3.86;3.85;3.86;300
20160121 103500;3.87;3.87;3.87;3.87;100
20160121 104700;3.88;3.88;3.88;3.88;100
20160121 105000;3.89;3.89;3.89;3.89;357
20160121 105100;3.89;3.89;3.89;3.89;100
20160121 105200;3.89;3.89;3.89;3.89;304
20160121 105300;3.89;3.89;3.89;3.89;300
20160121 110200;3.86;3.86;3.86;3.86;639
20160121 110600;3.86;3.86;3.86;3.86;300
20160121 111500;3.95;3.95;3.95;3.95;10100
20160121 111700;3.95;3.95;3.95;3.95;2300
20160121 112900;3.99;4.06;3.99;4.03;7600
20160121 114100;4.0301;4.0301;4.0301;4.0301;800
20160121 114300;4.04;4.08;4.03;4.05;8900
20160121 114600;4.0301;4.04;4.0301;4.04;1000
20160121 114700;4.045;4.045;4.04;4.04;1500
20160121 114800;4.04;4.04;4.04;4.04;1000
20160121 114900;4.04;4.04;4.04;4.04;500
20160121 115000;4.04;4.04;4.0301;4.0301;1500
20160121 115100;4.04;4.045;4.04;4.045;1500
20160121 115200;4.05;4.05;4.05;4.05;100
20160121 120000;4.05;4.05;4.05;4.05;100
20160121 120100;4.06;4.06;4.06;4.06;1000
20160121 120800;4.06;4.07;4.06;4.07;200
20160121 122300;4.07;4.07;4.07;4.07;100
20160121 122500;4.06;4.06;4.06;4.06;300
20160121 122600;4.05;4.05;4.05;4.05;100
20160121 123000;4.05;4.05;4.05;4.05;200
20160121 124000;4.05;4.05;4.05;4.05;100
20160121 133400;4.03;4.03;4.03;4.03;200
20160121 133900;4.04;4.04;4.04;4.04;100
20160121 142500;4.037;4.037;4.037;4.037;140
20160121 142600;4.0306;4.0306;4.0306;4.0306;1000
20160121 143000;4.031;4.031;4.031;4.031;1000
20160121 151700;4.04;4.04;4.04;4.04;100
20160121 153200;4.04;4.04;4.04;4.04;100
20160121 153600;4.04;4.04;4.04;4.04;100
20160121 154400;4.04;4.04;4.04;4.04;200
20160121 154700;4.04;4.04;4.04;4.04;100
20160121 155100;4.04;4.04;4.04;4.04;300
20160121 155300;4.05;4.06;4.05;4.05;2613
20160121 155600;4.07;4.11;4.07;4.07;16700
20160121 155800;4.0701;4.0701;4.0701;4.0701;700
20160121 155900;4.082;4.082;4.082;4.082;400
20160121 160000;4.07;4.11;4.06;4.11;4300
20160122 093600;4.07;4.07;4.07;4.07;415
20160122 095100;4.09;4.09;4.09;4.09;100
20160122 101200;4.06;4.06;4.06;4.06;725
20160122 101700;4.07;4.07;4.07;4.07;1000
20160122 102000;4.07;4.0716;4.07;4.071;1600
20160122 102100;4.07;4.07;4.07;4.07;200
20160122 102600;4.08;4.08;4.08;4.08;200
20160122 105600;4.07;4.07;4.06;4.06;2600
20160122 105800;4.03;4.0301;4.03;4.0301;1000
20160122 110400;4.03;4.03;4.03;4.03;3100
20160122 110500;4.03;4.04;4.03;4.04;200
20160122 111600;4.04;4.05;4.03;4.05;5400
20160122 111700;4.05;4.06;4.05;4.05;4300
20160122 111900;4.08;4.08;4.078;4.0789;1208
20160122 112000;4.08;4.09;4.08;4.09;3600
20160122 113100;4.0801;4.0801;4.0801;4.0801;1000
20160122 121400;4.09;4.09;4.09;4.09;650
20160122 121500;4.09;4.09;4.09;4.09;300
20160122 122100;4.0801;4.0801;4.0801;4.0801;600
20160122 123700;4.09;4.09;4.09;4.09;1000
20160122 125300;4.1;4.1;4.1;4.1;100
20160122 131500;4.0995;4.0995;4.0995;4.0995;1091
20160122 133300;4.1;4.1;4.1;4.1;100
20160122 134600;4.1;4.1;4.1;4.1;100
20160122 142100;4.1;4.13;4.1;4.13;7070
20160122 142200;4.13;4.13;4.13;4.13;4800
20160122 142400;4.13;4.13;4.13;4.13;1200
20160122 142900;4.13;4.13;4.13;4.13;100
20160122 143000;4.13;4.13;4.13;4.13;100
20160122 143200;4.13;4.13;4.13;4.13;2400
20160122 143300;4.13;4.13;4.13;4.13;400
20160122 143400;4.122;4.13;4.122;4.13;3100
20160122 143500;4.13;4.14;4.13;4.13;19300
20160122 145200;4.19;4.19;4.19;4.19;200
20160122 155100;4.2;4.2;4.2;4.2;100
20160122 155400;4.2;4.2;4.2;4.2;100
20160122 155900;4.198;4.2;4.19;4.2;11100
20160122 160000;4.198;4.22;4.198;4.22;26356
20160125 083000;5.5;5.61;5.5;5.61;1196
20160125 083100;5.61;5.7;5.61;5.7;1398
20160125 083900;5.8;5.8;5.8;5.8;100
20160125 085400;5.46;5.46;5.45;5.45;900
20160125 085500;5.45;5.45;5.45;5.45;100
20160125 090700;5.5;5.5;5.5;5.5;500
20160125 092800;5.5;5.5;5.45;5.45;2600
20160125 092900;5.35;5.35;5.35;5.35;370
20160125 093000;5.32;5.32;5.31;5.31;270
20160125 093100;5.28;5.48;5.28;5.4;28126
20160125 093200;5.33;5.33;5.1;5.2;7800
20160125 093300;5.18;5.2999;5.11;5.29;15150
20160125 093400;5.29;5.34;5.29;5.34;11800
20160125 093500;5.3015;5.4;5.2;5.2;20926
20160125 093600;5.2899;5.2899;5.2899;5.2899;750
20160125 093700;5.29;5.3;5.22;5.3;6058
20160125 093800;5.25;5.25;5.25;5.25;200
20160125 093900;5.25;5.255;5.2;5.25;8100
20160125 094000;5.25;5.28;5.25;5.27;3450
20160125 094200;5.2285;5.2285;5.2285;5.2285;100
20160125 094600;5.236;5.236;5.236;5.236;1000
20160125 094700;5.256;5.256;5.256;5.256;400
20160125 094900;5.22;5.23;5.22;5.23;400
20160125 095400;5.26;5.26;5.21;5.21;1400
20160125 095500;5.2;5.2;5.2;5.2;200
20160125 095600;5.21;5.2366;5.21;5.2366;1400
20160125 095700;5.26;5.26;5.2599;5.2599;2000
20160125 095900;5.25;5.2599;5.25;5.25;2075
20160125 100500;5.24;5.25;5.24;5.25;1999
20160125 101100;5.22;5.23;5.2;5.22;3671
20160125 101200;5.21;5.22;5.18;5.18;8300
20160125 101300;5.182;5.2;5.18;5.18;9993
20160125 101400;5.18;5.18;5.18;5.18;100
20160125 101500;5.19;5.19;5.19;5.19;400
20160125 101600;5.18;5.1862;5.18;5.18;2600
20160125 101700;5.18;5.18;5.18;5.18;100
20160125 101800;5.19;5.2;5.19;5.2;1300
20160125 102100;5.18;5.18;5.18;5.18;2681
20160125 102200;5.18;5.2;5.175;5.18;10691
20160125 102300;5.18;5.2;5.175;5.2;4400
20160125 102400;5.18;5.18;5.1775;5.1775;400
20160125 102500;5.18;5.18;5.18;5.18;600
20160125 102600;5.18;5.18;5.18;5.18;100
20160125 102700;5.18;5.18;5.18;5.18;100
20160125 102800;5.16;5.18;5.16;5.18;2375
20160125 103000;5.1701;5.2;5.1701;5.2;6000
20160125 103100;5.182;5.2;5.182;5.2;500
20160125 103300;5.185;5.185;5.185;5.185;1000
20160125 103400;5.1801;5.2;5.1801;5.2;300
20160125 103600;5.2;5.2;5.2;5.2;1300
20160125 103900;5.2;5.2;5.181;5.1842;1100
20160125 104700;5.1999;5.2;5.1999;5.2;2300
20160125 104900;5.2;5.2;5.2;5.2;1000
20160125 105100;5.2;5.2;5.198;5.198;800
20160125 105200;5.23;5.26;5.2299;5.26;9601
20160125 105300;5.27;5.27;5.2544;5.2544;1500
20160125 105600;5.28;5.28;5.27;5.28;1200
20160125 105900;5.29;5.29;5.29;5.29;1000
20160125 110200;5.2899;5.2899;5.2899;5.2899;3605
20160125 110300;5.28;5.29;5.28;5.28;4500
20160125 110400;5.27;5.275;5.27;5.275;400
20160125 111400;5.28;5.28;5.27;5.27;2200
20160125 111500;5.27;5.29;5.27;5.29;1900
20160125 111700;5.29;5.29;5.2838;5.29;500
20160125 111800;5.285;5.285;5.28;5.28;300
20160125 112000;5.28;5.29;5.28;5.29;15837
20160125 112100;5.29;5.29;5.29;5.29;200
20160125 112200;5.29;5.3;5.29;5.3;650
20160125 112500;5.28;5.285;5.28;5.28;1900
20160125 113000;5.27;5.27;5.27;5.27;1700
20160125 113400;5.25;5.25;5.25;5.25;100
20160125 113900;5.25;5.253;5.25;5.253;1000
20160125 114100;5.25;5.26;5.24;5.24;2300
20160125 114200;5.25;5.25;5.2455;5.25;1000
20160125 114300;5.25;5.25;5.25;5.25;200
20160125 114700;5.25;5.28;5.25;5.28;2200
20160125 115200;5.28;5.28;5.28;5.28;100
20160125 115300;5.28;5.28;5.28;5.28;465
20160125 115400;5.28;5.28;5.28;5.28;300
20160125 115700;5.2856;5.2856;5.2856;5.2856;500
20160125 115800;5.28;5.28;5.28;5.28;200
20160125 120500;5.27;5.27;5.27;5.27;1000
20160125 120600;5.269;5.269;5.269;5.269;1000
20160125 121600;5.28;5.28;5.27;5.27;1100
20160125 121800;5.2899;5.29;5.2899;5.29;2200
20160125 122000;5.29;5.29;5.29;5.29;2600
20160125 122100;5.27;5.29;5.27;5.29;2000
20160125 122200;5.27;5.27;5.27;5.27;500
20160125 122300;5.2798;5.29;5.2798;5.29;1600
20160125 122400;5.29;5.35;5.29;5.35;32804
20160125 122600;5.34;5.34;5.34;5.34;100
20160125 122900;5.35;5.36;5.35;5.3599;4000
20160125 123000;5.36;5.36;5.36;5.36;100
20160125 123100;5.36;5.36;5.32;5.32;1417
20160125 123300;5.33;5.35;5.33;5.35;500
20160125 123500;5.34;5.34;5.34;5.34;100
20160125 123600;5.34;5.36;5.34;5.36;500
20160125 124000;5.35;5.36;5.3201;5.33;4200
20160125 124500;5.34;5.34;5.33;5.33;500
20160125 124800;5.3299;5.3299;5.3299;5.3299;375
20160125 125100;5.33;5.33;5.33;5.33;4500
20160125 125400;5.33;5.33;5.33;5.33;600
20160125 125500;5.3;5.3;5.3;5.3;1200
20160125 130000;5.32;5.32;5.32;5.32;100
20160125 131200;5.3201;5.3201;5.3201;5.3201;192
20160125 131600;5.32;5.32;5.32;5.32;1000
20160125 131900;5.3428;5.36;5.3428;5.36;600
20160125 132000;5.3592;5.3592;5.3592;5.3592;260
20160125 132900;5.33;5.33;5.33;5.33;300
20160125 133300;5.3399;5.3399;5.3399;5.3399;200
20160125 133700;5.3247;5.3247;5.3247;5.3247;1000
20160125 134300;5.31;5.3145;5.31;5.31;900
20160125 135000;5.29;5.2901;5.29;5.2901;400
20160125 135400;5.29;5.29;5.22;5.26;4900
20160125 135900;5.25;5.29;5.24;5.29;1850
20160125 141200;5.24;5.24;5.24;5.24;700
20160125 141800;5.28;5.28;5.28;5.28;100
20160125 141900;5.2201;5.27;5.2201;5.27;1100
20160125 142100;5.215;5.215;5.215;5.215;325
20160125 142200;5.245;5.245;5.245;5.245;1000
20160125 142300;5.235;5.235;5.225;5.225;3400
20160125 142400;5.26;5.26;5.26;5.26;200
20160125 143100;5.25;5.25;5.25;5.25;1500
20160125 144100;5.25;5.25;5.25;5.25;900
20160125 144600;5.2899;5.2899;5.2899;5.2899;1000
20160125 144700;5.27;5.27;5.27;5.27;100
20160125 144900;5.29;5.29;5.29;5.29;100
20160125 145000;5.25;5.25;5.2183;5.2183;1600
20160125 145500;5.21;5.21;5.2;5.2;1100
20160125 145700;5.228;5.228;5.228;5.228;200
20160125 145900;5.213;5.213;5.213;5.213;300
20160125 150900;5.2;5.2;5.2;5.2;300
20160125 151000;5.2;5.2;5.2;5.2;500
20160125 151800;5.2;5.21;5.18;5.21;11029
20160125 152000;5.21;5.22;5.21;5.22;300
20160125 152100;5.21;5.21;5.21;5.21;100
20160125 152200;5.2101;5.22;5.2101;5.22;1800
20160125 152400;5.21;5.2182;5.21;5.2182;300
20160125 152700;5.2268;5.2268;5.2268;5.2268;300
20160125 153000;5.25;5.25;5.25;5.25;100
20160125 154000;5.25;5.25;5.25;5.25;1000
20160125 154200;5.24;5.24;5.23;5.24;550
20160125 154400;5.25;5.25;5.25;5.25;100
20160125 154600;5.22;5.22;5.22;5.22;100
20160125 155000;5.23;5.23;5.23;5.23;100
20160125 155100;5.23;5.23;5.23;5.23;200
20160125 155200;5.23;5.23;5.22;5.22;5600
20160125 155300;5.225;5.225;5.21;5.22;1200
20160125 155400;5.21;5.21;5.21;5.21;100
20160125 155500;5.21;5.21;5.2;5.2;2400
20160125 155600;5.201;5.201;5.2;5.2;400
20160125 155700;5.22;5.24;5.22;5.24;5011
20160125 155900;5.23;5.25;5.23;5.25;1000
20160125 160000;5.25;5.25;5.24;5.24;595
20160126 093100;5.16;5.24;5.15;5.24;633
20160126 093200;5.21;5.2189;5.21;5.2189;200
20160126 093700;5.19;5.19;5.19;5.19;100
20160126 093900;5.19;5.21;5.18;5.21;700
20160126 094200;5.2089;5.21;5.2;5.2;2200
20160126 094300;5.2;5.2;5.2;5.2;100
20160126 094600;5.21;5.23;5.21;5.23;1050
20160126 094700;5.24;5.25;5.24;5.25;17990
20160126 094800;5.25;5.25;5.23;5.23;800
20160126 094900;5.23;5.23;5.23;5.23;200
20160126 095000;5.22;5.22;5.22;5.22;100
20160126 095700;5.2333;5.2333;5.2333;5.2333;1221
20160126 100200;5.2206;5.235;5.2206;5.235;200
20160126 100300;5.25;5.25;5.24;5.24;12800
20160126 100400;5.24;5.25;5.24;5.24;19300
20160126 101500;5.248;5.248;5.248;5.248;476
20160126 101700;5.24;5.24;5.24;5.24;100
20160126 102100;5.24;5.24;5.24;5.24;1600
20160126 103700;5.24;5.24;5.24;5.24;300
20160126 104100;5.24;5.24;5.24;5.24;300
20160126 104200;5.2384;5.2384;5.2384;5.2384;1000
20160126 104500;5.23;5.23;5.2204;5.2204;200
20160126 104700;5.22;5.22;5.22;5.22;343
20160126 105300;5.22;5.22;5.22;5.22;400
20160126 105400;5.22;5.22;5.21;5.21;200
20160126 110300;5.2166;5.225;5.2106;5.225;300
20160126 110600;5.23;5.23;5.23;5.23;800
20160126 110700;5.23;5.23;5.2299;5.23;680
20160126 111100;5.24;5.24;5.24;5.24;100
20160126 112400;5.24;5.24;5.2399;5.2399;1340
20160126 112600;5.24;5.24;5.2204;5.23;900
20160126 113900;5.228;5.228;5.228;5.228;206
20160126 114400;5.24;5.24;5.2204;5.2204;1400
20160126 120000;5.225;5.225;5.22;5.22;413
20160126 120900;5.23;5.23;5.23;5.23;500
20160126 121700;5.2101;5.2101;5.21;5.2101;2000
20160126 124200;5.23;5.23;5.23;5.23;500
20160126 124500;5.228;5.228;5.228;5.228;230
20160126 124600;5.23;5.23;5.23;5.23;1203
20160126 125800;5.2299;5.2299;5.2299;5.2299;191
20160126 130700;5.23;5.23;5.23;5.23;100
20160126 130800;5.21;5.21;5.21;5.21;100
20160126 131800;5.22;5.22;5.22;5.22;100
20160126 133200;5.22;5.23;5.22;5.23;400
20160126 133300;5.22;5.22;5.22;5.22;500
20160126 133600;5.23;5.23;5.23;5.23;1700
20160126 134000;5.22;5.22;5.22;5.22;500
20160126 134100;5.222;5.222;5.22;5.22;940
20160126 134400;5.22;5.22;5.22;5.22;300
20160126 135800;5.22;5.23;5.22;5.23;3200
20160126 140500;5.22;5.22;5.22;5.22;100
20160126 140600;5.22;5.23;5.22;5.22;11900
20160126 140800;5.23;5.23;5.23;5.23;400
20160126 141000;5.22;5.22;5.22;5.22;100
20160126 142200;5.23;5.23;5.23;5.23;100
20160126 144100;5.232;5.232;5.23;5.23;1100
20160126 144200;5.22;5.222;5.22;5.22;2878
20160126 144300;5.22;5.22;5.22;5.22;100
20160126 144600;5.22;5.22;5.22;5.22;200
20160126 145100;5.23;5.23;5.23;5.23;100
20160126 145300;5.22;5.22;5.22;5.22;600
20160126 145500;5.22;5.22;5.22;5.22;600
20160126 150300;5.22;5.23;5.22;5.23;4000
20160126 151100;5.22;5.22;5.21;5.21;1312
20160126 151300;5.215;5.215;5.21;5.2108;3712
20160126 152100;5.2;5.2;5.2;5.2;200
20160126 152200;5.21;5.21;5.21;5.21;200
20160126 152300;5.22;5.22;5.2168;5.2185;1800
20160126 152500;5.218;5.218;5.218;5.218;500
20160126 152800;5.2076;5.2076;5.2076;5.2076;500
20160126 153200;5.218;5.22;5.218;5.22;800
20160126 153800;5.22;5.22;5.22;5.22;100
20160126 154400;5.21;5.21;5.21;5.21;1900
20160126 155000;5.22;5.22;5.21;5.21;300
20160126 155100;5.2;5.21;5.2;5.2;700
20160126 155500;5.21;5.21;5.21;5.21;100
20160126 160000;5.21;5.22;5.21;5.22;4300
20160126 160100;5.21;5.21;5.21;5.21;5188
20160127 093600;5.22;5.22;5.22;5.22;300
20160127 093700;5.23;5.23;5.21;5.21;300
20160127 093800;5.21;5.21;5.21;5.21;100
20160127 094200;5.22;5.22;5.22;5.22;200
20160127 094700;5.24;5.24;5.24;5.24;800
20160127 095200;5.2251;5.2251;5.2251;5.2251;100
20160127 095400;5.2251;5.2251;5.2251;5.2251;901
20160127 095500;5.24;5.25;5.24;5.25;200
20160127 100000;5.23;5.23;5.23;5.23;100
20160127 100600;5.22;5.22;5.22;5.22;100
20160127 102900;5.211;5.211;5.211;5.211;100
20160127 103500;5.21;5.21;5.21;5.21;100
20160127 112300;5.23;5.24;5.22;5.23;3200
20160127 112800;5.21;5.21;5.21;5.21;200
20160127 113500;5.22;5.22;5.22;5.22;100
20160127 115300;5.22;5.22;5.22;5.22;400
20160127 115400;5.22;5.22;5.22;5.22;100
20160127 123500;5.228;5.228;5.228;5.228;500
20160127 123600;5.22;5.2205;5.21;5.2205;1006
20160127 124000;5.2376;5.2376;5.2376;5.2376;600
20160127 125000;5.22;5.22;5.22;5.22;100
20160127 132700;5.22;5.22;5.21;5.21;1118
20160127 132900;5.211;5.211;5.21;5.211;400
20160127 133100;5.21;5.21;5.21;5.21;300
20160127 133300;5.21;5.21;5.21;5.21;200
20160127 133600;5.21;5.21;5.21;5.21;500
20160127 133700;5.21;5.21;5.21;5.21;100
20160127 133800;5.21;5.21;5.21;5.21;359
20160127 133900;5.21;5.21;5.21;5.21;500
20160127 134500;5.21;5.21;5.21;5.21;100
20160127 135500;5.2185;5.2185;5.2185;5.2185;400
20160127 135600;5.21;5.21;5.21;5.21;100
20160127 135900;5.22;5.22;5.2189;5.2189;1000
20160127 140100;5.22;5.22;5.22;5.22;400
20160127 140200;5.22;5.22;5.22;5.22;1172
20160127 140700;5.21;5.21;5.21;5.21;200
20160127 140900;5.21;5.21;5.21;5.21;100
20160127 141000;5.22;5.22;5.22;5.22;200
20160127 143500;5.2109;5.2109;5.2109;5.2109;1000
20160127 143600;5.21;5.21;5.21;5.21;1550
20160127 143700;5.21;5.21;5.21;5.21;400
20160127 144100;5.21;5.21;5.21;5.21;100
20160127 145700;5.22;5.22;5.22;5.22;200
20160127 150700;5.21;5.21;5.21;5.21;500
20160127 151600;5.21;5.21;5.21;5.21;100
20160127 151800;5.21;5.21;5.18;5.18;7809
20160127 152000;5.18;5.18;5.18;5.18;100
20160127 152100;5.1816;5.1816;5.1816;5.1816;200
20160127 152200;5.1816;5.1816;5.17;5.17;1900
20160127 152800;5.16;5.16;5.16;5.16;100
20160127 152900;5.17;5.17;5.1691;5.1691;770
20160127 153200;5.16;5.16;5.16;5.16;100
20160127 153300;5.17;5.17;5.17;5.17;1000
20160127 153700;5.17;5.17;5.17;5.17;2100
20160127 154600;5.17;5.17;5.17;5.17;1300
20160127 155100;5.16;5.16;5.16;5.16;100
20160127 155300;5.16;5.16;5.16;5.16;100
20160127 155700;5.17;5.17;5.17;5.17;500
20160127 160000;5.17;5.17;5.16;5.17;707
20160128 093100;5.15;5.15;5.15;5.15;100
20160128 094000;5.189;5.2;5.189;5.2;400
20160128 094500;5.21;5.23;5.21;5.2211;4500
20160128 094600;5.24;5.24;5.24;5.24;4700
20160128 095700;5.24;5.24;5.24;5.24;2100
20160128 100000;5.24;5.24;5.24;5.24;100
20160128 100400;5.24;5.24;5.24;5.24;5100
20160128 100500;5.24;5.2411;5.22;5.22;10532
20160128 101300;5.22;5.22;5.22;5.22;900
20160128 101700;5.239;5.239;5.239;5.239;500
20160128 102000;5.24;5.24;5.24;5.24;100
20160128 102100;5.241;5.25;5.24;5.25;3618
20160128 102200;5.24;5.24;5.24;5.24;4800
20160128 102400;5.24;5.24;5.24;5.24;600
20160128 102600;5.24;5.24;5.24;5.24;856
20160128 103600;5.24;5.24;5.24;5.24;300
20160128 104200;5.24;5.245;5.24;5.24;1600
20160128 104500;5.2351;5.2351;5.2351;5.2351;3500
20160128 104900;5.25;5.25;5.24;5.24;200
20160128 105200;5.24;5.24;5.24;5.24;1600
20160128 105700;5.24;5.24;5.24;5.24;500
20160128 105900;5.24;5.24;5.24;5.24;100
20160128 110600;5.24;5.24;5.24;5.24;100
20160128 112400;5.24;5.24;5.24;5.24;100
20160128 112500;5.24;5.24;5.24;5.24;200
20160128 113400;5.2301;5.2301;5.2301;5.2301;190
20160128 114700;5.2338;5.2338;5.2338;5.2338;100
20160128 115100;5.23;5.23;5.23;5.23;104
20160128 115700;5.2389;5.2389;5.2389;5.2389;100
20160128 120000;5.23;5.23;5.18;5.2;54700
20160128 120100;5.17;5.17;5.17;5.17;900
20160128 120500;5.18;5.18;5.15;5.15;1200
20160128 120600;5.17;5.18;5.17;5.18;800
20160128 121100;5.2;5.2;5.2;5.2;100
20160128 130800;5.22;5.22;5.22;5.22;100
20160128 140500;5.22;5.22;5.22;5.22;100
20160128 142600;5.22;5.23;5.21;5.23;8800
20160128 143200;5.203;5.23;5.203;5.23;2400
20160128 145200;5.23;5.23;5.2;5.2001;1015
20160128 154700;5.216;5.216;5.216;5.216;476
20160128 154900;5.22;5.22;5.22;5.22;157
20160128 155000;5.22;5.22;5.22;5.22;1177
20160128 155100;5.2199;5.2199;5.2199;5.2199;478
20160128 155200;5.215;5.215;5.215;5.215;100
20160128 155300;5.22;5.22;5.215;5.2192;1300
20160128 155600;5.23;5.23;5.23;5.23;100
20160128 155900;5.23;5.23;5.22;5.23;3777
20160128 160000;5.22;5.22;5.2;5.2;50365
20160129 093100;5.22;5.22;5.2;5.2;300
20160129 093700;5.21;5.21;5.2;5.2;2028
20160129 094000;5.19;5.1932;5.19;5.1932;2000
20160129 094200;5.19;5.2;5.19;5.2;800
20160129 094600;5.2;5.2;5.2;5.2;100
20160129 094900;5.2;5.2;5.2;5.2;100
20160129 095000;5.2;5.2;5.2;5.2;900
20160129 095100;5.2;5.2;5.2;5.2;600
20160129 095300;5.2;5.2;5.2;5.2;1000
20160129 095800;5.194;5.194;5.19;5.19;700
20160129 100600;5.2;5.2;5.2;5.2;300
20160129 100700;5.2;5.2;5.2;5.2;100
20160129 101000;5.195;5.2;5.195;5.2;6100
20160129 101200;5.2;5.2;5.2;5.2;1000
20160129 101300;5.199;5.2;5.195;5.195;2200
20160129 101500;5.1938;5.1938;5.1938;5.1938;400
20160129 102500;5.2;5.2;5.195;5.1999;3220
20160129 103200;5.1969;5.2;5.1962;5.1962;500
20160129 103700;5.19;5.19;5.19;5.19;500
20160129 103800;5.2;5.2;5.2;5.2;100
20160129 105000;5.2;5.2;5.2;5.2;1617
20160129 105600;5.2;5.2;5.17;5.19;11825
20160129 105700;5.189;5.189;5.17;5.17;9300
20160129 105800;5.175;5.175;5.17;5.17;4200
20160129 105900;5.18;5.19;5.18;5.19;1000
20160129 110800;5.19;5.19;5.1899;5.1899;5000
20160129 110900;5.17;5.19;5.17;5.18;1300
20160129 111000;5.19;5.19;5.183;5.183;1000
20160129 111300;5.19;5.19;5.18;5.1802;1400
20160129 111400;5.183;5.19;5.183;5.19;11700
20160129 113200;5.19;5.19;5.19;5.19;300
20160129 113500;5.19;5.19;5.1865;5.1865;8969
20160129 113800;5.21;5.21;5.2;5.2011;900
20160129 115100;5.23;5.24;5.213;5.24;1300
20160129 115200;5.21;5.214;5.21;5.214;1000
20160129 120700;5.2263;5.24;5.2263;5.24;900
20160129 120800;5.24;5.24;5.24;5.24;100
20160129 120900;5.24;5.24;5.24;5.24;100
20160129 121300;5.24;5.24;5.24;5.24;100
20160129 121900;5.25;5.25;5.25;5.25;200
20160129 122000;5.25;5.25;5.25;5.25;217
20160129 123200;5.25;5.25;5.25;5.25;100
20160129 124000;5.2263;5.2263;5.2263;5.2263;500
20160129 124100;5.22;5.22;5.22;5.22;100
20160129 124500;5.24;5.24;5.24;5.24;100
20160129 133500;5.25;5.25;5.25;5.25;200
20160129 135400;5.24;5.24;5.24;5.24;300
20160129 135700;5.25;5.25;5.2;5.21;13400
20160129 140000;5.21;5.21;5.21;5.21;100
20160129 140200;5.21;5.21;5.21;5.21;100
20160129 140300;5.24;5.24;5.24;5.24;100
20160129 140900;5.228;5.228;5.228;5.228;230
20160129 143300;5.21;5.21;5.21;5.21;400
20160129 144000;5.23;5.23;5.23;5.23;100
20160129 144400;5.2165;5.2165;5.2165;5.2165;388
20160129 145200;5.23;5.23;5.23;5.23;400
20160129 145300;5.24;5.25;5.24;5.25;2000
20160129 145400;5.235;5.235;5.235;5.235;100
20160129 151400;5.225;5.225;5.225;5.225;100
20160129 152700;5.24;5.24;5.24;5.24;200
20160129 152800;5.24;5.24;5.24;5.24;900
20160129 152900;5.24;5.24;5.23;5.23;1300
20160129 153200;5.239;5.239;5.239;5.239;200
20160129 155100;5.24;5.24;5.24;5.24;100
20160129 155200;5.23;5.23;5.23;5.23;200
20160129 155700;5.22;5.23;5.22;5.23;245
20160129 155800;5.22;5.22;5.22;5.22;145
20160129 155900;5.22;5.23;5.22;5.22;445
20160129 160000;5.23;5.23;5.21;5.21;3330
20160129 160100;5.21;5.21;5.21;5.21;2600
20160201 092800;5.24;5.24;5.24;5.24;600
20160201 093200;5.25;5.25;5.25;5.25;100
20160201 093400;5.23;5.23;5.22;5.22;3300
20160201 093500;5.18;5.1832;5.17;5.17;1200
20160201 093600;5.17;5.17;5.17;5.17;1350
20160201 093700;5.17;5.17;5.17;5.17;300
20160201 093900;5.18;5.18;5.1799;5.1799;400
20160201 095500;5.18;5.18;5.18;5.18;800
20160201 095900;5.19;5.2;5.19;5.2;2000
20160201 100000;5.2;5.2;5.2;5.2;200
20160201 100500;5.2;5.2;5.2;5.2;100
20160201 100700;5.2;5.21;5.2;5.21;400
20160201 100800;5.22;5.22;5.22;5.22;100
20160201 100900;5.23;5.23;5.23;5.23;300
20160201 101900;5.24;5.24;5.2;5.2;600
20160201 102300;5.23;5.25;5.22;5.22;1700
20160201 102600;5.26;5.26;5.26;5.26;100
20160201 110800;5.27;5.27;5.27;5.27;100
20160201 111000;5.28;5.28;5.28;5.28;100
20160201 111300;5.29;5.29;5.28;5.2899;500
20160201 111400;5.28;5.3;5.28;5.3;739
20160201 111600;5.33;5.34;5.3299;5.34;425
20160201 112600;5.35;5.35;5.35;5.35;100
20160201 113300;5.37;5.37;5.33;5.33;2100
20160201 113500;5.37;5.37;5.37;5.37;100
20160201 113700;5.37;5.38;5.37;5.38;400
20160201 113800;5.38;5.38;5.38;5.38;700
20160201 113900;5.38;5.38;5.38;5.38;300
20160201 114100;5.375;5.375;5.37;5.37;300
20160201 114700;5.33;5.33;5.33;5.33;100
20160201 120600;5.33;5.33;5.33;5.33;100
20160201 120700;5.33;5.33;5.33;5.33;100
20160201 120800;5.33;5.34;5.3;5.31;4200
20160201 122100;5.34;5.34;5.34;5.34;200
20160201 122300;5.33;5.33;5.33;5.33;400
20160201 122400;5.33;5.33;5.33;5.33;500
20160201 123600;5.33;5.33;5.33;5.33;100
20160201 123700;5.33;5.33;5.33;5.33;100
20160201 125900;5.37;5.37;5.37;5.37;100
20160201 131800;5.37;5.37;5.37;5.37;200
20160201 132500;5.34;5.34;5.34;5.34;300
20160201 132600;5.33;5.34;5.32;5.34;1200
20160201 132700;5.31;5.31;5.31;5.31;565
20160201 133200;5.31;5.31;5.31;5.31;200
20160201 134100;5.31;5.31;5.31;5.31;200
20160201 134200;5.36;5.36;5.31;5.32;1600
20160201 135000;5.31;5.31;5.3;5.3;2400
20160201 135100;5.31;5.31;5.3;5.31;500
20160201 135200;5.3;5.3;5.3;5.3;100
20160201 142400;5.3;5.3;5.27;5.27;2400
20160201 142500;5.3;5.3;5.3;5.3;1100
20160201 143200;5.3;5.3;5.3;5.3;300
20160201 150800;5.3;5.3;5.28;5.28;1700
20160201 151700;5.3;5.3;5.2999;5.3;1600
20160201 151900;5.3;5.3;5.3;5.3;1200
20160201 152100;5.3;5.3;5.3;5.3;600
20160201 152200;5.3;5.3;5.3;5.3;100
20160201 152300;5.2935;5.2935;5.2935;5.2935;330
20160201 152600;5.29;5.29;5.29;5.29;600
20160201 153000;5.29;5.29;5.29;5.29;4300
20160201 153100;5.28;5.28;5.28;5.28;800
20160201 154300;5.28;5.28;5.28;5.28;100
20160201 154800;5.28;5.28;5.28;5.28;2200
20160201 155100;5.28;5.28;5.28;5.28;300
20160201 155300;5.28;5.28;5.28;5.28;100
20160201 155900;5.27;5.27;5.27;5.27;100
20160201 160000;5.28;5.28;5.27;5.28;1398
20160202 093500;5.37;5.37;5.37;5.37;200
20160202 094600;5.29;5.3152;5.27;5.28;1700
20160202 095000;5.33;5.33;5.28;5.29;300
20160202 101100;5.32;5.33;5.32;5.33;200
20160202 102800;5.31;5.31;5.28;5.307;2300
20160202 104300;5.31;5.31;5.28;5.28;900
20160202 113000;5.28;5.28;5.2;5.2;13870
20160202 114800;5.25;5.25;5.25;5.25;100
20160202 114900;5.23;5.23;5.23;5.23;100
20160202 115300;5.23;5.23;5.23;5.23;600
20160202 115700;5.23;5.237;5.22;5.22;2050
20160202 120300;5.2316;5.2316;5.22;5.22;300
20160202 120400;5.22;5.22;5.22;5.22;2100
20160202 120600;5.23;5.23;5.22;5.22;500
20160202 123400;5.23;5.23;5.23;5.23;300
20160202 123500;5.23;5.23;5.23;5.23;300
20160202 123900;5.225;5.23;5.225;5.23;700
20160202 124400;5.229;5.229;5.229;5.229;200
20160202 124900;5.229;5.23;5.225;5.225;3238
20160202 125000;5.22;5.23;5.22;5.23;1000
20160202 130100;5.225;5.24;5.225;5.24;2000
20160202 130400;5.23;5.2332;5.22;5.22;300
20160202 132300;5.24;5.24;5.23;5.23;300
20160202 132900;5.24;5.24;5.24;5.24;100
20160202 133200;5.24;5.24;5.24;5.24;200
20160202 135600;5.23;5.23;5.22;5.22;400
20160202 141400;5.24;5.24;5.22;5.22;9218
20160202 141600;5.23;5.23;5.23;5.23;300
20160202 142200;5.23;5.23;5.23;5.23;100
20160202 143800;5.23;5.23;5.22;5.22;300
20160202 150300;5.2499;5.2499;5.22;5.22;2200
20160202 151800;5.22;5.25;5.22;5.25;300
20160202 153400;5.31;5.32;5.27;5.27;1600
20160202 153500;5.32;5.32;5.27;5.27;600
20160202 153600;5.27;5.27;5.27;5.27;100
20160202 153700;5.28;5.287;5.27;5.287;300
20160202 153800;5.27;5.28;5.27;5.27;800
20160202 154000;5.27;5.27;5.27;5.27;100
20160202 154900;5.28;5.34;5.26;5.27;5100
20160202 155000;5.27;5.27;5.23;5.27;1600
20160202 155200;5.28;5.29;5.24;5.29;900
20160202 155600;5.287;5.2889;5.25;5.28;1200
20160202 155800;5.27;5.27;5.27;5.27;500
20160202 160000;5.27;5.27;5.27;5.27;100
20160203 093700;5.28;5.28;5.28;5.28;100
20160203 101100;5.23;5.23;5.22;5.22;500
20160203 101700;5.2452;5.2452;5.2452;5.2452;500
20160203 102300;5.27;5.27;5.27;5.27;100
20160203 103800;5.245;5.245;5.245;5.245;100
20160203 103900;5.24;5.24;5.24;5.24;100
20160203 104100;5.24;5.24;5.24;5.24;100
20160203 104700;5.25;5.25;5.25;5.25;200
20160203 105700;5.25;5.25;5.25;5.25;400
20160203 110200;5.244;5.244;5.22;5.22;805
20160203 110400;5.21;5.21;5.21;5.21;200
20160203 110500;5.21;5.21;5.21;5.21;100
20160203 114100;5.21;5.21;5.21;5.21;800
20160203 114900;5.2145;5.2145;5.21;5.21;288
20160203 115400;5.2101;5.2101;5.2101;5.2101;600
20160203 115800;5.24;5.24;5.24;5.24;100
20160203 120100;5.24;5.24;5.22;5.22;300
20160203 120300;5.24;5.24;5.24;5.24;200
20160203 120900;5.2163;5.2163;5.2163;5.2163;233
20160203 121000;5.21;5.21;5.21;5.21;300
20160203 122700;5.238;5.238;5.235;5.235;500
20160203 123000;5.23;5.235;5.22;5.23;1400
20160203 125200;5.23;5.23;5.23;5.23;200
20160203 132700;5.23;5.23;5.23;5.23;1200
20160203 132800;5.21;5.21;5.21;5.21;100
20160203 133000;5.23;5.23;5.23;5.23;100
20160203 133300;5.2101;5.2101;5.2101;5.2101;100
20160203 133800;5.22;5.22;5.22;5.22;235
20160203 135000;5.22;5.22;5.22;5.22;100
20160203 135700;5.21;5.21;5.21;5.21;100
20160203 140700;5.23;5.23;5.23;5.23;200
20160203 141100;5.23;5.23;5.21;5.21;1050
20160203 142500;5.22;5.22;5.22;5.22;100
20160203 143400;5.21;5.21;5.21;5.21;200
20160203 144200;5.23;5.23;5.23;5.23;200
20160203 145300;5.22;5.23;5.21;5.21;1200
20160203 145400;5.21;5.21;5.21;5.21;100
20160203 150900;5.2101;5.2101;5.21;5.21;1100
20160203 151900;5.2299;5.2299;5.2299;5.2299;500
20160203 152100;5.22;5.22;5.22;5.22;100
20160203 152900;5.23;5.23;5.21;5.21;200
20160203 155600;5.23;5.23;5.23;5.23;300
20160203 155700;5.23;5.23;5.23;5.23;100
20160203 160000;5.23;5.23;5.23;5.23;295
20160204 094500;5.2101;5.24;5.2101;5.24;400
20160204 094600;5.24;5.24;5.24;5.24;100
20160204 095000;5.25;5.25;5.25;5.25;100
20160204 100300;5.24;5.24;5.24;5.24;100
20160204 100500;5.24;5.24;5.24;5.24;300
20160204 100700;5.25;5.25;5.25;5.25;100
20160204 100800;5.25;5.25;5.2201;5.2201;600
20160204 101000;5.24;5.25;5.24;5.25;648
20160204 102500;5.25;5.25;5.25;5.25;100
20160204 105100;5.25;5.25;5.25;5.25;1200
20160204 105200;5.25;5.25;5.25;5.25;100
20160204 105300;5.2373;5.2373;5.2373;5.2373;310
20160204 105500;5.25;5.25;5.25;5.25;100
20160204 105600;5.24;5.24;5.24;5.24;200
20160204 110300;5.23;5.23;5.23;5.23;1900
20160204 110800;5.24;5.24;5.24;5.24;300
20160204 113300;5.24;5.24;5.24;5.24;100
20160204 121500;5.24;5.24;5.24;5.24;200
20160204 133200;5.24;5.24;5.24;5.24;100
20160204 135400;5.23;5.24;5.23;5.24;600
20160204 140500;5.24;5.24;5.24;5.24;200
20160204 141400;5.24;5.24;5.24;5.24;2900
20160204 141600;5.238;5.238;5.238;5.238;620
20160204 142000;5.22;5.22;5.22;5.22;100
20160204 151100;5.22;5.22;5.22;5.22;500
20160204 152100;5.22;5.22;5.22;5.22;200
20160204 154000;5.22;5.22;5.22;5.22;100
20160204 154100;5.21;5.21;5.21;5.21;128
20160204 154600;5.2184;5.2184;5.2184;5.2184;100
20160204 155000;5.2184;5.2184;5.2184;5.2184;100
20160204 155100;5.22;5.22;5.22;5.22;100
20160204 155200;5.22;5.22;5.22;5.22;100
20160204 155400;5.22;5.22;5.22;5.22;100
20160204 155500;5.2184;5.2184;5.2184;5.2184;100
20160204 155900;5.21;5.21;5.21;5.21;100
20160204 160000;5.21;5.2195;5.21;5.2195;500
20160204 160100;5.23;5.23;5.23;5.23;22
20160205 093100;5.1701;5.1701;5.1701;5.1701;500
20160205 095200;5.21;5.21;5.205;5.205;300
20160205 095900;5.21;5.21;5.21;5.21;200
20160205 100300;5.21;5.21;5.2099;5.2099;10600
20160205 100400;5.21;5.21;5.21;5.21;100
20160205 100500;5.21;5.21;5.21;5.21;100
20160205 100700;5.21;5.21;5.21;5.21;700
20160205 101000;5.21;5.21;5.205;5.2099;31900
20160205 101100;5.21;5.21;5.21;5.21;3903
20160205 102200;5.21;5.21;5.21;5.21;300
20160205 103000;5.21;5.22;5.21;5.22;1857
20160205 103200;5.215;5.215;5.215;5.215;200
20160205 103600;5.22;5.25;5.22;5.25;9304
20160205 103900;5.25;5.25;5.25;5.25;500
20160205 110000;5.28;5.29;5.28;5.29;200
20160205 110200;5.3;5.3;5.3;5.3;100
20160205 111200;5.3;5.3;5.3;5.3;200
20160205 114700;5.29;5.29;5.26;5.26;300
20160205 114800;5.27;5.28;5.27;5.2789;1000
20160205 115100;5.29;5.29;5.27;5.29;400
20160205 115400;5.26;5.26;5.26;5.26;100
20160205 120100;5.26;5.29;5.26;5.29;200
20160205 121600;5.286;5.286;5.286;5.286;1000
20160205 122200;5.24;5.24;5.24;5.24;100
20160205 123400;5.3;5.3;5.3;5.3;200
20160205 123600;5.3;5.3;5.3;5.3;200
20160205 124000;5.3;5.3;5.3;5.3;100
20160205 131200;5.28;5.28;5.28;5.28;100
20160205 131400;5.266;5.266;5.266;5.266;109
20160205 132200;5.28;5.28;5.27;5.28;300
20160205 132900;5.2667;5.2667;5.2667;5.2667;1000
20160205 133600;5.27;5.27;5.27;5.27;1100
20160205 133700;5.27;5.27;5.27;5.27;400
20160205 133800;5.27;5.27;5.27;5.27;300
20160205 133900;5.27;5.27;5.27;5.27;100
20160205 134000;5.28;5.28;5.28;5.28;4000
20160205 134200;5.3;5.3;5.3;5.3;200
20160205 135400;5.25;5.255;5.24;5.25;10370
20160205 135500;5.25;5.25;5.25;5.25;900
20160205 135600;5.25;5.25;5.25;5.25;400
20160205 135700;5.25;5.25;5.25;5.25;500
20160205 135800;5.25;5.25;5.25;5.25;400
20160205 135900;5.25;5.25;5.25;5.25;200
20160205 143500;5.25;5.25;5.2401;5.25;1143
20160205 144900;5.24;5.24;5.24;5.24;182
20160205 154000;5.2484;5.2484;5.2484;5.2484;100
20160205 154100;5.2484;5.2484;5.2484;5.2484;100
20160205 154400;5.25;5.25;5.25;5.25;100
20160205 154800;5.25;5.25;5.24;5.24;300
20160205 155000;5.2484;5.2484;5.2484;5.2484;100
20160205 155100;5.2484;5.2484;5.2484;5.2484;100
20160205 155300;5.25;5.25;5.25;5.25;100
20160205 155600;5.25;5.25;5.24;5.24;700
20160205 155900;5.24;5.24;5.24;5.24;800
20160205 160000;5.23;5.23;5.23;5.23;691
