20160119 094100;10.53;10.53;10.53;10.53;100
20160119 100200;10.5055;10.5055;10.5055;10.5055;200
20160119 104600;10.42;10.4201;10.42;10.4201;545
20160119 105200;10.4201;10.4201;10.4201;10.4201;528
20160119 105800;10.4494;10.4494;10.4494;10.4494;2500
20160119 110800;10.45;10.4501;10.44;10.4401;2000
20160119 111300;10.43;10.43;10.39;10.41;400
20160119 111600;10.3794;10.3794;10.3794;10.3794;800
20160119 111900;10.3745;10.3745;10.3745;10.3745;800
20160119 112100;10.3659;10.3659;10.3659;10.3659;700
20160119 112200;10.35;10.35;10.35;10.35;100
20160119 112300;10.3628;10.3628;10.3628;10.3628;400
20160119 112500;10.367;10.367;10.367;10.367;800
20160119 112600;10.35;10.35;10.35;10.35;100
20160119 112800;10.3623;10.3623;10.3623;10.3623;800
20160119 112900;10.35;10.35;10.35;10.35;100
20160119 113200;10.35;10.3612;10.35;10.3612;600
20160119 113300;10.3673;10.3673;10.3673;10.3673;935
20160119 113500;10.36;10.36;10.36;10.36;100
20160119 113900;10.33;10.3578;10.33;10.3578;700
20160119 114000;10.38;10.38;10.38;10.38;585
20160119 114200;10.4152;10.4152;10.4152;10.4152;500
20160119 114500;10.41;10.41;10.41;10.41;100
20160119 114700;10.42;10.42;10.42;10.42;100
20160119 114800;10.4253;10.4253;10.4253;10.4253;1446
20160119 114900;10.42;10.42;10.42;10.42;200
20160119 115400;10.4;10.4;10.4;10.4;100
20160119 115500;10.42;10.42;10.42;10.42;300
20160119 115700;10.41;10.41;10.41;10.41;300
20160119 120100;10.4;10.4;10.4;10.4;950
20160119 120800;10.37;10.37;10.37;10.37;100
20160119 121200;10.35;10.35;10.34;10.34;200
20160119 121400;10.342;10.342;10.342;10.342;246
20160119 121500;10.32;10.346;10.32;10.346;900
20160119 121600;10.32;10.32;10.32;10.32;100
20160119 122000;10.32;10.32;10.32;10.32;100
20160119 122400;10.32;10.32;10.3;10.3;200
20160119 122500;10.3;10.3;10.3;10.3;100
20160119 122800;10.3;10.3;10.3;10.3;100
20160119 123100;10.3;10.3;10.3;10.3;100
20160119 123300;10.28;10.3208;10.28;10.3208;837
20160119 123700;10.28;10.28;10.28;10.28;100
20160119 123800;10.3152;10.3152;10.3152;10.3152;500
20160119 124000;10.35;10.4;10.35;10.36;1900
20160119 124500;10.36;10.36;10.36;10.36;100
20160119 125100;10.33;10.33;10.33;10.33;100
20160119 125300;10.33;10.33;10.33;10.33;100
20160119 125500;10.32;10.32;10.32;10.32;100
20160119 125700;10.33;10.3534;10.32;10.3534;2000
20160119 125900;10.34;10.34;10.34;10.34;100
20160119 130000;10.33;10.33;10.33;10.33;100
20160119 130400;10.34;10.34;10.34;10.34;100
20160119 130500;10.34;10.34;10.34;10.34;100
20160119 130600;10.34;10.3596;10.32;10.3596;700
20160119 130900;10.32;10.32;10.32;10.32;100
20160119 131000;10.33;10.33;10.33;10.33;100
20160119 131300;10.34;10.34;10.34;10.34;100
20160119 131500;10.34;10.34;10.34;10.34;100
20160119 132000;10.34;10.34;10.34;10.34;200
20160119 132100;10.34;10.35;10.34;10.35;900
20160119 132600;10.35;10.35;10.35;10.35;100
20160119 133500;10.33;10.33;10.32;10.32;200
20160119 133900;10.31;10.31;10.31;10.31;100
20160119 134100;10.31;10.31;10.31;10.31;100
20160119 134400;10.29;10.29;10.29;10.29;100
20160119 134800;10.29;10.29;10.29;10.29;100
20160119 135200;10.3;10.3;10.3;10.3;100
20160119 135300;10.3;10.3;10.3;10.3;100
20160119 135600;10.28;10.28;10.28;10.28;100
20160119 135800;10.28;10.28;10.28;10.28;100
20160119 140000;10.28;10.28;10.28;10.28;100
20160119 140300;10.28;10.28;10.28;10.28;100
20160119 140400;10.28;10.28;10.28;10.28;100
20160119 140800;10.28;10.28;10.28;10.28;100
20160119 140900;10.28;10.28;10.28;10.28;100
20160119 141100;10.27;10.27;10.27;10.27;100
20160119 141500;10.25;10.25;10.25;10.25;100
20160119 141800;10.25;10.25;10.25;10.25;100
20160119 141900;10.2631;10.2631;10.25;10.25;1325
20160119 142300;10.25;10.27;10.25;10.27;200
20160119 142700;10.24;10.24;10.24;10.24;100
20160119 142800;10.23;10.23;10.23;10.23;100
20160119 143000;10.24;10.24;10.24;10.24;100
20160119 143400;10.24;10.24;10.24;10.24;100
20160119 143700;10.293;10.293;10.293;10.293;750
20160119 143800;10.23;10.23;10.23;10.23;200
20160119 144500;10.25;10.25;10.25;10.25;100
20160119 144600;10.25;10.2501;10.25;10.2501;5056
20160119 144700;10.25;10.25;10.25;10.25;100
20160119 144800;10.23;10.23;10.23;10.23;100
20160119 145100;10.2323;10.2323;10.22;10.22;7201
20160119 145200;10.16;10.16;10.16;10.16;100
20160119 145500;10.15;10.15;10.15;10.15;200
20160119 145600;10.15;10.15;10.15;10.15;100
20160119 145800;10.2;10.2;10.2;10.2;600
20160119 145900;10.2;10.2;10.156;10.156;600
20160119 150100;10.19;10.19;10.19;10.19;100
20160119 150200;10.19;10.19;10.19;10.19;100
20160119 150300;10.1947;10.1947;10.18;10.18;489
20160119 150500;10.19;10.21;10.19;10.21;900
20160119 150900;10.21;10.21;10.21;10.21;200
20160119 151100;10.21;10.21;10.21;10.21;100
20160119 151200;10.2;10.2;10.2;10.2;100
20160119 151300;10.2;10.2;10.2;10.2;100
20160119 151500;10.2;10.2;10.2;10.2;100
20160119 151600;10.19;10.19;10.19;10.19;100
20160119 151700;10.22;10.22;10.19;10.19;2200
20160119 151800;10.19;10.19;10.18;10.19;300
20160119 151900;10.2059;10.2059;10.2059;10.2059;500
20160119 152000;10.2;10.2;10.19;10.19;400
20160119 152100;10.19;10.19;10.19;10.19;100
20160119 152800;10.22;10.22;10.22;10.22;900
20160119 152900;10.23;10.23;10.23;10.23;100
20160119 153000;10.23;10.23;10.23;10.23;100
20160119 153100;10.23;10.2304;10.22;10.2304;3200
20160119 153500;10.26;10.26;10.26;10.26;300
20160119 153700;10.2699;10.2699;10.26;10.2699;1673
20160119 154200;10.26;10.26;10.26;10.26;200
20160119 154400;10.2699;10.2699;10.26;10.26;1300
20160119 154500;10.26;10.267;10.23;10.267;1700
20160119 154600;10.24;10.24;10.22;10.22;700
20160119 154700;10.228;10.228;10.22;10.22;200
20160119 154800;10.2264;10.2264;10.2264;10.2264;100
20160119 154900;10.25;10.25;10.25;10.25;100
20160119 155100;10.25;10.2599;10.25;10.25;1800
20160119 155200;10.25;10.25;10.25;10.25;200
20160119 155300;10.25;10.25;10.208;10.208;1300
20160119 155400;10.2;10.21;10.2;10.208;300
20160119 155500;10.2;10.21;10.2;10.21;300
20160119 155600;10.2499;10.25;10.24;10.24;3200
20160119 155700;10.25;10.25;10.24;10.24;275
20160119 155800;10.2412;10.2418;10.2;10.2;4215
20160119 155900;10.19;10.19;10.19;10.19;600
20160119 160000;10.19;10.24;10.19;10.23;3800
20160120 093400;10.0664;10.0664;10.0664;10.0664;550
20160120 094300;10.06;10.06;10.06;10.06;101
20160120 094600;10.06;10.06;10.06;10.06;200
20160120 095300;10.07;10.07;10.07;10.07;100
20160120 095500;10.07;10.07;10.07;10.07;100
20160120 095800;10.028;10.028;10.028;10.028;491
20160120 100000;10.06;10.06;10.06;10.06;173
20160120 100200;10.01;10.01;10.01;10.01;100
20160120 100400;10.02;10.02;10.02;10.02;192
20160120 100500;10.01;10.02;10.01;10.02;508
20160120 100800;10.01;10.01;10.01;10.01;100
20160120 101300;10.01;10.01;10.01;10.01;100
20160120 101700;10.025;10.025;10.025;10.025;800
20160120 102200;10.02;10.02;10.02;10.02;163
20160120 102800;10.0101;10.0101;10.0101;10.0101;400
20160120 103100;10.03;10.03;10.03;10.03;100
20160120 103200;10.02;10.02;10.01;10.01;200
20160120 103500;10.01;10.01;10.01;10.01;100
20160120 103700;10;10;9.95;9.95;6169
20160120 104000;10.0199;10.0199;10.0199;10.0199;490
20160120 104700;9.9673;9.9673;9.9673;9.9673;200
20160120 105300;9.97;9.97;9.97;9.97;200
20160120 105500;9.95;9.95;9.95;9.95;200
20160120 105600;9.95;9.95;9.95;9.95;300
20160120 105800;9.9;9.9;9.9;9.9;200
20160120 105900;9.9;9.9;9.9;9.9;300
20160120 110000;9.845;9.845;9.84;9.84;300
20160120 110100;9.787;9.845;9.781;9.845;611
20160120 110300;9.84;9.84;9.84;9.84;200
20160120 110400;9.87;9.87;9.86;9.86;200
20160120 110500;9.9;9.9;9.9;9.9;100
20160120 111100;9.81;9.81;9.81;9.81;600
20160120 112900;9.8699;9.8699;9.82;9.82;2100
20160120 113200;9.82;9.8232;9.81;9.81;2021
20160120 113400;9.81;9.81;9.81;9.81;100
20160120 113600;9.81;9.81;9.81;9.81;100
20160120 113800;9.81;9.81;9.81;9.81;162
20160120 115700;9.8295;9.8295;9.8295;9.8295;731
20160120 120900;9.7801;9.7801;9.78;9.78;500
20160120 121300;9.8069;9.8069;9.8069;9.8069;305
20160120 121400;9.8;9.8;9.8;9.8;300
20160120 121500;9.8;9.8;9.8;9.8;100
20160120 121600;9.8;9.8;9.8;9.8;100
20160120 121700;9.8;9.8;9.8;9.8;200
20160120 121900;9.76;9.76;9.76;9.76;100
20160120 122000;9.76;9.76;9.76;9.76;100
20160120 122100;9.76;9.76;9.76;9.76;100
20160120 122200;9.75;9.75;9.75;9.75;200
20160120 122300;9.75;9.75;9.7342;9.7342;1608
20160120 122400;9.73;9.73;9.73;9.73;100
20160120 122500;9.67;9.67;9.67;9.67;100
20160120 122600;9.7;9.7;9.7;9.7;100
20160120 122700;9.69;9.6911;9.69;9.69;900
20160120 122800;9.69;9.69;9.69;9.69;100
20160120 122900;9.69;9.69;9.69;9.69;100
20160120 123000;9.71;9.7197;9.62;9.62;4801
20160120 124100;9.582;9.582;9.582;9.582;1471
20160120 130200;9.75;9.75;9.75;9.75;500
20160120 130300;9.77;9.78;9.77;9.78;400
20160120 131000;9.81;9.81;9.81;9.81;100
20160120 131100;9.81;9.81;9.81;9.81;700
20160120 131600;9.81;9.81;9.75;9.75;1900
20160120 132100;9.75;9.75;9.715;9.715;300
20160120 132200;9.69;9.69;9.69;9.69;100
20160120 132300;9.7182;9.7182;9.7182;9.7182;1200
20160120 132500;9.73;9.73;9.73;9.73;300
20160120 132700;9.74;9.74;9.74;9.74;200
20160120 132800;9.74;9.74;9.74;9.74;500
20160120 132900;9.7411;9.7411;9.74;9.74;1000
20160120 133000;9.73;9.73;9.73;9.73;300
20160120 133100;9.74;9.74;9.74;9.74;3200
20160120 133300;9.7869;9.7869;9.7869;9.7869;1048
20160120 133600;9.75;9.75;9.73;9.73;1300
20160120 133700;9.73;9.73;9.73;9.73;100
20160120 134000;9.802;9.802;9.802;9.802;4100
20160120 134200;9.721;9.721;9.721;9.721;500
20160120 134300;9.73;9.74;9.73;9.73;2800
20160120 134600;9.76;9.76;9.76;9.76;500
20160120 134900;9.79;9.8099;9.79;9.8099;745
20160120 135000;9.79;9.79;9.79;9.79;100
20160120 135300;9.8108;9.8108;9.8099;9.81;2400
20160120 135600;9.81;9.81;9.81;9.81;100
20160120 135700;9.8052;9.8052;9.8052;9.8052;600
20160120 135800;9.81;9.81;9.81;9.81;200
20160120 135900;9.8199;9.8199;9.77;9.77;3800
20160120 140100;9.82;9.83;9.82;9.83;1250
20160120 140200;9.84;9.84;9.84;9.84;588
20160120 140300;9.86;9.86;9.86;9.86;200
20160120 140600;9.8699;9.8699;9.8699;9.8699;507
20160120 140700;9.86;9.86;9.86;9.86;500
20160120 141600;9.87;9.87;9.85;9.85;200
20160120 141700;9.9;9.9;9.9;9.9;100
20160120 141900;9.9499;9.9499;9.9499;9.9499;100
20160120 144200;9.88;9.88;9.88;9.88;2927
20160120 144600;9.822;9.822;9.822;9.822;700
20160120 145200;9.8101;9.8115;9.81;9.811;1165
20160120 145400;9.8597;9.8597;9.82;9.82;1300
20160120 145500;9.8365;9.8365;9.8365;9.8365;250
20160120 150100;9.92;9.92;9.92;9.92;2000
20160120 150800;9.904;9.904;9.904;9.904;1008
20160120 150900;9.8301;9.8301;9.8301;9.8301;1609
20160120 151200;9.87;9.87;9.805;9.805;9700
20160120 151700;9.87;9.87;9.87;9.87;100
20160120 151900;9.9;9.9;9.89;9.89;865
20160120 152000;9.9;9.93;9.9;9.93;2035
20160120 152300;9.93;9.94;9.93;9.94;1200
20160120 152500;9.99;9.99;9.99;9.99;100
20160120 152600;10.05;10.06;10.03;10.06;3400
20160120 153900;10.014;10.018;10.014;10.018;1200
20160120 155000;10.02;10.02;9.99;9.9904;3900
20160120 155200;10.01;10.03;10.01;10.03;1542
20160120 155500;10.01;10.01;10.01;10.01;100
20160120 155600;10.03;10.03;10.03;10.03;100
20160120 155700;10.03;10.03;10.03;10.03;200
20160120 155800;10.07;10.08;10.07;10.08;1040
20160120 155900;10.07;10.07;10.07;10.07;100
20160121 095400;10.0799;10.0799;10.0799;10.0799;447
20160121 100500;10.0646;10.0646;10.06;10.06;4076
20160121 100900;10.05;10.05;10.025;10.025;300
20160121 101100;10.05;10.05;10.05;10.05;100
20160121 101200;10.07;10.08;10.07;10.08;1504
20160121 101300;10.0959;10.0959;10.0959;10.0959;800
20160121 101500;10.0932;10.0932;10.0932;10.0932;1644
20160121 101800;10.12;10.13;10.11;10.11;1400
20160121 102300;10.09;10.095;10.09;10.09;500
20160121 102800;10.1;10.1;10.1;10.1;100
20160121 103100;10.09;10.09;10.02;10.02;2743
20160121 103900;10.1;10.1;10.1;10.1;100
20160121 105000;10.12;10.12;10.12;10.12;100
20160121 111000;10.157;10.157;10.157;10.157;2000
20160121 111400;10.1599;10.1599;10.1599;10.1599;2000
20160121 111600;10.16;10.16;10.16;10.16;100
20160121 111800;10.155;10.155;10.15;10.15;400
20160121 112500;10.04;10.04;10.04;10.04;100
20160121 113100;10.1;10.107;10.1;10.1;5416
20160121 115600;10.13;10.13;10.1299;10.1299;800
20160121 115700;10.12;10.13;10.12;10.1299;1100
20160121 115900;10.13;10.13;10.13;10.13;284
20160121 120100;10.1299;10.13;10.1299;10.13;1100
20160121 120300;10.15;10.15;10.15;10.15;200
20160121 120900;10.16;10.16;10.16;10.16;200
20160121 121600;10.17;10.17;10.17;10.17;100
20160121 121700;10.19;10.19;10.19;10.19;100
20160121 122500;10.18;10.18;10.18;10.18;300
20160121 123400;10.1666;10.1666;10.1666;10.1666;1500
20160121 130400;10.21;10.21;10.21;10.21;100
20160121 131000;10.1834;10.1834;10.1834;10.1834;279
20160121 131500;10.19;10.19;10.19;10.19;300
20160121 131600;10.19;10.19;10.1392;10.1392;1649
20160121 132100;10.16;10.16;10.16;10.16;100
20160121 132600;10.15;10.15;10.15;10.15;300
20160121 133300;10.14;10.14;10.14;10.14;100
20160121 133500;10.12;10.12;10.12;10.12;200
20160121 140100;10.08;10.08;10.08;10.08;100
20160121 140300;10.11;10.15;10.11;10.15;2142
20160121 141400;10.08;10.08;10.08;10.08;100
20160121 143300;10.11;10.11;10.106;10.106;200
20160121 144900;10.0945;10.0945;10.0945;10.0945;245
20160121 145000;10.09;10.09;10.09;10.09;100
20160121 145800;10.1299;10.13;10.12;10.12;1000
20160121 150200;10.1214;10.1214;10.1214;10.1214;2000
20160121 150300;10.1099;10.1099;10.1099;10.1099;792
20160121 150600;10.1299;10.1299;10.1299;10.1299;1500
20160121 151200;10.1146;10.1146;10.1146;10.1146;100
20160121 152300;10.1199;10.12;10.1199;10.12;1100
20160121 152600;10.1199;10.1199;10.1199;10.1199;2000
20160121 153300;10.12;10.14;10.12;10.14;200
20160121 154400;10.1477;10.1477;10.1477;10.1477;407
20160121 154800;10.15;10.15;10.1472;10.1472;525
20160121 155000;10.14;10.14;10.14;10.14;100
20160121 155300;10.15;10.15;10.15;10.15;100
20160121 155400;10.1499;10.17;10.1499;10.17;2400
20160121 155700;10.14;10.14;10.14;10.14;592
20160121 155900;10.16;10.16;10.16;10.16;100
20160121 160000;10.14;10.14;10.14;10.14;200
20160122 093100;10.3;10.3;10.3;10.3;100
20160122 094000;10.31;10.31;10.31;10.31;300
20160122 094400;10.31;10.33;10.26;10.26;781
20160122 095000;10.3;10.3;10.299;10.299;1571
20160122 095200;10.29;10.375;10.29;10.375;200
20160122 095300;10.3799;10.3799;10.34;10.3624;2100
20160122 095600;10.3;10.3;10.3;10.3;100
20160122 095900;10.27;10.27;10.27;10.27;250
20160122 100000;10.271;10.315;10.271;10.315;500
20160122 100300;10.27;10.27;10.27;10.27;100
20160122 100400;10.315;10.35;10.315;10.35;200
20160122 100500;10.3402;10.3402;10.315;10.315;700
20160122 100900;10.355;10.355;10.355;10.355;100
20160122 101400;10.31;10.31;10.31;10.31;250
20160122 101700;10.31;10.31;10.31;10.31;100
20160122 103600;10.354;10.354;10.354;10.354;500
20160122 104200;10.36;10.36;10.36;10.36;100
20160122 104300;10.37;10.38;10.35;10.35;1900
20160122 104400;10.34;10.34;10.33;10.33;1000
20160122 105400;10.31;10.31;10.31;10.31;400
20160122 110800;10.282;10.282;10.282;10.282;1900
20160122 111000;10.295;10.295;10.295;10.295;100
20160122 111500;10.282;10.282;10.282;10.282;1900
20160122 112000;10.326;10.326;10.324;10.324;2400
20160122 112200;10.3;10.324;10.3;10.324;3000
20160122 112300;10.33;10.33;10.33;10.33;200
20160122 112700;10.36;10.3658;10.33;10.33;2800
20160122 112900;10.325;10.325;10.325;10.325;100
20160122 113000;10.33;10.33;10.33;10.33;100
20160122 113100;10.33;10.33;10.33;10.33;100
20160122 113800;10.33;10.36;10.33;10.3599;800
20160122 114000;10.3;10.3;10.3;10.3;1100
20160122 115000;10.317;10.317;10.3158;10.3158;2400
20160122 115100;10.32;10.32;10.32;10.32;100
20160122 115500;10.33;10.33;10.33;10.33;200
20160122 115600;10.3258;10.33;10.3258;10.33;1100
20160122 115700;10.325;10.325;10.32;10.32;265
20160122 115900;10.33;10.33;10.33;10.33;100
20160122 120500;10.33;10.33;10.33;10.33;100
20160122 121000;10.33;10.33;10.33;10.33;100
20160122 121200;10.33;10.33;10.33;10.33;1300
20160122 122400;10.33;10.33;10.33;10.33;100
20160122 123600;10.34;10.34;10.34;10.34;200
20160122 123700;10.34;10.35;10.34;10.35;200
20160122 125700;10.36;10.36;10.36;10.36;100
20160122 130400;10.37;10.37;10.37;10.37;1800
20160122 132100;10.37;10.37;10.37;10.37;200
20160122 133000;10.37;10.39;10.37;10.39;400
20160122 133900;10.39;10.39;10.39;10.39;300
20160122 134600;10.39;10.39;10.39;10.39;200
20160122 135200;10.3958;10.41;10.368;10.368;2800
20160122 135600;10.41;10.41;10.41;10.41;100
20160122 140100;10.42;10.42;10.42;10.42;100
20160122 140800;10.4158;10.4158;10.4158;10.4158;1050
20160122 141400;10.3969;10.3969;10.3969;10.3969;400
20160122 142100;10.42;10.42;10.42;10.42;200
20160122 142700;10.41;10.41;10.41;10.41;200
20160122 142900;10.42;10.42;10.41;10.41;1500
20160122 143700;10.37;10.3836;10.37;10.3836;1054
20160122 144100;10.3804;10.3804;10.374;10.374;1763
20160122 150500;10.399;10.399;10.399;10.399;514
20160122 152300;10.41;10.43;10.41;10.43;400
20160122 152400;10.43;10.43;10.42;10.43;400
20160122 152500;10.42;10.42;10.42;10.42;300
20160122 152600;10.42;10.42;10.42;10.42;300
20160122 153200;10.42;10.42;10.42;10.42;100
20160122 153300;10.42;10.42;10.42;10.42;155
20160122 154400;10.43;10.44;10.43;10.44;200
20160122 154900;10.44;10.46;10.44;10.46;395
20160122 155100;10.3701;10.3701;10.3701;10.3701;2095
20160122 155300;10.46;10.46;10.46;10.46;100
20160122 155400;10.465;10.465;10.465;10.465;200
20160122 155600;10.46;10.4658;10.46;10.4658;500
20160122 160000;10.47;10.47;10.46;10.46;1300
20160125 093600;10.2701;10.2701;10.27;10.27;1300
20160125 093900;10.39;10.39;10.39;10.39;200
20160125 094100;10.29;10.29;10.29;10.29;100
20160125 095400;10.3423;10.3423;10.29;10.29;4088
20160125 095700;10.32;10.32;10.32;10.32;100
20160125 095800;10.3;10.31;10.3;10.31;702
20160125 100200;10.3101;10.3101;10.3101;10.3101;500
20160125 100500;10.3802;10.4;10.3802;10.4;700
20160125 101800;10.39;10.39;10.36;10.36;400
20160125 101900;10.33;10.38;10.33;10.38;400
20160125 102000;10.36;10.36;10.36;10.36;200
20160125 102100;10.35;10.35;10.35;10.35;100
20160125 102700;10.41;10.41;10.41;10.41;100
20160125 104000;10.3798;10.39;10.3798;10.39;228
20160125 104300;10.3656;10.3656;10.3656;10.3656;890
20160125 110400;10.32;10.332;10.29;10.332;2700
20160125 111200;10.3088;10.3088;10.3088;10.3088;900
20160125 111400;10.3075;10.3075;10.3075;10.3075;1000
20160125 112600;10.301;10.301;10.301;10.301;590
20160125 122800;10.3457;10.3457;10.3457;10.3457;1200
20160125 123500;10.3301;10.3301;10.3301;10.3301;743
20160125 123600;10.33;10.3502;10.33;10.3465;1000
20160125 130100;10.34;10.39;10.33;10.33;1238
20160125 130700;10.39;10.39;10.39;10.39;100
20160125 131500;10.39;10.39;10.39;10.39;300
20160125 140000;10.405;10.405;10.39;10.39;2400
20160125 140100;10.36;10.36;10.36;10.36;300
20160125 140200;10.36;10.36;10.36;10.36;900
20160125 140300;10.36;10.36;10.36;10.36;300
20160125 140400;10.36;10.36;10.36;10.36;600
20160125 140500;10.36;10.36;10.36;10.36;461
20160125 142600;10.3667;10.3667;10.3667;10.3667;1000
20160125 151500;10.3577;10.3577;10.3577;10.3577;1915
20160125 151700;10.3401;10.3401;10.3401;10.3401;501
20160125 152300;10.3401;10.3401;10.34;10.34;607
20160125 153300;10.33;10.33;10.33;10.33;200
20160125 153500;10.32;10.33;10.29;10.32;2510
20160125 153700;10.3004;10.3004;10.3004;10.3004;400
20160125 154500;10.29;10.2964;10.29;10.2964;400
20160125 154600;10.29;10.29;10.29;10.29;100
20160125 155200;10.29;10.29;10.29;10.29;100
20160125 155700;10.3;10.3;10.3;10.3;100
20160125 155800;10.29;10.29;10.29;10.29;550
20160125 160000;10.26;10.28;10.26;10.28;600
20160126 094100;10.34;10.36;10.29;10.33;5300
20160126 094300;10.3;10.3099;10.3;10.3099;2480
20160126 094400;10.31;10.31;10.31;10.31;400
20160126 094500;10.32;10.33;10.32;10.33;800
20160126 094900;10.31;10.31;10.31;10.31;400
20160126 095000;10.31;10.31;10.31;10.31;300
20160126 095100;10.31;10.31;10.31;10.31;100
20160126 095200;10.31;10.31;10.31;10.31;200
20160126 095300;10.31;10.31;10.31;10.31;400
20160126 095400;10.31;10.31;10.31;10.31;700
20160126 095500;10.31;10.31;10.31;10.31;500
20160126 095600;10.32;10.32;10.32;10.32;600
20160126 095700;10.32;10.32;10.32;10.32;100
20160126 100500;10.32;10.32;10.32;10.32;150
20160126 100900;10.3599;10.3599;10.3599;10.3599;500
20160126 101300;10.36;10.37;10.36;10.37;300
20160126 102100;10.371;10.38;10.371;10.38;800
20160126 111000;10.39;10.39;10.39;10.39;100
20160126 115700;10.409;10.409;10.409;10.409;700
20160126 115800;10.395;10.395;10.395;10.395;500
20160126 121900;10.4304;10.4304;10.4304;10.4304;500
20160126 130600;10.43;10.43;10.43;10.43;100
20160126 131200;10.447;10.447;10.415;10.43;1100
20160126 132800;10.445;10.445;10.445;10.445;100
20160126 133200;10.42;10.46;10.38;10.38;6377
20160126 133600;10.391;10.391;10.391;10.391;311
20160126 133700;10.44;10.44;10.44;10.44;800
20160126 133800;10.446;10.449;10.446;10.449;1000
20160126 133900;10.44;10.45;10.44;10.44;400
20160126 134000;10.45;10.45;10.45;10.45;900
20160126 135500;10.46;10.46;10.46;10.46;500
20160126 140100;10.46;10.46;10.46;10.46;100
20160126 140500;10.466;10.466;10.4575;10.466;1000
20160126 140900;10.4509;10.47;10.4509;10.4699;1900
20160126 143200;10.44;10.44;10.44;10.44;600
20160126 143800;10.47;10.47;10.47;10.47;100
20160126 144400;10.44;10.44;10.44;10.44;100
20160126 144800;10.4464;10.45;10.4461;10.45;600
20160126 145600;10.44;10.44;10.44;10.44;100
20160126 150400;10.4262;10.4262;10.4262;10.4262;210
20160126 150500;10.4399;10.4399;10.4399;10.4399;450
20160126 150800;10.4148;10.4152;10.4148;10.4148;400
20160126 152000;10.44;10.44;10.44;10.44;200
20160126 154500;10.4588;10.4588;10.4588;10.4588;575
20160126 155900;10.43;10.43;10.43;10.43;100
20160126 160000;10.44;10.44;10.44;10.44;500
20160127 094000;10.45;10.47;10.36;10.47;2019
20160127 094100;10.425;10.425;10.38;10.38;200
20160127 094300;10.48;10.48;10.48;10.48;100
20160127 101400;10.3904;10.43;10.35;10.4193;4153
20160127 101900;10.4189;10.42;10.4189;10.42;200
20160127 104000;10.415;10.415;10.415;10.415;100
20160127 111700;10.39;10.39;10.39;10.39;500
20160127 111800;10.424;10.43;10.424;10.43;1100
20160127 112100;10.45;10.45;10.45;10.45;273
20160127 121700;10.49;10.49;10.49;10.49;400
20160127 121800;10.54;10.54;10.54;10.54;1500
20160127 122200;10.53;10.53;10.53;10.53;100
20160127 125500;10.5499;10.5499;10.5101;10.5101;1854
20160127 131100;10.53;10.53;10.53;10.53;110
20160127 132600;10.5;10.5;10.5;10.5;200
20160127 132800;10.4927;10.4927;10.4927;10.4927;1000
20160127 133300;10.51;10.51;10.51;10.51;200
20160127 135400;10.51;10.51;10.4944;10.4944;5000
20160127 135800;10.52;10.52;10.52;10.52;100
20160127 140200;10.54;10.54;10.54;10.54;100
20160127 141000;10.5;10.5;10.49;10.49;1317
20160127 141100;10.48;10.48;10.48;10.48;100
20160127 142700;10.48;10.48;10.48;10.48;100
20160127 143200;10.46;10.462;10.45;10.462;1100
20160127 144000;10.46;10.46;10.46;10.46;400
20160127 144500;10.41;10.413;10.41;10.413;900
20160127 145400;10.44;10.44;10.44;10.44;100
20160127 150700;10.37;10.37;10.36;10.36;200
20160127 151400;10.33;10.33;10.33;10.33;100
20160127 152400;10.33;10.33;10.33;10.33;100
20160127 152900;10.366;10.37;10.342;10.37;3000
20160127 153100;10.37;10.37;10.37;10.37;100
20160127 153300;10.37;10.37;10.37;10.37;200
20160127 153400;10.38;10.38;10.38;10.38;100
20160127 153600;10.37;10.37;10.37;10.37;100
20160127 153900;10.37;10.37;10.37;10.37;200
20160127 154000;10.38;10.38;10.37;10.37;400
20160127 154100;10.39;10.39;10.36;10.36;1417
20160127 154600;10.4;10.4;10.4;10.4;100
20160127 155300;10.4;10.4;10.4;10.4;100
20160127 155600;10.41;10.41;10.41;10.41;200
20160127 155700;10.41;10.41;10.4;10.4;200
20160127 155800;10.41;10.41;10.41;10.41;100
20160127 155900;10.41;10.41;10.41;10.41;200
20160127 160000;10.41;10.41;10.41;10.41;100
20160128 095000;10.58;10.58;10.58;10.58;100
20160128 100000;10.58;10.58;10.58;10.58;100
20160128 100400;10.56;10.575;10.51;10.55;3427
20160128 101700;10.54;10.54;10.53;10.53;300
20160128 102500;10.51;10.55;10.5;10.55;1700
20160128 103400;10.49;10.5;10.49;10.5;200
20160128 104200;10.49;10.5;10.49;10.5;600
20160128 104700;10.4728;10.51;10.4728;10.51;700
20160128 114900;10.4698;10.5099;10.4698;10.5099;600
20160128 115700;10.5199;10.5199;10.5199;10.5199;100
20160128 115900;10.51;10.51;10.51;10.51;100
20160128 120200;10.4999;10.4999;10.4999;10.4999;100
20160128 120500;10.5;10.5;10.5;10.5;200
20160128 121000;10.52;10.52;10.52;10.52;300
20160128 121600;10.54;10.54;10.54;10.54;300
20160128 122100;10.5399;10.5399;10.5399;10.5399;400
20160128 122600;10.54;10.54;10.54;10.54;500
20160128 123100;10.54;10.54;10.54;10.54;100
20160128 123200;10.55;10.55;10.55;10.55;400
20160128 123300;10.55;10.56;10.55;10.56;300
20160128 123700;10.6;10.6;10.6;10.6;300
20160128 124300;10.6;10.6;10.6;10.6;300
20160128 124900;10.5999;10.5999;10.5999;10.5999;300
20160128 125100;10.6;10.6;10.6;10.6;200
20160128 125300;10.6;10.6;10.6;10.6;200
20160128 125400;10.5999;10.5999;10.5999;10.5999;300
20160128 125500;10.6;10.6;10.6;10.6;200
20160128 130000;10.6;10.6;10.6;10.6;300
20160128 130500;10.59;10.6;10.59;10.6;300
20160128 130800;10.5587;10.5587;10.5587;10.5587;380
20160128 131100;10.59;10.59;10.59;10.59;300
20160128 131600;10.6;10.6;10.6;10.6;300
20160128 132100;10.5799;10.5799;10.5799;10.5799;300
20160128 132700;10.5799;10.5799;10.5799;10.5799;300
20160128 133200;10.58;10.58;10.58;10.58;300
20160128 133700;10.58;10.58;10.58;10.58;300
20160128 134300;10.58;10.58;10.58;10.58;300
20160128 134800;10.5899;10.5899;10.5899;10.5899;300
20160128 135300;10.59;10.59;10.59;10.59;300
20160128 135800;10.59;10.6;10.59;10.6;300
20160128 140200;10.57;10.57;10.57;10.57;100
20160128 140400;10.58;10.58;10.58;10.58;100
20160128 140700;10.58;10.58;10.58;10.58;246
20160128 140900;10.6;10.6;10.6;10.6;200
20160128 141200;10.6;10.6;10.6;10.6;200
20160128 141500;10.61;10.61;10.61;10.61;200
20160128 141800;10.61;10.61;10.61;10.61;200
20160128 142100;10.6;10.6;10.6;10.6;200
20160128 142400;10.6;10.6;10.6;10.6;200
20160128 142700;10.6099;10.6099;10.6099;10.6099;200
20160128 142900;10.61;10.64;10.61;10.64;200
20160128 143200;10.6399;10.6399;10.6399;10.6399;200
20160128 143500;10.64;10.64;10.64;10.64;200
20160128 143800;10.6299;10.6299;10.6299;10.6299;200
20160128 143900;10.595;10.595;10.56;10.586;900
20160128 144200;10.6099;10.6099;10.6099;10.6099;200
20160128 144500;10.6099;10.6099;10.6099;10.6099;200
20160128 144800;10.6099;10.6099;10.6099;10.6099;200
20160128 145000;10.6099;10.6099;10.6099;10.6099;200
20160128 145300;10.5999;10.6;10.5999;10.6;200
20160128 145600;10.565;10.565;10.565;10.565;100
20160128 145700;10.59;10.59;10.59;10.59;200
20160128 150000;10.59;10.61;10.59;10.59;300
20160128 150200;10.62;10.62;10.62;10.62;200
20160128 150300;10.5631;10.5631;10.5631;10.5631;1603
20160128 150500;10.61;10.61;10.61;10.61;200
20160128 150700;10.6;10.62;10.6;10.62;200
20160128 150900;10.6099;10.61;10.6099;10.61;200
20160128 151100;10.61;10.61;10.61;10.61;200
20160128 151400;10.63;10.63;10.63;10.63;200
20160128 151600;10.63;10.63;10.629;10.629;200
20160128 151800;10.629;10.629;10.629;10.629;200
20160128 152000;10.629;10.629;10.629;10.629;200
20160128 152200;10.605;10.605;10.58;10.605;3186
20160128 152300;10.6299;10.6299;10.6299;10.6299;100
20160128 152400;10.59;10.59;10.59;10.59;100
20160128 152500;10.6299;10.6299;10.6299;10.6299;135
20160128 152700;10.605;10.6051;10.58;10.605;2102
20160128 152900;10.63;10.63;10.63;10.63;300
20160128 153100;10.6199;10.6199;10.6199;10.6199;200
20160128 153300;10.6199;10.6199;10.6199;10.6199;200
20160128 153400;10.62;10.62;10.6199;10.6199;200
20160128 153500;10.5976;10.5976;10.5976;10.5976;219
20160128 153600;10.58;10.6199;10.58;10.6199;300
20160128 153700;10.6199;10.62;10.6199;10.62;200
20160128 153800;10.6;10.6;10.59;10.59;200
20160128 153900;10.6199;10.6199;10.6199;10.6199;200
20160128 154000;10.62;10.62;10.62;10.62;200
20160128 154100;10.62;10.62;10.62;10.62;200
20160128 154300;10.62;10.62;10.62;10.62;200
20160128 154400;10.62;10.62;10.62;10.62;200
20160128 154500;10.62;10.62;10.6199;10.6199;200
20160128 154600;10.61;10.61;10.61;10.61;200
20160128 154700;10.61;10.61;10.61;10.61;200
20160128 154800;10.61;10.61;10.61;10.61;200
20160128 154900;10.61;10.61;10.61;10.61;200
20160128 155100;10.62;10.62;10.61;10.61;300
20160128 155200;10.61;10.61;10.61;10.61;200
20160128 155300;10.61;10.6299;10.61;10.6299;300
20160128 155400;10.59;10.59;10.55;10.55;500
20160128 155600;10.6299;10.63;10.6299;10.63;500
20160128 155700;10.629;10.63;10.55;10.62;500
20160128 155800;10.6299;10.63;10.5501;10.63;970
20160128 155900;10.63;10.63;10.55;10.63;620
20160128 160000;10.63;10.63;10.55;10.63;600
20160128 161700;10.6054;10.6054;10.6054;10.6054;23239
20160129 095300;10.635;10.635;10.635;10.635;100
20160129 095500;10.65;10.67;10.65;10.66;500
20160129 101100;10.65;10.6999;10.64;10.64;1900
20160129 102600;10.66;10.66;10.65;10.65;400
20160129 103100;10.65;10.65;10.65;10.65;100
20160129 103600;10.65;10.65;10.61;10.61;200
20160129 104100;10.61;10.61;10.61;10.61;100
20160129 104600;10.62;10.62;10.62;10.62;200
20160129 105100;10.63;10.63;10.63;10.63;100
20160129 105600;10.63;10.63;10.63;10.63;200
20160129 105900;10.63;10.63;10.63;10.63;200
20160129 110100;10.61;10.63;10.61;10.63;200
20160129 110600;10.63;10.63;10.63;10.63;200
20160129 111000;10.64;10.64;10.64;10.64;100
20160129 111600;10.64;10.64;10.64;10.64;200
20160129 112100;10.64;10.64;10.64;10.64;100
20160129 112600;10.63;10.63;10.63;10.63;100
20160129 112800;10.63;10.6315;10.63;10.631;550
20160129 113100;10.64;10.64;10.64;10.64;200
20160129 113600;10.64;10.64;10.64;10.64;100
20160129 114100;10.63;10.63;10.63;10.63;200
20160129 114500;10.61;10.6145;10.61;10.6145;300
20160129 114600;10.61;10.61;10.61;10.61;100
20160129 115100;10.63;10.63;10.63;10.63;100
20160129 115200;10.64;10.64;10.635;10.64;900
20160129 115300;10.67;10.67;10.67;10.67;100
20160129 115400;10.67;10.67;10.67;10.67;300
20160129 120300;10.6815;10.6815;10.6815;10.6815;365
20160129 120800;10.67;10.67;10.67;10.67;250
20160129 121600;10.67;10.67;10.67;10.67;200
20160129 122100;10.67;10.67;10.67;10.67;200
20160129 122500;10.67;10.6966;10.65;10.65;4171
20160129 122700;10.7;10.7;10.68;10.6992;3000
20160129 124600;10.69;10.69;10.69;10.69;100
20160129 125100;10.69;10.69;10.69;10.69;300
20160129 130100;10.71;10.71;10.71;10.71;100
20160129 130600;10.7;10.7;10.7;10.7;100
20160129 131100;10.715;10.715;10.715;10.715;100
20160129 131600;10.7;10.7;10.7;10.7;100
20160129 132100;10.7;10.7;10.7;10.7;100
20160129 132600;10.7;10.7;10.7;10.7;100
20160129 133100;10.69;10.69;10.69;10.69;100
20160129 133600;10.68;10.68;10.68;10.68;100
20160129 134100;10.68;10.68;10.68;10.68;100
20160129 134400;10.74;10.75;10.74;10.75;200
20160129 134600;10.69;10.69;10.69;10.69;100
20160129 135100;10.7;10.7;10.7;10.7;100
20160129 135600;10.7;10.7;10.7;10.7;100
20160129 140100;10.7;10.7;10.7;10.7;100
20160129 140300;10.7;10.7;10.7;10.7;200
20160129 141100;10.7;10.7;10.7;10.7;100
20160129 141200;10.7;10.7;10.7;10.7;200
20160129 142600;10.69;10.69;10.69;10.69;200
20160129 143100;10.71;10.71;10.71;10.71;200
20160129 143500;10.71;10.71;10.71;10.71;100
20160129 143600;10.7;10.7;10.7;10.7;100
20160129 144100;10.71;10.74;10.7;10.7392;1500
20160129 145100;10.72;10.72;10.72;10.72;100
20160129 145600;10.7;10.7;10.7;10.7;100
20160129 150100;10.7;10.7;10.7;10.7;200
20160129 150400;10.7;10.7;10.7;10.7;100
20160129 150600;10.7;10.7;10.7;10.7;100
20160129 151100;10.71;10.71;10.7;10.7;200
20160129 151600;10.72;10.72;10.72;10.72;100
20160129 152100;10.71;10.71;10.71;10.71;200
20160129 152600;10.71;10.71;10.71;10.71;200
20160129 152700;10.7314;10.7314;10.7314;10.7314;107
20160129 152900;10.73;10.73;10.73;10.73;200
20160129 153300;10.7201;10.7201;10.7201;10.7201;487
20160129 153500;10.73;10.73;10.72;10.72;200
20160129 153800;10.74;10.77;10.74;10.77;1200
20160129 154300;10.75;10.75;10.75;10.75;100
20160129 154600;10.75;10.75;10.75;10.75;200
20160129 154900;10.75;10.75;10.75;10.75;200
20160129 155200;10.75;10.75;10.75;10.75;200
20160129 155300;10.75;10.75;10.75;10.75;100
20160129 155400;10.75;10.76;10.75;10.76;400
20160129 155600;10.76;10.76;10.75;10.75;200
20160129 155700;10.76;10.76;10.76;10.76;200
20160129 155800;10.77;10.78;10.77;10.78;300
20160129 155900;10.76;10.7669;10.75;10.7669;2385
20160129 160000;10.75;10.75;10.75;10.75;395
20160201 093400;10.641;10.641;10.641;10.641;791
20160201 093800;10.6653;10.6653;10.6653;10.6653;875
20160201 094200;10.67;10.675;10.67;10.675;3519
20160201 094400;10.67;10.67;10.67;10.67;500
20160201 094700;10.66;10.66;10.66;10.66;609
20160201 094900;10.66;10.66;10.66;10.66;100
20160201 095000;10.65;10.65;10.65;10.65;200
20160201 095200;10.63;10.64;10.63;10.64;600
20160201 100200;10.62;10.62;10.62;10.62;300
20160201 100800;10.64;10.64;10.6101;10.6101;300
20160201 101000;10.62;10.62;10.62;10.62;100
20160201 101200;10.64;10.64;10.64;10.64;100
20160201 101300;10.66;10.675;10.65;10.66;1100
20160201 101700;10.66;10.66;10.66;10.66;100
20160201 101900;10.66;10.66;10.66;10.66;2830
20160201 102200;10.6301;10.6301;10.6301;10.6301;100
20160201 102400;10.6799;10.6799;10.6799;10.6799;2020
20160201 102500;10.665;10.665;10.665;10.665;100
20160201 102600;10.66;10.66;10.66;10.66;100
20160201 102700;10.668;10.669;10.668;10.669;300
20160201 102800;10.65;10.65;10.65;10.65;100
20160201 103000;10.64;10.64;10.64;10.64;100
20160201 103100;10.63;10.63;10.63;10.63;100
20160201 103400;10.6408;10.67;10.6301;10.6301;5201
20160201 103500;10.63;10.63;10.63;10.63;200
20160201 103900;10.64;10.64;10.64;10.64;100
20160201 104000;10.63;10.64;10.63;10.64;200
20160201 104100;10.63;10.63;10.63;10.63;100
20160201 104400;10.65;10.65;10.65;10.65;100
20160201 104500;10.67;10.67;10.65;10.65;600
20160201 104600;10.6501;10.6501;10.6501;10.6501;755
20160201 104700;10.67;10.67;10.67;10.67;100
20160201 104800;10.6358;10.6358;10.6358;10.6358;755
20160201 105000;10.65;10.65;10.65;10.65;200
20160201 105100;10.65;10.65;10.65;10.65;100
20160201 105200;10.658;10.658;10.658;10.658;233
20160201 105400;10.64;10.64;10.64;10.64;100
20160201 105500;10.63;10.63;10.63;10.63;100
20160201 105800;10.63;10.63;10.63;10.63;100
20160201 105900;10.6634;10.6634;10.6634;10.6634;175
20160201 110000;10.64;10.64;10.64;10.64;200
20160201 110100;10.65;10.65;10.65;10.65;200
20160201 110500;10.65;10.65;10.64;10.64;200
20160201 110800;10.64;10.64;10.64;10.64;100
20160201 111000;10.67;10.67;10.67;10.67;300
20160201 111100;10.67;10.67;10.67;10.67;500
20160201 111200;10.66;10.66;10.66;10.66;100
20160201 111300;10.66;10.66;10.66;10.66;100
20160201 111500;10.67;10.67;10.67;10.67;462
20160201 111600;10.68;10.68;10.68;10.68;100
20160201 112000;10.65;10.65;10.65;10.65;100
20160201 112400;10.63;10.63;10.63;10.63;100
20160201 112500;10.687;10.687;10.642;10.642;1200
20160201 112800;10.64;10.64;10.64;10.64;100
20160201 113000;10.66;10.66;10.66;10.66;200
20160201 113100;10.66;10.66;10.66;10.66;100
20160201 113500;10.66;10.67;10.66;10.67;200
20160201 113700;10.66;10.66;10.66;10.66;1100
20160201 114000;10.685;10.7;10.6802;10.7;1000
20160201 114100;10.7;10.7;10.7;10.7;100
20160201 114300;10.696;10.7;10.696;10.7;200
20160201 115800;10.685;10.7;10.68;10.685;865
20160201 115900;10.69;10.69;10.69;10.69;100
20160201 120000;10.68;10.68;10.68;10.68;100
20160201 122000;10.67;10.67;10.67;10.67;100
20160201 122600;10.64;10.64;10.64;10.64;100
20160201 123100;10.64;10.64;10.63;10.63;200
20160201 123600;10.64;10.64;10.64;10.64;100
20160201 123800;10.641;10.641;10.63;10.63;2000
20160201 124100;10.64;10.64;10.64;10.64;100
20160201 124300;10.68;10.68;10.68;10.68;300
20160201 125600;10.655;10.655;10.63;10.63;200
20160201 130100;10.63;10.63;10.63;10.63;200
20160201 130600;10.64;10.64;10.64;10.64;100
20160201 131100;10.63;10.63;10.63;10.63;100
20160201 131600;10.63;10.63;10.63;10.63;100
20160201 132000;10.64;10.64;10.64;10.64;400
20160201 132100;10.66;10.66;10.66;10.66;100
20160201 132600;10.66;10.66;10.66;10.66;100
20160201 133100;10.665;10.67;10.665;10.67;500
20160201 133300;10.66;10.66;10.66;10.66;100
20160201 133600;10.65;10.65;10.65;10.65;100
20160201 134100;10.65;10.65;10.65;10.65;100
20160201 134600;10.64;10.64;10.64;10.64;100
20160201 135100;10.65;10.65;10.65;10.65;200
20160201 140100;10.65;10.65;10.65;10.65;200
20160201 140600;10.65;10.65;10.65;10.65;100
20160201 141100;10.66;10.66;10.66;10.66;100
20160201 141200;10.6673;10.6673;10.6673;10.6673;1000
20160201 141500;10.665;10.67;10.665;10.6692;300
20160201 141600;10.66;10.66;10.66;10.66;200
20160201 141900;10.67;10.67;10.67;10.67;100
20160201 142100;10.66;10.67;10.66;10.6699;300
20160201 142600;10.68;10.68;10.68;10.68;100
20160201 143100;10.67;10.67;10.67;10.67;100
20160201 143400;10.7;10.7;10.67;10.67;980
20160201 143600;10.67;10.67;10.67;10.67;200
20160201 144000;10.6896;10.6896;10.6896;10.6896;1000
20160201 144100;10.67;10.67;10.67;10.67;100
20160201 144500;10.68;10.68;10.68;10.68;200
20160201 144600;10.68;10.68;10.68;10.68;100
20160201 145100;10.68;10.698;10.68;10.698;300
20160201 145800;10.7;10.7;10.67;10.67;1000
20160201 150000;10.7;10.7;10.7;10.7;700
20160201 150600;10.71;10.71;10.71;10.71;100
20160201 151100;10.69;10.69;10.69;10.69;105
20160201 151600;10.71;10.71;10.71;10.71;100
20160201 152000;10.75;10.75;10.7489;10.7489;900
20160201 152100;10.71;10.71;10.71;10.71;100
20160201 152200;10.75;10.75;10.719;10.719;1474
20160201 153000;10.72;10.72;10.72;10.72;100
20160201 153400;10.77;10.77;10.73;10.73;200
20160201 153700;10.7561;10.79;10.7561;10.79;5581
20160201 153800;10.79;10.79;10.79;10.79;100
20160201 154000;10.78;10.79;10.78;10.79;702
20160201 154100;10.78;10.78;10.78;10.78;500
20160201 154400;10.72;10.72;10.72;10.72;200
20160201 154700;10.72;10.72;10.72;10.72;200
20160201 155000;10.71;10.71;10.71;10.71;200
20160201 155200;10.71;10.71;10.71;10.71;200
20160201 155400;10.72;10.72;10.72;10.72;200
20160201 155600;10.72;10.74;10.72;10.74;520
20160201 155700;10.7;10.7;10.7;10.7;300
20160201 155800;10.7;10.7;10.7;10.7;300
20160201 155900;10.71;10.71;10.71;10.71;400
20160201 160000;10.71;10.71;10.7;10.7;479
20160202 093100;10.6601;10.6601;10.6601;10.6601;1007
20160202 093500;10.66;10.66;10.66;10.66;100
20160202 093900;10.65;10.65;10.65;10.65;200
20160202 094300;10.63;10.63;10.63;10.63;200
20160202 094700;10.625;10.625;10.625;10.625;813
20160202 094800;10.64;10.64;10.64;10.64;300
20160202 095500;10.6;10.6;10.6;10.6;155
20160202 095800;10.6;10.6;10.6;10.6;100
20160202 100800;10.57;10.57;10.57;10.57;113
20160202 101200;10.58;10.58;10.58;10.58;200
20160202 101500;10.595;10.595;10.595;10.595;100
20160202 101700;10.595;10.595;10.595;10.595;100
20160202 101900;10.58;10.58;10.58;10.58;100
20160202 102000;10.595;10.595;10.595;10.595;100
20160202 102400;10.575;10.575;10.575;10.575;100
20160202 102600;10.575;10.575;10.575;10.575;100
20160202 102700;10.5501;10.5501;10.5501;10.5501;100
20160202 102900;10.585;10.585;10.585;10.585;100
20160202 103100;10.56;10.56;10.56;10.56;100
20160202 103200;10.59;10.5999;10.59;10.5999;400
20160202 103300;10.575;10.575;10.575;10.575;100
20160202 103500;10.55;10.55;10.55;10.55;100
20160202 103600;10.57;10.57;10.57;10.57;100
20160202 103800;10.55;10.55;10.55;10.55;100
20160202 104000;10.55;10.55;10.55;10.55;100
20160202 104200;10.56;10.56;10.56;10.56;100
20160202 104400;10.5601;10.5601;10.5601;10.5601;100
20160202 104600;10.5701;10.5831;10.5701;10.5831;400
20160202 104800;10.5701;10.5701;10.5701;10.5701;100
20160202 104900;10.5701;10.5701;10.5701;10.5701;100
20160202 105100;10.6096;10.6096;10.5701;10.5701;800
20160202 105300;10.5701;10.5701;10.5701;10.5701;100
20160202 105500;10.5501;10.5501;10.5501;10.5501;100
20160202 105700;10.5601;10.5601;10.5601;10.5601;100
20160202 105900;10.56;10.56;10.56;10.56;100
20160202 110100;10.56;10.56;10.56;10.56;100
20160202 110300;10.5501;10.5501;10.5501;10.5501;100
20160202 110500;10.56;10.56;10.56;10.56;100
20160202 110700;10.56;10.56;10.56;10.56;100
20160202 110900;10.5501;10.5501;10.5501;10.5501;100
20160202 111100;10.555;10.555;10.555;10.555;3894
20160202 111200;10.55;10.55;10.55;10.55;100
20160202 111400;10.58;10.58;10.57;10.57;1800
20160202 111600;10.58;10.58;10.58;10.58;100
20160202 111800;10.58;10.58;10.58;10.58;100
20160202 112000;10.56;10.56;10.56;10.56;100
20160202 112200;10.56;10.56;10.56;10.56;100
20160202 112500;10.56;10.56;10.56;10.56;100
20160202 112700;10.56;10.56;10.56;10.56;100
20160202 112900;10.56;10.56;10.56;10.56;100
20160202 113100;10.56;10.56;10.56;10.56;100
20160202 113200;10.57;10.57;10.57;10.57;200
20160202 113300;10.5699;10.5699;10.56;10.56;602
20160202 113500;10.57;10.59;10.57;10.59;2400
20160202 113600;10.59;10.59;10.59;10.59;500
20160202 113900;10.61;10.61;10.61;10.61;300
20160202 114000;10.61;10.62;10.6;10.6;1200
20160202 114200;10.5948;10.5948;10.59;10.59;2300
20160202 114300;10.57;10.57;10.57;10.57;100
20160202 114400;10.58;10.58;10.58;10.58;900
20160202 114500;10.58;10.58;10.58;10.58;1500
20160202 114700;10.59;10.59;10.57;10.57;600
20160202 114800;10.58;10.58;10.58;10.58;600
20160202 114900;10.58;10.58;10.57;10.57;1600
20160202 115100;10.57;10.57;10.56;10.56;700
20160202 115200;10.57;10.57;10.57;10.57;600
20160202 115300;10.57;10.57;10.56;10.56;600
20160202 115500;10.57;10.57;10.57;10.57;600
20160202 115700;10.57;10.57;10.57;10.57;200
20160202 115800;10.57;10.57;10.57;10.57;100
20160202 115900;10.5604;10.5604;10.5604;10.5604;300
20160202 120000;10.56;10.56;10.56;10.56;100
20160202 120300;10.55;10.55;10.55;10.55;100
20160202 120500;10.56;10.5699;10.52;10.52;528
20160202 120800;10.52;10.52;10.52;10.52;100
20160202 120900;10.53;10.53;10.53;10.53;100
20160202 121100;10.52;10.52;10.52;10.52;100
20160202 121400;10.52;10.52;10.52;10.52;100
20160202 121600;10.52;10.52;10.52;10.52;100
20160202 121900;10.52;10.52;10.52;10.52;100
20160202 122100;10.52;10.5356;10.52;10.5356;504
20160202 122200;10.52;10.52;10.52;10.52;100
20160202 122500;10.53;10.53;10.53;10.53;100
20160202 122700;10.53;10.53;10.53;10.53;100
20160202 125200;10.54;10.5401;10.54;10.54;1300
20160202 125400;10.5399;10.5399;10.5399;10.5399;501
20160202 130200;10.54;10.54;10.54;10.54;1500
20160202 131000;10.55;10.55;10.55;10.55;100
20160202 131400;10.55;10.55;10.54;10.54;1200
20160202 131600;10.54;10.54;10.54;10.54;900
20160202 131800;10.54;10.54;10.54;10.54;100
20160202 132000;10.54;10.543;10.54;10.543;1300
20160202 143000;10.53;10.53;10.53;10.53;100
20160202 143300;10.51;10.51;10.51;10.51;900
20160202 144200;10.5101;10.5101;10.5101;10.5101;400
20160202 151300;10.51;10.51;10.51;10.51;579
20160202 152800;10.5299;10.5299;10.5299;10.5299;600
20160202 153500;10.53;10.53;10.5001;10.5001;1400
20160202 153900;10.5358;10.5358;10.5358;10.5358;1182
20160202 154600;10.538;10.54;10.538;10.538;1000
20160202 154700;10.51;10.51;10.51;10.51;944
20160202 155600;10.53;10.53;10.53;10.53;100
20160202 160000;10.5024;10.5026;10.5;10.5002;600
20160203 094800;10.55;10.55;10.55;10.55;199
20160203 095000;10.52;10.52;10.52;10.52;100
20160203 095100;10.5347;10.5347;10.5347;10.5347;400
20160203 100100;10.51;10.51;10.49;10.49;500
20160203 100900;10.46;10.46;10.46;10.46;100
20160203 101100;10.46;10.46;10.46;10.46;100
20160203 101300;10.43;10.43;10.43;10.43;100
20160203 101500;10.4;10.4;10.4;10.4;100
20160203 101600;10.39;10.39;10.39;10.39;100
20160203 101800;10.39;10.39;10.39;10.39;100
20160203 101900;10.37;10.37;10.37;10.37;100
20160203 102100;10.36;10.36;10.36;10.36;100
20160203 102300;10.39;10.39;10.39;10.39;100
20160203 102400;10.37;10.37;10.37;10.37;100
20160203 102600;10.36;10.36;10.36;10.36;100
20160203 102800;10.3801;10.3801;10.3801;10.3801;100
20160203 102900;10.36;10.36;10.36;10.36;100
20160203 103100;10.34;10.34;10.34;10.34;100
20160203 103300;10.34;10.34;10.34;10.34;100
20160203 103400;10.33;10.33;10.33;10.33;100
20160203 103600;10.33;10.33;10.33;10.33;100
20160203 103700;10.33;10.33;10.33;10.33;2536
20160203 103800;10.3201;10.3201;10.3201;10.3201;100
20160203 103900;10.3201;10.3201;10.3201;10.3201;100
20160203 104100;10.34;10.34;10.34;10.34;100
20160203 104300;10.3699;10.3699;10.3301;10.3301;600
20160203 104500;10.3501;10.3501;10.3501;10.3501;100
20160203 104600;10.3699;10.3699;10.3501;10.3501;2100
20160203 104800;10.3701;10.3701;10.3701;10.3701;100
20160203 105000;10.3701;10.3701;10.3701;10.3701;100
20160203 105200;10.3701;10.3701;10.3701;10.3701;100
20160203 105300;10.3801;10.3801;10.3801;10.3801;100
20160203 105400;10.4024;10.4101;10.4024;10.41;2200
20160203 105700;10.45;10.45;10.41;10.41;2178
20160203 110000;10.42;10.42;10.42;10.42;100
20160203 110100;10.42;10.42;10.42;10.42;100
20160203 110300;10.42;10.42;10.42;10.42;100
20160203 110500;10.42;10.42;10.42;10.42;100
20160203 110600;10.3801;10.3801;10.3801;10.3801;100
20160203 110800;10.38;10.38;10.38;10.38;100
20160203 111000;10.38;10.38;10.38;10.38;100
20160203 111200;10.38;10.38;10.38;10.38;100
20160203 111400;10.38;10.38;10.38;10.38;100
20160203 111600;10.38;10.38;10.38;10.38;100
20160203 111700;10.4068;10.4099;10.4068;10.4099;2000
20160203 111800;10.3801;10.3801;10.3801;10.3801;100
20160203 111900;10.4085;10.4101;10.4085;10.41;1200
20160203 112000;10.4199;10.42;10.4199;10.42;1100
20160203 112100;10.4499;10.4499;10.4499;10.4499;2000
20160203 112300;10.446;10.446;10.446;10.446;800
20160203 112500;10.4101;10.4101;10.4101;10.4101;100
20160203 112600;10.4101;10.4101;10.4101;10.4101;100
20160203 112800;10.4281;10.4281;10.4281;10.4281;1609
20160203 112900;10.4201;10.4201;10.4201;10.4201;100
20160203 113000;10.45;10.45;10.45;10.45;100
20160203 113100;10.43;10.43;10.43;10.43;100
20160203 113200;10.42;10.42;10.42;10.42;100
20160203 113500;10.43;10.43;10.43;10.43;100
20160203 113700;10.43;10.43;10.43;10.43;100
20160203 113900;10.42;10.42;10.42;10.42;100
20160203 114100;10.44;10.46;10.44;10.46;1300
20160203 114300;10.4897;10.49;10.4897;10.49;2100
20160203 114600;10.46;10.46;10.46;10.46;100
20160203 114800;10.46;10.46;10.46;10.46;100
20160203 115000;10.46;10.46;10.46;10.46;100
20160203 115300;10.46;10.46;10.46;10.46;100
20160203 115500;10.46;10.46;10.46;10.46;100
20160203 115700;10.46;10.46;10.46;10.46;100
20160203 120000;10.46;10.46;10.46;10.46;100
20160203 120200;10.46;10.46;10.46;10.46;100
20160203 120400;10.46;10.46;10.46;10.46;100
20160203 120700;10.46;10.46;10.46;10.46;200
20160203 120900;10.46;10.46;10.46;10.46;100
20160203 121200;10.46;10.46;10.46;10.46;100
20160203 121400;10.46;10.46;10.46;10.46;100
20160203 121700;10.46;10.46;10.46;10.46;100
20160203 121900;10.46;10.46;10.46;10.46;100
20160203 122200;10.46;10.46;10.46;10.46;100
20160203 122500;10.46;10.46;10.46;10.46;100
20160203 122700;10.46;10.46;10.46;10.46;100
20160203 122800;10.48;10.48;10.48;10.48;100
20160203 123400;10.46;10.46;10.46;10.46;950
20160203 133900;10.4299;10.4299;10.4299;10.4299;500
20160203 140100;10.4299;10.4299;10.42;10.42;900
20160203 140200;10.4299;10.4299;10.4299;10.4299;500
20160203 140400;10.427;10.427;10.427;10.427;100
20160203 140700;10.43;10.43;10.43;10.43;100
20160203 140800;10.428;10.428;10.428;10.428;100
20160203 141200;10.4101;10.44;10.4101;10.44;1926
20160203 141700;10.4716;10.49;10.4716;10.49;5300
20160203 141800;10.48;10.48;10.48;10.48;2270
20160203 142500;10.47;10.47;10.47;10.47;100
20160203 142600;10.4999;10.52;10.498;10.52;2500
20160203 142900;10.54;10.54;10.539;10.539;600
20160203 143800;10.54;10.54;10.54;10.54;100
20160203 143900;10.529;10.529;10.529;10.529;1000
20160203 144800;10.55;10.55;10.54;10.54;1388
20160203 145000;10.571;10.571;10.571;10.571;700
20160203 152500;10.5547;10.5547;10.5547;10.5547;355
20160203 153900;10.54;10.54;10.54;10.54;300
20160203 154100;10.55;10.56;10.55;10.56;1324
20160203 155000;10.54;10.54;10.54;10.54;200
20160203 155600;10.575;10.575;10.575;10.575;100
20160203 155700;10.5778;10.5778;10.5778;10.5778;1200
20160203 155800;10.5701;10.5701;10.5701;10.5701;400
20160203 155900;10.58;10.58;10.58;10.58;100
20160203 160000;10.6;10.6;10.6;10.6;100
20160204 094700;10.555;10.555;10.555;10.555;958
20160204 095300;10.54;10.54;10.54;10.54;191
20160204 095600;10.5501;10.575;10.5501;10.575;200
20160204 100000;10.57;10.57;10.57;10.57;100
20160204 100200;10.59;10.6099;10.585;10.585;2385
20160204 100400;10.56;10.56;10.56;10.56;100
20160204 100600;10.56;10.56;10.56;10.56;100
20160204 100700;10.5501;10.5501;10.5501;10.5501;100
20160204 100900;10.55;10.55;10.55;10.55;100
20160204 101100;10.55;10.55;10.55;10.55;100
20160204 101300;10.5701;10.5701;10.5701;10.5701;100
20160204 101400;10.6;10.6;10.6;10.6;100
20160204 101500;10.5801;10.5801;10.5801;10.5801;100
20160204 101700;10.5901;10.5901;10.5901;10.5901;100
20160204 101900;10.5901;10.5901;10.5901;10.5901;100
20160204 102100;10.6001;10.6001;10.6001;10.6001;100
20160204 102300;10.6001;10.6001;10.6001;10.6001;100
20160204 102500;10.6001;10.6001;10.6001;10.6001;100
20160204 102800;10.6101;10.6101;10.6101;10.6101;100
20160204 102900;10.6199;10.6199;10.6199;10.6199;104
20160204 103000;10.6101;10.6101;10.6101;10.6101;100
20160204 103200;10.625;10.625;10.625;10.625;100
20160204 103400;10.63;10.64;10.63;10.64;200
20160204 103600;10.6301;10.6301;10.6301;10.6301;100
20160204 103800;10.65;10.69;10.65;10.69;900
20160204 104300;10.66;10.66;10.6401;10.6401;204
20160204 104500;10.64;10.64;10.64;10.64;100
20160204 104700;10.64;10.64;10.64;10.64;100
20160204 105000;10.64;10.64;10.64;10.64;100
20160204 105200;10.64;10.64;10.64;10.64;100
20160204 105400;10.64;10.64;10.64;10.64;100
20160204 105700;10.64;10.64;10.64;10.64;100
20160204 105900;10.65;10.65;10.65;10.65;100
20160204 110200;10.65;10.65;10.65;10.65;100
20160204 110400;10.65;10.65;10.65;10.65;100
20160204 110700;10.64;10.64;10.62;10.62;400
20160204 110900;10.65;10.65;10.65;10.65;100
20160204 111200;10.6;10.6;10.6;10.6;100
20160204 111700;10.58;10.58;10.58;10.58;100
20160204 111900;10.58;10.58;10.58;10.58;100
20160204 112200;10.58;10.58;10.58;10.58;100
20160204 112500;10.55;10.55;10.55;10.55;100
20160204 112700;10.56;10.56;10.56;10.56;100
20160204 113000;10.57;10.57;10.57;10.57;100
20160204 113200;10.57;10.57;10.57;10.57;100
20160204 113500;10.57;10.57;10.57;10.57;100
20160204 113800;10.57;10.57;10.57;10.57;100
20160204 114100;10.57;10.6;10.57;10.6;200
20160204 114400;10.57;10.57;10.57;10.57;100
20160204 114500;10.6;10.6;10.6;10.6;100
20160204 114700;10.57;10.597;10.57;10.597;200
20160204 115000;10.57;10.57;10.57;10.57;100
20160204 115100;10.57;10.57;10.56;10.56;800
20160204 115300;10.54;10.54;10.54;10.54;100
20160204 115600;10.558;10.558;10.54;10.54;200
20160204 115900;10.55;10.55;10.55;10.55;100
20160204 120000;10.586;10.586;10.586;10.586;100
20160204 120200;10.55;10.55;10.55;10.55;100
20160204 120500;10.55;10.55;10.55;10.55;100
20160204 120800;10.56;10.56;10.56;10.56;100
20160204 121200;10.58;10.58;10.58;10.58;100
20160204 121500;10.59;10.59;10.59;10.59;100
20160204 121800;10.59;10.59;10.59;10.59;100
20160204 122200;10.59;10.59;10.59;10.59;100
20160204 122500;10.59;10.59;10.59;10.59;100
20160204 123400;10.59;10.59;10.59;10.59;100
20160204 131400;10.6244;10.6244;10.6244;10.6244;233
20160204 131500;10.6399;10.6399;10.6399;10.6399;1000
20160204 133800;10.62;10.6388;10.62;10.6388;1000
20160204 134200;10.6;10.6;10.6;10.6;300
20160204 140000;10.5601;10.5601;10.5601;10.5601;1200
20160204 140600;10.596;10.596;10.596;10.596;100
20160204 145000;10.5805;10.5805;10.5805;10.5805;200
20160204 152900;10.5701;10.5701;10.5701;10.5701;200
20160204 154200;10.5735;10.5735;10.5735;10.5735;400
20160204 154300;10.598;10.598;10.598;10.598;100
20160204 154500;10.58;10.5801;10.58;10.5801;200
20160204 154800;10.598;10.598;10.598;10.598;100
20160204 155300;10.598;10.598;10.597;10.597;1900
20160204 155900;10.6;10.6;10.6;10.6;200
20160204 160000;10.6;10.6;10.6;10.6;100
20160205 093700;10.51;10.51;10.51;10.51;100
20160205 094500;10.515;10.515;10.5;10.5;300
20160205 094600;10.5001;10.515;10.5;10.5;500
20160205 094700;10.48;10.48;10.48;10.48;623
20160205 094800;10.48;10.48;10.48;10.48;146
20160205 094900;10.505;10.505;10.505;10.505;100
20160205 095100;10.51;10.51;10.51;10.51;317
20160205 095400;10.525;10.525;10.525;10.525;300
20160205 095600;10.5;10.5;10.5;10.5;100
20160205 095900;10.53;10.53;10.5216;10.5216;900
20160205 100100;10.52;10.52;10.5101;10.5101;200
20160205 100500;10.5101;10.54;10.5101;10.54;400
20160205 100800;10.5101;10.5101;10.5101;10.5101;100
20160205 101000;10.5101;10.5101;10.5101;10.5101;100
20160205 101200;10.51;10.51;10.51;10.51;200
20160205 101400;10.4901;10.4901;10.4901;10.4901;100
20160205 101500;10.4801;10.4801;10.4801;10.4801;100
20160205 101700;10.4901;10.4901;10.4901;10.4901;100
20160205 101900;10.4801;10.4801;10.4801;10.4801;100
20160205 102100;10.5;10.5;10.5;10.5;100
20160205 102300;10.4801;10.4801;10.4801;10.4801;100
20160205 102500;10.48;10.48;10.48;10.48;100
20160205 102700;10.51;10.51;10.4601;10.4601;550
20160205 103000;10.46;10.46;10.46;10.46;100
20160205 103100;10.46;10.46;10.46;10.46;300
20160205 103400;10.46;10.46;10.46;10.46;100
20160205 103600;10.46;10.46;10.46;10.46;100
20160205 103800;10.4601;10.4601;10.4601;10.4601;100
20160205 104000;10.4401;10.4401;10.4401;10.4401;100
20160205 104200;10.4401;10.4401;10.4401;10.4401;100
20160205 104400;10.48;10.48;10.48;10.48;200
20160205 104800;10.47;10.47;10.47;10.47;100
20160205 105100;10.46;10.46;10.46;10.46;100
20160205 105300;10.46;10.46;10.46;10.46;100
20160205 105500;10.46;10.46;10.46;10.46;100
20160205 105700;10.46;10.46;10.46;10.46;100
20160205 110000;10.46;10.46;10.46;10.46;200
20160205 110200;10.44;10.44;10.44;10.44;100
20160205 110400;10.42;10.42;10.42;10.42;100
20160205 110700;10.41;10.41;10.41;10.41;100
20160205 110900;10.4001;10.4001;10.4001;10.4001;100
20160205 111200;10.4001;10.4001;10.4001;10.4001;100
20160205 111400;10.4001;10.4001;10.4001;10.4001;100
20160205 111600;10.4001;10.4001;10.4001;10.4001;100
20160205 111900;10.41;10.41;10.41;10.41;100
20160205 112100;10.4101;10.4101;10.4101;10.4101;100
20160205 112400;10.41;10.41;10.41;10.41;100
20160205 112700;10.41;10.41;10.41;10.41;100
20160205 112900;10.42;10.43;10.42;10.43;700
20160205 113000;10.4;10.4;10.4;10.4;100
20160205 113100;10.41;10.41;10.41;10.41;100
20160205 113400;10.41;10.41;10.41;10.41;100
20160205 113700;10.41;10.41;10.41;10.41;100
20160205 113900;10.42;10.42;10.42;10.42;600
20160205 114200;10.4001;10.4001;10.4001;10.4001;100
20160205 114800;10.4;10.4;10.4;10.4;100
20160205 114900;10.3942;10.422;10.3942;10.422;1700
20160205 115100;10.3901;10.3901;10.3901;10.3901;100
20160205 115400;10.3901;10.3901;10.3901;10.3901;100
20160205 115600;10.4001;10.4001;10.4001;10.4001;100
20160205 115800;10.4;10.4;10.4;10.4;100
20160205 115900;10.39;10.39;10.39;10.39;100
20160205 120200;10.4001;10.4001;10.4001;10.4001;100
20160205 120500;10.4001;10.4001;10.4001;10.4001;100
20160205 120700;10.44;10.44;10.42;10.42;1100
20160205 121100;10.4001;10.4001;10.4001;10.4001;100
20160205 121400;10.4;10.4;10.4;10.4;100
20160205 121800;10.39;10.39;10.39;10.39;100
20160205 122000;10.4209;10.4209;10.4209;10.4209;845
20160205 122100;10.3901;10.3901;10.3901;10.3901;100
20160205 122400;10.3901;10.3901;10.3901;10.3901;100
20160205 122700;10.4001;10.4001;10.4001;10.4001;100
20160205 123200;10.4001;10.4001;10.4001;10.4001;500
20160205 123300;10.4001;10.41;10.4001;10.41;1000
20160205 123400;10.4012;10.4012;10.4012;10.4012;857
20160205 131100;10.4107;10.4107;10.4107;10.4107;350
20160205 135200;10.41;10.41;10.41;10.41;100
20160205 140100;10.42;10.4239;10.42;10.4239;2000
20160205 141100;10.41;10.41;10.41;10.41;300
20160205 141700;10.4;10.4;10.4;10.4;100
20160205 141800;10.39;10.39;10.39;10.39;100
20160205 143100;10.386;10.386;10.386;10.386;500
20160205 143400;10.39;10.39;10.39;10.39;100
20160205 143500;10.39;10.396;10.38;10.389;2300
20160205 144800;10.393;10.393;10.393;10.393;2000
20160205 145900;10.4;10.4;10.4;10.4;100
20160205 150200;10.39;10.39;10.39;10.39;100
20160205 150400;10.38;10.38;10.38;10.38;1250
20160205 150600;10.3763;10.3763;10.3763;10.3763;790
20160205 152100;10.3934;10.3934;10.3934;10.3934;500
20160205 153000;10.4;10.4;10.4;10.4;100
20160205 154100;10.39;10.39;10.39;10.39;100
20160205 154700;10.39;10.39;10.39;10.39;100
20160205 155200;10.39;10.39;10.39;10.39;100
20160205 155500;10.39;10.39;10.39;10.39;100
20160205 155600;10.37;10.37;10.37;10.37;100
