20160119 093500;12.694;12.694;12.694;12.694;5000
20160119 093600;12.55;12.555;12.55;12.555;200
20160119 093700;12.55;12.55;12.55;12.55;300
20160119 094100;12.55;12.55;12.55;12.55;100
20160119 094200;12.54;12.54;12.54;12.54;200
20160119 094300;12.54;12.54;12.54;12.54;188
20160119 095000;12.62;12.62;12.53;12.53;300
20160119 095100;12.64;12.64;12.59;12.64;900
20160119 095200;12.6399;12.6399;12.63;12.63;1800
20160119 095900;12.57;12.57;12.57;12.57;100
20160119 100100;12.61;12.61;12.61;12.61;100
20160119 100200;12.61;12.61;12.61;12.61;100
20160119 100300;12.6;12.6025;12.6;12.6025;400
20160119 100400;12.53;12.53;12.53;12.53;100
20160119 100800;12.52;12.52;12.52;12.52;200
20160119 101200;12.46;12.46;12.46;12.46;100
20160119 101300;12.56;12.56;12.56;12.56;306
20160119 101400;12.56;12.56;12.56;12.56;100
20160119 103700;12.5899;12.5899;12.5899;12.5899;100
20160119 111500;12.5207;12.5207;12.5201;12.5201;4262
20160119 111700;12.52;12.52;12.52;12.52;200
20160119 112200;12.52;12.52;12.52;12.52;100
20160119 112500;12.51;12.51;12.51;12.51;100
20160119 112800;12.51;12.51;12.51;12.51;100
20160119 113200;12.51;12.51;12.51;12.51;100
20160119 113600;12.5101;12.5101;12.5101;12.5101;1000
20160119 113900;12.5758;12.5758;12.5758;12.5758;100
20160119 114000;12.52;12.52;12.52;12.52;100
20160119 115000;12.51;12.51;12.51;12.51;100
20160119 120000;12.51;12.51;12.51;12.51;100
20160119 120100;12.5;12.5;12.47;12.47;2800
20160119 121500;12.488;12.488;12.48;12.48;299
20160119 125600;12.532;12.532;12.532;12.532;387
20160119 125800;12.4201;12.4215;12.42;12.421;840
20160119 125900;12.4695;12.4695;12.42;12.42;1300
20160119 130200;12.4201;12.4201;12.4201;12.4201;650
20160119 130500;12.48;12.48;12.48;12.48;100
20160119 132800;12.485;12.485;12.485;12.485;120
20160119 133000;12.45;12.45;12.45;12.45;100
20160119 134100;12.4466;12.4466;12.4466;12.4466;100
20160119 134800;12.45;12.45;12.44;12.44;200
20160119 135400;12.44;12.44;12.44;12.44;100
20160119 140800;12.42;12.42;12.42;12.42;300
20160119 140900;12.42;12.42;12.42;12.42;200
20160119 141500;12.41;12.41;12.41;12.41;100
20160119 142000;12.3644;12.3644;12.3644;12.3644;300
20160119 142200;12.43;12.43;12.43;12.43;1350
20160119 144700;12.35;12.35;12.35;12.35;100
20160119 150500;12.35;12.35;12.35;12.35;100
20160119 150800;12.375;12.4;12.35;12.375;1700
20160119 152200;12.35;12.35;12.35;12.35;100
20160119 152300;12.3534;12.3534;12.3534;12.3534;533
20160119 152500;12.3899;12.3899;12.35;12.35;900
20160119 153400;12.35;12.35;12.35;12.35;100
20160119 153900;12.3452;12.3452;12.3452;12.3452;1259
20160119 154300;12.36;12.36;12.36;12.36;100
20160119 154800;12.3899;12.3899;12.36;12.36;1100
20160119 155100;12.3899;12.3899;12.3899;12.3899;750
20160119 155300;12.36;12.36;12.36;12.36;100
20160119 155400;12.39;12.39;12.39;12.39;200
20160119 155700;12.37;12.37;12.37;12.37;100
20160119 155900;12.36;12.36;12.36;12.36;100
20160119 160000;12.36;12.3601;12.36;12.3601;500
20160120 093500;12.054;12.07;12.05;12.05;3570
20160120 093600;12.07;12.15;12.07;12.15;200
20160120 094000;12.075;12.1017;12.06;12.06;3074
20160120 094500;12.07;12.135;12.07;12.135;298
20160120 094700;12.09;12.09;12.09;12.09;100
20160120 094900;12.03;12.0669;12.02;12.02;1000
20160120 095400;12.0892;12.0892;12.074;12.074;200
20160120 095500;12.09;12.09;12.09;12.09;100
20160120 095700;12.05;12.05;12.05;12.05;100
20160120 095900;12.04;12.04;12.04;12.04;200
20160120 100000;12.02;12.02;12.02;12.02;100
20160120 100600;12.05;12.0635;12.0101;12.02;690
20160120 101100;12.02;12.02;12.02;12.02;100
20160120 101400;12.0677;12.0677;12.0677;12.0677;300
20160120 101700;12.05;12.05;12.05;12.05;300
20160120 102100;12.02;12.02;12.02;12.02;100
20160120 102200;12.0101;12.115;12.01;12.02;1000
20160120 102800;12.01;12.08;12.01;12.08;500
20160120 102900;12.05;12.05;12.05;12.05;100
20160120 103200;12.0692;12.0692;12.0692;12.0692;600
20160120 105200;12.0001;12.01;11.95;11.95;5812
20160120 110000;11.95;11.95;11.95;11.95;100
20160120 110100;11.915;11.915;11.915;11.915;100
20160120 111200;11.9;11.9;11.9;11.9;100
20160120 111700;11.9387;11.9387;11.9387;11.9387;1285
20160120 114200;11.87;11.87;11.86;11.86;3300
20160120 114900;11.84;11.84;11.84;11.84;100
20160120 115300;11.84;11.84;11.82;11.82;535
20160120 120000;11.8164;11.8164;11.8164;11.8164;105
20160120 120500;11.83;11.83;11.83;11.83;100
20160120 122900;11.79;11.79;11.76;11.76;400
20160120 123000;11.7967;11.7967;11.76;11.76;555
20160120 123400;11.7601;11.7601;11.7601;11.7601;1311
20160120 123600;11.87;11.87;11.87;11.87;135
20160120 124500;11.8352;11.8352;11.8;11.8;1100
20160120 124700;11.8767;11.8767;11.8767;11.8767;100
20160120 124900;11.88;11.88;11.88;11.88;200
20160120 125600;11.82;11.82;11.82;11.82;300
20160120 131400;11.8;11.8;11.8;11.8;100
20160120 132700;11.82;11.82;11.82;11.82;200
20160120 133300;11.82;11.82;11.82;11.82;100
20160120 133600;11.83;11.835;11.83;11.83;700
20160120 134100;11.86;11.88;11.8401;11.8401;3737
20160120 134500;11.864;11.864;11.86;11.86;5700
20160120 134900;11.8799;11.88;11.8799;11.88;1023
20160120 135100;11.8901;11.9099;11.89;11.9099;369
20160120 135200;11.9;11.9;11.9;11.9;400
20160120 135300;11.91;11.94;11.91;11.94;700
20160120 135600;11.96;11.96;11.96;11.96;100
20160120 140100;11.98;11.98;11.98;11.98;100
20160120 141500;11.94;11.94;11.94;11.94;100
20160120 141800;11.98;12.0099;11.98;12;944
20160120 142100;11.9701;11.9701;11.9701;11.9701;500
20160120 142300;11.97;11.97;11.97;11.97;100
20160120 143300;11.97;12.0157;11.97;12.0157;1049
20160120 143500;11.94;11.94;11.94;11.94;100
20160120 143700;11.98;11.98;11.97;11.97;225
20160120 145400;11.86;11.86;11.86;11.86;100
20160120 145700;11.86;11.86;11.86;11.86;100
20160120 150200;11.873;11.873;11.871;11.871;685
20160120 150400;11.88;11.88;11.88;11.88;100
20160120 150600;11.881;11.881;11.75;11.79;3610
20160120 150700;11.89;11.89;11.76;11.76;400
20160120 150800;11.83;11.83;11.83;11.83;100
20160120 151000;11.9;11.9089;11.9;11.9089;900
20160120 151500;11.91;11.94;11.91;11.92;300
20160120 151700;11.93;11.93;11.93;11.93;300
20160120 151800;11.94;11.94;11.94;11.94;100
20160120 151900;11.98;11.98;11.98;11.98;300
20160120 152000;11.98;12.01;11.98;12.01;300
20160120 152100;12.035;12.04;12.035;12.04;200
20160120 152200;12.04;12.04;12.04;12.04;100
20160120 152900;12.04;12.1;12.04;12.06;1000
20160120 153000;12.1;12.1;12.1;12.1;100
20160120 154000;12.05;12.05;12.05;12.05;100
20160120 154100;12.05;12.05;12.05;12.05;100
20160120 154200;12.01;12.01;12.01;12.01;100
20160120 154400;12.04;12.04;12.04;12.04;100
20160120 154500;12.03;12.06;12.03;12.06;300
20160120 155100;12.05;12.05;12.05;12.05;1323
20160120 155200;12.05;12.05;12.01;12.035;1177
20160120 155400;12.05;12.06;12.05;12.06;900
20160120 155800;12.05;12.059;12.05;12.059;3100
20160120 155900;12.06;12.07;12.059;12.07;1300
20160120 160000;12.06;12.06;12.06;12.06;200
20160121 093500;12.1806;12.1806;12.1806;12.1806;1272
20160121 093600;12.24;12.24;12.24;12.24;100
20160121 093900;12.22;12.22;12.22;12.22;108
20160121 094700;12.1866;12.1866;12.1866;12.1866;300
20160121 095100;12.11;12.11;12.06;12.08;2400
20160121 095500;12.1;12.1;12.1;12.1;100
20160121 095700;12.12;12.12;12.1196;12.12;1100
20160121 095800;12.12;12.16;12.107;12.16;1350
20160121 100200;12.16;12.16;12.16;12.16;100
20160121 100500;12.158;12.16;12.1558;12.16;1000
20160121 100600;12.1599;12.1599;12.14;12.14;2500
20160121 100700;12.16;12.16;12.15;12.155;700
20160121 100900;12.207;12.22;12.185;12.22;1700
20160121 101300;12.22;12.22;12.2006;12.2006;1650
20160121 101400;12.22;12.22;12.2;12.22;1850
20160121 101600;12.2098;12.2098;12.2098;12.2098;300
20160121 101900;12.22;12.25;12.22;12.2278;4100
20160121 102200;12.24;12.24;12.24;12.24;1200
20160121 102300;12.21;12.21;12.19;12.19;200
20160121 102500;12.16;12.16;12.16;12.16;800
20160121 102800;12.16;12.16;12.16;12.16;300
20160121 103100;12.19;12.19;12.19;12.19;100
20160121 103200;12.19;12.19;12.19;12.19;100
20160121 103500;12.1899;12.1899;12.1899;12.1899;150
20160121 103600;12.19;12.19;12.19;12.19;400
20160121 104000;12.2;12.2;12.2;12.2;100
20160121 104400;12.2;12.2;12.2;12.2;300
20160121 104900;12.24;12.24;12.24;12.24;100
20160121 105900;12.22;12.22;12.22;12.22;100
20160121 111100;12.2268;12.2268;12.2268;12.2268;2450
20160121 111800;12.24;12.24;12.24;12.24;100
20160121 112700;12.24;12.24;12.24;12.24;100
20160121 113700;12.24;12.24;12.24;12.24;100
20160121 114900;12.23;12.23;12.23;12.23;100
20160121 115100;12.25;12.25;12.25;12.25;200
20160121 115600;12.25;12.25;12.25;12.25;200
20160121 115700;12.27;12.27;12.27;12.27;100
20160121 121600;12.3193;12.3193;12.3193;12.3193;3063
20160121 122000;12.3;12.3;12.3;12.3;100
20160121 123400;12.3;12.3;12.3;12.3;100
20160121 123700;12.29;12.29;12.27;12.274;1300
20160121 124400;12.31;12.31;12.31;12.31;100
20160121 125400;12.3;12.3;12.3;12.3;100
20160121 125500;12.284;12.284;12.284;12.284;125
20160121 130200;12.32;12.32;12.32;12.32;100
20160121 130300;12.27;12.27;12.27;12.27;600
20160121 130400;12.31;12.31;12.285;12.285;200
20160121 130800;12.27;12.27;12.27;12.27;200
20160121 131300;12.27;12.27;12.27;12.27;200
20160121 131500;12.27;12.27;12.27;12.27;100
20160121 132300;12.25;12.25;12.25;12.25;300
20160121 132500;12.25;12.25;12.25;12.25;800
20160121 132800;12.25;12.25;12.25;12.25;100
20160121 132900;12.25;12.25;12.25;12.25;134
20160121 133600;12.24;12.24;12.24;12.24;146
20160121 135200;12.31;12.31;12.31;12.31;100
20160121 135700;12.2401;12.2401;12.2401;12.2401;1991
20160121 140100;12.29;12.3;12.245;12.29;3500
20160121 140400;12.29;12.29;12.29;12.29;100
20160121 141100;12.24;12.24;12.22;12.22;400
20160121 141600;12.2499;12.2499;12.2499;12.2499;750
20160121 142500;12.19;12.19;12.19;12.19;100
20160121 143100;12.24;12.24;12.24;12.24;100
20160121 143700;12.24;12.24;12.24;12.24;100
20160121 145100;12.2499;12.2499;12.2499;12.2499;195
20160121 145500;12.27;12.27;12.2417;12.2417;800
20160121 150300;12.29;12.3;12.2817;12.2817;1200
20160121 150500;12.2923;12.2923;12.2923;12.2923;1700
20160121 150700;12.3;12.3;12.3;12.3;100
20160121 150900;12.2552;12.28;12.2552;12.28;1328
20160121 151000;12.2594;12.2594;12.2594;12.2594;933
20160121 151200;12.263;12.27;12.263;12.27;720
20160121 151500;12.3;12.3;12.3;12.3;100
20160121 151700;12.25;12.27;12.25;12.25;800
20160121 151800;12.258;12.258;12.25;12.25;2014
20160121 152100;12.2301;12.25;12.2301;12.25;1358
20160121 152200;12.234;12.25;12.234;12.25;645
20160121 152300;12.23;12.27;12.23;12.27;2842
20160121 152400;12.2583;12.27;12.23;12.2343;2273
20160121 153200;12.25;12.25;12.25;12.25;100
20160121 153600;12.25;12.25;12.25;12.25;100
20160121 154100;12.25;12.25;12.25;12.25;100
20160121 154300;12.22;12.22;12.2;12.2097;6400
20160121 155600;12.24;12.24;12.24;12.24;100
20160121 155700;12.2392;12.26;12.2392;12.26;310
20160121 155800;12.27;12.27;12.27;12.27;100
20160121 155900;12.24;12.24;12.24;12.24;100
20160121 160000;12.26;12.26;12.26;12.26;100
20160122 093200;12.49;12.49;12.49;12.49;100
20160122 093500;12.49;12.49;12.49;12.49;100
20160122 093800;12.49;12.49;12.49;12.49;100
20160122 094200;12.4708;12.4708;12.4708;12.4708;100
20160122 094300;12.5;12.5;12.5;12.5;550
20160122 094600;12.5;12.5;12.5;12.5;100
20160122 094800;12.615;12.615;12.615;12.615;100
20160122 095400;12.55;12.55;12.55;12.55;100
20160122 095700;12.6;12.6288;12.6;12.6288;1100
20160122 095900;12.6099;12.6099;12.6099;12.6099;800
20160122 100200;12.63;12.63;12.63;12.63;100
20160122 100300;12.645;12.645;12.645;12.645;100
20160122 100600;12.64;12.64;12.63;12.63;200
20160122 100800;12.63;12.64;12.595;12.595;1625
20160122 101200;12.6;12.6;12.6;12.6;100
20160122 101300;12.62;12.62;12.62;12.62;100
20160122 103100;12.65;12.65;12.65;12.65;100
20160122 103200;12.65;12.65;12.65;12.65;100
20160122 103400;12.65;12.65;12.65;12.65;100
20160122 103500;12.6108;12.65;12.6108;12.65;500
20160122 103700;12.65;12.65;12.65;12.65;100
20160122 103800;12.65;12.65;12.65;12.65;100
20160122 104200;12.62;12.62;12.62;12.62;100
20160122 104300;12.61;12.61;12.61;12.61;450
20160122 104400;12.6;12.6;12.6;12.6;950
20160122 104800;12.57;12.57;12.57;12.57;100
20160122 105300;12.58;12.58;12.58;12.58;300
20160122 105400;12.58;12.58;12.58;12.58;100
20160122 105500;12.5701;12.5701;12.5701;12.5701;1532
20160122 110400;12.57;12.57;12.57;12.57;400
20160122 110500;12.51;12.54;12.51;12.54;200
20160122 110600;12.54;12.54;12.54;12.54;100
20160122 111300;12.55;12.55;12.55;12.55;100
20160122 112700;12.542;12.542;12.542;12.542;2000
20160122 114000;12.53;12.53;12.53;12.53;700
20160122 114700;12.53;12.53;12.53;12.53;100
20160122 120100;12.48;12.49;12.47;12.47;600
20160122 120200;12.51;12.51;12.51;12.51;100
20160122 120300;12.53;12.53;12.53;12.53;400
20160122 121400;12.53;12.53;12.53;12.53;800
20160122 121500;12.53;12.53;12.53;12.53;100
20160122 123900;12.5785;12.579;12.5785;12.5785;3875
20160122 124000;12.58;12.6;12.576;12.594;5800
20160122 130800;12.5704;12.5704;12.5704;12.5704;1200
20160122 131100;12.58;12.58;12.58;12.58;300
20160122 131200;12.59;12.59;12.59;12.59;200
20160122 131300;12.59;12.59;12.59;12.59;100
20160122 133200;12.6299;12.6299;12.6299;12.6299;300
20160122 135300;12.63;12.63;12.63;12.63;100
20160122 135400;12.62;12.66;12.62;12.66;1799
20160122 135600;12.631;12.631;12.631;12.631;684
20160122 135700;12.625;12.65;12.625;12.65;1008
20160122 135800;12.65;12.65;12.64;12.65;2870
20160122 140500;12.61;12.6394;12.61;12.6394;1600
20160122 142000;12.64;12.67;12.61;12.6326;1964
20160122 142100;12.6406;12.6406;12.6406;12.6406;1000
20160122 142600;12.67;12.67;12.67;12.67;124
20160122 144400;12.63;12.63;12.63;12.63;200
20160122 150500;12.64;12.64;12.64;12.64;191
20160122 151100;12.65;12.65;12.65;12.65;200
20160122 151800;12.65;12.65;12.65;12.65;200
20160122 152300;12.65;12.65;12.65;12.65;600
20160122 152400;12.65;12.65;12.65;12.65;200
20160122 152500;12.65;12.65;12.65;12.65;200
20160122 153300;12.65;12.65;12.65;12.65;100
20160122 153400;12.64;12.64;12.64;12.64;132
20160122 153800;12.6344;12.65;12.6343;12.6499;1376
20160122 154500;12.65;12.65;12.65;12.65;300
20160122 155100;12.645;12.645;12.61;12.6101;1222
20160122 155400;12.67;12.67;12.67;12.67;156
20160122 155800;12.74;12.74;12.74;12.74;100
20160122 160000;12.69;12.7;12.68;12.68;1580
20160125 093400;12.71;12.71;12.7;12.7;500
20160125 094400;12.4401;12.45;12.44;12.441;3129
20160125 094600;12.4401;12.4401;12.4401;12.4401;500
20160125 094700;12.4418;12.4418;12.4418;12.4418;1100
20160125 094800;12.6;12.6;12.6;12.6;100
20160125 095100;12.59;12.59;12.59;12.59;100
20160125 095600;12.6;12.6;12.6;12.6;100
20160125 095800;12.6;12.6;12.6;12.6;100
20160125 095900;12.544;12.56;12.495;12.56;3604
20160125 100000;12.57;12.68;12.57;12.68;200
20160125 100200;12.68;12.68;12.68;12.68;100
20160125 100300;12.69;12.69;12.69;12.69;200
20160125 100500;12.71;12.71;12.71;12.71;100
20160125 100700;12.7;12.7;12.7;12.7;100
20160125 100800;12.71;12.71;12.71;12.71;100
20160125 101000;12.7;12.7;12.7;12.7;100
20160125 101200;12.71;12.71;12.71;12.71;100
20160125 101400;12.71;12.71;12.71;12.71;100
20160125 101500;12.71;12.71;12.71;12.71;100
20160125 101700;12.71;12.71;12.71;12.71;100
20160125 101900;12.63;12.63;12.63;12.63;100
20160125 102000;12.63;12.63;12.575;12.61;585
20160125 102100;12.61;12.61;12.61;12.61;100
20160125 102200;12.61;12.61;12.61;12.61;100
20160125 102400;12.61;12.61;12.61;12.61;100
20160125 102600;12.61;12.61;12.61;12.61;100
20160125 102800;12.61;12.61;12.61;12.61;100
20160125 103000;12.61;12.61;12.61;12.61;100
20160125 103100;12.62;12.62;12.62;12.62;100
20160125 103300;12.62;12.62;12.62;12.62;100
20160125 103500;12.62;12.62;12.62;12.62;100
20160125 103700;12.62;12.62;12.62;12.62;100
20160125 103900;12.62;12.62;12.62;12.62;100
20160125 104100;12.62;12.62;12.62;12.62;100
20160125 104200;12.61;12.61;12.61;12.61;100
20160125 104400;12.5919;12.61;12.5919;12.61;823
20160125 104600;12.59;12.59;12.59;12.59;100
20160125 104800;12.59;12.59;12.59;12.59;100
20160125 105000;12.58;12.58;12.58;12.58;100
20160125 105200;12.58;12.58;12.58;12.58;100
20160125 105400;12.58;12.58;12.58;12.58;100
20160125 105500;12.58;12.58;12.58;12.58;100
20160125 105600;12.58;12.58;12.58;12.58;300
20160125 105700;12.58;12.58;12.58;12.58;100
20160125 105900;12.59;12.59;12.59;12.59;100
20160125 110100;12.59;12.59;12.59;12.59;100
20160125 110300;12.59;12.59;12.59;12.59;100
20160125 110500;12.59;12.59;12.59;12.59;100
20160125 110700;12.59;12.59;12.59;12.59;100
20160125 110900;12.5859;12.59;12.5859;12.59;1100
20160125 111100;12.59;12.59;12.59;12.59;100
20160125 111300;12.58;12.58;12.58;12.58;100
20160125 111500;12.58;12.58;12.58;12.58;100
20160125 111700;12.58;12.58;12.58;12.58;100
20160125 111900;12.58;12.58;12.58;12.58;100
20160125 112100;12.58;12.58;12.58;12.58;100
20160125 112300;12.58;12.58;12.58;12.58;100
20160125 112500;12.58;12.58;12.58;12.58;100
20160125 112700;12.58;12.58;12.58;12.58;100
20160125 112900;12.58;12.58;12.58;12.58;100
20160125 113100;12.6;12.6;12.6;12.6;100
20160125 113400;12.6;12.6;12.6;12.6;100
20160125 113600;12.6;12.6;12.6;12.6;100
20160125 113800;12.6;12.6;12.6;12.6;100
20160125 114000;12.6;12.6;12.6;12.6;100
20160125 114200;12.61;12.61;12.61;12.61;100
20160125 114400;12.61;12.61;12.61;12.61;100
20160125 114500;12.6;12.6;12.6;12.6;100
20160125 114700;12.6;12.6;12.6;12.6;100
20160125 114800;12.6;12.6;12.6;12.6;400
20160125 115100;12.6;12.6;12.6;12.6;100
20160125 115300;12.61;12.61;12.61;12.61;100
20160125 115500;12.61;12.61;12.61;12.61;100
20160125 115800;12.61;12.61;12.61;12.61;100
20160125 120000;12.61;12.61;12.61;12.61;100
20160125 120300;12.61;12.61;12.61;12.61;100
20160125 120500;12.61;12.61;12.61;12.61;100
20160125 120800;12.61;12.61;12.61;12.61;100
20160125 121000;12.61;12.61;12.61;12.61;100
20160125 121300;12.61;12.61;12.61;12.61;100
20160125 121600;12.6;12.61;12.6;12.61;200
20160125 121900;12.61;12.61;12.61;12.61;100
20160125 122100;12.61;12.61;12.61;12.61;100
20160125 122400;12.61;12.61;12.61;12.61;100
20160125 122700;12.61;12.61;12.61;12.61;100
20160125 123000;12.61;12.61;12.61;12.61;100
20160125 123200;12.61;12.61;12.61;12.61;100
20160125 123500;12.61;12.61;12.61;12.61;100
20160125 123800;12.61;12.61;12.61;12.61;100
20160125 124100;12.61;12.61;12.61;12.61;200
20160125 124500;12.63;12.67;12.63;12.65;8500
20160125 124700;12.63;12.63;12.63;12.63;100
20160125 124900;12.63;12.63;12.63;12.63;100
20160125 125200;12.68;12.68;12.68;12.68;100
20160125 125600;12.68;12.68;12.68;12.68;100
20160125 130500;12.7;12.7;12.7;12.7;100
20160125 130600;12.67;12.67;12.6538;12.6538;1200
20160125 130800;12.649;12.66;12.649;12.66;980
20160125 131000;12.6567;12.6567;12.6567;12.6567;2000
20160125 131100;12.66;12.66;12.65;12.65;600
20160125 131400;12.65;12.65;12.65;12.65;100
20160125 131700;12.65;12.66;12.65;12.66;200
20160125 131900;12.65;12.65;12.65;12.65;100
20160125 132200;12.65;12.65;12.65;12.65;100
20160125 132500;12.69;12.69;12.69;12.69;100
20160125 132800;12.69;12.69;12.69;12.69;100
20160125 133000;12.69;12.69;12.69;12.69;100
20160125 133300;12.69;12.69;12.69;12.69;100
20160125 133600;12.68;12.68;12.68;12.68;100
20160125 133900;12.68;12.68;12.68;12.68;100
20160125 134100;12.68;12.68;12.68;12.68;100
20160125 134400;12.68;12.68;12.68;12.68;100
20160125 134700;12.68;12.68;12.68;12.68;100
20160125 134900;12.67;12.67;12.67;12.67;100
20160125 135200;12.66;12.66;12.66;12.66;100
20160125 135400;12.65;12.65;12.6422;12.65;945
20160125 135700;12.65;12.65;12.65;12.65;100
20160125 135800;12.64;12.64;12.64;12.64;100
20160125 135900;12.65;12.65;12.65;12.65;100
20160125 140100;12.63;12.63;12.63;12.63;100
20160125 140200;12.63;12.63;12.63;12.63;600
20160125 140600;12.64;12.64;12.64;12.64;100
20160125 140900;12.64;12.64;12.64;12.64;100
20160125 141900;12.64;12.64;12.62;12.64;400
20160125 142100;12.64;12.64;12.64;12.64;100
20160125 142500;12.64;12.64;12.62;12.62;1300
20160125 143000;12.63;12.63;12.63;12.63;100
20160125 143300;12.63;12.63;12.63;12.63;100
20160125 143500;12.63;12.63;12.63;12.63;100
20160125 143700;12.63;12.63;12.63;12.63;100
20160125 143900;12.62;12.62;12.62;12.62;800
20160125 144000;12.64;12.64;12.64;12.64;100
20160125 144200;12.64;12.64;12.6336;12.64;518
20160125 144400;12.63;12.63;12.63;12.63;100
20160125 144600;12.63;12.63;12.63;12.63;100
20160125 144800;12.63;12.63;12.63;12.63;100
20160125 145000;12.625;12.625;12.62;12.62;900
20160125 145900;12.6144;12.6144;12.6144;12.6144;500
20160125 150100;12.62;12.62;12.62;12.62;100
20160125 150200;12.62;12.62;12.62;12.62;100
20160125 150300;12.63;12.63;12.63;12.63;100
20160125 150400;12.61;12.6175;12.61;12.6175;1400
20160125 151000;12.61;12.61;12.61;12.61;700
20160125 151300;12.6007;12.6007;12.6;12.6;200
20160125 151400;12.61;12.61;12.61;12.61;100
20160125 151700;12.61;12.61;12.6;12.6;3800
20160125 152100;12.61;12.61;12.61;12.61;100
20160125 152200;12.59;12.5907;12.59;12.59;2992
20160125 152500;12.5901;12.5901;12.5901;12.5901;1652
20160125 152600;12.59;12.59;12.59;12.59;705
20160125 152700;12.595;12.595;12.59;12.59;1609
20160125 152800;12.59;12.59;12.58;12.58;1100
20160125 153000;12.585;12.59;12.585;12.59;1000
20160125 153300;12.54;12.54;12.54;12.54;100
20160125 153800;12.54;12.54;12.54;12.54;100
20160125 154000;12.57;12.57;12.57;12.57;100
20160125 154100;12.57;12.57;12.54;12.54;200
20160125 154200;12.56;12.56;12.56;12.56;100
20160125 154400;12.56;12.56;12.56;12.56;100
20160125 154500;12.56;12.56;12.56;12.56;100
20160125 154600;12.55;12.55;12.55;12.55;100
20160125 154700;12.55;12.55;12.55;12.55;100
20160125 154800;12.55;12.55;12.55;12.55;100
20160125 154900;12.55;12.55;12.55;12.55;100
20160125 155000;12.55;12.55;12.55;12.55;100
20160125 155100;12.55;12.55;12.55;12.55;100
20160125 155200;12.55;12.55;12.51;12.51;200
20160125 155300;12.54;12.54;12.54;12.54;100
20160125 155400;12.54;12.54;12.54;12.54;200
20160125 155500;12.51;12.53;12.51;12.53;200
20160125 155600;12.54;12.54;12.54;12.54;400
20160125 155700;12.54;12.54;12.54;12.54;400
20160125 155800;12.54;12.54;12.54;12.54;400
20160125 155900;12.54;12.55;12.54;12.55;500
20160125 160000;12.55;12.55;12.55;12.55;400
20160126 093700;12.5801;12.5801;12.5801;12.5801;2000
20160126 094100;12.63;12.63;12.63;12.63;1000
20160126 094300;12.6301;12.6301;12.63;12.6301;12500
20160126 094800;12.602;12.602;12.602;12.602;553
20160126 095200;12.6;12.6;12.6;12.6;100
20160126 095300;12.6;12.6;12.6;12.6;200
20160126 095400;12.6;12.6;12.6;12.6;200
20160126 095500;12.6;12.6;12.59;12.59;200
20160126 095600;12.59;12.59;12.59;12.59;200
20160126 095700;12.59;12.59;12.59;12.59;400
20160126 095900;12.59;12.59;12.59;12.59;100
20160126 100000;12.59;12.59;12.59;12.59;200
20160126 100100;12.59;12.59;12.57;12.59;900
20160126 100200;12.6;12.6;12.6;12.6;100
20160126 100500;12.58;12.58;12.58;12.58;100
20160126 100600;12.584;12.584;12.5803;12.5803;1500
20160126 101600;12.63;12.63;12.63;12.63;100
20160126 102000;12.63;12.63;12.63;12.63;2000
20160126 102300;12.634;12.634;12.634;12.634;1200
20160126 103100;12.6202;12.6202;12.6202;12.6202;300
20160126 104100;12.62;12.6201;12.62;12.6201;1000
20160126 104700;12.64;12.64;12.6335;12.6335;2500
20160126 105000;12.64;12.65;12.64;12.65;500
20160126 105100;12.66;12.66;12.66;12.66;1500
20160126 105900;12.65;12.66;12.61;12.66;2300
20160126 110100;12.65;12.6501;12.65;12.65;6300
20160126 110600;12.655;12.66;12.655;12.66;400
20160126 110800;12.6603;12.6603;12.6601;12.6601;3000
20160126 110900;12.66;12.66;12.66;12.66;100
20160126 111000;12.65;12.6501;12.61;12.61;2700
20160126 111400;12.64;12.64;12.6303;12.6303;548
20160126 111600;12.64;12.65;12.6303;12.6303;2148
20160126 113900;12.63;12.63;12.63;12.63;800
20160126 121400;12.6499;12.6499;12.6499;12.6499;502
20160126 121700;12.6499;12.6499;12.6499;12.6499;502
20160126 122600;12.65;12.65;12.65;12.65;1226
20160126 122800;12.69;12.69;12.66;12.66;3493
20160126 122900;12.66;12.66;12.66;12.66;1089
20160126 131300;12.6712;12.6712;12.6712;12.6712;386
20160126 133600;12.6999;12.6999;12.6999;12.6999;200
20160126 134200;12.67;12.67;12.67;12.67;100
20160126 134400;12.695;12.695;12.695;12.695;750
20160126 140000;12.6995;12.6995;12.6995;12.6995;500
20160126 140900;12.6899;12.6899;12.6899;12.6899;500
20160126 141200;12.685;12.685;12.685;12.685;394
20160126 141300;12.6885;12.689;12.645;12.665;888
20160126 141400;12.6899;12.6899;12.6899;12.6899;1000
20160126 142600;12.65;12.65;12.65;12.65;100
20160126 142700;12.64;12.64;12.64;12.64;200
20160126 143100;12.6667;12.6667;12.65;12.65;600
20160126 143700;12.6899;12.6899;12.6899;12.6899;500
20160126 144600;12.69;12.69;12.69;12.69;100
20160126 144900;12.66;12.66;12.66;12.66;100
20160126 145100;12.69;12.69;12.69;12.69;100
20160126 145200;12.69;12.72;12.64;12.65;7450
20160126 145900;12.6822;12.6822;12.6822;12.6822;500
20160126 150000;12.7;12.7;12.7;12.7;100
20160126 150400;12.675;12.675;12.675;12.675;100
20160126 150700;12.7;12.7;12.7;12.7;200
20160126 150900;12.698;12.698;12.698;12.698;100
20160126 151100;12.698;12.698;12.698;12.698;100
20160126 151400;12.698;12.698;12.698;12.698;100
20160126 151600;12.698;12.698;12.698;12.698;100
20160126 151800;12.698;12.698;12.698;12.698;100
20160126 152000;12.698;12.698;12.698;12.698;100
20160126 152200;12.698;12.698;12.698;12.698;100
20160126 152300;12.698;12.698;12.698;12.698;100
20160126 152500;12.698;12.698;12.698;12.698;100
20160126 152700;12.698;12.698;12.698;12.698;100
20160126 152900;12.698;12.698;12.698;12.698;100
20160126 153100;12.698;12.698;12.698;12.698;100
20160126 153200;12.7;12.7;12.7;12.7;100
20160126 153300;12.698;12.698;12.698;12.698;100
20160126 153500;12.698;12.698;12.698;12.698;100
20160126 153600;12.698;12.698;12.698;12.698;100
20160126 153800;12.698;12.698;12.698;12.698;100
20160126 153900;12.698;12.698;12.698;12.698;100
20160126 154000;12.7;12.7;12.7;12.7;100
20160126 154200;12.7;12.7;12.7;12.7;100
20160126 154300;12.7;12.7;12.7;12.7;100
20160126 154400;12.7;12.7;12.7;12.7;100
20160126 154500;12.7;12.7;12.7;12.7;100
20160126 154600;12.71;12.71;12.71;12.71;100
20160126 154700;12.718;12.718;12.718;12.718;100
20160126 154800;12.718;12.718;12.718;12.718;100
20160126 154900;12.718;12.718;12.718;12.718;100
20160126 155000;12.72;12.72;12.6701;12.6701;600
20160126 155100;12.7199;12.7199;12.7199;12.7199;100
20160126 155200;12.718;12.718;12.718;12.718;100
20160126 155300;12.72;12.72;12.72;12.72;100
20160126 155400;12.72;12.72;12.72;12.72;100
20160126 155500;12.72;12.72;12.72;12.72;100
20160126 155600;12.71;12.71;12.7;12.7;200
20160126 155700;12.6999;12.7;12.6999;12.7;300
20160126 155800;12.7;12.7;12.7;12.7;200
20160126 155900;12.71;12.71;12.71;12.71;300
20160126 160000;12.71;12.71;12.71;12.71;200
20160127 094000;12.73;12.73;12.72;12.72;400
20160127 094200;12.73;12.73;12.73;12.73;200
20160127 094300;12.685;12.685;12.66;12.66;200
20160127 094400;12.73;12.73;12.73;12.73;100
20160127 094500;12.73;12.73;12.73;12.73;100
20160127 094600;12.73;12.73;12.73;12.73;100
20160127 094800;12.685;12.685;12.64;12.64;200
20160127 094900;12.73;12.73;12.73;12.73;100
20160127 095000;12.73;12.73;12.73;12.73;100
20160127 095100;12.73;12.73;12.73;12.73;100
20160127 095200;12.73;12.73;12.73;12.73;100
20160127 095300;12.73;12.73;12.73;12.73;100
20160127 095400;12.73;12.73;12.73;12.73;100
20160127 095500;12.73;12.73;12.73;12.73;100
20160127 095600;12.73;12.73;12.73;12.73;100
20160127 095800;12.73;12.73;12.73;12.73;100
20160127 095900;12.664;12.73;12.6607;12.73;1600
20160127 100100;12.6601;12.6601;12.6601;12.6601;1000
20160127 100200;12.73;12.73;12.73;12.73;100
20160127 100300;12.6853;12.73;12.6853;12.73;1350
20160127 100600;12.673;12.71;12.6705;12.71;1015
20160127 100700;12.71;12.71;12.67;12.6715;1700
20160127 100800;12.71;12.71;12.71;12.71;100
20160127 100900;12.71;12.71;12.71;12.71;100
20160127 101000;12.71;12.71;12.71;12.71;100
20160127 101100;12.71;12.71;12.71;12.71;200
20160127 101200;12.72;12.72;12.72;12.72;100
20160127 101500;12.71;12.71;12.71;12.71;100
20160127 101600;12.67;12.67;12.66;12.66;1400
20160127 101700;12.605;12.6199;12.605;12.61;600
20160127 102000;12.61;12.61;12.61;12.61;200
20160127 102600;12.66;12.66;12.66;12.66;100
20160127 102700;12.66;12.66;12.66;12.66;100
20160127 102800;12.66;12.66;12.66;12.66;100
20160127 102900;12.65;12.65;12.65;12.65;100
20160127 103000;12.65;12.65;12.65;12.65;100
20160127 103100;12.64;12.64;12.64;12.64;300
20160127 103300;12.64;12.64;12.64;12.64;100
20160127 103400;12.64;12.64;12.64;12.64;100
20160127 103500;12.64;12.64;12.64;12.64;400
20160127 103600;12.66;12.66;12.66;12.66;100
20160127 103800;12.66;12.66;12.66;12.66;100
20160127 104000;12.66;12.66;12.64;12.64;854
20160127 104100;12.68;12.68;12.68;12.68;100
20160127 104300;12.68;12.68;12.68;12.68;100
20160127 104500;12.68;12.68;12.68;12.68;100
20160127 104700;12.68;12.68;12.68;12.68;100
20160127 104800;12.6606;12.6606;12.6606;12.6606;2000
20160127 104900;12.69;12.69;12.69;12.69;100
20160127 105100;12.69;12.69;12.69;12.69;100
20160127 105400;12.67;12.67;12.67;12.67;100
20160127 105600;12.68;12.68;12.68;12.68;100
20160127 105700;12.66;12.66;12.66;12.66;722
20160127 110200;12.67;12.67;12.67;12.67;100
20160127 110400;12.67;12.67;12.67;12.67;100
20160127 110500;12.67;12.67;12.67;12.67;100
20160127 110700;12.67;12.67;12.67;12.67;100
20160127 111000;12.7;12.7;12.7;12.7;100
20160127 111200;12.68;12.68;12.68;12.68;100
20160127 111400;12.68;12.68;12.68;12.68;100
20160127 111600;12.68;12.68;12.68;12.68;100
20160127 111800;12.68;12.68;12.68;12.68;100
20160127 112100;12.71;12.71;12.71;12.71;331
20160127 112300;12.71;12.71;12.71;12.71;100
20160127 112400;12.7;12.7;12.7;12.7;100
20160127 112600;12.72;12.72;12.72;12.72;100
20160127 112900;12.71;12.71;12.71;12.71;100
20160127 113000;12.69;12.69;12.69;12.69;125
20160127 113200;12.71;12.71;12.71;12.71;100
20160127 113500;12.71;12.71;12.71;12.71;100
20160127 113600;12.71;12.71;12.71;12.71;100
20160127 113800;12.72;12.72;12.72;12.72;100
20160127 114000;12.72;12.72;12.72;12.72;100
20160127 114300;12.73;12.73;12.73;12.73;100
20160127 114600;12.73;12.73;12.73;12.73;100
20160127 114700;12.73;12.73;12.73;12.73;1000
20160127 115000;12.73;12.73;12.72;12.72;300
20160127 115400;12.75;12.76;12.75;12.76;3300
20160127 120000;12.78;12.79;12.78;12.79;925
20160127 120400;12.77;12.7799;12.77;12.7755;4100
20160127 120900;12.7756;12.78;12.77;12.7796;4800
20160127 121000;12.7801;12.7801;12.78;12.78;400
20160127 121200;12.7529;12.7529;12.7529;12.7529;625
20160127 121500;12.79;12.79;12.7775;12.7775;1200
20160127 131700;12.78;12.79;12.7687;12.7687;3900
20160127 132300;12.7706;12.7706;12.7706;12.7706;472
20160127 132800;12.7685;12.7713;12.7685;12.7713;1036
20160127 134000;12.774;12.774;12.75;12.75;2456
20160127 134100;12.75;12.75;12.75;12.75;1500
20160127 134300;12.7499;12.7499;12.7499;12.7499;118
20160127 134400;12.73;12.73;12.72;12.72;1100
20160127 134700;12.72;12.73;12.72;12.73;200
20160127 134900;12.73;12.73;12.73;12.73;100
20160127 135000;12.74;12.74;12.74;12.74;600
20160127 135100;12.74;12.74;12.74;12.74;100
20160127 135500;12.74;12.74;12.74;12.74;300
20160127 135600;12.74;12.74;12.74;12.74;100
20160127 135800;12.73;12.75;12.73;12.75;800
20160127 141400;12.75;12.75;12.75;12.75;100
20160127 141900;12.73;12.73;12.73;12.73;200
20160127 142100;12.73;12.73;12.73;12.73;100
20160127 142200;12.73;12.73;12.73;12.73;100
20160127 142500;12.73;12.73;12.73;12.73;100
20160127 142800;12.73;12.73;12.73;12.73;100
20160127 142900;12.73;12.73;12.73;12.73;100
20160127 143100;12.73;12.73;12.73;12.73;100
20160127 143300;12.73;12.73;12.73;12.73;200
20160127 143600;12.73;12.73;12.73;12.73;100
20160127 143800;12.71;12.71;12.71;12.71;100
20160127 144000;12.7;12.7;12.69;12.69;600
20160127 144100;12.67;12.67;12.67;12.67;300
20160127 144200;12.66;12.66;12.66;12.66;100
20160127 145200;12.66;12.67;12.66;12.67;1100
20160127 145300;12.69;12.69;12.67;12.68;1200
20160127 145400;12.67;12.67;12.67;12.67;300
20160127 145500;12.66;12.66;12.66;12.66;200
20160127 145600;12.65;12.65;12.65;12.65;500
20160127 150200;12.61;12.61;12.61;12.61;700
20160127 150300;12.61;12.61;12.6;12.6;306
20160127 150900;12.6;12.6;12.6;12.6;500
20160127 151000;12.6;12.6;12.6;12.6;100
20160127 151200;12.59;12.59;12.59;12.59;200
20160127 151300;12.58;12.58;12.57;12.57;3200
20160127 151700;12.56;12.56;12.56;12.56;100
20160127 152200;12.55;12.55;12.55;12.55;100
20160127 152300;12.56;12.56;12.56;12.56;100
20160127 152400;12.57;12.57;12.57;12.57;300
20160127 152500;12.6;12.6;12.6;12.6;100
20160127 152600;12.59;12.59;12.59;12.59;100
20160127 152700;12.59;12.59;12.59;12.59;100
20160127 152800;12.61;12.61;12.61;12.61;100
20160127 152900;12.62;12.62;12.62;12.62;100
20160127 153100;12.61;12.61;12.61;12.61;100
20160127 153200;12.62;12.62;12.62;12.62;100
20160127 153300;12.62;12.62;12.62;12.62;100
20160127 153400;12.62;12.62;12.62;12.62;200
20160127 153500;12.62;12.62;12.62;12.62;200
20160127 153600;12.62;12.62;12.62;12.62;100
20160127 153700;12.63;12.63;12.63;12.63;200
20160127 153800;12.63;12.63;12.63;12.63;300
20160127 154000;12.62;12.62;12.62;12.62;100
20160127 154100;12.6;12.6;12.6;12.6;2403
20160127 154600;12.62;12.62;12.53;12.53;10963
20160127 155000;12.63;12.63;12.63;12.63;100
20160127 155300;12.62;12.62;12.61;12.61;200
20160127 155400;12.62;12.62;12.61;12.62;1200
20160127 155500;12.62;12.63;12.62;12.63;500
20160127 155700;12.64;12.64;12.64;12.64;100
20160127 155800;12.63;12.64;12.63;12.64;400
20160127 160000;12.63;12.64;12.63;12.64;304
20160128 093900;12.78;12.78;12.78;12.78;100
20160128 094100;12.75;12.75;12.75;12.75;100
20160128 094200;12.75;12.75;12.75;12.75;100
20160128 094700;12.735;12.735;12.735;12.735;100
20160128 094900;12.743;12.743;12.74;12.74;785
20160128 095500;12.77;12.77;12.77;12.77;162
20160128 100200;12.77;12.77;12.77;12.77;117
20160128 100500;12.75;12.75;12.691;12.691;3670
20160128 100700;12.725;12.73;12.71;12.73;1500
20160128 100800;12.7399;12.7399;12.7399;12.7399;100
20160128 101000;12.74;12.74;12.71;12.71;600
20160128 101600;12.71;12.71;12.71;12.71;200
20160128 102000;12.7099;12.7099;12.7099;12.7099;190
20160128 102100;12.71;12.71;12.71;12.71;100
20160128 103300;12.67;12.68;12.67;12.68;300
20160128 103400;12.65;12.67;12.63;12.6399;3615
20160128 103500;12.61;12.61;12.61;12.61;200
20160128 103600;12.63;12.63;12.6299;12.6299;300
20160128 103800;12.64;12.66;12.64;12.66;1300
20160128 103900;12.67;12.67;12.65;12.65;3000
20160128 104000;12.65;12.65;12.65;12.65;300
20160128 104100;12.665;12.665;12.6601;12.6601;200
20160128 104400;12.66;12.66;12.66;12.66;100
20160128 104700;12.685;12.685;12.68;12.68;1200
20160128 104800;12.66;12.66;12.66;12.66;200
20160128 104900;12.6599;12.68;12.6599;12.68;260
20160128 105000;12.68;12.68;12.68;12.68;700
20160128 105700;12.69;12.69;12.69;12.69;100
20160128 105800;12.68;12.68;12.66;12.66;1100
20160128 110100;12.6457;12.6457;12.6457;12.6457;1180
20160128 110200;12.67;12.71;12.67;12.71;200
20160128 110600;12.71;12.71;12.71;12.71;740
20160128 111000;12.74;12.74;12.7399;12.7399;200
20160128 111400;12.7199;12.7199;12.7199;12.7199;200
20160128 111800;12.72;12.72;12.7199;12.7199;200
20160128 112200;12.7199;12.7199;12.7199;12.7199;200
20160128 112300;12.7113;12.7113;12.7113;12.7113;2000
20160128 112600;12.72;12.72;12.72;12.72;200
20160128 112900;12.7158;12.7194;12.7158;12.7194;800
20160128 113000;12.7199;12.7199;12.7199;12.7199;200
20160128 113100;12.705;12.705;12.705;12.705;100
20160128 113200;12.7;12.7;12.7;12.7;200
20160128 113900;12.69;12.7;12.69;12.7;200
20160128 114000;12.7;12.7;12.7;12.7;700
20160128 114300;12.71;12.71;12.71;12.71;300
20160128 114500;12.7085;12.7085;12.7085;12.7085;118
20160128 114800;12.71;12.71;12.71;12.71;200
20160128 115200;12.7099;12.7099;12.7099;12.7099;200
20160128 115500;12.7;12.7;12.7;12.7;300
20160128 115600;12.7;12.7;12.7;12.7;100
20160128 115800;12.7;12.7;12.7;12.7;800
20160128 115900;12.71;12.71;12.71;12.71;100
20160128 120100;12.71;12.71;12.71;12.71;100
20160128 120500;12.7299;12.7299;12.7299;12.7299;100
20160128 120900;12.73;12.73;12.73;12.73;200
20160128 121400;12.7499;12.7499;12.7499;12.7499;200
20160128 121900;12.7499;12.7499;12.7499;12.7499;150
20160128 122400;12.7599;12.7599;12.7599;12.7599;200
20160128 122900;12.76;12.76;12.76;12.76;200
20160128 123400;12.76;12.76;12.76;12.76;200
20160128 123900;12.77;12.77;12.77;12.77;300
20160128 124500;12.78;12.78;12.78;12.78;200
20160128 125000;12.78;12.78;12.78;12.78;200
20160128 125100;12.78;12.78;12.78;12.78;100
20160128 125500;12.78;12.78;12.78;12.78;200
20160128 130100;12.78;12.78;12.78;12.78;200
20160128 130500;12.78;12.78;12.78;12.78;200
20160128 131100;12.78;12.78;12.78;12.78;200
20160128 131500;12.78;12.78;12.78;12.78;200
20160128 132100;12.78;12.78;12.78;12.78;200
20160128 132500;12.78;12.78;12.7638;12.7638;1000
20160128 132600;12.78;12.78;12.78;12.78;200
20160128 133100;12.78;12.78;12.78;12.78;200
20160128 133200;12.78;12.78;12.7676;12.7676;220
20160128 133600;12.78;12.795;12.78;12.795;300
20160128 134100;12.79;12.82;12.79;12.82;500
20160128 134400;12.8104;12.8104;12.8104;12.8104;2000
20160128 134800;12.8199;12.8199;12.8199;12.8199;200
20160128 135300;12.81;12.81;12.81;12.81;200
20160128 135700;12.8199;12.8199;12.8199;12.8199;200
20160128 135900;12.805;12.805;12.8;12.8;200
20160128 140000;12.8;12.8;12.8;12.8;100
20160128 140100;12.8;12.81;12.8;12.81;200
20160128 140500;12.81;12.81;12.81;12.81;100
20160128 140900;12.84;12.84;12.84;12.84;100
20160128 141100;12.84;12.84;12.84;12.84;100
20160128 141300;12.8399;12.8399;12.8399;12.8399;100
20160128 141500;12.84;12.84;12.84;12.84;100
20160128 141700;12.84;12.84;12.84;12.84;100
20160128 141900;12.84;12.84;12.84;12.84;100
20160128 142000;12.8096;12.8096;12.8096;12.8096;398
20160128 142100;12.803;12.8299;12.803;12.8299;1600
20160128 142400;12.8299;12.8299;12.8299;12.8299;100
20160128 142600;12.8299;12.8299;12.8299;12.8299;100
20160128 142800;12.8299;12.8299;12.8299;12.8299;100
20160128 143000;12.829;12.829;12.829;12.829;100
20160128 143200;12.83;12.83;12.83;12.83;100
20160128 143400;12.8299;12.8299;12.8299;12.8299;100
20160128 143600;12.8086;12.8299;12.8086;12.8299;460
20160128 143800;12.8299;12.8299;12.8299;12.8299;100
20160128 144000;12.8299;12.8299;12.8299;12.8299;100
20160128 144100;12.8;12.81;12.8;12.803;1500
20160128 144400;12.815;12.8299;12.815;12.8299;1100
20160128 144600;12.8299;12.8299;12.8299;12.8299;100
20160128 144800;12.7901;12.8299;12.7901;12.8299;630
20160128 145000;12.83;12.83;12.83;12.83;100
20160128 145200;12.83;12.83;12.83;12.83;100
20160128 145400;12.8199;12.8199;12.8199;12.8199;100
20160128 145600;12.8199;12.8199;12.8199;12.8199;100
20160128 145800;12.8199;12.8199;12.8199;12.8199;100
20160128 150000;12.8199;12.8199;12.8199;12.8199;100
20160128 150100;12.82;12.83;12.8103;12.83;2600
20160128 150200;12.8;12.8;12.79;12.79;307
20160128 150300;12.8299;12.8299;12.8299;12.8299;100
20160128 150500;12.8299;12.8299;12.8299;12.8299;100
20160128 150700;12.8299;12.8299;12.8125;12.8125;1016
20160128 150800;12.82;12.82;12.82;12.82;100
20160128 151000;12.82;12.82;12.82;12.82;100
20160128 151200;12.82;12.82;12.82;12.82;100
20160128 151300;12.8199;12.8199;12.8199;12.8199;100
20160128 151400;12.8019;12.8019;12.8019;12.8019;1000
20160128 151500;12.82;12.82;12.82;12.82;100
20160128 151600;12.82;12.82;12.82;12.82;100
20160128 151800;12.8199;12.8199;12.8199;12.8199;100
20160128 152000;12.82;12.82;12.82;12.82;100
20160128 152100;12.82;12.82;12.82;12.82;100
20160128 152300;12.8299;12.8299;12.8299;12.8299;100
20160128 152400;12.8299;12.8299;12.79;12.79;2152
20160128 152700;12.8299;12.8299;12.79;12.79;833
20160128 152800;12.8299;12.8299;12.8299;12.8299;100
20160128 153000;12.8299;12.8299;12.8299;12.8299;100
20160128 153100;12.8299;12.8299;12.8299;12.8299;100
20160128 153200;12.8299;12.8299;12.8299;12.8299;100
20160128 153300;12.8299;12.8299;12.8299;12.8299;100
20160128 153400;12.8299;12.8299;12.8299;12.8299;100
20160128 153500;12.8299;12.8299;12.8299;12.8299;100
20160128 153700;12.8299;12.8299;12.8299;12.8299;100
20160128 153800;12.8299;12.8299;12.8299;12.8299;100
20160128 153900;12.8299;12.8299;12.8299;12.8299;100
20160128 154000;12.8299;12.8299;12.8299;12.8299;100
20160128 154100;12.8299;12.8299;12.8282;12.8282;250
20160128 154200;12.83;12.83;12.7892;12.7892;440
20160128 154300;12.8299;12.83;12.8299;12.83;200
20160128 154400;12.8299;12.8299;12.8299;12.8299;100
20160128 154500;12.83;12.83;12.83;12.83;100
20160128 154600;12.8199;12.8199;12.8199;12.8199;100
20160128 154700;12.82;12.82;12.82;12.82;100
20160128 154800;12.8199;12.82;12.8199;12.82;200
20160128 154900;12.8199;12.8199;12.8199;12.8199;100
20160128 155000;12.82;12.82;12.82;12.82;100
20160128 155100;12.82;12.82;12.82;12.82;200
20160128 155200;12.82;12.82;12.82;12.82;100
20160128 155300;12.82;12.82;12.82;12.82;200
20160128 155400;12.82;12.82;12.82;12.82;100
20160128 155500;12.81;12.81;12.81;12.81;200
20160128 155600;12.81;12.81;12.81;12.81;300
20160128 155700;12.82;12.82;12.82;12.82;300
20160128 155800;12.82;12.82;12.82;12.82;400
20160128 155900;12.82;12.83;12.82;12.83;300
20160128 160000;12.83;12.83;12.83;12.83;300
20160128 161700;12.7864;12.7864;12.7864;12.7864;21065
20160129 095700;12.92;12.92;12.915;12.915;400
20160129 095800;12.92;12.92;12.92;12.92;200
20160129 095900;12.9201;12.9201;12.92;12.9201;5600
20160129 101500;12.92;12.92;12.92;12.92;100
20160129 101800;12.92;12.92;12.92;12.92;100
20160129 103200;12.92;12.92;12.92;12.92;1300
20160129 104100;12.925;12.93;12.925;12.93;400
20160129 104400;12.94;12.94;12.94;12.94;200
20160129 104500;12.93;12.93;12.93;12.93;100
20160129 104800;12.94;12.94;12.94;12.94;100
20160129 105100;12.93;12.941;12.93;12.94;2600
20160129 105200;12.93;12.93;12.93;12.93;100
20160129 105300;12.93;12.93;12.93;12.93;900
20160129 110000;12.93;12.93;12.93;12.93;100
20160129 111700;12.93;12.93;12.93;12.93;100
20160129 111900;12.9336;12.9407;12.93;12.9407;4340
20160129 114300;12.92;12.92;12.92;12.92;200
20160129 122200;12.93;12.93;12.93;12.93;100
20160129 122700;12.95;12.96;12.9435;12.96;3700
20160129 122900;12.96;12.96;12.96;12.96;200
20160129 123100;12.94;12.94;12.94;12.94;500
20160129 130300;12.96;12.96;12.94;12.94;3300
20160129 130500;12.94;12.94;12.94;12.94;100
20160129 131200;12.96;12.98;12.96;12.9735;1800
20160129 132100;12.9999;12.9999;12.9999;12.9999;400
20160129 133600;13;13;13;13;400
20160129 133900;13.01;13.03;13;13;3700
20160129 141600;13.01;13.01;13.01;13.01;100
20160129 142000;13;13;13;13;100
20160129 142900;13.04;13.09;13.0399;13.09;2438
20160129 143200;13.04;13.04;13.04;13.04;200
20160129 144000;13.04;13.04;13.04;13.04;140
20160129 144700;13;13;13;13;100
20160129 145700;13.04;13.04;13.0343;13.0344;4000
20160129 150600;13.0399;13.0399;13.0399;13.0399;765
20160129 150700;13.04;13.04;13.0296;13.0296;1722
20160129 151300;13.0491;13.0491;13.0491;13.0491;385
20160129 151900;13.05;13.07;13.02;13.0357;4627
20160129 152600;13.05;13.05;13.0187;13.0187;2000
20160129 152900;13.07;13.07;13.07;13.07;1600
20160129 153900;13.07;13.07;13.07;13.07;100
20160129 154300;13.07;13.07;13.07;13.07;100
20160129 154700;13.07;13.07;13.07;13.07;100
20160129 155200;13.07;13.07;13.07;13.07;100
20160129 155300;13.07;13.11;13.07;13.07;3468
20160129 155400;13.11;13.11;13.11;13.11;100
20160129 155600;13.11;13.11;13.11;13.11;200
20160129 155700;13.11;13.11;13.11;13.11;100
20160129 160000;13.11;13.11;13.1;13.11;437
20160201 094000;13.04;13.04;13.04;13.04;300
20160201 094300;13.03;13.03;13.03;13.03;100
20160201 094900;13.03;13.03;13.03;13.03;100
20160201 095800;13.02;13.02;13.02;13.02;100
20160201 100100;13.02;13.02;13.02;13.02;134
20160201 100700;13.01;13.01;13.01;13.01;100
20160201 100900;12.95;12.96;12.95;12.95;2700
20160201 101000;12.95;12.95;12.95;12.95;300
20160201 101300;12.96;12.96;12.96;12.96;100
20160201 102100;13;13.02;12.97;13.02;980
20160201 102500;13.01;13.01;13.01;13.01;100
20160201 102900;13.01;13.01;13.01;13.01;1671
20160201 103200;12.9701;12.9701;12.97;12.97;1040
20160201 103300;12.98;12.98;12.98;12.98;170
20160201 104300;12.9668;12.9668;12.9668;12.9668;900
20160201 104600;12.99;12.99;12.99;12.99;1000
20160201 104700;13.01;13.01;13.01;13.01;100
20160201 104800;13;13.0004;13;13.0004;650
20160201 104900;13;13;13;13;600
20160201 105000;12.99;12.99;12.99;12.99;200
20160201 110100;13.03;13.03;13.03;13.03;100
20160201 111200;12.9906;12.9906;12.9906;12.9906;1100
20160201 113700;13.04;13.04;13.04;13.04;200
20160201 114800;13.05;13.05;13.05;13.05;200
20160201 121100;13.0599;13.0599;13.05;13.05;3340
20160201 123900;13.044;13.044;13.044;13.044;500
20160201 125400;13.06;13.06;13.06;13.06;100
20160201 132700;13.06;13.0699;13.06;13.0699;480
20160201 134300;13.0401;13.0401;13.0401;13.0401;998
20160201 140000;13.0303;13.0303;13.0303;13.0303;595
20160201 140500;13.045;13.06;13.045;13.06;300
20160201 150100;13.06;13.06;13.06;13.06;100
20160201 152500;13.08;13.1;13.08;13.1;530
20160201 152600;13.1;13.1;13.1;13.1;100
20160201 154400;13.14;13.14;13.14;13.14;144
20160201 155200;13.13;13.13;13.13;13.13;200
20160201 155500;13.138;13.138;13.138;13.138;180
20160201 155900;13.07;13.07;13.07;13.07;100
20160202 093200;13.0001;13.0001;13.0001;13.0001;503
20160202 093300;13;13;13;13;600
20160202 094200;12.93;12.93;12.93;12.93;235
20160202 094400;12.93;12.93;12.93;12.93;400
20160202 094600;12.93;12.93;12.93;12.93;857
20160202 094700;12.93;12.93;12.93;12.93;100
20160202 095900;12.9299;12.93;12.89;12.8915;1600
20160202 100400;12.93;12.93;12.93;12.93;100
20160202 101500;12.93;12.93;12.93;12.93;100
20160202 102000;12.893;12.92;12.893;12.92;1600
20160202 102400;12.91;12.91;12.91;12.91;100
20160202 102500;12.91;12.91;12.91;12.91;100
20160202 102700;12.9;12.9;12.9;12.9;300
20160202 102900;12.9;12.9;12.9;12.9;133
20160202 104000;12.8601;12.8601;12.8601;12.8601;2000
20160202 105600;12.91;12.94;12.91;12.94;400
20160202 110200;12.92;12.92;12.92;12.92;600
20160202 110700;12.9099;12.9099;12.9099;12.9099;1594
20160202 110800;12.91;12.91;12.91;12.91;290
20160202 111300;12.93;12.93;12.93;12.93;300
20160202 112000;12.9599;12.9599;12.9599;12.9599;317
20160202 113100;12.9101;12.9101;12.9101;12.9101;131
20160202 114000;12.95;12.95;12.95;12.95;200
20160202 120500;12.91;12.91;12.91;12.91;800
20160202 120600;12.9;12.9;12.9;12.9;720
20160202 121300;12.8999;12.8999;12.8999;12.8999;200
20160202 121900;12.9;12.92;12.88;12.92;5453
20160202 122100;12.9413;12.9413;12.9413;12.9413;900
20160202 124300;12.93;12.93;12.93;12.93;800
20160202 124500;12.95;12.96;12.9175;12.9175;7800
20160202 124700;12.98;12.98;12.97;12.97;654
20160202 125200;12.96;12.96;12.944;12.944;1300
20160202 130000;12.94;12.94;12.94;12.94;1500
20160202 130100;12.94;12.94;12.94;12.94;150
20160202 131300;12.94;12.95;12.935;12.94;1892
20160202 131600;12.9437;12.9437;12.9437;12.9437;650
20160202 131700;12.955;12.955;12.955;12.955;100
20160202 131900;12.94;12.98;12.9383;12.98;5034
20160202 132200;12.93;12.93;12.93;12.93;900
20160202 134200;12.95;12.95;12.937;12.937;1100
20160202 135100;12.92;12.923;12.91;12.91;2300
20160202 140900;12.917;12.917;12.917;12.917;103
20160202 141500;12.92;12.92;12.92;12.92;100
20160202 142200;12.92;12.94;12.917;12.917;1842
20160202 144400;12.91;12.94;12.91;12.91;500
20160202 150400;12.91;12.91;12.91;12.91;200
20160202 151500;12.9;12.9;12.898;12.898;4100
20160202 154100;12.8947;12.8947;12.8947;12.8947;1037
20160202 155700;12.95;12.95;12.95;12.95;200
20160202 155800;12.9499;12.95;12.9499;12.9499;1650
20160203 095800;12.9599;12.98;12.94;12.98;800
20160203 100300;12.95;12.95;12.9215;12.9215;2189
20160203 100700;12.93;12.93;12.93;12.93;300
20160203 101000;12.92;12.92;12.92;12.92;200
20160203 101200;12.91;12.91;12.91;12.91;2200
20160203 101300;12.91;12.91;12.91;12.91;200
20160203 101400;12.93;12.93;12.93;12.93;1130
20160203 101800;12.92;12.92;12.92;12.92;1000
20160203 103000;12.81;12.81;12.81;12.81;100
20160203 103800;12.82;12.82;12.81;12.81;300
20160203 103900;12.8;12.8;12.8;12.8;300
20160203 104400;12.77;12.81;12.77;12.81;1700
20160203 105000;12.8099;12.8099;12.8099;12.8099;902
20160203 105500;12.82;12.82;12.82;12.82;200
20160203 110300;12.85;12.85;12.85;12.85;100
20160203 110700;12.82;12.82;12.82;12.82;100
20160203 110800;12.82;12.82;12.81;12.81;2800
20160203 110900;12.79;12.79;12.76;12.76;500
20160203 113200;12.8634;12.8634;12.8634;12.8634;500
20160203 113300;12.87;12.87;12.87;12.87;100
20160203 113400;12.84;12.84;12.84;12.84;100
20160203 114600;12.9054;12.9054;12.9054;12.9054;300
20160203 114800;12.91;12.91;12.91;12.91;300
20160203 115700;12.94;12.94;12.94;12.94;100
20160203 115800;12.9399;12.9399;12.9399;12.9399;116
20160203 121500;12.92;12.92;12.91;12.91;1206
20160203 121600;12.91;12.91;12.91;12.91;3885
20160203 122800;12.8906;12.9;12.8906;12.9;430
20160203 123200;12.8701;12.8701;12.8701;12.8701;301
20160203 123400;12.86;12.86;12.86;12.86;300
20160203 130200;12.889;12.889;12.889;12.889;500
20160203 130300;12.87;12.88;12.87;12.88;300
20160203 133000;12.88;12.8865;12.87;12.8865;1479
20160203 133100;12.8409;12.8409;12.8409;12.8409;625
20160203 133500;12.83;12.8375;12.83;12.8375;6947
20160203 133800;12.83;12.83;12.7674;12.7674;3265
20160203 134000;12.8133;12.8133;12.8133;12.8133;300
20160203 135600;12.83;12.83;12.8101;12.8199;2325
20160203 135800;12.83;12.83;12.82;12.82;300
20160203 135900;12.825;12.825;12.825;12.825;100
20160203 140500;12.815;12.815;12.8;12.8;1400
20160203 142500;12.8699;12.88;12.8699;12.88;903
20160203 142700;12.8999;12.9;12.8999;12.9;607
20160203 143500;12.93;12.93;12.93;12.93;300
20160203 143800;12.94;12.94;12.94;12.94;100
20160203 144700;12.98;12.99;12.98;12.99;700
20160203 150200;13.01;13.01;13.01;13.01;300
20160203 150400;13.02;13.02;13.02;13.02;2200
20160203 151100;13.02;13.03;13.02;13.03;300
20160203 151700;12.9801;12.9801;12.9801;12.9801;250
20160203 152300;12.99;12.99;12.99;12.99;100
20160203 154500;12.99;12.99;12.987;12.987;900
20160203 154900;13.02;13.04;13.0135;13.0135;2820
20160204 093600;13.02;13.02;13.02;13.02;500
20160204 093900;13;13.02;12.96;12.96;24900
20160204 094700;12.93;12.93;12.93;12.93;200
20160204 095500;12.98;12.98;12.9673;12.9673;2150
20160204 100100;12.96;12.96;12.96;12.96;200
20160204 100200;12.95;12.95;12.95;12.95;300
20160204 100400;12.96;12.96;12.96;12.96;354
20160204 100500;12.95;12.95;12.95;12.95;300
20160204 100600;12.96;12.97;12.96;12.97;300
20160204 101300;13;13;13;13;699
20160204 101700;13;13;13;13;200
20160204 102300;12.9999;12.9999;12.9999;12.9999;503
20160204 103500;13;13;13;13;700
20160204 103800;13.04;13.04;13.04;13.04;600
20160204 105300;13.04;13.04;13.04;13.04;100
20160204 105800;13.056;13.056;13.0552;13.056;2600
20160204 110000;13.06;13.06;13.06;13.06;100
20160204 110500;13.06;13.06;13.01;13.01;2000
20160204 111800;13;13.006;12.97;12.97;1900
20160204 113400;12.93;12.93;12.92;12.92;1000
20160204 114400;12.96;12.96;12.96;12.96;100
20160204 114500;12.9899;12.9899;12.9899;12.9899;1000
20160204 114600;12.99;12.99;12.99;12.99;2000
20160204 115300;12.96;12.96;12.96;12.96;100
20160204 115600;12.9644;12.9644;12.9644;12.9644;204
20160204 120000;12.955;12.955;12.955;12.955;100
20160204 120200;12.97;12.98;12.9674;12.97;2300
20160204 120900;12.98;12.98;12.98;12.98;300
20160204 121100;12.9974;12.9974;12.9974;12.9974;500
20160204 121200;13;13;13;13;500
20160204 121500;13;13;12.9965;12.9965;2555
20160204 121600;13.03;13.03;13.03;13.03;500
20160204 122700;13.01;13.01;13.01;13.01;100
20160204 123400;13;13;13;13;213
20160204 124400;12.972;13;12.97;12.9991;1200
20160204 130500;13;13;13;13;100
20160204 132600;13;13;13;13;100
20160204 140000;13;13;13;13;100
20160204 140200;12.97;12.97;12.95;12.95;300
20160204 142500;12.98;12.98;12.98;12.98;100
20160204 144700;12.969;12.969;12.969;12.969;800
20160204 144800;12.97;12.97;12.97;12.97;100
20160204 144900;12.9602;12.9602;12.9602;12.9602;182
20160204 145000;12.9625;12.9625;12.9625;12.9625;500
20160204 145500;12.97;12.97;12.97;12.97;100
20160204 150400;12.9653;12.9653;12.9653;12.9653;1000
20160204 150700;12.98;12.98;12.98;12.98;100
20160204 150900;12.97;12.98;12.97;12.98;1640
20160204 151600;12.9878;12.9878;12.97;12.9728;900
20160204 151700;12.99;12.99;12.99;12.99;100
20160204 153000;12.99;12.99;12.99;12.99;200
20160204 153100;13;13;12.9501;12.9501;1500
20160204 154200;12.97;12.97;12.97;12.97;100
20160204 154600;12.97;12.97;12.97;12.97;100
20160204 155400;12.97;12.97;12.97;12.97;100
20160204 155700;12.96;12.97;12.96;12.97;200
20160204 160000;12.9667;12.9667;12.95;12.95;920
20160205 094500;12.9001;12.91;12.9;12.9;334
20160205 095000;12.89;12.9106;12.88;12.898;5400
20160205 095300;12.9412;12.9412;12.89;12.9;2490
20160205 095400;12.9;12.9;12.9;12.9;300
20160205 095500;12.9;12.935;12.9;12.935;300
20160205 100400;12.88;12.88;12.88;12.88;100
20160205 102800;12.87;12.87;12.86;12.86;2400
20160205 103000;12.84;12.84;12.84;12.84;900
20160205 104900;12.86;12.86;12.86;12.86;300
20160205 105000;12.86;12.86;12.86;12.86;100
20160205 110100;12.86;12.86;12.86;12.86;3500
20160205 114900;12.824;12.824;12.824;12.824;1156
20160205 115600;12.82;12.82;12.81;12.81;788
20160205 122800;12.83;12.83;12.83;12.83;200
20160205 123600;12.84;12.88;12.839;12.869;4173
20160205 125500;12.845;12.8458;12.845;12.8458;300
20160205 125800;12.8349;12.8349;12.8349;12.8349;850
20160205 131600;12.822;12.822;12.822;12.822;280
20160205 134900;12.81;12.81;12.81;12.81;200
20160205 152400;12.7701;12.7701;12.7701;12.7701;845
20160205 153500;12.7752;12.7752;12.7752;12.7752;1000
20160205 153900;12.77;12.77;12.76;12.76;850
20160205 154100;12.76;12.76;12.75;12.75;600
20160205 154500;12.7758;12.7758;12.7758;12.7758;103
20160205 155700;12.772;12.772;12.772;12.772;800
20160205 155900;12.76;12.76;12.76;12.76;119
