20160119 093500;8.02;8.02;8.02;8.02;1000
20160119 093800;8.008;8.008;8;8;1445
20160119 094000;8.02;8.02;8.02;8.02;100
20160119 094100;8.024;8.024;8.024;8.024;700
20160119 094200;8.029;8.029;8.0238;8.028;1600
20160119 094300;8.01;8.02;8;8.01;1900
20160119 094800;8.009;8.009;8.009;8.009;200
20160119 095100;8.01;8.01;8.01;8.01;1100
20160119 095200;8.008;8.008;8.008;8.008;356
20160119 095700;8.01;8.01;8.01;8.01;600
20160119 100000;8.0001;8.0001;8;8;1269
20160119 101600;8.0001;8.0001;8.0001;8.0001;1200
20160119 101900;8.01;8.01;8.0095;8.0095;600
20160119 102000;8.01;8.01;8;8;300
20160119 102100;8;8;8;8;100
20160119 102500;8.018;8.0189;8.018;8.0189;2000
20160119 102600;8.02;8.02;8.02;8.02;801
20160119 102700;8.03;8.03;8.0299;8.0299;5000
20160119 103200;8.02;8.03;8.02;8.03;600
20160119 103400;8.01;8.012;8.01;8.012;11991
20160119 104300;8.0099;8.0099;8.0099;8.0099;125
20160119 105300;8.01;8.04;8.01;8.04;7000
20160119 105400;8.03;8.06;8.03;8.0582;5900
20160119 110100;8.05;8.05;8.05;8.05;500
20160119 110600;8.04;8.04;8.04;8.04;140
20160119 110800;8.041;8.0411;8.04;8.04;5777
20160119 110900;8.05;8.05;8.05;8.05;200
20160119 111000;8.0401;8.0401;8.0401;8.0401;1044
20160119 111300;8.04;8.047;8.04;8.047;994
20160119 111600;8.0414;8.0414;8.0414;8.0414;2000
20160119 111700;8.05;8.05;8.02;8.02;2105
20160119 112200;8.0301;8.0301;8.0301;8.0301;380
20160119 113100;8.0342;8.0342;8.0342;8.0342;500
20160119 114200;8.0328;8.0328;8.0328;8.0328;800
20160119 115500;8.0338;8.0338;8.0338;8.0338;1529
20160119 115800;8.04;8.04;8.04;8.04;700
20160119 120900;8.03;8.03;8.03;8.03;100
20160119 121600;8.0301;8.0301;8.0301;8.0301;3500
20160119 121900;8.03;8.03;8.02;8.03;1605
20160119 123400;8.029;8.029;8.029;8.029;100
20160119 123500;8.02;8.02;8.02;8.02;200
20160119 123700;8.0249;8.0249;8.0249;8.0249;1165
20160119 124200;8.029;8.029;8.029;8.029;186
20160119 124300;8.025;8.05;8.025;8.05;5000
20160119 124400;8.02;8.04;8.02;8.02;1683
20160119 124600;8.0257;8.0257;8.0257;8.0257;375
20160119 124700;8.02;8.02;8;8;5100
20160119 124800;8.0075;8.0075;8.0075;8.0075;1081
20160119 124900;8.0058;8.0058;8.0058;8.0058;300
20160119 125100;8.0111;8.0111;8.0111;8.0111;500
20160119 130000;8.002;8.01;8.002;8.006;1590
20160119 130100;8.0001;8.01;8.0001;8.01;1575
20160119 131500;8.018;8.0189;8.018;8.0189;2000
20160119 131600;8.0112;8.016;8.01;8.016;1400
20160119 131800;8.013;8.013;8.013;8.013;4660
20160119 133100;8.015;8.015;8.015;8.015;400
20160119 134000;8.0196;8.0196;8.0196;8.0196;400
20160119 134800;8.0128;8.0128;8.0128;8.0128;2000
20160119 135400;8.01;8.0131;8.01;8.0131;1400
20160119 140200;8.01;8.01;8.01;8.01;100
20160119 141400;8.0113;8.0113;8.01;8.011;2724
20160119 141800;8.016;8.016;8.016;8.016;250
20160119 141900;8.019;8.03;8.019;8.03;5500
20160119 142000;8.03;8.03;8.03;8.03;700
20160119 142300;8.0338;8.0338;8.0338;8.0338;550
20160119 142500;8.0301;8.0301;8.0301;8.0301;604
20160119 142600;8.04;8.05;8.04;8.05;2301
20160119 143200;8.0401;8.0401;8.0401;8.0401;1000
20160119 143300;8.04;8.04;8.04;8.04;2000
20160119 143600;8.0499;8.06;8.0499;8.06;1287
20160119 143700;8.06;8.06;8.06;8.06;499
20160119 144000;8.0599;8.0599;8.0599;8.0599;750
20160119 144200;8.06;8.07;8.06;8.07;2601
20160119 144300;8.08;8.1;8.08;8.1;6590
20160119 144600;8.081;8.081;8.081;8.081;200
20160119 144900;8.07;8.07;8.07;8.07;100
20160119 145000;8.07;8.0711;8.06;8.071;2300
20160119 145200;8.07;8.07;8.07;8.07;600
20160119 145600;8.061;8.061;8.061;8.061;1100
20160119 150600;8.07;8.07;8.07;8.07;700
20160119 150900;8.08;8.08;8.08;8.08;100
20160119 152100;8.0761;8.0761;8.07;8.07;500
20160119 152600;8.0769;8.0769;8.0769;8.0769;136
20160119 153000;8.08;8.08;8.08;8.08;1359
20160119 153200;8.09;8.09;8.09;8.09;741
20160119 153600;8.09;8.09;8.09;8.09;500
20160119 153700;8.0985;8.0985;8.09;8.0985;400
20160119 154000;8.08;8.082;8.08;8.082;200
20160119 154500;8.09;8.09;8.09;8.09;700
20160119 154600;8.09;8.09;8.09;8.09;500
20160119 154800;8.09;8.09;8.06;8.0601;15100
20160119 154900;8.07;8.07;8.0699;8.07;1000
20160119 155100;8.071;8.071;8.07;8.071;1856
20160119 155400;8.07;8.07;8.07;8.07;100
20160119 155900;8.08;8.08;8.04;8.05;4467
20160119 160000;8.05;8.06;8.04;8.05;2606
20160119 161600;8.01;8.01;8.01;8.01;200
20160120 093200;8.0325;8.0325;8.0325;8.0325;250
20160120 093600;8.0268;8.0268;8.0268;8.0268;100
20160120 093700;7.99;7.99;7.99;7.99;200
20160120 094500;7.9795;7.98;7.9795;7.98;750
20160120 094900;8.016;8.016;8.016;8.016;450
20160120 095300;8.0027;8.0027;8.0027;8.0027;125
20160120 095600;7.9852;7.9852;7.9852;7.9852;1000
20160120 100000;7.9843;7.9843;7.9843;7.9843;500
20160120 100500;8.01;8.01;7.98;7.98;1200
20160120 101000;7.95;7.95;7.95;7.95;100
20160120 101300;7.9523;7.96;7.9523;7.96;2500
20160120 101400;7.95;7.9544;7.95;7.9544;4998
20160120 101500;7.959;7.959;7.959;7.959;2000
20160120 101900;7.95;7.9522;7.93;7.94;7219
20160120 102000;7.9356;7.9356;7.9356;7.9356;2500
20160120 102100;7.93;7.9344;7.91;7.91;7396
20160120 102200;7.93;7.94;7.93;7.94;1000
20160120 102300;7.94;7.94;7.94;7.94;3200
20160120 102500;7.9301;7.9301;7.93;7.93;1584
20160120 102700;7.93;7.93;7.93;7.93;1100
20160120 102900;7.92;7.92;7.92;7.92;1000
20160120 103100;7.918;7.918;7.91;7.9101;1150
20160120 103200;7.91;7.91;7.91;7.91;1570
20160120 103300;7.9;7.9022;7.9;7.9;2225
20160120 103600;7.9;7.9;7.9;7.9;1300
20160120 103800;7.896;7.896;7.896;7.896;115
20160120 104000;7.8901;7.892;7.8901;7.892;730
20160120 104100;7.89;7.89;7.89;7.89;400
20160120 104600;7.894;7.894;7.894;7.894;400
20160120 104800;7.89;7.91;7.89;7.91;5001
20160120 105100;7.91;7.91;7.91;7.91;600
20160120 105400;7.9049;7.9049;7.9001;7.9001;925
20160120 105600;7.9;7.9;7.9;7.9;300
20160120 105800;7.891;7.8942;7.891;7.8942;3700
20160120 110100;7.89;7.89;7.89;7.89;1075
20160120 110300;7.88;7.88;7.87;7.87;2621
20160120 110400;7.87;7.87;7.85;7.85;4000
20160120 110500;7.85;7.92;7.85;7.88;11500
20160120 110600;7.89;7.93;7.885;7.93;900
20160120 110700;7.9;7.9;7.89;7.89;300
20160120 110800;7.9;7.9;7.8644;7.88;1400
20160120 110900;7.86;7.86;7.85;7.85;200
20160120 111000;7.85;7.8645;7.85;7.85;12300
20160120 111100;7.8649;7.87;7.85;7.86;1300
20160120 111200;7.86;7.87;7.86;7.87;700
20160120 111400;7.87;7.87;7.87;7.87;200
20160120 111500;7.87;7.87;7.87;7.87;200
20160120 111600;7.87;7.87;7.87;7.87;200
20160120 111700;7.87;7.8715;7.87;7.87;500
20160120 111800;7.87;7.879;7.87;7.879;3100
20160120 111900;7.87;7.91;7.87;7.91;2377
20160120 112000;7.8825;7.8825;7.8825;7.8825;100
20160120 112100;7.8842;7.889;7.881;7.886;1650
20160120 112200;7.8869;7.8869;7.8869;7.8869;250
20160120 112300;7.881;7.881;7.881;7.881;1270
20160120 112500;7.8872;7.8872;7.8872;7.8872;1000
20160120 112900;7.8899;7.8899;7.88;7.88;3200
20160120 113200;7.87;7.874;7.87;7.874;5800
20160120 113300;7.88;7.88;7.88;7.88;12000
20160120 113400;7.8778;7.8778;7.8778;7.8778;1422
20160120 113700;7.88;7.9075;7.88;7.89;23125
20160120 113800;7.896;7.896;7.89;7.89;5100
20160120 114000;7.89;7.8999;7.89;7.8999;2100
20160120 114100;7.89;7.89;7.89;7.89;100
20160120 114200;7.8999;7.8999;7.8999;7.8999;750
20160120 114300;7.89;7.89;7.89;7.89;200
20160120 114400;7.8918;7.8918;7.89;7.89;6600
20160120 114500;7.89;7.89;7.89;7.89;100
20160120 114600;7.899;7.899;7.89;7.89;565
20160120 114900;7.8959;7.8959;7.89;7.89;700
20160120 115500;7.87;7.9;7.87;7.9;4582
20160120 120000;7.8701;7.8701;7.8701;7.8701;100
20160120 120300;7.87;7.8732;7.87;7.8732;1520
20160120 120500;7.874;7.8787;7.874;7.8787;1000
20160120 120700;7.871;7.871;7.871;7.871;300
20160120 120800;7.87;7.87;7.87;7.87;600
20160120 121100;7.875;7.875;7.871;7.871;300
20160120 121300;7.875;7.8759;7.875;7.8759;200
20160120 121400;7.87;7.87;7.87;7.87;100
20160120 121500;7.8712;7.88;7.8712;7.88;1500
20160120 121600;7.87;7.87;7.87;7.87;100
20160120 121700;7.8738;7.8738;7.87;7.87;1701
20160120 121800;7.875;7.875;7.875;7.875;100
20160120 121900;7.87;7.87;7.87;7.87;100
20160120 122100;7.871;7.875;7.87;7.87;800
20160120 122300;7.87;7.875;7.87;7.875;400
20160120 122400;7.87;7.875;7.87;7.875;200
20160120 122500;7.87;7.87;7.87;7.87;300
20160120 122600;7.87;7.87;7.87;7.87;100
20160120 122700;7.87;7.875;7.87;7.8702;400
20160120 122900;7.87;7.87;7.85;7.85;1000
20160120 123200;7.855;7.855;7.855;7.855;100
20160120 123300;7.85;7.85;7.85;7.85;200
20160120 123400;7.85;7.85;7.85;7.85;1550
20160120 123800;7.85;7.85;7.85;7.85;700
20160120 123900;7.855;7.855;7.85;7.85;300
20160120 124100;7.856;7.86;7.85;7.86;5900
20160120 124600;7.8511;7.855;7.85;7.855;1000
20160120 125100;7.8502;7.855;7.85;7.85;700
20160120 125200;7.855;7.855;7.855;7.855;100
20160120 125500;7.8522;7.8522;7.8522;7.8522;400
20160120 125700;7.851;7.851;7.85;7.85;200
20160120 125800;7.856;7.856;7.855;7.855;1050
20160120 125900;7.86;7.865;7.86;7.865;1000
20160120 130000;7.8628;7.864;7.86;7.864;350
20160120 130100;7.8628;7.8628;7.8628;7.8628;300
20160120 130400;7.8628;7.8628;7.8628;7.8628;200
20160120 130500;7.861;7.861;7.861;7.861;200
20160120 131400;7.855;7.855;7.85;7.85;14226
20160120 131700;7.8527;7.8527;7.8527;7.8527;1000
20160120 132200;7.86;7.86;7.85;7.8523;2469
20160120 132600;7.851;7.855;7.851;7.855;2500
20160120 133400;7.8501;7.855;7.8501;7.855;2100
20160120 133600;7.8599;7.8599;7.8599;7.8599;500
20160120 133800;7.8599;7.8599;7.8599;7.8599;300
20160120 133900;7.85;7.85;7.85;7.85;200
20160120 134100;7.855;7.89;7.85;7.86;13784
20160120 134500;7.875;7.875;7.875;7.875;1000
20160120 135100;7.87;7.875;7.86;7.86;2828
20160120 135200;7.87;7.88;7.87;7.88;1200
20160120 135600;7.8818;7.8818;7.8818;7.8818;189
20160120 140400;7.885;7.885;7.88;7.88;1000
20160120 141200;7.89;7.89;7.889;7.89;1000
20160120 141400;7.9;7.9;7.9;7.9;460
20160120 142000;7.91;7.91;7.89;7.89;500
20160120 142300;7.8928;7.8928;7.8928;7.8928;1603
20160120 143500;7.9;7.9;7.893;7.893;1000
20160120 144500;7.899;7.9;7.899;7.9;400
20160120 145000;7.9;7.9;7.9;7.9;200
20160120 145200;7.9101;7.9101;7.9101;7.9101;867
20160120 145300;7.9101;7.9101;7.9101;7.9101;100
20160120 145700;7.91;7.91;7.91;7.91;100
20160120 150200;7.919;7.919;7.919;7.919;200
20160120 151100;7.919;7.919;7.91;7.91;1375
20160120 151300;7.9162;7.9162;7.9162;7.9162;400
20160120 151800;7.9151;7.9151;7.9101;7.9101;1750
20160120 151900;7.9149;7.9149;7.9149;7.9149;1000
20160120 152200;7.915;7.92;7.915;7.92;700
20160120 153100;7.92;7.92;7.91;7.91;3650
20160120 153300;7.915;7.92;7.915;7.92;900
20160120 153500;7.93;7.93;7.93;7.93;100
20160120 153700;7.9301;7.9498;7.93;7.93;7991
20160120 154100;7.945;7.97;7.94;7.95;12310
20160120 154400;7.94;7.9411;7.94;7.94;8322
20160120 154700;7.94;7.94;7.9395;7.9395;3000
20160120 154800;7.94;7.94;7.94;7.94;1861
20160120 154900;7.94;7.94;7.94;7.94;439
20160120 155000;7.9399;7.9399;7.93;7.93;2318
20160120 155100;7.927;7.927;7.927;7.927;136
20160120 155200;7.929;7.929;7.929;7.929;1000
20160120 155300;7.93;7.93;7.929;7.929;1000
20160120 155400;7.929;7.929;7.929;7.929;1000
20160120 155700;7.929;7.93;7.929;7.929;1412
20160120 155800;7.9243;7.945;7.9243;7.94;11006
20160120 155900;7.93;7.931;7.92;7.9243;5290
20160120 160000;7.92;7.92;7.92;7.92;100
20160121 093100;7.96;7.96;7.96;7.96;3000
20160121 093600;7.9792;7.9792;7.9792;7.9792;150
20160121 094800;7.94;7.94;7.91;7.91;1400
20160121 095500;7.9;7.91;7.9;7.9;1221
20160121 095800;7.9001;7.9001;7.9001;7.9001;2000
20160121 095900;7.9039;7.9039;7.9039;7.9039;100
20160121 100000;7.9;7.9;7.88;7.88;2110
20160121 100200;7.86;7.86;7.86;7.86;1800
20160121 100400;7.88;7.89;7.88;7.89;1929
20160121 101300;7.9097;7.9097;7.9097;7.9097;2000
20160121 101600;7.908;7.915;7.9;7.9;10595
20160121 101700;7.92;7.95;7.91;7.942;2403
20160121 102200;7.9299;7.9299;7.928;7.928;2627
20160121 102300;7.92;7.92;7.92;7.92;1000
20160121 102400;7.9001;7.96;7.9;7.95;16812
20160121 102600;7.92;7.92;7.92;7.92;535
20160121 102700;7.9398;7.9398;7.9398;7.9398;850
20160121 102900;7.94;7.94;7.94;7.94;400
20160121 103600;7.9413;7.9413;7.9413;7.9413;379
20160121 103700;7.94;7.94;7.94;7.94;100
20160121 104000;7.96;7.96;7.94;7.94;409
20160121 104500;7.9621;7.9621;7.9621;7.9621;1021
20160121 104900;7.961;7.961;7.96;7.96;952
20160121 105100;7.968;7.968;7.968;7.968;100
20160121 105600;7.9598;7.9598;7.9598;7.9598;226
20160121 105800;7.966;7.966;7.9658;7.9658;1000
20160121 110200;7.95;7.95;7.95;7.95;200
20160121 110800;7.9557;7.9557;7.9557;7.9557;330
20160121 111500;7.97;7.97;7.96;7.96;200
20160121 112100;7.96;7.96;7.9539;7.9539;200
20160121 113000;7.97;7.97;7.963;7.963;200
20160121 113400;7.97;7.98;7.96;7.97;3346
20160121 114100;7.97;7.97;7.97;7.97;300
20160121 114700;7.99;7.99;7.9884;7.9884;800
20160121 115200;7.9801;7.9801;7.98;7.98;360
20160121 115500;7.9828;7.9828;7.9828;7.9828;101
20160121 115600;7.984;7.984;7.984;7.984;181
20160121 120900;7.99;7.9915;7.99;7.9915;600
20160121 121000;7.9949;7.9949;7.9949;7.9949;1000
20160121 121400;7.9901;7.9901;7.9901;7.9901;500
20160121 121600;8;8;7.999;7.999;1412
20160121 121800;8;8;7.9901;7.9999;3600
20160121 122000;8;8;8;8;700
20160121 122100;8.01;8.01;8.009;8.009;900
20160121 122700;8.02;8.02;8.0199;8.0199;2000
20160121 123300;8.0161;8.0161;8.0161;8.0161;200
20160121 123400;8.0158;8.0158;8.0158;8.0158;700
20160121 123500;8.02;8.04;8.01;8.04;3000
20160121 124500;8.038;8.04;8.038;8.04;600
20160121 125200;8.0301;8.0339;8.03;8.0339;2487
20160121 125300;8.0301;8.0301;8.0301;8.0301;2725
20160121 125400;8.03;8.03;8.03;8.03;500
20160121 125500;8.031;8.031;8.03;8.03;700
20160121 130400;8.03;8.03;8.03;8.03;128
20160121 130500;8.03;8.03;8.03;8.03;100
20160121 131000;8.0322;8.0322;8.0322;8.0322;1000
20160121 131300;8.02;8.02;8.02;8.02;500
20160121 131600;8.01;8.011;8;8;1100
20160121 132000;7.992;7.992;7.992;7.992;213
20160121 132200;7.99;7.99;7.99;7.99;100
20160121 132400;7.99;7.99;7.98;7.98;300
20160121 133100;7.9801;7.9801;7.98;7.98;612
20160121 133300;7.99;7.99;7.99;7.99;200
20160121 133600;8;8;8;8;600
20160121 133700;8;8.01;8;8.01;4606
20160121 133800;8.01;8.01;8.01;8.01;100
20160121 133900;8.01;8.01;8.01;8.01;300
20160121 134100;8.0101;8.0101;8.0101;8.0101;662
20160121 134200;8.02;8.02;8.019;8.02;3950
20160121 134400;8.03;8.04;8.03;8.04;1561
20160121 134500;8.04;8.04;8.04;8.04;200
20160121 135000;8.04;8.04;8.04;8.04;100
20160121 135100;8.0477;8.0477;8.0477;8.0477;100
20160121 135800;8.04;8.04;8.014;8.014;3894
20160121 140100;8.02;8.02;8;8;10948
20160121 140300;8;8;8;8;200
20160121 140400;8.01;8.01;8.01;8.01;500
20160121 140500;8.001;8.001;8.001;8.001;795
20160121 140600;8.0001;8.0001;8.0001;8.0001;700
20160121 140700;8;8.03;8;8.02;4050
20160121 141400;8.03;8.03;8.03;8.03;5000
20160121 143000;8.02;8.04;8.02;8.04;912
20160121 143300;8.0278;8.0278;8.0278;8.0278;1260
20160121 143400;8.03;8.03;8.03;8.03;100
20160121 144100;8.03;8.03;8.03;8.03;100
20160121 144300;8.029;8.029;8.029;8.029;3023
20160121 144600;8.04;8.05;8.04;8.04;4180
20160121 144900;8.04;8.04;8.04;8.04;100
20160121 145200;8.031;8.031;8.031;8.031;100
20160121 151500;8.04;8.04;8.04;8.04;100
20160121 152000;8.04;8.04;8.04;8.04;100
20160121 152900;8.03;8.03;8.02;8.03;3564
20160121 153500;8.04;8.05;8.04;8.05;2002
20160121 154000;8.04;8.041;8.01;8.04;5916
20160121 154100;8.03;8.03;8.03;8.03;800
20160121 154800;8.03;8.035;8.03;8.03;1330
20160121 154900;8.03;8.03;8.01;8.01;1300
20160121 155000;8.01;8.01;8.01;8.01;1163
20160121 155200;8.01;8.01;8.01;8.01;100
20160121 155400;8.0158;8.0158;8.0158;8.0158;100
20160121 155500;8.015;8.015;8.0102;8.0102;200
20160121 155600;8.01;8.01;8.01;8.01;100
20160121 155700;8.02;8.02;8.02;8.02;200
20160121 155800;8.03;8.03;8.03;8.03;200
20160121 155900;8.02;8.025;8.01;8.01;1072
20160121 160000;8.015;8.02;8.015;8.02;500
20160122 093200;8.0562;8.0562;8.0562;8.0562;244
20160122 093900;8.07;8.07;8.07;8.07;200
20160122 094000;8.07;8.07;8.07;8.07;200
20160122 094400;8.08;8.09;8.06;8.09;3460
20160122 094500;8.0989;8.0989;8.0989;8.0989;500
20160122 095400;8.079;8.08;8.079;8.08;302
20160122 095500;8.08;8.08;8.08;8.08;200
20160122 100000;8.09;8.09;8.09;8.09;186
20160122 100100;8.086;8.086;8.086;8.086;100
20160122 100400;8.08;8.08;8.08;8.08;300
20160122 100500;8.089;8.09;8.089;8.09;1000
20160122 100700;8.09;8.09;8.09;8.09;300
20160122 101300;8.1;8.13;8.1;8.13;4875
20160122 101500;8.12;8.15;8.1199;8.12;4600
20160122 102300;8.1199;8.1199;8.1199;8.1199;1000
20160122 104500;8.1193;8.13;8.1193;8.13;700
20160122 104600;8.1358;8.138;8.1358;8.138;1000
20160122 104800;8.13;8.14;8.13;8.14;800
20160122 105100;8.1201;8.14;8.1201;8.14;2072
20160122 105400;8.149;8.149;8.138;8.14;2200
20160122 105600;8.12;8.12;8.12;8.12;828
20160122 105700;8.1299;8.1299;8.1299;8.1299;500
20160122 105800;8.122;8.122;8.122;8.122;100
20160122 110000;8.122;8.122;8.122;8.122;200
20160122 110300;8.122;8.122;8.122;8.122;200
20160122 110500;8.1101;8.1101;8.1101;8.1101;113
20160122 110600;8.1337;8.1337;8.1337;8.1337;1000
20160122 111000;8.122;8.122;8.122;8.122;200
20160122 111700;8.1358;8.14;8.126;8.126;1200
20160122 112000;8.122;8.122;8.122;8.122;200
20160122 112100;8.1201;8.122;8.1201;8.122;2388
20160122 112300;8.1268;8.14;8.1268;8.13;3775
20160122 112400;8.121;8.13;8.121;8.13;6100
20160122 112500;8.13;8.13;8.13;8.13;500
20160122 112800;8.14;8.15;8.14;8.15;1700
20160122 112900;8.15;8.15;8.14;8.15;500
20160122 113100;8.156;8.156;8.156;8.156;300
20160122 113200;8.16;8.178;8.159;8.16;2112
20160122 113400;8.1599;8.18;8.1599;8.16;7403
20160122 113700;8.1667;8.1667;8.1667;8.1667;1000
20160122 113800;8.17;8.17;8.17;8.17;810
20160122 113900;8.1685;8.1685;8.1662;8.1662;750
20160122 114000;8.161;8.161;8.161;8.161;600
20160122 114200;8.1628;8.1628;8.1628;8.1628;436
20160122 114300;8.161;8.1611;8.161;8.161;600
20160122 114700;8.161;8.161;8.161;8.161;300
20160122 115000;8.169;8.169;8.169;8.169;100
20160122 115200;8.161;8.161;8.161;8.161;100
20160122 121300;8.1638;8.1638;8.161;8.161;600
20160122 121600;8.1639;8.1639;8.1639;8.1639;400
20160122 121800;8.16;8.16;8.16;8.16;100
20160122 122800;8.169;8.169;8.169;8.169;2437
20160122 122900;8.165;8.17;8.161;8.161;533
20160122 123300;8.161;8.161;8.161;8.161;400
20160122 123700;8.161;8.161;8.161;8.161;100
20160122 123800;8.1678;8.1678;8.1678;8.1678;100
20160122 124000;8.1629;8.1629;8.1629;8.1629;1900
20160122 124100;8.169;8.169;8.168;8.168;5450
20160122 124600;8.161;8.161;8.161;8.161;1100
20160122 125100;8.161;8.161;8.161;8.161;200
20160122 125300;8.166;8.166;8.166;8.166;150
20160122 125500;8.1672;8.1672;8.1672;8.1672;1000
20160122 125800;8.17;8.17;8.17;8.17;200
20160122 130200;8.185;8.19;8.16;8.164;3200
20160122 130600;8.18;8.19;8.177;8.19;3300
20160122 130700;8.19;8.19;8.19;8.19;300
20160122 130800;8.19;8.2;8.18;8.2;5300
20160122 130900;8.19;8.19;8.19;8.19;300
20160122 131000;8.18;8.2;8.18;8.2;3200
20160122 131100;8.2;8.2;8.2;8.2;1900
20160122 131200;8.2;8.2;8.2;8.2;200
20160122 131600;8.191;8.2;8.191;8.2;600
20160122 132300;8.2;8.2;8.2;8.2;600
20160122 132700;8.2001;8.2001;8.2001;8.2001;155
20160122 134300;8.21;8.22;8.21;8.22;1200
20160122 134400;8.22;8.2259;8.22;8.2259;847
20160122 134600;8.2272;8.2272;8.2;8.2;4152
20160122 135100;8.19;8.19;8.19;8.19;200
20160122 135200;8.19;8.2;8.19;8.2;2700
20160122 135300;8.195;8.2;8.18;8.19;12129
20160122 140700;8.1767;8.1767;8.1767;8.1767;150
20160122 141400;8.18;8.19;8.179;8.19;3855
20160122 141600;8.181;8.181;8.181;8.181;700
20160122 141800;8.1899;8.1899;8.1899;8.1899;1000
20160122 142200;8.185;8.185;8.18;8.18;400
20160122 142300;8.19;8.2;8.189;8.199;2700
20160122 142400;8.2;8.2;8.193;8.193;1700
20160122 142600;8.19;8.1999;8.18;8.18;1700
20160122 142800;8.185;8.185;8.18;8.1838;600
20160122 142900;8.182;8.182;8.182;8.182;400
20160122 143000;8.181;8.181;8.181;8.181;500
20160122 143200;8.18;8.18;8.18;8.18;300
20160122 143300;8.17;8.17;8.16;8.16;1500
20160122 143600;8.1698;8.1698;8.1698;8.1698;434
20160122 144100;8.1722;8.1752;8.1722;8.1752;1562
20160122 144200;8.17;8.1711;8.17;8.1711;300
20160122 150100;8.17;8.17;8.17;8.17;100
20160122 150200;8.186;8.188;8.186;8.188;1200
20160122 150700;8.175;8.175;8.175;8.175;1000
20160122 151200;8.189;8.19;8.18;8.18;3800
20160122 151300;8.1843;8.1843;8.1843;8.1843;300
20160122 151600;8.19;8.19;8.1899;8.1899;2000
20160122 151800;8.18;8.18;8.18;8.18;100
20160122 151900;8.171;8.171;8.171;8.171;700
20160122 152000;8.1741;8.1741;8.1741;8.1741;647
20160122 152600;8.1758;8.18;8.1758;8.18;1018
20160122 153000;8.18;8.18;8.17;8.17;300
20160122 153900;8.1773;8.18;8.1773;8.18;2583
20160122 154100;8.18;8.19;8.179;8.18;1920
20160122 154600;8.18;8.1884;8.18;8.1884;300
20160122 154700;8.1839;8.1839;8.1839;8.1839;361
20160122 154800;8.19;8.19;8.19;8.19;200
20160122 154900;8.1884;8.1884;8.1884;8.1884;100
20160122 155000;8.19;8.19;8.18;8.181;2300
20160122 155100;8.181;8.1884;8.181;8.1884;400
20160122 155200;8.181;8.185;8.18;8.18;500
20160122 155300;8.1884;8.19;8.18;8.18;1375
20160122 155400;8.18;8.1884;8.18;8.1884;200
20160122 155500;8.19;8.19;8.18;8.1884;500
20160122 155600;8.1884;8.1884;8.18;8.18;200
20160122 155800;8.19;8.19;8.19;8.19;100
20160122 155900;8.18;8.18;8.17;8.17;2800
20160122 160000;8.18;8.18;8.17;8.17;200
20160125 093100;8.16;8.1627;8.15;8.1627;3950
20160125 093400;8.1501;8.1501;8.1501;8.1501;1000
20160125 093500;8.161;8.161;8.161;8.161;500
20160125 094600;8.16;8.16;8.16;8.16;729
20160125 095900;8.17;8.17;8.17;8.17;600
20160125 100000;8.18;8.18;8.16;8.16;14600
20160125 100300;8.16;8.16;8.16;8.16;100
20160125 100400;8.1799;8.1799;8.1799;8.1799;1000
20160125 100500;8.179;8.179;8.1678;8.1678;656
20160125 101000;8.16;8.16;8.16;8.16;100
20160125 101100;8.1699;8.17;8.1661;8.1661;1000
20160125 101400;8.16;8.16;8.16;8.16;100
20160125 101800;8.16;8.16;8.16;8.16;100
20160125 102200;8.16;8.16;8.16;8.16;100
20160125 102400;8.1601;8.1601;8.1601;8.1601;6000
20160125 102600;8.164;8.164;8.162;8.162;400
20160125 103000;8.16;8.16;8.16;8.16;100
20160125 103100;8.1662;8.1662;8.1662;8.1662;500
20160125 103400;8.16;8.16;8.16;8.16;100
20160125 103800;8.16;8.16;8.16;8.16;350
20160125 103900;8.16;8.16;8.16;8.16;100
20160125 104000;8.161;8.161;8.161;8.161;2945
20160125 104400;8.17;8.2;8.17;8.198;11406
20160125 104500;8.2;8.23;8.2;8.2;4621
20160125 104600;8.2;8.22;8.1969;8.2;4316
20160125 104900;8.21;8.21;8.21;8.21;300
20160125 105000;8.2001;8.2001;8.2001;8.2001;500
20160125 105100;8.2111;8.2111;8.21;8.21;500
20160125 105200;8.21;8.21;8.21;8.21;400
20160125 105600;8.1911;8.1911;8.1911;8.1911;100
20160125 110100;8.1985;8.1985;8.1911;8.1911;400
20160125 110200;8.1911;8.1911;8.19;8.19;1100
20160125 110400;8.17;8.17;8.16;8.16;3210
20160125 110500;8.176;8.176;8.1758;8.1758;300
20160125 110700;8.17;8.17;8.17;8.17;100
20160125 111000;8.17;8.17;8.17;8.17;400
20160125 111300;8.17;8.17;8.17;8.17;1200
20160125 111400;8.17;8.17;8.17;8.17;200
20160125 112000;8.169;8.169;8.163;8.163;5000
20160125 112500;8.169;8.17;8.166;8.169;5200
20160125 113500;8.17;8.17;8.1668;8.1668;800
20160125 114700;8.169;8.188;8.1658;8.179;2500
20160125 115000;8.178;8.178;8.178;8.178;1415
20160125 115300;8.189;8.189;8.176;8.176;3800
20160125 115500;8.186;8.186;8.176;8.176;2800
20160125 120600;8.1702;8.177;8.1702;8.177;1358
20160125 121000;8.1789;8.1862;8.1789;8.1862;1475
20160125 122100;8.1754;8.1754;8.1754;8.1754;1200
20160125 122900;8.1689;8.1689;8.1689;8.1689;1545
20160125 123600;8.18;8.18;8.18;8.18;116
20160125 124000;8.179;8.18;8.1758;8.179;2350
20160125 124900;8.1701;8.1799;8.1701;8.1799;1701
20160125 125000;8.1743;8.1743;8.1743;8.1743;500
20160125 125200;8.1701;8.1701;8.17;8.17;498
20160125 125300;8.1701;8.18;8.1701;8.18;2760
20160125 125400;8.18;8.19;8.18;8.18;4480
20160125 130000;8.18;8.18;8.18;8.18;174
20160125 130400;8.18;8.18;8.18;8.18;219
20160125 130500;8.171;8.171;8.17;8.17;800
20160125 130600;8.16;8.1619;8.16;8.1619;1100
20160125 130800;8.17;8.17;8.17;8.17;100
20160125 132400;8.16;8.16;8.15;8.15;1869
20160125 132500;8.15;8.15;8.15;8.15;1100
20160125 132800;8.15;8.15;8.12;8.12;2499
20160125 134800;8.12;8.12;8.12;8.12;557
20160125 141300;8.12;8.129;8.12;8.129;2100
20160125 141600;8.12;8.12;8.12;8.12;100
20160125 142800;8.1299;8.1299;8.1299;8.1299;330
20160125 143200;8.1235;8.1235;8.1235;8.1235;3500
20160125 143300;8.122;8.122;8.122;8.122;610
20160125 144000;8.1201;8.1235;8.1201;8.1235;765
20160125 145000;8.1235;8.1235;8.1235;8.1235;300
20160125 150200;8.1257;8.1257;8.1201;8.1201;1331
20160125 150300;8.125;8.125;8.11;8.11;2528
20160125 150400;8.1068;8.1068;8.1068;8.1068;123
20160125 150500;8.11;8.11;8.11;8.11;195
20160125 151100;8.106;8.11;8.1058;8.11;1100
20160125 151900;8.11;8.11;8.1069;8.1069;800
20160125 152000;8.11;8.12;8.11;8.12;400
20160125 152600;8.1167;8.1167;8.1167;8.1167;100
20160125 152800;8.1199;8.1199;8.1199;8.1199;200
20160125 153200;8.1119;8.1119;8.1119;8.1119;401
20160125 153600;8.1116;8.1116;8.1116;8.1116;100
20160125 153700;8.1116;8.1116;8.1116;8.1116;100
20160125 154500;8.11;8.11;8.11;8.11;200
20160125 154600;8.1116;8.1116;8.1116;8.1116;100
20160125 154700;8.1163;8.1163;8.1116;8.1116;211
20160125 154800;8.1199;8.1199;8.1199;8.1199;2000
20160125 155100;8.1116;8.1116;8.1116;8.1116;200
20160125 155200;8.1116;8.1116;8.1116;8.1116;100
20160125 155300;8.1116;8.1116;8.1116;8.1116;100
20160125 155400;8.1116;8.1116;8.1116;8.1116;100
20160125 155500;8.1116;8.1116;8.1116;8.1116;100
20160125 155600;8.11;8.11;8.11;8.11;100
20160125 155700;8.115;8.115;8.11;8.11;4268
20160125 155900;8.1001;8.11;8.1001;8.11;1685
20160126 094700;8.09;8.09;8.09;8.09;100
20160126 095300;8.09;8.09;8.09;8.09;200
20160126 095500;8.0899;8.0899;8.0899;8.0899;100
20160126 095700;8.0782;8.0782;8.0782;8.0782;788
20160126 095900;8.07;8.07;8.06;8.06;900
20160126 100300;8.06;8.07;8.06;8.07;300
20160126 100400;8.07;8.07;8.07;8.07;200
20160126 101300;8.0799;8.0799;8.0799;8.0799;200
20160126 102400;8.0707;8.08;8.0707;8.08;3900
20160126 103500;8.0923;8.1;8.0923;8.1;1391
20160126 103700;8.09;8.09;8.08;8.08;500
20160126 103800;8.08;8.08;8.08;8.08;400
20160126 104000;8.08;8.08;8.08;8.08;100
20160126 104200;8.0801;8.1;8.0801;8.1;7100
20160126 104400;8.1085;8.1085;8.1001;8.1001;5400
20160126 104500;8.1001;8.1001;8.1001;8.1001;5000
20160126 104800;8.1;8.1;8.1;8.1;100
20160126 105600;8.1;8.1;8.1;8.1;100
20160126 111700;8.09;8.09;8.09;8.09;100
20160126 112100;8.09;8.1;8.09;8.1;400
20160126 112900;8.102;8.102;8.1;8.1;400
20160126 113300;8.1099;8.1099;8.101;8.101;7827
20160126 113500;8.1091;8.11;8.1085;8.1085;4500
20160126 113700;8.1028;8.1028;8.1028;8.1028;300
20160126 114600;8.11;8.129;8.109;8.129;10840
20160126 114700;8.12;8.12;8.12;8.12;1800
20160126 114800;8.1201;8.13;8.1201;8.13;1500
20160126 115700;8.1205;8.1205;8.1205;8.1205;4000
20160126 120300;8.121;8.121;8.121;8.121;1500
20160126 120900;8.13;8.14;8.1269;8.1269;5599
20160126 121800;8.1318;8.1318;8.1318;8.1318;200
20160126 123300;8.1399;8.1399;8.1399;8.1399;200
20160126 132100;8.1301;8.1301;8.1301;8.1301;200
20160126 132700;8.131;8.131;8.131;8.131;2000
20160126 132800;8.1351;8.14;8.133;8.133;1600
20160126 133000;8.139;8.139;8.139;8.139;500
20160126 134600;8.1301;8.1301;8.1301;8.1301;753
20160126 134800;8.13;8.13;8.13;8.13;199
20160126 134900;8.14;8.14;8.14;8.14;300
20160126 140100;8.14;8.14;8.14;8.14;204
20160126 140500;8.1313;8.1313;8.1313;8.1313;1385
20160126 140800;8.1363;8.1363;8.1363;8.1363;200
20160126 140900;8.1399;8.1399;8.1399;8.1399;900
20160126 141900;8.135;8.135;8.13;8.13;2600
20160126 142300;8.14;8.15;8.1368;8.1368;1836
20160126 143300;8.1361;8.1361;8.1361;8.1361;200
20160126 145500;8.13;8.13;8.13;8.13;1300
20160126 150900;8.13;8.13;8.13;8.13;200
20160126 152200;8.13;8.13;8.13;8.13;3000
20160126 152600;8.13;8.13;8.13;8.13;132
20160126 153100;8.1299;8.1299;8.1299;8.1299;1250
20160126 153600;8.1228;8.1228;8.1228;8.1228;500
20160126 154600;8.13;8.13;8.1254;8.1254;2030
20160126 154700;8.13;8.14;8.123;8.123;6317
20160126 155300;8.1367;8.1367;8.1367;8.1367;500
20160126 155800;8.13;8.13;8.13;8.13;600
20160126 155900;8.13;8.13;8.13;8.13;200
20160126 160000;8.14;8.14;8.14;8.14;3917
20160127 093300;8.11;8.11;8.1;8.1;706
20160127 093500;8.11;8.11;8.11;8.11;100
20160127 093600;8.11;8.115;8.11;8.11;6900
20160127 093700;8.115;8.115;8.11;8.11;694
20160127 094000;8.099;8.099;8.099;8.099;200
20160127 094100;8.1;8.1;8.1;8.1;500
20160127 094200;8.1;8.11;8.1;8.11;800
20160127 094300;8.12;8.12;8.12;8.12;800
20160127 094400;8.12;8.12;8.12;8.12;1000
20160127 094600;8.12;8.12;8.12;8.12;100
20160127 094700;8.1193;8.1193;8.1193;8.1193;100
20160127 094900;8.12;8.12;8.12;8.12;1000
20160127 095100;8.115;8.115;8.1;8.1;1600
20160127 095400;8.1;8.118;8.099;8.11;8450
20160127 095500;8.1101;8.1101;8.1101;8.1101;1000
20160127 095600;8.12;8.13;8.11;8.13;4578
20160127 095800;8.13;8.13;8.12;8.12;3300
20160127 095900;8.12;8.12;8.12;8.12;300
20160127 100300;8.11;8.11;8.1;8.1;1200
20160127 100400;8.105;8.105;8.1;8.1;500
20160127 100500;8.1;8.1025;8.1;8.1025;2401
20160127 100600;8.1;8.1;8.09;8.09;500
20160127 100900;8.1;8.1;8.1;8.1;200
20160127 101000;8.0958;8.1;8.0958;8.098;1400
20160127 101300;8.1019;8.1019;8.1019;8.1019;700
20160127 101600;8.1;8.1;8.06;8.06;7100
20160127 101700;8.075;8.075;8.07;8.07;500
20160127 101800;8.079;8.079;8.0789;8.0789;1000
20160127 101900;8.0789;8.0789;8.0789;8.0789;1000
20160127 102000;8.08;8.08;8.08;8.08;1300
20160127 102100;8.08;8.08;8.08;8.08;800
20160127 102200;8.08;8.08;8.08;8.08;200
20160127 102400;8.08;8.08;8.08;8.08;100
20160127 102700;8.08;8.08;8.08;8.08;200
20160127 103200;8.08;8.08;8.08;8.08;100
20160127 103500;8.08;8.08;8.079;8.079;1000
20160127 103700;8.08;8.08;8.08;8.08;200
20160127 103800;8.075;8.08;8.07;8.08;1500
20160127 103900;8.08;8.08;8.08;8.08;100
20160127 104000;8.08;8.08;8.075;8.08;400
20160127 104100;8.08;8.08;8.0701;8.0701;3123
20160127 104200;8.0775;8.08;8.0775;8.08;1100
20160127 104300;8.08;8.08;8.08;8.08;100
20160127 104500;8.08;8.08;8.08;8.08;1200
20160127 104600;8.08;8.08;8.08;8.08;3100
20160127 104900;8.08;8.08;8.073;8.073;500
20160127 105000;8.08;8.08;8.0789;8.079;1000
20160127 105100;8.08;8.08;8.08;8.08;100
20160127 105500;8.08;8.08;8.08;8.08;200
20160127 105700;8.0715;8.0715;8.0715;8.0715;100
20160127 105800;8.08;8.08;8.08;8.08;100
20160127 110000;8.0739;8.0739;8.0739;8.0739;353
20160127 110300;8.08;8.08;8.08;8.08;1100
20160127 110500;8.07;8.08;8.07;8.08;200
20160127 110600;8.0799;8.0799;8.075;8.0799;730
20160127 110900;8.08;8.08;8.08;8.08;300
20160127 111000;8.08;8.08;8.08;8.08;2774
20160127 111100;8.08;8.09;8.08;8.09;6526
20160127 111200;8.09;8.09;8.09;8.09;100
20160127 111300;8.099;8.099;8.099;8.099;100
20160127 111500;8.0999;8.0999;8.0999;8.0999;1850
20160127 111600;8.099;8.099;8.099;8.099;1500
20160127 111800;8.1;8.1;8.0962;8.0962;2622
20160127 111900;8.09;8.095;8.09;8.09;11100
20160127 112000;8.09;8.1;8.09;8.095;6700
20160127 112100;8.0915;8.0915;8.09;8.09;400
20160127 112200;8.09;8.09;8.09;8.09;200
20160127 112300;8.09;8.09;8.09;8.09;100
20160127 112400;8.0915;8.1;8.09;8.095;2939
20160127 112500;8.0999;8.0999;8.09;8.09;5100
20160127 112600;8.1;8.1;8.09;8.09;2600
20160127 112700;8.1;8.1;8.0999;8.0999;700
20160127 112800;8.1;8.1;8.0925;8.0925;900
20160127 113000;8.098;8.105;8.0925;8.105;1000
20160127 113100;8.11;8.11;8.11;8.11;2100
20160127 113200;8.11;8.11;8.11;8.11;100
20160127 113400;8.1;8.105;8.1;8.1;2000
20160127 113500;8.1;8.1;8.099;8.099;1400
20160127 113600;8.099;8.1;8.099;8.1;4100
20160127 113900;8.1;8.1;8.1;8.1;1700
20160127 114000;8.1;8.1;8.1;8.1;2100
20160127 114100;8.1;8.1;8.0999;8.1;5300
20160127 114200;8.1;8.1;8.1;8.1;200
20160127 114300;8.1;8.1;8.1;8.1;3400
20160127 114400;8.1;8.1003;8.1;8.1;8200
20160127 114500;8.1;8.11;8.099;8.1;13500
20160127 114600;8.0948;8.0948;8.0948;8.0948;100
20160127 114700;8.1;8.1;8.1;8.1;400
20160127 115000;8.1;8.1;8.1;8.1;100
20160127 115100;8.1;8.1;8.1;8.1;600
20160127 115400;8.1;8.1;8.1;8.1;400
20160127 115700;8.1;8.1;8.1;8.1;100
20160127 115800;8.1;8.1;8.0901;8.0901;4700
20160127 115900;8.0923;8.1;8.0923;8.1;2286
20160127 120000;8.1;8.1;8.1;8.1;400
20160127 120100;8.1;8.1;8.1;8.1;600
20160127 120200;8.11;8.11;8.11;8.11;100
20160127 120300;8.11;8.11;8.11;8.11;100
20160127 120400;8.11;8.11;8.11;8.11;800
20160127 120700;8.12;8.12;8.12;8.12;500
20160127 120900;8.12;8.12;8.12;8.12;400
20160127 121000;8.12;8.12;8.11;8.11;2400
20160127 121100;8.11;8.1116;8.11;8.1116;4600
20160127 121200;8.115;8.115;8.11;8.11;1200
20160127 121300;8.115;8.115;8.115;8.115;100
20160127 121600;8.12;8.12;8.11;8.11;2300
20160127 121800;8.115;8.115;8.115;8.115;100
20160127 122100;8.12;8.12;8.115;8.1192;600
20160127 122400;8.115;8.115;8.115;8.115;100
20160127 122600;8.119;8.119;8.119;8.119;100
20160127 123100;8.11;8.115;8.11;8.11;808
20160127 123400;8.11;8.11;8.11;8.11;100
20160127 123500;8.11;8.11;8.11;8.11;100
20160127 123900;8.11;8.11;8.11;8.11;100
20160127 124700;8.105;8.109;8.105;8.109;200
20160127 125300;8.1039;8.1039;8.1039;8.1039;703
20160127 125600;8.11;8.11;8.11;8.11;1000
20160127 125800;8.109;8.109;8.109;8.109;100
20160127 125900;8.1;8.105;8.1;8.1;3992
20160127 130100;8.1;8.11;8.1;8.1;5510
20160127 130300;8.1001;8.105;8.1;8.1;2441
20160127 130600;8.105;8.11;8.1;8.11;2705
20160127 130700;8.11;8.12;8.11;8.11;3210
20160127 130900;8.109;8.109;8.109;8.109;100
20160127 131100;8.11;8.11;8.11;8.11;300
20160127 131300;8.11;8.11;8.11;8.11;100
20160127 131400;8.11;8.11;8.11;8.11;100
20160127 131500;8.11;8.11;8.11;8.11;100
20160127 131900;8.1125;8.1161;8.1125;8.1161;2500
20160127 132000;8.12;8.12;8.12;8.12;100
20160127 132300;8.12;8.12;8.1169;8.1169;2300
20160127 132800;8.12;8.12;8.12;8.12;100
20160127 133200;8.12;8.12;8.12;8.12;100
20160127 134300;8.1101;8.1199;8.1101;8.119;1140
20160127 134800;8.12;8.12;8.119;8.119;4754
20160127 134900;8.12;8.12;8.12;8.12;600
20160127 135100;8.119;8.119;8.119;8.119;100
20160127 135400;8.12;8.13;8.119;8.13;4300
20160127 135800;8.13;8.13;8.13;8.13;100
20160127 135900;8.121;8.121;8.121;8.121;1000
20160127 140100;8.13;8.139;8.129;8.1324;5800
20160127 140200;8.14;8.14;8.14;8.14;100
20160127 140600;8.13;8.13;8.125;8.13;797
20160127 140700;8.13;8.13;8.13;8.13;100
20160127 140900;8.13;8.13;8.1299;8.1299;215
20160127 141000;8.12;8.12;8.11;8.11;2130
20160127 141200;8.13;8.13;8.12;8.12;300
20160127 141300;8.13;8.13;8.13;8.13;100
20160127 141700;8.13;8.13;8.13;8.13;100
20160127 141900;8.1261;8.1261;8.1261;8.1261;320
20160127 142000;8.13;8.13;8.13;8.13;100
20160127 142300;8.13;8.13;8.13;8.13;500
20160127 142400;8.13;8.13;8.13;8.13;100
20160127 142800;8.13;8.13;8.126;8.126;1900
20160127 143000;8.13;8.14;8.12;8.12;3190
20160127 143100;8.12;8.1277;8.12;8.1277;1623
20160127 143200;8.12;8.13;8.12;8.12;1000
20160127 143300;8.12;8.14;8.11;8.11;800
20160127 143500;8.12;8.12;8.12;8.12;100
20160127 143600;8.12;8.14;8.12;8.14;1800
20160127 143900;8.14;8.14;8.14;8.14;100
20160127 144100;8.14;8.14;8.14;8.14;403
20160127 144200;8.13;8.13;8.13;8.13;400
20160127 144300;8.129;8.129;8.129;8.129;100
20160127 144400;8.13;8.16;8.13;8.1573;3148
20160127 144600;8.1476;8.1476;8.1476;8.1476;1181
20160127 144700;8.16;8.16;8.16;8.16;100
20160127 145100;8.16;8.16;8.151;8.151;600
20160127 145400;8.159;8.159;8.159;8.159;100
20160127 145800;8.16;8.16;8.1567;8.1567;300
20160127 150000;8.1501;8.1501;8.1501;8.1501;4000
20160127 150100;8.15;8.1599;8.15;8.15;5800
20160127 150200;8.1508;8.16;8.1508;8.16;223
20160127 150500;8.159;8.16;8.159;8.16;309
20160127 150600;8.1515;8.1599;8.13;8.1301;4545
20160127 150900;8.125;8.125;8.12;8.12;1000
20160127 151300;8.11;8.11;8.11;8.11;600
20160127 151400;8.11;8.11;8.11;8.11;200
20160127 151700;8.119;8.12;8.1158;8.12;3000
20160127 153000;8.115;8.115;8.1101;8.1101;1160
20160127 153200;8.116;8.12;8.116;8.12;4309
20160127 153600;8.115;8.115;8.11;8.11;2740
20160127 153700;8.11;8.11;8.11;8.11;500
20160127 154600;8.12;8.13;8.12;8.13;700
20160127 154700;8.13;8.13;8.13;8.13;109
20160127 154900;8.1295;8.14;8.1295;8.14;2432
20160127 155100;8.145;8.145;8.136;8.139;2653
20160127 155300;8.1437;8.1499;8.1437;8.1499;544
20160127 155400;8.15;8.15;8.15;8.15;200
20160127 155500;8.15;8.15;8.1499;8.1499;400
20160127 155600;8.13;8.13;8.13;8.13;200
20160127 155700;8.13;8.13;8.13;8.13;1300
20160127 155800;8.14;8.14;8.13;8.13;1587
20160127 155900;8.13;8.14;8.13;8.14;6600
20160127 160000;8.15;8.15;8.15;8.15;177
20160128 093500;8.1799;8.1799;8.1799;8.1799;3000
20160128 094000;8.16;8.16;8.16;8.16;200
20160128 094400;8.166;8.17;8.1658;8.17;5700
20160128 094600;8.16;8.16;8.16;8.16;300
20160128 094700;8.16;8.16;8.16;8.16;200
20160128 094800;8.16;8.1662;8.16;8.16;422
20160128 094900;8.16;8.16;8.16;8.16;200
20160128 095000;8.15;8.15;8.15;8.15;300
20160128 095100;8.15;8.15;8.15;8.15;300
20160128 095300;8.15;8.15;8.15;8.15;300
20160128 095500;8.15;8.15;8.15;8.15;200
20160128 095600;8.15;8.15;8.15;8.15;100
20160128 095800;8.15;8.15;8.15;8.15;100
20160128 095900;8.15;8.15;8.15;8.15;100
20160128 100200;8.15;8.15;8.15;8.15;100
20160128 100400;8.16;8.16;8.16;8.16;100
20160128 100500;8.15;8.16;8.15;8.16;3200
20160128 100600;8.15;8.15;8.15;8.15;200
20160128 100700;8.155;8.155;8.15;8.15;200
20160128 100800;8.15;8.15;8.15;8.15;500
20160128 100900;8.13;8.13;8.13;8.13;100
20160128 101000;8.13;8.14;8.13;8.14;200
20160128 101100;8.14;8.14;8.139;8.1399;3000
20160128 101200;8.14;8.14;8.13;8.13;500
20160128 101400;8.14;8.14;8.14;8.14;100
20160128 101500;8.13;8.13;8.13;8.13;600
20160128 101700;8.1399;8.1399;8.1399;8.1399;100
20160128 101900;8.1399;8.1399;8.1399;8.1399;100
20160128 102900;8.13;8.16;8.12;8.13;9629
20160128 103400;8.13;8.13;8.1289;8.13;1000
20160128 103500;8.13;8.13;8.13;8.13;700
20160128 103900;8.13;8.13;8.13;8.13;300
20160128 104000;8.13;8.13;8.1299;8.13;400
20160128 104300;8.13;8.13;8.13;8.13;100
20160128 104400;8.12;8.13;8.12;8.12;300
20160128 104600;8.1199;8.12;8.1172;8.12;862
20160128 104800;8.11;8.11;8.11;8.11;100
20160128 104900;8.12;8.12;8.12;8.12;100
20160128 105000;8.11;8.12;8.11;8.12;1775
20160128 105300;8.12;8.12;8.12;8.12;500
20160128 105500;8.12;8.13;8.1199;8.13;2802
20160128 105700;8.14;8.14;8.14;8.14;100
20160128 105900;8.13;8.14;8.13;8.14;700
20160128 110000;8.14;8.14;8.13;8.13;900
20160128 110300;8.1366;8.1366;8.13;8.13;3053
20160128 110400;8.14;8.14;8.14;8.14;600
20160128 110700;8.14;8.14;8.14;8.14;200
20160128 110800;8.14;8.14;8.139;8.139;700
20160128 110900;8.14;8.14;8.14;8.14;200
20160128 111300;8.14;8.14;8.14;8.14;100
20160128 111600;8.13;8.14;8.13;8.14;200
20160128 111700;8.13;8.13;8.13;8.13;100
20160128 111800;8.13;8.13;8.13;8.13;100
20160128 111900;8.14;8.14;8.13;8.14;300
20160128 112000;8.13;8.13;8.13;8.13;300
20160128 112300;8.12;8.12;8.12;8.12;100
20160128 113000;8.12;8.12;8.12;8.12;400
20160128 114500;8.13;8.13;8.13;8.13;300
20160128 114600;8.13;8.13;8.13;8.13;100
20160128 114700;8.1249;8.1249;8.1249;8.1249;350
20160128 114800;8.13;8.13;8.13;8.13;100
20160128 115100;8.13;8.14;8.124;8.14;3100
20160128 115200;8.1245;8.15;8.1245;8.15;2650
20160128 115400;8.137;8.15;8.137;8.15;353
20160128 115600;8.15;8.15;8.15;8.15;100
20160128 115700;8.15;8.15;8.15;8.15;100
20160128 115900;8.15;8.15;8.15;8.15;100
20160128 120100;8.15;8.15;8.14;8.14;400
20160128 120400;8.146;8.15;8.13;8.15;1945
20160128 120600;8.15;8.17;8.143;8.17;8400
20160128 120900;8.17;8.2;8.17;8.17;20955
20160128 121000;8.18;8.18;8.16;8.16;12293
20160128 121500;8.16;8.17;8.14;8.17;13980
20160128 121600;8.15;8.15;8.12;8.12;5756
20160128 121700;8.14;8.14;8.14;8.14;100
20160128 121800;8.14;8.14;8.14;8.14;100
20160128 121900;8.14;8.14;8.14;8.14;100
20160128 122100;8.1399;8.1399;8.1399;8.1399;100
20160128 123300;8.13;8.139;8.13;8.139;700
20160128 123500;8.14;8.14;8.1399;8.1399;500
20160128 123700;8.1399;8.1399;8.1399;8.1399;800
20160128 123800;8.135;8.135;8.135;8.135;200
20160128 124000;8.14;8.14;8.1399;8.1399;3000
20160128 124300;8.139;8.139;8.139;8.139;400
20160128 124400;8.14;8.14;8.14;8.14;500
20160128 124500;8.15;8.15;8.15;8.15;1405
20160128 124600;8.149;8.15;8.147;8.147;400
20160128 124800;8.15;8.15;8.15;8.15;200
20160128 124900;8.15;8.15;8.15;8.15;100
20160128 125000;8.15;8.15;8.15;8.15;100
20160128 125100;8.16;8.16;8.159;8.159;4500
20160128 125600;8.16;8.16;8.16;8.16;800
20160128 125800;8.16;8.1635;8.16;8.1601;2170
20160128 130100;8.17;8.17;8.1699;8.1699;500
20160128 130200;8.16;8.16;8.16;8.16;1705
20160128 130400;8.16;8.16;8.16;8.16;100
20160128 130500;8.1699;8.1699;8.1699;8.1699;400
20160128 130700;8.1699;8.1699;8.1699;8.1699;260
20160128 130900;8.17;8.17;8.1699;8.17;1400
20160128 131100;8.16;8.1601;8.16;8.1601;2105
20160128 131700;8.17;8.18;8.17;8.18;500
20160128 132200;8.18;8.18;8.15;8.15;3605
20160128 132900;8.1508;8.17;8.15;8.15;5707
20160128 133200;8.1638;8.1638;8.1638;8.1638;114
20160128 133400;8.1642;8.1642;8.1642;8.1642;3000
20160128 133600;8.1579;8.1579;8.1579;8.1579;2450
20160128 133900;8.1699;8.1699;8.163;8.163;760
20160128 134000;8.17;8.17;8.1699;8.1699;500
20160128 134200;8.158;8.158;8.13;8.13;6115
20160128 134600;8.15;8.17;8.15;8.17;3200
20160128 134800;8.1598;8.1598;8.1598;8.1598;1396
20160128 135100;8.1578;8.1578;8.1578;8.1578;100
20160128 135400;8.1538;8.1538;8.1538;8.1538;570
20160128 135600;8.16;8.16;8.1599;8.1599;500
20160128 140200;8.16;8.16;8.16;8.16;100
20160128 140300;8.1599;8.1599;8.1599;8.1599;100
20160128 140400;8.1599;8.1599;8.1599;8.1599;100
20160128 140500;8.16;8.16;8.16;8.16;100
20160128 140600;8.1599;8.1599;8.1599;8.1599;100
20160128 140800;8.1599;8.1599;8.1599;8.1599;100
20160128 140900;8.15;8.15;8.13;8.14;6715
20160128 141400;8.15;8.15;8.149;8.149;200
20160128 141500;8.15;8.15;8.15;8.15;100
20160128 141600;8.14;8.15;8.14;8.15;700
20160128 141800;8.14;8.1477;8.14;8.1477;800
20160128 141900;8.1401;8.1401;8.1401;8.1401;700
20160128 142100;8.1499;8.1499;8.14;8.14;600
20160128 142200;8.15;8.15;8.1499;8.1499;300
20160128 142300;8.15;8.15;8.1401;8.1499;2889
20160128 142500;8.149;8.149;8.149;8.149;900
20160128 142600;8.1499;8.1499;8.1499;8.1499;300
20160128 142700;8.15;8.15;8.15;8.15;100
20160128 142900;8.1499;8.1499;8.1499;8.1499;100
20160128 143000;8.1499;8.1499;8.1499;8.1499;300
20160128 143100;8.15;8.15;8.149;8.149;400
20160128 143300;8.1499;8.1499;8.1499;8.1499;100
20160128 143400;8.1499;8.1499;8.1499;8.1499;300
20160128 143500;8.15;8.15;8.15;8.15;100
20160128 143700;8.1499;8.1499;8.1499;8.1499;100
20160128 143800;8.15;8.15;8.1499;8.1499;400
20160128 143900;8.15;8.15;8.15;8.15;100
20160128 144100;8.15;8.15;8.15;8.15;100
20160128 144200;8.15;8.15;8.15;8.15;400
20160128 144300;8.149;8.149;8.149;8.149;200
20160128 144400;8.1499;8.1499;8.1499;8.1499;100
20160128 144600;8.15;8.15;8.1499;8.15;400
20160128 144800;8.1499;8.1499;8.1499;8.1499;100
20160128 144900;8.1499;8.1499;8.1499;8.1499;300
20160128 145000;8.15;8.15;8.15;8.15;100
20160128 145100;8.149;8.149;8.149;8.149;200
20160128 145200;8.1499;8.1499;8.1499;8.1499;100
20160128 145300;8.1499;8.1499;8.1499;8.1499;300
20160128 145400;8.15;8.15;8.15;8.15;100
20160128 145500;8.1499;8.1499;8.1499;8.1499;100
20160128 145700;8.15;8.15;8.15;8.15;300
20160128 145900;8.15;8.15;8.1499;8.1499;200
20160128 150000;8.149;8.149;8.149;8.149;300
20160128 150100;8.15;8.15;8.15;8.15;100
20160128 150200;8.15;8.15;8.15;8.15;100
20160128 150400;8.15;8.15;8.1499;8.15;500
20160128 150500;8.15;8.15;8.15;8.15;100
20160128 150700;8.15;8.15;8.15;8.15;400
20160128 150900;8.15;8.15;8.15;8.15;300
20160128 151000;8.15;8.15;8.15;8.15;591
20160128 151100;8.15;8.15;8.15;8.15;100
20160128 151200;8.15;8.15;8.1401;8.1401;2548
20160128 151300;8.15;8.15;8.15;8.15;300
20160128 151500;8.15;8.15;8.15;8.15;100
20160128 151600;8.15;8.15;8.15;8.15;400
20160128 151700;8.15;8.15;8.15;8.15;700
20160128 151800;8.15;8.15;8.15;8.15;100
20160128 151900;8.15;8.17;8.15;8.16;6547
20160128 152000;8.16;8.16;8.16;8.16;500
20160128 152100;8.17;8.17;8.17;8.17;300
20160128 152200;8.17;8.17;8.17;8.17;100
20160128 152300;8.18;8.18;8.18;8.18;500
20160128 152400;8.1601;8.1601;8.1601;8.1601;500
20160128 152500;8.1699;8.1699;8.1699;8.1699;100
20160128 152600;8.17;8.17;8.17;8.17;400
20160128 152700;8.17;8.17;8.17;8.17;100
20160128 152800;8.17;8.17;8.16;8.16;700
20160128 152900;8.1638;8.1638;8.1638;8.1638;317
20160128 153100;8.17;8.17;8.17;8.17;100
20160128 153200;8.18;8.18;8.1799;8.1799;2100
20160128 153300;8.18;8.18;8.1799;8.18;500
20160128 153400;8.18;8.18;8.18;8.18;100
20160128 153500;8.18;8.18;8.18;8.18;200
20160128 153600;8.18;8.18;8.18;8.18;300
20160128 153700;8.18;8.18;8.18;8.18;300
20160128 153800;8.18;8.18;8.18;8.18;300
20160128 154000;8.18;8.18;8.18;8.18;300
20160128 154100;8.18;8.18;8.1799;8.1799;463
20160128 154200;8.179;8.179;8.179;8.179;300
20160128 154300;8.179;8.179;8.179;8.179;300
20160128 154400;8.179;8.179;8.179;8.179;300
20160128 154500;8.1799;8.1799;8.1799;8.1799;300
20160128 154600;8.18;8.18;8.1678;8.179;1219
20160128 154700;8.18;8.18;8.18;8.18;300
20160128 154800;8.179;8.18;8.179;8.18;300
20160128 154900;8.18;8.18;8.18;8.18;400
20160128 155000;8.18;8.18;8.18;8.18;300
20160128 155100;8.18;8.18;8.1716;8.18;1000
20160128 155200;8.18;8.18;8.1707;8.1707;4500
20160128 155300;8.1707;8.18;8.1707;8.18;900
20160128 155400;8.1799;8.18;8.179;8.18;2703
20160128 155500;8.1816;8.19;8.1816;8.19;1400
20160128 155600;8.19;8.2;8.19;8.2;600
20160128 155700;8.1995;8.2;8.19;8.19;2260
20160128 155800;8.1899;8.19;8.18;8.19;6800
20160128 155900;8.1899;8.19;8.1899;8.19;900
20160128 160000;8.19;8.19;8.19;8.19;2490
20160128 161700;8.1703;8.1703;8.1703;8.1703;49148
20160129 093400;8.1899;8.1899;8.17;8.17;1600
20160129 093900;8.1842;8.1842;8.18;8.18;1600
20160129 094300;8.19;8.21;8.19;8.21;1196
20160129 095200;8.2184;8.2184;8.2;8.2;2100
20160129 095500;8.23;8.23;8.23;8.23;306
20160129 095900;8.23;8.246;8.23;8.2458;1270
20160129 100000;8.25;8.25;8.25;8.25;400
20160129 100500;8.2401;8.2401;8.2401;8.2401;275
20160129 100900;8.25;8.26;8.25;8.255;1200
20160129 101000;8.26;8.26;8.26;8.26;700
20160129 101100;8.27;8.27;8.27;8.27;600
20160129 101200;8.28;8.28;8.261;8.261;1900
20160129 101300;8.26;8.2615;8.26;8.26;2246
20160129 101400;8.261;8.261;8.261;8.261;500
20160129 101500;8.262;8.262;8.26;8.26;1800
20160129 101600;8.2699;8.2699;8.2699;8.2699;4000
20160129 101800;8.27;8.29;8.25;8.25;19676
20160129 102900;8.26;8.26;8.25;8.26;3210
20160129 103000;8.25;8.27;8.25;8.25;4615
20160129 103100;8.25;8.25;8.25;8.25;100
20160129 103400;8.24;8.24;8.24;8.24;500
20160129 103600;8.25;8.25;8.2489;8.2489;2242
20160129 104000;8.2426;8.25;8.2426;8.243;3901
20160129 105000;8.24;8.24;8.24;8.24;300
20160129 105600;8.249;8.249;8.249;8.249;1575
20160129 105700;8.247;8.247;8.247;8.247;476
20160129 110300;8.2462;8.25;8.241;8.25;2010
20160129 110600;8.25;8.25;8.25;8.25;200
20160129 110700;8.25;8.2599;8.25;8.2599;2436
20160129 110800;8.26;8.26;8.26;8.26;200
20160129 111200;8.27;8.27;8.27;8.27;2300
20160129 111500;8.27;8.27;8.2699;8.27;5300
20160129 112000;8.27;8.27;8.26;8.2634;5635
20160129 112600;8.2662;8.2662;8.2662;8.2662;500
20160129 112900;8.27;8.27;8.27;8.27;1000
20160129 113300;8.27;8.27;8.27;8.27;420
20160129 113600;8.2691;8.2691;8.2691;8.2691;100
20160129 114100;8.261;8.261;8.261;8.261;500
20160129 115000;8.27;8.27;8.269;8.269;3428
20160129 115500;8.27;8.27;8.27;8.27;1500
20160129 115800;8.27;8.27;8.27;8.27;3125
20160129 120000;8.27;8.27;8.27;8.27;1300
20160129 121500;8.27;8.29;8.27;8.29;1388
20160129 121700;8.29;8.29;8.29;8.29;200
20160129 121900;8.291;8.291;8.291;8.291;957
20160129 122400;8.29;8.29;8.27;8.27;3610
20160129 122600;8.26;8.2658;8.26;8.2658;3000
20160129 123700;8.265;8.265;8.26;8.2601;2350
20160129 124600;8.27;8.28;8.2668;8.27;1110
20160129 125000;8.286;8.288;8.286;8.288;2100
20160129 125100;8.2817;8.2834;8.2817;8.2834;1960
20160129 130000;8.2866;8.2866;8.2866;8.2866;1000
20160129 130100;8.3;8.3;8.2919;8.2919;1520
20160129 130400;8.3;8.3;8.298;8.298;500
20160129 130600;8.3;8.3;8.28;8.3;4160
20160129 131100;8.3;8.31;8.28;8.28;4535
20160129 131200;8.28;8.2881;8.28;8.2881;1905
20160129 131300;8.3;8.3;8.28;8.28;2647
20160129 131500;8.275;8.275;8.275;8.275;1930
20160129 133000;8.2701;8.2701;8.2701;8.2701;500
20160129 133100;8.2755;8.2755;8.2755;8.2755;750
20160129 133300;8.27;8.27;8.27;8.27;100
20160129 133400;8.27;8.27;8.27;8.27;1885
20160129 133600;8.28;8.28;8.27;8.27;5282
20160129 134200;8.275;8.275;8.275;8.275;529
20160129 134400;8.28;8.28;8.26;8.28;12348
20160129 134500;8.28;8.28;8.28;8.28;829
20160129 135100;8.2879;8.2879;8.2879;8.2879;2000
20160129 135600;8.2999;8.2999;8.2999;8.2999;1210
20160129 140000;8.2912;8.2912;8.2912;8.2912;1000
20160129 140700;8.2802;8.2802;8.2802;8.2802;1600
20160129 140800;8.3;8.32;8.29;8.29;4025
20160129 141100;8.282;8.282;8.282;8.282;500
20160129 141700;8.2837;8.3;8.2837;8.3;3220
20160129 142300;8.2807;8.281;8.2707;8.271;6500
20160129 142800;8.28;8.3;8.28;8.3;9445
20160129 143400;8.3;8.3;8.3;8.3;150
20160129 145000;8.3;8.32;8.2983;8.32;9101
20160129 145100;8.31;8.31;8.31;8.31;100
20160129 145500;8.31;8.31;8.31;8.31;100
20160129 145600;8.3067;8.3067;8.3067;8.3067;1200
20160129 150000;8.31;8.32;8.3;8.3111;1600
20160129 150100;8.31;8.31;8.31;8.31;300
20160129 150300;8.32;8.33;8.3;8.33;4530
20160129 150400;8.32;8.32;8.31;8.31;300
20160129 150500;8.31;8.32;8.3075;8.31;2830
20160129 150600;8.32;8.32;8.32;8.32;100
20160129 150800;8.33;8.33;8.32;8.324;6450
20160129 151000;8.3187;8.3187;8.313;8.313;2442
20160129 151900;8.3203;8.3203;8.3203;8.3203;5200
20160129 152100;8.32;8.33;8.32;8.3211;800
20160129 152300;8.32;8.32;8.32;8.32;200
20160129 152500;8.32;8.32;8.32;8.32;200
20160129 152600;8.32;8.32;8.31;8.31;400
20160129 153100;8.3249;8.3249;8.3249;8.3249;1000
20160129 153300;8.321;8.321;8.321;8.321;700
20160129 153400;8.33;8.35;8.33;8.33;7950
20160129 153500;8.3301;8.3315;8.3301;8.3315;2000
20160129 153600;8.34;8.3411;8.34;8.3411;1500
20160129 153800;8.3301;8.3301;8.3301;8.3301;4800
20160129 153900;8.33;8.33;8.33;8.33;100
20160129 154000;8.33;8.3301;8.33;8.33;5500
20160129 154300;8.33;8.3401;8.33;8.34;916
20160129 154400;8.33;8.34;8.33;8.34;700
20160129 154700;8.34;8.34;8.33;8.34;600
20160129 154900;8.339;8.339;8.3389;8.3389;1355
20160129 155000;8.33;8.331;8.33;8.331;300
20160129 155100;8.33;8.3301;8.33;8.3301;310
20160129 155200;8.339;8.345;8.331;8.3408;3918
20160129 155300;8.35;8.35;8.35;8.35;100
20160129 155400;8.3401;8.3401;8.34;8.34;384
20160129 155500;8.35;8.36;8.35;8.36;1624
20160129 155600;8.358;8.36;8.358;8.36;200
20160129 155800;8.36;8.36;8.36;8.36;200
20160129 155900;8.37;8.37;8.36;8.36;500
20160129 160000;8.37;8.38;8.37;8.3708;6171
20160201 093100;8.3899;8.3899;8.3899;8.3899;268
20160201 093200;8.3836;8.3836;8.3639;8.3639;1074
20160201 093300;8.36;8.37;8.34;8.35;3689
20160201 093600;8.34;8.35;8.33;8.33;1000
20160201 093900;8.3154;8.3154;8.3154;8.3154;319
20160201 094000;8.32;8.36;8.31;8.31;4839
20160201 094700;8.31;8.31;8.31;8.31;100
20160201 094800;8.3138;8.3138;8.3138;8.3138;526
20160201 094900;8.31;8.31;8.29;8.29;1900
20160201 095100;8.2916;8.3;8.2916;8.3;1700
20160201 095300;8.302;8.32;8.302;8.32;900
20160201 095500;8.32;8.33;8.32;8.33;500
20160201 095600;8.33;8.33;8.33;8.33;200
20160201 095700;8.33;8.33;8.33;8.33;600
20160201 095800;8.3344;8.3344;8.3344;8.3344;571
20160201 100300;8.33;8.34;8.29;8.34;10537
20160201 100400;8.34;8.34;8.31;8.34;11016
20160201 100500;8.33;8.35;8.31;8.33;4510
20160201 101000;8.323;8.323;8.323;8.323;1200
20160201 101100;8.3278;8.3278;8.3278;8.3278;375
20160201 101400;8.3202;8.3202;8.3202;8.3202;2096
20160201 101600;8.321;8.321;8.321;8.321;2000
20160201 102000;8.333;8.333;8.333;8.333;938
20160201 102100;8.3244;8.3244;8.3244;8.3244;1000
20160201 103100;8.3275;8.3275;8.3275;8.3275;1616
20160201 103300;8.3358;8.338;8.335;8.338;4000
20160201 103600;8.34;8.34;8.33;8.33;570
20160201 103900;8.3358;8.338;8.335;8.338;4000
20160201 104100;8.33;8.33;8.33;8.33;500
20160201 104400;8.34;8.34;8.33;8.3375;1030
20160201 104600;8.34;8.34;8.3325;8.3325;5149
20160201 105300;8.34;8.34;8.34;8.34;100
20160201 105400;8.34;8.34;8.3399;8.3399;1500
20160201 105500;8.34;8.35;8.34;8.35;8678
20160201 105600;8.35;8.35;8.35;8.35;200
20160201 105700;8.35;8.35;8.34;8.34;900
20160201 105800;8.35;8.355;8.35;8.3508;1700
20160201 105900;8.36;8.36;8.36;8.36;300
20160201 110100;8.36;8.36;8.36;8.36;100
20160201 110200;8.36;8.36;8.36;8.36;100
20160201 110300;8.36;8.36;8.36;8.36;100
20160201 110500;8.36;8.36;8.36;8.36;700
20160201 110600;8.366;8.366;8.366;8.366;150
20160201 110700;8.36;8.36;8.36;8.36;100
20160201 110800;8.37;8.37;8.36;8.37;20200
20160201 110900;8.37;8.37;8.37;8.37;6600
20160201 111000;8.37;8.37;8.37;8.37;15723
20160201 111100;8.37;8.37;8.35;8.35;4210
20160201 111200;8.35;8.35;8.35;8.35;900
20160201 112100;8.3481;8.3481;8.3481;8.3481;418
20160201 112300;8.351;8.351;8.351;8.351;100
20160201 112600;8.3589;8.3589;8.3589;8.3589;900
20160201 112800;8.351;8.351;8.351;8.351;200
20160201 113900;8.37;8.37;8.36;8.3698;2206
20160201 114400;8.37;8.37;8.37;8.37;100
20160201 114700;8.37;8.37;8.37;8.37;100
20160201 114900;8.372;8.372;8.37;8.37;942
20160201 115300;8.37;8.37;8.37;8.37;100
20160201 120900;8.37;8.37;8.3649;8.37;2983
20160201 121000;8.37;8.37;8.36;8.37;3100
20160201 121200;8.3615;8.37;8.361;8.37;1000
20160201 121600;8.36;8.36;8.36;8.36;200
20160201 121900;8.37;8.37;8.366;8.366;14200
20160201 122100;8.365;8.37;8.36;8.36;4500
20160201 122200;8.36;8.36;8.36;8.36;5210
20160201 123000;8.3561;8.3561;8.3561;8.3561;2100
20160201 123600;8.356;8.36;8.353;8.353;2500
20160201 123700;8.35;8.355;8.35;8.3504;1296
20160201 123800;8.3541;8.3541;8.3541;8.3541;6130
20160201 124100;8.356;8.356;8.356;8.356;100
20160201 130600;8.3649;8.3649;8.3625;8.3625;1000
20160201 130700;8.37;8.37;8.37;8.37;1475
20160201 130900;8.38;8.38;8.377;8.3799;2150
20160201 131400;8.37;8.375;8.37;8.3702;400
20160201 131800;8.37;8.37;8.37;8.37;100
20160201 131900;8.37;8.3701;8.37;8.37;12800
20160201 132100;8.38;8.38;8.3745;8.3745;2090
20160201 132400;8.37;8.375;8.37;8.37;2000
20160201 132800;8.37;8.37;8.37;8.37;300
20160201 132900;8.3605;8.3643;8.36;8.3643;1400
20160201 133000;8.37;8.37;8.37;8.37;100
20160201 133200;8.36;8.361;8.36;8.361;600
20160201 133700;8.361;8.37;8.361;8.37;200
20160201 133900;8.37;8.37;8.37;8.37;100
20160201 134000;8.37;8.37;8.37;8.37;360
20160201 134100;8.37;8.37;8.37;8.37;100
20160201 134300;8.37;8.37;8.37;8.37;100
20160201 134600;8.38;8.39;8.38;8.39;200
20160201 134900;8.39;8.4;8.39;8.4;1584
20160201 135800;8.3977;8.3977;8.391;8.391;200
20160201 135900;8.4;8.4;8.4;8.4;1000
20160201 140000;8.4;8.4;8.4;8.4;200
20160201 140300;8.4099;8.4099;8.4099;8.4099;3900
20160201 140600;8.41;8.41;8.41;8.41;600
20160201 140700;8.4;8.4;8.4;8.4;280
20160201 140800;8.4001;8.4025;8.4001;8.4025;3000
20160201 141000;8.407;8.407;8.407;8.407;1500
20160201 141300;8.4;8.4;8.4;8.4;2000
20160201 141700;8.39;8.39;8.39;8.39;300
20160201 141900;8.4;8.4;8.399;8.399;2000
20160201 142100;8.4;8.4;8.4;8.4;100
20160201 142300;8.4;8.4;8.392;8.392;1600
20160201 142600;8.395;8.395;8.3915;8.3915;1250
20160201 142800;8.39;8.39;8.39;8.39;200
20160201 142900;8.385;8.385;8.38;8.38;500
20160201 143100;8.3883;8.3883;8.3883;8.3883;1500
20160201 143400;8.3826;8.3826;8.3826;8.3826;727
20160201 143500;8.3801;8.3801;8.3801;8.3801;2000
20160201 143700;8.38;8.38;8.38;8.38;700
20160201 144000;8.3801;8.3801;8.3801;8.3801;2000
20160201 144300;8.381;8.381;8.381;8.381;500
20160201 144600;8.3811;8.3899;8.3811;8.3899;3000
20160201 145100;8.385;8.385;8.38;8.3801;3700
20160201 145200;8.39;8.39;8.39;8.39;2600
20160201 145400;8.39;8.39;8.39;8.39;2450
20160201 145500;8.395;8.4;8.3899;8.39;6550
20160201 145600;8.386;8.386;8.38;8.3843;2285
20160201 150000;8.38;8.385;8.38;8.38;1400
20160201 150200;8.3899;8.3899;8.38;8.38;1690
20160201 151100;8.38;8.389;8.38;8.389;1266
20160201 151300;8.38;8.38;8.38;8.38;200
20160201 151400;8.3841;8.3841;8.3841;8.3841;6000
20160201 151700;8.39;8.395;8.39;8.39;2000
20160201 151800;8.3987;8.3987;8.3987;8.3987;150
20160201 151900;8.3915;8.3915;8.39;8.39;1200
20160201 152100;8.397;8.397;8.397;8.397;1228
20160201 152400;8.39;8.4;8.39;8.3967;1900
20160201 152500;8.392;8.392;8.392;8.392;516
20160201 152600;8.3901;8.3901;8.3901;8.3901;3000
20160201 152700;8.4;8.4;8.4;8.4;11046
20160201 153000;8.39;8.4;8.39;8.4;2200
20160201 153100;8.3979;8.3979;8.3979;8.3979;1715
20160201 154900;8.39;8.39;8.38;8.38;2850
20160201 155600;8.381;8.381;8.381;8.381;168
20160201 160000;8.39;8.3901;8.38;8.38;7579
20160202 093300;8.36;8.36;8.36;8.36;610
20160202 093700;8.37;8.37;8.34;8.36;7669
20160202 093800;8.36;8.36;8.36;8.36;100
20160202 094000;8.3384;8.3384;8.3384;8.3384;900
20160202 094600;8.3399;8.34;8.335;8.335;300
20160202 094800;8.3251;8.3251;8.3251;8.3251;4000
20160202 094900;8.32;8.33;8.32;8.32;6650
20160202 095000;8.34;8.34;8.3201;8.3201;4100
20160202 095100;8.3212;8.3212;8.321;8.321;1100
20160202 095200;8.32;8.32;8.31;8.3101;7000
20160202 095600;8.34;8.35;8.3201;8.3201;6750
20160202 095700;8.322;8.322;8.322;8.322;2000
20160202 095800;8.326;8.35;8.326;8.35;3005
20160202 100000;8.348;8.348;8.348;8.348;200
20160202 100100;8.35;8.36;8.3443;8.3443;5842
20160202 100200;8.37;8.38;8.3511;8.38;4887
20160202 100300;8.37;8.37;8.369;8.369;1300
20160202 100600;8.36;8.36;8.35;8.35;2000
20160202 100700;8.351;8.37;8.34;8.37;7215
20160202 100800;8.37;8.37;8.36;8.36;3500
20160202 101000;8.36;8.36;8.36;8.36;2100
20160202 101100;8.36;8.3648;8.36;8.3648;300
20160202 101300;8.3656;8.3656;8.3656;8.3656;1560
20160202 101600;8.37;8.37;8.3665;8.3665;2900
20160202 102800;8.36;8.36;8.35;8.354;1500
20160202 103500;8.3622;8.3622;8.3622;8.3622;1133
20160202 103900;8.37;8.37;8.37;8.37;100
20160202 104100;8.37;8.37;8.37;8.37;100
20160202 104400;8.37;8.37;8.37;8.37;200
20160202 104600;8.37;8.37;8.37;8.37;200
20160202 105100;8.355;8.36;8.355;8.36;1100
20160202 105300;8.37;8.37;8.3625;8.3625;2130
20160202 110000;8.3699;8.3699;8.3699;8.3699;100
20160202 110200;8.3675;8.3675;8.3675;8.3675;500
20160202 110300;8.37;8.37;8.3601;8.37;18508
20160202 110400;8.362;8.362;8.362;8.362;800
20160202 110600;8.37;8.37;8.37;8.37;100
20160202 110800;8.37;8.37;8.37;8.37;100
20160202 111000;8.37;8.37;8.37;8.37;100
20160202 111400;8.37;8.37;8.37;8.37;500
20160202 111500;8.37;8.37;8.37;8.37;100
20160202 111600;8.3799;8.3799;8.37;8.37;3200
20160202 111900;8.3834;8.39;8.3834;8.39;5895
20160202 112200;8.37;8.37;8.37;8.37;634
20160202 112300;8.37;8.37;8.37;8.37;100
20160202 112500;8.375;8.375;8.375;8.375;330
20160202 113100;8.37;8.39;8.37;8.38;4105
20160202 113200;8.38;8.4;8.38;8.38;1580
20160202 113400;8.38;8.4;8.38;8.38;2205
20160202 113500;8.385;8.3902;8.385;8.39;1600
20160202 113600;8.395;8.395;8.395;8.395;300
20160202 113900;8.4;8.4;8.4;8.4;100
20160202 114600;8.39;8.39;8.39;8.39;400
20160202 114700;8.38;8.38;8.38;8.38;1800
20160202 115500;8.38;8.38;8.38;8.38;500
20160202 120200;8.37;8.3757;8.37;8.3757;3000
20160202 120300;8.38;8.38;8.3728;8.3728;1340
20160202 120700;8.375;8.375;8.375;8.375;100
20160202 120800;8.375;8.38;8.375;8.38;1700
20160202 120900;8.385;8.3899;8.38;8.38;4809
20160202 121000;8.379;8.38;8.379;8.38;450
20160202 121400;8.3702;8.3702;8.3702;8.3702;3000
20160202 121600;8.39;8.39;8.39;8.39;100
20160202 121800;8.3807;8.3807;8.3807;8.3807;1000
20160202 122100;8.3744;8.376;8.3744;8.376;2266
20160202 122200;8.3793;8.3793;8.3793;8.3793;576
20160202 122700;8.39;8.39;8.39;8.39;100
20160202 123600;8.37;8.37;8.37;8.37;100
20160202 123700;8.38;8.38;8.38;8.38;100
20160202 123800;8.38;8.38;8.3756;8.3756;1533
20160202 124000;8.38;8.38;8.38;8.38;200
20160202 124700;8.38;8.38;8.38;8.38;100
20160202 125800;8.38;8.38;8.37;8.37;400
20160202 130400;8.37;8.37;8.368;8.368;921
20160202 130800;8.37;8.37;8.3678;8.3678;1100
20160202 131100;8.3644;8.3644;8.3644;8.3644;1000
20160202 131300;8.37;8.37;8.37;8.37;100
20160202 131700;8.37;8.37;8.37;8.37;100
20160202 131800;8.38;8.38;8.38;8.38;100
20160202 131900;8.3734;8.3734;8.3734;8.3734;520
20160202 132100;8.37;8.37;8.37;8.37;100
20160202 132700;8.3753;8.38;8.375;8.38;3859
20160202 132900;8.38;8.38;8.38;8.38;100
20160202 133500;8.37;8.37;8.37;8.37;100
20160202 133600;8.379;8.379;8.379;8.379;1000
20160202 133700;8.375;8.375;8.37;8.37;2584
20160202 134300;8.378;8.378;8.378;8.378;1750
20160202 134400;8.36;8.36;8.36;8.36;100
20160202 134500;8.37;8.37;8.37;8.37;1000
20160202 134600;8.38;8.38;8.38;8.38;1400
20160202 134700;8.375;8.38;8.375;8.38;900
20160202 134800;8.37;8.37;8.37;8.37;100
20160202 135000;8.37;8.38;8.37;8.38;350
20160202 135200;8.37;8.38;8.37;8.38;1100
20160202 135400;8.38;8.38;8.38;8.38;1000
20160202 135900;8.37;8.37;8.37;8.37;100
20160202 140100;8.3834;8.3834;8.3834;8.3834;1270
20160202 140200;8.382;8.382;8.382;8.382;100
20160202 140300;8.38;8.38;8.38;8.38;100
20160202 140700;8.37;8.37;8.37;8.37;100
20160202 141200;8.38;8.38;8.3775;8.3775;980
20160202 141500;8.37;8.38;8.37;8.38;200
20160202 141600;8.3701;8.38;8.3701;8.38;300
20160202 141700;8.3701;8.3701;8.37;8.37;300
20160202 141800;8.37;8.37;8.37;8.37;500
20160202 142800;8.377;8.38;8.37;8.3735;2508
20160202 143100;8.37;8.37;8.35;8.35;18397
20160202 143200;8.35;8.35;8.35;8.35;200
20160202 143300;8.368;8.368;8.35;8.35;700
20160202 144100;8.35;8.36;8.35;8.36;500
20160202 144400;8.3687;8.369;8.3687;8.369;1785
20160202 145300;8.37;8.37;8.36;8.37;1200
20160202 145500;8.3501;8.3501;8.35;8.35;950
20160202 145800;8.36;8.36;8.36;8.36;100
20160202 150400;8.363;8.363;8.363;8.363;300
20160202 150800;8.3616;8.3616;8.3616;8.3616;1000
20160202 151100;8.36;8.36;8.36;8.36;100
20160202 151400;8.35;8.35;8.35;8.35;100
20160202 151900;8.357;8.357;8.357;8.357;1712
20160202 152000;8.35;8.35;8.35;8.35;100
20160202 152200;8.3599;8.36;8.3585;8.3585;2307
20160202 152600;8.35;8.36;8.35;8.36;200
20160202 153200;8.3528;8.3528;8.3528;8.3528;913
20160202 153600;8.35;8.35;8.35;8.35;100
20160202 153900;8.36;8.36;8.35;8.35;600
20160202 154400;8.36;8.36;8.36;8.36;200
20160202 154500;8.36;8.37;8.3567;8.37;2186
20160202 154600;8.3601;8.3601;8.3601;8.3601;417
20160202 154800;8.37;8.37;8.3675;8.37;864
20160202 154900;8.37;8.3701;8.37;8.37;1300
20160202 155000;8.37;8.37;8.37;8.37;100
20160202 155100;8.37;8.37;8.37;8.37;500
20160202 155200;8.37;8.37;8.3667;8.3667;2200
20160202 155500;8.3678;8.3678;8.3678;8.3678;740
20160202 155600;8.369;8.369;8.369;8.369;114
20160202 155900;8.37;8.37;8.37;8.37;3999
20160203 093400;8.4;8.4;8.4;8.4;1000
20160203 093800;8.39;8.39;8.39;8.39;100
20160203 095400;8.3949;8.4;8.3949;8.4;3050
20160203 100000;8.38;8.3899;8.38;8.38;4655
20160203 100400;8.38;8.385;8.38;8.38;5400
20160203 100500;8.38;8.38;8.37;8.37;1800
20160203 100600;8.3551;8.3551;8.3551;8.3551;1570
20160203 101000;8.35;8.35;8.35;8.35;1000
20160203 101200;8.35;8.35;8.35;8.35;100
20160203 101300;8.3656;8.3656;8.3656;8.3656;100
20160203 101600;8.36;8.37;8.36;8.37;2200
20160203 101800;8.3662;8.3662;8.3626;8.3626;3275
20160203 101900;8.37;8.38;8.3665;8.3665;3839
20160203 102400;8.37;8.37;8.37;8.37;100
20160203 103000;8.3601;8.37;8.36;8.37;5760
20160203 103500;8.36;8.36;8.36;8.36;700
20160203 103800;8.35;8.35;8.3376;8.3376;953
20160203 103900;8.3301;8.3301;8.3301;8.3301;600
20160203 104100;8.35;8.35;8.35;8.35;200
20160203 104200;8.35;8.36;8.3483;8.36;1895
20160203 104800;8.36;8.37;8.36;8.37;1600
20160203 104900;8.35;8.35;8.35;8.35;500
20160203 105300;8.3564;8.3564;8.3564;8.3564;1400
20160203 105600;8.37;8.37;8.36;8.3604;1295
20160203 105800;8.37;8.38;8.37;8.38;1200
20160203 111100;8.3615;8.3615;8.34;8.34;4993
20160203 111200;8.33;8.34;8.33;8.34;400
20160203 111400;8.33;8.33;8.33;8.33;400
20160203 111600;8.33;8.33;8.33;8.33;300
20160203 112400;8.3321;8.3321;8.3321;8.3321;1500
20160203 112600;8.33;8.34;8.33;8.33;6000
20160203 112900;8.3399;8.3399;8.3399;8.3399;900
20160203 113200;8.33;8.33;8.326;8.326;2200
20160203 114300;8.33;8.33;8.3299;8.33;4200
20160203 114700;8.33;8.33;8.3299;8.3299;4000
20160203 114800;8.33;8.33;8.33;8.33;500
20160203 120800;8.3285;8.33;8.325;8.325;1220
20160203 121500;8.32;8.32;8.32;8.32;200
20160203 122000;8.323;8.323;8.323;8.323;200
20160203 122100;8.3211;8.3211;8.3211;8.3211;500
20160203 122200;8.33;8.33;8.3279;8.3279;600
20160203 122900;8.32;8.32;8.32;8.32;100
20160203 123100;8.3287;8.3287;8.3287;8.3287;348
20160203 123700;8.32;8.32;8.32;8.32;100
20160203 124200;8.3272;8.3272;8.3272;8.3272;500
20160203 124400;8.32;8.32;8.32;8.32;100
20160203 124500;8.3249;8.3249;8.3249;8.3249;200
20160203 125100;8.32;8.32;8.32;8.32;100
20160203 125900;8.32;8.32;8.32;8.32;100
20160203 130300;8.32;8.3201;8.32;8.3201;3810
20160203 130600;8.32;8.32;8.32;8.32;100
20160203 130700;8.3263;8.3263;8.32;8.32;2410
20160203 130800;8.33;8.33;8.33;8.33;1000
20160203 131000;8.3279;8.3279;8.3279;8.3279;630
20160203 131200;8.33;8.34;8.33;8.34;710
20160203 132900;8.3355;8.3355;8.3355;8.3355;900
20160203 133500;8.32;8.32;8.32;8.32;200
20160203 133700;8.32;8.3228;8.32;8.3228;1400
20160203 134200;8.321;8.321;8.32;8.32;450
20160203 134700;8.33;8.34;8.33;8.33;2220
20160203 140000;8.3207;8.3207;8.32;8.32;3500
20160203 140600;8.31;8.31;8.3099;8.3099;670
20160203 141500;8.31;8.31;8.31;8.31;300
20160203 141700;8.32;8.32;8.32;8.32;679
20160203 142300;8.3293;8.3293;8.3293;8.3293;1151
20160203 142500;8.3272;8.3272;8.3272;8.3272;399
20160203 142700;8.3249;8.3249;8.3249;8.3249;500
20160203 142800;8.33;8.33;8.33;8.33;100
20160203 143200;8.33;8.34;8.33;8.3365;1800
20160203 143400;8.34;8.34;8.3269;8.3269;824
20160203 143600;8.329;8.329;8.329;8.329;200
20160203 143700;8.323;8.323;8.323;8.323;100
20160203 144000;8.3274;8.3274;8.3274;8.3274;500
20160203 144100;8.33;8.33;8.329;8.329;2300
20160203 144800;8.327;8.327;8.327;8.327;392
20160203 145000;8.33;8.33;8.33;8.33;200
20160203 145200;8.3294;8.3294;8.3294;8.3294;2400
20160203 150000;8.3343;8.336;8.326;8.326;1393
20160203 151400;8.336;8.338;8.336;8.338;800
20160203 151500;8.33;8.33;8.33;8.33;443
20160203 151700;8.3356;8.34;8.32;8.34;17164
20160203 151800;8.34;8.34;8.34;8.34;100
20160203 152800;8.32;8.32;8.32;8.32;500
20160203 153000;8.333;8.333;8.333;8.333;250
20160203 153400;8.34;8.34;8.3372;8.3372;3600
20160203 153900;8.34;8.34;8.3399;8.34;1400
20160203 154200;8.34;8.34;8.34;8.34;100
20160203 154400;8.34;8.34;8.34;8.34;100
20160203 154600;8.34;8.34;8.34;8.34;100
20160203 154700;8.34;8.34;8.337;8.337;200
20160203 154800;8.34;8.34;8.3342;8.3342;700
20160203 155600;8.34;8.34;8.33;8.34;1700
20160203 155900;8.35;8.35;8.35;8.35;500
20160203 160000;8.35;8.36;8.35;8.36;1162
20160204 093700;8.356;8.357;8.356;8.357;200
20160204 093900;8.3599;8.3599;8.3599;8.3599;418
20160204 094200;8.356;8.356;8.346;8.346;1794
20160204 094300;8.35;8.35;8.35;8.35;300
20160204 094500;8.33;8.33;8.33;8.33;2200
20160204 094600;8.32;8.32;8.3177;8.319;2209
20160204 094700;8.31;8.31;8.31;8.31;2300
20160204 095100;8.31;8.31;8.31;8.31;396
20160204 095900;8.334;8.334;8.334;8.334;1595
20160204 100700;8.32;8.32;8.32;8.32;100
20160204 101500;8.3101;8.3101;8.3101;8.3101;1131
20160204 102700;8.32;8.32;8.31;8.31;2500
20160204 102900;8.3001;8.3001;8.3001;8.3001;1000
20160204 103100;8.31;8.31;8.309;8.309;1300
20160204 103400;8.31;8.31;8.3099;8.31;1500
20160204 103600;8.31;8.31;8.31;8.31;3304
20160204 104400;8.31;8.31;8.31;8.31;400
20160204 104500;8.308;8.308;8.308;8.308;900
20160204 105000;8.31;8.31;8.3078;8.3078;380
20160204 105600;8.31;8.31;8.31;8.31;100
20160204 105700;8.3001;8.3001;8.3001;8.3001;200
20160204 105900;8.31;8.31;8.3086;8.3086;4825
20160204 110200;8.3099;8.3099;8.301;8.306;3242
20160204 110500;8.3;8.3;8.3;8.3;100
20160204 111000;8.3;8.3;8.3;8.3;100
20160204 111600;8.3001;8.3001;8.3001;8.3001;4000
20160204 111900;8.3;8.3001;8.3;8.3001;4100
20160204 112000;8.3038;8.3038;8.3038;8.3038;1283
20160204 112800;8.3049;8.3049;8.3049;8.3049;112
20160204 113600;8.31;8.31;8.31;8.31;100
20160204 113900;8.3077;8.3077;8.305;8.305;500
20160204 114500;8.3;8.3;8.3;8.3;1200
20160204 114700;8.3;8.3;8.3;8.3;200
20160204 115000;8.31;8.31;8.3099;8.3099;5930
20160204 115600;8.3072;8.3072;8.3072;8.3072;200
20160204 115700;8.3099;8.3099;8.3099;8.3099;3000
20160204 120200;8.3001;8.3001;8.3001;8.3001;200
20160204 122300;8.31;8.31;8.31;8.31;2200
20160204 123100;8.31;8.31;8.303;8.303;1500
20160204 124200;8.3082;8.3082;8.3082;8.3082;500
20160204 124500;8.3073;8.3073;8.3073;8.3073;700
20160204 124600;8.31;8.31;8.31;8.31;600
20160204 131300;8.309;8.309;8.309;8.309;1200
20160204 132300;8.3099;8.3099;8.306;8.306;689
20160204 132700;8.304;8.306;8.304;8.306;7400
20160204 133000;8.309;8.309;8.309;8.309;950
20160204 133100;8.3001;8.3001;8.3001;8.3001;3475
20160204 133900;8.31;8.31;8.309;8.309;1455
20160204 134200;8.3042;8.3042;8.3042;8.3042;700
20160204 134300;8.3024;8.3024;8.3024;8.3024;1215
20160204 135100;8.31;8.33;8.31;8.33;3000
20160204 135200;8.32;8.33;8.32;8.33;3000
20160204 140200;8.333;8.333;8.333;8.333;1800
20160204 140300;8.331;8.331;8.331;8.331;150
20160204 140700;8.33;8.33;8.33;8.33;100
20160204 140800;8.321;8.321;8.321;8.321;500
20160204 141000;8.329;8.329;8.329;8.329;2400
20160204 141200;8.33;8.33;8.3255;8.33;2100
20160204 142400;8.3369;8.34;8.3369;8.34;1900
20160204 143000;8.34;8.34;8.339;8.339;1800
20160204 143100;8.34;8.34;8.3399;8.34;1600
20160204 144800;8.3349;8.3349;8.3349;8.3349;135
20160204 144900;8.34;8.3411;8.34;8.3411;500
20160204 145200;8.348;8.348;8.348;8.348;3237
20160204 145400;8.33;8.33;8.33;8.33;3700
20160204 145700;8.34;8.34;8.34;8.34;300
20160204 151800;8.34;8.34;8.34;8.34;128
20160204 152100;8.33;8.33;8.33;8.33;2800
20160204 152200;8.32;8.32;8.32;8.32;100
20160204 153700;8.32;8.33;8.32;8.325;1200
20160204 154200;8.322;8.322;8.322;8.322;161
20160204 154300;8.3201;8.3201;8.3201;8.3201;1700
20160204 154800;8.33;8.33;8.32;8.33;2275
20160204 154900;8.3334;8.3334;8.3334;8.3334;480
20160204 155200;8.32;8.32;8.32;8.32;100
20160204 155400;8.3356;8.3356;8.33;8.33;1450
20160204 155500;8.3201;8.3201;8.32;8.32;1300
20160204 155700;8.33;8.33;8.33;8.33;500
20160204 155800;8.32;8.32;8.32;8.32;100
20160204 155900;8.33;8.34;8.33;8.34;1540
20160204 160000;8.32;8.34;8.32;8.34;700
20160205 094100;8.3;8.3;8.3;8.3;579
20160205 094600;8.327;8.327;8.327;8.327;3000
20160205 094800;8.3;8.3;8.3;8.3;3000
20160205 094900;8.3;8.3;8.3;8.3;300
20160205 095500;8.3;8.3;8.3;8.3;100
20160205 095800;8.3;8.31;8.3;8.31;3000
20160205 102000;8.2844;8.2844;8.2844;8.2844;640
20160205 102200;8.2884;8.2884;8.2884;8.2884;100
20160205 103500;8.296;8.296;8.296;8.296;500
20160205 104900;8.2972;8.2972;8.2972;8.2972;230
20160205 105300;8.2901;8.2901;8.2901;8.2901;300
20160205 105600;8.3;8.3;8.3;8.3;563
20160205 105700;8.2937;8.2937;8.2937;8.2937;222
20160205 110100;8.2901;8.2901;8.2901;8.2901;1670
20160205 110800;8.2901;8.2901;8.2901;8.2901;928
20160205 112200;8.29;8.29;8.29;8.29;3300
20160205 112600;8.285;8.285;8.28;8.28;1100
20160205 114000;8.285;8.285;8.28;8.28;906
20160205 114400;8.27;8.27;8.27;8.27;200
20160205 114500;8.27;8.2782;8.27;8.2782;500
20160205 115200;8.28;8.28;8.28;8.28;637
20160205 120900;8.2795;8.2795;8.2795;8.2795;1505
20160205 121600;8.2799;8.2799;8.2765;8.2765;1200
20160205 123200;8.2767;8.2767;8.2767;8.2767;1080
20160205 123500;8.2785;8.28;8.275;8.28;2026
20160205 123700;8.2781;8.2781;8.2781;8.2781;100
20160205 124000;8.28;8.28;8.28;8.28;400
20160205 124500;8.2722;8.2722;8.2722;8.2722;724
20160205 124600;8.2733;8.2733;8.2733;8.2733;405
20160205 132300;8.2728;8.2728;8.2728;8.2728;127
20160205 132600;8.28;8.28;8.28;8.28;100
20160205 133800;8.28;8.28;8.2701;8.2701;1195
20160205 134000;8.279;8.279;8.279;8.279;1275
20160205 134300;8.2751;8.2751;8.2751;8.2751;1300
20160205 134500;8.28;8.28;8.2769;8.2769;3000
20160205 135300;8.275;8.275;8.26;8.26;2600
20160205 135600;8.2601;8.2601;8.26;8.26;1000
20160205 141800;8.27;8.27;8.27;8.27;100
20160205 143200;8.27;8.27;8.27;8.27;636
20160205 144300;8.27;8.27;8.27;8.27;100
20160205 144500;8.2601;8.2601;8.26;8.2601;8302
20160205 145000;8.2668;8.2668;8.2668;8.2668;362
20160205 145100;8.265;8.265;8.26;8.26;1300
20160205 150400;8.26;8.26;8.26;8.26;700
20160205 151100;8.26;8.265;8.26;8.26;1100
20160205 151200;8.27;8.27;8.268;8.268;980
20160205 151300;8.2628;8.2628;8.2628;8.2628;350
20160205 151400;8.2659;8.27;8.2659;8.27;925
20160205 152000;8.27;8.27;8.27;8.27;1000
20160205 152600;8.2667;8.2667;8.2667;8.2667;1130
20160205 153300;8.27;8.27;8.27;8.27;100
20160205 153700;8.26;8.26;8.26;8.26;100
20160205 154200;8.2651;8.2651;8.2651;8.2651;2374
20160205 154300;8.27;8.28;8.2683;8.28;9185
20160205 154400;8.28;8.28;8.2769;8.28;13999
20160205 154500;8.28;8.28;8.28;8.28;207
20160205 154600;8.27;8.27;8.27;8.27;300
20160205 155200;8.28;8.31;8.28;8.29;9310
20160205 155300;8.31;8.31;8.31;8.31;100
20160205 155500;8.3;8.305;8.29;8.29;2400
20160205 155600;8.3;8.3;8.3;8.3;100
20160205 155800;8.296;8.296;8.29;8.29;400
20160205 155900;8.3;8.3;8.29;8.3;4016
20160205 160000;8.29;8.3;8.28;8.28;3602
