20160119 100000;2.32;2.37;2.32;2.37;300
20160119 100100;2.39;2.39;2.39;2.39;400
20160119 103900;2.3;2.35;2.3;2.35;400
20160119 111700;2.35;2.67;2.35;2.644;3100
20160119 125400;2.44;2.44;2.4;2.4;300
20160119 125800;2.5;2.54;2.5;2.54;1000
20160119 130900;2.53;2.5595;2.53;2.5595;4800
20160119 131000;2.57;2.57;2.57;2.57;300
20160119 133100;2.52;2.5295;2.52;2.5295;200
20160119 133200;2.51;2.51;2.51;2.51;200
20160119 141600;2.35;2.39;2.35;2.39;500
20160119 142800;2.51;2.569;2.51;2.569;200
20160119 155000;2.41;2.41;2.41;2.41;100
20160119 155100;2.43;2.45;2.43;2.45;500
20160119 155200;2.47;2.5699;2.47;2.56;700
20160119 155300;2.56;2.57;2.56;2.57;600
20160120 100000;2.37;2.37;2.37;2.37;100
20160120 101200;2.305;2.305;2.305;2.305;100
20160120 101300;2.37;2.37;2.37;2.37;330
20160120 101400;2.5699;2.57;2.5699;2.57;2000
20160120 145300;2.54;2.54;2.54;2.54;100
20160120 154500;2.5101;2.5101;2.5101;2.5101;200
20160121 124200;2.5999;2.5999;2.5999;2.5999;400
20160121 130100;2.33;2.33;2.33;2.33;400
20160121 133400;2.58;2.58;2.58;2.58;100
20160121 133500;2.63;2.63;2.63;2.63;100
20160122 101400;2.6;2.6;2.6;2.6;100
20160122 101500;2.6;2.62;2.59;2.62;3582
20160122 101600;2.62;2.62;2.62;2.62;498
20160122 102400;2.74;2.74;2.74;2.74;100
20160122 110300;2.72;2.75;2.72;2.7499;2300
20160122 110400;2.751;2.751;2.75;2.7501;1806
20160122 110500;2.61;2.61;2.61;2.61;100
20160122 110600;2.6;2.6;2.6;2.6;100
20160122 110700;2.59;2.5999;2.3;2.3;3360
20160122 111000;2.74;2.74;2.74;2.74;100
20160122 111300;2.66;2.66;2.65;2.65;500
20160122 111400;2.6;2.6;2.6;2.6;100
20160122 145000;2.73;2.73;2.73;2.73;100
20160122 160000;2.65;2.65;2.65;2.65;100
20160127 103200;2.65;2.65;2.65;2.65;100
20160127 112700;2.5575;2.5575;2.5575;2.5575;200
20160127 113500;2.65;2.65;2.625;2.625;200
20160127 144300;2.55;2.55;2.55;2.55;100
20160127 144400;2.7;2.7;2.6809;2.7;1000
20160127 155500;2.65;2.65;2.64;2.64;200
20160128 102700;2.5;2.5;2.5;2.5;100
20160128 102900;2.68;2.68;2.68;2.68;100
20160129 112400;2.3589;2.65;2.3589;2.65;1100
20160129 123300;2.64;2.64;2.64;2.64;100
20160129 143100;2.4;2.4001;2.4;2.4001;769
20160129 143200;2.64;2.64;2.64;2.64;100
20160129 152400;2.72;2.72;2.72;2.72;100
20160129 153100;2.62;2.62;2.62;2.62;100
20160129 153200;2.76;2.76;2.7;2.7;200
20160201 133500;2.72;2.72;2.72;2.72;100
20160201 141600;2.71;2.7199;2.71;2.7199;200
20160202 154800;2.39;2.39;2.39;2.39;100
20160202 155500;2.53;2.53;2.53;2.53;100
20160202 155600;2.53;2.53;2.53;2.53;100
20160202 160000;2.55;2.74;2.55;2.74;300
20160203 115800;2.5;2.5;2.5;2.5;200
20160203 115900;2.7299;2.7299;2.7299;2.7299;100
20160203 122400;2.61;2.61;2.61;2.61;525
20160203 124700;2.63;2.64;2.6101;2.6101;1100
20160203 124800;2.55;2.55;2.55;2.55;1000
20160203 124900;2.47;2.53;2.47;2.53;200
20160203 125100;2.43;2.43;2.43;2.43;100
20160203 125200;2.57;2.57;2.56;2.565;500
20160203 125300;2.57;2.57;2.46;2.46;200
20160203 125400;2.57;2.57;2.57;2.57;200
20160203 125500;2.58;2.7;2.5799;2.7;1400
20160203 125600;2.71;2.71;2.71;2.71;500
20160203 125700;2.71;2.71;2.71;2.71;200
20160203 125800;2.71;2.71;2.71;2.71;300
20160203 125900;2.71;2.71;2.71;2.71;300
20160203 130000;2.73;2.73;2.73;2.73;125
20160203 133200;2.71;2.71;2.7;2.7;900
20160204 102400;2.73;2.73;2.73;2.73;100
