20160119 095900;3.3;3.3;3.3;3.3;200
20160119 102100;3.292;3.292;3.292;3.292;200
20160119 104000;3.3;3.3;3.28;3.28;500
20160119 104400;3.28;3.28;3.24;3.24;800
20160119 104600;3.31;3.31;3.31;3.31;100
20160119 110500;3.2601;3.2601;3.2601;3.2601;550
20160119 113400;3.3;3.3;3.3;3.3;300
20160119 115500;3.33;3.33;3.33;3.33;100
20160119 121200;3.31;3.31;3.31;3.31;100
20160119 125800;3.3299;3.3299;3.3299;3.3299;100
20160119 130900;3.32;3.32;3.32;3.32;150
20160119 131300;3.32;3.32;3.32;3.32;200
20160119 143800;3.29;3.29;3.29;3.29;100
20160119 144500;3.32;3.32;3.32;3.32;200
20160119 151100;3.24;3.24;3.24;3.24;155
20160119 151400;3.24;3.24;3.24;3.24;300
20160119 153400;3.24;3.2401;3.24;3.2401;842
20160119 154100;3.2401;3.2401;3.2401;3.2401;100
20160119 155100;3.26;3.26;3.259;3.259;600
20160119 155300;3.27;3.27;3.27;3.27;100
20160119 160000;3.27;3.3;3.27;3.3;3070
20160120 093100;3.22;3.22;3.2;3.2;1798
20160120 094000;3.21;3.2321;3.11;3.18;5876
20160120 094100;3.15;3.15;3.15;3.15;100
20160120 095500;3.134;3.1342;3.134;3.1342;1127
20160120 100500;3.152;3.152;3.152;3.152;100
20160120 101100;3.15;3.1505;3.11;3.1505;1000
20160120 101200;3.148;3.148;3.148;3.148;2100
20160120 101800;3.1399;3.1399;3.1399;3.1399;100
20160120 102200;3.11;3.11;3.0701;3.0701;2100
20160120 102300;3.1;3.1;3.1;3.1;2000
20160120 102500;3.06;3.06;3.06;3.06;100
20160120 103000;2.995;2.995;2.995;2.995;200
20160120 103500;3.0559;3.0559;3.0559;3.0559;200
20160120 105400;3.0565;3.0565;3.0565;3.0565;100
20160120 105900;3.055;3.055;3.055;3.055;100
20160120 111500;3.06;3.06;3.06;3.06;100
20160120 111800;3.11;3.11;3.11;3.11;1500
20160120 112300;3.1299;3.14;3.1299;3.14;9367
20160120 112500;3.1599;3.1599;3.1599;3.1599;500
20160120 113700;3.3;3.3;3.3;3.3;100
20160120 114200;3.21;3.21;3.21;3.21;100
20160120 114400;3.2159;3.2159;3.2159;3.2159;200
20160120 115200;3.212;3.212;3.212;3.212;200
20160120 115800;3.2261;3.2261;3.2261;3.2261;1200
20160120 120000;3.23;3.23;3.23;3.23;1033
20160120 120100;3.23;3.23;3.23;3.23;100
20160120 120300;3.23;3.23;3.23;3.23;200
20160120 120500;3.23;3.23;3.23;3.23;100
20160120 120600;3.23;3.23;3.23;3.23;100
20160120 120800;3.23;3.23;3.23;3.23;1200
20160120 120900;3.23;3.23;3.23;3.23;200
20160120 122300;3.23;3.24;3.23;3.24;300
20160120 124300;3.2515;3.2515;3.2515;3.2515;106
20160120 124800;3.26;3.26;3.26;3.26;100
20160120 125100;3.26;3.26;3.26;3.26;300
20160120 131000;3.29;3.29;3.2682;3.2682;2004
20160120 141000;3.26;3.26;3.25;3.26;650
20160120 142000;3.29;3.3;3.29;3.3;200
20160120 144300;3.28;3.28;3.28;3.28;100
20160120 154700;3.29;3.29;3.29;3.29;100
20160120 154900;3.29;3.29;3.29;3.29;100
20160120 155300;3.292;3.292;3.292;3.292;500
20160120 155400;3.292;3.292;3.292;3.292;500
20160120 155500;3.3;3.31;3.3;3.31;300
20160120 155700;3.3036;3.3101;3.3036;3.3101;2500
20160120 155800;3.3138;3.3138;3.3138;3.3138;1000
20160120 160000;3.33;3.33;3.33;3.33;1115
20160121 100600;3.29;3.29;3.052;3.052;400
20160121 100700;3.01;3.01;3.01;3.01;100
20160121 101700;3.24;3.24;3.24;3.24;100
20160121 101900;3.26;3.26;3.26;3.26;100
20160121 104000;3.3036;3.3036;3.3036;3.3036;200
20160121 111700;3.28;3.28;3.28;3.28;100
20160121 121400;3.3189;3.3189;3.3189;3.3189;900
20160121 125800;3.28;3.28;3.28;3.28;200
20160121 132900;3.3099;3.3099;3.3099;3.3099;200
20160121 135700;3.3099;3.3099;3.3099;3.3099;120
20160121 143400;3.29;3.29;3.29;3.29;100
20160121 144400;3.29;3.29;3.29;3.29;100
20160121 150700;3.29;3.29;3.29;3.29;100
20160121 151500;3.29;3.29;3.29;3.29;100
20160121 152700;3.2756;3.2756;3.2756;3.2756;102
20160121 160000;3.32;3.32;3.32;3.32;915
20160122 100100;3.35;3.35;3.35;3.35;100
20160122 100800;3.38;3.38;3.38;3.38;100
20160122 101800;3.37;3.37;3.37;3.37;200
20160122 101900;3.38;3.38;3.38;3.38;300
20160122 102000;3.391;3.4;3.391;3.4;1220
20160122 104500;3.4001;3.4001;3.4001;3.4001;250
20160122 113600;3.43;3.43;3.43;3.43;100
20160122 120200;3.41;3.41;3.41;3.41;100
20160122 132200;3.39;3.39;3.36;3.36;3263
20160122 140300;3.4;3.4;3.4;3.4;100
20160122 140900;3.4;3.4;3.4;3.4;100
20160122 144000;3.3899;3.3899;3.3899;3.3899;100
20160122 144500;3.3899;3.3899;3.3899;3.3899;900
20160122 144600;3.38;3.38;3.38;3.38;100
20160122 145000;3.3701;3.3701;3.3701;3.3701;800
20160122 152300;3.3824;3.3824;3.3824;3.3824;160
20160122 155900;3.37;3.37;3.37;3.37;100
20160125 093800;3.332;3.332;3.332;3.332;140
20160125 094700;3.3467;3.3467;3.3467;3.3467;150
20160125 095000;3.37;3.3789;3.37;3.3789;200
20160125 100700;3.39;3.39;3.39;3.39;100
20160125 110000;3.39;3.39;3.39;3.39;100
20160125 112700;3.36;3.36;3.36;3.36;400
20160125 121700;3.38;3.38;3.38;3.38;1200
20160125 123100;3.39;3.4;3.39;3.4;500
20160125 123200;3.41;3.42;3.41;3.42;300
20160125 132000;3.43;3.43;3.43;3.43;100
20160125 140800;3.3833;3.3833;3.3833;3.3833;1000
20160125 145200;3.4;3.4;3.4;3.4;100
20160125 153100;3.39;3.3911;3.39;3.3911;700
20160125 155900;3.395;3.4;3.39;3.39;300
20160125 160000;3.38;3.43;3.38;3.43;828
20160126 090200;3.48;3.49;3.48;3.49;250
20160126 092900;3.55;3.55;3.55;3.55;100
20160126 093000;3.65;3.65;3.65;3.65;200
20160126 093100;3.58;3.58;3.58;3.58;2200
20160126 093400;3.5915;3.5915;3.5915;3.5915;2000
20160126 094100;3.63;3.63;3.59;3.59;800
20160126 094400;3.6586;3.6586;3.6586;3.6586;100
20160126 094800;3.61;3.61;3.6;3.6;500
20160126 094900;3.59;3.5902;3.52;3.55;6528
20160126 095000;3.55;3.553;3.55;3.553;800
20160126 095100;3.55;3.5689;3.55;3.5689;500
20160126 095700;3.6;3.6;3.6;3.6;600
20160126 095800;3.6;3.6;3.6;3.6;300
20160126 100900;3.5742;3.5873;3.5742;3.5873;1200
20160126 101200;3.5898;3.5898;3.5898;3.5898;400
20160126 101300;3.5999;3.5999;3.56;3.56;700
20160126 101500;3.5799;3.58;3.577;3.5799;1400
20160126 104400;3.5749;3.58;3.57;3.578;1900
20160126 110000;3.5799;3.5799;3.56;3.56;4200
20160126 110100;3.58;3.58;3.58;3.58;300
20160126 110200;3.6;3.61;3.59;3.61;4600
20160126 110600;3.67;3.67;3.65;3.65;401
20160126 111100;3.67;3.6701;3.63;3.63;2899
20160126 111200;3.6856;3.6899;3.6856;3.686;3700
20160126 111600;3.62;3.62;3.62;3.62;100
20160126 111700;3.69;3.7;3.665;3.7;1800
20160126 111800;3.7;3.73;3.64;3.7;2700
20160126 113200;3.7299;3.7299;3.71;3.72;900
20160126 113400;3.71;3.72;3.71;3.72;3150
20160126 113500;3.73;3.73;3.73;3.73;100
20160126 113700;3.7385;3.74;3.725;3.74;796
20160126 113800;3.7552;3.78;3.75;3.78;700
20160126 113900;3.8;3.8295;3.7701;3.7701;2900
20160126 114300;3.8;3.8;3.77;3.77;5400
20160126 114400;3.7405;3.75;3.74;3.74;400
20160126 114500;3.68;3.68;3.679;3.679;200
20160126 114700;3.75;3.75;3.75;3.75;100
20160126 122500;3.71;3.71;3.71;3.71;100
20160126 123800;3.6882;3.6882;3.6882;3.6882;425
20160126 124700;3.69;3.69;3.69;3.69;700
20160126 124800;3.6985;3.6985;3.654;3.654;500
20160126 125100;3.68;3.7;3.669;3.7;1300
20160126 125700;3.72;3.72;3.7185;3.7185;400
20160126 125900;3.74;3.75;3.74;3.75;200
20160126 131000;3.75;3.75;3.75;3.75;100
20160126 131900;3.75;3.78;3.7374;3.78;2500
20160126 135700;3.7414;3.7414;3.7414;3.7414;300
20160126 141000;3.73;3.73;3.67;3.67;800
20160126 141100;3.67;3.74;3.66;3.665;2000
20160126 141200;3.72;3.74;3.72;3.74;600
20160126 141300;3.72;3.73;3.72;3.73;300
20160126 141700;3.74;3.74;3.74;3.74;200
20160126 141800;3.73;3.74;3.725;3.725;1300
20160126 141900;3.735;3.735;3.73;3.73;736
20160126 142900;3.6868;3.6868;3.6868;3.6868;147
20160126 144700;3.7415;3.7415;3.7415;3.7415;1000
20160126 150000;3.72;3.72;3.72;3.72;100
20160126 152700;3.71;3.71;3.6847;3.6847;3000
20160126 155100;3.7;3.7;3.7;3.7;100
20160126 155600;3.6701;3.6701;3.6701;3.6701;500
20160126 155900;3.671;3.6742;3.671;3.6742;500
20160127 093200;3.71;3.71;3.7;3.7;307
20160127 101300;3.77;3.77;3.77;3.77;100
20160127 105600;3.75;3.75;3.75;3.75;100
20160127 105700;3.73;3.73;3.73;3.73;100
20160127 111700;3.7201;3.7201;3.7201;3.7201;300
20160127 112500;3.75;3.75;3.75;3.75;3900
20160127 112600;3.78;3.78;3.78;3.78;100
20160127 115500;3.764;3.764;3.76;3.76;500
20160127 130800;3.7501;3.7501;3.7501;3.7501;1500
20160127 133200;3.79;3.79;3.79;3.79;100
20160127 135700;3.71;3.71;3.71;3.71;100
20160127 135900;3.74;3.75;3.74;3.74;960
20160127 144500;3.71;3.71;3.71;3.71;400
20160127 144600;3.7;3.7;3.7;3.7;500
20160127 150600;3.687;3.687;3.687;3.687;200
20160127 151500;3.66;3.6601;3.62;3.6601;1100
20160127 153400;3.626;3.626;3.626;3.626;165
20160127 154900;3.62;3.62;3.62;3.62;100
20160127 155100;3.61;3.62;3.61;3.62;200
20160127 155600;3.628;3.628;3.628;3.628;200
20160127 155900;3.61;3.61;3.61;3.61;300
20160127 160000;3.61;3.61;3.59;3.59;2100
20160127 160100;3.59;3.59;3.59;3.59;100
20160128 100000;3.5201;3.5358;3.52;3.524;3043
20160128 100600;3.5251;3.5251;3.5251;3.5251;585
20160128 100800;3.5;3.5;3.5;3.5;100
20160128 102000;3.48;3.5085;3.41;3.5085;400
20160128 102100;3.49;3.49;3.49;3.49;100
20160128 102500;3.49;3.49;3.49;3.49;300
20160128 104300;3.415;3.415;3.415;3.415;200
20160128 104400;3.45;3.45;3.45;3.45;100
20160128 104500;3.447;3.4499;3.43;3.4332;2200
20160128 104600;3.4434;3.45;3.4434;3.4455;1400
20160128 105100;3.47;3.47;3.47;3.47;300
20160128 110900;3.485;3.485;3.485;3.485;100
20160128 112300;3.49;3.49;3.4899;3.4899;300
20160128 112500;3.54;3.54;3.54;3.54;200
20160128 114400;3.5399;3.5399;3.5399;3.5399;200
20160128 120100;3.52;3.52;3.5;3.5;2400
20160128 123700;3.45;3.45;3.45;3.45;1000
20160128 130400;3.4501;3.4501;3.4501;3.4501;1000
20160128 131900;3.45;3.45;3.4455;3.4455;400
20160128 132000;3.44;3.44;3.42;3.42;800
20160128 132100;3.44;3.44;3.44;3.44;400
20160128 132800;3.4235;3.4235;3.4235;3.4235;500
20160128 132900;3.423;3.43;3.423;3.4285;1200
20160128 133000;3.425;3.43;3.425;3.43;600
20160128 133200;3.44;3.44;3.44;3.44;100
20160128 133300;3.43;3.43;3.43;3.43;100
20160128 134000;3.44;3.44;3.44;3.44;100
20160128 134400;3.43;3.43;3.429;3.429;300
20160128 141400;3.4201;3.4201;3.4201;3.4201;300
20160128 141600;3.44;3.44;3.44;3.44;100
20160128 141700;3.4418;3.4418;3.4418;3.4418;975
20160128 141800;3.46;3.46;3.46;3.46;200
20160128 141900;3.47;3.47;3.47;3.47;100
20160128 142800;3.45;3.45;3.45;3.45;100
20160128 144200;3.45;3.45;3.45;3.45;100
20160128 144300;3.46;3.46;3.46;3.46;100
20160128 144500;3.46;3.47;3.46;3.46;300
20160128 150700;3.46;3.46;3.46;3.46;1400
20160128 151200;3.43;3.46;3.43;3.46;800
20160128 151500;3.46;3.46;3.45;3.45;500
20160128 152000;3.4599;3.4599;3.4599;3.4599;100
20160128 152100;3.46;3.46;3.4599;3.4599;600
20160128 152400;3.4699;3.4699;3.4699;3.4699;200
20160128 152500;3.49;3.49;3.49;3.49;100
20160128 152800;3.5;3.5;3.5;3.5;700
20160128 153700;3.5;3.5;3.4901;3.495;3100
20160128 154100;3.4999;3.5;3.4999;3.5;425
20160128 154700;3.5;3.5;3.5;3.5;200
20160128 155100;3.53;3.535;3.53;3.535;300
20160128 155700;3.52;3.52;3.51;3.52;600
20160128 155900;3.51;3.51;3.51;3.51;130
20160128 160000;3.51;3.55;3.51;3.55;3538
20160129 105100;3.53;3.53;3.53;3.53;300
20160129 105500;3.53;3.53;3.53;3.53;271
20160129 114700;3.5124;3.54;3.5124;3.54;800
20160129 121200;3.54;3.54;3.5385;3.5385;1250
20160129 122500;3.54;3.54;3.54;3.54;100
20160129 132300;3.53;3.53;3.53;3.53;100
20160129 132400;3.52;3.52;3.52;3.52;300
20160129 132800;3.52;3.52;3.52;3.52;200
20160129 141000;3.5;3.5;3.5;3.5;100
20160129 142600;3.53;3.53;3.53;3.53;100
20160129 143300;3.5015;3.5015;3.501;3.5015;1494
20160129 150900;3.53;3.53;3.53;3.53;100
20160129 153700;3.51;3.51;3.51;3.51;100
20160129 154500;3.5;3.5;3.5;3.5;100
20160129 154900;3.49;3.49;3.49;3.49;214
20160129 160000;3.49;3.49;3.37;3.37;1102
20160201 094500;3.47;3.47;3.47;3.47;100
20160201 094700;3.47;3.47;3.47;3.47;300
20160201 094800;3.451;3.4515;3.451;3.451;1530
20160201 100100;3.485;3.485;3.485;3.485;1000
20160201 100900;3.4601;3.4601;3.4601;3.4601;2400
20160201 102000;3.45;3.45;3.45;3.45;100
20160201 102100;3.45;3.45;3.45;3.45;100
20160201 103200;3.43;3.43;3.43;3.43;100
20160201 111400;3.3901;3.3901;3.3901;3.3901;500
20160201 111600;3.3905;3.3905;3.3905;3.3905;140
20160201 112700;3.395;3.395;3.395;3.395;100
20160201 113600;3.41;3.41;3.41;3.41;100
20160201 122300;3.43;3.43;3.43;3.43;100
20160201 135400;3.4061;3.4061;3.4061;3.4061;120
20160201 140500;3.394;3.395;3.394;3.3942;500
20160201 145300;3.4273;3.4299;3.4273;3.4299;1000
20160201 152200;3.43;3.43;3.43;3.43;100
20160201 155200;3.4166;3.4166;3.4166;3.4166;500
20160201 155800;3.415;3.415;3.415;3.415;100
20160201 155900;3.42;3.42;3.42;3.42;100
20160201 160000;3.41;3.41;3.4;3.4;400
20160202 104600;3.38;3.38;3.38;3.38;300
20160202 112100;3.38;3.38;3.38;3.38;300
20160202 113200;3.38;3.38;3.38;3.38;100
20160202 114200;3.3814;3.3814;3.3814;3.3814;275
20160202 115900;3.41;3.41;3.41;3.41;100
20160202 120100;3.381;3.385;3.381;3.385;1775
20160202 120800;3.38;3.38;3.38;3.38;187
20160202 122900;3.395;3.395;3.38;3.38;699
20160202 134600;3.3656;3.367;3.3656;3.367;800
20160202 134700;3.3656;3.367;3.3656;3.367;800
20160202 135600;3.36;3.36;3.36;3.36;100
20160202 135800;3.3581;3.3581;3.3581;3.3581;400
20160202 145300;3.37;3.37;3.37;3.37;100
20160202 150400;3.379;3.379;3.379;3.379;1000
20160202 151800;3.36;3.36;3.36;3.36;300
20160202 155900;3.38;3.38;3.36;3.36;500
20160202 160000;3.366;3.366;3.366;3.366;110
20160203 105700;3.39;3.39;3.39;3.39;100
20160203 115100;3.373;3.373;3.37;3.373;1237
20160203 115400;3.373;3.373;3.373;3.373;1000
20160203 115700;3.37;3.373;3.37;3.37;1300
20160203 120000;3.37;3.373;3.37;3.37;2900
20160203 120700;3.3711;3.3711;3.37;3.37;1063
20160203 120800;3.365;3.365;3.365;3.365;100
20160203 121900;3.3611;3.3611;3.36;3.36;1137
20160203 122000;3.3649;3.3649;3.3649;3.3649;150
20160203 141300;3.37;3.37;3.37;3.37;100
20160203 153500;3.3661;3.3661;3.3661;3.3661;250
20160203 154200;3.37;3.37;3.37;3.37;100
20160203 155300;3.3601;3.3601;3.3601;3.3601;773
20160203 155500;3.365;3.37;3.36;3.36;3600
20160203 160000;3.37;3.37;3.37;3.37;551
20160204 093100;3.36;3.36;3.36;3.36;200
20160204 094000;3.37;3.37;3.37;3.37;201
20160204 095300;3.37;3.37;3.37;3.37;151
20160204 100200;3.37;3.37;3.37;3.37;648
20160204 100700;3.4;3.4;3.4;3.4;261
20160204 101500;3.4;3.4;3.4;3.4;100
20160204 102600;3.4;3.4;3.4;3.4;121
20160204 102800;3.399;3.399;3.399;3.399;300
20160204 103400;3.39;3.3901;3.39;3.3901;228
20160204 103700;3.3601;3.3601;3.3601;3.3601;500
20160204 103800;3.39;3.39;3.39;3.39;381
20160204 103900;3.3676;3.39;3.3676;3.3676;1101
20160204 104000;3.39;3.39;3.39;3.39;301
20160204 105500;3.3801;3.3801;3.3801;3.3801;500
20160204 105600;3.3899;3.3899;3.3899;3.3899;601
20160204 105700;3.39;3.39;3.39;3.39;1000
20160204 110100;3.38;3.38;3.38;3.38;100
20160204 130100;3.39;3.39;3.39;3.39;100
20160204 130400;3.39;3.39;3.39;3.39;100
20160204 132600;3.39;3.4;3.39;3.4;1404
20160204 133300;3.5299;3.5299;3.5299;3.5299;1500
20160204 134000;3.51;3.51;3.48;3.48;960
20160204 134100;3.4401;3.4401;3.4401;3.4401;1000
20160204 134500;3.44;3.44;3.44;3.44;100
20160204 150800;3.49;3.49;3.49;3.49;100
20160204 155900;3.4734;3.4734;3.4734;3.4734;1500
20160204 160000;3.48;3.48;3.48;3.48;100
20160205 100100;3.44;3.44;3.44;3.44;200
20160205 100600;3.42;3.42;3.4;3.4;700
20160205 101100;3.5099;3.5099;3.5099;3.5099;132
20160205 103900;3.4101;3.4101;3.4101;3.4101;2500
20160205 105700;3.41;3.41;3.37;3.37;1324
20160205 111100;3.4792;3.4792;3.4792;3.4792;157
20160205 112800;3.3937;3.3937;3.3937;3.3937;486
20160205 113800;3.4124;3.4124;3.4124;3.4124;100
20160205 135700;3.372;3.372;3.372;3.372;400
20160205 144000;3.33;3.33;3.33;3.33;300
20160205 144100;3.3845;3.3845;3.3845;3.3845;200
20160205 144800;3.43;3.43;3.43;3.43;100
20160205 150700;3.43;3.43;3.43;3.43;100
20160205 155500;3.3768;3.3768;3.36;3.36;1201
20160205 160000;3.33;3.34;3.33;3.34;300
