20160119 093100;4.65;4.65;4.65;4.65;100
20160119 094000;4.75;4.75;4.75;4.75;100
20160119 094400;4.7;4.7;4.7;4.7;400
20160119 094900;4.69;4.69;4.69;4.69;100
20160119 095000;4.69;4.69;4.69;4.69;100
20160119 102100;4.75;4.75;4.75;4.75;100
20160119 110500;4.69;4.69;4.685;4.685;1100
20160119 110600;4.685;4.685;4.685;4.685;600
20160119 110700;4.69;4.69;4.69;4.69;200
20160119 111700;4.66;4.665;4.65;4.665;1900
20160119 111800;4.65;4.65;4.65;4.65;500
20160119 112000;4.63;4.63;4.63;4.63;200
20160119 112100;4.64;4.64;4.64;4.64;200
20160119 112400;4.65;4.67;4.65;4.67;544
20160119 112700;4.67;4.67;4.67;4.67;100
20160119 113400;4.6;4.6;4.6;4.6;281
20160119 113600;4.67;4.68;4.67;4.68;500
20160119 113700;4.68;4.68;4.68;4.68;300
20160119 113800;4.68;4.68;4.68;4.68;100
20160119 114000;4.68;4.68;4.68;4.68;100
20160119 114100;4.68;4.68;4.68;4.68;100
20160119 114200;4.68;4.68;4.68;4.68;200
20160119 121200;4.59;4.6;4.55;4.55;2693
20160119 121300;4.56;4.64;4.55;4.64;800
20160119 121400;4.64;4.64;4.64;4.64;100
20160119 123200;4.57;4.57;4.57;4.57;100
20160119 135100;4.5;4.5;4.5;4.5;600
20160119 135600;4.45;4.45;4.45;4.45;200
20160119 140000;4.45;4.45;4.45;4.45;1000
20160119 140100;4.45;4.45;4.45;4.45;400
20160119 142500;4.49;4.49;4.49;4.49;400
20160119 145100;4.412;4.412;4.412;4.412;300
20160119 145700;4.4;4.4;4.4;4.4;500
20160119 150000;4.35;4.35;4.35;4.35;300
20160119 151700;4.31;4.31;4.31;4.31;200
20160119 151800;4.32;4.32;4.32;4.32;100
20160119 153100;4.34;4.34;4.34;4.34;100
20160119 155600;4.4;4.4;4.4;4.4;500
20160119 160000;4.43;4.44;4.43;4.44;300
20160120 095500;4.29;4.29;4.16;4.18;400
20160120 095600;4.25;4.25;4.25;4.25;100
20160120 095800;4.25;4.25;4.25;4.25;400
20160120 100300;4.29;4.29;4.29;4.29;365
20160120 110300;4.245;4.25;4.245;4.245;500
20160120 110500;4.245;4.25;4.245;4.25;400
20160120 110600;4.245;4.245;4.245;4.245;100
20160120 110800;4.245;4.245;4.245;4.245;500
20160120 111700;4.2;4.2;4.2;4.2;1556
20160120 112700;4.11;4.12;4.11;4.1105;700
20160120 112800;4.12;4.12;4.1;4.1;800
20160120 113800;4.12;4.12;4.12;4.12;100
20160120 114600;4.1;4.1;4.1;4.1;700
20160120 120200;4.1889;4.1889;4.1889;4.1889;150
20160120 121300;4.11;4.11;4.11;4.11;400
20160120 121400;4.1;4.107;4.1;4.1;1227
20160120 122300;4.1;4.1;4.1;4.1;1000
20160120 123100;4.1;4.1;4.1;4.1;400
20160120 124700;4.1;4.1;4.1;4.1;300
20160120 130800;4.104;4.104;4.104;4.104;1000
20160120 131600;4.1;4.104;4.01;4.01;2973
20160120 151600;4.1;4.1;4.1;4.1;100
20160120 154500;4.1399;4.1399;4.1399;4.1399;150
20160120 154700;4.06;4.06;4.06;4.06;200
20160120 155500;4.06;4.06;4.06;4.06;100
20160120 155900;4.0899;4.0899;4.0899;4.0899;1200
20160120 160000;4.06;4.09;4.05;4.09;1675
20160121 094000;4.1386;4.1386;4.1386;4.1386;200
20160121 094500;4.1404;4.1404;4.1404;4.1404;500
20160121 095800;4.012;4.012;4.012;4.012;100
20160121 111000;4.09;4.1;4.09;4.1;1000
20160121 112700;4.09;4.09;4.09;4.09;100
20160121 113600;4.1;4.1;4.1;4.1;200
20160121 115000;4.15;4.15;4.13;4.13;2500
20160121 115300;4.146;4.16;4.146;4.15;800
20160121 115400;4.15;4.15;4.15;4.15;1000
20160121 120700;4.17;4.17;4.17;4.17;200
20160121 121000;4.2;4.2;4.2;4.2;200
20160121 124600;4.5;4.5;4.5;4.5;300
20160121 130300;4.66;4.66;4.66;4.66;100
20160121 131300;4.3001;4.3001;4.3001;4.3001;100
20160121 140100;4.3001;4.3001;4.3001;4.3001;323
20160121 140600;4.3;4.3;4.3;4.3;1000
20160121 141900;4.3001;4.3001;4.3;4.3001;800
20160121 142700;4.3001;4.3001;4.3;4.3;300
20160121 145100;4.3101;4.3142;4.3101;4.3142;200
20160121 145200;4.39;4.39;4.39;4.39;200
20160121 145800;4.3101;4.3101;4.3101;4.3101;100
20160121 150300;4.3101;4.3142;4.3101;4.3142;300
20160121 150600;4.3101;4.38;4.3101;4.38;200
20160121 151900;4.3014;4.304;4.3;4.3001;900
20160121 152000;4.3038;4.3038;4.3038;4.3038;100
20160121 152400;4.301;4.301;4.301;4.301;100
20160121 152700;4.3;4.3;4.3;4.3;100
20160121 153200;4.25;4.3;4.25;4.25;1100
20160121 153300;4.275;4.275;4.25;4.25;1100
20160121 154500;4.28;4.3;4.28;4.3;400
20160121 154900;4.3;4.3;4.3;4.3;100
20160121 155400;4.3;4.3;4.3;4.3;200
20160121 155600;4.3;4.3;4.3;4.3;100
20160121 160000;4.29;4.29;4.29;4.29;200
20160122 093600;4.26;4.26;4.26;4.26;100
20160122 103400;4.45;4.45;4.45;4.45;200
20160122 103500;4.4394;4.4394;4.4394;4.4394;245
20160122 105400;4.4154;4.4154;4.4154;4.4154;445
20160122 122700;4.37;4.37;4.37;4.37;110
20160122 134200;4.3726;4.3726;4.3726;4.3726;250
20160122 134900;4.36;4.3642;4.36;4.3642;268
20160122 135000;4.36;4.3604;4.36;4.36;500
20160122 135600;4.35;4.35;4.35;4.35;100
20160122 140000;4.35;4.35;4.35;4.35;100
20160122 143500;4.32;4.32;4.32;4.32;100
20160122 143600;4.34;4.34;4.34;4.34;100
20160122 143700;4.31;4.31;4.31;4.31;200
20160122 143800;4.314;4.314;4.31;4.31;200
20160122 144000;4.3;4.3;4.3;4.3;500
20160122 145700;4.32;4.32;4.32;4.32;100
20160122 151500;4.3;4.3;4.3;4.3;300
20160122 152100;4.33;4.4;4.33;4.3982;1850
20160122 155300;4.35;4.35;4.35;4.35;100
20160122 155500;4.35;4.35;4.35;4.35;100
20160122 155600;4.35;4.35;4.35;4.35;100
20160122 155700;4.35;4.35;4.35;4.35;100
20160122 155800;4.35;4.35;4.35;4.35;100
20160122 160000;4.53;4.53;4.53;4.53;200
20160125 103700;4.68;4.68;4.68;4.68;100
20160125 105300;4.6;4.6;4.6;4.6;150
20160125 110400;4.406;4.406;4.406;4.406;1400
20160125 114600;4.39;4.4;4.39;4.39;409
20160125 134700;4.47;4.47;4.47;4.47;100
20160125 140200;4.39;4.39;4.3;4.3;1000
20160125 140300;4.4;4.4;4.4;4.4;100
20160125 140700;4.34;4.34;4.34;4.34;1500
20160125 145900;4.4;4.4;4.4;4.4;100
20160125 153100;4.31;4.32;4.31;4.32;300
20160125 153300;4.31;4.31;4.3;4.3001;829
20160125 154200;4.4;4.4;4.4;4.4;100
20160125 155600;4.39;4.4;4.39;4.4;977
20160125 155700;4.47;4.47;4.47;4.47;100
20160125 160000;4.41;4.46;4.41;4.46;819
20160126 131300;4.67;4.67;4.67;4.67;400
20160126 142100;4.6795;4.6795;4.6795;4.6795;100
20160126 144400;4.65;4.69;4.65;4.65;1656
20160126 144600;4.72;4.73;4.72;4.73;200
20160126 144700;4.74;4.74;4.74;4.74;100
20160126 145300;4.72;4.72;4.72;4.72;100
20160126 145400;4.72;4.72;4.72;4.72;100
20160126 145600;4.72;4.72;4.72;4.72;100
20160126 152500;4.72;4.72;4.71;4.71;200
20160126 154900;4.73;4.73;4.73;4.73;100
20160126 155000;4.76;4.8;4.76;4.8;1000
20160126 155100;4.73;4.73;4.73;4.73;200
20160126 160000;4.82;4.82;4.82;4.82;100
20160127 102300;4.73;4.73;4.73;4.73;100
20160127 102400;4.7;4.7;4.7;4.7;100
20160127 102500;4.7;4.7;4.7;4.7;100
20160127 102700;4.758;4.758;4.7101;4.72;300
20160127 103200;4.75;4.75;4.75;4.75;100
20160127 103500;4.76;4.76;4.76;4.76;318
20160127 104700;4.96;4.96;4.96;4.96;100
20160127 112400;4.9106;4.9106;4.9106;4.9106;500
20160127 122500;4.83;4.83;4.83;4.83;300
20160127 122700;4.7;4.7;4.62;4.62;800
20160127 122800;4.7099;4.7099;4.7;4.7;200
20160127 122900;4.72;4.72;4.72;4.72;300
20160127 123100;4.71;4.71;4.71;4.71;100
20160127 123200;4.8101;4.82;4.8101;4.82;900
20160127 123500;4.75;4.75;4.75;4.75;100
20160127 123600;4.75;4.75;4.75;4.75;200
20160127 123800;4.75;4.76;4.75;4.76;500
20160127 124100;4.8201;4.83;4.8201;4.83;900
20160127 124400;4.75;4.76;4.75;4.76;400
20160127 124500;4.76;4.76;4.76;4.76;300
20160127 130000;4.76;4.76;4.76;4.76;399
20160127 131600;4.68;4.68;4.68;4.68;100
20160127 133900;4.66;4.66;4.66;4.66;200
20160127 144100;4.64;4.64;4.62;4.6299;1100
20160127 145600;4.5623;4.5623;4.5623;4.5623;500
20160127 151800;4.4;4.41;4.4;4.4;1900
20160127 151900;4.409;4.409;4.4;4.4;600
20160127 160000;4.59;4.59;4.59;4.59;100
20160128 104000;4.49;4.49;4.49;4.49;100
20160128 104300;4.6184;4.6184;4.6184;4.6184;750
20160128 104400;4.58;4.58;4.58;4.58;100
20160128 104700;4.4895;4.4895;4.48;4.48;800
20160128 105200;4.565;4.565;4.565;4.565;100
20160128 105500;4.53;4.55;4.5;4.5;700
20160128 105700;4.48;4.48;4.47;4.47;200
20160128 105900;4.47;4.47;4.47;4.47;114
20160128 112100;4.4;4.4;4.4;4.4;100
20160128 115800;4.48;4.48;4.43;4.43;200
20160128 115900;4.41;4.41;4.4;4.4;200
20160128 120000;4.28;4.28;4.28;4.28;200
20160128 122500;4.62;4.62;4.62;4.62;100
20160128 123000;4.67;4.67;4.67;4.67;100
20160128 123200;4.71;4.71;4.69;4.69;200
20160128 123400;4.69;4.69;4.6;4.6;200
20160128 123800;4.7;4.7;4.7;4.7;200
20160128 123900;4.65;4.65;4.65;4.65;1100
20160128 124800;4.5;4.5;4.5;4.5;500
20160128 125500;4.53;4.61;4.53;4.61;200
20160128 125600;4.51;4.59;4.5;4.5;400
20160128 125700;4.5;4.5;4.5;4.5;100
20160128 130300;4.35;4.35;4.335;4.35;400
20160128 130800;4.54;4.54;4.54;4.54;100
20160128 131200;4.51;4.51;4.49;4.49;200
20160128 131300;4.5;4.5;4.5;4.5;100
20160128 131800;4.27;4.27;4.27;4.27;400
20160128 131900;4.3399;4.3399;4.33;4.33;200
20160128 132000;4.325;4.34;4.325;4.34;300
20160128 132100;4.3;4.3;4.3;4.3;175
20160128 132200;4.34;4.47;4.34;4.47;500
20160128 132300;4.54;4.54;4.54;4.54;200
20160128 132600;4.48;4.48;4.47;4.47;200
20160128 132700;4.44;4.5;4.44;4.5;1100
20160128 132900;4.48;4.48;4.48;4.48;100
20160128 133000;4.5;4.5;4.5;4.5;300
20160128 133500;4.47;4.47;4.47;4.47;100
20160128 133600;4.5;4.5;4.5;4.5;100
20160128 133700;4.42;4.42;4.21;4.21;400
20160128 133800;4.355;4.37;4.355;4.37;200
20160128 134000;4.48;4.48;4.48;4.48;100
20160128 135500;4.48;4.62;4.48;4.5;1763
20160128 135600;4.67;4.67;4.67;4.67;100
20160128 143500;4.35;4.35;4.35;4.35;100
20160128 143700;4.38;4.38;4.38;4.38;100
20160128 143900;4.36;4.36;4.36;4.36;100
20160128 144300;4.35;4.35;4.35;4.35;100
20160128 144700;4.42;4.42;4.42;4.42;200
20160128 144800;4.35;4.35;4.35;4.35;100
20160128 145300;4.45;4.45;4.45;4.45;100
20160128 145400;4.46;4.46;4.46;4.46;100
20160128 145600;4.44;4.44;4.44;4.44;262
20160128 150500;4.3;4.3;4.3;4.3;100
20160128 153200;4.29;4.29;4.29;4.29;100
20160128 154800;4.46;4.46;4.46;4.46;300
20160128 154900;4.28;4.28;4.28;4.28;100
20160128 155500;4.28;4.28;4.28;4.28;100
20160128 155900;4.29;4.29;4.29;4.29;100
20160128 160000;4.33;4.4;4.33;4.4;300
20160129 094500;4.8;4.8;4.8;4.8;100
20160129 094600;4.88;4.88;4.88;4.88;100
20160129 094800;4.51;4.51;4.5;4.5;400
20160129 094900;4.64;4.64;4.64;4.64;100
20160129 095000;4.51;4.51;4.51;4.51;100
20160129 095200;4.3;4.3;4.3;4.3;100
20160129 095300;4.42;4.4299;4.42;4.4299;200
20160129 095400;4.25;4.25;4.25;4.25;100
20160129 095500;4.4299;4.43;4.4299;4.43;400
20160129 095900;4.62;4.62;4.62;4.62;100
20160129 100100;4.49;4.49;4.49;4.49;100
20160129 100300;4.61;4.61;4.61;4.61;100
20160129 101100;4.475;4.475;4.475;4.475;100
20160129 101500;4.41;4.41;4.41;4.41;100
20160129 102000;4.48;4.48;4.48;4.48;100
20160129 102600;4.42;4.42;4.42;4.42;100
20160129 102900;4.43;4.4395;4.43;4.4395;200
20160129 110900;4.47;4.47;4.47;4.47;700
20160129 120400;4.5;4.5;4.5;4.5;100
20160129 141600;4.41;4.41;4.41;4.41;100
20160129 143200;4.4;4.4;4.4;4.4;400
20160129 151100;4.5;4.5;4.5;4.5;151
20160129 154500;4.5;4.5;4.5;4.5;100
20160129 154700;4.5;4.5;4.5;4.5;100
20160129 154900;4.5;4.5;4.5;4.5;100
20160129 155200;4.5;4.5;4.5;4.5;100
20160129 155300;4.5;4.5;4.5;4.5;100
20160129 155400;4.5;4.5;4.5;4.5;100
20160129 155600;4.5;4.5;4.495;4.5;1953
20160129 155700;4.5;4.5;4.5;4.5;100
20160129 155800;4.49;4.49;4.49;4.49;100
20160129 160000;4.36;4.36;4.36;4.36;638
20160201 093400;4.61;4.61;4.6001;4.6001;600
20160201 094500;4.5;4.5;4.5;4.5;314
20160201 095200;4.48;4.48;4.48;4.48;100
20160201 095400;4.45;4.45;4.45;4.45;100
20160201 100200;4.41;4.41;4.27;4.27;2445
20160201 101000;4.28;4.3;4.28;4.3;1948
20160201 101600;4.3;4.3;4.3;4.3;488
20160201 101700;4.3;4.3;4.3;4.3;1500
20160201 101800;4.44;4.44;4.44;4.44;100
20160201 114600;4.3;4.3;4.3;4.3;1000
20160201 114900;4.3;4.3;4.27;4.27;1400
20160201 115600;4.3;4.3;4.3;4.3;400
20160201 120600;4.22;4.22;4.22;4.22;100
20160201 122700;4.21;4.21;4.21;4.21;100
20160201 125200;4.21;4.2534;4.21;4.2534;2100
20160201 131400;4.3;4.3;4.3;4.3;300
20160201 135100;4.25;4.25;4.24;4.24;200
20160201 135700;4.25;4.25;4.25;4.25;100
20160201 140600;4.24;4.24;4.24;4.24;574
20160201 142900;4.2;4.2;4.2;4.2;700
20160201 150600;4.15;4.15;4.15;4.15;100
20160201 151200;4.13;4.13;4.13;4.13;400
20160201 151700;4.14;4.14;4.13;4.13;200
20160201 151800;4.14;4.14;4.13;4.13;200
20160201 152200;4.14;4.14;4.14;4.14;300
20160201 152500;4.31;4.31;4.135;4.135;1600
20160201 152600;4.14;4.145;4.14;4.145;400
20160201 152700;4.14;4.14;4.14;4.14;100
20160201 152800;4.15;4.15;4.14;4.15;4388
20160201 153700;4.3;4.4;4.27;4.3;5200
20160201 153800;4.35;4.35;4.35;4.35;200
20160201 153900;4.3;4.3;4.3;4.3;200
20160201 154100;4.32;4.32;4.32;4.32;100
20160201 155200;4.255;4.26;4.255;4.26;700
20160201 155300;4.25;4.25;4.25;4.25;100
20160201 155700;4.16;4.16;4.16;4.16;100
20160201 160000;4.23;4.24;4.225;4.24;700
20160202 093200;4.17;4.17;4.17;4.17;1500
20160202 093300;4.34;4.34;4.34;4.34;100
20160202 093400;4.33;4.33;4.33;4.33;100
20160202 093600;4.22;4.23;4.22;4.22;500
20160202 093700;4.21;4.21;4.2001;4.2001;200
20160202 105700;4.11;4.11;4.11;4.11;100
20160202 112800;4.16;4.16;4.16;4.16;398
20160202 145200;4.11;4.11;4.11;4.11;150
20160202 151000;4.11;4.11;4.11;4.11;100
20160202 151800;4.11;4.11;4.11;4.11;100
20160202 152600;4.01;4.01;4;4;9731
20160202 153100;4.12;4.12;4.12;4.12;100
20160202 154500;4.1189;4.1189;4.1189;4.1189;250
20160202 155300;4.1;4.1;4.1;4.1;100
20160202 155400;4.01;4.01;4.01;4.01;100
20160202 155600;4.1;4.1;4.1;4.1;100
20160202 155700;4.1;4.1;4.1;4.1;400
20160202 155800;4.01;4.01;4.01;4.01;100
20160202 160000;4.01;4.08;4.01;4.08;400
20160203 125200;4.04;4.04;4;4;350
20160203 131200;4.06;4.06;4.06;4.06;100
20160203 131400;4.055;4.0589;4.055;4.0589;400
20160203 131500;4.05;4.05;4.05;4.05;400
20160203 132800;4.01;4.01;4.01;4.01;347
20160203 141300;4.01;4.01;4.01;4.01;100
20160203 142600;4.08;4.08;4.08;4.08;200
20160203 143200;4.08;4.09;4.08;4.09;400
20160203 145600;4.055;4.1;4.055;4.1;1200
20160203 145700;4.1;4.1;4.1;4.1;300
20160203 150800;4.05;4.05;4.05;4.05;100
20160203 151300;4.1001;4.1001;4.1001;4.1001;1000
20160203 151400;4.1;4.1;4.1;4.1;1000
20160203 152100;4.1;4.1;4.1;4.1;139
20160203 153300;4.03;4.03;4.03;4.03;100
20160203 153400;4.19;4.2;4.19;4.2;800
20160203 153500;4.2;4.2;4.2;4.2;200
20160203 153700;4.1999;4.21;4.1999;4.2;1935
20160203 154400;4.22;4.22;4.22;4.22;4866
20160203 155000;4.12;4.12;4.111;4.114;836
20160203 155100;4.11;4.11;4.11;4.11;100
20160203 155900;4.11;4.11;4.11;4.11;100
20160203 160000;4.1;4.2;4.1;4.2;500
20160204 102300;4.21;4.21;4.21;4.21;100
20160204 103700;4.25;4.25;4.1964;4.1964;1500
20160204 111200;4.25;4.25;4.25;4.25;300
20160204 113300;4.24;4.25;4.16;4.2399;1947
20160204 114500;4.2;4.2;4.2;4.2;1000
20160204 115200;4.2001;4.2001;4.2001;4.2001;100
20160204 115300;4.2001;4.2001;4.2;4.2001;1400
20160204 115400;4.2;4.2001;4.2;4.2;1000
20160204 115500;4.2;4.2;4.2;4.2;1000
20160204 115700;4.2001;4.2001;4.2001;4.2001;500
20160204 115800;4.2;4.2;4.2;4.2;1200
20160204 120500;4.21;4.21;4.21;4.21;850
20160204 122600;4.21;4.21;4.21;4.21;100
20160204 123400;4.21;4.21;4.21;4.21;646
20160204 131700;4.21;4.21;4.21;4.21;100
20160204 132000;4.25;4.25;4.25;4.25;500
20160204 141200;4.23;4.23;4.23;4.23;100
20160204 142900;4.23;4.23;4.23;4.23;504
20160204 150200;4.21;4.21;4.21;4.21;100
20160204 151500;4.21;4.21;4.21;4.21;100
20160204 152200;4.25;4.25;4.25;4.25;300
20160204 153800;4.21;4.21;4.21;4.21;100
20160204 155500;4.21;4.21;4.21;4.21;100
20160204 155600;4.24;4.24;4.24;4.24;100
20160204 155800;4.2;4.2;4.2;4.2;100
20160204 160000;4.24;4.24;4.24;4.24;300
20160204 160100;4.25;4.25;4.25;4.25;1900
20160205 095200;4.2;4.2;4.2;4.2;1800
20160205 102500;4.2;4.2;4.2;4.2;1000
20160205 102600;4.19;4.19;4.19;4.19;200
20160205 104000;4.2;4.2;4.2;4.2;192
20160205 111000;4.2;4.2;4.2;4.2;100
20160205 122500;4.19;4.19;4.19;4.19;100
20160205 122700;4.19;4.19;4.19;4.19;100
20160205 122800;4.19;4.19;4.19;4.19;100
20160205 122900;4.19;4.19;4.19;4.19;100
20160205 125200;4.2;4.2;4.2;4.2;100
20160205 154000;4.09;4.09;4.09;4.09;100
20160205 154900;4.06;4.06;4.06;4.06;100
20160205 155900;4.34;4.38;4.34;4.36;633
20160205 160000;4.31;4.35;4.31;4.35;500
