20160119 093400;35.76;35.76;35.76;35.76;200
20160119 093600;35.52;35.52;35.52;35.52;200
20160119 093700;35.52;35.52;35.52;35.52;100
20160119 093900;35.71;35.71;35.71;35.71;100
20160119 094000;35.74;35.74;35.39;35.39;200
20160119 094400;35.31;35.31;35.31;35.31;100
20160119 094700;35.68;35.68;35.68;35.68;100
20160119 095100;35.31;35.31;35.31;35.31;100
20160119 095500;35.42;35.42;35.42;35.42;400
20160119 095600;35.33;35.33;35.33;35.33;100
20160119 100500;35.31;35.31;35.31;35.31;100
20160119 101200;35.52;35.52;35.52;35.52;100
20160119 102200;35.5698;35.5698;35.5698;35.5698;130
20160119 102900;35.65;35.65;35.55;35.55;600
20160119 103600;35.57;35.57;35.57;35.57;100
20160119 103900;35.6;35.6;35.345;35.345;200
20160119 104000;35.32;35.32;35.32;35.32;100
20160119 104100;35.28;35.39;35.28;35.29;872
20160119 104600;35.34;35.34;35.34;35.34;200
20160119 104900;35.48;35.48;35.48;35.48;100
20160119 105100;35.5576;35.5576;35.53;35.53;253
20160119 105600;35.3035;35.3035;35.3035;35.3035;812
20160119 110400;35.4;35.4;35.31;35.31;300
20160119 110900;35.24;35.24;35.24;35.24;200
20160119 112000;35.22;35.22;35.22;35.22;100
20160119 114200;35.33;35.33;35.27;35.28;300
20160119 115700;35.36;35.51;35.34;35.34;500
20160119 115900;35.33;35.33;35.33;35.33;100
20160119 120500;35.185;35.185;35.185;35.185;239
20160119 121900;35.2;35.2;34.83;34.83;500
20160119 122900;34.97;34.97;34.94;34.94;200
20160119 123100;34.95;35.11;34.95;35.11;200
20160119 125100;35.06;35.06;35.06;35.06;100
20160119 130100;35.15;35.15;35.15;35.15;300
20160119 131000;35.19;35.19;35.19;35.19;100
20160119 131500;35.23;35.23;35.23;35.23;100
20160119 132300;35.21;35.21;35.2;35.2;200
20160119 133000;34.94;34.94;34.94;34.94;100
20160119 133100;35.035;35.035;34.955;34.955;234
20160119 133500;35;35;35;35;100
20160119 134000;35;35;34.92;34.92;200
20160119 134600;34.9;34.9;34.9;34.9;100
20160119 135000;34.96;34.96;34.74;34.74;300
20160119 135400;34.84;34.84;34.84;34.84;100
20160119 135500;34.67;34.67;34.67;34.67;100
20160119 140400;35.03;35.03;35.03;35.03;100
20160119 140500;34.94;34.94;34.88;34.88;200
20160119 141000;34.89;34.89;34.89;34.89;100
20160119 141300;34.93;34.93;34.93;34.93;100
20160119 141500;34.75;34.75;34.575;34.575;400
20160119 141700;34.61;34.61;34.61;34.61;100
20160119 141900;34.6921;34.6921;34.6921;34.6921;111
20160119 142000;34.78;34.78;34.78;34.78;250
20160119 142300;34.63;34.63;34.63;34.63;400
20160119 142500;34.62;34.62;34.62;34.62;100
20160119 142800;34.65;34.65;34.64;34.64;200
20160119 143500;34.76;34.76;34.76;34.76;100
20160119 143800;34.61;34.61;34.56;34.56;555
20160119 144500;34.27;34.27;34.27;34.27;100
20160119 145000;34.33;34.33;34.33;34.33;100
20160119 145500;34.35;34.35;34.35;34.35;200
20160119 145800;34.51;34.51;34.46;34.46;500
20160119 150300;34.455;34.58;34.455;34.58;200
20160119 150500;34.49;34.6;34.49;34.6;559
20160119 151200;34.53;34.53;34.53;34.53;100
20160119 151400;34.65;34.65;34.65;34.65;100
20160119 151500;34.53;34.53;34.53;34.53;100
20160119 151600;34.59;34.59;34.46;34.46;200
20160119 151700;34.58;34.61;34.48;34.61;400
20160119 152100;34.5;34.5;34.32;34.32;800
20160119 152200;34.44;34.44;34.44;34.44;100
20160119 152300;34.47;34.48;34.43;34.43;400
20160119 152400;34.48;34.61;34.42;34.42;864
20160119 152500;34.46;34.46;34.46;34.46;100
20160119 152600;34.61;34.61;34.61;34.61;100
20160119 152700;34.68;34.68;34.68;34.68;100
20160119 152800;34.73;34.88;34.73;34.88;200
20160119 153000;34.77;34.77;34.77;34.77;100
20160119 153100;34.79;34.79;34.79;34.79;500
20160119 153500;34.73;34.73;34.73;34.73;100
20160119 153800;34.74;34.74;34.69;34.69;400
20160119 154000;34.54;34.56;34.54;34.56;200
20160119 154100;34.58;34.58;34.49;34.49;700
20160119 154500;34.57;34.74;34.57;34.74;600
20160119 154800;34.75;34.76;34.75;34.76;200
20160119 155000;34.75;34.75;34.75;34.75;100
20160119 155400;34.75;34.77;34.75;34.77;300
20160119 155500;34.67;34.75;34.67;34.75;300
20160119 155600;34.68;34.68;34.68;34.68;100
20160119 155700;34.79;34.79;34.79;34.79;100
20160119 155800;34.68;34.68;34.68;34.68;100
20160119 155900;34.67;34.67;34.67;34.67;100
20160119 160000;34.63;34.68;34.6;34.66;900
20160119 160300;34.68;34.68;34.68;34.68;1443
20160120 094600;34.24;34.24;34.24;34.24;200
20160120 094700;34.14;34.14;34.14;34.14;202
20160120 094800;34.07;34.07;34.07;34.07;100
20160120 095000;34.16;34.16;34.1;34.15;500
20160120 095100;33.99;33.99;33.99;33.99;100
20160120 095200;34.14;34.14;34.14;34.14;100
20160120 095400;34.16;34.16;34.15;34.15;200
20160120 095800;34.04;34.04;34.04;34.04;200
20160120 095900;33.91;34.11;33.9;34.11;400
20160120 100400;34.25;34.25;34.25;34.25;100
20160120 100800;34.28;34.28;34.08;34.23;600
20160120 101300;34.1;34.1;33.94;33.965;700
20160120 101400;33.98;34.06;33.98;34.06;200
20160120 101700;34.09;34.1;34.09;34.1;300
20160120 101800;34.1;34.1;33.925;33.925;200
20160120 102000;34.06;34.06;34.06;34.06;100
20160120 102600;34.1;34.11;33.95;34.1;800
20160120 103000;34.07;34.08;33.99;34.08;400
20160120 103700;33.81;33.96;33.81;33.96;300
20160120 104600;33.88;33.88;33.88;33.88;100
20160120 105000;33.82;33.82;33.8;33.8;300
20160120 105700;33.73;33.73;33.73;33.73;100
20160120 110200;33.71;33.73;33.675;33.72;400
20160120 110300;33.86;33.87;33.65;33.87;300
20160120 110500;33.9;33.9;33.825;33.825;200
20160120 110900;33.99;33.99;33.99;33.99;100
20160120 111000;34.1;34.1;34.1;34.1;115
20160120 111300;34.02;34.02;34.02;34.02;100
20160120 111900;34.08;34.08;33.98;34.02;774
20160120 112300;34.0803;34.0803;34.0803;34.0803;100
20160120 112600;34.0903;34.0903;33.98;33.98;510
20160120 112700;34.13;34.13;34.01;34.02;500
20160120 112800;34.01;34.01;34.01;34.01;100
20160120 113400;34.03;34.03;34.03;34.03;100
20160120 113900;33.95;33.95;33.95;33.95;100
20160120 114500;33.9;33.9;33.9;33.9;100
20160120 115100;33.86;33.86;33.735;33.735;200
20160120 115400;33.92;33.92;33.71;33.71;200
20160120 115500;33.775;33.83;33.7703;33.7703;300
20160120 115900;33.76;33.85;33.76;33.85;200
20160120 120300;33.74;33.76;33.74;33.76;200
20160120 120700;33.71;33.71;33.71;33.71;100
20160120 121200;33.77;33.78;33.7;33.78;600
20160120 121300;33.77;33.82;33.65;33.65;1004
20160120 121400;33.62;33.83;33.62;33.83;200
20160120 121500;33.7;33.7;33.57;33.57;400
20160120 121700;33.69;33.69;33.51;33.51;200
20160120 121900;33.71;33.72;33.63;33.63;500
20160120 122100;33.725;33.725;33.725;33.725;100
20160120 122200;33.5801;33.5801;33.5801;33.5801;100
20160120 122500;33.54;33.54;33.54;33.54;100
20160120 122800;33.51;33.51;33.42;33.42;200
20160120 123400;33.52;33.52;33.52;33.52;100
20160120 124300;33.38;33.67;33.38;33.67;300
20160120 124400;33.49;33.49;33.49;33.49;100
20160120 124500;33.52;33.52;33.52;33.52;100
20160120 124900;33.57;33.57;33.47;33.47;200
20160120 125400;33.68;33.68;33.68;33.68;100
20160120 125500;33.79;33.79;33.79;33.79;100
20160120 125600;33.8;33.8;33.8;33.8;200
20160120 125700;33.79;33.87;33.79;33.84;500
20160120 125800;33.895;33.895;33.74;33.76;1500
20160120 130200;33.88;33.88;33.73;33.73;400
20160120 130300;33.65;33.65;33.65;33.65;100
20160120 130400;33.685;33.76;33.685;33.71;1400
20160120 130500;33.7;33.72;33.69;33.69;800
20160120 130600;33.67;33.73;33.67;33.68;400
20160120 130700;33.69;33.7;33.63;33.69;600
20160120 130800;33.71;33.73;33.67;33.7;600
20160120 130900;33.73;33.73;33.66;33.66;300
20160120 131000;33.81;33.81;33.81;33.81;100
20160120 131800;33.74;33.74;33.71;33.74;300
20160120 132500;33.81;33.81;33.81;33.81;100
20160120 133000;33.99;33.99;33.72;33.72;2700
20160120 133300;33.8;33.8;33.8;33.8;100
20160120 133700;33.92;33.92;33.92;33.92;100
20160120 133900;33.885;33.885;33.84;33.84;1090
20160120 134000;34.07;34.07;34.07;34.07;100
20160120 134700;34.21;34.21;34.21;34.21;100
20160120 140600;34.14;34.14;34.14;34.14;200
20160120 141300;34.41;34.42;34.18;34.42;600
20160120 143200;34.49;34.49;34.235;34.4;500
20160120 144700;34.5;34.5;34.5;34.5;100
20160120 145000;34.37;34.37;34.37;34.37;100
20160120 145200;34.53;34.53;34.53;34.53;100
20160120 145300;34.54;34.66;34.5;34.5;400
20160120 145700;34.7;34.7;34.7;34.7;190
20160120 150500;34.66;34.66;34.59;34.66;400
20160120 150700;34.72;34.73;34.72;34.73;300
20160120 150900;34.7657;34.7657;34.7657;34.7657;245
20160120 151800;34.98;34.98;34.98;34.98;100
20160120 151900;35.06;35.06;34.925;34.925;584
20160120 152300;35.11;35.11;35.06;35.06;300
20160120 152500;35.11;35.11;35.11;35.11;100
20160120 152900;35;35;35;35;100
20160120 153000;35;35;35;35;100
20160120 153100;35.04;35.13;34.93;34.93;1200
20160120 153400;35.02;35.02;35.02;35.02;200
20160120 153500;34.97;34.97;34.97;34.97;100
20160120 153700;35.02;35.02;35.02;35.02;100
20160120 153800;35.04;35.06;34.885;35.06;300
20160120 154200;35.1;35.1;34.675;35.01;5158
20160120 154300;35.11;35.11;34.91;34.99;2300
20160120 154400;35.02;35.1;35.005;35.005;400
20160120 154700;35;35;34.98;34.98;463
20160120 155000;34.825;34.96;34.825;34.96;200
20160120 155200;35;35;35;35;100
20160120 155500;35.085;35.17;35.085;35.17;200
20160120 155600;35.01;35.12;35;35.12;600
20160120 155800;35;35.1;35;35.1;300
20160120 155900;35.02;35.13;35.01;35.07;1599
20160120 160000;35.07;35.07;35.05;35.0599;300
20160121 090600;35.06;35.06;35.06;35.06;629
20160121 093500;35.08;35.08;35.08;35.08;200
20160121 093600;34.92;34.92;34.92;34.92;100
20160121 093900;35.03;35.03;35.03;35.03;100
20160121 095900;34.96;34.96;34.96;34.96;100
20160121 100700;35.05;35.15;34.89;35.15;400
20160121 100800;35.2;35.2;35.03;35.03;600
20160121 100900;34.96;35.01;34.78;34.78;400
20160121 101700;34.9043;34.9043;34.9043;34.9043;230
20160121 102900;34.99;34.99;34.99;34.99;100
20160121 103100;34.94;34.94;34.84;34.84;200
20160121 103200;34.95;34.95;34.95;34.95;100
20160121 104200;34.87;34.87;34.87;34.87;700
20160121 105000;34.95;34.95;34.615;34.615;300
20160121 105100;35.01;35.01;35;35;200
20160121 111000;35.095;35.095;35.095;35.095;100
20160121 111200;35.02;35.09;34.7;34.7;300
20160121 111900;34.9;34.9;34.9;34.9;100
20160121 112200;34.97;34.97;34.97;34.97;100
20160121 113100;34.7;34.7;34.7;34.7;100
20160121 113500;34.777;34.777;34.777;34.777;300
20160121 113700;34.77;34.77;34.77;34.77;100
20160121 113800;34.81;34.81;34.81;34.81;100
20160121 113900;34.9;34.9;34.86;34.86;200
20160121 115700;35.04;35.04;35.04;35.04;100
20160121 120200;35.2;35.2;35.16;35.16;200
20160121 120800;35.15;35.15;35.14;35.14;200
20160121 120900;35.14;35.14;35.14;35.14;100
20160121 122200;35.15;35.15;35.15;35.15;200
20160121 122500;35.15;35.15;35.1;35.1;300
20160121 123100;34.98;34.98;34.98;34.98;100
20160121 123700;35.12;35.12;34.96;35.06;300
20160121 124600;35.24;35.25;35.01;35.23;1100
20160121 124800;35.23;35.23;35.23;35.23;100
20160121 125500;35.09;35.21;35.09;35.21;1200
20160121 130100;35;35;35;35;100
20160121 131900;35;35.05;34.99;34.99;1400
20160121 132000;34.99;34.99;34.99;34.99;100
20160121 132700;34.82;34.82;34.82;34.82;100
20160121 133100;34.88;34.91;34.88;34.91;200
20160121 133500;34.76;34.77;34.75;34.75;405
20160121 133900;34.88;34.88;34.88;34.88;100
20160121 134900;35.11;35.13;35.11;35.13;200
20160121 135300;35.01;35.01;35.01;35.01;200
20160121 135400;34.82;34.92;34.82;34.86;1900
20160121 135500;34.87;34.87;34.87;34.87;1695
20160121 135700;34.9;34.9;34.9;34.9;100
20160121 140700;35.03;35.03;35.03;35.03;177
20160121 141200;34.84;34.84;34.655;34.655;200
20160121 142100;34.665;34.665;34.665;34.665;100
20160121 142700;34.58;34.58;34.58;34.58;100
20160121 142800;34.64;34.64;34.495;34.495;200
20160121 143000;34.55;34.55;34.55;34.55;100
20160121 143100;34.58;34.62;34.58;34.62;400
20160121 143800;34.73;34.73;34.66;34.66;200
20160121 144800;34.6;34.6;34.6;34.6;100
20160121 145200;34.68;34.68;34.68;34.68;200
20160121 145500;34.82;34.82;34.82;34.82;100
20160121 145700;34.86;34.94;34.86;34.94;200
20160121 150400;34.755;34.755;34.755;34.755;100
20160121 150600;34.78;34.78;34.61;34.61;300
20160121 151300;34.72;34.72;34.72;34.72;200
20160121 151900;34.69;34.7;34.69;34.7;200
20160121 152000;34.72;34.72;34.72;34.72;100
20160121 152900;34.71;34.71;34.71;34.71;100
20160121 153000;34.635;34.635;34.635;34.635;100
20160121 153300;34.8;34.81;34.8;34.81;200
20160121 154500;34.78;34.78;34.78;34.78;100
20160121 154600;34.77;34.77;34.77;34.77;200
20160121 154800;34.82;34.82;34.82;34.82;100
20160121 154900;34.82;34.82;34.82;34.82;156
20160121 155000;34.83;34.83;34.73;34.74;500
20160121 155300;34.74;34.74;34.73;34.74;300
20160121 155400;34.74;34.74;34.74;34.74;200
20160121 155700;34.75;34.75;34.73;34.75;627
20160121 155800;34.75;34.75;34.67;34.75;1092
20160121 155900;34.75;34.75;34.71;34.71;400
20160121 160000;34.71;34.72;34.61;34.61;900
20160121 160500;34.65;34.65;34.65;34.65;3300
20160122 094300;35.2;35.26;35.2;35.26;1500
20160122 095000;35.2;35.2;35.2;35.2;100
20160122 095100;35.45;35.45;35.45;35.45;100
20160122 095600;35.43;35.47;35.43;35.47;200
20160122 100900;35.42;35.42;35.42;35.42;400
20160122 101500;35.47;35.47;35.3991;35.3991;500
20160122 101700;35.4;35.4;35.4;35.4;100
20160122 101900;35.38;35.38;35.38;35.38;100
20160122 103700;35.19;35.19;35.14;35.14;300
20160122 104200;35;35;35;35;100
20160122 104600;35.01;35.01;35.01;35.01;100
20160122 105700;34.59;34.615;34.59;34.615;200
20160122 111200;34.59;34.59;34.59;34.59;100
20160122 112200;34.7;34.7;34.7;34.7;100
20160122 112700;34.67;34.67;34.67;34.67;100
20160122 113200;34.84;34.84;34.84;34.84;100
20160122 113500;34.71;34.71;34.71;34.71;100
20160122 113700;34.79;34.79;34.78;34.78;300
20160122 114000;34.59;34.59;34.59;34.59;100
20160122 114300;34.59;34.59;34.59;34.59;100
20160122 115400;34.66;34.66;34.66;34.66;100
20160122 115800;34.69;34.69;34.69;34.69;200
20160122 120400;34.6;34.6;34.6;34.6;100
20160122 120700;34.7;34.7;34.7;34.7;100
20160122 123100;35.02;35.02;35.02;35.02;100
20160122 123900;34.9535;34.9535;34.9535;34.9535;103
20160122 124000;34.84;34.84;34.84;34.84;100
20160122 124700;34.82;34.82;34.82;34.82;100
20160122 124800;34.78;34.78;34.78;34.78;100
20160122 125200;34.78;34.78;34.78;34.78;100
20160122 130700;34.77;34.8;34.53;34.53;1300
20160122 131000;34.48;34.48;34.37;34.37;200
20160122 131300;34.4896;34.4896;34.4896;34.4896;300
20160122 132800;34.571;34.571;34.4;34.4;300
20160122 134800;34.842;34.842;34.82;34.82;675
20160122 135300;35;35;34.85;34.85;200
20160122 140400;35.07;35.07;35.07;35.07;100
20160122 140600;34.89;34.89;34.89;34.89;100
20160122 140700;34.87;34.87;34.86;34.86;487
20160122 141900;34.9;34.9;34.9;34.9;100
20160122 142500;34.84;34.84;34.84;34.84;100
20160122 143000;34.73;34.73;34.73;34.73;200
20160122 143100;34.62;34.62;34.62;34.62;100
20160122 143300;34.63;34.63;34.63;34.63;100
20160122 143500;34.76;34.76;34.76;34.76;100
20160122 143900;34.7;34.7;34.7;34.7;100
20160122 144100;34.78;34.78;34.78;34.78;100
20160122 144700;34.83;34.83;34.83;34.83;100
20160122 144800;34.86;34.86;34.86;34.86;100
20160122 144900;34.9;34.9;34.9;34.9;100
20160122 145400;34.96;34.96;34.96;34.96;200
20160122 150000;35.12;35.12;35.12;35.12;100
20160122 150800;34.98;34.98;34.87;34.87;636
20160122 151000;34.91;34.91;34.91;34.91;100
20160122 151100;34.79;34.79;34.79;34.79;100
20160122 152900;34.85;34.85;34.85;34.85;100
20160122 153300;34.81;34.81;34.81;34.81;100
20160122 153400;34.78;34.78;34.78;34.78;100
20160122 153800;34.81;34.81;34.81;34.81;100
20160122 154000;34.76;34.8044;34.76;34.8044;200
20160122 154300;34.75;34.75;34.72;34.72;443
20160122 154600;34.76;34.76;34.75;34.75;200
20160122 154900;34.87;34.87;34.87;34.87;100
20160122 155000;34.8;35;34.8;35;800
20160122 155100;35;35;34.85;34.905;2000
20160122 155200;34.93;35;34.93;34.98;1000
20160122 155300;34.98;34.98;34.97;34.97;400
20160122 155400;35;35;34.92;34.93;300
20160122 155500;35.04;35.04;35.04;35.04;100
20160122 155600;35;35;34.99;34.99;300
20160122 155700;34.98;35;34.93;34.99;2616
20160122 155800;34.98;34.98;34.9;34.9;300
20160122 155900;34.98;34.98;34.89;34.95;668
20160122 162600;34.96;34.96;34.96;34.96;1056
20160125 094400;34.95;34.95;34.95;34.95;100
20160125 094700;34.855;34.855;34.78;34.78;200
20160125 095100;34.94;34.94;34.94;34.94;100
20160125 095600;34.91;34.91;34.91;34.91;100
20160125 095800;34.88;34.88;34.87;34.87;200
20160125 100000;34.87;34.87;34.87;34.87;100
20160125 100100;34.85;34.85;34.85;34.85;100
20160125 101000;34.85;34.865;34.85;34.865;400
20160125 101100;34.68;34.68;34.68;34.68;100
20160125 102200;35.02;35.02;35.02;35.02;100
20160125 103600;34.852;34.852;34.852;34.852;186
20160125 103800;34.85;34.85;34.85;34.85;100
20160125 104000;34.87;34.87;34.86;34.87;400
20160125 104200;34.91;34.91;34.91;34.91;100
20160125 105200;34.85;34.85;34.85;34.85;100
20160125 110400;34.74;34.74;34.74;34.74;100
20160125 110500;34.769;34.82;34.769;34.82;200
20160125 110700;34.75;34.75;34.75;34.75;100
20160125 112200;34.62;34.62;34.62;34.62;200
20160125 112300;34.71;34.71;34.71;34.71;100
20160125 112700;34.77;34.77;34.77;34.77;100
20160125 112900;34.72;34.72;34.72;34.72;100
20160125 114200;34.64;34.64;34.64;34.64;100
20160125 114800;34.76;34.76;34.62;34.62;300
20160125 115400;34.69;34.69;34.69;34.69;100
20160125 115500;34.6906;34.755;34.6906;34.755;843
20160125 115700;34.71;34.71;34.71;34.71;100
20160125 115800;34.85;34.85;34.85;34.85;100
20160125 120100;34.65;34.65;34.64;34.64;200
20160125 120700;34.66;34.66;34.64;34.64;200
20160125 121500;34.645;34.645;34.59;34.59;200
20160125 121600;34.64;34.71;34.64;34.71;500
20160125 121700;34.72;34.72;34.7;34.7;600
20160125 121800;34.71;34.76;34.71;34.76;400
20160125 121900;34.72;34.72;34.7;34.7;1097
20160125 122000;34.68;34.82;34.64;34.73;800
20160125 122100;34.7;34.76;34.7;34.76;200
20160125 122300;34.66;34.66;34.66;34.66;100
20160125 122400;34.56;34.6;34.56;34.6;200
20160125 122600;34.54;34.54;34.54;34.54;100
20160125 122700;34.5;34.5;34.5;34.5;200
20160125 122900;34.55;34.55;34.55;34.55;100
20160125 123000;34.35;34.35;34.35;34.35;100
20160125 123100;34.25;34.25;34.25;34.25;100
20160125 123200;34.2;34.2;34.2;34.2;100
20160125 123300;34.31;34.32;34.3;34.3;400
20160125 123400;34.42;34.42;34.42;34.42;100
20160125 123500;34.5;34.56;34.5;34.56;200
20160125 123600;34.57;34.57;34.5;34.5;400
20160125 123700;34.48;34.48;34.42;34.42;500
20160125 123800;34.42;34.42;34.42;34.42;700
20160125 123900;34.44;34.44;34.44;34.44;100
20160125 124000;34.35;34.5;34.35;34.5;2147
20160125 124500;34.55;34.55;34.55;34.55;473
20160125 124600;34.43;34.43;34.43;34.43;100
20160125 124700;34.49;34.5;34.4;34.5;930
20160125 124800;34.5;34.53;34.5;34.53;300
20160125 125300;34.47;34.47;34.47;34.47;100
20160125 125400;34.4;34.5;34.4;34.45;505
20160125 125500;34.45;34.46;34.42;34.42;1000
20160125 125600;34.45;34.45;34.45;34.45;343
20160125 125800;34.51;34.58;34.51;34.58;1114
20160125 125900;34.57;34.6;34.57;34.6;700
20160125 130000;34.6;34.6;34.6;34.6;100
20160125 130100;34.73;34.73;34.73;34.73;100
20160125 131500;34.82;34.82;34.82;34.82;100
20160125 132700;34.84;34.84;34.84;34.84;100
20160125 134700;34.7;34.7;34.65;34.65;200
20160125 134800;34.66;34.68;34.6;34.6;600
20160125 134900;34.69;34.73;34.68;34.7;1300
20160125 135300;34.75;34.75;34.75;34.75;100
20160125 135400;34.72;34.72;34.72;34.72;100
20160125 135900;34.78;34.78;34.78;34.78;100
20160125 140800;34.585;34.585;34.585;34.585;100
20160125 141500;34.48;34.64;34.48;34.64;300
20160125 141700;34.62;34.62;34.62;34.62;100
20160125 142000;34.63;34.63;34.63;34.63;100
20160125 143600;34.79;34.79;34.79;34.79;100
20160125 143800;34.83;34.83;34.83;34.83;100
20160125 145000;34.71;34.71;34.7;34.7;3564
20160125 145100;34.71;34.71;34.71;34.71;100
20160125 145200;34.71;34.71;34.71;34.71;300
20160125 145400;34.83;34.83;34.83;34.83;100
20160125 145900;34.84;34.84;34.84;34.84;200
20160125 150800;34.94;34.94;34.94;34.94;100
20160125 151600;34.87;34.87;34.87;34.87;100
20160125 152300;34.88;34.88;34.88;34.88;100
20160125 152400;34.72;34.72;34.72;34.72;100
20160125 153100;34.72;34.72;34.72;34.72;100
20160125 153300;34.71;34.71;34.71;34.71;100
20160125 153400;34.83;34.83;34.83;34.83;100
20160125 153600;34.81;34.81;34.81;34.81;100
20160125 154200;34.72;34.72;34.72;34.72;100
20160125 154500;34.71;34.71;34.7;34.7;370
20160125 154600;34.7;34.71;34.7;34.71;300
20160125 154700;34.7;34.7;34.7;34.7;272
20160125 154800;34.7;34.71;34.7;34.71;500
20160125 155000;34.7;34.75;34.7;34.75;1100
20160125 155300;34.8;34.8;34.8;34.8;100
20160125 155700;34.7;34.7;34.7;34.7;200
20160125 155800;34.71;34.71;34.71;34.71;300
20160125 155900;34.71;34.74;34.7;34.71;500
20160125 160000;34.74;34.82;34.71;34.82;722
20160126 093300;34.53;34.53;34.53;34.53;100
20160126 093400;35.12;35.12;35.12;35.12;100
20160126 093900;35.1;35.1;35.1;35.1;100
20160126 101300;35.27;35.54;35.27;35.54;500
20160126 101400;35.56;35.56;35.56;35.56;100
20160126 102600;35.56;35.63;35.56;35.63;400
20160126 102800;35.46;35.46;35.46;35.46;100
20160126 104000;35.55;35.55;35.55;35.55;100
20160126 104200;35.56;35.71;35.56;35.71;522
20160126 104300;35.69;35.72;35.69;35.72;200
20160126 104400;35.74;35.74;35.74;35.74;100
20160126 105100;35.7;35.7;35.66;35.66;400
20160126 105300;35.66;35.66;35.66;35.66;1000
20160126 105400;35.61;35.61;35.61;35.61;200
20160126 105500;35.69;35.69;35.5;35.64;2900
20160126 105600;35.64;35.64;35.64;35.64;100
20160126 110000;35.65;35.66;35.64;35.64;400
20160126 110100;35.6503;35.66;35.6;35.66;1400
20160126 110200;35.66;35.66;35.57;35.57;200
20160126 110700;35.76;35.76;35.66;35.72;1100
20160126 110800;35.76;35.76;35.76;35.76;100
20160126 111500;35.78;35.78;35.77;35.78;800
20160126 111600;35.83;35.83;35.83;35.83;300
20160126 111700;35.92;35.92;35.92;35.92;100
20160126 113100;35.93;35.93;35.93;35.93;100
20160126 113900;35.96;35.96;35.86;35.94;500
20160126 114400;35.99;35.99;35.99;35.99;200
20160126 114600;35.97;35.97;35.97;35.97;100
20160126 114700;35.97;35.97;35.97;35.97;200
20160126 114900;35.96;35.96;35.96;35.96;400
20160126 115000;35.99;36.01;35.99;36.01;600
20160126 115500;36.14;36.2;36.12;36.2;500
20160126 115600;36.16;36.23;36.16;36.23;200
20160126 120500;36.23;36.23;36.23;36.23;300
20160126 120600;36.23;36.32;36.23;36.32;300
20160126 121400;36.32;36.32;36.32;36.32;100
20160126 122100;36.286;36.38;36.286;36.38;200
20160126 123500;36.4599;36.4599;36.4599;36.4599;1000
20160126 123600;36.43;36.43;36.43;36.43;200
20160126 123800;36.47;36.48;36.47;36.48;298
20160126 123900;36.48;36.48;36.47;36.48;500
20160126 124600;36.39;36.39;36.39;36.39;100
20160126 125700;36.26;36.26;36.26;36.26;100
20160126 130700;36.26;36.26;36.23;36.23;200
20160126 132600;36.35;36.35;36.35;36.35;394
20160126 132700;36.51;36.51;36.51;36.51;100
20160126 132900;36.55;36.64;36.51;36.64;1500
20160126 133000;36.62;36.7;36.61;36.69;400
20160126 134000;36.43;36.43;36.41;36.41;200
20160126 134100;36.42;36.45;36.42;36.45;200
20160126 135100;36.08;36.08;36.08;36.08;100
20160126 135500;36.28;36.28;36.28;36.28;100
20160126 140800;36.25;36.25;36.25;36.25;100
20160126 140900;36.32;36.34;36.32;36.34;500
20160126 141000;36.51;36.51;36.51;36.51;100
20160126 142500;36.5;36.5;36.5;36.5;200
20160126 143500;36.55;36.56;36.51;36.56;300
20160126 143600;36.47;36.49;36.445;36.48;900
20160126 150300;36.22;36.3405;36.22;36.3405;400
20160126 150700;36.275;36.46;36.275;36.46;11100
20160126 150800;36.48;36.61;36.48;36.6;2548
20160126 150900;36.6;36.69;36.6;36.69;200
20160126 151100;36.84;36.84;36.62;36.81;3301
20160126 151200;36.85;36.88;36.78;36.86;1809
20160126 151300;36.9099;36.9099;36.86;36.86;246
20160126 151500;36.91;36.91;36.87;36.87;500
20160126 151800;36.88;36.88;36.86;36.88;380
20160126 151900;36.88;36.88;36.8246;36.85;655
20160126 152000;36.865;36.865;36.86;36.86;800
20160126 152100;36.87;36.87;36.835;36.835;900
20160126 152200;36.835;36.835;36.835;36.835;200
20160126 152300;36.86;36.86;36.86;36.86;100
20160126 152400;36.87;36.87;36.87;36.87;1338
20160126 152500;36.88;37;36.87;36.97;1800
20160126 152700;36.83;36.83;36.78;36.78;500
20160126 152800;36.81;36.94;36.81;36.94;1200
20160126 152900;36.8601;36.91;36.8601;36.91;200
20160126 153000;37.02;37.02;37.02;37.02;100
20160126 153500;36.94;36.95;36.94;36.95;1400
20160126 153600;36.95;36.95;36.95;36.95;100
20160126 153800;36.8368;36.95;36.8368;36.95;270
20160126 154000;36.83;37;36.81;37;1300
20160126 154200;37.05;37.07;37.05;37.07;200
20160126 154300;37.03;37.03;37.03;37.03;100
20160126 154500;37.03;37.03;37.03;37.03;100
20160126 154700;36.99;37.03;36.99;36.99;400
20160126 154900;36.94;36.99;36.87;36.98;723
20160126 155000;36.99;37.03;36.99;37.03;600
20160126 155100;37;37;37;37;200
20160126 155300;37.13;37.13;37.13;37.13;100
20160126 155400;37.03;37.03;37.03;37.03;100
20160126 155500;37.11;37.11;37.07;37.07;441
20160126 155600;37.05;37.05;37.05;37.05;100
20160126 155700;36.93;37.05;36.93;37.05;200
20160126 155800;37.02;37.02;37.02;37.02;100
20160126 155900;37.02;37.07;37.02;37.07;742
20160126 160000;37.08;37.09;37.05;37.05;500
20160126 163100;37.04;37.04;37.04;37.04;41
20160127 095000;36.95;36.95;36.95;36.95;100
20160127 095200;36.74;36.74;36.74;36.74;100
20160127 095900;36.9;36.9;36.9;36.9;100
20160127 100100;36.55;36.55;36.55;36.55;100
20160127 100900;36.93;36.93;36.93;36.93;300
20160127 101300;36.78;36.78;36.76;36.78;433
20160127 101400;36.79;36.79;36.79;36.79;100
20160127 101900;36.83;36.83;36.83;36.83;300
20160127 102200;37;37;37;37;100
20160127 102600;37;37;37;37;200
20160127 103100;36.73;36.73;36.73;36.73;100
20160127 103200;36.72;36.72;36.72;36.72;100
20160127 104000;36.85;36.85;36.85;36.85;100
20160127 104600;36.96;36.96;36.96;36.96;100
20160127 104800;36.8;36.8;36.8;36.8;100
20160127 105000;36.855;36.92;36.855;36.92;400
20160127 105100;36.83;36.98;36.83;36.98;1000
20160127 105500;36.95;36.95;36.95;36.95;100
20160127 110300;36.93;36.93;36.93;36.93;200
20160127 112200;37.03;37.06;37.03;37.06;800
20160127 112400;37.08;37.08;37.08;37.08;100
20160127 112600;37.19;37.26;37.19;37.19;300
20160127 113600;37.33;37.37;37.28;37.3;700
20160127 113700;37.35;37.35;37.35;37.35;100
20160127 113900;37.31;37.31;37.31;37.31;100
20160127 114100;37.27;37.27;37.26;37.26;200
20160127 114500;37.35;37.35;37.35;37.35;200
20160127 114900;37.25;37.25;37.25;37.25;100
20160127 115600;37.39;37.39;37.39;37.39;100
20160127 120100;37.4;37.4;37.35;37.35;2100
20160127 120400;37.3;37.3;37.3;37.3;200
20160127 120500;37.3;37.3;37.3;37.3;100
20160127 120600;37.3;37.3;37.3;37.3;500
20160127 120900;37.3;37.3;37.3;37.3;700
20160127 121000;37.3;37.3;37.3;37.3;400
20160127 121100;37.32;37.32;37.32;37.32;200
20160127 121700;37.37;37.38;37.37;37.38;436
20160127 122900;37.35;37.35;37.24;37.24;400
20160127 123800;37.08;37.08;37.08;37.08;100
20160127 123900;37.33;37.33;37.33;37.33;200
20160127 130400;37.3;37.32;37.3;37.32;200
20160127 130500;37.1601;37.19;37.1601;37.19;411
20160127 130700;37.18;37.18;37.18;37.18;200
20160127 130800;37.13;37.13;37.13;37.13;300
20160127 131500;37.14;37.15;37.14;37.15;500
20160127 131600;37.1;37.1;37.1;37.1;600
20160127 131800;37.1;37.1;37.1;37.1;100
20160127 133000;37.1;37.1;37.1;37.1;600
20160127 133100;37.1;37.11;37.1;37.11;200
20160127 134900;37.18;37.18;37.18;37.18;100
20160127 140300;37.28;37.28;37.28;37.28;300
20160127 140600;37.245;37.245;37.15;37.15;400
20160127 140700;37.15;37.15;37.15;37.15;400
20160127 140800;37.15;37.15;37.15;37.15;500
20160127 140900;37.15;37.15;37.15;37.15;200
20160127 141000;37.15;37.15;37.15;37.15;800
20160127 141100;37.15;37.15;37.15;37.15;200
20160127 141300;37.15;37.15;37.15;37.15;400
20160127 141400;37.15;37.15;37.15;37.15;100
20160127 142100;37.36;37.36;37.36;37.36;100
20160127 142800;37.28;37.28;37.28;37.28;100
20160127 143100;37.48;37.48;37.48;37.48;100
20160127 143300;37.31;37.5;37.31;37.32;300
20160127 143500;37.53;37.53;37.53;37.53;100
20160127 143700;37.38;37.38;37.38;37.38;100
20160127 143800;37.38;37.38;37.33;37.33;300
20160127 143900;37.39;37.39;37.39;37.39;100
20160127 144000;37.16;37.16;37.15;37.15;600
20160127 144100;37.15;37.15;37.15;37.15;1200
20160127 144200;37.15;37.15;37.15;37.15;100
20160127 144400;37.21;37.21;37.21;37.21;100
20160127 144600;37.26;37.26;37.26;37.26;200
20160127 144900;37.55;37.55;37.55;37.55;100
20160127 145100;37.55;37.55;37.55;37.55;100
20160127 145400;37.38;37.38;37.22;37.22;300
20160127 145500;37.11;37.33;37.11;37.33;200
20160127 145800;37.365;37.365;37.29;37.29;400
20160127 145900;37.28;37.28;37.28;37.28;100
20160127 150000;37.3;37.3;37.3;37.3;100
20160127 150100;37.3;37.3;37.3;37.3;100
20160127 150400;37.29;37.29;37.29;37.29;100
20160127 150500;37.16;37.16;37.15;37.15;300
20160127 150700;37.21;37.21;37.1;37.1;500
20160127 150800;37.1;37.1;37.1;37.1;200
20160127 151000;37.17;37.17;37.17;37.17;200
20160127 151300;37.16;37.16;37.16;37.16;400
20160127 151400;37.15;37.15;37.15;37.15;200
20160127 151500;37.15;37.15;37.15;37.15;400
20160127 151600;37.15;37.15;37.15;37.15;300
20160127 151700;37.15;37.15;37.15;37.15;400
20160127 151800;37.15;37.15;37.15;37.15;500
20160127 151900;37.15;37.15;37.15;37.15;100
20160127 152000;37.15;37.17;37.15;37.17;300
20160127 152200;37.16;37.17;37.16;37.16;400
20160127 152400;37.2;37.24;37.2;37.24;300
20160127 152500;37.25;37.25;37.25;37.25;100
20160127 152800;37.34;37.34;37.34;37.34;100
20160127 153100;37.42;37.42;37.42;37.42;200
20160127 153300;37.53;37.53;37.52;37.53;300
20160127 153400;37.39;37.48;37.39;37.48;200
20160127 153500;37.37;37.37;37.37;37.37;100
20160127 153600;37.33;37.33;37.33;37.33;200
20160127 153700;37.38;37.38;37.38;37.38;100
20160127 153900;37.38;37.38;37.38;37.38;100
20160127 154000;37.25;37.25;37.25;37.25;300
20160127 154100;37.15;37.21;37.15;37.21;300
20160127 154300;37.15;37.15;37.15;37.15;100
20160127 154600;37.15;37.49;37.15;37.49;969
20160127 155000;37.32;37.32;37.32;37.32;200
20160127 155100;37.32;37.32;37.32;37.32;100
20160127 155300;37.26;37.27;37.25;37.27;700
20160127 155400;37.28;37.31;37.28;37.31;600
20160127 155500;37.27;37.27;37.26;37.26;200
20160127 155600;37.28;37.28;37.28;37.28;100
20160127 155700;37.31;37.31;37.31;37.31;100
20160127 155900;37.29;37.3;37.29;37.3;300
20160127 160000;37.21;37.28;37.21;37.28;800
20160127 163100;37.24;37.24;37.24;37.24;292
20160128 093700;37.6076;37.6076;37.6076;37.6076;287
20160128 094400;37.74;37.85;37.74;37.85;300
20160128 102600;37.75;37.75;37.75;37.75;100
20160128 102700;37.8;37.8;37.74;37.74;800
20160128 102800;37.55;37.55;37.54;37.54;400
20160128 102900;37.58;37.62;37.48;37.62;1700
20160128 103000;37.7;37.7;37.66;37.67;800
20160128 103100;37.73;37.74;37.64;37.64;300
20160128 103200;37.75;37.75;37.75;37.75;300
20160128 103300;37.53;37.53;37.53;37.53;100
20160128 103400;37.55;37.65;37.55;37.65;300
20160128 103500;37.61;37.69;37.55;37.55;700
20160128 103600;37.55;37.7;37.5;37.5;1500
20160128 103700;37.66;37.66;37.66;37.66;100
20160128 103800;37.55;37.55;37.42;37.47;1300
20160128 103900;37.435;37.435;37.435;37.435;200
20160128 104000;37.35;37.46;37.35;37.43;957
20160128 104100;37.48;37.48;37.48;37.48;100
20160128 104600;37.29;37.29;37.29;37.29;100
20160128 104900;37.2;37.2;37.2;37.2;100
20160128 111900;37.39;37.39;37.39;37.39;100
20160128 112100;37.4;37.4;37.4;37.4;100
20160128 112500;37.4;37.4;37.4;37.4;100
20160128 114400;37.29;37.29;37.29;37.29;100
20160128 120400;37.32;37.32;37.32;37.32;100
20160128 120500;37.34;37.36;37.34;37.36;200
20160128 120600;37.4;37.4;37.4;37.4;100
20160128 121300;37.41;37.41;37.41;37.41;300
20160128 122100;37.41;37.45;37.41;37.45;200
20160128 122900;37.55;37.55;37.55;37.55;100
20160128 123200;37.58;37.58;37.58;37.58;100
20160128 130700;37.55;37.55;37.55;37.55;100
20160128 130800;37.55;37.55;37.55;37.55;200
20160128 132000;37.41;37.41;37.41;37.41;100
20160128 132500;37.2496;37.2496;37.2496;37.2496;268
20160128 132600;37.2688;37.2688;37.2688;37.2688;203
20160128 133000;37.34;37.34;37.34;37.34;100
20160128 133700;37.26;37.26;37.26;37.26;100
20160128 135500;37.29;37.29;37.29;37.29;100
20160128 140400;37.27;37.28;37.18;37.18;300
20160128 140700;37.28;37.3;37.28;37.3;500
20160128 140800;37.35;37.35;37.35;37.35;100
20160128 141100;37.25;37.25;37.25;37.25;100
20160128 141200;37.24;37.24;37.24;37.24;100
20160128 142100;37.16;37.16;37.08;37.08;1039
20160128 143100;37.12;37.14;37.12;37.14;200
20160128 144400;36.99;36.99;36.99;36.99;100
20160128 144500;37;37;37;37;100
20160128 150400;36.94;36.94;36.94;36.94;200
20160128 150500;36.97;36.97;36.97;36.97;100
20160128 150600;36.98;37;36.98;37;700
20160128 151000;37.07;37.07;37.07;37.07;100
20160128 151500;37.12;37.15;37.12;37.15;400
20160128 152100;37.17;37.17;37.17;37.17;100
20160128 152200;37.16;37.16;37.16;37.16;100
20160128 152500;37.2;37.2;37.2;37.2;200
20160128 152600;37.2;37.2;37.2;37.2;300
20160128 153100;37.235;37.235;37.19;37.19;200
20160128 153200;37.28;37.28;37.28;37.28;100
20160128 154000;37.25;37.25;37.25;37.25;200
20160128 154100;37.3;37.3;37.3;37.3;100
20160128 154300;37.25;37.25;37.25;37.25;100
20160128 154400;37.19;37.19;37.19;37.19;100
20160128 154500;37.195;37.195;37.195;37.195;300
20160128 154600;37.17;37.17;37.17;37.17;200
20160128 154700;37.12;37.2;37.11;37.2;700
20160128 154800;37.2;37.23;37.11;37.11;600
20160128 155000;37.2;37.2;37.2;37.2;100
20160128 155100;37.21;37.21;37.21;37.21;100
20160128 155200;37.2;37.2;37.2;37.2;100
20160128 155500;37.26;37.26;37.15;37.22;1000
20160128 155700;37.28;37.28;37.28;37.28;100
20160128 155900;37.3;37.36;37.28;37.29;523
20160128 160000;37.22;37.25;37.21;37.25;656
20160128 160300;37.31;37.31;37.31;37.31;2019
20160129 093700;37.67;37.67;37.67;37.67;100
20160129 094000;37.6;37.6;37.6;37.6;100
20160129 094300;37.58;37.58;37.58;37.58;200
20160129 094600;37.69;37.69;37.69;37.69;100
20160129 095200;38.03;38.03;38.03;38.03;100
20160129 095300;38.2;38.2;38.2;38.2;100
20160129 100800;38.18;38.18;38.14;38.14;200
20160129 101900;37.96;37.96;37.93;37.93;200
20160129 102000;38.06;38.22;38.02;38.22;800
20160129 102100;38.25;38.25;38.25;38.25;100
20160129 102200;38.12;38.31;38.12;38.31;200
20160129 102300;38.17;38.17;37.99;37.99;900
20160129 102500;38.12;38.12;38.12;38.12;171
20160129 104100;38.07;38.07;38.07;38.07;100
20160129 105900;38.03;38.03;38.03;38.03;300
20160129 111400;38.198;38.198;38.0739;38.0739;397
20160129 111600;38;38.08;38;38.08;600
20160129 111700;37.96;38.04;37.96;37.96;300
20160129 111800;37.96;38.06;37.96;38.06;700
20160129 112300;38;38;38;38;100
20160129 112700;38.06;38.17;37.89;37.89;600
20160129 112800;38.09;38.09;38.09;38.09;100
20160129 112900;38.12;38.28;38.12;38.28;500
20160129 113800;38.17;38.17;38.17;38.17;100
20160129 114200;38.14;38.14;38.005;38.005;400
20160129 114400;38.14;38.14;38.14;38.14;100
20160129 114600;38.17;38.17;38.17;38.17;100
20160129 114700;38.22;38.32;38.22;38.32;300
20160129 115000;38.22;38.22;38.21;38.21;200
20160129 115200;38.23;38.24;38.23;38.24;200
20160129 115400;38.38;38.38;38.38;38.38;100
20160129 115700;38.3;38.3;38.3;38.3;100
20160129 115900;38.28;38.28;38.28;38.28;100
20160129 120700;38.29;38.29;38.25;38.25;300
20160129 121400;38.29;38.29;38.28;38.28;200
20160129 121700;38.3;38.32;38.23;38.23;600
20160129 122000;38.29;38.29;38.29;38.29;100
20160129 122100;38.29;38.29;38.29;38.29;100
20160129 122900;38.19;38.27;38.19;38.19;400
20160129 123100;38.24;38.24;38.24;38.24;100
20160129 123300;38.22;38.22;38.22;38.22;100
20160129 123500;38.1572;38.1572;38.1572;38.1572;525
20160129 123600;38.15;38.2;38.15;38.2;700
20160129 123800;38.18;38.21;38.18;38.21;400
20160129 123900;38.2;38.2;38.2;38.2;100
20160129 124400;38.19;38.24;38.19;38.24;495
20160129 124500;38.27;38.27;38.21;38.21;400
20160129 125000;38.24;38.24;38.24;38.24;300
20160129 125100;38.26;38.31;38.23;38.23;600
20160129 125200;38.28;38.28;38.28;38.28;100
20160129 130300;38.31;38.31;38.2;38.2;200
20160129 130700;38.23;38.23;38.23;38.23;100
20160129 131200;38.24;38.24;38.24;38.24;100
20160129 131400;38.05;38.07;38.05;38.05;415
20160129 131800;38.3;38.3;38.3;38.3;200
20160129 132000;38.29;38.29;38.29;38.29;100
20160129 132500;38.33;38.33;38.33;38.33;201
20160129 132700;38.31;38.31;38.22;38.3;530
20160129 133800;38.2;38.2;38.2;38.2;205
20160129 133900;38.4;38.4;38.4;38.4;100
20160129 134200;38.42;38.42;38.42;38.42;100
20160129 134900;38.43;38.43;38.43;38.43;100
20160129 135100;38.36;38.36;38.3;38.3;300
20160129 135200;38.3;38.3;38.3;38.3;600
20160129 135600;38.3;38.3;38.3;38.3;300
20160129 135700;38.3;38.3;38.3;38.3;100
20160129 140100;38.3;38.3;38.3;38.3;400
20160129 141000;38.3;38.3;38.3;38.3;100
20160129 141200;38.3;38.3;38.3;38.3;200
20160129 141300;38.3;38.3;38.3;38.3;200
20160129 141500;38.36;38.36;38.36;38.36;100
20160129 141700;38.38;38.39;38.31;38.31;486
20160129 141800;38.37;38.41;38.37;38.41;200
20160129 142300;38.41;38.41;38.41;38.41;100
20160129 143200;38.42;38.42;38.42;38.42;200
20160129 145700;38.509;38.509;38.509;38.509;100
20160129 150300;38.41;38.41;38.41;38.41;100
20160129 150600;38.5;38.55;38.5;38.5;500
20160129 150800;38.67;38.67;38.67;38.67;100
20160129 150900;38.53;38.55;38.52;38.55;400
20160129 151000;38.56;38.56;38.56;38.56;100
20160129 152300;38.61;38.61;38.61;38.61;200
20160129 152400;38.6;38.6;38.6;38.6;100
20160129 152500;38.59;38.59;38.59;38.59;100
20160129 152600;38.59;38.59;38.59;38.59;100
20160129 153100;38.61;38.61;38.61;38.61;100
20160129 153300;38.6;38.6;38.59;38.59;300
20160129 153500;38.46;38.46;38.46;38.46;100
20160129 153800;38.48;38.62;38.48;38.62;200
20160129 153900;38.56;38.56;38.56;38.56;100
20160129 154000;38.56;38.56;38.55;38.55;200
20160129 154100;38.4;38.4;38.4;38.4;100
20160129 154200;38.54;38.54;38.54;38.54;100
20160129 154500;38.55;38.57;38.47;38.47;410
20160129 154900;38.63;38.63;38.63;38.63;100
20160129 155000;38.65;38.65;38.65;38.65;100
20160129 155100;38.62;38.62;38.62;38.62;400
20160129 155200;38.57;38.63;38.57;38.63;200
20160129 155300;38.47;38.47;38.47;38.47;100
20160129 155400;38.64;38.65;38.6397;38.65;600
20160129 155500;38.64;38.64;38.54;38.54;600
20160129 155600;38.62;38.62;38.59;38.59;200
20160129 155700;38.58;38.79;38.51;38.515;1000
20160129 155800;38.66;38.68;38.59;38.67;500
20160129 155900;38.6;38.67;38.6;38.67;200
20160129 160000;38.53;38.86;38.5;38.86;1975
20160129 160300;38.808;38.808;38.808;38.808;100
20160129 160400;38.81;38.81;38.81;38.81;430
20160129 161200;38.8077;38.8077;38.8077;38.8077;139
20160129 163500;38.81;38.81;38.81;38.81;148
20160201 093400;39.14;39.14;39.14;39.14;100
20160201 093700;38.6;38.6;38.6;38.6;100
20160201 093800;38.45;38.45;38.45;38.45;100
20160201 094100;38.16;38.24;38.16;38.24;200
20160201 094300;38.15;38.15;38.15;38.15;100
20160201 094700;38.21;38.21;38.21;38.21;100
20160201 094800;37.8917;37.8917;37.8917;37.8917;100
20160201 095000;37.88;37.88;37.88;37.88;100
20160201 095300;37.89;38.13;37.88;37.93;675
20160201 095600;37.92;37.92;37.92;37.92;100
20160201 095800;37.82;37.82;37.82;37.82;100
20160201 100000;37.89;37.93;37.89;37.93;200
20160201 100200;37.9;37.9;37.9;37.9;100
20160201 100500;37.6924;37.6924;37.6924;37.6924;633
20160201 100700;37.91;37.91;37.91;37.91;100
20160201 100800;37.93;37.93;37.93;37.93;100
20160201 100900;38.25;38.25;38.25;38.25;300
20160201 101200;38.28;38.28;38.1501;38.1501;901
20160201 102200;38.35;38.35;38.35;38.35;100
20160201 102500;38.44;38.44;38.44;38.44;300
20160201 103100;38.47;38.47;38.44;38.44;300
20160201 103900;38.42;38.42;38.41;38.41;300
20160201 104200;38.44;38.44;38.34;38.39;400
20160201 104300;38.39;38.43;38.39;38.43;200
20160201 104700;38.36;38.36;38.36;38.36;100
20160201 104800;38.39;38.39;38.39;38.39;100
20160201 104900;38.44;38.49;38.44;38.49;300
20160201 105100;38.43;38.43;38.43;38.43;100
20160201 105300;38.44;38.44;38.44;38.44;100
20160201 105900;38.71;38.71;38.62;38.62;400
20160201 110600;38.56;38.62;38.56;38.62;550
20160201 111000;38.77;38.77;38.69;38.69;300
20160201 111300;38.69;38.69;38.69;38.69;100
20160201 111600;38.72;38.72;38.72;38.72;100
20160201 111800;38.7455;38.7455;38.7455;38.7455;170
20160201 111900;38.71;38.71;38.71;38.71;100
20160201 112200;38.48;38.65;38.23;38.23;1200
20160201 112300;38.44;38.44;38.44;38.44;100
20160201 112500;38.35;38.37;38.35;38.37;400
20160201 113300;38.53;38.53;38.53;38.53;200
20160201 113600;38.56;38.7;38.46;38.7;300
20160201 114700;38.7;38.7;38.6;38.6;200
20160201 114800;38.6;38.6;38.6;38.6;100
20160201 115000;38.6;38.64;38.6;38.64;200
20160201 115300;38.63;38.63;38.63;38.63;100
20160201 115400;38.61;38.61;38.61;38.61;100
20160201 120400;38.63;38.63;38.63;38.63;100
20160201 120600;38.62;38.62;38.62;38.62;300
20160201 120900;38.58;38.62;38.57;38.62;300
20160201 121700;38.67;38.67;38.67;38.67;100
20160201 122300;38.75;38.75;38.66;38.66;400
20160201 122700;38.6;38.6;38.6;38.6;100
20160201 123100;38.51;38.51;38.43;38.43;200
20160201 123500;38.57;38.57;38.57;38.57;100
20160201 123700;38.54;38.54;38.54;38.54;100
20160201 124300;38.59;38.59;38.59;38.59;100
20160201 124600;38.53;38.53;38.5;38.5;300
20160201 124900;38.55;38.55;38.54;38.54;200
20160201 125200;38.39;38.485;38.39;38.485;200
20160201 125400;38.49;38.49;38.49;38.49;100
20160201 125500;38.5;38.5;38.5;38.5;200
20160201 125700;38.47;38.47;38.47;38.47;100
20160201 125800;38.49;38.49;38.49;38.49;100
20160201 125900;38.31;38.31;38.31;38.31;100
20160201 130100;38.49;38.49;38.49;38.49;100
20160201 130300;38.49;38.55;38.46;38.55;602
20160201 130700;38.61;38.61;38.61;38.61;100
20160201 131100;38.65;38.65;38.65;38.65;100
20160201 131500;38.57;38.57;38.43;38.43;400
20160201 131800;38.49;38.49;38.49;38.49;100
20160201 132000;38.35;38.35;38.35;38.35;100
20160201 132400;38.56;38.56;38.56;38.56;100
20160201 132900;38.67;38.67;38.67;38.67;400
20160201 133400;38.58;38.58;38.58;38.58;200
20160201 133900;38.43;38.43;38.43;38.43;100
20160201 134000;38.445;38.51;38.41;38.41;500
20160201 134100;38.5289;38.53;38.5;38.53;500
20160201 134200;38.58;38.59;38.57;38.59;700
20160201 134300;38.58;38.58;38.58;38.58;100
20160201 135000;38.79;38.79;38.79;38.79;100
20160201 135100;38.84;38.84;38.84;38.84;100
20160201 135500;38.69;38.69;38.47;38.5;500
20160201 135600;38.49;38.5;38.49;38.5;200
20160201 135800;38.48;38.48;38.48;38.48;100
20160201 135900;38.51;38.51;38.51;38.51;100
20160201 140000;38.5201;38.5201;38.5201;38.5201;100
20160201 140200;38.64;38.64;38.64;38.64;500
20160201 140400;38.64;38.64;38.64;38.64;100
20160201 140700;38.64;38.64;38.64;38.64;100
20160201 140900;38.6;38.6;38.6;38.6;300
20160201 141000;38.6089;38.6089;38.6089;38.6089;200
20160201 141200;38.61;38.61;38.61;38.61;205
20160201 141500;38.62;38.62;38.62;38.62;100
20160201 141800;38.61;38.61;38.61;38.61;200
20160201 142100;38.52;38.52;38.52;38.52;100
20160201 142300;38.6;38.6;38.6;38.6;100
20160201 142700;38.56;38.56;38.53;38.53;400
20160201 143100;38.63;38.63;38.63;38.63;300
20160201 143400;38.62;38.62;38.61;38.615;300
20160201 143700;38.63;38.63;38.57;38.57;400
20160201 143800;38.64;38.64;38.58;38.58;500
20160201 144000;38.63;38.63;38.63;38.63;100
20160201 144300;38.65;38.69;38.65;38.69;600
20160201 144500;38.69;38.69;38.69;38.69;100
20160201 144600;38.69;38.69;38.69;38.69;200
20160201 144700;38.65;38.65;38.65;38.65;100
20160201 144800;38.7;38.7;38.7;38.7;100
20160201 145000;38.69;38.69;38.69;38.69;100
20160201 145200;38.69;38.69;38.69;38.69;100
20160201 145400;38.64;38.64;38.64;38.64;100
20160201 145700;38.7;38.7;38.6;38.6;900
20160201 145900;38.64;38.64;38.64;38.64;100
20160201 150000;38.65;38.65;38.65;38.65;100
20160201 150100;38.67;38.67;38.64;38.64;600
20160201 150400;38.73;38.73;38.73;38.73;100
20160201 150500;38.74;38.74;38.74;38.74;100
20160201 150600;38.71;38.71;38.71;38.71;100
20160201 150700;38.64;38.64;38.63;38.63;400
20160201 151100;38.72;38.72;38.72;38.72;100
20160201 151200;38.72;38.72;38.62;38.68;700
20160201 151400;38.66;38.66;38.65;38.65;200
20160201 151600;38.63;38.63;38.63;38.63;200
20160201 151700;38.54;38.54;38.54;38.54;100
20160201 152000;38.66;38.66;38.66;38.66;500
20160201 152200;38.74;38.74;38.74;38.74;200
20160201 152300;38.75;38.75;38.75;38.75;200
20160201 152600;38.75;38.75;38.64;38.64;400
20160201 152800;38.73;38.73;38.66;38.66;200
20160201 153000;38.5801;38.5801;38.5801;38.5801;100
20160201 153200;38.67;38.67;38.67;38.67;200
20160201 153400;38.66;38.66;38.65;38.65;400
20160201 153600;38.69;38.69;38.57;38.57;300
20160201 153800;38.69;38.69;38.69;38.69;100
20160201 154000;38.69;38.69;38.64;38.64;700
20160201 154100;38.65;38.65;38.54;38.54;500
20160201 154400;38.57;38.57;38.57;38.57;100
20160201 154500;38.5701;38.61;38.5701;38.575;400
20160201 154600;38.58;38.58;38.58;38.58;100
20160201 155000;38.62;38.64;38.62;38.64;658
20160201 155100;38.62;38.62;38.58;38.58;1100
20160201 155200;38.58;38.59;38.57;38.59;400
20160201 155300;38.5;38.5;38.5;38.5;200
20160201 155400;38.5;38.53;38.5;38.53;200
20160201 155500;38.53;38.53;38.53;38.53;300
20160201 155600;38.54;38.54;38.51;38.51;931
20160201 155700;38.54;38.54;38.47;38.4798;802
20160201 155800;38.52;38.53;38.5;38.53;900
20160201 155900;38.51;38.52;38.51;38.51;400
20160201 160000;38.5;38.53;38.5;38.51;700
20160201 162200;38.52;38.52;38.52;38.52;311
20160202 094900;37.81;37.82;37.81;37.82;400
20160202 095300;37.88;37.88;37.88;37.88;100
20160202 095700;37.74;37.74;37.74;37.74;100
20160202 100100;37.69;37.69;37.69;37.69;100
20160202 101300;37.69;37.69;37.69;37.69;300
20160202 101600;37.69;37.69;37.69;37.69;100
20160202 102100;37.66;37.66;37.66;37.66;300
20160202 102500;37.63;37.63;37.63;37.63;100
20160202 102600;37.471;37.63;37.471;37.63;1300
20160202 103900;37.5;37.5;37.5;37.5;100
20160202 104100;37.51;37.51;37.51;37.51;100
20160202 104500;37.59;37.59;37.52;37.52;200
20160202 105100;37.558;37.558;37.558;37.558;100
20160202 105500;37.5;37.5;37.5;37.5;100
20160202 105600;37.5;37.5;37.5;37.5;200
20160202 111000;37.6;37.6;37.6;37.6;100
20160202 112300;37.66;37.66;37.66;37.66;100
20160202 113900;37.94;37.94;37.94;37.94;100
20160202 114400;37.91;37.91;37.85;37.85;200
20160202 115100;37.75;37.75;37.75;37.75;600
20160202 120000;37.7;37.7;37.7;37.7;100
20160202 120400;37.71;37.71;37.7;37.7;400
20160202 120600;37.66;37.66;37.66;37.66;100
20160202 121600;37.68;37.68;37.68;37.68;400
20160202 121800;37.77;37.77;37.77;37.77;100
20160202 124100;37.74;37.74;37.74;37.74;400
20160202 125700;37.792;37.792;37.792;37.792;328
20160202 125900;37.79;37.79;37.79;37.79;100
20160202 130100;37.81;37.81;37.81;37.81;100
20160202 130900;37.76;37.76;37.76;37.76;600
20160202 131000;37.81;37.81;37.81;37.81;100
20160202 132600;37.86;37.86;37.7401;37.7401;500
20160202 134100;37.7601;37.7601;37.7601;37.7601;167
20160202 134800;38;38;38;38;100
20160202 140000;37.78;37.78;37.69;37.69;500
20160202 141700;37.67;37.671;37.67;37.671;254
20160202 142400;37.77;37.77;37.69;37.69;250
20160202 143500;37.73;37.77;37.73;37.77;221
20160202 144500;37.78;37.78;37.78;37.78;100
20160202 145000;37.83;37.96;37.83;37.96;400
20160202 145300;38.01;38.01;38.01;38.01;100
20160202 150000;37.85;37.85;37.85;37.85;700
20160202 150100;37.85;37.85;37.85;37.85;100
20160202 150600;37.81;37.81;37.72;37.72;200
20160202 151000;37.71;37.71;37.71;37.71;100
20160202 151300;37.68;37.71;37.68;37.71;552
20160202 151400;37.78;37.78;37.78;37.78;100
20160202 151500;37.79;37.81;37.79;37.81;200
20160202 152400;37.72;37.77;37.71;37.77;500
20160202 154400;37.75;37.88;37.75;37.88;200
20160202 154600;37.76;37.76;37.74;37.74;600
20160202 154700;37.83;37.83;37.765;37.8;700
20160202 154800;37.81;37.81;37.81;37.81;100
20160202 154900;37.73;37.73;37.73;37.73;100
20160202 155100;37.73;37.77;37.73;37.77;200
20160202 155200;37.76;37.76;37.76;37.76;100
20160202 155300;37.76;37.77;37.76;37.77;200
20160202 155500;37.79;37.79;37.79;37.79;100
20160202 155700;37.81;37.81;37.79;37.79;400
20160202 160000;37.81;37.94;37.81;37.87;1477
20160202 160300;37.83;37.83;37.83;37.83;60
20160202 163200;37.83;37.83;37.83;37.83;391
20160203 093300;37.85;37.85;37.85;37.85;100
20160203 093400;37.86;37.86;37.86;37.86;100
20160203 093500;38.02;38.04;38.02;38.04;300
20160203 093600;37.93;37.93;37.93;37.93;100
20160203 093700;38.06;38.08;38.06;38.08;500
20160203 093800;38.27;38.27;38.27;38.27;100
20160203 094100;38.195;38.195;38.12;38.12;400
20160203 094200;38.2;38.2;38.07;38.09;300
20160203 094400;38.17;38.17;38.17;38.17;300
20160203 094500;38.13;38.13;38.13;38.13;200
20160203 094800;38.23;38.23;38;38.03;500
20160203 094900;37.98;37.98;37.98;37.98;200
20160203 095100;38.1;38.1;38.1;38.1;600
20160203 095300;38.15;38.15;38.15;38.15;100
20160203 095400;37.85;37.85;37.85;37.85;100
20160203 095700;38.03;38.03;38.03;38.03;100
20160203 095800;38.01;38.01;38.01;38.01;700
20160203 095900;37.83;37.86;37.83;37.86;200
20160203 100700;37.73;37.73;37.73;37.73;300
20160203 100800;37.73;37.73;37.73;37.73;100
20160203 100900;37.73;37.73;37.73;37.73;400
20160203 101000;37.73;37.73;37.73;37.73;500
20160203 101100;37.73;37.73;37.73;37.73;300
20160203 101200;37.73;37.73;37.73;37.73;300
20160203 101600;37.73;37.73;37.73;37.73;200
20160203 102800;37.73;37.73;37.73;37.73;300
20160203 102900;37.73;37.73;37.73;37.73;600
20160203 103000;37.73;37.73;37.73;37.73;1100
20160203 103100;37.73;37.73;37.73;37.73;900
20160203 103200;37.74;37.74;37.74;37.74;100
20160203 103400;37.73;37.73;37.73;37.73;100
20160203 104100;37.61;37.62;37.61;37.62;300
20160203 104900;37.46;37.46;37.41;37.41;200
20160203 105400;37.49;37.55;37.49;37.51;400
20160203 105800;37.59;37.65;37.59;37.65;200
20160203 110000;37.77;37.77;37.77;37.77;821
20160203 111200;37.75;37.81;37.75;37.81;200
20160203 111400;37.5;37.5;37.5;37.5;100
20160203 111600;37.51;37.51;37.51;37.51;100
20160203 111900;37.52;37.52;37.52;37.52;100
20160203 112500;37.655;37.655;37.655;37.655;100
20160203 112600;37.645;37.645;37.645;37.645;100
20160203 113300;37.73;37.73;37.73;37.73;100
20160203 113800;37.7;37.7;37.7;37.7;100
20160203 113900;37.75;37.75;37.75;37.75;100
20160203 114000;37.8;37.8;37.8;37.8;100
20160203 120500;37.87;37.88;37.87;37.88;300
20160203 121000;37.87;37.87;37.87;37.87;100
20160203 121700;37.96;37.96;37.96;37.96;100
20160203 121800;37.97;37.97;37.9;37.9;300
20160203 122000;37.841;37.841;37.841;37.841;476
20160203 122800;38.2499;38.2499;38.09;38.09;1100
20160203 124100;37.66;37.66;37.66;37.66;100
20160203 125000;37.64;37.74;37.63;37.63;300
20160203 125300;37.7;37.7;37.44;37.44;200
20160203 130000;37.65;37.75;37.65;37.75;200
20160203 130100;37.72;37.85;37.72;37.85;600
20160203 130200;37.76;37.76;37.75;37.75;400
20160203 131200;37.75;37.77;37.75;37.77;200
20160203 131500;37.76;37.76;37.76;37.76;100
20160203 132100;37.68;37.685;37.68;37.685;800
20160203 133100;37.665;37.665;37.665;37.665;400
20160203 133300;37.66;37.66;37.6599;37.6599;200
20160203 134200;37.56;37.62;37.56;37.6;900
20160203 134300;37.62;37.685;37.6;37.685;1000
20160203 134600;37.71;37.71;37.67;37.67;300
20160203 134700;37.64;37.64;37.64;37.64;100
20160203 135100;37.79;37.79;37.79;37.79;100
20160203 135400;37.69;37.69;37.67;37.69;300
20160203 135600;37.67;37.67;37.54;37.63;900
20160203 135800;37.63;37.63;37.63;37.63;500
20160203 135900;37.69;37.69;37.69;37.69;200
20160203 140000;37.62;37.62;37.62;37.62;200
20160203 140300;37.6;37.6;37.6;37.6;300
20160203 140400;37.6;37.6;37.6;37.6;100
20160203 140500;37.6;37.62;37.55;37.55;700
20160203 140600;37.65;37.66;37.65;37.66;300
20160203 140700;37.67;37.67;37.67;37.67;388
20160203 140800;37.7401;37.7401;37.72;37.72;300
20160203 140900;37.67;37.67;37.67;37.67;100
20160203 141100;37.74;37.74;37.67;37.67;400
20160203 141300;37.65;37.65;37.65;37.65;100
20160203 142100;37.6;37.61;37.5;37.5;400
20160203 142200;37.62;37.62;37.62;37.62;600
20160203 142500;37.85;37.85;37.75;37.75;300
20160203 142700;37.77;37.78;37.77;37.78;300
20160203 142800;37.79;37.79;37.79;37.79;100
20160203 143000;37.77;37.77;37.67;37.67;800
20160203 143100;38.1;38.1;38.1;38.1;100
20160203 143200;37.81;37.81;37.77;37.77;200
20160203 143600;37.73;37.73;37.73;37.73;100
20160203 144100;37.67;37.67;37.67;37.67;100
20160203 144300;37.67;37.67;37.63;37.63;500
20160203 144700;37.72;37.72;37.62;37.72;664
20160203 145400;37.78;37.79;37.77;37.79;300
20160203 145600;37.68;37.68;37.68;37.68;100
20160203 145900;37.77;37.77;37.77;37.77;100
20160203 150100;37.76;37.76;37.75;37.76;300
20160203 150200;37.67;37.67;37.67;37.67;100
20160203 150300;37.68;37.68;37.68;37.68;300
20160203 150400;37.67;37.7;37.67;37.7;400
20160203 150600;37.67;37.67;37.48;37.48;200
20160203 151400;37.72;37.72;37.72;37.72;100
20160203 151500;37.74;37.77;37.74;37.77;200
20160203 151600;37.74;37.74;37.74;37.74;100
20160203 151700;37.73;37.73;37.57;37.57;600
20160203 152000;37.92;37.92;37.92;37.92;100
20160203 152100;37.67;37.69;37.67;37.69;200
20160203 152500;37.82;37.82;37.67;37.67;500
20160203 152700;37.67;37.67;37.67;37.67;150
20160203 152800;37.7;37.7;37.7;37.7;100
20160203 153000;37.67;37.67;37.67;37.67;100
20160203 153200;37.785;37.785;37.785;37.785;192
20160203 153300;37.69;37.69;37.69;37.69;100
20160203 153400;37.68;37.69;37.67;37.67;800
20160203 153700;37.67;37.67;37.48;37.48;250
20160203 154000;37.63;37.63;37.63;37.63;200
20160203 154100;37.52;37.58;37.52;37.58;200
20160203 154200;37.87;37.87;37.87;37.87;100
20160203 154300;37.58;37.58;37.58;37.58;200
20160203 154400;37.61;37.61;37.6;37.6;200
20160203 154600;37.61;37.61;37.61;37.61;100
20160203 154800;37.67;37.67;37.67;37.67;606
20160203 154900;37.67;37.67;37.67;37.67;400
20160203 155100;37.79;37.79;37.68;37.68;700
20160203 155500;37.79;37.79;37.69;37.69;200
20160203 155600;37.76;37.76;37.68;37.68;400
20160203 155700;37.69;37.69;37.68;37.68;200
20160203 155800;37.67;37.67;37.67;37.67;626
20160203 155900;37.67;37.67;37.67;37.67;300
20160203 160000;37.67;37.72;37.67;37.67;1500
20160204 093700;38.05;38.05;38.05;38.05;640
20160204 100300;38.32;38.32;38.32;38.32;200
20160204 102700;38.441;38.4562;38.441;38.4562;996
20160204 104200;38.55;38.55;38.55;38.55;100
20160204 110800;38.56;38.56;38.56;38.56;200
20160204 111000;38.55;38.55;38.52;38.52;300
20160204 114700;38.39;38.39;38.34;38.34;300
20160204 114800;38.26;38.27;38;38.01;1300
20160204 114900;38;38.2;38;38.2;200
20160204 115700;37.95;37.95;37.95;37.95;200
20160204 115800;37.89;38.03;37.89;38.03;600
20160204 115900;38.05;38.17;38.05;38.17;1200
20160204 120000;38.27;38.32;38.12;38.32;800
20160204 120100;38.25;38.25;38.25;38.25;157
20160204 120400;38.18;38.18;38.14;38.14;600
20160204 121300;38.53;38.53;38.53;38.53;100
20160204 121700;38.39;38.39;38.39;38.39;100
20160204 122800;38.43;38.43;38.43;38.43;200
20160204 123200;38.18;38.18;38.18;38.18;100
20160204 125200;38.23;38.23;38.23;38.23;100
20160204 130500;38.19;38.19;38.19;38.19;200
20160204 130700;38.13;38.13;38.13;38.13;100
20160204 132000;38.19;38.19;38.19;38.19;100
20160204 132700;38.06;38.06;38.04;38.04;300
20160204 133400;38.05;38.05;38.05;38.05;100
20160204 133700;38.09;38.09;38.09;38.09;200
20160204 134700;37.94;37.94;37.94;37.94;200
20160204 135200;37.94;37.94;37.94;37.94;200
20160204 135600;37.9799;37.9799;37.88;37.88;200
20160204 135700;37.915;37.915;37.915;37.915;100
20160204 140700;37.875;37.875;37.875;37.875;100
20160204 141000;37.98;37.985;37.98;37.985;300
20160204 141500;38.02;38.02;38.02;38.02;100
20160204 141600;38.0699;38.0699;38.0699;38.0699;100
20160204 142900;37.98;37.98;37.98;37.98;100
20160204 143700;37.92;37.92;37.92;37.92;100
20160204 143900;37.995;38.07;37.995;38.07;200
20160204 144900;38.02;38.02;38.02;38.02;100
20160204 145200;37.985;37.985;37.985;37.985;100
20160204 145300;37.975;37.975;37.975;37.975;300
20160204 145400;37.97;37.97;37.93;37.96;300
20160204 145500;37.98;38.04;37.98;38.04;1600
20160204 145600;38.01;38.05;37.98;38.015;1100
20160204 145700;38.065;38.08;38.065;38.08;300
20160204 145800;38.105;38.17;38.1;38.17;500
20160204 145900;38.195;38.2;38.19;38.2;300
20160204 150100;38.15;38.15;38.15;38.15;100
20160204 150500;38.185;38.185;38.185;38.185;100
20160204 150600;38.14;38.14;38.09;38.09;500
20160204 150700;37.98;38.04;37.98;38.04;300
20160204 150800;38.07;38.19;38.07;38.17;1500
20160204 150900;38.18;38.22;38.18;38.18;900
20160204 151000;38.29;38.32;38.2;38.2;1100
20160204 151100;38.3;38.32;38.18;38.18;1500
20160204 151200;38.19;38.19;38.085;38.105;700
20160204 151300;38.13;38.2;38.13;38.17;900
20160204 151900;38.14;38.14;38.14;38.14;100
20160204 152700;38.145;38.145;38.145;38.145;100
20160204 153000;38.17;38.17;38.17;38.17;100
20160204 153100;38.19;38.19;38.19;38.19;100
20160204 153300;38.17;38.17;38.17;38.17;100
20160204 153400;38.2;38.2;38.2;38.2;100
20160204 153800;38.21;38.21;38.21;38.21;100
20160204 153900;38.2;38.2;38.2;38.2;100
20160204 154200;38.155;38.22;38.155;38.22;300
20160204 154700;38.2;38.2;38.2;38.2;100
20160204 155200;38.195;38.195;38.195;38.195;100
20160204 155400;38.16;38.16;38.15;38.15;302
20160204 155500;38.19;38.19;38.19;38.19;100
20160204 155600;38.06;38.06;38.06;38.06;100
20160204 155700;38.07;38.07;38.05;38.05;300
20160204 160000;38.08;38.08;38.02;38.02;1322
20160204 163000;38.08;38.08;38.08;38.08;37
20160204 163100;38.08;38.08;38.08;38.08;75
20160205 093900;38.13;38.13;38.115;38.115;800
20160205 094800;38.2;38.2;38.2;38.2;100
20160205 095600;37.99;37.99;37.99;37.99;100
20160205 095700;38.03;38.16;38.03;38.16;400
20160205 095800;38.35;38.35;38.35;38.35;100
20160205 095900;38.24;38.24;38.19;38.19;200
20160205 100400;38.275;38.275;38.275;38.275;180
20160205 100600;38.16;38.265;38.16;38.26;300
20160205 100800;38.29;38.29;38.29;38.29;100
20160205 100900;38.31;38.31;38.31;38.31;100
20160205 101100;38.44;38.44;38.44;38.44;100
20160205 101400;38.3601;38.37;38.3601;38.37;200
20160205 101500;38.35;38.35;38.26;38.26;500
20160205 101800;38.1999;38.35;38.19;38.35;900
20160205 101900;38.37;38.37;38.37;38.37;100
20160205 102700;38.58;38.58;38.58;38.58;500
20160205 102800;38.35;38.35;38.35;38.35;100
20160205 104600;38.36;38.36;38.36;38.36;100
20160205 105200;38.5;38.5;38.4745;38.4745;800
20160205 105300;38.5;38.5;38.5;38.5;100
20160205 105400;38.51;38.51;38.4;38.4;400
20160205 105700;38.49;38.49;38.49;38.49;100
20160205 110000;38.32;38.61;38.32;38.61;672
20160205 110900;38.52;38.52;38.52;38.52;100
20160205 112400;38.48;38.48;38.48;38.48;100
20160205 112800;38.44;38.47;38.34;38.34;400
20160205 112900;38.45;38.45;38.4;38.4;300
20160205 113100;38.47;38.47;38.47;38.47;100
20160205 113600;38.48;38.48;38.46;38.46;300
20160205 114800;38.45;38.45;38.43;38.43;800
20160205 115500;38.51;38.51;38.51;38.51;200
20160205 121700;38.34;38.34;38.34;38.34;900
20160205 122900;38.36;38.36;38.36;38.36;100
20160205 123800;38.28;38.28;38.28;38.28;100
20160205 130900;38.4;38.4;38.4;38.4;100
20160205 131000;38.3;38.3;38.3;38.3;100
20160205 131400;38.3;38.36;38.3;38.36;700
20160205 131600;38.36;38.36;38.35;38.35;300
20160205 132100;38.35;38.35;38.35;38.35;100
20160205 133100;38.47;38.48;38.26;38.47;500
20160205 133200;38.47;38.47;38.47;38.47;100
20160205 133300;38.45;38.45;38.45;38.45;100
20160205 133400;38.42;38.49;38.42;38.49;200
20160205 133500;38.48;38.48;38.48;38.48;100
20160205 133800;38.47;38.47;38.47;38.47;791
20160205 133900;38.48;38.48;38.48;38.48;200
20160205 134000;38.48;38.48;38.48;38.48;200
20160205 134100;38.51;38.51;38.51;38.51;100
20160205 134600;38.58;38.58;38.34;38.34;500
20160205 135000;38.57;38.58;38.57;38.58;500
20160205 135700;38.56;38.59;38.56;38.59;200
20160205 135800;38.58;38.58;38.58;38.58;100
20160205 140500;38.69;38.69;38.69;38.69;100
20160205 141100;38.51;38.51;38.51;38.51;100
20160205 141300;38.5;38.53;38.5;38.525;800
20160205 141400;38.5;38.5;38.5;38.5;500
20160205 141600;38.5;38.5;38.48;38.48;200
20160205 141700;38.45;38.45;38.45;38.45;200
20160205 142100;38.48;38.49;38.48;38.49;2208
20160205 142400;38.49;38.49;38.49;38.49;200
20160205 143600;38.4;38.4;38.4;38.4;100
20160205 145300;38.51;38.51;38.51;38.51;100
20160205 150100;38.56;38.56;38.515;38.515;200
20160205 150200;38.47;38.51;38.47;38.51;200
20160205 150300;38.54;38.54;38.51;38.51;611
20160205 150400;38.53;38.54;38.53;38.54;200
20160205 150500;38.55;38.55;38.54;38.55;300
20160205 150700;38.55;38.55;38.5422;38.55;343
20160205 150900;38.5441;38.55;38.5441;38.55;958
20160205 151100;38.59;38.59;38.59;38.59;100
20160205 151600;38.59;38.59;38.59;38.59;100
20160205 152000;38.5101;38.5101;38.5101;38.5101;1000
20160205 152100;38.59;38.59;38.59;38.59;300
20160205 152500;38.63;38.64;38.63;38.64;600
20160205 152600;38.67;38.67;38.67;38.67;200
20160205 152700;38.79;38.79;38.79;38.79;100
20160205 153000;38.71;38.71;38.71;38.71;100
20160205 153700;38.76;38.76;38.39;38.39;1000
20160205 153800;38.42;38.5375;38.41;38.41;700
20160205 154000;38.48;38.48;38.48;38.48;100
20160205 154200;38.41;38.41;38.41;38.41;100
20160205 154500;38.55;38.56;38.48;38.55;2319
20160205 154800;38.55;38.55;38.55;38.55;300
20160205 155000;38.71;38.72;38.71;38.72;300
20160205 155100;38.72;38.72;38.72;38.72;100
20160205 155200;38.57;38.57;38.55;38.55;1000
20160205 155400;38.615;38.615;38.615;38.615;100
20160205 155500;38.55;38.67;38.55;38.67;2500
20160205 155600;38.67;38.67;38.55;38.55;2100
20160205 155700;38.585;38.62;38.58;38.58;500
20160205 155900;38.59;38.65;38.49;38.65;2254
20160205 160000;38.55;38.65;38.51;38.52;2500
20160205 160300;38.5;38.5;38.5;38.5;75
20160205 164400;38.4927;38.4927;38.4927;38.4927;896
