20160119 134700;1.28;1.28;1.28;1.28;100
20160119 134800;1.1599;1.16;1.1599;1.16;298
20160119 134900;1.14;1.14;1.14;1.14;300
20160119 135100;1.16;1.16;1.16;1.16;200
20160119 140200;1.26;1.26;1.2101;1.2101;200
20160119 140400;1.21;1.21;1.21;1.21;200
20160119 140700;1.14;1.14;1.14;1.14;200
20160119 140800;1.15;1.19;1.15;1.19;1200
20160119 141400;1.3;1.3;1.3;1.3;100
20160119 141600;1.27;1.27;1.25;1.25;200
20160119 141900;1.2501;1.2501;1.25;1.25;1000
20160119 143200;1.1999;1.1999;1.15;1.15;400
20160119 143800;1.16;1.16;1.16;1.16;1000
20160119 144300;1.16;1.21;1.13;1.21;300
20160119 144400;1.1599;1.16;1.1599;1.16;1100
20160119 144500;1.23;1.23;1.23;1.23;300
20160119 144600;1.23;1.23;1.23;1.23;100
20160119 144800;1.3;1.3;1.3;1.3;600
20160119 144900;1.2;1.24;1.2;1.24;1201
20160119 145000;1.2901;1.2901;1.29;1.29;2649
20160119 145100;1.2;1.2;1.16;1.16;400
20160119 145200;1.16;1.19;1.16;1.19;500
20160119 145300;1.19;1.19;1.18;1.19;300
20160119 145900;1.22;1.22;1.2;1.2;600
20160119 150000;1.1801;1.1801;1.15;1.15;500
20160119 155500;1.05;1.05;1.05;1.05;450
20160119 155600;1.06;1.06;1.0315;1.0315;200
20160120 094000;1.03;1.03;1.03;1.03;420
20160120 100500;1;1;1;1;400
20160121 095300;0.88;0.88;0.88;0.88;100
20160121 101200;0.75;0.8;0.75;0.8;1100
20160121 101300;0.75;0.75;0.75;0.75;1000
20160121 101400;0.75;0.75;0.75;0.75;5000
20160121 101500;0.75;0.75;0.75;0.75;10000
20160121 102900;0.76;0.76;0.76;0.76;2600
20160121 103800;0.8;0.8;0.8;0.8;100
20160121 103900;0.7601;0.7601;0.75;0.75;2000
20160121 104000;0.71;0.71;0.6721;0.7;2004
20160121 104200;0.6722;0.7;0.6722;0.7;1902
20160121 104300;0.7;0.7;0.7;0.7;2000
20160121 104400;0.7;0.7011;0.7;0.7;5170
20160121 105000;0.6721;0.6721;0.672;0.672;1800
20160121 105100;0.65;0.65;0.65;0.65;1000
20160121 105700;0.5999;0.5999;0.5999;0.5999;1000
20160121 105800;0.6;0.6;0.5999;0.5999;2000
20160121 110100;0.6;0.6;0.6;0.6;1100
20160121 110200;0.6;0.6;0.6;0.6;100
20160121 110700;0.5501;0.5501;0.55;0.55;1003
20160121 110800;0.55;0.55;0.5257;0.5258;3630
20160121 111000;0.5258;0.5258;0.5258;0.5258;900
20160121 111100;0.5001;0.5001;0.5001;0.5001;2000
20160121 111300;0.5101;0.5101;0.51;0.51;3000
20160121 111400;0.51;0.51;0.4722;0.4722;2100
20160121 111600;0.5;0.5;0.5;0.5;1000
20160121 111800;0.5;0.5;0.5;0.5;300
20160121 111900;0.4801;0.4801;0.4801;0.4801;300
20160121 112000;0.47;0.47;0.47;0.47;2000
20160121 112600;0.4699;0.4699;0.4699;0.4699;3000
20160121 112900;0.47;0.47;0.4687;0.4687;400
20160121 113400;0.47;0.47;0.4511;0.4511;4053
20160121 113500;0.4511;0.4511;0.45;0.45;3688
20160121 114500;0.46;0.46;0.45;0.45;5000
20160121 115000;0.45;0.45;0.45;0.45;3011
20160121 115400;0.46;0.46;0.46;0.46;200
20160121 120300;0.46;0.46;0.46;0.46;100
20160121 125200;0.4301;0.4301;0.43;0.43;300
20160121 125500;0.451;0.451;0.451;0.451;630
20160121 125700;0.4558;0.4558;0.4558;0.4558;500
20160121 130800;0.46;0.46;0.46;0.46;2029
20160121 131900;0.45;0.47;0.45;0.47;4588
20160121 132000;0.48;0.48;0.48;0.48;100
20160121 132600;0.4501;0.4501;0.4501;0.4501;100
20160121 134100;0.469;0.469;0.4685;0.4685;300
20160121 134800;0.47;0.5;0.47;0.4995;13829
20160121 134900;0.5;0.5;0.5;0.5;3200
20160121 150500;0.5899;0.6;0.5899;0.6;583
20160121 150600;0.5968;0.5968;0.5968;0.5968;200
20160121 150900;0.52;0.52;0.52;0.52;13829
20160121 151700;0.55;0.55;0.55;0.55;1000
20160121 154500;0.5501;0.5501;0.5501;0.5501;100
20160121 155500;0.5201;0.5201;0.5201;0.5201;2200
20160121 155600;0.5211;0.5211;0.5211;0.5211;500
20160121 155700;0.56;0.56;0.55;0.55;1257
20160121 155800;0.5211;0.5211;0.51;0.51;10379
20160121 155900;0.5101;0.5155;0.51;0.51;9000
20160121 160000;0.5183;0.5183;0.5178;0.5178;300
20160121 160400;0.55;0.55;0.55;0.55;2000
20160122 091700;0.4101;0.4101;0.4101;0.4101;300
20160122 110000;0.58;0.58;0.58;0.58;100
20160122 110100;0.59;0.59;0.59;0.59;300
20160122 113900;0.5401;0.5401;0.54;0.54;3400
20160122 114000;0.54;0.54;0.52;0.52;14717
20160122 114600;0.47;0.47;0.47;0.47;100
20160122 115100;0.48;0.48;0.48;0.48;100
20160122 142200;0.47;0.47;0.47;0.47;2029
20160122 145300;0.48;0.48;0.48;0.48;185
20160122 153200;0.51;0.51;0.51;0.51;100
20160122 153400;0.5025;0.5025;0.5025;0.5025;400
20160122 153900;0.5095;0.5095;0.5;0.5;3015
20160122 155200;0.49;0.49;0.48;0.48;1605
20160122 155900;0.47;0.47;0.47;0.47;1000
20160125 095600;0.45;0.45;0.45;0.45;100
20160125 101900;0.45;0.45;0.45;0.45;200
20160125 102200;0.45;0.45;0.4399;0.4399;10100
20160125 110900;0.4;0.4;0.4;0.4;600
20160125 111800;0.43;0.43;0.42;0.42;3200
20160125 114500;0.4;0.4;0.4;0.4;13000
20160125 150600;0.41;0.41;0.41;0.41;200
20160125 150800;0.37;0.37;0.37;0.37;1100
20160125 151300;0.42;0.42;0.42;0.42;200
20160125 153500;0.41;0.41;0.41;0.41;100
20160125 153600;0.41;0.42;0.41;0.42;1600
20160126 110400;0.35;0.35;0.35;0.35;100
20160126 110500;0.4;0.4;0.4;0.4;200
20160126 114700;0.4;0.4;0.4;0.4;600
20160126 154800;0.4;0.4;0.4;0.4;100
20160127 101700;0.3701;0.3701;0.3501;0.3501;11900
20160127 102600;0.3656;0.37;0.3656;0.37;7800
20160127 102700;0.4214;0.426;0.4201;0.4201;5300
20160127 102800;0.4001;0.4001;0.4001;0.4001;500
20160127 102900;0.3605;0.3605;0.3605;0.3605;7500
20160127 104100;0.4;0.4293;0.4;0.4034;1000
20160127 104300;0.3601;0.3601;0.3601;0.3601;300
20160127 105700;0.36;0.36;0.36;0.36;300
20160127 105900;0.3501;0.3501;0.35;0.35;8556
20160127 110000;0.3201;0.35;0.3201;0.35;15000
20160127 110200;0.32;0.3201;0.32;0.3201;1100
20160127 113400;0.345;0.345;0.3448;0.3448;500
20160127 113900;0.349;0.35;0.349;0.35;200
20160127 115900;0.35;0.35;0.35;0.35;3000
20160127 120800;0.3202;0.3202;0.3202;0.3202;100
20160127 120900;0.33;0.33;0.33;0.33;1000
20160127 123900;0.34;0.34;0.34;0.34;500
20160127 125600;0.329;0.329;0.329;0.329;795
20160127 125700;0.3202;0.3202;0.272;0.272;3900
20160127 133500;0.34;0.34;0.34;0.34;100
20160127 134600;0.346;0.346;0.332;0.332;1500
20160127 151400;0.35;0.35;0.35;0.35;900
20160127 154600;0.35;0.35;0.35;0.35;5900
20160127 155900;0.35;0.35;0.35;0.35;3700
20160128 101300;0.32;0.32;0.32;0.32;900
20160128 125600;0.2801;0.2801;0.2801;0.2801;1300
20160128 130000;0.3006;0.31;0.3006;0.3006;3000
20160129 094900;0.3829;0.3829;0.3829;0.3829;100
20160129 101000;0.3;0.3;0.3;0.3;500
20160129 111400;0.3799;0.3799;0.3799;0.3799;300
20160129 112800;0.31;0.37;0.31;0.37;900
20160129 114300;0.37;0.37;0.37;0.37;700
20160129 115700;0.37;0.37;0.37;0.37;200
20160129 125300;0.36;0.36;0.36;0.36;200
20160129 125400;0.36;0.36;0.36;0.36;200
20160129 134400;0.35;0.35;0.35;0.35;200
20160129 140800;0.35;0.35;0.35;0.35;100
20160129 142900;0.35;0.35;0.35;0.35;100
20160129 144700;0.35;0.35;0.35;0.35;100
20160129 150200;0.35;0.35;0.35;0.35;100
20160129 151500;0.35;0.35;0.35;0.35;100
20160129 152600;0.35;0.35;0.35;0.35;100
20160129 153600;0.35;0.35;0.35;0.35;100
20160129 154500;0.35;0.35;0.35;0.35;100
20160129 155300;0.35;0.35;0.35;0.35;150
20160129 155900;0.35;0.35;0.35;0.35;150
20160129 160000;0.35;0.35;0.35;0.35;400
20160201 093400;0.39;0.39;0.39;0.39;4100
20160201 094500;0.3272;0.35;0.3272;0.35;2425
20160201 103500;0.35;0.35;0.35;0.35;100
20160201 103900;0.349;0.35;0.349;0.35;5000
20160201 104000;0.3501;0.3501;0.3501;0.3501;3300
20160201 105000;0.36;0.36;0.36;0.36;800
20160201 111300;0.35;0.35;0.35;0.35;1000
20160201 111800;0.35;0.35;0.35;0.35;1617
20160201 153800;0.3501;0.3501;0.3501;0.3501;1100
20160201 155000;0.3584;0.36;0.3525;0.355;3670
20160201 155400;0.36;0.36;0.36;0.36;2100
20160201 155500;0.36;0.36;0.36;0.36;700
20160202 121000;0.3891;0.3891;0.3891;0.3891;2000
20160202 133800;0.4999;0.4999;0.4999;0.4999;400
20160202 142300;0.4598;0.4598;0.4598;0.4598;425
20160203 104800;0.49;0.49;0.49;0.49;700
20160203 154900;0.5988;0.6;0.5977;0.5986;825
20160203 155100;0.5948;0.713;0.5948;0.713;2463
20160203 155200;0.73;0.83;0.73;0.8268;1800
20160204 114500;0.66;0.66;0.66;0.66;140
20160204 151200;0.65;0.65;0.65;0.65;100
