20160119 093100;3.13;3.13;3.13;3.13;100
20160119 094100;3.11;3.11;3.11;3.11;100
20160119 094500;3.1;3.1;3.1;3.1;100
20160119 094700;3.1;3.1;3.1;3.1;3000
20160119 094900;3.114;3.114;3.114;3.114;200
20160119 095100;3.13;3.14;3.13;3.1399;3300
20160119 095300;3.1165;3.1165;3.1165;3.1165;1000
20160119 095400;3.1;3.13;3.1;3.13;400
20160119 095500;3.1001;3.109;3.1;3.1;1580
20160119 095800;3.1;3.13;3.1;3.1129;6516
20160119 095900;3.1;3.1;3.1;3.1;100
20160119 100400;3.13;3.13;3.13;3.13;500
20160119 100800;3.13;3.13;3.13;3.13;500
20160119 100900;3.12;3.12;3.11;3.11;400
20160119 101500;3.12;3.12;3.12;3.12;100
20160119 101700;3.12;3.12;3.12;3.12;100
20160119 103000;3.115;3.12;3.115;3.12;300
20160119 103400;3.12;3.12;3.11;3.11;1200
20160119 103500;3.1226;3.1226;3.1226;3.1226;100
20160119 103700;3.12;3.13;3.11;3.1101;2175
20160119 104400;3.12;3.12;3.12;3.12;100
20160119 105400;3.11;3.11;3.11;3.11;100
20160119 105900;3.1102;3.1102;3.1102;3.1102;150
20160119 110100;3.123;3.123;3.12;3.12;362
20160119 111000;3.1123;3.117;3.11;3.11;900
20160119 111100;3.11;3.1122;3.11;3.1122;700
20160119 111200;3.11;3.11;3.11;3.11;100
20160119 111800;3.11;3.1115;3.1;3.1;6000
20160119 112500;3.1052;3.1052;3.1;3.1;2100
20160119 113300;3.11;3.11;3.11;3.11;100
20160119 114200;3.1;3.1;3.1;3.1;200
20160119 114300;3.1;3.1;3.1;3.1;500
20160119 114400;3.1;3.1;3.1;3.1;200
20160119 115100;3.1;3.1;3.08;3.08;1658
20160119 115300;3.0762;3.0762;3.0762;3.0762;200
20160119 115500;3.06;3.06;3.05;3.05;200
20160119 120900;3.07;3.07;3.05;3.05;800
20160119 122700;3.06;3.06;3.06;3.06;100
20160119 125100;3.055;3.055;3.055;3.055;100
20160119 125900;3.0599;3.0599;3.055;3.055;1733
20160119 130800;3.05;3.05;3.05;3.05;100
20160119 130900;3.05;3.05;3.05;3.05;1300
20160119 131100;3.04;3.04;3.04;3.04;100
20160119 131600;3.022;3.0242;3.022;3.0242;441
20160119 132600;3.03;3.03;3.03;3.03;200
20160119 133200;3.02;3.02;3;3.02;10900
20160119 133300;3.01;3.015;3.01;3.015;300
20160119 133400;3.0199;3.0199;3.0199;3.0199;4000
20160119 134500;3.01;3.01;3.01;3.01;300
20160119 134700;3.015;3.015;3.015;3.015;500
20160119 135100;3.015;3.015;3.015;3.015;200
20160119 135800;3.01;3.01;3.01;3.01;200
20160119 135900;3.004;3.004;3;3;2310
20160119 140900;3.01;3.01;3.01;3.01;150
20160119 141400;3.01;3.01;3.01;3.01;100
20160119 141500;3.007;3.007;3.007;3.007;200
20160119 141800;3.01;3.01;3.01;3.01;200
20160119 141900;3;3;3;3;200
20160119 142000;3;3;3;3;400
20160119 142200;3;3;3;3;1200
20160119 142300;3.005;3.005;3.005;3.005;100
20160119 142400;3;3;3;3;900
20160119 143200;3.01;3.01;3.01;3.01;100
20160119 143800;3.005;3.005;3.005;3.005;100
20160119 144900;3;3.0001;3;3;10600
20160119 145300;3.005;3.005;3.005;3.005;100
20160119 145400;3;3;3;3;800
20160119 145800;3.0099;3.0099;3.0099;3.0099;200
20160119 150000;3.01;3.01;3.01;3.01;100
20160119 150200;3.0035;3.0035;3;3;3100
20160119 150500;3.0099;3.0099;3.0099;3.0099;100
20160119 150800;3.005;3.005;3.005;3.005;100
20160119 151100;3.0059;3.0059;3.0059;3.0059;1000
20160119 151200;3;3;3;3;100
20160119 151700;3.01;3.01;3.005;3.01;2306
20160119 151800;3.02;3.03;3.01;3.0192;6600
20160119 152000;3.02;3.02;3.02;3.02;750
20160119 152100;3.02;3.02;3.02;3.02;1100
20160119 152400;3.02;3.02;3.01;3.01;200
20160119 152800;3.021;3.021;3.021;3.021;100
20160119 154200;3.02;3.02;3.02;3.02;300
20160119 155000;3.03;3.03;3.022;3.022;2100
20160119 155100;3.02;3.025;3.02;3.025;400
20160119 155400;3.0219;3.0219;3.0219;3.0219;1000
20160119 155900;3.02;3.02;3.01;3.02;300
20160119 160000;3.01;3.01;3;3;2808
20160120 093100;3;3;3;3;2190
20160120 093200;2.95;2.97;2.88;2.88;8942
20160120 093300;2.9007;2.9007;2.9007;2.9007;103
20160120 093400;2.94;2.95;2.94;2.95;300
20160120 093500;2.92;2.92;2.92;2.92;100
20160120 093600;2.9;2.9;2.9;2.9;100
20160120 093800;2.908;2.908;2.89;2.89;900
20160120 093900;2.87;2.87;2.83;2.86;1399
20160120 094000;2.8642;2.881;2.8642;2.881;2500
20160120 094100;2.87;2.884;2.86;2.884;1200
20160120 094200;2.887;2.887;2.848;2.86;2575
20160120 094300;2.87;2.87;2.87;2.87;100
20160120 095000;2.876;2.88;2.876;2.88;10700
20160120 095100;2.8501;2.8501;2.8501;2.8501;1000
20160120 095300;2.8674;2.8674;2.8616;2.8616;600
20160120 095500;2.86;2.86;2.86;2.86;200
20160120 095800;2.823;2.823;2.823;2.823;300
20160120 095900;2.83;2.84;2.81;2.81;3712
20160120 100000;2.82;2.82;2.82;2.82;400
20160120 100100;2.81;2.81;2.81;2.81;200
20160120 100300;2.8164;2.84;2.8164;2.82;1700
20160120 101300;2.81;2.81;2.8;2.8;1163
20160120 101600;2.81;2.85;2.81;2.85;10600
20160120 101700;2.8127;2.82;2.81;2.81;4400
20160120 101900;2.83;2.83;2.8;2.8;17590
20160120 102200;2.8;2.83;2.77;2.78;3100
20160120 102300;2.7761;2.78;2.77;2.77;12545
20160120 102400;2.7711;2.775;2.7701;2.7701;2710
20160120 102500;2.7799;2.7799;2.7799;2.7799;750
20160120 102600;2.78;2.78;2.78;2.78;100
20160120 102700;2.78;2.78;2.77;2.77;812
20160120 103200;2.77;2.77;2.77;2.77;100
20160120 103300;2.761;2.77;2.761;2.77;200
20160120 103500;2.77;2.77;2.76;2.76;600
20160120 103600;2.7644;2.7644;2.76;2.76;1700
20160120 104000;2.76;2.76;2.76;2.76;200
20160120 104200;2.75;2.75;2.7405;2.7405;1400
20160120 104500;2.75;2.75;2.75;2.75;100
20160120 104700;2.7599;2.7599;2.7599;2.7599;400
20160120 104800;2.76;2.76;2.76;2.76;244
20160120 105000;2.7699;2.7699;2.7699;2.7699;1000
20160120 105100;2.77;2.77;2.77;2.77;900
20160120 105300;2.77;2.77;2.77;2.77;600
20160120 105400;2.77;2.77;2.77;2.77;200
20160120 105500;2.77;2.7701;2.77;2.7701;3100
20160120 105700;2.77;2.77;2.76;2.76;10000
20160120 105800;2.7793;2.7793;2.7793;2.7793;3000
20160120 110000;2.78;2.78;2.77;2.77;393
20160120 110200;2.79;2.79;2.79;2.79;1000
20160120 110300;2.7713;2.79;2.7713;2.79;2100
20160120 110400;2.79;2.79;2.79;2.79;1000
20160120 110700;2.7849;2.7849;2.77;2.77;750
20160120 110800;2.7999;2.7999;2.7999;2.7999;5000
20160120 111500;2.82;2.82;2.82;2.82;100
20160120 111800;2.8138;2.83;2.8138;2.82;3604
20160120 112200;2.8101;2.8101;2.8101;2.8101;400
20160120 112400;2.8278;2.8278;2.8278;2.8278;350
20160120 112500;2.83;2.83;2.83;2.83;100
20160120 113100;2.8263;2.8263;2.8263;2.8263;500
20160120 113400;2.83;2.83;2.8206;2.83;1300
20160120 113900;2.83;2.83;2.83;2.83;100
20160120 114000;2.84;2.84;2.839;2.839;500
20160120 114500;2.85;2.85;2.85;2.85;100
20160120 115000;2.84;2.847;2.84;2.84;1700
20160120 115100;2.85;2.86;2.845;2.86;9720
20160120 115200;2.85;2.85;2.85;2.85;600
20160120 115900;2.852;2.8542;2.84;2.84;5704
20160120 120000;2.8405;2.8405;2.8405;2.8405;225
20160120 120100;2.848;2.848;2.848;2.848;450
20160120 120400;2.84;2.84;2.84;2.84;100
20160120 120500;2.84;2.84;2.84;2.84;1500
20160120 120700;2.85;2.85;2.85;2.85;1400
20160120 120800;2.84;2.84;2.84;2.84;100
20160120 121100;2.84;2.84;2.84;2.84;100
20160120 121400;2.84;2.84;2.84;2.84;100
20160120 121700;2.8376;2.8376;2.8376;2.8376;727
20160120 121800;2.84;2.85;2.84;2.85;3100
20160120 122100;2.84;2.85;2.84;2.85;200
20160120 122400;2.84;2.84;2.84;2.84;100
20160120 122600;2.84;2.84;2.84;2.84;100
20160120 122800;2.8499;2.85;2.84;2.85;1800
20160120 122900;2.85;2.87;2.85;2.86;1600
20160120 123000;2.85;2.85;2.85;2.85;412
20160120 123300;2.86;2.86;2.86;2.86;100
20160120 123400;2.86;2.86;2.86;2.86;300
20160120 123500;2.8697;2.8697;2.864;2.864;525
20160120 123600;2.8521;2.8521;2.8521;2.8521;200
20160120 123700;2.86;2.86;2.86;2.86;100
20160120 124000;2.86;2.86;2.8579;2.8579;2063
20160120 124100;2.87;2.87;2.87;2.87;100
20160120 124200;2.852;2.852;2.84;2.84;600
20160120 124400;2.85;2.85;2.85;2.85;100
20160120 124500;2.84;2.84;2.84;2.84;100
20160120 124600;2.86;2.86;2.84;2.85;3600
20160120 125400;2.8402;2.8402;2.84;2.84;2450
20160120 125600;2.85;2.85;2.85;2.85;100
20160120 125700;2.84;2.84;2.84;2.84;200
20160120 130000;2.85;2.855;2.85;2.855;4550
20160120 130200;2.86;2.86;2.86;2.86;100
20160120 130400;2.8546;2.8546;2.8546;2.8546;4000
20160120 130600;2.8525;2.8525;2.8525;2.8525;100
20160120 130900;2.8525;2.8525;2.8525;2.8525;100
20160120 131200;2.85;2.8525;2.85;2.85;1600
20160120 131300;2.855;2.855;2.855;2.855;100
20160120 131500;2.85;2.85;2.85;2.85;200
20160120 132000;2.85;2.855;2.85;2.85;1300
20160120 132100;2.8525;2.89;2.8525;2.87;3500
20160120 132200;2.863;2.8642;2.862;2.862;800
20160120 132400;2.8799;2.8799;2.86;2.86;4100
20160120 132500;2.87;2.87;2.87;2.87;100
20160120 132700;2.86;2.86;2.86;2.86;100
20160120 133000;2.86;2.86;2.86;2.86;100
20160120 133700;2.86;2.865;2.86;2.865;200
20160120 133900;2.86;2.86;2.86;2.86;100
20160120 134200;2.86;2.86;2.86;2.86;100
20160120 134300;2.864;2.87;2.864;2.87;400
20160120 134400;2.8822;2.8822;2.8822;2.8822;200
20160120 134600;2.89;2.8966;2.8899;2.8966;1400
20160120 134900;2.91;2.91;2.91;2.91;300
20160120 135400;2.91;2.91;2.91;2.91;100
20160120 135500;2.92;2.92;2.92;2.92;1500
20160120 135700;2.91;2.91;2.91;2.91;200
20160120 135900;2.919;2.92;2.91;2.92;9900
20160120 140000;2.935;2.935;2.93;2.935;1000
20160120 140100;2.935;2.935;2.89;2.91;4696
20160120 140500;2.8966;2.8966;2.8966;2.8966;500
20160120 140600;2.9;2.9;2.89;2.89;200
20160120 140700;2.9;2.9;2.89;2.9;6000
20160120 140900;2.89;2.89;2.89;2.89;100
20160120 141200;2.8903;2.8903;2.8903;2.8903;100
20160120 141300;2.895;2.895;2.895;2.895;200
20160120 141500;2.8903;2.8903;2.8903;2.8903;100
20160120 142200;2.895;2.9;2.895;2.9;200
20160120 142300;2.895;2.895;2.895;2.895;100
20160120 142400;2.89;2.89;2.89;2.89;100
20160120 142600;2.89;2.89;2.89;2.89;200
20160120 142700;2.899;2.899;2.89;2.89;2200
20160120 143000;2.89;2.895;2.89;2.895;300
20160120 143500;2.89;2.9;2.89;2.89;1600
20160120 143600;2.89;2.8999;2.88;2.8999;2000
20160120 143900;2.8803;2.8803;2.8803;2.8803;100
20160120 144200;2.88;2.88;2.88;2.88;100
20160120 144300;2.885;2.885;2.87;2.88;2960
20160120 144500;2.87;2.87;2.87;2.87;100
20160120 145100;2.87;2.87;2.87;2.87;100
20160120 145400;2.8703;2.8703;2.8703;2.8703;100
20160120 145600;2.88;2.88;2.88;2.88;1200
20160120 145700;2.88;2.88;2.88;2.88;100
20160120 145800;2.875;2.875;2.875;2.875;100
20160120 150000;2.87;2.87;2.87;2.87;100
20160120 150800;2.875;2.885;2.87;2.88;2600
20160120 150900;2.88;2.885;2.88;2.8842;1000
20160120 151000;2.887;2.887;2.887;2.887;600
20160120 151200;2.89;2.89;2.87;2.87;500
20160120 151500;2.87;2.8899;2.87;2.8899;1800
20160120 151600;2.89;2.89;2.89;2.89;400
20160120 151700;2.9;2.9;2.9;2.9;200
20160120 152000;2.91;2.91;2.91;2.91;100
20160120 152300;2.91;2.91;2.91;2.91;100
20160120 152400;2.9;2.92;2.9;2.92;200
20160120 152500;2.93;2.93;2.92;2.92;200
20160120 152700;2.91;2.91;2.91;2.91;200
20160120 152800;2.92;2.92;2.92;2.92;100
20160120 152900;2.9143;2.9143;2.9143;2.9143;7000
20160120 153000;2.91;2.91;2.91;2.91;100
20160120 153100;2.916;2.916;2.916;2.916;200
20160120 153200;2.93;2.93;2.93;2.93;120
20160120 153300;2.93;2.93;2.93;2.93;300
20160120 153400;2.93;2.93;2.93;2.93;200
20160120 153600;2.92;2.92;2.92;2.92;100
20160120 153700;2.92;2.92;2.92;2.92;900
20160120 153800;2.9201;2.9201;2.9;2.9;9100
20160120 153900;2.91;2.91;2.9;2.9003;1200
20160120 154200;2.9;2.9;2.9;2.9;100
20160120 154400;2.905;2.91;2.905;2.91;360
20160120 154500;2.9091;2.9091;2.9;2.9;700
20160120 154600;2.9099;2.9099;2.9099;2.9099;100
20160120 154800;2.91;2.91;2.91;2.91;500
20160120 154900;2.91;2.91;2.91;2.91;300
20160120 155000;2.91;2.91;2.91;2.91;1000
20160120 155100;2.91;2.91;2.91;2.91;600
20160120 155400;2.9;2.9;2.9;2.9;500
20160120 155600;2.91;2.91;2.9;2.9;200
20160120 155700;2.905;2.905;2.9;2.905;1845
20160120 155800;2.91;2.91;2.905;2.91;2000
20160120 155900;2.91;2.91;2.9;2.905;2961
20160120 160000;2.91;2.91;2.88;2.88;7729
20160120 160100;2.89;2.89;2.89;2.89;2
20160121 093100;2.89;2.89;2.89;2.89;100
20160121 093300;2.89;2.89;2.89;2.89;610
20160121 094100;2.893;2.9;2.88;2.89;5200
20160121 095300;2.894;2.894;2.894;2.894;100
20160121 095600;2.895;2.9;2.895;2.9;5300
20160121 100200;2.93;2.93;2.9103;2.916;1100
20160121 100600;2.94;2.94;2.94;2.94;500
20160121 100700;2.95;2.9682;2.95;2.9682;300
20160121 100900;2.96;2.96;2.96;2.96;700
20160121 101100;2.97;2.98;2.97;2.9799;1941
20160121 101400;2.97;2.97;2.97;2.97;100
20160121 101600;2.98;2.9899;2.9768;2.98;2700
20160121 102300;2.98;2.98;2.98;2.98;200
20160121 102400;2.9724;2.9724;2.9724;2.9724;200
20160121 102600;2.98;2.98;2.96;2.96;400
20160121 103200;2.96;2.96;2.96;2.96;100
20160121 103800;2.98;2.98;2.98;2.98;500
20160121 103900;2.9676;2.97;2.9676;2.97;250
20160121 104200;2.98;2.98;2.97;2.97;500
20160121 104500;2.9674;2.9674;2.9674;2.9674;873
20160121 104700;2.9756;2.9756;2.9756;2.9756;300
20160121 104900;2.9684;2.9684;2.9684;2.9684;600
20160121 105200;2.98;2.98;2.98;2.98;200
20160121 110400;2.961;2.962;2.961;2.962;750
20160121 110500;2.97;2.97;2.96;2.96;200
20160121 110600;2.99;2.99;2.99;2.99;200
20160121 110800;2.9645;2.9645;2.9645;2.9645;150
20160121 110900;2.98;2.98;2.98;2.98;100
20160121 111300;2.99;3;2.99;3;2342
20160121 111500;2.997;2.997;2.997;2.997;500
20160121 111900;2.99;2.99;2.96;2.96;5100
20160121 112400;2.97;2.97;2.97;2.97;100
20160121 112500;2.99;2.99;2.99;2.99;200
20160121 113000;2.98;2.98;2.98;2.98;100
20160121 113300;2.9802;2.99;2.9802;2.99;3000
20160121 113700;2.99;2.99;2.99;2.99;100
20160121 114100;3;3;3;3;200
20160121 114300;2.99;3;2.99;2.9934;1700
20160121 114800;2.9752;2.9752;2.9752;2.9752;627
20160121 115000;3;3;2.99;2.99;200
20160121 115700;2.99;2.99;2.99;2.99;100
20160121 115800;2.99;2.99;2.99;2.99;300
20160121 120200;3;3;3;3;8280
20160121 120300;3.03;3.05;3.03;3.05;200
20160121 120400;3.03;3.03;3.03;3.03;300
20160121 120700;3.06;3.06;3.034;3.051;1100
20160121 121200;3.05;3.05;3.05;3.05;100
20160121 121400;3.0599;3.0599;3.0599;3.0599;5000
20160121 122100;3.07;3.07;3.07;3.07;100
20160121 122300;3.069;3.069;3.067;3.069;2000
20160121 122600;3.07;3.07;3.07;3.07;100
20160121 122700;3.07;3.07;3.07;3.07;100
20160121 122800;3.07;3.07;3.07;3.07;100
20160121 122900;3.0601;3.0601;3.0601;3.0601;1000
20160121 123000;3.065;3.065;3.065;3.065;100
20160121 123400;3.07;3.07;3.07;3.07;100
20160121 123900;3.07;3.07;3.07;3.07;200
20160121 124400;3.06;3.07;3.06;3.07;200
20160121 124600;3.07;3.07;3.07;3.07;200
20160121 124800;3.069;3.07;3.069;3.07;700
20160121 125800;3.055;3.055;3.055;3.055;100
20160121 130000;3.0634;3.0634;3.0634;3.0634;400
20160121 130400;3.06;3.06;3.06;3.06;100
20160121 130800;3.07;3.07;3.07;3.07;100
20160121 131700;3.05;3.05;3.05;3.05;100
20160121 131800;3.06;3.06;3.04;3.04;200
20160121 131900;3.04;3.04;3.04;3.04;200
20160121 132100;3.0438;3.0438;3.0438;3.0438;300
20160121 132300;3.0499;3.06;3.0499;3.06;5600
20160121 133000;3.06;3.06;3.06;3.06;1000
20160121 133100;3.05;3.05;3.05;3.05;100
20160121 133500;3.044;3.044;3.044;3.044;100
20160121 133600;3.0556;3.0556;3.0556;3.0556;500
20160121 133900;3.0444;3.0444;3.0444;3.0444;600
20160121 134100;3.05;3.05;3.05;3.05;100
20160121 134200;3.06;3.06;3.06;3.06;100
20160121 135100;3.05;3.05;3.05;3.05;100
20160121 135200;3.0444;3.06;3.04;3.06;2100
20160121 135600;3.055;3.06;3.055;3.06;300
20160121 135700;3.06;3.06;3.06;3.06;300
20160121 135800;3.06;3.06;3.051;3.055;600
20160121 135900;3.06;3.06;3.06;3.06;200
20160121 140000;3.06;3.068;3.06;3.068;1000
20160121 140700;3.07;3.07;3.07;3.07;100
20160121 140900;3.06;3.06;3.06;3.06;100
20160121 141200;3.06;3.06;3.06;3.06;100
20160121 141300;3.06;3.06;3.05;3.05;2000
20160121 141400;3.05;3.05;3.05;3.05;100
20160121 141700;3.04;3.04;3.04;3.04;2000
20160121 142600;3.05;3.05;3.05;3.05;100
20160121 142800;3.045;3.045;3.045;3.045;100
20160121 143000;3.05;3.05;3.05;3.05;100
20160121 144100;3.0462;3.0462;3.0462;3.0462;200
20160121 144500;3.045;3.045;3.045;3.045;100
20160121 144600;3.05;3.05;3.05;3.05;100
20160121 145300;3.045;3.045;3.04;3.04;1500
20160121 145400;3.05;3.05;3.05;3.05;100
20160121 145500;3.0401;3.0401;3.0401;3.0401;533
20160121 145700;3.05;3.05;3.045;3.045;200
20160121 150200;3.05;3.05;3.05;3.05;100
20160121 150700;3.045;3.045;3.041;3.041;1000
20160121 150900;3.045;3.045;3.045;3.045;200
20160121 151700;3.05;3.05;3.05;3.05;100
20160121 152200;3.042;3.045;3.042;3.045;286
20160121 152700;3.05;3.05;3.05;3.05;100
20160121 153000;3.0499;3.05;3.048;3.05;4229
20160121 153200;3.06;3.06;3.06;3.06;100
20160121 153400;3.07;3.07;3.07;3.07;100
20160121 153500;3.06;3.06;3.06;3.06;400
20160121 153600;3.06;3.07;3.06;3.07;500
20160121 153700;3.06;3.07;3.06;3.07;200
20160121 154100;3.0622;3.08;3.06;3.08;3600
20160121 154200;3.08;3.08;3.0702;3.0702;3100
20160121 154300;3.08;3.08;3.0702;3.0702;4000
20160121 154400;3.09;3.09;3.09;3.09;100
20160121 154500;3.0868;3.1;3.0868;3.1;300
20160121 154600;3.0879;3.0879;3.0879;3.0879;100
20160121 154700;3.1;3.1;3.09;3.1;300
20160121 154800;3.1;3.1;3.1;3.1;100
20160121 155000;3.1068;3.1068;3.1;3.1;200
20160121 155100;3.11;3.11;3.09;3.09;400
20160121 155200;3.11;3.11;3.1;3.1;2112
20160121 155300;3.11;3.11;3.1084;3.1084;200
20160121 155500;3.1084;3.11;3.1;3.11;5600
20160121 155600;3.1084;3.1084;3.1084;3.1084;100
20160121 155700;3.11;3.11;3.1;3.105;3123
20160121 155800;3.1084;3.1084;3.1084;3.1084;100
20160121 155900;3.1;3.101;3.07;3.09;7824
20160121 160000;3.09;3.1;3.09;3.1;600
20160121 161300;3.06;3.06;3.06;3.06;1000
20160122 093000;3.16;3.16;3.12;3.16;1159
20160122 093100;3.16;3.3199;3.16;3.24;3674
20160122 093200;3.17;3.17;3.17;3.17;200
20160122 093600;3.23;3.23;3.22;3.23;900
20160122 094300;3.19;3.19;3.19;3.19;100
20160122 094600;3.1625;3.19;3.1625;3.19;550
20160122 094700;3.192;3.192;3.192;3.192;100
20160122 095200;3.159;3.159;3.159;3.159;1500
20160122 095900;3.1632;3.1632;3.1632;3.1632;450
20160122 100000;3.18;3.18;3.18;3.18;1600
20160122 100200;3.18;3.18;3.18;3.18;100
20160122 101100;3.19;3.19;3.19;3.19;1300
20160122 101200;3.23;3.23;3.2299;3.23;3700
20160122 101300;3.2159;3.2159;3.2159;3.2159;5200
20160122 101600;3.23;3.23;3.23;3.23;700
20160122 102200;3.26;3.26;3.26;3.26;100
20160122 102600;3.224;3.2242;3.22;3.22;2500
20160122 102700;3.2543;3.2543;3.2543;3.2543;535
20160122 103100;3.26;3.26;3.26;3.26;100
20160122 103400;3.24;3.24;3.24;3.24;200
20160122 103800;3.23;3.23;3.23;3.23;100
20160122 104400;3.24;3.24;3.22;3.22;400
20160122 104500;3.22;3.22;3.22;3.22;200
20160122 105000;3.22;3.2298;3.22;3.2298;400
20160122 105100;3.2199;3.2199;3.2199;3.2199;100
20160122 105200;3.22;3.22;3.22;3.22;100
20160122 105700;3.2199;3.2199;3.2199;3.2199;145
20160122 105800;3.22;3.22;3.22;3.22;100
20160122 110400;3.2122;3.2122;3.2122;3.2122;1500
20160122 110600;3.19;3.19;3.19;3.19;100
20160122 111100;3.19;3.19;3.19;3.19;113
20160122 111200;3.171;3.171;3.171;3.171;1000
20160122 111300;3.17;3.17;3.16;3.16;500
20160122 111500;3.17;3.17;3.17;3.17;200
20160122 113000;3.16;3.16;3.16;3.16;100
20160122 113300;3.1699;3.1699;3.15;3.15;6100
20160122 113400;3.15;3.15;3.15;3.15;100
20160122 114300;3.1502;3.1502;3.1502;3.1502;1000
20160122 114900;3.1501;3.1501;3.15;3.15;1100
20160122 120100;3.168;3.168;3.168;3.168;100
20160122 120200;3.1699;3.1699;3.15;3.167;5200
20160122 121600;3.15;3.15;3.15;3.15;100
20160122 122500;3.17;3.17;3.17;3.17;100
20160122 122800;3.17;3.18;3.16;3.18;2926
20160122 123000;3.18;3.19;3.17;3.18;6511
20160122 130000;3.1838;3.1838;3.1838;3.1838;400
20160122 131700;3.198;3.198;3.198;3.198;1500
20160122 131900;3.2;3.2;3.199;3.199;200
20160122 132000;3.22;3.22;3.2;3.21;700
20160122 132400;3.2199;3.2199;3.2199;3.2199;150
20160122 140400;3.21;3.236;3.2;3.227;11100
20160122 140500;3.23;3.23;3.23;3.23;100
20160122 140600;3.2101;3.236;3.2101;3.236;300
20160122 141400;3.2101;3.2101;3.21;3.21;3761
20160122 143100;3.23;3.23;3.23;3.23;100
20160122 143300;3.23;3.23;3.23;3.23;100
20160122 145100;3.2144;3.2144;3.2144;3.2144;200
20160122 145200;3.21;3.21;3.21;3.21;100
20160122 145500;3.23;3.23;3.23;3.23;100
20160122 150800;3.2178;3.2178;3.2178;3.2178;621
20160122 150900;3.21;3.21;3.21;3.21;100
20160122 151500;3.2224;3.2224;3.2224;3.2224;400
20160122 151900;3.2224;3.23;3.2224;3.23;600
20160122 152600;3.2294;3.2294;3.2294;3.2294;800
20160122 153300;3.2101;3.24;3.2101;3.24;790
20160122 153400;3.2172;3.24;3.2172;3.24;700
20160122 154000;3.2285;3.2285;3.2285;3.2285;500
20160122 154100;3.24;3.24;3.24;3.24;100
20160122 154500;3.24;3.24;3.24;3.24;100
20160122 155100;3.23;3.25;3.23;3.25;800
20160122 155600;3.23;3.2301;3.23;3.23;1700
20160122 155800;3.22;3.2201;3.21;3.215;5313
20160122 155900;3.22;3.24;3.22;3.24;3010
20160122 160000;3.24;3.24;3.22;3.23;2152
20160125 093700;3.23;3.235;3.2;3.2;700
20160125 093900;3.21;3.229;3.21;3.229;300
20160125 094000;3.23;3.23;3.23;3.23;100
20160125 094100;3.22;3.22;3.21;3.21;200
20160125 094200;3.23;3.23;3.21;3.21;200
20160125 094400;3.23;3.23;3.23;3.23;100
20160125 094500;3.23;3.23;3.23;3.23;100
20160125 094600;3.23;3.2375;3.23;3.2375;500
20160125 094700;3.2455;3.2455;3.2148;3.2148;1303
20160125 094900;3.249;3.249;3.249;3.249;100
20160125 095000;3.25;3.25;3.23;3.23;500
20160125 095200;3.23;3.23;3.21;3.21;200
20160125 095400;3.229;3.229;3.229;3.229;100
20160125 095600;3.224;3.224;3.224;3.224;100
20160125 095800;3.2;3.2;3.2;3.2;100
20160125 095900;3.19;3.19;3.18;3.18;1400
20160125 100000;3.18;3.18;3.18;3.18;1160
20160125 100100;3.18;3.18;3.18;3.18;100
20160125 100200;3.21;3.21;3.21;3.21;200
20160125 100300;3.21;3.22;3.21;3.22;200
20160125 100400;3.23;3.23;3.21;3.22;1500
20160125 100600;3.23;3.23;3.23;3.23;100
20160125 100700;3.22;3.24;3.22;3.24;700
20160125 100900;3.22;3.22;3.21;3.21;200
20160125 101100;3.22;3.22;3.22;3.22;100
20160125 101200;3.23;3.23;3.23;3.23;100
20160125 101400;3.23;3.23;3.21;3.21;200
20160125 101500;3.19;3.19;3.19;3.19;130
20160125 101700;3.21;3.21;3.21;3.21;100
20160125 101800;3.2299;3.2299;3.2299;3.2299;175
20160125 101900;3.23;3.24;3.23;3.24;300
20160125 102000;3.24;3.24;3.24;3.24;100
20160125 102200;3.25;3.25;3.25;3.25;200
20160125 102400;3.247;3.247;3.247;3.247;100
20160125 102600;3.24;3.24;3.24;3.24;100
20160125 102700;3.25;3.25;3.25;3.25;100
20160125 102900;3.249;3.249;3.249;3.249;100
20160125 103200;3.24;3.24;3.24;3.24;482
20160125 103300;3.22;3.23;3.22;3.23;300
20160125 103400;3.225;3.225;3.225;3.225;100
20160125 103600;3.22;3.22;3.22;3.22;200
20160125 103900;3.22;3.22;3.22;3.22;100
20160125 104100;3.22;3.22;3.22;3.22;100
20160125 104300;3.22;3.22;3.22;3.22;300
20160125 104600;3.22;3.2298;3.22;3.2298;200
20160125 104800;3.22;3.22;3.22;3.22;100
20160125 105000;3.23;3.23;3.23;3.23;100
20160125 105100;3.22;3.22;3.22;3.22;100
20160125 105200;3.23;3.23;3.23;3.23;100
20160125 105300;3.21;3.225;3.21;3.21;600
20160125 105400;3.21;3.22;3.2001;3.22;1895
20160125 105500;3.21;3.21;3.21;3.21;200
20160125 105700;3.22;3.23;3.22;3.23;300
20160125 105800;3.23;3.23;3.23;3.23;100
20160125 105900;3.23;3.23;3.23;3.23;200
20160125 110300;3.22;3.24;3.22;3.24;200
20160125 110400;3.21;3.21;3.21;3.21;100
20160125 110600;3.21;3.2297;3.21;3.2297;200
20160125 110900;3.23;3.23;3.22;3.22;200
20160125 111200;3.21;3.21;3.2;3.2;3510
20160125 111400;3.2;3.2;3.2;3.2;200
20160125 111600;3.21;3.21;3.21;3.21;100
20160125 111900;3.219;3.219;3.219;3.219;100
20160125 112200;3.22;3.22;3.22;3.22;100
20160125 112400;3.22;3.22;3.215;3.215;400
20160125 112500;3.22;3.22;3.22;3.22;1300
20160125 112700;3.24;3.24;3.2355;3.2355;300
20160125 112800;3.22;3.22;3.22;3.22;200
20160125 112900;3.22;3.22;3.22;3.22;100
20160125 113000;3.21;3.21;3.21;3.21;200
20160125 113200;3.22;3.22;3.22;3.22;100
20160125 113300;3.21;3.21;3.21;3.21;250
20160125 113400;3.22;3.22;3.22;3.22;100
20160125 113500;3.21;3.21;3.21;3.21;400
20160125 113600;3.2;3.2;3.2;3.2;100
20160125 113700;3.21;3.2198;3.21;3.2198;300
20160125 113900;3.21;3.21;3.21;3.21;200
20160125 114000;3.2078;3.2078;3.2078;3.2078;1250
20160125 114200;3.22;3.227;3.22;3.227;200
20160125 114300;3.229;3.229;3.22;3.22;200
20160125 114600;3.23;3.23;3.23;3.23;100
20160125 114900;3.23;3.23;3.23;3.23;100
20160125 115100;3.23;3.23;3.23;3.23;100
20160125 115200;3.24;3.24;3.24;3.24;100
20160125 115400;3.237;3.238;3.22;3.22;1400
20160125 115600;3.22;3.22;3.22;3.22;100
20160125 115700;3.22;3.239;3.22;3.239;300
20160125 115900;3.24;3.24;3.24;3.24;100
20160125 120100;3.2397;3.2397;3.2397;3.2397;100
20160125 120300;3.21;3.21;3.21;3.21;100
20160125 120400;3.22;3.22;3.22;3.22;200
20160125 120500;3.22;3.22;3.22;3.22;100
20160125 120600;3.22;3.22;3.22;3.22;100
20160125 120900;3.22;3.22;3.22;3.22;100
20160125 121200;3.23;3.23;3.23;3.23;100
20160125 121300;3.22;3.22;3.22;3.22;100
20160125 121600;3.22;3.22;3.22;3.22;100
20160125 121900;3.22;3.22;3.22;3.22;100
20160125 122000;3.22;3.22;3.22;3.22;100
20160125 122100;3.22;3.22;3.22;3.22;100
20160125 122400;3.22;3.22;3.22;3.22;100
20160125 122600;3.24;3.24;3.24;3.24;100
20160125 122900;3.239;3.239;3.239;3.239;100
20160125 123000;3.2203;3.23;3.21;3.21;3300
20160125 123100;3.22;3.22;3.22;3.22;200
20160125 123200;3.227;3.227;3.227;3.227;200
20160125 123400;3.22;3.22;3.22;3.22;200
20160125 123500;3.22;3.22;3.22;3.22;100
20160125 123600;3.21;3.21;3.21;3.21;100
20160125 123700;3.22;3.22;3.22;3.22;100
20160125 123900;3.219;3.219;3.215;3.215;300
20160125 124200;3.215;3.215;3.215;3.215;200
20160125 124400;3.22;3.22;3.21;3.21;496
20160125 124500;3.2;3.21;3.2;3.21;200
20160125 124600;3.2;3.2;3.2;3.2;827
20160125 124700;3.2;3.21;3.2;3.21;300
20160125 124800;3.21;3.217;3.21;3.217;200
20160125 124900;3.21;3.217;3.21;3.217;300
20160125 125000;3.217;3.217;3.21;3.21;300
20160125 125100;3.22;3.22;3.2074;3.2074;1600
20160125 125200;3.2125;3.2125;3.21;3.21;300
20160125 125400;3.2125;3.2125;3.2125;3.2125;100
20160125 125500;3.2125;3.2125;3.2125;3.2125;300
20160125 125700;3.2125;3.215;3.2;3.2;800
20160125 125900;3.2;3.2;3.2;3.2;300
20160125 130000;3.2;3.2;3.2;3.2;300
20160125 130100;3.2;3.2;3.2;3.2;1500
20160125 130200;3.2;3.2;3.2;3.2;400
20160125 130400;3.2;3.2;3.2;3.2;200
20160125 130500;3.207;3.207;3.207;3.207;200
20160125 130600;3.2;3.2;3.2;3.2;200
20160125 130800;3.1829;3.1829;3.1829;3.1829;364
20160125 130900;3.2;3.2;3.2;3.2;300
20160125 131000;3.2085;3.21;3.2085;3.2085;300
20160125 131100;3.2;3.2028;3.2;3.2028;200
20160125 131200;3.2;3.2;3.2;3.2;200
20160125 131400;3.2;3.21;3.2;3.21;200
20160125 131600;3.2;3.2;3.2;3.2;100
20160125 131700;3.207;3.207;3.207;3.207;100
20160125 131900;3.2;3.21;3.2;3.21;200
20160125 132100;3.2;3.2;3.18;3.18;2300
20160125 132400;3.19;3.1955;3.18;3.1955;700
20160125 132500;3.18;3.18;3.1708;3.1708;460
20160125 132600;3.17;3.18;3.17;3.18;200
20160125 132700;3.18;3.189;3.18;3.189;300
20160125 132900;3.18;3.18;3.18;3.18;200
20160125 133000;3.17;3.18;3.16;3.16;342
20160125 133200;3.17;3.18;3.17;3.18;300
20160125 133300;3.19;3.19;3.18;3.18;200
20160125 133400;3.1701;3.19;3.1701;3.19;1100
20160125 133500;3.17;3.187;3.17;3.187;6500
20160125 133600;3.17;3.17;3.17;3.17;2000
20160125 133700;3.17;3.17;3.17;3.17;400
20160125 133800;3.17;3.17;3.17;3.17;200
20160125 133900;3.17;3.17;3.17;3.17;300
20160125 134000;3.17;3.177;3.16;3.177;700
20160125 134100;3.17;3.17;3.17;3.17;100
20160125 134200;3.17;3.17;3.17;3.17;300
20160125 134400;3.17;3.17;3.17;3.17;200
20160125 134600;3.17;3.17;3.17;3.17;200
20160125 134700;3.17;3.17;3.17;3.17;100
20160125 134900;3.17;3.17;3.16;3.17;300
20160125 135000;3.1783;3.1783;3.16;3.16;400
20160125 135100;3.17;3.17;3.17;3.17;100
20160125 135200;3.17;3.17;3.15;3.15;900
20160125 135400;3.15;3.16;3.15;3.16;200
20160125 135500;3.16;3.16;3.16;3.16;400
20160125 135600;3.16;3.16;3.16;3.16;100
20160125 135700;3.169;3.17;3.169;3.17;200
20160125 135900;3.17;3.17;3.17;3.17;100
20160125 140100;3.17;3.17;3.17;3.17;200
20160125 140400;3.17;3.17;3.17;3.17;100
20160125 140500;3.165;3.17;3.165;3.17;4154
20160125 140600;3.17;3.175;3.17;3.175;300
20160125 140700;3.175;3.175;3.17;3.175;500
20160125 140800;3.175;3.175;3.175;3.175;100
20160125 140900;3.17;3.175;3.17;3.175;300
20160125 141100;3.175;3.175;3.175;3.175;200
20160125 141300;3.175;3.175;3.175;3.175;100
20160125 141400;3.175;3.175;3.175;3.175;100
20160125 141600;3.175;3.1798;3.175;3.1798;550
20160125 141800;3.17;3.17;3.17;3.17;1000
20160125 141900;3.175;3.175;3.17;3.175;400
20160125 142000;3.187;3.19;3.17;3.187;11200
20160125 142100;3.19;3.19;3.19;3.19;100
20160125 142200;3.18;3.18;3.17;3.18;1000
20160125 142300;3.19;3.19;3.18;3.18;300
20160125 142400;3.2;3.2;3.2;3.2;100
20160125 142600;3.2;3.2;3.2;3.2;100
20160125 142900;3.2;3.2;3.199;3.199;200
20160125 143200;3.21;3.21;3.21;3.21;100
20160125 143400;3.21;3.21;3.21;3.21;200
20160125 143500;3.2;3.2;3.2;3.2;200
20160125 143600;3.2;3.2;3.2;3.2;100
20160125 143700;3.21;3.21;3.21;3.21;100
20160125 143900;3.21;3.21;3.21;3.21;100
20160125 144000;3.21;3.21;3.21;3.21;100
20160125 144200;3.21;3.21;3.21;3.21;100
20160125 144400;3.21;3.21;3.21;3.21;100
20160125 144500;3.22;3.22;3.22;3.22;100
20160125 144600;3.21;3.21;3.21;3.21;100
20160125 144900;3.219;3.219;3.219;3.219;100
20160125 145000;3.22;3.22;3.21;3.215;600
20160125 145200;3.22;3.22;3.22;3.22;200
20160125 145300;3.22;3.22;3.22;3.22;400
20160125 145500;3.22;3.22;3.22;3.22;300
20160125 145700;3.22;3.22;3.22;3.22;200
20160125 145900;3.22;3.22;3.22;3.22;100
20160125 150000;3.22;3.22;3.22;3.22;200
20160125 150200;3.22;3.22;3.22;3.22;200
20160125 150300;3.229;3.229;3.229;3.229;100
20160125 150400;3.24;3.247;3.24;3.247;900
20160125 150500;3.247;3.25;3.24;3.25;800
20160125 150700;3.24;3.24;3.23;3.23;700
20160125 150900;3.24;3.24;3.24;3.24;200
20160125 151000;3.24;3.25;3.24;3.24;700
20160125 151100;3.24;3.24;3.24;3.24;400
20160125 151200;3.25;3.25;3.25;3.25;300
20160125 151500;3.25;3.25;3.25;3.25;100
20160125 151800;3.247;3.247;3.247;3.247;2000
20160125 151900;3.24;3.24;3.24;3.24;100
20160125 152000;3.24;3.24;3.23;3.23;200
20160125 152100;3.24;3.24;3.24;3.24;100
20160125 152400;3.23;3.24;3.23;3.24;200
20160125 152700;3.23;3.23;3.22;3.22;1387
20160125 152900;3.24;3.24;3.24;3.24;100
20160125 153300;3.24;3.24;3.24;3.24;100
20160125 153500;3.2201;3.23;3.2201;3.23;600
20160125 153700;3.2235;3.24;3.2235;3.24;4000
20160125 153900;3.24;3.24;3.24;3.24;100
20160125 154000;3.24;3.24;3.24;3.24;100
20160125 154100;3.24;3.24;3.22;3.22;820
20160125 154300;3.2176;3.2176;3.2176;3.2176;1100
20160125 154500;3.22;3.22;3.22;3.22;200
20160125 154600;3.2128;3.2128;3.2128;3.2128;1500
20160125 154800;3.21;3.21;3.21;3.21;100
20160125 154900;3.2194;3.2194;3.19;3.19;4003
20160125 155100;3.21;3.21;3.19;3.19;300
20160125 155500;3.195;3.2;3.195;3.2;300
20160125 155600;3.19;3.1925;3.19;3.19;1700
20160125 155700;3.19;3.19;3.19;3.19;100
20160125 155800;3.2;3.2;3.2;3.2;100
20160125 155900;3.19;3.2;3.19;3.19;700
20160125 160000;3.19;3.21;3.18;3.21;5828
20160126 095900;3.175;3.175;3.175;3.175;700
20160126 100100;3.1976;3.1976;3.19;3.1915;3949
20160126 100300;3.22;3.22;3.22;3.22;100
20160126 100500;3.212;3.212;3.212;3.212;1000
20160126 100600;3.22;3.22;3.22;3.22;100
20160126 101900;3.23;3.23;3.229;3.229;300
20160126 102600;3.227;3.227;3.223;3.223;450
20160126 103300;3.22;3.22;3.22;3.22;100
20160126 103900;3.19;3.19;3.19;3.19;100
20160126 104800;3.2099;3.2099;3.2099;3.2099;300
20160126 105000;3.21;3.21;3.21;3.21;100
20160126 105600;3.2;3.205;3.17;3.17;919
20160126 110000;3.1999;3.1999;3.1999;3.1999;561
20160126 110200;3.17;3.17;3.13;3.13;5786
20160126 110300;3.14;3.15;3.13;3.13;500
20160126 110600;3.1482;3.15;3.1376;3.15;700
20160126 110800;3.14;3.14;3.14;3.14;100
20160126 113800;3.13;3.13;3.13;3.13;100
20160126 115000;3.13;3.13;3.13;3.13;100
20160126 120100;3.1425;3.15;3.1425;3.15;2400
20160126 120300;3.1386;3.15;3.1386;3.15;2060
20160126 121700;3.1344;3.1344;3.1344;3.1344;1305
20160126 121900;3.14;3.14;3.14;3.14;100
20160126 122000;3.13;3.13;3.13;3.13;100
20160126 122300;3.1381;3.1381;3.1381;3.1381;400
20160126 122700;3.14;3.14;3.14;3.14;600
20160126 123100;3.15;3.16;3.15;3.16;4605
20160126 123400;3.159;3.18;3.159;3.18;1001
20160126 124400;3.1799;3.18;3.1799;3.18;990
20160126 124600;3.1621;3.1621;3.1621;3.1621;566
20160126 125200;3.1501;3.1501;3.1501;3.1501;537
20160126 125700;3.18;3.18;3.18;3.18;100
20160126 130000;3.18;3.18;3.18;3.18;100
20160126 130300;3.1899;3.19;3.1899;3.19;3100
20160126 130600;3.199;3.2;3.199;3.2;200
20160126 131400;3.21;3.21;3.21;3.21;100
20160126 133500;3.195;3.195;3.18;3.18;200
20160126 134400;3.2099;3.2099;3.19;3.19;595
20160126 134500;3.2074;3.21;3.19;3.19;700
20160126 135000;3.18;3.18;3.18;3.18;100
20160126 135400;3.183;3.21;3.18;3.18;1300
20160126 140000;3.1964;3.21;3.19;3.19;1700
20160126 140500;3.19;3.19;3.19;3.19;100
20160126 140600;3.18;3.19;3.18;3.19;1700
20160126 141400;3.1801;3.1801;3.1801;3.1801;685
20160126 141700;3.2;3.2;3.2;3.2;300
20160126 141800;3.2;3.21;3.19;3.19;2300
20160126 142700;3.22;3.225;3.22;3.2225;500
20160126 142800;3.22;3.22;3.22;3.22;200
20160126 143200;3.2199;3.22;3.2199;3.22;3597
20160126 143300;3.2193;3.23;3.21;3.23;3000
20160126 143600;3.23;3.2385;3.23;3.2385;2894
20160126 143900;3.23;3.23;3.22;3.23;1300
20160126 144000;3.24;3.24;3.24;3.24;300
20160126 144100;3.24;3.24;3.24;3.24;100
20160126 144200;3.24;3.24;3.24;3.24;100
20160126 144300;3.24;3.24;3.24;3.24;100
20160126 144500;3.25;3.25;3.25;3.25;200
20160126 144600;3.25;3.25;3.25;3.25;200
20160126 144800;3.2499;3.2499;3.2499;3.2499;3890
20160126 144900;3.2493;3.2493;3.24;3.2493;5100
20160126 145200;3.24;3.24;3.24;3.24;200
20160126 145400;3.24;3.25;3.24;3.25;5791
20160126 145900;3.2414;3.2414;3.2414;3.2414;1000
20160126 150400;3.24;3.24;3.24;3.24;1700
20160126 150500;3.24;3.24;3.24;3.24;100
20160126 150700;3.23;3.23;3.23;3.23;200
20160126 150900;3.2282;3.23;3.21;3.21;4425
20160126 151100;3.24;3.24;3.24;3.24;100
20160126 151200;3.2301;3.24;3.2301;3.24;200
20160126 151500;3.24;3.24;3.24;3.24;100
20160126 152000;3.235;3.235;3.235;3.235;100
20160126 152500;3.24;3.24;3.235;3.235;400
20160126 152900;3.2335;3.2335;3.2335;3.2335;450
20160126 153100;3.2399;3.2399;3.2399;3.2399;875
20160126 153200;3.24;3.25;3.239;3.239;900
20160126 153500;3.25;3.25;3.25;3.25;100
20160126 153600;3.25;3.25;3.249;3.249;3424
20160126 153800;3.26;3.26;3.26;3.26;100
20160126 154100;3.26;3.27;3.26;3.27;200
20160126 154400;3.2532;3.27;3.2532;3.2616;300
20160126 154500;3.2616;3.27;3.2616;3.27;200
20160126 154700;3.27;3.27;3.2601;3.261;4900
20160126 154800;3.27;3.27;3.2699;3.2699;400
20160126 154900;3.27;3.27;3.27;3.27;200
20160126 155100;3.28;3.28;3.28;3.28;100
20160126 155300;3.28;3.28;3.28;3.28;200
20160126 155500;3.28;3.28;3.28;3.28;300
20160126 155700;3.27;3.27;3.26;3.26;1000
20160126 155800;3.26;3.26;3.26;3.26;100
20160126 160000;3.27;3.29;3.27;3.27;1467
20160127 094000;3.2398;3.25;3.21;3.21;5800
20160127 094500;3.2799;3.2799;3.2799;3.2799;613
20160127 100200;3.22;3.22;3.22;3.22;100
20160127 101500;3.22;3.23;3.22;3.23;500
20160127 102500;3.25;3.25;3.2499;3.25;1100
20160127 103600;3.25;3.25;3.25;3.25;1000
20160127 104600;3.25;3.28;3.25;3.28;2200
20160127 104700;3.261;3.27;3.253;3.27;6500
20160127 105200;3.26;3.26;3.26;3.26;200
20160127 110500;3.25;3.25;3.25;3.25;100
20160127 111500;3.2501;3.2501;3.25;3.25;1300
20160127 111900;3.2445;3.2445;3.24;3.24;3200
20160127 112100;3.244;3.244;3.24;3.24;3100
20160127 112200;3.2401;3.2401;3.24;3.24;4100
20160127 112600;3.27;3.27;3.27;3.27;100
20160127 113600;3.252;3.27;3.252;3.27;1300
20160127 114100;3.29;3.29;3.29;3.29;400
20160127 114200;3.2701;3.2701;3.2701;3.2701;1000
20160127 114300;3.2801;3.29;3.2801;3.29;1100
20160127 114500;3.2901;3.2901;3.2901;3.2901;1000
20160127 114700;3.29;3.29;3.29;3.29;100
20160127 115600;3.3;3.3;3.3;3.3;500
20160127 120500;3.26;3.26;3.26;3.26;100
20160127 122200;3.267;3.27;3.267;3.267;1900
20160127 122900;3.27;3.27;3.27;3.27;1300
20160127 124400;3.29;3.29;3.29;3.29;100
20160127 124600;3.28;3.28;3.28;3.28;400
20160127 125200;3.28;3.28;3.28;3.28;100
20160127 125600;3.29;3.29;3.29;3.29;100
20160127 131700;3.28;3.28;3.28;3.28;600
20160127 133000;3.2612;3.2612;3.25;3.25;2200
20160127 133300;3.245;3.245;3.24;3.242;300
20160127 134100;3.24;3.24;3.24;3.24;300
20160127 135200;3.235;3.235;3.19;3.22;6837
20160127 135500;3.2242;3.2242;3.2242;3.2242;200
20160127 135600;3.22;3.22;3.21;3.21;400
20160127 135700;3.2199;3.2199;3.2199;3.2199;2938
20160127 140600;3.22;3.22;3.22;3.22;100
20160127 140700;3.2399;3.2399;3.22;3.22;5300
20160127 141000;3.23;3.23;3.23;3.23;200
20160127 142500;3.2299;3.2299;3.2299;3.2299;530
20160127 142600;3.2234;3.2234;3.2234;3.2234;510
20160127 143500;3.2;3.227;3.2;3.227;200
20160127 144100;3.2;3.2;3.2;3.2;100
20160127 145200;3.2;3.2;3.2;3.2;200
20160127 145300;3.2;3.2;3.2;3.2;100
20160127 150500;3.19;3.19;3.18;3.18;200
20160127 150700;3.18;3.18;3.18;3.18;1100
20160127 150900;3.19;3.19;3.19;3.19;100
20160127 151600;3.1867;3.19;3.1867;3.19;900
20160127 151800;3.19;3.19;3.19;3.19;100
20160127 151900;3.18;3.185;3.18;3.18;600
20160127 152000;3.18;3.18;3.18;3.18;100
20160127 152700;3.19;3.19;3.19;3.19;100
20160127 153200;3.19;3.22;3.19;3.22;2400
20160127 153300;3.21;3.21;3.21;3.21;100
20160127 153400;3.21;3.23;3.21;3.23;200
20160127 153600;3.23;3.23;3.23;3.23;100
20160127 153700;3.23;3.23;3.23;3.23;100
20160127 153800;3.24;3.24;3.229;3.23;1000
20160127 153900;3.237;3.237;3.237;3.237;100
20160127 154200;3.24;3.24;3.24;3.24;200
20160127 154400;3.24;3.24;3.2399;3.24;300
20160127 154600;3.23;3.24;3.23;3.24;200
20160127 154900;3.25;3.25;3.25;3.25;200
20160127 155100;3.25;3.25;3.25;3.25;200
20160127 155200;3.2528;3.2528;3.2528;3.2528;500
20160127 155300;3.25;3.26;3.25;3.26;300
20160127 155400;3.26;3.27;3.26;3.26;600
20160127 155500;3.26;3.26;3.2499;3.25;4346
20160127 155600;3.24;3.24;3.24;3.24;200
20160127 155700;3.24;3.247;3.2351;3.2399;2308
20160127 155800;3.24;3.24;3.24;3.24;200
20160127 155900;3.25;3.25;3.24;3.24;600
20160127 160000;3.23;3.26;3.23;3.25;2700
20160128 093100;3.3;3.3567;3.25;3.299;2624
20160128 093200;3.32;3.32;3.32;3.32;444
20160128 094800;3.3299;3.35;3.32;3.32;2269
20160128 095300;3.34;3.34;3.34;3.34;100
20160128 095400;3.34;3.34;3.34;3.34;100
20160128 095700;3.3501;3.36;3.3501;3.36;1300
20160128 100100;3.38;3.38;3.38;3.38;100
20160128 100200;3.376;3.395;3.376;3.39;9309
20160128 100400;3.3925;3.3925;3.39;3.39;300
20160128 100500;3.37;3.37;3.36;3.37;15004
20160128 100600;3.371;3.371;3.371;3.371;1000
20160128 101000;3.3778;3.3778;3.3778;3.3778;370
20160128 101500;3.3705;3.373;3.37;3.373;5200
20160128 102300;3.3562;3.3562;3.3562;3.3562;630
20160128 102500;3.36;3.36;3.36;3.36;100
20160128 102900;3.3564;3.36;3.3564;3.36;336
20160128 103000;3.35;3.35;3.35;3.35;700
20160128 103300;3.34;3.34;3.34;3.34;400
20160128 103900;3.3499;3.3499;3.3499;3.3499;2500
20160128 104700;3.36;3.36;3.36;3.36;100
20160128 104900;3.3522;3.36;3.3522;3.36;490
20160128 105300;3.37;3.37;3.37;3.37;100
20160128 110200;3.37;3.37;3.37;3.37;100
20160128 111200;3.37;3.37;3.37;3.37;100
20160128 112800;3.36;3.36;3.351;3.36;3100
20160128 112900;3.36;3.36;3.36;3.36;100
20160128 113100;3.3501;3.3501;3.3501;3.3501;8330
20160128 113700;3.36;3.36;3.36;3.36;100
20160128 114800;3.35;3.35;3.35;3.35;100
20160128 114900;3.355;3.36;3.355;3.36;500
20160128 115300;3.353;3.353;3.351;3.351;225
20160128 115500;3.36;3.36;3.36;3.36;300
20160128 115600;3.37;3.37;3.37;3.37;100
20160128 115700;3.351;3.351;3.35;3.35;1200
20160128 120600;3.344;3.3442;3.342;3.342;2986
20160128 121300;3.34;3.34;3.33;3.33;2800
20160128 121400;3.33;3.33;3.33;3.33;100
20160128 122000;3.34;3.34;3.34;3.34;100
20160128 122300;3.33;3.33;3.33;3.33;100
20160128 123700;3.33;3.33;3.32;3.33;4200
20160128 123900;3.31;3.31;3.31;3.31;100
20160128 124300;3.29;3.29;3.29;3.29;100
20160128 124400;3.3;3.3;3.3;3.3;100
20160128 124900;3.29;3.29;3.29;3.29;100
20160128 125000;3.29;3.29;3.28;3.28;900
20160128 125700;3.2701;3.2701;3.27;3.27;3300
20160128 130000;3.28;3.28;3.28;3.28;100
20160128 130200;3.272;3.272;3.27;3.27;1177
20160128 130800;3.29;3.29;3.29;3.29;100
20160128 131000;3.28;3.28;3.28;3.28;100
20160128 132200;3.28;3.28;3.28;3.28;600
20160128 132800;3.27;3.27;3.27;3.27;1000
20160128 133800;3.2602;3.28;3.2602;3.28;15400
20160128 134100;3.28;3.28;3.28;3.28;100
20160128 134600;3.28;3.28;3.28;3.28;1000
20160128 134700;3.28;3.28;3.28;3.28;300
20160128 135000;3.28;3.28;3.2701;3.2701;600
20160128 135200;3.2735;3.2735;3.2735;3.2735;300
20160128 135600;3.28;3.28;3.28;3.28;100
20160128 135800;3.28;3.28;3.2701;3.2701;2200
20160128 140200;3.28;3.28;3.28;3.28;1300
20160128 140400;3.28;3.28;3.2723;3.2723;200
20160128 140500;3.2778;3.28;3.2778;3.28;347
20160128 140800;3.27;3.27;3.27;3.27;800
20160128 141200;3.28;3.28;3.28;3.28;100
20160128 142200;3.2615;3.27;3.26;3.27;2000
20160128 142500;3.2661;3.2661;3.26;3.26;1000
20160128 142600;3.26;3.26;3.26;3.26;500
20160128 143200;3.255;3.255;3.255;3.255;300
20160128 143300;3.255;3.255;3.255;3.255;100
20160128 143900;3.25;3.255;3.25;3.2534;800
20160128 144300;3.25;3.25;3.249;3.25;5260
20160128 144500;3.25;3.2501;3.25;3.25;4300
20160128 144700;3.255;3.255;3.255;3.255;550
20160128 145000;3.26;3.26;3.255;3.26;1200
20160128 145800;3.2551;3.2551;3.2551;3.2551;200
20160128 150100;3.26;3.26;3.26;3.26;200
20160128 150800;3.255;3.255;3.25;3.25;1100
20160128 150900;3.2499;3.2499;3.2499;3.2499;500
20160128 151200;3.2401;3.25;3.2401;3.25;3100
20160128 151300;3.25;3.25;3.25;3.25;100
20160128 151400;3.25;3.25;3.25;3.25;100
20160128 151700;3.26;3.26;3.26;3.26;100
20160128 151900;3.28;3.28;3.28;3.28;100
20160128 152300;3.28;3.28;3.28;3.28;100
20160128 153200;3.29;3.29;3.29;3.29;400
20160128 153300;3.29;3.29;3.29;3.29;200
20160128 153400;3.29;3.29;3.29;3.29;400
20160128 153600;3.29;3.29;3.29;3.29;200
20160128 153800;3.29;3.29;3.29;3.29;900
20160128 154100;3.29;3.29;3.29;3.29;100
20160128 154300;3.2998;3.2998;3.29;3.29;2200
20160128 154600;3.28;3.28;3.28;3.28;100
20160128 154700;3.28;3.29;3.28;3.29;200
20160128 154800;3.3;3.3;3.3;3.3;200
20160128 155400;3.3;3.3;3.3;3.3;100
20160128 155600;3.29;3.29;3.29;3.29;234
20160128 155700;3.31;3.31;3.31;3.31;200
20160128 155800;3.3099;3.3099;3.29;3.3;1900
20160128 155900;3.3;3.3;3.3;3.3;100
20160128 160000;3.31;3.34;3.31;3.33;4158
20160128 174800;3.28;3.28;3.28;3.28;425
20160129 094300;3.29;3.29;3.22;3.25;13693
20160129 094500;3.2601;3.2601;3.2601;3.2601;561
20160129 095200;3.2724;3.2724;3.2724;3.2724;1900
20160129 095300;3.28;3.28;3.23;3.23;11685
20160129 095400;3.23;3.27;3.23;3.27;270
20160129 095600;3.29;3.29;3.23;3.23;13210
20160129 095700;3.25;3.25;3.25;3.25;100
20160129 095800;3.27;3.27;3.27;3.27;100
20160129 095900;3.25;3.26;3.25;3.25;11000
20160129 100100;3.27;3.29;3.25;3.28;17788
20160129 100600;3.29;3.29;3.29;3.29;100
20160129 102000;3.25;3.25;3.23;3.24;23680
20160129 102100;3.24;3.24;3.24;3.24;400
20160129 102300;3.2614;3.2614;3.2545;3.2545;2396
20160129 102800;3.27;3.27;3.27;3.27;495
20160129 103100;3.25;3.25;3.23;3.25;10096
20160129 103300;3.26;3.27;3.26;3.27;200
20160129 103500;3.3;3.3;3.3;3.3;100
20160129 103600;3.3;3.31;3.3;3.31;200
20160129 103700;3.32;3.32;3.32;3.32;100
20160129 104000;3.32;3.3299;3.32;3.3299;200
20160129 104100;3.3299;3.3299;3.3299;3.3299;100
20160129 104200;3.3299;3.3399;3.3299;3.3399;1000
20160129 104300;3.335;3.335;3.335;3.335;600
20160129 104400;3.335;3.335;3.335;3.335;100
20160129 104600;3.335;3.335;3.335;3.335;100
20160129 104700;3.335;3.335;3.32;3.32;1000
20160129 105000;3.32;3.32;3.32;3.32;100
20160129 105200;3.32;3.32;3.32;3.32;200
20160129 105300;3.32;3.32;3.32;3.32;100
20160129 105400;3.32;3.32;3.32;3.32;100
20160129 105600;3.32;3.32;3.32;3.32;200
20160129 105700;3.32;3.32;3.32;3.32;100
20160129 105800;3.31;3.31;3.28;3.31;3200
20160129 110000;3.3;3.31;3.3;3.31;700
20160129 110100;3.31;3.31;3.31;3.31;100
20160129 110200;3.31;3.31;3.31;3.31;100
20160129 110300;3.31;3.31;3.31;3.31;100
20160129 110400;3.31;3.31;3.31;3.31;100
20160129 110600;3.31;3.31;3.31;3.31;100
20160129 110700;3.31;3.31;3.31;3.31;200
20160129 110800;3.31;3.31;3.31;3.31;100
20160129 111000;3.31;3.31;3.31;3.31;100
20160129 111100;3.31;3.31;3.31;3.31;100
20160129 111200;3.31;3.31;3.31;3.31;100
20160129 111400;3.31;3.31;3.31;3.31;100
20160129 111500;3.31;3.31;3.31;3.31;100
20160129 111700;3.31;3.31;3.31;3.31;100
20160129 111800;3.32;3.32;3.31;3.31;200
20160129 111900;3.31;3.31;3.31;3.31;100
20160129 112100;3.305;3.305;3.3;3.3;800
20160129 112200;3.3;3.3;3.3;3.3;500
20160129 112300;3.305;3.305;3.305;3.305;105
20160129 112500;3.305;3.305;3.305;3.305;100
20160129 112600;3.305;3.305;3.305;3.305;100
20160129 112800;3.305;3.305;3.305;3.305;200
20160129 112900;3.305;3.305;3.305;3.305;100
20160129 113100;3.305;3.305;3.305;3.305;100
20160129 113200;3.3;3.3;3.3;3.3;1000
20160129 113300;3.3;3.3;3.3;3.3;300
20160129 113400;3.3;3.3;3.3;3.3;600
20160129 113800;3.295;3.295;3.28;3.28;800
20160129 114100;3.28;3.28;3.28;3.28;300
20160129 114200;3.28;3.29;3.28;3.29;200
20160129 114400;3.28;3.28;3.28;3.28;100
20160129 114600;3.28;3.28;3.28;3.28;200
20160129 114700;3.28;3.2863;3.28;3.2863;200
20160129 114800;3.28;3.28;3.28;3.28;100
20160129 114900;3.28;3.28;3.28;3.28;100
20160129 115000;3.28;3.29;3.28;3.29;200
20160129 115200;3.28;3.28;3.28;3.28;300
20160129 115400;3.28;3.28;3.28;3.28;100
20160129 115500;3.29;3.2999;3.29;3.2999;200
20160129 115600;3.29;3.3;3.29;3.3;200
20160129 115700;3.2999;3.2999;3.29;3.29;200
20160129 115800;3.3;3.3;3.3;3.3;200
20160129 115900;3.3;3.3;3.28;3.28;1000
20160129 120300;3.288;3.31;3.285;3.31;6500
20160129 120600;3.31;3.31;3.3;3.3;300
20160129 120700;3.3;3.3;3.3;3.3;900
20160129 120800;3.3;3.3;3.3;3.3;1500
20160129 120900;3.3;3.31;3.3;3.31;600
20160129 121000;3.3;3.3;3.3;3.3;200
20160129 121100;3.3;3.3;3.3;3.3;100
20160129 121200;3.3;3.305;3.3;3.305;400
20160129 121300;3.3;3.305;3.3;3.305;400
20160129 121400;3.3;3.3;3.3;3.3;100
20160129 121500;3.3;3.305;3.3;3.305;400
20160129 121600;3.3;3.3;3.3;3.3;500
20160129 121700;3.3;3.3;3.3;3.3;300
20160129 121800;3.3;3.3;3.3;3.3;100
20160129 121900;3.305;3.305;3.305;3.305;300
20160129 122000;3.305;3.31;3.305;3.305;400
20160129 122100;3.305;3.31;3.305;3.305;600
20160129 122200;3.305;3.305;3.305;3.305;300
20160129 122300;3.305;3.305;3.305;3.305;400
20160129 122400;3.305;3.31;3.3;3.3;700
20160129 122500;3.31;3.31;3.31;3.31;100
20160129 122600;3.3299;3.3299;3.3299;3.3299;100
20160129 122800;3.33;3.33;3.33;3.33;300
20160129 122900;3.33;3.33;3.33;3.33;200
20160129 123000;3.34;3.34;3.34;3.34;300
20160129 123100;3.34;3.34;3.34;3.34;200
20160129 123200;3.34;3.341;3.34;3.34;1585
20160129 123300;3.34;3.34;3.34;3.34;200
20160129 123500;3.34;3.34;3.34;3.34;100
20160129 123700;3.34;3.34;3.34;3.34;100
20160129 123900;3.3299;3.3299;3.3299;3.3299;100
20160129 124100;3.34;3.34;3.34;3.34;100
20160129 124300;3.34;3.34;3.34;3.34;100
20160129 124400;3.34;3.34;3.34;3.34;100
20160129 124600;3.34;3.34;3.34;3.34;100
20160129 124700;3.34;3.34;3.34;3.34;100
20160129 124800;3.34;3.34;3.34;3.34;100
20160129 125000;3.34;3.34;3.34;3.34;100
20160129 125200;3.34;3.34;3.34;3.34;100
20160129 125300;3.34;3.34;3.34;3.34;100
20160129 125500;3.34;3.34;3.34;3.34;100
20160129 125700;3.34;3.34;3.34;3.34;100
20160129 125900;3.34;3.34;3.34;3.34;100
20160129 130000;3.34;3.34;3.34;3.34;100
20160129 130200;3.34;3.34;3.34;3.34;100
20160129 130300;3.34;3.34;3.34;3.34;100
20160129 130500;3.34;3.34;3.34;3.34;200
20160129 130600;3.34;3.34;3.34;3.34;100
20160129 130700;3.36;3.36;3.36;3.36;100
20160129 130900;3.36;3.36;3.36;3.36;100
20160129 131100;3.36;3.36;3.36;3.36;100
20160129 131300;3.34;3.34;3.3;3.34;2250
20160129 131900;3.35;3.35;3.35;3.35;100
20160129 132100;3.35;3.35;3.35;3.35;100
20160129 132300;3.35;3.35;3.35;3.35;100
20160129 132500;3.35;3.35;3.35;3.35;100
20160129 132600;3.3499;3.3499;3.3499;3.3499;3800
20160129 132700;3.35;3.35;3.3317;3.337;488
20160129 132900;3.35;3.35;3.35;3.35;100
20160129 133100;3.35;3.35;3.35;3.35;100
20160129 133200;3.35;3.35;3.35;3.35;100
20160129 133400;3.36;3.36;3.36;3.36;100
20160129 133600;3.36;3.36;3.36;3.36;100
20160129 133800;3.36;3.36;3.36;3.36;100
20160129 134000;3.36;3.36;3.36;3.36;100
20160129 134200;3.36;3.36;3.36;3.36;100
20160129 134400;3.35;3.35;3.35;3.35;100
20160129 134600;3.36;3.36;3.36;3.36;100
20160129 134700;3.35;3.36;3.35;3.36;400
20160129 134900;3.36;3.36;3.36;3.36;100
20160129 135100;3.3499;3.3499;3.3499;3.3499;100
20160129 135200;3.32;3.33;3.32;3.33;300
20160129 135600;3.34;3.34;3.34;3.34;100
20160129 135700;3.34;3.34;3.34;3.34;100
20160129 140000;3.34;3.34;3.34;3.34;100
20160129 140600;3.3398;3.34;3.3398;3.34;1080
20160129 140700;3.32;3.34;3.32;3.34;334
20160129 141000;3.333;3.333;3.333;3.333;243
20160129 141400;3.32;3.32;3.32;3.32;300
20160129 141500;3.325;3.325;3.325;3.325;100
20160129 141900;3.3288;3.33;3.3288;3.33;1039
20160129 142100;3.33;3.33;3.33;3.33;100
20160129 142900;3.327;3.327;3.327;3.327;727
20160129 143200;3.3201;3.3201;3.3201;3.3201;1500
20160129 143300;3.3299;3.3299;3.3299;3.3299;100
20160129 143800;3.33;3.33;3.33;3.33;100
20160129 144000;3.32;3.32;3.32;3.32;200
20160129 144100;3.312;3.312;3.312;3.312;1000
20160129 145000;3.3101;3.3101;3.31;3.31;867
20160129 145500;3.32;3.32;3.32;3.32;100
20160129 150200;3.31;3.31;3.3;3.3;400
20160129 150400;3.3;3.3;3.3;3.3;700
20160129 150500;3.31;3.31;3.31;3.31;200
20160129 150600;3.32;3.33;3.315;3.315;300
20160129 151000;3.32;3.32;3.32;3.32;100
20160129 151400;3.31;3.31;3.31;3.31;100
20160129 151600;3.31;3.32;3.3;3.31;1500
20160129 151900;3.32;3.32;3.32;3.32;100
20160129 152600;3.31;3.31;3.3;3.31;2700
20160129 152800;3.3;3.3;3.3;3.3;300
20160129 152900;3.29;3.3;3.29;3.3;1000
20160129 153300;3.31;3.31;3.31;3.31;100
20160129 153400;3.29;3.3;3.29;3.3;1400
20160129 153500;3.3;3.3;3.3;3.3;100
20160129 153900;3.295;3.3;3.29;3.295;1900
20160129 154000;3.29;3.29;3.29;3.29;200
20160129 154100;3.29;3.3;3.28;3.3;9150
20160129 154300;3.3;3.3;3.3;3.3;100
20160129 154400;3.29;3.3;3.29;3.3;1200
20160129 154500;3.3;3.3;3.3;3.3;200
20160129 154600;3.3099;3.3099;3.3;3.3;320
20160129 154700;3.29;3.29;3.29;3.29;1600
20160129 154800;3.29;3.31;3.29;3.31;400
20160129 154900;3.3;3.31;3.3;3.3;300
20160129 155000;3.31;3.31;3.3;3.3;400
20160129 155100;3.3;3.3;3.3;3.3;277
20160129 155200;3.3;3.3;3.27;3.28;7155
20160129 155300;3.27;3.27;3.27;3.27;1427
20160129 155400;3.28;3.28;3.275;3.275;2800
20160129 155500;3.29;3.29;3.29;3.29;200
20160129 155600;3.31;3.31;3.3;3.3;1800
20160129 155700;3.3;3.3;3.3;3.3;200
20160129 155900;3.29;3.3;3.29;3.3;10400
20160129 160000;3.31;3.33;3.3;3.31;14517
20160201 093400;3.26;3.26;3.26;3.26;200
20160201 093600;3.25;3.25;3.25;3.25;240
20160201 093700;3.2598;3.2598;3.2598;3.2598;800
20160201 093800;3.22;3.2201;3.15;3.1888;21008
20160201 094100;3.22;3.22;3.22;3.22;100
20160201 094300;3.2164;3.2166;3.21;3.21;600
20160201 094600;3.24;3.244;3.24;3.244;700
20160201 094900;3.21;3.21;3.19;3.19;800
20160201 095700;3.2;3.2;3.2;3.2;200
20160201 100100;3.2;3.2;3.2;3.2;300
20160201 100400;3.19;3.19;3.19;3.19;722
20160201 101200;3.2;3.2;3.2;3.2;300
20160201 101400;3.2;3.2;3.18;3.1825;3400
20160201 101500;3.218;3.218;3.218;3.218;500
20160201 102300;3.22;3.22;3.22;3.22;100
20160201 102900;3.22;3.22;3.22;3.22;100
20160201 104100;3.19;3.19;3.19;3.19;100
20160201 104200;3.19;3.19;3.19;3.19;900
20160201 104800;3.21;3.21;3.21;3.21;100
20160201 104900;3.22;3.22;3.22;3.22;100
20160201 110000;3.23;3.235;3.23;3.235;500
20160201 110600;3.229;3.23;3.223;3.223;2200
20160201 110700;3.23;3.23;3.229;3.229;1100
20160201 111200;3.24;3.24;3.24;3.24;100
20160201 111700;3.24;3.24;3.24;3.24;200
20160201 111900;3.24;3.24;3.24;3.24;100
20160201 112000;3.235;3.235;3.23;3.23;900
20160201 112200;3.22;3.22;3.22;3.22;100
20160201 112900;3.21;3.21;3.21;3.21;100
20160201 113100;3.23;3.23;3.2;3.2;1100
20160201 113600;3.215;3.215;3.19;3.21;2300
20160201 113900;3.191;3.2;3.191;3.2;500
20160201 114000;3.2;3.2;3.2;3.2;100
20160201 115000;3.199;3.199;3.199;3.199;200
20160201 115600;3.21;3.21;3.21;3.21;100
20160201 121200;3.19;3.19;3.19;3.19;100
20160201 122100;3.19;3.19;3.19;3.19;100
20160201 122200;3.19;3.19;3.18;3.18;600
20160201 122300;3.2;3.23;3.2;3.23;600
20160201 122400;3.23;3.24;3.22;3.22;1200
20160201 122500;3.22;3.23;3.22;3.23;200
20160201 122600;3.21;3.21;3.21;3.21;200
20160201 122700;3.21;3.21;3.21;3.21;100
20160201 125100;3.21;3.21;3.21;3.21;100
20160201 125300;3.21;3.21;3.21;3.21;100
20160201 125400;3.21;3.21;3.21;3.21;100
20160201 130100;3.21;3.21;3.21;3.21;100
20160201 130400;3.21;3.21;3.21;3.21;500
20160201 130600;3.22;3.2243;3.22;3.2243;400
20160201 130800;3.22;3.22;3.21;3.22;700
20160201 131100;3.221;3.221;3.221;3.221;727
20160201 131400;3.2276;3.23;3.2276;3.23;935
20160201 131600;3.2173;3.2173;3.2101;3.2101;264
20160201 131700;3.22;3.23;3.22;3.22;700
20160201 131800;3.22;3.22;3.22;3.22;100
20160201 131900;3.23;3.23;3.23;3.23;100
20160201 132100;3.22;3.22;3.22;3.22;100
20160201 132700;3.22;3.22;3.22;3.22;100
20160201 132800;3.23;3.23;3.22;3.22;400
20160201 133200;3.23;3.23;3.23;3.23;100
20160201 133400;3.22;3.22;3.21;3.21;2387
20160201 134400;3.19;3.19;3.19;3.19;100
20160201 135100;3.19;3.19;3.19;3.19;100
20160201 135700;3.19;3.19;3.19;3.19;100
20160201 140100;3.206;3.206;3.206;3.206;1256
20160201 140200;3.21;3.21;3.21;3.21;100
20160201 141000;3.2;3.2;3.2;3.2;100
20160201 141600;3.2016;3.2016;3.2016;3.2016;311
20160201 142200;3.2;3.2;3.2;3.2;2000
20160201 142300;3.19;3.23;3.19;3.23;1900
20160201 142700;3.22;3.22;3.22;3.22;300
20160201 142800;3.22;3.22;3.22;3.22;100
20160201 142900;3.22;3.22;3.22;3.22;100
20160201 143100;3.225;3.225;3.225;3.225;100
20160201 143400;3.225;3.225;3.225;3.225;100
20160201 143800;3.221;3.225;3.221;3.225;500
20160201 144000;3.225;3.225;3.225;3.225;100
20160201 144500;3.22;3.225;3.22;3.225;500
20160201 144600;3.225;3.23;3.22;3.23;2400
20160201 144800;3.2318;3.2318;3.23;3.231;2558
20160201 144900;3.23;3.23;3.23;3.23;100
20160201 145300;3.23;3.23;3.23;3.23;400
20160201 145600;3.2302;3.2302;3.2302;3.2302;700
20160201 145800;3.23;3.23;3.23;3.23;100
20160201 150200;3.23;3.24;3.23;3.24;300
20160201 150300;3.24;3.24;3.24;3.24;100
20160201 150400;3.24;3.24;3.23;3.23;200
20160201 150500;3.24;3.24;3.24;3.24;200
20160201 150600;3.24;3.24;3.24;3.24;100
20160201 150700;3.24;3.24;3.24;3.24;100
20160201 150800;3.24;3.24;3.23;3.24;400
20160201 150900;3.235;3.24;3.235;3.24;1170
20160201 151000;3.235;3.24;3.235;3.24;200
20160201 151100;3.24;3.24;3.235;3.235;300
20160201 151200;3.235;3.24;3.235;3.235;500
20160201 151300;3.24;3.25;3.2389;3.25;5047
20160201 151400;3.25;3.25;3.25;3.25;200
20160201 151500;3.25;3.26;3.25;3.26;600
20160201 152000;3.26;3.26;3.26;3.26;100
20160201 152100;3.27;3.27;3.27;3.27;100
20160201 152600;3.26;3.26;3.26;3.26;200
20160201 153100;3.26;3.26;3.26;3.26;200
20160201 153400;3.26;3.26;3.26;3.26;100
20160201 153500;3.26;3.2665;3.26;3.2665;575
20160201 153800;3.26;3.26;3.26;3.26;100
20160201 153900;3.26;3.26;3.26;3.26;1300
20160201 154100;3.26;3.26;3.26;3.26;100
20160201 154200;3.26;3.27;3.26;3.26;300
20160201 154400;3.27;3.27;3.27;3.27;100
20160201 154600;3.26;3.26;3.26;3.26;100
20160201 154700;3.269;3.27;3.269;3.27;500
20160201 155100;3.27;3.27;3.27;3.27;100
20160201 155300;3.275;3.275;3.26;3.26;1000
20160201 155400;3.26;3.26;3.26;3.26;200
20160201 155500;3.26;3.26;3.26;3.26;300
20160201 155600;3.27;3.29;3.2689;3.28;9300
20160201 155700;3.29;3.29;3.28;3.28;900
20160201 155800;3.28;3.28;3.28;3.28;200
20160201 155900;3.27;3.27;3.27;3.27;100
20160201 160000;3.27;3.27;3.26;3.27;2768
20160202 093100;3.17;3.17;3.16;3.16;1400
20160202 093300;3.21;3.21;3.2;3.21;1182
20160202 093600;3.21;3.21;3.2;3.2;1700
20160202 093800;3.2;3.25;3.2;3.25;300
20160202 095600;3.21;3.21;3.21;3.21;693
20160202 095700;3.22;3.22;3.22;3.22;100
20160202 095900;3.21;3.21;3.21;3.21;100
20160202 100400;3.21;3.21;3.21;3.21;200
20160202 100600;3.2189;3.219;3.21;3.21;994
20160202 101100;3.2;3.21;3.2;3.2;2900
20160202 101200;3.2;3.2;3.2;3.2;3400
20160202 101600;3.21;3.21;3.21;3.21;100
20160202 102200;3.2;3.2;3.2;3.2;400
20160202 102600;3.21;3.21;3.21;3.21;100
20160202 102700;3.2;3.2;3.2;3.2;600
20160202 103600;3.21;3.21;3.21;3.21;100
20160202 104500;3.2;3.2;3.2;3.2;5400
20160202 105300;3.2;3.2;3.2;3.2;300
20160202 110200;3.1999;3.1999;3.196;3.196;487
20160202 110700;3.19;3.19;3.19;3.19;100
20160202 110800;3.2;3.2;3.2;3.2;300
20160202 111500;3.19;3.19;3.19;3.19;100
20160202 112100;3.2;3.2;3.2;3.2;100
20160202 112300;3.205;3.205;3.205;3.205;100
20160202 112400;3.2;3.2;3.2;3.2;100
20160202 112500;3.2;3.2;3.2;3.2;100
20160202 112600;3.2;3.2;3.2;3.2;100
20160202 112800;3.2;3.2;3.2;3.2;200
20160202 113700;3.21;3.21;3.21;3.21;100
20160202 114100;3.23;3.23;3.23;3.23;100
20160202 114600;3.24;3.24;3.24;3.24;500
20160202 114800;3.236;3.2378;3.235;3.2358;500
20160202 115500;3.2335;3.2335;3.2335;3.2335;162
20160202 115900;3.2293;3.24;3.2293;3.24;300
20160202 120700;3.21;3.2101;3.21;3.2101;1069
20160202 121500;3.21;3.21;3.21;3.21;100
20160202 124700;3.2;3.21;3.2;3.21;203
20160202 124900;3.205;3.21;3.2;3.21;6600
20160202 130200;3.2058;3.2058;3.2058;3.2058;100
20160202 130300;3.2;3.2;3.2;3.2;300
20160202 130600;3.21;3.21;3.21;3.21;500
20160202 133600;3.21;3.21;3.21;3.21;100
20160202 133700;3.205;3.205;3.205;3.205;100
20160202 134000;3.2083;3.2083;3.2083;3.2083;535
20160202 135300;3.2;3.2;3.2;3.2;1900
20160202 135400;3.2;3.2;3.2;3.2;200
20160202 135600;3.2;3.2;3.2;3.2;22400
20160202 140400;3.18;3.18;3.18;3.18;200
20160202 142000;3.19;3.19;3.19;3.19;100
20160202 142400;3.19;3.19;3.19;3.19;100
20160202 142500;3.1952;3.1952;3.1952;3.1952;100
20160202 142600;3.18;3.18;3.18;3.18;100
20160202 142800;3.19;3.19;3.19;3.19;100
20160202 143100;3.18;3.18;3.18;3.18;100
20160202 143700;3.19;3.19;3.19;3.19;600
20160202 144500;3.1901;3.22;3.18;3.18;5900
20160202 144600;3.19;3.19;3.19;3.19;100
20160202 145700;3.2;3.2;3.2;3.2;100
20160202 145900;3.19;3.19;3.19;3.19;100
20160202 150500;3.18;3.19;3.18;3.18;11700
20160202 150800;3.18;3.18;3.18;3.18;200
20160202 151000;3.18;3.18;3.18;3.18;400
20160202 151500;3.18;3.18;3.18;3.18;200
20160202 151800;3.18;3.18;3.18;3.18;100
20160202 152500;3.18;3.18;3.18;3.18;900
20160202 152600;3.19;3.19;3.19;3.19;100
20160202 153500;3.18;3.18;3.18;3.18;200
20160202 153600;3.18;3.18;3.18;3.18;100
20160202 154000;3.18;3.18;3.18;3.18;300
20160202 154200;3.181;3.19;3.18;3.19;3403
20160202 154500;3.185;3.19;3.185;3.19;200
20160202 154600;3.19;3.19;3.19;3.19;100
20160202 154900;3.19;3.19;3.185;3.185;200
20160202 155300;3.19;3.19;3.18;3.18;800
20160202 155400;3.19;3.19;3.19;3.19;100
20160202 155500;3.19;3.19;3.19;3.19;144
20160202 155600;3.19;3.19;3.189;3.19;1300
20160202 155700;3.2;3.2;3.19;3.2;700
20160202 155900;3.19;3.19;3.19;3.19;100
20160202 160000;3.2;3.2;3.19;3.2;1104
20160203 093100;3.2;3.2;3.2;3.2;800
20160203 093300;3.17;3.17;3.17;3.17;100
20160203 093800;3.1997;3.1997;3.1997;3.1997;1189
20160203 093900;3.17;3.17;3.17;3.17;100
20160203 094700;3.17;3.17;3.17;3.17;100
20160203 095400;3.17;3.17;3.17;3.17;100
20160203 095600;3.18;3.18;3.18;3.18;100
20160203 100100;3.17;3.17;3.17;3.17;100
20160203 100800;3.17;3.17;3.17;3.17;600
20160203 101400;3.17;3.17;3.17;3.17;7500
20160203 101500;3.17;3.17;3.17;3.17;100
20160203 101800;3.173;3.173;3.173;3.173;1000
20160203 102200;3.17;3.17;3.17;3.17;1400
20160203 102900;3.16;3.16;3.16;3.16;100
20160203 103000;3.15;3.15;3.15;3.15;100
20160203 103400;3.15;3.165;3.15;3.165;2452
20160203 103700;3.15;3.15;3.15;3.15;100
20160203 104100;3.15;3.1501;3.15;3.1501;10300
20160203 104300;3.15;3.15;3.15;3.15;200
20160203 104400;3.15;3.15;3.15;3.15;200
20160203 104600;3.15;3.15;3.15;3.15;100
20160203 105100;3.15;3.15;3.15;3.15;100
20160203 105600;3.15;3.15;3.15;3.15;300
20160203 105800;3.16;3.16;3.16;3.16;200
20160203 110000;3.16;3.16;3.15;3.15;300
20160203 110100;3.16;3.16;3.13;3.13;5800
20160203 110500;3.13;3.13;3.13;3.13;100
20160203 111000;3.13;3.13;3.13;3.13;100
20160203 111200;3.13;3.13;3.12;3.12;3600
20160203 111300;3.1324;3.1398;3.122;3.122;4600
20160203 111900;3.14;3.14;3.14;3.14;500
20160203 112100;3.1485;3.1498;3.14;3.14;1017
20160203 112200;3.15;3.15;3.15;3.15;870
20160203 113000;3.15;3.15;3.15;3.15;100
20160203 113300;3.16;3.16;3.16;3.16;300
20160203 113600;3.17;3.17;3.17;3.17;100
20160203 114100;3.152;3.152;3.152;3.152;100
20160203 114800;3.17;3.17;3.17;3.17;100
20160203 114900;3.152;3.152;3.152;3.152;100
20160203 115600;3.15;3.17;3.15;3.15;750
20160203 115700;3.142;3.142;3.142;3.142;100
20160203 115900;3.15;3.15;3.14;3.1401;2000
20160203 120100;3.1478;3.15;3.1478;3.15;3800
20160203 120200;3.1473;3.1473;3.1473;3.1473;3000
20160203 120400;3.1422;3.15;3.14;3.15;10409
20160203 120500;3.14;3.14;3.14;3.14;100
20160203 120700;3.15;3.15;3.15;3.15;100
20160203 120900;3.14;3.14;3.14;3.14;100
20160203 121000;3.15;3.15;3.15;3.15;300
20160203 121900;3.17;3.17;3.17;3.17;100
20160203 122400;3.17;3.17;3.17;3.17;1000
20160203 123200;3.162;3.162;3.162;3.162;100
20160203 123900;3.161;3.161;3.161;3.161;100
20160203 124400;3.16;3.18;3.16;3.18;1650
20160203 124700;3.16;3.16;3.16;3.16;100
20160203 130300;3.143;3.143;3.143;3.143;100
20160203 131200;3.15;3.15;3.15;3.15;100
20160203 131600;3.14;3.14;3.14;3.14;200
20160203 131800;3.1499;3.1499;3.14;3.14;250
20160203 132000;3.14;3.14;3.14;3.14;100
20160203 132400;3.14;3.15;3.14;3.14;4525
20160203 132700;3.1476;3.15;3.1476;3.15;3100
20160203 133100;3.14;3.14;3.14;3.14;1665
20160203 133200;3.1203;3.1203;3.1203;3.1203;181
20160203 133400;3.122;3.122;3.122;3.122;100
20160203 133500;3.12;3.12;3.12;3.12;100
20160203 133900;3.1201;3.1201;3.1201;3.1201;1200
20160203 134100;3.12;3.12;3.12;3.12;200
20160203 134700;3.12;3.12;3.12;3.12;100
20160203 135000;3.12;3.12;3.12;3.12;200
20160203 135200;3.12;3.13;3.12;3.12;7200
20160203 135300;3.12;3.1241;3.12;3.1229;4800
20160203 135400;3.12;3.12;3.12;3.12;100
20160203 135600;3.12;3.12;3.12;3.12;100
20160203 135800;3.125;3.125;3.125;3.125;2927
20160203 135900;3.12;3.12;3.12;3.12;1802
20160203 140000;3.12;3.121;3.12;3.121;4000
20160203 140100;3.12;3.12;3.12;3.12;100
20160203 140300;3.11;3.11;3.11;3.11;100
20160203 140500;3.11;3.11;3.11;3.11;200
20160203 140600;3.11;3.11;3.11;3.11;100
20160203 140700;3.11;3.11;3.11;3.11;100
20160203 140900;3.11;3.1101;3.11;3.1101;2249
20160203 141000;3.11;3.11;3.11;3.11;100
20160203 141200;3.11;3.11;3.11;3.11;100
20160203 141300;3.11;3.11;3.11;3.11;100
20160203 141500;3.1;3.1;3.1;3.1;100
20160203 141600;3.11;3.11;3.11;3.11;100
20160203 141800;3.1;3.1;3.1;3.1;100
20160203 141900;3.11;3.11;3.11;3.11;200
20160203 142000;3.1;3.1;3.1;3.1;100
20160203 142200;3.1;3.1;3.1;3.1;100
20160203 142400;3.11;3.12;3.11;3.12;3141
20160203 142600;3.13;3.13;3.13;3.13;100
20160203 143200;3.12;3.1324;3.12;3.1324;600
20160203 143500;3.12;3.1201;3.12;3.1201;2000
20160203 143600;3.12;3.12;3.12;3.12;100
20160203 143800;3.11;3.11;3.11;3.11;100
20160203 144100;3.11;3.11;3.11;3.11;100
20160203 144200;3.11;3.11;3.11;3.11;100
20160203 144300;3.11;3.11;3.11;3.11;200
20160203 144600;3.12;3.12;3.12;3.12;200
20160203 145100;3.12;3.12;3.12;3.12;100
20160203 145200;3.12;3.12;3.12;3.12;100
20160203 145500;3.12;3.1299;3.12;3.12;350
20160203 145600;3.12;3.12;3.12;3.12;251
20160203 150000;3.11;3.11;3.11;3.11;100
20160203 150300;3.11;3.11;3.11;3.11;200
20160203 150500;3.11;3.11;3.11;3.11;200
20160203 150600;3.1199;3.12;3.11;3.12;1200
20160203 150700;3.115;3.115;3.115;3.115;100
20160203 150800;3.11;3.11;3.11;3.11;100
20160203 151100;3.111;3.111;3.11;3.11;200
20160203 151200;3.12;3.12;3.12;3.12;900
20160203 151400;3.13;3.13;3.13;3.13;100
20160203 151600;3.14;3.14;3.14;3.14;100
20160203 151800;3.1336;3.1336;3.1336;3.1336;326
20160203 152000;3.14;3.14;3.14;3.14;100
20160203 152100;3.12;3.12;3.12;3.12;100
20160203 152200;3.12;3.12;3.12;3.12;100
20160203 152400;3.12;3.12;3.12;3.12;100
20160203 152500;3.12;3.14;3.12;3.14;200
20160203 152700;3.1321;3.14;3.1321;3.14;6100
20160203 154500;3.14;3.14;3.14;3.14;100
20160203 154700;3.14;3.14;3.14;3.14;100
20160203 155100;3.14;3.14;3.12;3.12;200
20160203 155200;3.14;3.14;3.14;3.14;1000
20160203 155400;3.14;3.14;3.14;3.14;100
20160203 155500;3.131;3.131;3.131;3.131;100
20160203 155600;3.13;3.13;3.13;3.13;100
20160203 155700;3.135;3.135;3.135;3.135;100
20160203 155800;3.14;3.14;3.138;3.14;2400
20160203 155900;3.1464;3.1464;3.1464;3.1464;500
20160203 160000;3.15;3.15;3.14;3.15;2035
20160204 093500;3.12;3.12;3.12;3.12;100
20160204 093700;3.13;3.13;3.13;3.13;100
20160204 094300;3.12;3.12;3.12;3.12;100
20160204 095100;3.122;3.122;3.122;3.122;100
20160204 095300;3.1201;3.1201;3.12;3.12;3099
20160204 095500;3.1201;3.1201;3.1201;3.1201;775
20160204 095800;3.121;3.121;3.12;3.12;200
20160204 095900;3.1201;3.1201;3.12;3.12;600
20160204 100100;3.14;3.14;3.14;3.14;700
20160204 100400;3.14;3.14;3.14;3.14;511
20160204 101100;3.134;3.134;3.134;3.134;100
20160204 101800;3.15;3.15;3.15;3.15;100
20160204 102200;3.15;3.15;3.15;3.15;100
20160204 102300;3.16;3.16;3.16;3.16;100
20160204 103000;3.16;3.16;3.16;3.16;100
20160204 103300;3.21;3.21;3.21;3.21;100
20160204 103600;3.19;3.19;3.19;3.19;100
20160204 104400;3.175;3.175;3.175;3.175;100
20160204 105000;3.19;3.19;3.19;3.19;700
20160204 105100;3.19;3.19;3.19;3.19;200
20160204 105200;3.18;3.19;3.18;3.18;1500
20160204 105400;3.18;3.18;3.18;3.18;500
20160204 105500;3.18;3.18;3.18;3.18;700
20160204 105800;3.18;3.18;3.18;3.18;900
20160204 105900;3.18;3.18;3.18;3.18;100
20160204 110000;3.163;3.18;3.16;3.18;300
20160204 110500;3.175;3.175;3.175;3.175;100
20160204 110600;3.19;3.19;3.19;3.19;200
20160204 110700;3.18;3.18;3.18;3.18;300
20160204 111900;3.18;3.18;3.18;3.18;100
20160204 112000;3.18;3.18;3.18;3.18;300
20160204 112100;3.18;3.18;3.18;3.18;300
20160204 112200;3.18;3.18;3.18;3.18;100
20160204 112300;3.18;3.18;3.18;3.18;100
20160204 112700;3.18;3.18;3.18;3.18;100
20160204 113200;3.18;3.18;3.18;3.18;700
20160204 113300;3.18;3.18;3.18;3.18;900
20160204 113400;3.18;3.18;3.18;3.18;100
20160204 113800;3.19;3.19;3.19;3.19;100
20160204 114000;3.18;3.18;3.18;3.18;100
20160204 114600;3.18;3.18;3.17;3.175;600
20160204 114800;3.1899;3.1899;3.18;3.18;1872
20160204 115000;3.18;3.18;3.18;3.18;100
20160204 115100;3.1801;3.1801;3.1801;3.1801;200
20160204 115300;3.185;3.185;3.185;3.185;100
20160204 115400;3.19;3.19;3.19;3.19;100
20160204 115800;3.19;3.19;3.19;3.19;400
20160204 120500;3.2;3.2;3.2;3.2;100
20160204 121600;3.2;3.21;3.2;3.21;500
20160204 121900;3.2;3.2;3.2;3.2;400
20160204 122100;3.21;3.21;3.21;3.21;6100
20160204 122200;3.23;3.23;3.2075;3.2075;375
20160204 122600;3.23;3.23;3.23;3.23;100
20160204 122900;3.215;3.215;3.215;3.215;100
20160204 123700;3.21;3.22;3.21;3.22;200
20160204 124100;3.23;3.23;3.23;3.23;100
20160204 124300;3.23;3.23;3.23;3.23;600
20160204 124400;3.23;3.23;3.22;3.22;5000
20160204 124600;3.23;3.23;3.23;3.23;100
20160204 125100;3.225;3.225;3.225;3.225;100
20160204 125300;3.23;3.23;3.23;3.23;3700
20160204 125400;3.24;3.24;3.24;3.24;1549
20160204 125600;3.24;3.24;3.24;3.24;300
20160204 125900;3.25;3.25;3.25;3.25;100
20160204 130100;3.24;3.24;3.24;3.24;100
20160204 130700;3.23;3.23;3.22;3.226;2300
20160204 130900;3.235;3.235;3.235;3.235;100
20160204 131600;3.225;3.225;3.22;3.22;500
20160204 132300;3.21;3.21;3.21;3.21;100
20160204 132700;3.201;3.201;3.201;3.201;184
20160204 132800;3.201;3.201;3.201;3.201;900
20160204 133000;3.201;3.201;3.201;3.201;100
20160204 133300;3.2001;3.2001;3.2001;3.2001;200
20160204 133700;3.205;3.205;3.205;3.205;100
20160204 133800;3.21;3.21;3.21;3.21;100
20160204 133900;3.2015;3.2015;3.2015;3.2015;150
20160204 134000;3.2;3.2;3.2;3.2;100
20160204 134400;3.2;3.2;3.2;3.2;100
20160204 135000;3.205;3.205;3.2;3.2;1100
20160204 135700;3.2;3.2;3.2;3.2;100
20160204 140300;3.205;3.205;3.205;3.205;100
20160204 141000;3.205;3.205;3.205;3.205;100
20160204 141600;3.201;3.201;3.201;3.201;100
20160204 142000;3.2;3.2;3.2;3.2;100
20160204 142200;3.205;3.205;3.205;3.205;100
20160204 142300;3.2;3.2;3.2;3.2;100
20160204 142700;3.205;3.205;3.205;3.205;100
20160204 142900;3.201;3.201;3.201;3.201;100
20160204 143500;3.205;3.205;3.2;3.201;400
20160204 143800;3.2;3.2;3.2;3.2;100
20160204 144000;3.2;3.2;3.19;3.19;2484
20160204 144300;3.185;3.185;3.185;3.185;100
20160204 144700;3.18;3.18;3.18;3.18;100
20160204 144800;3.165;3.165;3.16;3.16;500
20160204 144900;3.16;3.16;3.16;3.16;300
20160204 145000;3.17;3.2;3.17;3.2;1800
20160204 145100;3.19;3.19;3.19;3.19;300
20160204 145200;3.19;3.19;3.19;3.19;100
20160204 145400;3.19;3.19;3.19;3.19;100
20160204 145700;3.198;3.2;3.19;3.2;1700
20160204 145800;3.21;3.21;3.21;3.21;1100
20160204 150300;3.205;3.205;3.205;3.205;100
20160204 150500;3.205;3.205;3.205;3.205;100
20160204 150600;3.2;3.2;3.19;3.19;200
20160204 150700;3.19;3.19;3.19;3.19;138
20160204 151000;3.19;3.19;3.19;3.19;130
20160204 151200;3.19;3.19;3.19;3.19;100
20160204 151300;3.19;3.1975;3.19;3.19;802
20160204 151600;3.19;3.19;3.19;3.19;100
20160204 151800;3.195;3.195;3.195;3.195;100
20160204 152300;3.19;3.195;3.19;3.195;200
20160204 152600;3.2;3.2;3.2;3.2;300
20160204 154000;3.2;3.2;3.2;3.2;100
20160204 154200;3.2;3.21;3.2;3.21;300
20160204 154300;3.22;3.22;3.22;3.22;300
20160204 154600;3.22;3.22;3.22;3.22;4006
20160204 154700;3.22;3.22;3.21;3.22;900
20160204 154900;3.24;3.24;3.24;3.24;100
20160204 155000;3.23;3.24;3.23;3.24;600
20160204 155100;3.24;3.24;3.24;3.24;1000
20160204 155300;3.24;3.24;3.24;3.24;200
20160204 155500;3.24;3.24;3.24;3.24;100
20160204 155600;3.25;3.25;3.24;3.24;319
20160204 155900;3.23;3.23;3.23;3.23;217
20160204 160000;3.23;3.25;3.21;3.25;823
20160205 084900;3.25;3.25;3.25;3.25;100
20160205 093100;3.25;3.25;3.25;3.25;100
20160205 100800;3.22;3.22;3.22;3.22;500
20160205 101300;3.1701;3.1701;3.1701;3.1701;600
20160205 102000;3.22;3.22;3.22;3.22;800
20160205 103600;3.2;3.2;3.2;3.2;200
20160205 103700;3.2;3.2;3.2;3.2;200
20160205 104100;3.2;3.2;3.2;3.2;300
20160205 104500;3.21;3.21;3.21;3.21;100
20160205 105700;3.21;3.21;3.21;3.21;700
20160205 105800;3.21;3.21;3.21;3.21;100
20160205 110500;3.2;3.2;3.2;3.2;100
20160205 111200;3.2;3.2;3.2;3.2;100
20160205 112300;3.2;3.2;3.2;3.2;100
20160205 112500;3.2;3.2;3.2;3.2;100
20160205 113700;3.19;3.19;3.19;3.19;100
20160205 115400;3.1999;3.1999;3.1999;3.1999;150
20160205 115500;3.18;3.18;3.17;3.17;2800
20160205 115600;3.2;3.2;3.2;3.2;800
20160205 120100;3.21;3.21;3.21;3.21;100
20160205 120400;3.2;3.21;3.2;3.2;700
20160205 121500;3.18;3.18;3.18;3.18;100
20160205 122300;3.18;3.18;3.18;3.18;100
20160205 122700;3.1878;3.1878;3.1878;3.1878;2287
20160205 122900;3.2;3.2;3.2;3.2;250
20160205 123000;3.1999;3.1999;3.18;3.18;500
20160205 123300;3.18;3.184;3.18;3.184;4100
20160205 124300;3.2;3.2;3.2;3.2;100
20160205 124500;3.2;3.2;3.2;3.2;100
20160205 125400;3.17;3.17;3.17;3.17;100
20160205 125900;3.17;3.17;3.17;3.17;100
20160205 131600;3.17;3.17;3.17;3.17;100
20160205 132400;3.18;3.18;3.18;3.18;100
20160205 134600;3.18;3.18;3.18;3.18;100
20160205 134800;3.18;3.18;3.18;3.18;100
20160205 141000;3.17;3.17;3.17;3.17;161
20160205 141400;3.17;3.17;3.17;3.17;545
20160205 142300;3.1427;3.1427;3.14;3.14;1400
20160205 145200;3.16;3.16;3.16;3.16;100
20160205 151000;3.1593;3.16;3.1593;3.16;1100
20160205 153400;3.16;3.16;3.16;3.16;100
20160205 153600;3.15;3.15;3.15;3.15;100
20160205 154000;3.15;3.15;3.15;3.15;100
20160205 154300;3.15;3.15;3.15;3.15;100
20160205 154600;3.15;3.15;3.145;3.145;200
20160205 154700;3.15;3.15;3.15;3.15;100
20160205 154900;3.15;3.15;3.15;3.15;100
20160205 155000;3.15;3.15;3.15;3.15;100
20160205 155500;3.149;3.15;3.149;3.15;350
20160205 155900;3.14;3.15;3.14;3.15;1322
20160205 160000;3.15;3.16;3.14;3.15;2019
