20160119 093800;29.2;29.36;29.2;29.36;300
20160119 094100;29.32;29.32;29.31;29.31;400
20160119 094200;29.46;29.46;29.46;29.46;100
20160119 094300;29.4;29.4;29.4;29.4;100
20160119 094700;29.39;29.39;29.39;29.39;100
20160119 130000;29.27;29.29;29.27;29.27;400
20160119 130100;29.3;29.3;29.26;29.3;500
20160119 130800;29.72;29.72;29.72;29.72;100
20160119 134500;28.68;28.68;28.68;28.68;400
20160120 112800;28.8;28.8;28.8;28.8;233
20160120 113200;28.96;28.96;28.96;28.96;100
20160120 113300;28.95;28.95;28.95;28.95;100
20160120 113400;29;29;29;29;198
20160120 114800;29.62;29.62;29.62;29.62;150
20160120 160000;29.32;29.33;29.32;29.33;300
20160125 094700;29.41;29.41;29.4;29.4;500
20160125 121100;29.33;29.33;29.33;29.33;300
20160125 121400;29.9311;29.9311;29.9311;29.9311;565
20160125 124400;29.14;29.15;29.14;29.15;200
20160125 155000;29.32;29.32;29.32;29.32;300
20160128 155000;29.28;29.28;29.28;29.28;100
20160128 155900;29.18;29.18;29.18;29.18;200
20160128 160000;29.48;29.49;29.48;29.49;200
20160129 124900;29.4;29.4;29.4;29.4;0
