20160119 093400;38;38;38;38;590
20160119 095700;37.965;37.965;37.965;37.965;150
20160119 101800;37.9;37.9;37.9;37.9;600
20160119 105000;37.55;37.55;37.55;37.55;1000
20160119 115300;37.55;37.55;37.55;37.55;371
20160119 115900;37.65;37.65;37.65;37.65;200
20160119 120400;37.65;37.65;37.65;37.65;128
20160119 123800;37.7;37.7;37.7;37.7;200
20160119 123900;37.7;37.7;37.7;37.7;215
20160119 124000;37.7;37.7;37.7;37.7;452
20160119 124300;37.7;37.7;37.7;37.7;1000
20160119 131000;37.7;37.7;37.65;37.65;1000
20160119 133500;37.72;37.72;37.72;37.72;1172
20160119 134800;37.65;37.65;37.65;37.65;179
20160119 134900;37.75;37.75;37.75;37.75;300
20160119 141700;37.65;37.65;37.55;37.55;1309
20160119 142900;37.55;37.55;37.55;37.55;390
20160119 143800;37.5;37.5;37.5;37.5;100
20160119 144400;37.5;37.5;37.5;37.5;100
20160119 144500;37.35;37.35;37.35;37.35;1000
20160119 150100;37.05;37.05;37.05;37.05;424
20160119 151700;37.05;37.05;37.05;37.05;500
20160119 152100;37.25;37.25;37.25;37.25;100
20160119 152300;37.3;37.3;37.3;37.3;333
20160119 152700;37.5;37.5;37.5;37.5;200
20160119 155400;37.35;37.35;37.35;37.35;222
20160120 094000;37.35;37.35;37.35;37.35;100
20160120 094700;37.3;37.3;37.3;37.3;100
20160120 095800;37;37;37;37;100
20160120 095900;36.76;36.76;36.76;36.76;100
20160120 100000;36.95;36.95;36.95;36.95;100
20160120 100200;36.75;36.75;36.57;36.57;300
20160120 100500;36.57;36.57;36.57;36.57;200
20160120 102300;36.57;36.57;36.57;36.57;100
20160120 104100;36.55;36.55;36.55;36.55;100
20160120 104200;36.56;36.56;36.55;36.55;1000
20160120 104500;36.5;36.5;36.5;36.5;100
20160120 104600;36.26;36.26;36.26;36.26;393
20160120 110000;36.28;36.28;36.28;36.28;100
20160120 110200;36.28;36.28;36.28;36.28;500
20160120 110700;36.27;36.27;36.27;36.27;200
20160120 110800;36.27;36.2701;36.27;36.2701;275
20160120 112900;36.27;36.27;36.27;36.27;300
20160120 113600;36.27;36.27;36.27;36.27;300
20160120 114800;36.27;36.27;36.27;36.27;300
20160120 115900;36.27;36.27;36.26;36.26;1550
20160120 121900;36.26;36.26;36.26;36.26;100
20160120 122700;36.26;36.26;36.26;36.26;100
20160120 122800;36.26;36.26;36.25;36.25;1450
20160120 122900;36.26;36.26;36.26;36.26;300
20160120 124200;36.26;36.26;36.26;36.26;100
20160120 125000;36.26;36.26;36.26;36.26;100
20160120 125800;36.2999;36.2999;36.2999;36.2999;200
20160120 132000;36.3;36.3;36.3;36.3;100
20160120 133500;36.3;36.3;36.3;36.3;100
20160120 133600;36.3;36.3;36.3;36.3;150
20160120 140200;36.35;36.35;36.35;36.35;300
20160120 142300;36.65;36.65;36.65;36.65;100
20160120 145700;36.95;36.95;36.95;36.95;200
20160120 154600;37.35;37.35;37.35;37.35;400
20160120 154700;37.2;37.2;37.2;37.2;100
20160120 154900;37.2;37.2;37.2;37.2;500
20160120 155900;37.35;37.35;37.35;37.35;100
20160121 095800;36.8;36.8;36.8;36.8;100
20160121 095900;36.6;36.6;36.6;36.6;200
20160121 100100;36.6;36.6;36.6;36.6;691
20160121 100200;36.6;36.6;36.6;36.6;200
20160121 100300;36.6;36.6;36.6;36.6;200
20160121 101000;36.65;36.65;36.65;36.65;500
20160121 101100;36.65;36.65;36.65;36.65;200
20160121 101900;36.75;36.75;36.75;36.75;1000
20160121 102000;36.75;36.75;36.75;36.75;500
20160121 102700;36.75;36.75;36.75;36.75;500
20160121 102800;36.75;36.75;36.75;36.75;500
20160121 111100;36.7;36.7;36.7;36.7;150
20160121 111800;36.65;36.65;36.65;36.65;300
20160121 111900;36.6;36.6;36.5;36.5;2599
20160121 112800;36.5;36.5;36.37;36.4;1786
20160121 114600;36.55;36.55;36.52;36.52;600
20160121 114700;36.5;36.5;36.5;36.5;300
20160121 123100;36.47;36.47;36.47;36.47;300
20160121 123900;36.47;36.47;36.47;36.47;200
20160121 124000;36.6;36.6;36.6;36.6;200
20160121 124100;36.6;36.6;36.6;36.6;100
20160121 124300;36.65;36.65;36.6;36.6;400
20160121 124400;36.6;36.7;36.55;36.55;714
20160121 125200;36.6;36.61;36.6;36.61;200
20160121 125600;36.61;36.61;36.61;36.61;300
20160121 130000;36.61;36.61;36.61;36.61;1900
20160121 130200;36.62;36.62;36.62;36.62;300
20160121 130500;36.62;36.62;36.62;36.62;300
20160121 131300;36.62;36.62;36.62;36.62;300
20160121 131400;36.62;36.62;36.62;36.62;600
20160121 131700;36.62;36.62;36.62;36.62;151
20160121 131800;36.62;36.62;36.62;36.62;549
20160121 133300;36.62;36.62;36.62;36.62;200
20160121 133500;36.6;36.6;36.6;36.6;200
20160121 133600;36.55;36.55;36.55;36.55;199
20160121 133700;36.55;36.55;36.55;36.55;199
20160121 134400;36.51;36.6;36.47;36.6;2100
20160121 134500;36.44;36.44;36.44;36.44;500
20160121 135500;36.6;36.6;36.6;36.6;100
20160121 135700;36.45;36.45;36.45;36.45;400
20160121 140500;36.6;36.6;36.6;36.6;400
20160121 140900;36.4;36.45;36.3;36.3;1619
20160121 141000;36.35;36.35;36.35;36.35;100
20160121 141200;36.35;36.35;36.35;36.35;100
20160121 142100;36.3;36.3;36.3;36.3;249
20160121 142800;36.36;36.36;36.36;36.36;100
20160121 145000;36.27;36.27;36.27;36.27;249
20160121 145600;36.26;36.26;36.26;36.26;593
20160121 145800;36.26;36.26;36.26;36.26;200
20160121 150200;36.45;36.45;36.45;36.45;301
20160121 150800;36.45;36.45;36.45;36.45;100
20160121 152800;36.3;36.3;36.3;36.3;100
20160121 152900;36.4;36.4;36.4;36.4;1000
20160121 153200;36.4;36.4;36.4;36.4;100
20160121 153700;36.39;36.39;36.39;36.39;100
20160121 154100;36.5;36.5;36.3;36.3;300
20160121 155500;36.35;36.35;36.35;36.35;407
20160121 155900;36.3;36.3;36.3;36.3;420
20160121 160000;36.5;36.5;36.3;36.3;1200
20160122 101800;36.45;36.45;36.45;36.45;200
20160122 102200;36.7;36.7;36.7;36.7;500
20160122 104500;36.6;36.6;36.6;36.6;151
20160122 104600;36.56;36.56;36.47;36.47;1000
20160122 113000;36.45;36.45;36.45;36.45;500
20160122 115100;36.35;36.35;36.35;36.35;400
20160122 115300;36.25;36.25;36.25;36.25;100
20160122 122400;36.33;36.33;36.33;36.33;194
20160122 124000;36.3;36.3;36.3;36.3;100
20160122 130300;36.35;36.35;36.32;36.32;500
20160122 131000;36.345;36.345;36.345;36.345;400
20160122 132600;36.35;36.35;36.35;36.35;500
20160122 132700;36.3;36.3;36.3;36.3;400
20160122 135100;36.3;36.3;36.26;36.26;300
20160122 141200;36.35;36.35;36.35;36.35;200
20160122 141300;36.35;36.35;36.35;36.35;200
20160122 141400;36.33;36.35;36.33;36.35;400
20160122 142500;36.35;36.35;36.35;36.35;200
20160122 142700;36.35;36.35;36.35;36.35;200
20160122 145000;36.35;36.35;36.35;36.35;100
20160122 145100;36.35;36.35;36.35;36.35;100
20160122 150500;36.33;36.33;36.31;36.31;400
20160122 150600;36.3;36.3;36.3;36.3;450
20160122 151000;36.3;36.3;36.3;36.3;100
20160122 152600;36.32;36.32;36.32;36.32;120
20160122 152900;36.3;36.3;36.3;36.3;1150
20160122 153500;36.3;36.3;36.3;36.3;200
20160122 153700;36.3;36.3;36.29;36.3;400
20160122 153900;36.28;36.28;36.28;36.28;100
20160122 154200;36.28;36.28;36.28;36.28;200
20160122 154400;36.29;36.29;36.29;36.29;200
20160122 154700;36.25;36.25;36.25;36.25;141
20160122 154900;36.29;36.29;36.29;36.29;100
20160122 155200;36.25;36.25;36.25;36.25;179
20160122 155600;36.24;36.24;36.24;36.24;100
20160125 095200;36.6;36.6;36.6;36.6;100
20160125 101200;36.25;36.25;36.25;36.25;200
20160125 151800;36.55;36.55;36.55;36.55;182
20160125 152200;36.55;36.55;36.55;36.55;1278
20160125 152300;36.58;36.58;36.55;36.55;902
20160125 153300;36.7;36.7;36.7;36.7;1814
20160125 154500;36.55;36.55;36.55;36.55;1000
20160125 154600;36.58;36.58;36.58;36.58;1000
20160125 154700;36.58;36.58;36.58;36.58;1000
20160125 154800;36.67;36.67;36.67;36.67;500
20160125 155800;36.55;36.55;36.55;36.55;500
20160125 155900;36.55;36.55;36.55;36.55;1500
20160126 095000;36.18;36.18;36.05;36.05;300
20160126 095100;36.05;36.05;36.05;36.05;700
20160126 102300;36.02;36.02;36.02;36.02;500
20160126 102400;36.02;36.02;36;36;700
20160126 102900;36.25;36.25;36.25;36.25;200
20160126 103000;36;36;36;36;100
20160126 104600;36.11;36.11;36.11;36.11;500
20160126 105200;36.25;36.25;36.25;36.25;520
20160126 105300;36.3;36.3;36.25;36.25;1380
20160126 110000;36.3;36.3;36.25;36.25;1700
20160126 110300;36.102;36.102;36.102;36.102;125
20160126 120000;36.25;36.25;36.25;36.25;700
20160126 133000;36.25;36.25;36.25;36.25;500
20160126 140600;36.29;36.3;36.29;36.3;1059
20160126 141200;36.3;36.3;36.3;36.3;200
20160126 142000;36.3;36.3;36.3;36.3;500
20160126 151400;36.3;36.3;36.3;36.3;1000
20160126 153400;36.3;36.3;36.3;36.3;400
20160126 153500;36.3;36.3;36.29;36.29;600
20160126 153600;36.29;36.29;36.29;36.29;200
20160126 154100;36.3;36.3;36.3;36.3;500
20160126 154200;36.3;36.3;36.3;36.3;100
20160127 095300;36.36;36.36;36.28;36.28;300
20160127 101000;36.25;36.25;36.25;36.25;300
20160127 101700;36.23;36.23;36.23;36.23;300
20160127 102300;36.18;36.18;36.17;36.17;400
20160127 102500;36.03;36.03;36;36;630
20160127 103300;35.82;35.83;35.82;35.83;700
20160127 103900;35.77;35.77;35.77;35.77;100
20160127 104000;35.78;35.78;35.75;35.75;1200
20160127 104100;35.65;35.65;35.65;35.65;1000
20160127 104200;35.65;35.65;35.65;35.65;100
20160127 104300;35.65;35.65;35.6;35.6;1000
20160127 104600;35.6;35.6;35.6;35.6;347
20160127 105900;35.65;35.65;35.6;35.6;1300
20160127 110200;35.5;35.5;35.5;35.5;100
20160127 110300;35.56;35.56;35.56;35.56;100
20160127 110400;35.52;35.52;35.5;35.5;1100
20160127 110900;35.47;35.47;35.47;35.47;100
20160127 111000;35.47;35.47;35.47;35.47;378
20160127 111300;35.44;35.49;35.44;35.49;300
20160127 112000;35.49;35.5;35.49;35.5;1800
20160127 112800;35.52;35.52;35.49;35.49;1200
20160127 113100;35.49;35.49;35.49;35.49;2000
20160127 113500;35.42;35.42;35.42;35.42;200
20160127 113600;35.42;35.42;35.42;35.42;100
20160127 114100;35.26;35.35;35.25;35.35;1300
20160127 114300;35.35;35.35;35.35;35.35;100
20160127 114400;35.3;35.3;35.3;35.3;100
20160127 114500;35.3;35.3;35.3;35.3;2000
20160127 114600;35.28;35.28;35.25;35.25;200
20160127 114800;35.25;35.25;35.25;35.25;100
20160127 120400;35.2;35.4;35.2;35.4;800
20160127 122100;35.25;35.25;35.2;35.2;500
20160127 122500;35.16;35.16;35.16;35.16;100
20160127 123400;35.1;35.1;35.1;35.1;100
20160127 123500;35.11;35.11;35.11;35.11;100
20160127 123600;35.1;35.1;35.1;35.1;600
20160127 123700;35.25;35.25;35.25;35.25;1000
20160127 123800;35.38;35.38;35.38;35.38;100
20160127 124200;35.1;35.1;35.1;35.1;300
20160127 124800;35.06;35.06;35.01;35.01;1809
20160127 125300;35.01;35.01;35.01;35.01;600
20160127 130100;35.15;35.15;35.15;35.15;100
20160127 131900;35.01;35.01;35.01;35.01;400
20160127 132600;35.05;35.0501;35.05;35.0501;249
20160127 134400;35.06;35.06;35.06;35.06;100
20160127 135100;35;35;35;35;1100
20160127 143800;35;35;35;35;300
20160127 145200;35.1;35.1;35.1;35.1;440
20160127 150500;35.1;35.1;35.1;35.1;100
20160127 150600;35.02;35.02;35.02;35.02;100
20160127 150700;35.05;35.05;35.05;35.05;100
20160127 153600;35.06;35.06;35.06;35.06;400
20160127 154000;35.25;35.25;35.25;35.25;100
20160127 154100;35.06;35.25;35.06;35.06;3000
20160127 154200;35.06;35.06;35.05;35.05;800
20160127 154300;35.05;35.05;35.05;35.05;100
20160127 154400;35.05;35.05;35.05;35.05;400
20160127 154900;35.11;35.11;35.1;35.1;4000
20160127 155000;35.05;35.05;35.05;35.05;852
20160127 155100;35.1;35.1;35.1;35.1;7600
20160127 155300;35.1;35.1;35.1;35.1;5000
20160127 155800;35.15;35.15;35.15;35.15;500
20160127 160000;35.1;35.1;35.05;35.05;5200
20160128 095200;35.49;35.49;35.49;35.49;278
20160128 103000;35.65;35.65;35.65;35.65;600
20160128 103600;35.65;35.65;35.65;35.65;249
20160128 105200;36;36;36;36;250
20160128 112100;36.15;36.6;36.15;36.6;1000
20160128 112400;36.5;36.5;36.35;36.35;904
20160128 112500;36.25;36.25;36.25;36.25;204
20160128 113000;36.35;36.35;36.35;36.35;616
20160128 120200;36.33;36.33;36.33;36.33;300
20160128 121500;36.11;36.11;36.11;36.11;150
20160128 124900;36.35;36.35;36.35;36.35;500
20160128 125400;36.35;36.35;36.35;36.35;1000
20160128 131100;36.2;36.2;36.17;36.17;1421
20160128 144200;35.9;35.9;35.9;35.9;2057
20160128 144400;35.87;35.87;35.87;35.87;1579
20160128 151500;36.35;36.35;36.35;36.35;224
20160128 153300;36.35;36.35;36.35;36.35;1601
20160128 153500;36;36;36;36;1000
20160128 154900;36;36;36;36;1000
20160128 155600;36.35;36.35;36.35;36.35;2000
20160129 095500;36.35;36.35;36.35;36.35;1000
20160129 115200;36.45;36.45;36.45;36.45;100
20160129 120700;36.6;36.6;36.5;36.5;1200
20160129 120800;36.55;36.55;36.55;36.55;1096
20160129 120900;36.64;36.65;36.52;36.52;1300
20160129 131800;36.7;36.7;36.7;36.7;160
20160129 132700;37.01;37.05;36.62;36.62;2100
20160129 140500;36.67;36.67;36.67;36.67;449
20160129 144200;37.5;37.5;37.5;37.5;403
20160129 151800;36.81;36.81;36.81;36.81;104
20160129 154100;37.15;37.15;37.15;37.15;1300
20160129 154200;37.15;37.15;37.15;37.15;700
20160129 154400;37.49;37.49;37.49;37.49;100
20160129 154600;37.35;37.35;37.35;37.35;100
20160129 155300;37.49;37.49;37.49;37.49;319
20160129 155500;37.49;37.5;37.4;37.4;1700
20160129 155600;37.35;37.35;37.35;37.35;100
20160129 155800;37.3;37.3;37.3;37.3;1000
20160129 155900;37.35;37.5;37.35;37.5;800
20160129 160000;37.5;37.51;37.5;37.5;2754
20160201 093900;37.5;37.5;37.5;37.5;200
20160201 101900;37.6;37.6;37.6;37.6;100
20160201 110400;37.9;37.9;37.9;37.9;1000
20160201 111100;37.76;37.76;37.76;37.76;100
20160201 112400;37.76;37.76;37.76;37.76;100
20160201 113000;37.8;37.8;37.8;37.8;100
20160201 113600;37.8;37.8;37.8;37.8;100
20160201 114200;37.8;37.8;37.8;37.8;100
20160201 114800;37.8;37.8;37.8;37.8;100
20160201 115400;37.76;37.76;37.76;37.76;100
20160201 115900;37.76;37.76;37.76;37.76;100
20160201 120000;37.76;37.76;37.65;37.65;600
20160201 120600;37.12;37.12;37.12;37.12;100
20160201 121200;37.15;37.15;37.15;37.15;100
20160201 121400;37.5;37.51;37.5;37.51;300
20160201 122900;37.61;37.61;37.61;37.61;100
20160201 123200;37.65;37.65;37.65;37.65;120
20160201 123500;37.66;37.66;37.66;37.66;100
20160201 123600;37.85;37.85;37.85;37.85;1000
20160201 124000;37.69;37.69;37.69;37.69;100
20160201 124600;37.68;37.68;37.68;37.68;100
20160201 125200;37.69;37.69;37.69;37.69;100
20160201 125800;37.69;37.69;37.69;37.69;700
20160201 130100;37.86;37.86;37.86;37.86;1200
20160201 131500;37.7;37.7;37.7;37.7;100
20160201 131800;37.7;37.7;37.7;37.7;100
20160201 132100;37.7;37.7;37.7;37.7;100
20160201 132700;37.75;37.75;37.75;37.75;100
20160201 133300;37.75;37.75;37.75;37.75;100
20160201 133900;37.76;37.76;37.76;37.76;100
20160201 134500;37.8;37.8;37.8;37.8;100
20160201 135100;37.8;37.8;37.8;37.8;100
20160201 135600;37.8;37.8;37.8;37.8;100
20160201 135700;37.76;37.76;37.76;37.76;1900
20160201 140200;37.78;37.78;37.78;37.78;100
20160201 140800;37.77;37.77;37.77;37.77;100
20160201 141400;37.77;37.77;37.77;37.77;100
20160201 142000;37.77;37.77;37.77;37.77;100
20160201 142600;37.77;37.77;37.77;37.77;700
20160201 143200;37.4;37.4;37.4;37.4;100
20160201 143700;37.46;37.46;37.46;37.46;100
20160201 144300;37.46;37.46;37.46;37.46;100
20160201 144900;37.45;37.45;37.45;37.45;100
20160201 145000;37.45;37.45;37.45;37.45;1900
20160201 145600;37.1;37.1;37.1;37.1;200
20160201 150800;37.1;37.1;37.1;37.1;100
20160201 153800;37.5;37.5;37.5;37.5;639
20160201 154600;37.65;37.65;37.65;37.65;120
20160201 155500;37.8;37.8;37.8;37.8;100
20160202 100000;37.8;37.8;37.8;37.8;447
20160202 101200;37.8;37.8;37.8;37.8;100
20160202 110500;37.85;37.85;37.85;37.85;500
20160202 110800;37.85;37.85;37.85;37.85;300
20160202 111100;37.8;37.8;37.8;37.8;100
20160202 113400;37.9;37.9;37.9;37.9;1000
20160202 121900;37.8;37.8;37.75;37.75;1010
20160202 133900;37.75;37.75;37.75;37.75;100
20160202 141900;37.75;37.75;37.75;37.75;2700
20160202 152400;37.8;37.8;37.8;37.8;100
20160202 155900;38;38;38;38;100
20160202 160000;38.15;38.15;38.15;38.15;1247
20160203 095200;37.26;37.26;37.26;37.26;200
20160203 095500;37.36;37.36;37.27;37.27;600
20160203 095900;37.6;37.6;37.6;37.6;1000
20160203 100000;37.36;37.36;37.36;37.36;200
20160203 100700;37.37;37.37;37.37;37.37;100
20160203 101500;37.41;37.41;37.01;37.01;1100
20160203 102900;37.15;37.15;37.15;37.15;1000
20160203 103000;36.51;36.51;36.51;36.51;200
20160203 104300;37.05;37.05;37.05;37.05;1000
20160203 104700;36.9;36.9;36.9;36.9;503
20160203 105300;36.9;36.9;36.9;36.9;500
20160203 111100;36.9;36.9;36.9;36.9;249
20160203 111200;36.9;36.9;36.9;36.9;870
20160203 113100;37;37;37;37;600
20160203 113200;37;37;37;37;400
20160203 113300;37;37;37;37;100
20160203 114400;36.9;36.9;36.9;36.9;300
20160203 115200;37;37;37;37;1000
20160203 120100;36.9;36.9;36.86;36.86;500
20160203 120400;36.86;36.86;36.86;36.86;700
20160203 121700;36.81;36.81;36.81;36.81;150
20160203 124900;36.77;36.77;36.77;36.77;100
20160203 135800;36.77;36.77;36.77;36.77;500
20160203 140900;36.9;36.9;36.77;36.77;1100
20160203 142800;36.77;36.77;36.77;36.77;500
20160203 143000;36.9;36.9;36.77;36.9;2000
20160203 143100;36.77;36.77;36.77;36.77;100
20160203 144900;36.77;36.77;36.77;36.77;500
20160203 145200;36.77;36.77;36.77;36.77;213
20160203 150600;37;37;36.91;36.91;1300
20160203 150800;37;37;37;37;1900
20160203 150900;37;37.05;37;37.05;1100
20160203 151000;37;37.05;37;37.05;550
20160203 151100;37.05;37.05;37.05;37.05;2197
20160203 151300;37.04;37.04;37.04;37.04;200
20160203 151400;37.04;37.04;37.04;37.04;400
20160203 151500;37.04;37.04;37.04;37.04;400
20160203 151600;37.04;37.04;37.04;37.04;1380
20160203 151700;37.04;37.04;37.04;37.04;1000
20160203 151800;37.08;37.08;37.08;37.08;600
20160203 152100;37.08;37.08;37.08;37.08;300
20160203 152200;37.05;37.08;37.05;37.08;300
20160203 152400;37.08;37.08;37.06;37.08;500
20160203 152500;37.06;37.08;37.05;37.08;3243
20160203 152800;37.03;37.08;37.03;37.05;1600
20160203 152900;37.08;37.08;37.07;37.07;1500
20160203 153000;37.08;37.08;37.08;37.08;532
20160203 153400;37.08;37.08;37.08;37.08;150
20160203 153500;37.08;37.08;37.08;37.08;100
20160203 153600;37.04;37.04;37.04;37.04;100
20160203 153700;37.02;37.05;37;37;2158
20160203 153800;37;37.1;37;37.1;200
20160203 153900;37.05;37.05;37.05;37.05;300
20160203 154000;37.1;37.15;37.09;37.12;3581
20160203 154100;37.12;37.15;37.11;37.15;1505
20160203 154200;37.15;37.15;37.15;37.15;1200
20160203 154400;37.15;37.15;37.15;37.15;500
20160203 154500;37.18;37.18;37.18;37.18;1616
20160203 154900;37.19;37.19;37.19;37.19;100
20160203 155200;37.25;37.25;37.25;37.25;100
20160203 155300;37.25;37.25;37.25;37.25;150
20160203 155400;37.25;37.25;37.2;37.25;720
20160203 155500;37.25;37.25;37.25;37.25;500
20160203 155700;37.25;37.25;37.25;37.25;4900
20160203 155800;37.23;37.23;37.2;37.2;1500
20160203 155900;37.2;37.2;37.15;37.15;4000
20160204 093600;37.95;38.15;37.95;38.15;434
20160204 093700;38.15;38.15;38.15;38.15;263
20160204 093800;38.4;38.4;38.4;38.4;700
20160204 093900;38.4;38.4;38.4;38.4;100
20160204 094000;38.44;38.44;38.44;38.44;700
20160204 095000;38.4;38.5;38.4;38.5;400
20160204 095500;38.3;38.3;38.3;38.3;400
20160204 095600;38.34;38.34;38.34;38.34;600
20160204 095700;38.34;38.34;38.34;38.34;100
20160204 095800;38.35;38.35;38.35;38.35;500
20160204 100200;38.42;38.42;38.42;38.42;100
20160204 100500;38.35;38.35;38.35;38.35;400
20160204 100600;38.4201;38.4201;38.42;38.42;2900
20160204 102900;38.17;38.17;38.15;38.15;350
20160204 104400;38.31;38.31;38.31;38.31;200
20160204 105600;38.35;38.35;38.35;38.35;200
20160204 112300;38.3;38.3;38.3;38.3;150
20160204 115800;38.31;38.31;38.3;38.3;490
20160204 115900;38.35;38.35;38.35;38.35;100
20160204 120300;38.4;38.4;38.4;38.4;250
20160204 121000;38.35;38.35;38.35;38.35;100
20160204 121300;38.35;38.35;38.35;38.35;200
20160204 122600;38.35;38.35;38.35;38.35;500
20160204 124000;38.35;38.35;38.35;38.35;300
20160204 130500;38.48;38.48;38.48;38.48;183
20160204 130800;38.48;38.48;38.48;38.48;100
20160204 130900;38.48;38.48;38.48;38.48;100
20160204 131300;38.49;38.49;38.49;38.49;113
20160204 134200;38.36;38.36;38.36;38.36;100
20160204 134400;38.36;38.36;38.35;38.35;500
20160204 141100;38.35;38.35;38.35;38.35;100
20160204 143200;38.15;38.15;38.15;38.15;335
20160204 144700;38;38;38;38;150
20160204 145300;37.98;37.98;37.98;37.98;800
20160204 151900;38.15;38.15;38.15;38.15;100
20160204 152100;37.98;37.98;37.98;37.98;100
20160204 154600;38.1;38.1;38.1;38.1;100
20160204 155500;37.98;37.98;37.98;37.98;250
20160204 155600;37.77;37.77;37.77;37.77;224
20160204 155700;37.76;37.76;37.76;37.76;325
20160204 155800;38.05;38.05;38.05;38.05;100
20160205 094200;38;38.35;38;38.35;346
20160205 094300;38.55;38.6;38.55;38.6;754
20160205 104900;38.43;38.43;38.43;38.43;1000
20160205 111600;38.37;38.37;38.37;38.37;100
20160205 115400;37.8;37.8;37.8;37.8;100
20160205 115500;37.77;37.77;37.77;37.77;384
20160205 124400;37.76;37.76;37.76;37.76;300
20160205 131100;37.85;37.85;37.85;37.85;500
20160205 131800;37.76;37.76;37.76;37.76;500
20160205 140400;38;38;38;38;600
20160205 143600;38;38;38;38;249
20160205 150800;38;38;38;38;100
20160205 155400;38.2;38.2;38.2;38.2;200
