20160119 093700;9.56;9.56;9.56;9.56;100
20160119 093800;9.56;9.56;9.56;9.56;100
20160119 094000;9.5;9.5;9.5;9.5;220
20160119 094300;9.51;9.51;9.51;9.51;100
20160119 094500;9.5;9.5;9.5;9.5;200
20160119 094700;9.48;9.48;9.48;9.48;100
20160119 095100;9.48;9.48;9.48;9.48;100
20160119 095300;9.47;9.47;9.47;9.47;100
20160119 100100;9.5;9.5;9.5;9.5;200
20160119 100400;9.5;9.5;9.5;9.5;300
20160119 100600;9.54;9.54;9.54;9.54;300
20160119 101000;9.54;9.54;9.54;9.54;200
20160119 101100;9.54;9.54;9.5;9.5;200
20160119 102400;9.55;9.55;9.55;9.55;100
20160119 102600;9.6;9.65;9.6;9.65;1000
20160119 103400;9.65;9.66;9.65;9.66;300
20160119 103700;9.65;9.65;9.65;9.65;100
20160119 104000;9.62;9.62;9.62;9.62;100
20160119 104400;9.6;9.6;9.6;9.6;100
20160119 104700;9.6;9.6;9.6;9.6;100
20160119 105000;9.61;9.61;9.61;9.61;200
20160119 105100;9.61;9.61;9.61;9.61;100
20160119 105400;9.6;9.6;9.6;9.6;100
20160119 105600;9.56;9.56;9.56;9.56;100
20160119 110000;9.5725;9.59;9.5725;9.59;450
20160119 110200;9.58;9.58;9.55;9.55;300
20160119 111200;9.62;9.64;9.6;9.61;800
20160119 111300;9.6;9.6;9.6;9.6;200
20160119 111400;9.6;9.61;9.6;9.61;400
20160119 111700;9.62;9.63;9.62;9.63;200
20160119 112700;9.64;9.64;9.64;9.64;100
20160119 113000;9.64;9.64;9.64;9.64;200
20160119 113100;9.64;9.66;9.64;9.66;200
20160119 115000;9.68;9.68;9.68;9.68;100
20160119 115300;9.7;9.73;9.7;9.73;925
20160119 115500;9.75;9.75;9.75;9.75;200
20160119 115700;9.74;9.74;9.74;9.74;500
20160119 120300;9.7;9.7;9.7;9.7;100
20160119 120700;9.69;9.69;9.69;9.69;100
20160119 121500;9.72;9.72;9.72;9.72;400
20160119 121800;9.71;9.71;9.71;9.71;100
20160119 122300;9.66;9.66;9.66;9.66;100
20160119 122400;9.66;9.66;9.66;9.66;100
20160119 122800;9.65;9.65;9.65;9.65;100
20160119 123200;9.66;9.66;9.66;9.66;100
20160119 123600;9.66;9.66;9.66;9.66;100
20160119 123900;9.66;9.68;9.66;9.68;200
20160119 124200;9.65;9.65;9.65;9.65;100
20160119 124400;9.66;9.67;9.66;9.67;200
20160119 124500;9.68;9.68;9.68;9.68;100
20160119 124800;9.66;9.66;9.66;9.66;100
20160119 125000;9.65;9.72;9.65;9.72;200
20160119 125300;9.67;9.67;9.67;9.67;100
20160119 125800;9.66;9.66;9.66;9.66;100
20160119 125900;9.66;9.66;9.66;9.66;100
20160119 130400;9.66;9.66;9.66;9.66;100
20160119 130700;9.65;9.65;9.65;9.65;100
20160119 130900;9.65;9.65;9.65;9.65;100
20160119 131500;9.67;9.69;9.67;9.69;200
20160119 131600;9.68;9.68;9.68;9.68;100
20160119 131700;9.7;9.7;9.7;9.7;100
20160119 132400;9.71;9.71;9.71;9.71;200
20160119 132800;9.68;9.68;9.68;9.68;200
20160119 133200;9.67;9.67;9.67;9.67;100
20160119 133300;9.68;9.68;9.68;9.68;100
20160119 133600;9.68;9.68;9.68;9.68;100
20160119 133700;9.67;9.67;9.67;9.67;100
20160119 134100;9.65;9.65;9.65;9.65;200
20160119 134500;9.63;9.63;9.63;9.63;100
20160119 134700;9.63;9.63;9.63;9.63;100
20160119 135400;9.64;9.64;9.61;9.61;300
20160119 135500;9.6;9.6;9.6;9.6;300
20160119 140800;9.6;9.6;9.6;9.6;200
20160119 140900;9.6;9.6;9.6;9.6;400
20160119 141000;9.6;9.62;9.6;9.62;1300
20160119 141400;9.6;9.61;9.57;9.57;3300
20160119 141500;9.54;9.54;9.54;9.54;100
20160119 141800;9.46;9.46;9.46;9.46;100
20160119 142200;9.53;9.54;9.53;9.54;200
20160119 142300;9.55;9.57;9.55;9.57;300
20160119 142500;9.54;9.54;9.54;9.54;100
20160119 142600;9.55;9.55;9.55;9.55;100
20160119 143300;9.55;9.55;9.55;9.55;100
20160119 143400;9.54;9.54;9.54;9.54;100
20160119 143600;9.57;9.57;9.56;9.57;500
20160119 143700;9.54;9.54;9.54;9.54;100
20160119 144500;9.54;9.54;9.54;9.54;200
20160119 144800;9.54;9.54;9.49;9.49;200
20160119 145600;9.47;9.47;9.47;9.47;100
20160119 150000;9.47;9.51;9.47;9.51;700
20160119 150600;9.5;9.53;9.5;9.53;700
20160119 150700;9.51;9.51;9.51;9.51;100
20160119 150800;9.49;9.49;9.49;9.49;100
20160119 150900;9.49;9.49;9.49;9.49;100
20160119 151200;9.48;9.48;9.48;9.48;100
20160119 151300;9.44;9.51;9.44;9.51;400
20160119 151600;9.45;9.45;9.45;9.45;100
20160119 151900;9.45;9.47;9.44;9.44;300
20160119 152300;9.48;9.48;9.48;9.48;200
20160119 152700;9.5048;9.5048;9.5048;9.5048;1165
20160119 152800;9.53;9.58;9.53;9.58;876
20160119 152900;9.58;9.58;9.58;9.58;100
20160119 153200;9.625;9.63;9.625;9.63;200
20160119 153700;9.62;9.62;9.62;9.62;100
20160119 153800;9.6;9.6;9.6;9.6;200
20160119 154600;9.61;9.61;9.61;9.61;200
20160119 154900;9.61;9.61;9.61;9.61;100
20160119 155100;9.64;9.64;9.64;9.64;300
20160119 155400;9.64;9.64;9.64;9.64;100
20160119 155600;9.63;9.66;9.63;9.66;400
20160119 155700;9.62;9.62;9.62;9.62;200
20160119 155800;9.62;9.62;9.62;9.62;100
20160119 155900;9.62;9.63;9.62;9.62;957
20160119 160000;9.64;9.64;9.59;9.61;7205
20160119 160100;9.61;9.61;9.61;9.61;3744
20160119 170700;9.61;9.61;9.61;9.61;99
20160120 093800;9.55;9.55;9.54;9.54;500
20160120 094500;9.54;9.54;9.54;9.54;100
20160120 095200;9.5145;9.56;9.5145;9.56;430
20160120 095400;9.46;9.46;9.46;9.46;100
20160120 100000;9.48;9.49;9.39;9.39;927
20160120 100700;9.45;9.45;9.45;9.45;348
20160120 100900;9.482;9.482;9.482;9.482;100
20160120 101200;9.54;9.54;9.51;9.53;700
20160120 101300;9.53;9.53;9.53;9.53;100
20160120 101500;9.53;9.53;9.476;9.476;200
20160120 102800;9.55;9.55;9.55;9.55;400
20160120 102900;9.55;9.55;9.55;9.55;100
20160120 103000;9.55;9.55;9.51;9.51;200
20160120 103400;9.51;9.51;9.51;9.51;100
20160120 103700;9.51;9.51;9.49;9.49;400
20160120 104100;9.49;9.49;9.49;9.49;100
20160120 104700;9.5;9.5;9.5;9.5;600
20160120 104800;9.46;9.46;9.46;9.46;300
20160120 105700;9.46;9.46;9.46;9.46;100
20160120 105900;9.44;9.44;9.44;9.44;100
20160120 110100;9.449;9.4625;9.425;9.434;2700
20160120 110200;9.43;9.43;9.42;9.42;1100
20160120 110300;9.42;9.42;9.42;9.42;100
20160120 110400;9.43;9.43;9.43;9.43;100
20160120 110700;9.43;9.43;9.43;9.43;300
20160120 110800;9.43;9.43;9.39;9.39;300
20160120 111200;9.43;9.44;9.43;9.44;300
20160120 112100;9.49;9.49;9.49;9.49;200
20160120 112200;9.517;9.517;9.517;9.517;100
20160120 112600;9.51;9.53;9.498;9.498;500
20160120 112700;9.5;9.58;9.46;9.506;4310
20160120 113100;9.55;9.55;9.5;9.5;200
20160120 113600;9.5;9.5;9.5;9.5;100
20160120 114100;9.5;9.56;9.49;9.52;500
20160120 114600;9.52;9.52;9.52;9.52;100
20160120 115200;9.51;9.51;9.51;9.51;100
20160120 115800;9.51;9.51;9.437;9.437;300
20160120 115900;9.47;9.49;9.47;9.49;200
20160120 120400;9.49;9.49;9.49;9.49;200
20160120 120500;9.464;9.464;9.464;9.464;100
20160120 120600;9.48;9.48;9.48;9.48;100
20160120 120800;9.46;9.46;9.46;9.46;200
20160120 121200;9.45;9.45;9.45;9.45;400
20160120 122100;9.49;9.49;9.49;9.49;300
20160120 122200;9.49;9.49;9.49;9.49;100
20160120 122400;9.48;9.48;9.48;9.48;100
20160120 122800;9.48;9.48;9.44;9.44;200
20160120 124000;9.47;9.47;9.47;9.47;100
20160120 124100;9.47;9.47;9.47;9.47;200
20160120 124200;9.47;9.4808;9.41;9.41;846
20160120 124300;9.43;9.43;9.39;9.39;300
20160120 124600;9.385;9.385;9.34;9.34;300
20160120 125100;9.41;9.42;9.41;9.42;300
20160120 125200;9.43;9.43;9.43;9.43;254
20160120 125500;9.46;9.51;9.46;9.51;397
20160120 125600;9.51;9.51;9.51;9.51;100
20160120 130400;9.555;9.56;9.555;9.56;200
20160120 131100;9.58;9.59;9.55;9.58;600
20160120 131200;9.58;9.58;9.58;9.58;100
20160120 131700;9.54;9.54;9.54;9.54;100
20160120 131800;9.5092;9.5092;9.5092;9.5092;100
20160120 132900;9.55;9.55;9.55;9.55;100
20160120 133200;9.57;9.58;9.57;9.58;300
20160120 133300;9.57;9.57;9.57;9.57;100
20160120 134300;9.65;9.65;9.635;9.635;500
20160120 134400;9.66;9.705;9.66;9.69;800
20160120 134700;9.7;9.7;9.7;9.7;200
20160120 134800;9.69;9.69;9.69;9.69;100
20160120 135600;9.71;9.71;9.71;9.71;100
20160120 135700;9.7;9.7;9.7;9.7;200
20160120 135900;9.7;9.7;9.7;9.7;100
20160120 140300;9.63;9.63;9.63;9.63;100
20160120 140900;9.6572;9.6572;9.6572;9.6572;120
20160120 141000;9.655;9.67;9.655;9.67;500
20160120 141100;9.69;9.74;9.69;9.73;700
20160120 141400;9.754;9.754;9.754;9.754;385
20160120 141600;9.71;9.71;9.71;9.71;100
20160120 141800;9.74;9.74;9.7;9.7;200
20160120 142300;9.73;9.73;9.73;9.73;100
20160120 142900;9.7;9.7;9.7;9.7;100
20160120 143200;9.64;9.64;9.64;9.64;100
20160120 143400;9.64;9.68;9.64;9.68;200
20160120 143800;9.69;9.69;9.69;9.69;100
20160120 143900;9.69;9.69;9.69;9.69;100
20160120 144100;9.74;9.75;9.74;9.75;600
20160120 144200;9.72;9.72;9.72;9.72;100
20160120 144500;9.72;9.72;9.72;9.72;100
20160120 144900;9.74;9.74;9.74;9.74;100
20160120 145200;9.84;9.84;9.84;9.84;100
20160120 145300;9.84;9.84;9.768;9.84;300
20160120 145400;9.81;9.81;9.81;9.81;100
20160120 145500;9.81;9.81;9.81;9.81;100
20160120 150100;9.77;9.77;9.77;9.77;100
20160120 151400;9.85;9.85;9.85;9.85;100
20160120 151600;9.9;9.94;9.848;9.848;700
20160120 152100;9.94;10;9.917;9.97;400
20160120 152500;9.92;9.92;9.92;9.92;100
20160120 152800;9.93;9.93;9.93;9.93;100
20160120 153200;9.96;9.98;9.96;9.98;300
20160120 153300;9.97;9.97;9.97;9.97;100
20160120 153400;9.95;9.95;9.88;9.88;200
20160120 153600;9.9;9.9;9.86;9.864;800
20160120 153800;9.885;9.9;9.85;9.9;500
20160120 153900;9.88;9.88;9.85;9.85;300
20160120 154000;9.87;9.87;9.87;9.87;100
20160120 154300;9.8;9.84;9.8;9.81;500
20160120 154400;9.84;9.85;9.84;9.85;200
20160120 154800;9.77;9.77;9.77;9.77;100
20160120 154900;9.81;9.81;9.77;9.77;900
20160120 155000;9.8;9.8;9.78;9.78;300
20160120 155100;9.8;9.85;9.8;9.85;600
20160120 155200;9.8;9.8;9.8;9.8;100
20160120 155500;9.82;9.82;9.82;9.82;600
20160120 155600;9.81;9.81;9.81;9.81;100
20160120 155700;9.79;9.79;9.78;9.78;200
20160120 155900;9.8;9.81;9.8;9.81;1105
20160120 160000;9.82;9.82;9.76;9.78;10609
20160120 160100;9.78;9.78;9.78;9.78;2304
20160120 161700;9.78;9.78;9.78;9.78;394
20160121 090600;9.78;9.78;9.78;9.78;1632
20160121 094500;9.75;9.75;9.75;9.75;100
20160121 095800;9.88;9.89;9.88;9.89;300
20160121 100200;9.815;9.815;9.815;9.815;100
20160121 100500;9.87;9.87;9.87;9.87;100
20160121 102500;9.81;9.81;9.81;9.81;100
20160121 103100;9.8202;9.8202;9.76;9.76;1300
20160121 103200;9.76;9.76;9.7;9.7;300
20160121 103300;9.72;9.75;9.72;9.75;300
20160121 103400;9.76;9.77;9.76;9.77;200
20160121 105000;9.75;9.75;9.75;9.75;100
20160121 105100;9.68;9.68;9.68;9.68;200
20160121 105500;9.62;9.62;9.62;9.62;200
20160121 105700;9.62;9.62;9.62;9.62;100
20160121 110000;9.59;9.59;9.59;9.59;100
20160121 110500;9.62;9.62;9.58;9.58;300
20160121 111000;9.67;9.67;9.67;9.67;100
20160121 111300;9.61;9.61;9.61;9.61;100
20160121 111700;9.53;9.53;9.53;9.53;100
20160121 113300;9.63;9.63;9.63;9.63;100
20160121 113600;9.63;9.705;9.62;9.705;500
20160121 113700;9.62;9.62;9.62;9.62;100
20160121 114400;9.64;9.64;9.63;9.63;200
20160121 114700;9.5203;9.58;9.5203;9.58;200
20160121 114800;9.58;9.58;9.58;9.58;200
20160121 115100;9.56;9.56;9.56;9.56;100
20160121 120900;9.67;9.67;9.67;9.67;115
20160121 121300;9.57;9.61;9.57;9.61;300
20160121 121600;9.57;9.57;9.57;9.57;100
20160121 121900;9.58;9.58;9.58;9.58;100
20160121 122200;9.58;9.58;9.58;9.58;100
20160121 122400;9.6;9.6;9.6;9.6;100
20160121 123100;9.64;9.64;9.64;9.64;200
20160121 123600;9.6;9.6;9.6;9.6;100
20160121 130400;9.57;9.61;9.57;9.61;808
20160121 130900;9.61;9.61;9.57;9.57;300
20160121 131000;9.61;9.61;9.61;9.61;100
20160121 131200;9.61;9.64;9.6;9.64;500
20160121 131400;9.6;9.6;9.6;9.6;200
20160121 132700;9.53;9.54;9.53;9.54;300
20160121 133000;9.53;9.53;9.53;9.53;100
20160121 133400;9.52;9.52;9.52;9.52;100
20160121 133600;9.4501;9.4501;9.4501;9.4501;100
20160121 133700;9.51;9.51;9.51;9.51;300
20160121 133800;9.52;9.52;9.52;9.52;100
20160121 134100;9.53;9.57;9.51;9.57;1600
20160121 134200;9.52;9.56;9.52;9.52;600
20160121 134300;9.54;9.54;9.53;9.53;300
20160121 135000;9.51;9.55;9.51;9.535;300
20160121 140100;9.52;9.52;9.48;9.48;400
20160121 140200;9.47;9.5;9.47;9.5;200
20160121 140300;9.48;9.48;9.48;9.48;100
20160121 140400;9.49;9.49;9.49;9.49;100
20160121 140900;9.4601;9.4601;9.4601;9.4601;100
20160121 141300;9.45;9.47;9.45;9.47;600
20160121 142000;9.4;9.45;9.4;9.45;700
20160121 142100;9.42;9.46;9.42;9.43;400
20160121 142200;9.49;9.49;9.49;9.49;100
20160121 142800;9.43;9.47;9.43;9.47;200
20160121 142900;9.45;9.45;9.45;9.45;100
20160121 143000;9.49;9.49;9.49;9.49;100
20160121 143200;9.49;9.49;9.49;9.49;100
20160121 143300;9.4501;9.4501;9.4501;9.4501;100
20160121 143500;9.45;9.455;9.45;9.455;300
20160121 143800;9.4301;9.4301;9.4301;9.4301;100
20160121 144100;9.44;9.45;9.44;9.45;200
20160121 144300;9.47;9.52;9.47;9.52;883
20160121 144700;9.49;9.49;9.49;9.49;100
20160121 144800;9.49;9.49;9.45;9.45;200
20160121 144900;9.5;9.5;9.5;9.5;100
20160121 145100;9.5;9.5;9.5;9.5;100
20160121 145200;9.5;9.5;9.4803;9.4803;200
20160121 145400;9.47;9.47;9.47;9.47;100
20160121 145700;9.54;9.57;9.54;9.57;400
20160121 145900;9.5303;9.5303;9.53;9.53;200
20160121 150300;9.57;9.57;9.57;9.57;100
20160121 150400;9.52;9.535;9.52;9.535;300
20160121 150700;9.51;9.52;9.51;9.52;200
20160121 150800;9.46;9.51;9.46;9.51;200
20160121 151000;9.45;9.45;9.45;9.45;100
20160121 151600;9.48;9.48;9.48;9.48;100
20160121 152400;9.45;9.5;9.45;9.5;300
20160121 152500;9.5;9.5;9.48;9.48;500
20160121 152800;9.42;9.46;9.42;9.46;200
20160121 153200;9.49;9.49;9.475;9.475;300
20160121 153400;9.46;9.46;9.46;9.46;100
20160121 154300;9.495;9.495;9.495;9.495;100
20160121 154400;9.51;9.525;9.51;9.51;700
20160121 154600;9.525;9.525;9.51;9.525;300
20160121 154700;9.51;9.51;9.5;9.51;400
20160121 154800;9.48;9.48;9.4503;9.4503;200
20160121 155000;9.46;9.5;9.445;9.5;500
20160121 155100;9.48;9.48;9.47;9.47;300
20160121 155200;9.46;9.46;9.46;9.46;100
20160121 155300;9.51;9.51;9.51;9.51;100
20160121 155400;9.47;9.51;9.47;9.5012;800
20160121 155500;9.48;9.54;9.48;9.54;700
20160121 155600;9.5103;9.53;9.51;9.53;400
20160121 155700;9.54;9.54;9.5203;9.5203;400
20160121 155800;9.54;9.545;9.53;9.545;400
20160121 155900;9.53;9.55;9.51;9.51;2001
20160121 160000;9.53;9.53;9.46;9.48;11689
20160121 160100;9.48;9.48;9.48;9.48;2880
20160122 093500;9.55;9.55;9.5036;9.5036;300
20160122 093900;9.57;9.57;9.56;9.56;200
20160122 094100;9.55;9.75;9.514;9.514;6200
20160122 094200;9.536;9.536;9.52;9.52;200
20160122 094300;9.533;9.533;9.533;9.533;100
20160122 094400;9.549;9.66;9.549;9.66;200
20160122 095200;9.57;9.57;9.57;9.57;200
20160122 095300;9.55;9.55;9.55;9.55;100
20160122 095600;9.58;9.58;9.58;9.58;100
20160122 095900;9.63;9.64;9.63;9.64;200
20160122 100000;9.6;9.6;9.6;9.6;100
20160122 100400;9.62;9.62;9.62;9.62;100
20160122 100500;9.623;9.623;9.59;9.59;1200
20160122 100700;9.5;9.5;9.5;9.5;100
20160122 100800;9.58;9.58;9.58;9.58;100
20160122 100900;9.51;9.51;9.51;9.51;100
20160122 101000;9.58;9.58;9.58;9.58;200
20160122 101100;9.59;9.59;9.59;9.59;100
20160122 101200;9.575;9.6;9.575;9.6;300
20160122 101800;9.6;9.61;9.6;9.61;200
20160122 102100;9.56;9.56;9.56;9.56;160
20160122 102600;9.57;9.57;9.57;9.57;100
20160122 102700;9.57;9.57;9.57;9.57;200
20160122 103000;9.53;9.53;9.53;9.53;100
20160122 103200;9.51;9.51;9.51;9.51;100
20160122 103500;9.54;9.54;9.54;9.54;100
20160122 103600;9.505;9.505;9.505;9.505;100
20160122 104200;9.51;9.51;9.51;9.51;100
20160122 104700;9.51;9.51;9.51;9.51;200
20160122 105700;9.52;9.52;9.49;9.49;200
20160122 110200;9.49;9.49;9.49;9.49;100
20160122 110700;9.5;9.5;9.5;9.5;100
20160122 111200;9.49;9.49;9.48;9.48;200
20160122 111700;9.49;9.49;9.49;9.49;100
20160122 112100;9.51;9.51;9.51;9.51;100
20160122 112200;9.53;9.53;9.5;9.5;300
20160122 112700;9.48;9.48;9.48;9.48;100
20160122 112800;9.49;9.49;9.48;9.48;500
20160122 112900;9.48;9.48;9.48;9.48;100
20160122 113000;9.46;9.46;9.46;9.46;100
20160122 113500;9.43;9.43;9.43;9.43;100
20160122 113700;9.43;9.43;9.43;9.43;100
20160122 114800;9.445;9.445;9.445;9.445;100
20160122 114900;9.4685;9.4685;9.4685;9.4685;100
20160122 115000;9.43;9.43;9.43;9.43;100
20160122 115500;9.47;9.47;9.47;9.47;100
20160122 115900;9.47;9.47;9.46;9.46;200
20160122 120300;9.48;9.48;9.464;9.464;200
20160122 120700;9.51;9.51;9.487;9.487;300
20160122 121500;9.48;9.48;9.48;9.48;100
20160122 122600;9.51;9.51;9.51;9.51;100
20160122 124500;9.54;9.54;9.54;9.54;200
20160122 125400;9.56;9.56;9.56;9.56;100
20160122 125700;9.56;9.56;9.56;9.56;100
20160122 130400;9.59;9.59;9.59;9.59;100
20160122 130600;9.55;9.55;9.55;9.55;100
20160122 132100;9.6;9.64;9.6;9.64;2800
20160122 132300;9.635;9.635;9.635;9.635;100
20160122 132500;9.647;9.68;9.6406;9.68;1308
20160122 132600;9.66;9.68;9.65;9.65;700
20160122 132700;9.67;9.67;9.66;9.66;200
20160122 133000;9.65;9.68;9.65;9.68;300
20160122 133500;9.66;9.66;9.66;9.66;100
20160122 135200;9.68;9.68;9.68;9.68;100
20160122 135600;9.6991;9.73;9.667;9.667;600
20160122 135800;9.75;9.75;9.75;9.75;100
20160122 140200;9.72;9.74;9.72;9.74;200
20160122 140700;9.7336;9.7336;9.7336;9.7336;500
20160122 141000;9.76;9.76;9.698;9.698;400
20160122 141300;9.75;9.75;9.74;9.74;300
20160122 142000;9.74;9.74;9.74;9.74;100
20160122 142300;9.74;9.76;9.715;9.715;400
20160122 142800;9.79;9.79;9.79;9.79;100
20160122 144400;9.6965;9.74;9.66;9.69;1750
20160122 144500;9.68;9.7;9.68;9.7;200
20160122 145900;9.7;9.7;9.7;9.7;100
20160122 150100;9.66;9.66;9.66;9.66;200
20160122 150800;9.66;9.66;9.66;9.66;100
20160122 150900;9.66;9.69;9.66;9.69;300
20160122 151000;9.65;9.665;9.65;9.665;200
20160122 151100;9.65;9.65;9.61;9.61;500
20160122 151200;9.615;9.615;9.615;9.615;400
20160122 151300;9.6;9.63;9.59;9.59;600
20160122 151400;9.575;9.6;9.575;9.6;600
20160122 151500;9.56;9.56;9.56;9.56;200
20160122 151600;9.55;9.55;9.55;9.55;100
20160122 151800;9.56;9.56;9.5505;9.5505;200
20160122 151900;9.53;9.58;9.52;9.52;500
20160122 152000;9.52;9.52;9.49;9.49;1200
20160122 152100;9.47;9.51;9.45;9.51;1706
20160122 152600;9.51;9.52;9.487;9.487;400
20160122 152900;9.51;9.51;9.51;9.51;100
20160122 153700;9.57;9.58;9.57;9.58;300
20160122 154200;9.63;9.65;9.62;9.62;900
20160122 154300;9.61;9.61;9.56;9.6;1100
20160122 154400;9.6;9.62;9.59;9.59;1400
20160122 154600;9.58;9.6;9.56;9.56;600
20160122 154800;9.56;9.57;9.52;9.52;1600
20160122 154900;9.52;9.57;9.51;9.51;3100
20160122 155000;9.54;9.55;9.54;9.54;300
20160122 155100;9.536;9.565;9.536;9.54;690
20160122 155200;9.51;9.55;9.51;9.55;1716
20160122 155300;9.55;9.57;9.55;9.57;200
20160122 155400;9.6;9.6;9.6;9.6;100
20160122 155500;9.6;9.6;9.6;9.6;100
20160122 155600;9.58;9.615;9.52;9.52;1281
20160122 155700;9.54;9.55;9.54;9.55;1414
20160122 155800;9.56;9.56;9.555;9.555;356
20160122 155900;9.59;9.59;9.59;9.59;1012
20160122 160000;9.62;9.63;9.6;9.61;15030
20160122 161900;9.61;9.61;9.61;9.61;97
20160122 162600;9.61;9.61;9.61;9.61;2809
20160125 095400;9.65;9.65;9.65;9.65;100
20160125 100600;9.635;9.635;9.635;9.635;100
20160125 101300;9.54;9.54;9.54;9.54;100
20160125 103300;9.57;9.57;9.57;9.57;100
20160125 104200;9.47;9.47;9.47;9.47;700
20160125 105200;9.51;9.51;9.51;9.51;100
20160125 105700;9.54;9.54;9.54;9.54;250
20160125 105800;9.5401;9.59;9.5401;9.59;250
20160125 110900;9.56;9.56;9.56;9.56;100
20160125 111000;9.56;9.56;9.56;9.56;400
20160125 111800;9.6;9.6;9.6;9.6;200
20160125 111900;9.59;9.59;9.59;9.59;100
20160125 113700;9.6099;9.61;9.56;9.56;700
20160125 115200;9.64;9.64;9.64;9.64;100
20160125 122500;9.62;9.62;9.62;9.62;100
20160125 124700;9.57;9.57;9.57;9.57;100
20160125 125100;9.58;9.58;9.58;9.58;100
20160125 125500;9.55;9.55;9.55;9.55;283
20160125 125800;9.59;9.6;9.59;9.6;285
20160125 130000;9.62;9.62;9.62;9.62;100
20160125 130400;9.63;9.63;9.63;9.63;100
20160125 130600;9.69;9.76;9.6;9.76;1000
20160125 133100;9.72;9.72;9.72;9.72;400
20160125 133700;9.69;9.72;9.69;9.72;300
20160125 133800;9.69;9.7;9.69;9.7;200
20160125 134700;9.69;9.7;9.69;9.7;300
20160125 135000;9.64;9.7;9.64;9.69;1300
20160125 135100;9.68;9.69;9.68;9.69;300
20160125 135600;9.71;9.76;9.71;9.76;200
20160125 140100;9.7;9.7;9.69;9.69;300
20160125 140600;9.7;9.7;9.7;9.7;100
20160125 140900;9.7;9.74;9.7;9.74;1300
20160125 141200;9.76;9.76;9.76;9.76;100
20160125 141400;9.78;9.78;9.78;9.78;100
20160125 142300;9.76;9.8;9.76;9.8;500
20160125 143800;9.7645;9.7645;9.7645;9.7645;163
20160125 144700;9.77;9.77;9.77;9.77;100
20160125 150100;9.75;9.75;9.75;9.75;100
20160125 150400;9.77;9.77;9.77;9.77;200
20160125 150700;9.79;9.79;9.79;9.79;100
20160125 152200;9.7;9.7;9.7;9.7;200
20160125 152300;9.7;9.71;9.7;9.7;600
20160125 152400;9.7;9.71;9.69;9.7;1000
20160125 152500;9.69;9.71;9.69;9.71;500
20160125 152700;9.7;9.7;9.7;9.7;100
20160125 152800;9.71;9.71;9.71;9.71;200
20160125 153000;9.71;9.72;9.71;9.72;400
20160125 154600;9.69;9.7;9.69;9.7;400
20160125 154800;9.64;9.67;9.64;9.67;300
20160125 155000;9.66;9.66;9.66;9.66;300
20160125 155100;9.68;9.68;9.68;9.68;100
20160125 155500;9.65;9.65;9.65;9.65;200
20160125 155600;9.67;9.67;9.61;9.64;800
20160125 155800;9.67;9.67;9.65;9.65;714
20160125 155900;9.65;9.65;9.62;9.62;200
20160125 160000;9.65;9.65;9.62;9.65;9907
20160125 160100;9.65;9.65;9.65;9.65;6
20160125 172600;9.65;9.65;9.65;9.65;992
20160126 094200;9.79;9.79;9.79;9.79;100
20160126 101100;9.95;9.95;9.95;9.95;100
20160126 101300;9.94;9.94;9.94;9.94;100
20160126 101700;9.94;9.94;9.94;9.94;100
20160126 103700;9.94;9.94;9.94;9.94;100
20160126 105100;9.963;9.963;9.963;9.963;100
20160126 110700;9.8801;9.8801;9.8801;9.8801;189
20160126 115000;9.93;9.93;9.93;9.93;100
20160126 120200;9.93;9.93;9.93;9.93;200
20160126 123900;9.96;9.96;9.96;9.96;100
20160126 124200;9.93;9.93;9.93;9.93;100
20160126 124300;9.95;9.95;9.95;9.95;100
20160126 124900;9.92;9.92;9.92;9.92;100
20160126 125700;9.89;9.89;9.89;9.89;100
20160126 125800;9.9;9.9;9.9;9.9;100
20160126 125900;9.9;9.9;9.9;9.9;200
20160126 131500;9.93;9.93;9.93;9.93;100
20160126 131700;9.94;9.94;9.94;9.94;100
20160126 132800;9.95;9.95;9.95;9.95;100
20160126 133100;9.95;9.95;9.95;9.95;100
20160126 134100;9.95;9.95;9.95;9.95;100
20160126 134400;9.94;9.94;9.92;9.92;400
20160126 140800;9.8499;9.8499;9.8499;9.8499;300
20160126 142600;9.84;9.84;9.8;9.8;200
20160126 144200;9.81;9.81;9.81;9.81;200
20160126 145000;9.8001;9.8001;9.8001;9.8001;300
20160126 145500;9.83;9.83;9.83;9.83;300
20160126 150800;9.83;9.83;9.83;9.83;200
20160126 152100;9.79;9.79;9.79;9.79;100
20160126 153700;9.7201;9.7201;9.7;9.7;1412
20160126 153800;9.74;9.74;9.7;9.7;600
20160126 154000;9.7001;9.72;9.7;9.72;2349
20160126 154100;9.73;9.76;9.72;9.72;500
20160126 154200;9.71;9.71;9.71;9.71;200
20160126 154300;9.71;9.71;9.7;9.7;706
20160126 154500;9.7001;9.73;9.7;9.71;1694
20160126 154600;9.7;9.7001;9.7;9.7;1300
20160126 154700;9.7001;9.7001;9.7001;9.7001;799
20160126 154800;9.71;9.71;9.71;9.71;100
20160126 154900;9.7;9.7;9.7;9.7;803
20160126 155300;9.73;9.73;9.73;9.73;200
20160126 155700;9.72;9.72;9.72;9.72;100
20160126 155900;9.71;9.71;9.71;9.71;500
20160126 160000;9.73;9.73;9.72;9.72;34799
20160126 162800;9.72;9.72;9.72;9.72;680
20160126 163100;9.72;9.72;9.72;9.72;111
20160127 093500;9.814;9.814;9.814;9.814;104
20160127 094800;9.72;9.72;9.72;9.72;100
20160127 095100;9.72;9.72;9.72;9.72;100
20160127 100300;9.7;9.7;9.7;9.7;200
20160127 100600;9.7;9.7;9.7;9.7;200
20160127 100900;9.7;9.7;9.7;9.7;1526
20160127 101700;9.72;9.72;9.72;9.72;100
20160127 101900;9.73;9.73;9.73;9.73;100
20160127 102800;9.76;9.79;9.76;9.79;600
20160127 103000;9.84;9.84;9.84;9.84;300
20160127 103100;9.84;9.84;9.825;9.84;300
20160127 103600;9.85;9.85;9.85;9.85;100
20160127 103900;9.82;9.82;9.82;9.82;100
20160127 104400;9.85;9.87;9.82;9.85;1000
20160127 104700;9.86;9.86;9.86;9.86;100
20160127 104800;9.85;9.86;9.85;9.86;300
20160127 105300;9.85;9.85;9.85;9.85;200
20160127 105800;9.85;9.85;9.85;9.85;200
20160127 110100;9.84;9.85;9.76;9.76;300
20160127 110300;9.85;9.85;9.85;9.85;300
20160127 110800;9.88;9.88;9.88;9.88;120
20160127 111100;9.84;9.85;9.84;9.84;1300
20160127 111200;9.85;9.85;9.84;9.84;300
20160127 112500;9.865;9.865;9.865;9.865;400
20160127 112600;9.76;9.76;9.76;9.76;100
20160127 112700;9.785;9.785;9.785;9.785;100
20160127 112800;9.83;9.86;9.82;9.84;1700
20160127 112900;9.83;9.83;9.83;9.83;100
20160127 113000;9.8;9.8;9.78;9.78;300
20160127 113400;9.85;9.85;9.85;9.85;300
20160127 115000;9.88;9.88;9.85;9.85;500
20160127 115500;9.79;9.7995;9.79;9.7995;200
20160127 115600;9.78;9.82;9.78;9.82;300
20160127 121200;9.81;9.81;9.81;9.81;100
20160127 121500;9.845;9.845;9.845;9.845;100
20160127 122000;9.89;9.89;9.89;9.89;100
20160127 122200;9.85;9.85;9.85;9.85;200
20160127 122500;9.84;9.84;9.84;9.84;200
20160127 122600;9.845;9.845;9.845;9.845;100
20160127 124100;9.72;9.8;9.72;9.8;200
20160127 124400;9.77;9.77;9.77;9.77;100
20160127 124700;9.78;9.78;9.78;9.78;200
20160127 125900;9.785;9.785;9.785;9.785;200
20160127 130100;9.77;9.77;9.73;9.75;900
20160127 130600;9.7;9.7;9.7;9.7;100
20160127 131500;9.7;9.74;9.7;9.74;200
20160127 132100;9.66;9.72;9.66;9.72;300
20160127 132800;9.73;9.73;9.73;9.73;100
20160127 133000;9.73;9.73;9.73;9.73;200
20160127 133700;9.71;9.71;9.71;9.71;100
20160127 135400;9.73;9.73;9.73;9.73;200
20160127 135700;9.73;9.75;9.73;9.73;6100
20160127 135800;9.72;9.72;9.71;9.71;200
20160127 135900;9.75;9.75;9.75;9.75;1300
20160127 140200;9.75;9.75;9.75;9.75;100
20160127 140400;9.7;9.72;9.69;9.71;500
20160127 140500;9.69;9.69;9.69;9.69;100
20160127 140600;9.7;9.7;9.7;9.7;500
20160127 141300;9.61;9.61;9.56;9.56;500
20160127 141700;9.57;9.59;9.57;9.59;1200
20160127 141800;9.6;9.6;9.6;9.6;100
20160127 141900;9.63;9.63;9.63;9.63;200
20160127 142000;9.61;9.61;9.575;9.59;427
20160127 142100;9.6;9.6;9.6;9.6;700
20160127 142900;9.62;9.62;9.62;9.62;100
20160127 143200;9.63;9.63;9.63;9.63;100
20160127 143300;9.63;9.64;9.61;9.61;700
20160127 143500;9.605;9.605;9.605;9.605;300
20160127 143900;9.56;9.56;9.56;9.56;100
20160127 144500;9.55;9.55;9.52;9.52;900
20160127 144600;9.51;9.51;9.48;9.48;200
20160127 144700;9.46;9.5;9.46;9.5;600
20160127 144800;9.51;9.52;9.51;9.52;200
20160127 144900;9.54;9.54;9.54;9.54;100
20160127 145300;9.57;9.57;9.5;9.51;1012
20160127 145400;9.5215;9.5215;9.5215;9.5215;106
20160127 145500;9.52;9.52;9.5;9.5;908
20160127 145700;9.47;9.47;9.44;9.44;1000
20160127 145800;9.46;9.47;9.435;9.435;5881
20160127 145900;9.42;9.43;9.36;9.43;3000
20160127 150200;9.42;9.43;9.415;9.415;1100
20160127 150300;9.42;9.42;9.42;9.42;100
20160127 150500;9.42;9.42;9.42;9.42;200
20160127 150600;9.42;9.45;9.42;9.45;2000
20160127 150700;9.46;9.46;9.46;9.46;400
20160127 151400;9.46;9.46;9.46;9.46;300
20160127 151500;9.46;9.46;9.46;9.46;300
20160127 151600;9.44;9.44;9.44;9.44;100
20160127 151700;9.5;9.5;9.49;9.49;200
20160127 151800;9.5;9.5;9.5;9.5;300
20160127 151900;9.51;9.54;9.51;9.54;1494
20160127 152000;9.49;9.54;9.49;9.49;500
20160127 152500;9.55;9.58;9.55;9.58;500
20160127 152600;9.63;9.63;9.63;9.63;100
20160127 152700;9.63;9.63;9.63;9.63;195
20160127 152800;9.63;9.63;9.63;9.63;100
20160127 152900;9.59;9.59;9.56;9.56;800
20160127 153200;9.58;9.59;9.58;9.59;200
20160127 153300;9.63;9.63;9.63;9.63;100
20160127 153400;9.63;9.63;9.63;9.63;300
20160127 153500;9.6285;9.63;9.6285;9.6285;1506
20160127 153600;9.61;9.61;9.61;9.61;200
20160127 153800;9.64;9.64;9.63;9.63;300
20160127 153900;9.64;9.64;9.64;9.64;100
20160127 154000;9.65;9.72;9.65;9.67;4249
20160127 154200;9.675;9.68;9.65;9.65;750
20160127 154300;9.635;9.64;9.635;9.64;200
20160127 154500;9.66;9.66;9.66;9.66;200
20160127 154600;9.65;9.66;9.65;9.66;400
20160127 154700;9.66;9.665;9.66;9.665;300
20160127 154800;9.67;9.67;9.67;9.67;400
20160127 154900;9.66;9.66;9.59;9.63;700
20160127 155000;9.65;9.66;9.65;9.66;500
20160127 155100;9.69;9.71;9.69;9.71;400
20160127 155200;9.7;9.74;9.7;9.74;900
20160127 155300;9.74;9.76;9.69;9.76;1400
20160127 155600;9.71;9.71;9.71;9.71;400
20160127 155700;9.7;9.7;9.7;9.7;300
20160127 155800;9.7;9.7;9.7;9.7;100
20160127 155900;9.67;9.67;9.61;9.61;557
20160127 160000;9.62;9.65;9.6;9.65;6044
20160127 161900;9.65;9.65;9.65;9.65;789
20160127 163100;9.65;9.65;9.65;9.65;776
20160128 093700;9.63;9.63;9.5701;9.5701;400
20160128 093800;9.65;9.67;9.65;9.67;400
20160128 094200;9.5801;9.69;9.5801;9.69;200
20160128 095100;9.67;9.67;9.67;9.67;100
20160128 095200;9.67;9.67;9.67;9.67;100
20160128 095300;9.675;9.675;9.675;9.675;100
20160128 095700;9.62;9.62;9.62;9.62;100
20160128 100300;9.65;9.65;9.65;9.65;100
20160128 101200;9.66;9.66;9.66;9.66;100
20160128 102100;9.65;9.65;9.6;9.6;700
20160128 102400;9.63;9.63;9.63;9.63;100
20160128 102500;9.6201;9.645;9.6201;9.645;200
20160128 102700;9.62;9.62;9.62;9.62;100
20160128 104900;9.6;9.6;9.58;9.6;300
20160128 105700;9.62;9.62;9.62;9.62;100
20160128 105900;9.63;9.63;9.5901;9.5901;300
20160128 111200;9.63;9.63;9.6;9.6001;979
20160128 111300;9.625;9.625;9.6001;9.6001;200
20160128 111600;9.62;9.62;9.62;9.62;100
20160128 113000;9.61;9.625;9.61;9.625;800
20160128 113600;9.61;9.61;9.61;9.61;100
20160128 114800;9.58;9.6;9.49;9.58;1600
20160128 114900;9.54;9.54;9.51;9.51;200
20160128 122200;9.52;9.53;9.52;9.53;200
20160128 122300;9.524;9.524;9.5101;9.5101;200
20160128 123000;9.52;9.525;9.4901;9.4901;600
20160128 123100;9.525;9.56;9.49;9.56;400
20160128 123300;9.5201;9.545;9.52;9.545;300
20160128 123500;9.52;9.545;9.52;9.5201;400
20160128 123600;9.52;9.54;9.51;9.53;800
20160128 123800;9.5001;9.52;9.5001;9.52;300
20160128 123900;9.52;9.525;9.52;9.525;300
20160128 124000;9.5001;9.5001;9.5001;9.5001;100
20160128 124100;9.525;9.525;9.5;9.52;600
20160128 124200;9.5199;9.5199;9.49;9.49;400
20160128 124400;9.49;9.52;9.49;9.52;200
20160128 124600;9.48;9.52;9.46;9.4601;802
20160128 124700;9.52;9.52;9.46;9.52;300
20160128 125000;9.5199;9.5199;9.5199;9.5199;100
20160128 125100;9.52;9.52;9.47;9.47;800
20160128 125400;9.52;9.53;9.52;9.53;200
20160128 125500;9.53;9.54;9.53;9.54;200
20160128 125600;9.54;9.58;9.54;9.54;800
20160128 125700;9.52;9.52;9.52;9.52;100
20160128 130000;9.52;9.56;9.52;9.56;300
20160128 130100;9.52;9.57;9.52;9.545;800
20160128 130400;9.52;9.54;9.52;9.52;400
20160128 130500;9.52;9.52;9.52;9.52;100
20160128 130600;9.53;9.6;9.53;9.6;1675
20160128 130800;9.5699;9.58;9.5699;9.58;300
20160128 130900;9.63;9.6499;9.63;9.6499;287
20160128 131700;9.65;9.655;9.65;9.655;400
20160128 131800;9.65;9.665;9.65;9.665;800
20160128 131900;9.68;9.68;9.65;9.68;400
20160128 132000;9.65;9.66;9.63;9.66;3258
20160128 132100;9.635;9.67;9.63;9.655;2821
20160128 132200;9.63;9.65;9.63;9.64;700
20160128 132300;9.62;9.66;9.62;9.66;800
20160128 132400;9.63;9.67;9.63;9.63;300
20160128 132500;9.66;9.67;9.63;9.67;600
20160128 132600;9.63;9.63;9.62;9.62;600
20160128 132700;9.62;9.62;9.59;9.59;200
20160128 132800;9.62;9.62;9.62;9.62;400
20160128 132900;9.62;9.62;9.6001;9.61;700
20160128 133200;9.65;9.65;9.65;9.65;500
20160128 133700;9.65;9.65;9.65;9.65;100
20160128 133800;9.65;9.65;9.65;9.65;100
20160128 133900;9.65;9.65;9.65;9.65;100
20160128 134200;9.65;9.65;9.65;9.65;200
20160128 135300;9.66;9.66;9.66;9.66;100
20160128 135900;9.65;9.66;9.65;9.65;400
20160128 140000;9.65;9.66;9.6;9.6;2000
20160128 140400;9.65;9.65;9.65;9.65;100
20160128 140500;9.615;9.615;9.615;9.615;800
20160128 140600;9.58;9.605;9.58;9.605;200
20160128 140800;9.65;9.65;9.65;9.65;200
20160128 141200;9.59;9.65;9.59;9.625;300
20160128 141700;9.6;9.65;9.6;9.63;300
20160128 141800;9.65;9.65;9.63;9.64;2688
20160128 141900;9.65;9.65;9.65;9.65;200
20160128 143300;9.65;9.65;9.65;9.65;100
20160128 143400;9.61;9.66;9.61;9.66;800
20160128 144300;9.65;9.67;9.65;9.67;915
20160128 144500;9.67;9.67;9.65;9.65;300
20160128 144900;9.6501;9.6501;9.6501;9.6501;100
20160128 145100;9.65;9.65;9.65;9.65;100
20160128 145400;9.65;9.65;9.65;9.65;300
20160128 145900;9.65;9.65;9.65;9.65;200
20160128 150400;9.63;9.65;9.63;9.65;1300
20160128 150500;9.65;9.6525;9.65;9.6525;483
20160128 150700;9.65;9.66;9.65;9.66;600
20160128 150900;9.65;9.65;9.65;9.65;100
20160128 151000;9.6501;9.6501;9.6501;9.6501;100
20160128 151100;9.66;9.66;9.66;9.66;100
20160128 151900;9.66;9.66;9.66;9.66;100
20160128 152100;9.65;9.65;9.65;9.65;200
20160128 152200;9.65;9.65;9.65;9.65;100
20160128 152500;9.6501;9.6501;9.6501;9.6501;100
20160128 152600;9.65;9.65;9.65;9.65;100
20160128 152700;9.65;9.65;9.65;9.65;100
20160128 153000;9.65;9.66;9.65;9.66;200
20160128 153100;9.65;9.65;9.65;9.65;100
20160128 153200;9.6501;9.6501;9.6501;9.6501;100
20160128 153300;9.66;9.66;9.65;9.65;200
20160128 153600;9.6501;9.6501;9.6501;9.6501;100
20160128 153800;9.65;9.65;9.65;9.65;100
20160128 153900;9.65;9.65;9.65;9.65;400
20160128 154000;9.65;9.65;9.65;9.65;283
20160128 154100;9.66;9.66;9.6501;9.6501;200
20160128 154200;9.65;9.65;9.65;9.65;200
20160128 154400;9.65;9.65;9.65;9.65;600
20160128 154500;9.65;9.66;9.65;9.66;800
20160128 154600;9.6301;9.6301;9.6301;9.6301;100
20160128 154700;9.65;9.65;9.65;9.65;900
20160128 154800;9.65;9.65;9.65;9.65;600
20160128 154900;9.65;9.66;9.65;9.66;400
20160128 155300;9.66;9.66;9.66;9.66;100
20160128 155400;9.65;9.65;9.65;9.65;100
20160128 155500;9.65;9.66;9.65;9.66;300
20160128 155600;9.665;9.68;9.665;9.68;200
20160128 155800;9.66;9.66;9.66;9.66;100
20160128 160000;9.675;9.69;9.675;9.69;9113
20160128 161000;9.5326;9.5326;9.5326;9.5326;2100
20160129 093100;9.68;9.68;9.68;9.68;200
20160129 093200;9.62;9.62;9.62;9.62;200
20160129 093600;9.655;9.7;9.655;9.665;1600
20160129 093700;9.685;9.7;9.67;9.68;809
20160129 093900;9.685;9.74;9.685;9.74;4749
20160129 094200;9.75;9.75;9.75;9.75;100
20160129 095100;9.79;9.79;9.79;9.79;100
20160129 095300;9.83;9.83;9.83;9.83;100
20160129 095500;9.88;9.88;9.88;9.88;100
20160129 095800;9.91;9.91;9.89;9.89;300
20160129 100300;9.9;9.9;9.885;9.885;300
20160129 100400;9.87;9.87;9.85;9.85;800
20160129 100500;9.84;9.84;9.84;9.84;100
20160129 100600;9.85;9.87;9.85;9.87;300
20160129 100700;9.85;9.85;9.84;9.84;200
20160129 100800;9.82;9.82;9.78;9.78;600
20160129 100900;9.77;9.77;9.73;9.75;2500
20160129 101000;9.76;9.87;9.75;9.78;900
20160129 101100;9.835;9.835;9.835;9.835;100
20160129 101700;9.835;9.85;9.83;9.85;16300
20160129 101800;9.845;9.85;9.845;9.85;12100
20160129 101900;9.87;9.88;9.86;9.86;1000
20160129 102000;9.89;9.89;9.89;9.89;200
20160129 102100;9.895;9.9;9.895;9.9;500
20160129 102200;9.905;9.91;9.905;9.91;1300
20160129 102300;9.91;9.91;9.9;9.91;2000
20160129 102400;9.91;9.91;9.9;9.905;1000
20160129 102600;9.89;9.89;9.89;9.89;100
20160129 102800;9.89;9.9;9.83;9.84;1800
20160129 102900;9.84;9.885;9.82;9.86;2927
20160129 103000;9.9;9.93;9.88;9.88;2100
20160129 103100;9.89;9.93;9.77;9.77;1000
20160129 103200;9.76;9.87;9.76;9.83;7200
20160129 103300;9.845;9.86;9.845;9.86;300
20160129 103500;9.9;9.9;9.9;9.9;200
20160129 103600;9.9;9.93;9.9;9.93;200
20160129 103700;9.9;9.9;9.9;9.9;300
20160129 103800;9.945;9.945;9.945;9.945;100
20160129 103900;9.95;9.985;9.95;9.985;400
20160129 104000;9.95;9.95;9.95;9.95;200
20160129 104100;9.95;9.95;9.95;9.95;400
20160129 104300;9.97;9.97;9.85;9.87;2100
20160129 104400;9.84;9.84;9.82;9.82;4268
20160129 105300;9.91;9.955;9.91;9.91;300
20160129 105400;9.91;9.95;9.91;9.95;200
20160129 105500;9.91;9.955;9.91;9.955;200
20160129 105600;9.91;9.945;9.9;9.945;300
20160129 105700;9.91;9.95;9.9;9.9;1700
20160129 105800;9.9;9.9;9.9;9.9;100
20160129 105900;9.88;9.91;9.87;9.87;300
20160129 110000;9.88;9.88;9.87;9.87;400
20160129 110100;9.87;9.87;9.82;9.82;6047
20160129 110200;9.9;9.9;9.9;9.9;100
20160129 110500;9.89;9.94;9.89;9.94;500
20160129 110600;9.9;9.945;9.89;9.945;1200
20160129 110700;9.955;9.96;9.955;9.955;300
20160129 110800;9.93;9.97;9.93;9.97;200
20160129 110900;9.93;9.98;9.92;9.92;1751
20160129 111000;9.9;9.9;9.9;9.9;200
20160129 111100;9.89;9.89;9.89;9.89;100
20160129 111200;9.88;9.88;9.86;9.86;1100
20160129 111300;9.88;9.88;9.87;9.87;500
20160129 111500;9.86;9.86;9.86;9.86;100
20160129 111600;9.86;9.88;9.82;9.825;4758
20160129 113000;9.89;9.89;9.89;9.89;100
20160129 113200;9.9;9.9;9.87;9.87;700
20160129 113300;9.85;9.85;9.85;9.85;400
20160129 113700;9.84;9.84;9.84;9.84;300
20160129 113800;9.84;9.84;9.84;9.84;200
20160129 113900;9.84;9.84;9.82;9.82;300
20160129 114300;9.83;9.83;9.83;9.83;400
20160129 114400;9.83;9.84;9.83;9.84;400
20160129 114500;9.84;9.86;9.84;9.86;300
20160129 114600;9.84;9.85;9.84;9.84;300
20160129 114700;9.84;9.84;9.84;9.84;400
20160129 114800;9.85;9.86;9.85;9.85;400
20160129 115100;9.85;9.85;9.85;9.85;300
20160129 115200;9.85;9.85;9.84;9.84;400
20160129 120400;9.83;9.84;9.83;9.84;400
20160129 121700;9.87;9.87;9.87;9.87;100
20160129 122600;9.9;9.9;9.9;9.9;100
20160129 123400;9.9;9.9;9.9;9.9;100
20160129 123600;9.95;9.95;9.95;9.95;100
20160129 124000;9.96;9.96;9.96;9.96;100
20160129 125600;9.98;9.98;9.98;9.98;300
20160129 125700;9.98;9.98;9.98;9.98;200
20160129 130400;9.94;9.94;9.94;9.94;300
20160129 130500;9.94;9.94;9.94;9.94;200
20160129 131400;9.94;9.94;9.92;9.92;300
20160129 131500;9.92;9.94;9.92;9.94;300
20160129 132700;9.94;9.94;9.94;9.94;200
20160129 132800;9.94;9.96;9.94;9.94;600
20160129 132900;9.94;9.94;9.93;9.93;500
20160129 133000;9.94;9.94;9.94;9.94;100
20160129 133200;9.96;9.96;9.94;9.94;400
20160129 133400;9.93;9.93;9.93;9.93;100
20160129 133800;9.96;9.96;9.94;9.94;300
20160129 134000;9.95;9.95;9.95;9.95;100
20160129 134100;9.96;9.96;9.94;9.94;500
20160129 134200;9.96;9.96;9.94;9.94;900
20160129 135100;9.94;9.94;9.94;9.94;200
20160129 135600;9.91;9.91;9.91;9.91;200
20160129 140000;9.89;9.89;9.89;9.89;100
20160129 140300;9.88;9.895;9.88;9.88;300
20160129 140500;9.88;9.88;9.88;9.88;200
20160129 141600;9.8776;9.89;9.8776;9.89;239
20160129 142100;9.96;9.96;9.94;9.94;800
20160129 142200;9.95;9.98;9.95;9.98;200
20160129 142300;9.95;9.95;9.95;9.95;100
20160129 142400;9.95;9.95;9.9377;9.9377;561
20160129 143000;9.94;9.94;9.94;9.94;600
20160129 144300;9.93;9.93;9.93;9.93;500
20160129 144400;9.93;9.93;9.93;9.93;100
20160129 144600;9.93;9.93;9.93;9.93;700
20160129 144700;9.93;9.93;9.93;9.93;100
20160129 144800;9.93;9.93;9.93;9.93;200
20160129 145100;9.945;9.945;9.945;9.945;155
20160129 145200;9.93;9.93;9.93;9.93;100
20160129 145400;9.94;9.94;9.94;9.94;100
20160129 145500;9.94;9.94;9.94;9.94;100
20160129 145700;9.93;9.93;9.93;9.93;300
20160129 151000;9.93;9.93;9.93;9.93;400
20160129 151100;9.93;9.93;9.93;9.93;100
20160129 151200;9.93;9.93;9.93;9.93;491
20160129 151300;9.93;9.93;9.93;9.93;112
20160129 151700;9.94;9.94;9.94;9.94;100
20160129 152200;9.93;9.93;9.93;9.93;700
20160129 152600;9.93;9.93;9.93;9.93;100
20160129 152700;9.93;9.93;9.93;9.93;2500
20160129 152900;9.93;9.93;9.93;9.93;100
20160129 153000;9.93;9.93;9.93;9.93;100
20160129 153700;9.93;9.93;9.93;9.93;500
20160129 153800;9.93;9.93;9.93;9.93;300
20160129 153900;9.93;9.93;9.93;9.93;100
20160129 154000;9.93;9.93;9.93;9.93;130
20160129 154400;9.93;9.93;9.93;9.93;700
20160129 154500;9.93;9.93;9.93;9.93;100
20160129 154600;9.93;9.93;9.93;9.93;2200
20160129 154700;9.93;9.93;9.93;9.93;1000
20160129 154800;9.93;9.93;9.93;9.93;200
20160129 154900;9.93;9.93;9.93;9.93;700
20160129 155000;9.93;9.95;9.93;9.95;9134
20160129 155100;9.94;9.965;9.93;9.965;7121
20160129 155200;9.98;9.98;9.98;9.98;200
20160129 155300;9.99;9.99;9.99;9.99;200
20160129 155400;9.99;10.01;9.99;10.01;400
20160129 155500;10.015;10.015;10.015;10.015;300
20160129 155600;10.02;10.03;10;10;1800
20160129 155700;9.99;9.99;9.98;9.98;500
20160129 155800;10;10;10;10;700
20160129 155900;10.01;10.03;10.005;10.02;1771
20160129 160000;10.02;10.08;10.02;10.04;27940
20160129 160100;9.96;10.05;9.96;10.04;12321
20160129 163500;10.04;10.04;10.04;10.04;8206
20160129 163600;10.04;10.04;10.04;10.04;8025
20160201 092700;10.04;10.04;10.04;10.04;4
20160201 093700;9.93;9.93;9.93;9.93;100
20160201 094100;9.97;9.97;9.97;9.97;100
20160201 094300;9.91;9.91;9.91;9.91;100
20160201 094400;9.945;9.945;9.945;9.945;100
20160201 095400;9.93;9.93;9.93;9.93;100
20160201 095900;9.93;9.93;9.93;9.93;400
20160201 100000;9.935;9.935;9.935;9.935;100
20160201 100100;9.93;9.93;9.93;9.93;100
20160201 100200;9.95;9.95;9.94;9.94;200
20160201 100300;9.94;9.95;9.9;9.95;800
20160201 100800;9.9;9.92;9.87;9.885;2500
20160201 101100;9.875;9.875;9.875;9.875;100
20160201 101200;9.84;9.84;9.84;9.84;100
20160201 101300;9.84;9.84;9.84;9.84;100
20160201 101600;9.73;9.73;9.73;9.73;100
20160201 101800;9.73;9.8;9.73;9.8;200
20160201 102300;9.73;9.73;9.73;9.73;100
20160201 102700;9.73;9.73;9.73;9.73;100
20160201 103000;9.73;9.755;9.73;9.74;300
20160201 103500;9.765;9.765;9.765;9.765;100
20160201 104100;9.8;9.85;9.77;9.81;600
20160201 104200;9.79;9.79;9.79;9.79;100
20160201 104400;9.77;9.77;9.77;9.77;200
20160201 105000;9.79;9.79;9.79;9.79;100
20160201 105200;9.79;9.8;9.79;9.8;200
20160201 110300;9.815;9.815;9.815;9.815;100
20160201 111300;9.85;9.85;9.85;9.85;200
20160201 112700;9.77;9.77;9.77;9.77;100
20160201 113200;9.77;9.78;9.77;9.78;200
20160201 113700;9.77;9.77;9.77;9.77;100
20160201 114000;9.78;9.78;9.78;9.78;100
20160201 114100;9.78;9.78;9.78;9.78;100
20160201 114200;9.78;9.78;9.78;9.78;200
20160201 114300;9.75;9.78;9.75;9.78;200
20160201 114800;9.75;9.75;9.75;9.75;100
20160201 115000;9.75;9.75;9.75;9.75;400
20160201 115100;9.76;9.76;9.76;9.76;100
20160201 115200;9.75;9.75;9.75;9.75;100
20160201 115300;9.71;9.71;9.71;9.71;100
20160201 115900;9.71;9.71;9.71;9.71;100
20160201 120500;9.71;9.71;9.71;9.71;100
20160201 120600;9.71;9.71;9.71;9.71;100
20160201 121000;9.7;9.7;9.7;9.7;100
20160201 121400;9.73;9.75;9.73;9.75;600
20160201 121500;9.72;9.72;9.72;9.72;100
20160201 121700;9.74;9.74;9.74;9.74;100
20160201 122300;9.73;9.75;9.73;9.75;400
20160201 122600;9.73;9.73;9.73;9.73;100
20160201 124000;9.7;9.7;9.7;9.7;100
20160201 124100;9.73;9.73;9.71;9.71;400
20160201 125200;9.74;9.74;9.74;9.74;100
20160201 125500;9.75;9.76;9.7;9.725;4697
20160201 130100;9.73;9.73;9.73;9.73;100
20160201 131700;9.7;9.7;9.7;9.7;100
20160201 132400;9.7;9.78;9.7;9.72;700
20160201 132900;9.75;9.75;9.75;9.75;200
20160201 133500;9.74;9.74;9.74;9.74;213
20160201 133600;9.7;9.7;9.7;9.7;200
20160201 134300;9.67;9.67;9.67;9.67;100
20160201 134800;9.61;9.61;9.61;9.61;100
20160201 135000;9.61;9.61;9.54;9.54;3481
20160201 135200;9.55;9.62;9.55;9.62;300
20160201 135700;9.58;9.61;9.55;9.61;400
20160201 140500;9.56;9.56;9.56;9.56;100
20160201 141900;9.55;9.55;9.54;9.54;300
20160201 142000;9.54;9.54;9.54;9.54;100
20160201 142100;9.5328;9.5328;9.5328;9.5328;232
20160201 142200;9.6199;9.6199;9.6199;9.6199;190
20160201 142500;9.6099;9.61;9.6099;9.61;300
20160201 142600;9.64;9.66;9.64;9.66;200
20160201 142900;9.64;9.6499;9.64;9.6499;200
20160201 143000;9.65;9.68;9.62;9.67;700
20160201 144000;9.65;9.67;9.65;9.67;200
20160201 145000;9.6063;9.66;9.6063;9.66;1636
20160201 145100;9.6499;9.71;9.6;9.71;2800
20160201 145200;9.67;9.67;9.67;9.67;100
20160201 145600;9.67;9.72;9.67;9.72;300
20160201 150400;9.69;9.69;9.69;9.69;100
20160201 150800;9.68;9.685;9.67;9.685;500
20160201 150900;9.685;9.685;9.67;9.67;200
20160201 151300;9.66;9.675;9.66;9.675;200
20160201 151700;9.65;9.65;9.65;9.65;100
20160201 151800;9.67;9.68;9.665;9.67;800
20160201 151900;9.67;9.68;9.67;9.67;300
20160201 152000;9.67;9.68;9.67;9.68;200
20160201 152100;9.67;9.67;9.67;9.67;100
20160201 152300;9.65;9.65;9.65;9.65;100
20160201 152600;9.65;9.68;9.65;9.68;200
20160201 152700;9.65;9.65;9.65;9.65;100
20160201 153000;9.66;9.66;9.66;9.66;100
20160201 153200;9.65;9.66;9.65;9.66;600
20160201 153300;9.65;9.65;9.65;9.65;100
20160201 153500;9.65;9.65;9.65;9.65;100
20160201 153900;9.68;9.68;9.68;9.68;100
20160201 154200;9.67;9.67;9.67;9.67;200
20160201 154500;9.7;9.73;9.7;9.72;800
20160201 154600;9.72;9.73;9.72;9.73;1100
20160201 154700;9.72;9.73;9.72;9.73;700
20160201 154800;9.74;9.74;9.73;9.73;200
20160201 154900;9.74;9.74;9.69;9.715;13293
20160201 155100;9.7;9.7;9.69;9.69;1200
20160201 155600;9.65;9.65;9.65;9.65;400
20160201 155800;9.65;9.66;9.64;9.66;2416
20160201 155900;9.65;9.65;9.65;9.65;300
20160201 160000;9.65;9.65;9.62;9.65;7541
20160201 162200;9.65;9.65;9.65;9.65;827
20160202 093100;9.36;9.36;9.36;9.36;200
20160202 093200;9.3;9.3;9.3;9.3;100
20160202 094200;9.63;9.63;9.42;9.42;600
20160202 094400;9.42;9.42;9.42;9.42;100
20160202 095100;9.5201;9.56;9.5201;9.56;200
20160202 095700;9.57;9.57;9.57;9.57;100
20160202 100100;9.58;9.58;9.53;9.53;300
20160202 101300;9.5;9.5;9.48;9.48;200
20160202 101500;9.49;9.49;9.49;9.49;100
20160202 104700;9.46;9.46;9.43;9.43;300
20160202 110500;9.43;9.43;9.4001;9.4001;200
20160202 111500;9.45;9.465;9.45;9.45;1400
20160202 111600;9.46;9.46;9.42;9.43;1000
20160202 111700;9.45;9.47;9.45;9.46;900
20160202 111800;9.47;9.47;9.46;9.46;300
20160202 111900;9.46;9.46;9.45;9.46;800
20160202 112700;9.46;9.46;9.46;9.46;100
20160202 113200;9.46;9.46;9.46;9.46;100
20160202 113500;9.46;9.46;9.4501;9.4501;200
20160202 113700;9.45;9.45;9.42;9.42;700
20160202 114500;9.42;9.42;9.42;9.42;100
20160202 115400;9.44;9.44;9.44;9.44;100
20160202 115900;9.4301;9.4301;9.4301;9.4301;100
20160202 120000;9.44;9.44;9.44;9.44;100
20160202 120200;9.45;9.48;9.44;9.44;1300
20160202 120400;9.45;9.45;9.44;9.44;500
20160202 120500;9.44;9.44;9.44;9.44;100
20160202 120600;9.44;9.44;9.43;9.43;700
20160202 121100;9.42;9.42;9.42;9.42;200
20160202 121400;9.405;9.405;9.405;9.405;100
20160202 122000;9.42;9.42;9.405;9.405;400
20160202 122300;9.4;9.4;9.4;9.4;100
20160202 122700;9.41;9.42;9.41;9.42;200
20160202 123000;9.42;9.42;9.42;9.42;100
20160202 123100;9.44;9.44;9.425;9.425;2699
20160202 124300;9.41;9.43;9.41;9.43;500
20160202 124800;9.4201;9.4201;9.4201;9.4201;100
20160202 125000;9.44;9.46;9.44;9.46;200
20160202 125100;9.45;9.45;9.45;9.45;200
20160202 125400;9.48;9.48;9.46;9.46;2100
20160202 125500;9.46;9.46;9.46;9.46;200
20160202 125600;9.46;9.46;9.46;9.46;100
20160202 125700;9.46;9.46;9.46;9.46;300
20160202 125800;9.475;9.475;9.46;9.46;800
20160202 125900;9.47;9.47;9.47;9.47;100
20160202 130000;9.48;9.48;9.46;9.47;2800
20160202 130200;9.47;9.47;9.47;9.47;500
20160202 130400;9.46;9.46;9.46;9.46;100
20160202 130500;9.47;9.47;9.47;9.47;100
20160202 130600;9.48;9.48;9.48;9.48;106
20160202 131000;9.485;9.485;9.485;9.485;300
20160202 131200;9.47;9.4899;9.47;9.475;600
20160202 131400;9.49;9.49;9.49;9.49;100
20160202 131600;9.51;9.51;9.51;9.51;100
20160202 131800;9.5;9.5;9.5;9.5;100
20160202 132500;9.53;9.53;9.53;9.53;100
20160202 132800;9.5;9.52;9.5;9.52;300
20160202 132900;9.525;9.525;9.525;9.525;100
20160202 133000;9.525;9.525;9.525;9.525;100
20160202 133100;9.52;9.52;9.52;9.52;100
20160202 133300;9.55;9.55;9.55;9.55;200
20160202 133400;9.58;9.58;9.52;9.52;200
20160202 134500;9.51;9.51;9.51;9.51;200
20160202 134600;9.515;9.515;9.515;9.515;100
20160202 134800;9.515;9.53;9.515;9.53;200
20160202 135000;9.5;9.5;9.5;9.5;200
20160202 135100;9.5;9.5;9.5;9.5;300
20160202 135200;9.5;9.5;9.5;9.5;100
20160202 135400;9.49;9.51;9.49;9.51;300
20160202 140000;9.46;9.46;9.46;9.46;100
20160202 140400;9.48;9.48;9.48;9.48;100
20160202 142800;9.47;9.47;9.47;9.47;200
20160202 143100;9.47;9.47;9.47;9.47;200
20160202 144300;9.4701;9.4701;9.4701;9.4701;100
20160202 145000;9.49;9.49;9.49;9.49;200
20160202 145100;9.52;9.52;9.52;9.52;300
20160202 145300;9.51;9.51;9.51;9.51;200
20160202 145600;9.51;9.51;9.51;9.51;100
20160202 145700;9.51;9.51;9.51;9.51;100
20160202 145800;9.5;9.5;9.5;9.5;100
20160202 150300;9.51;9.51;9.51;9.51;100
20160202 150400;9.48;9.48;9.48;9.48;100
20160202 150800;9.47;9.47;9.46;9.46;500
20160202 150900;9.45;9.45;9.45;9.45;360
20160202 151300;9.45;9.45;9.45;9.45;700
20160202 151600;9.45;9.45;9.45;9.45;100
20160202 151700;9.45;9.45;9.45;9.45;100
20160202 151800;9.44;9.44;9.44;9.44;100
20160202 152100;9.44;9.44;9.44;9.44;200
20160202 152400;9.445;9.445;9.44;9.44;300
20160202 152500;9.43;9.43;9.43;9.43;100
20160202 152800;9.4399;9.44;9.435;9.44;1659
20160202 153400;9.44;9.44;9.44;9.44;400
20160202 153500;9.43;9.435;9.43;9.435;200
20160202 153700;9.44;9.45;9.44;9.45;200
20160202 154100;9.44;9.44;9.44;9.44;100
20160202 154300;9.47;9.47;9.47;9.47;100
20160202 154400;9.4401;9.4401;9.44;9.44;200
20160202 154500;9.44;9.44;9.44;9.44;300
20160202 154600;9.47;9.47;9.44;9.44;1100
20160202 154800;9.43;9.43;9.43;9.43;100
20160202 154900;9.44;9.45;9.44;9.45;2100
20160202 155000;9.45;9.45;9.45;9.45;100
20160202 155100;9.45;9.45;9.45;9.45;900
20160202 155600;9.44;9.45;9.44;9.445;409
20160202 155800;9.45;9.47;9.43;9.43;442
20160202 155900;9.46;9.46;9.4301;9.4301;200
20160202 160000;9.45;9.45;9.45;9.45;7962
20160202 160100;9.45;9.45;9.45;9.45;162
20160202 162200;9.45;9.45;9.45;9.45;1181
20160202 163200;9.45;9.45;9.45;9.45;1040
20160203 084300;9.47;9.47;9.47;9.47;800
20160203 094100;9.34;9.43;9.31;9.31;800
20160203 100400;9.3;9.31;9.3;9.3;1500
20160203 100500;9.3;9.3;9.27;9.27;300
20160203 101200;9.27;9.27;9.17;9.17;5949
20160203 101700;9.15;9.15;9.15;9.15;100
20160203 102200;9.22;9.22;9.15;9.15;300
20160203 103100;9.18;9.18;9.18;9.18;200
20160203 103200;9.18;9.18;9.18;9.18;100
20160203 103800;9.19;9.19;9.19;9.19;100
20160203 104300;9.21;9.21;9.21;9.21;100
20160203 110300;9.21;9.22;9.21;9.22;600
20160203 111100;9.21;9.21;9.21;9.21;100
20160203 111200;9.229;9.229;9.2;9.2;300
20160203 112200;9.28;9.28;9.28;9.28;100
20160203 113400;9.42;9.42;9.42;9.42;200
20160203 113500;9.49;9.49;9.49;9.49;100
20160203 113700;9.42;9.43;9.42;9.43;200
20160203 114500;9.44;9.44;9.44;9.44;300
20160203 115100;9.42;9.42;9.42;9.42;100
20160203 120600;9.31;9.31;9.31;9.31;100
20160203 121200;9.245;9.245;9.245;9.245;100
20160203 122600;9.3;9.3;9.3;9.3;100
20160203 123300;9.31;9.31;9.3;9.3;200
20160203 124100;9.31;9.31;9.31;9.31;100
20160203 124200;9.32;9.32;9.32;9.32;100
20160203 125300;9.36;9.36;9.36;9.36;200
20160203 125400;9.35;9.38;9.35;9.38;200
20160203 130300;9.35;9.35;9.35;9.35;100
20160203 130400;9.36;9.36;9.36;9.36;100
20160203 131100;9.36;9.36;9.36;9.36;100
20160203 132300;9.35;9.35;9.35;9.35;100
20160203 132900;9.31;9.31;9.31;9.31;100
20160203 133100;9.32;9.32;9.32;9.32;100
20160203 133700;9.32;9.32;9.32;9.32;100
20160203 135300;9.29;9.29;9.29;9.29;1000
20160203 135400;9.3;9.3;9.3;9.3;300
20160203 142100;9.33;9.33;9.33;9.33;100
20160203 145600;9.39;9.39;9.39;9.39;100
20160203 145700;9.41;9.41;9.41;9.41;300
20160203 150400;9.41;9.46;9.41;9.46;300
20160203 150500;9.44;9.45;9.425;9.45;600
20160203 150800;9.44;9.47;9.44;9.47;500
20160203 151700;9.43;9.43;9.43;9.43;100
20160203 152100;9.46;9.47;9.46;9.47;309
20160203 152200;9.47;9.47;9.47;9.47;200
20160203 152600;9.445;9.445;9.445;9.445;100
20160203 152700;9.46;9.46;9.46;9.46;243
20160203 152900;9.47;9.47;9.47;9.47;100
20160203 153100;9.4576;9.51;9.42;9.47;2086
20160203 153300;9.5;9.5;9.49;9.49;500
20160203 153800;9.52;9.53;9.52;9.53;300
20160203 153900;9.49;9.49;9.49;9.49;100
20160203 154000;9.53;9.54;9.53;9.54;200
20160203 154100;9.55;9.55;9.55;9.55;200
20160203 154400;9.55;9.55;9.55;9.55;100
20160203 154500;9.57;9.6;9.57;9.6;612
20160203 154800;9.6;9.6;9.6;9.6;300
20160203 155000;9.58;9.58;9.58;9.58;100
20160203 155100;9.61;9.61;9.61;9.61;200
20160203 155200;9.64;9.64;9.64;9.64;400
20160203 155300;9.615;9.615;9.615;9.615;100
20160203 155400;9.62;9.62;9.62;9.62;400
20160203 155500;9.6;9.6;9.6;9.6;100
20160203 155600;9.62;9.62;9.6;9.6;200
20160203 155800;9.59;9.59;9.59;9.59;100
20160203 155900;9.58;9.59;9.58;9.59;300
20160203 160000;9.6;9.61;9.58;9.59;4222
20160204 093800;9.51;9.51;9.51;9.51;100
20160204 094500;9.48;9.48;9.48;9.48;100
20160204 094800;9.45;9.45;9.45;9.45;200
20160204 095000;9.42;9.42;9.4;9.4;1139
20160204 095100;9.36;9.36;9.35;9.35;600
20160204 095200;9.35;9.35;9.35;9.35;100
20160204 095600;9.37;9.37;9.37;9.37;100
20160204 095700;9.37;9.37;9.37;9.37;217
20160204 100100;9.36;9.36;9.35;9.35;900
20160204 100200;9.35;9.35;9.35;9.35;3200
20160204 100400;9.35;9.35;9.35;9.35;300
20160204 100600;9.35;9.35;9.35;9.35;100
20160204 101000;9.31;9.31;9.31;9.31;100
20160204 101600;9.31;9.31;9.31;9.31;100
20160204 101700;9.31;9.31;9.31;9.31;100
20160204 102100;9.31;9.31;9.31;9.31;100
20160204 102200;9.3;9.3;9.3;9.3;800
20160204 102300;9.3;9.3;9.3;9.3;600
20160204 102500;9.3;9.3;9.3;9.3;100
20160204 102600;9.3;9.3;9.3;9.3;100
20160204 103100;9.3;9.3;9.3;9.3;1300
20160204 103400;9.33;9.35;9.33;9.33;700
20160204 103800;9.4;9.41;9.365;9.41;5300
20160204 104500;9.36;9.36;9.36;9.36;100
20160204 104800;9.36;9.36;9.36;9.36;100
20160204 110100;9.39;9.39;9.39;9.39;100
20160204 110200;9.56;9.56;9.56;9.56;300
20160204 110500;9.53;9.53;9.53;9.53;600
20160204 111100;9.48;9.48;9.48;9.48;100
20160204 111200;9.545;9.545;9.545;9.545;100
20160204 111600;9.48;9.49;9.48;9.49;200
20160204 111900;9.535;9.535;9.535;9.535;100
20160204 112300;9.5144;9.5144;9.5144;9.5144;400
20160204 112500;9.49;9.49;9.49;9.49;100
20160204 112700;9.535;9.535;9.535;9.535;100
20160204 113000;9.49;9.49;9.49;9.49;100
20160204 113100;9.46;9.55;9.42;9.42;500
20160204 114000;9.53;9.54;9.42;9.54;500
20160204 114100;9.47;9.47;9.47;9.47;100
20160204 114800;9.46;9.54;9.46;9.54;200
20160204 115100;9.5;9.5;9.46;9.46;200
20160204 115600;9.41;9.41;9.41;9.41;100
20160204 120300;9.47;9.47;9.47;9.47;200
20160204 120400;9.5;9.5;9.5;9.5;123
20160204 120500;9.51;9.51;9.51;9.51;100
20160204 120600;9.51;9.53;9.51;9.52;600
20160204 122700;9.59;9.59;9.59;9.59;300
20160204 123100;9.56;9.56;9.56;9.56;100
20160204 124600;9.57;9.58;9.57;9.58;200
20160204 124700;9.54;9.61;9.54;9.61;200
20160204 125300;9.64;9.64;9.57;9.57;200
20160204 125600;9.56;9.56;9.56;9.56;100
20160204 130600;9.58;9.58;9.58;9.58;100
20160204 130800;9.64;9.64;9.57;9.57;200
20160204 131000;9.58;9.58;9.58;9.58;100
20160204 131600;9.57;9.57;9.57;9.57;100
20160204 131700;9.5;9.5;9.5;9.5;100
20160204 132600;9.57;9.6299;9.52;9.6299;415
20160204 133000;9.56;9.56;9.56;9.56;100
20160204 133500;9.56;9.56;9.54;9.54;200
20160204 133600;9.54;9.54;9.54;9.54;100
20160204 133800;9.56;9.56;9.56;9.56;100
20160204 134100;9.54;9.54;9.54;9.54;100
20160204 134200;9.5248;9.5248;9.5248;9.5248;228
20160204 134500;9.505;9.505;9.505;9.505;100
20160204 134600;9.45;9.45;9.45;9.45;100
20160204 135000;9.505;9.505;9.505;9.505;100
20160204 135100;9.45;9.45;9.45;9.45;100
20160204 135600;9.5;9.5;9.44;9.44;200
20160204 140100;9.5;9.54;9.5;9.5;1800
20160204 141000;9.5;9.5;9.5;9.5;100
20160204 141600;9.51;9.56;9.51;9.56;900
20160204 141700;9.56;9.59;9.56;9.59;300
20160204 142000;9.55;9.55;9.55;9.55;100
20160204 142300;9.52;9.52;9.52;9.52;100
20160204 143100;9.53;9.53;9.53;9.53;100
20160204 143900;9.55;9.59;9.52;9.55;400
20160204 144600;9.52;9.52;9.52;9.52;100
20160204 144800;9.52;9.59;9.48;9.48;300
20160204 145300;9.59;9.59;9.49;9.49;200
20160204 145600;9.48;9.59;9.48;9.48;300
20160204 150100;9.48;9.52;9.48;9.52;200
20160204 150600;9.5;9.59;9.5;9.59;200
20160204 151000;9.49;9.49;9.49;9.49;100
20160204 151100;9.5;9.5;9.5;9.5;100
20160204 151300;9.48;9.48;9.48;9.48;100
20160204 151600;9.49;9.58;9.49;9.49;300
20160204 152100;9.48;9.49;9.48;9.49;200
20160204 152500;9.55;9.55;9.52;9.52;200
20160204 153100;9.51;9.51;9.51;9.51;100
20160204 153300;9.51;9.51;9.51;9.51;100
20160204 153400;9.51;9.51;9.51;9.51;100
20160204 153600;9.47;9.505;9.47;9.505;200
20160204 153700;9.53;9.55;9.5;9.5;900
20160204 154100;9.54;9.54;9.54;9.54;200
20160204 154300;9.52;9.52;9.52;9.52;300
20160204 154600;9.52;9.52;9.52;9.52;200
20160204 154700;9.52;9.52;9.52;9.52;200
20160204 154900;9.51;9.515;9.51;9.515;400
20160204 155000;9.51;9.51;9.51;9.51;100
20160204 155100;9.515;9.52;9.51;9.52;760
20160204 155300;9.55;9.55;9.55;9.55;300
20160204 155400;9.51;9.51;9.51;9.51;100
20160204 155500;9.56;9.56;9.56;9.56;200
20160204 155600;9.53;9.54;9.53;9.54;200
20160204 155700;9.56;9.59;9.56;9.59;900
20160204 155800;9.6;9.61;9.56;9.56;1558
20160204 155900;9.55;9.57;9.55;9.55;492
20160204 160000;9.53;9.63;9.53;9.58;7833
20160204 163100;9.58;9.58;9.58;9.58;199
20160205 094900;9.78;9.78;9.78;9.78;200
20160205 095400;9.93;9.98;9.93;9.98;200
20160205 095800;9.78;9.78;9.78;9.78;100
20160205 101200;9.79;9.79;9.79;9.79;500
20160205 101300;9.8;9.8;9.8;9.8;100
20160205 101400;9.81;9.81;9.79;9.81;2000
20160205 101500;9.8;9.82;9.8;9.82;300
20160205 101600;9.82;9.92;9.81;9.92;1700
20160205 101700;9.92;9.92;9.92;9.92;300
20160205 101800;9.95;9.95;9.95;9.95;1200
20160205 102000;9.98;10;9.98;10;200
20160205 102100;10;10;9.9;9.9;3000
20160205 102200;9.9;9.9;9.87;9.87;200
20160205 102300;9.88;9.88;9.83;9.83;400
20160205 102400;9.82;9.82;9.77;9.77;500
20160205 103200;9.71;9.71;9.71;9.71;200
20160205 104400;9.83;9.83;9.83;9.83;100
20160205 105300;9.82;9.82;9.82;9.82;100
20160205 110600;9.84;9.84;9.84;9.84;100
20160205 110800;9.81;9.84;9.81;9.84;200
20160205 111400;9.85;9.85;9.85;9.85;100
20160205 111500;9.85;9.85;9.85;9.85;100
20160205 111700;9.85;9.85;9.85;9.85;100
20160205 112200;9.85;9.85;9.85;9.85;100
20160205 112800;9.84;9.84;9.84;9.84;100
20160205 113000;9.84;9.85;9.84;9.85;400
20160205 113300;9.9;9.9;9.9;9.9;200
20160205 113700;9.89;9.89;9.89;9.89;100
20160205 114000;9.87;9.87;9.87;9.87;400
20160205 114500;9.94;9.94;9.94;9.94;100
20160205 115400;9.94;9.96;9.93;9.96;860
20160205 120100;9.96;9.96;9.96;9.96;100
20160205 120500;9.92;9.92;9.9;9.9;400
20160205 120800;9.86;9.86;9.86;9.86;100
20160205 121700;9.8375;9.8375;9.8375;9.8375;116
20160205 122600;9.85;9.85;9.85;9.85;100
20160205 123400;9.88;9.88;9.88;9.88;100
20160205 124300;9.91;9.91;9.91;9.91;100
20160205 124800;9.8919;9.8919;9.8919;9.8919;200
20160205 125400;9.88;9.88;9.88;9.88;500
20160205 125800;9.84;9.88;9.84;9.88;1620
20160205 132600;9.84;9.84;9.84;9.84;300
20160205 132900;9.87;9.87;9.87;9.87;100
20160205 133000;9.84;9.84;9.84;9.84;100
20160205 133200;9.84;9.84;9.84;9.84;100
20160205 133500;9.8407;9.8407;9.8407;9.8407;448
20160205 133700;9.835;9.835;9.83;9.83;200
20160205 133800;9.83;9.83;9.83;9.83;200
20160205 133900;9.8305;9.84;9.8305;9.84;200
20160205 134000;9.85;9.85;9.85;9.85;100
20160205 134400;9.85;9.85;9.85;9.85;200
20160205 134900;9.83;9.83;9.83;9.83;200
20160205 135200;9.835;9.85;9.835;9.85;200
20160205 140300;9.78;9.78;9.78;9.78;100
20160205 140400;9.7401;9.7401;9.7401;9.7401;209
20160205 140900;9.73;9.73;9.72;9.72;200
20160205 141400;9.61;9.61;9.61;9.61;100
20160205 141700;9.59;9.59;9.59;9.59;200
20160205 141800;9.54;9.54;9.54;9.54;100
20160205 142000;9.55;9.55;9.55;9.55;100
20160205 142400;9.57;9.57;9.57;9.57;100
20160205 142700;9.58;9.61;9.58;9.61;200
20160205 142900;9.61;9.61;9.61;9.61;100
20160205 143000;9.57;9.61;9.57;9.61;200
20160205 143300;9.57;9.57;9.57;9.57;100
20160205 143900;9.57;9.57;9.57;9.57;100
20160205 144500;9.57;9.57;9.57;9.57;100
20160205 144800;9.57;9.57;9.57;9.57;100
20160205 145200;9.58;9.58;9.58;9.58;100
20160205 150600;9.52;9.52;9.52;9.52;100
20160205 150800;9.53;9.53;9.53;9.53;200
20160205 151100;9.53;9.53;9.53;9.53;100
20160205 151200;9.52;9.52;9.52;9.52;100
20160205 151400;9.48;9.48;9.48;9.48;100
20160205 151600;9.48;9.48;9.48;9.48;100
20160205 152100;9.49;9.49;9.49;9.49;200
20160205 152300;9.502;9.502;9.502;9.502;500
20160205 152900;9.53;9.53;9.53;9.53;100
20160205 153000;9.54;9.54;9.54;9.54;500
20160205 154100;9.55;9.55;9.53;9.53;600
20160205 154300;9.56;9.56;9.56;9.56;100
20160205 154700;9.56;9.56;9.48;9.54;1000
20160205 154900;9.49;9.49;9.48;9.48;200
20160205 155000;9.55;9.55;9.53;9.55;800
20160205 155100;9.53;9.54;9.51;9.51;3500
20160205 155200;9.525;9.525;9.5;9.5;679
20160205 155300;9.5;9.51;9.495;9.51;400
20160205 155400;9.5248;9.5248;9.48;9.5;1125
20160205 155500;9.43;9.5;9.43;9.43;500
20160205 155600;9.46;9.5;9.46;9.485;700
20160205 155700;9.5;9.5;9.495;9.5;1021
20160205 155800;9.495;9.495;9.48;9.49;400
20160205 155900;9.485;9.49;9.46;9.47;2403
20160205 160000;9.44;9.46;9.41;9.42;30920
20160205 160100;9.42;9.42;9.42;9.42;261
20160205 161900;9.4189;9.4189;9.4189;9.4189;504
20160205 164400;9.5793;9.5793;9.5793;9.5793;2383
20160205 165000;9.42;9.42;9.42;9.42;806
