20160119 093100;13.53;13.54;13.53;13.54;200
20160119 093200;13.3261;13.3261;13.3261;13.3261;225
20160119 093300;13.29;13.29;13.29;13.29;100
20160119 093400;13.34;13.35;13.34;13.34;700
20160119 093700;13.34;13.34;13.34;13.34;200
20160119 094000;13.24;13.24;13.24;13.24;200
20160119 094500;13.07;13.08;13.07;13.07;500
20160119 094600;13.09;13.09;13.09;13.09;500
20160119 094800;13.11;13.1199;13.11;13.1199;700
20160119 095000;13.03;13.0301;13.03;13.0301;300
20160119 095100;13.1;13.1;13.01;13.01;500
20160119 095200;13.01;13.01;13;13;250
20160119 095500;13.06;13.06;13.06;13.06;200
20160119 095800;13.08;13.08;13.08;13.08;100
20160119 100000;13.1;13.1;13.1;13.1;266
20160119 100100;13.075;13.1499;13.025;13.1499;3656
20160119 100600;13.12;13.17;13.12;13.17;800
20160119 100700;13.25;13.33;13.25;13.33;1000
20160119 101100;13.12;13.12;13.12;13.12;200
20160119 101500;13.13;13.13;13.1;13.1;200
20160119 102100;13.07;13.07;13.07;13.07;100
20160119 102600;13.06;13.13;13.06;13.13;1775
20160119 103000;13.135;13.135;13.1;13.1008;1087
20160119 103200;13.14;13.14;13.13;13.13;1000
20160119 103300;13.14;13.14;13.13;13.13;200
20160119 103400;13.13;13.13;13.13;13.13;200
20160119 103500;13.12;13.12;13.1;13.1;500
20160119 103900;13.1;13.1;13.1;13.1;700
20160119 104000;12.97;12.97;12.97;12.97;200
20160119 104200;13.03;13.03;13.03;13.03;208
20160119 104500;13.02;13.02;13.02;13.02;100
20160119 105100;13.01;13.02;13.01;13.02;200
20160119 105300;12.97;12.97;12.97;12.97;100
20160119 110600;12.95;12.95;12.95;12.95;100
20160119 111300;12.92;12.92;12.92;12.92;141
20160119 111500;12.88;12.88;12.81;12.81;874
20160119 111600;12.77;12.77;12.77;12.77;200
20160119 111700;12.8;12.8;12.8;12.8;100
20160119 111800;12.77;12.77;12.72;12.72;1000
20160119 112000;12.75;12.75;12.75;12.75;100
20160119 112500;12.73;12.73;12.73;12.73;100
20160119 113100;12.8;12.8;12.8;12.8;100
20160119 114600;12.8101;12.8101;12.8101;12.8101;200
20160119 114800;12.81;12.81;12.81;12.81;200
20160119 120400;12.81;12.81;12.81;12.81;100
20160119 120800;12.8;12.8;12.7415;12.7415;600
20160119 121200;12.77;12.77;12.77;12.77;100
20160119 122300;12.6301;12.6301;12.6301;12.6301;467
20160119 123100;12.68;12.68;12.68;12.68;100
20160119 123400;12.643;12.643;12.643;12.643;967
20160119 123500;12.5501;12.63;12.5501;12.63;950
20160119 123600;12.682;12.682;12.682;12.682;126
20160119 124100;12.6;12.6;12.6;12.6;100
20160119 124200;12.5501;12.5501;12.5501;12.5501;500
20160119 125000;12.51;12.51;12.37;12.37;3165
20160119 125100;12.48;12.55;12.48;12.55;200
20160119 125600;12.56;12.56;12.56;12.56;200
20160119 130000;12.59;12.59;12.59;12.59;100
20160119 130300;12.66;12.66;12.66;12.66;100
20160119 130600;12.6425;12.6425;12.6425;12.6425;100
20160119 133100;12.6;12.61;12.56;12.57;600
20160119 133300;12.56;12.61;12.55;12.61;800
20160119 133400;12.55;12.55;12.55;12.55;1948
20160119 133700;12.55;12.55;12.55;12.55;500
20160119 133800;12.55;12.55;12.55;12.55;200
20160119 134500;12.55;12.55;12.55;12.55;300
20160119 134600;12.55;12.55;12.55;12.55;100
20160119 134700;12.55;12.55;12.55;12.55;1435
20160119 140000;12.42;12.42;12.42;12.42;900
20160119 140200;12.44;12.44;12.44;12.44;100
20160119 140700;12.49;12.49;12.49;12.49;100
20160119 141400;12.46;12.46;12.46;12.46;100
20160119 141500;12.4075;12.4075;12.4075;12.4075;250
20160119 141700;12.33;12.33;12.3;12.3;1400
20160119 142000;12.38;12.38;12.38;12.38;100
20160119 142200;12.33;12.33;12.33;12.33;100
20160119 142500;12.365;12.38;12.365;12.38;500
20160119 144400;12.38;12.38;12.38;12.38;100
20160119 144500;12.38;12.38;12.38;12.38;300
20160119 145000;12.1999;12.24;12.191;12.24;2000
20160119 145100;12.1366;12.25;12.1366;12.25;1445
20160119 145500;12.3;12.3;12.27;12.27;400
20160119 145600;12.27;12.3;12.27;12.29;2710
20160119 145700;12.29;12.44;12.29;12.44;2100
20160119 145800;12.51;12.51;12.49;12.5;2600
20160119 145900;12.49;12.5;12.49;12.5;300
20160119 150000;12.46;12.55;12.46;12.54;2500
20160119 150100;12.55;12.6;12.41;12.41;4990
20160119 150200;12.4;12.45;12.4;12.45;2400
20160119 150300;12.5;12.5;12.5;12.5;900
20160119 150400;12.42;12.42;12.42;12.42;2100
20160119 150500;12.49;12.49;12.3;12.3;5900
20160119 150600;12.33;12.33;12.27;12.28;3200
20160119 150700;12.4;12.4;12.31;12.31;8010
20160119 150800;12.4;12.4;12.4;12.4;740
20160119 151200;12.34;12.34;12.3;12.3;1000
20160119 152300;12.44;12.44;12.44;12.44;300
20160119 152600;12.47;12.52;12.47;12.52;1600
20160119 152800;12.451;12.451;12.451;12.451;150
20160119 154000;12.52;12.58;12.52;12.58;200
20160119 154100;12.56;12.56;12.56;12.56;200
20160119 154800;12.56;12.56;12.56;12.56;100
20160119 155200;12.5599;12.5599;12.5599;12.5599;545
20160119 155400;12.5206;12.55;12.5206;12.54;1696
20160119 155500;12.525;12.525;12.525;12.525;100
20160119 155700;12.51;12.51;12.5;12.51;300
20160119 155900;12.51;12.51;12.5;12.5;1000
20160119 160000;12.5;12.5;12.38;12.38;636
20160120 093800;12.104;12.104;12.104;12.104;200
20160120 094000;11.89;11.89;11.81;11.81;1060
20160120 094500;11.82;11.82;11.66;11.74;900
20160120 094700;11.76;11.76;11.76;11.76;100
20160120 094800;11.734;11.734;11.734;11.734;350
20160120 095200;11.73;11.73;11.7;11.7;500
20160120 095300;11.67;11.69;11.66;11.66;1700
20160120 095600;11.52;11.52;11.52;11.52;100
20160120 095900;11.44;11.44;11.35;11.44;2200
20160120 100400;11.3375;11.3375;11.3375;11.3375;400
20160120 100600;11.31;11.35;11.31;11.35;1700
20160120 100700;11.35;11.35;11.35;11.35;900
20160120 100800;11.35;11.35;11.35;11.35;200
20160120 101000;11.3444;11.3444;11.3444;11.3444;400
20160120 101300;11.34;11.34;11.3;11.3;800
20160120 101500;11.27;11.27;11.26;11.26;400
20160120 102300;11.05;11.05;11.05;11.05;100
20160120 102400;11;11;11;11;600
20160120 104000;10.77;10.77;10.77;10.77;100
20160120 104300;10.65;10.65;10.65;10.65;400
20160120 104400;10.46;10.46;10.46;10.46;100
20160120 104700;10.49;10.49;10.49;10.49;101
20160120 104800;10.4615;10.4618;10.4615;10.4618;300
20160120 104900;10.545;10.64;10.545;10.6395;1650
20160120 105100;10.63;10.63;10.63;10.63;100
20160120 105400;10.6;10.6;10.6;10.6;100
20160120 105800;10.5801;10.5801;10.5801;10.5801;279
20160120 110400;10.65;10.65;10.65;10.65;300
20160120 110500;10.769;10.769;10.769;10.769;2500
20160120 110600;10.7799;10.81;10.77;10.81;1500
20160120 111200;10.79;10.8618;10.79;10.8618;3965
20160120 111300;10.7636;10.894;10.7636;10.894;2610
20160120 112000;10.88;11;10.88;11;600
20160120 112100;11;11;11;11;500
20160120 112200;11.01;11.01;11.01;11.01;400
20160120 112900;10.9;10.9;10.9;10.9;100
20160120 113700;10.995;10.995;10.995;10.995;100
20160120 113900;11;11;11;11;200
20160120 114000;10.98;11.03;10.98;11.03;1300
20160120 114300;11.058;11.058;11.058;11.058;250
20160120 114500;11.06;11.06;11;11.02;1100
20160120 114700;11.0923;11.0923;11.0923;11.0923;350
20160120 115000;11.01;11.01;11;11;200
20160120 115100;11.0078;11.0078;11;11;1100
20160120 115200;11;11;11;11;300
20160120 115300;11;11.07;11;11.0099;1900
20160120 115400;11;11;10.99;10.99;3100
20160120 115900;10.87;10.89;10.87;10.89;200
20160120 120300;10.85;10.85;10.85;10.85;100
20160120 121300;10.8494;10.8494;10.8494;10.8494;300
20160120 121500;10.75;10.75;10.75;10.75;100
20160120 121800;10.818;10.818;10.809;10.809;1154
20160120 122000;10.7501;10.7501;10.7501;10.7501;150
20160120 122500;10.85;10.85;10.85;10.85;100
20160120 123000;10.8;10.8;10.8;10.8;100
20160120 123300;10.738;10.738;10.738;10.738;350
20160120 123600;10.7674;10.7674;10.7674;10.7674;350
20160120 124000;10.79;10.8;10.79;10.8;200
20160120 124500;10.84;10.85;10.84;10.84;1000
20160120 125600;10.85;10.85;10.85;10.85;3200
20160120 130400;10.85;10.85;10.85;10.85;400
20160120 130500;10.85;10.85;10.85;10.85;500
20160120 130600;10.85;10.85;10.84;10.85;5416
20160120 130700;10.84;10.84;10.84;10.84;2000
20160120 130800;10.84;10.84;10.84;10.84;300
20160120 131000;10.75;10.75;10.7301;10.7301;1403
20160120 131100;10.85;10.85;10.85;10.85;100
20160120 131600;10.75;10.75;10.75;10.75;100
20160120 132000;10.8;10.8;10.74;10.74;500
20160120 133000;10.8;10.84;10.8;10.84;200
20160120 133100;10.8;10.813;10.8;10.8;1800
20160120 133200;10.7968;10.7968;10.7968;10.7968;1000
20160120 133500;10.84;10.85;10.84;10.85;3300
20160120 133900;10.85;10.87;10.85;10.87;500
20160120 134000;10.87;10.87;10.87;10.87;2000
20160120 134100;10.87;10.87;10.87;10.87;100
20160120 134300;10.89;10.91;10.89;10.91;1600
20160120 134500;10.9;10.92;10.9;10.92;5100
20160120 134600;10.92;10.92;10.92;10.92;100
20160120 134700;10.93;10.93;10.93;10.93;1000
20160120 134900;10.8322;10.92;10.8322;10.92;2700
20160120 135000;10.93;10.93;10.93;10.93;1400
20160120 135100;10.95;10.95;10.95;10.95;2600
20160120 135200;10.95;10.95;10.945;10.95;3625
20160120 135400;11.09;11.15;11.09;11.15;600
20160120 135500;11.165;11.165;11.165;11.165;100
20160120 135600;11.17;11.17;11.13;11.13;500
20160120 135900;10.9705;10.9705;10.9705;10.9705;500
20160120 140000;11.1255;11.1255;11.1255;11.1255;500
20160120 140100;10.974;10.974;10.974;10.974;330
20160120 140300;10.97;10.98;10.97;10.98;400
20160120 140500;10.86;10.86;10.86;10.86;100
20160120 140600;10.8975;10.8975;10.8975;10.8975;465
20160120 141200;11.0499;11.07;10.8601;11.07;1785
20160120 141300;11.07;11.07;11.06;11.06;500
20160120 141800;10.969;10.969;10.969;10.969;450
20160120 142000;11.05;11.05;11.05;11.05;600
20160120 142100;10.95;10.95;10.95;10.95;213
20160120 142300;10.97;10.9904;10.96;10.9904;1050
20160120 142400;10.98;10.98;10.98;10.98;100
20160120 142600;10.93;11.01;10.93;11.01;200
20160120 143000;10.9983;10.9983;10.9983;10.9983;140
20160120 143200;10.925;10.945;10.92;10.92;300
20160120 143800;10.984;10.984;10.984;10.984;363
20160120 144000;10.96;10.96;10.95;10.95;200
20160120 144300;10.88;10.88;10.88;10.88;100
20160120 144600;10.892;10.892;10.892;10.892;600
20160120 145000;10.88;10.88;10.88;10.88;100
20160120 145300;10.92;10.92;10.92;10.92;100
20160120 145500;10.91;10.91;10.91;10.91;200
20160120 145700;10.93;10.93;10.93;10.93;100
20160120 145800;10.93;10.93;10.8501;10.8858;3391
20160120 150000;10.98;10.98;10.98;10.98;100
20160120 150500;10.98;10.98;10.98;10.98;300
20160120 150600;10.97;11.05;10.97;11.05;2200
20160120 150700;11.06;11.06;11.06;11.06;200
20160120 151100;11.16;11.16;11.16;11.16;100
20160120 151700;11.1267;11.1267;11.1037;11.1037;695
20160120 151800;11.15;11.17;11.15;11.17;500
20160120 151900;11.2;11.2;11.2;11.2;300
20160120 152000;11.263;11.27;11.263;11.27;768
20160120 152200;11.33;11.36;11.33;11.36;1000
20160120 152300;11.3361;11.3361;11.3361;11.3361;298
20160120 152500;11.279;11.33;11.279;11.33;499
20160120 152900;11.33;11.33;11.3001;11.3001;1649
20160120 153000;11.34;11.34;11.34;11.34;380
20160120 153100;11.34;11.34;11.3001;11.3001;2000
20160120 153200;11.338;11.34;11.338;11.34;480
20160120 153300;11.336;11.3644;11.336;11.35;3500
20160120 153500;11.29;11.29;11.21;11.21;1700
20160120 153600;11.23;11.23;11.23;11.23;100
20160120 153800;11.294;11.294;11.294;11.294;350
20160120 154000;11.266;11.311;11.2315;11.311;1988
20160120 154100;11.311;11.311;11.2653;11.2878;4528
20160120 154200;11.22;11.22;11.22;11.22;500
20160120 154300;11.21;11.21;11.2;11.2;5700
20160120 154400;11.23;11.23;11.23;11.23;100
20160120 154600;11.2;11.2;11.2;11.2;200
20160120 154700;11.13;11.13;11.11;11.11;200
20160120 154800;11.1;11.13;11.1;11.13;600
20160120 154900;11.1399;11.1399;11.03;11.03;3300
20160120 155100;11.13;11.13;11.105;11.105;500
20160120 155300;11.12;11.13;11.0792;11.13;304
20160120 155400;11.1;11.1;11.1;11.1;200
20160120 155500;11.1;11.1;11.1;11.1;800
20160120 155800;11.11;11.11;11.11;11.11;100
20160120 155900;11.12;11.12;11.12;11.12;100
20160120 160000;11.11;11.11;11.11;11.11;200
20160121 093400;11.25;11.25;11.25;11.25;100
20160121 093600;11.3;11.4;11.3;11.4;1700
20160121 094000;11.37;11.37;11.291;11.335;300
20160121 094100;11.29;11.29;11.29;11.29;200
20160121 094300;11.31;11.31;11.3;11.31;300
20160121 094400;11.35;11.35;11.35;11.35;100
20160121 094500;11.34;11.42;11.25;11.25;2190
20160121 094600;11.35;11.35;11.25;11.275;2423
20160121 094700;11.35;11.35;11.26;11.26;300
20160121 094800;11.2735;11.2735;11.25;11.25;1300
20160121 094900;11.1301;11.15;11.13;11.13;3800
20160121 095000;11.09;11.09;11.09;11.09;1099
20160121 095300;11.19;11.23;11.19;11.23;500
20160121 095400;11.16;11.16;11.15;11.15;300
20160121 095700;11.2;11.2;11.19;11.2;3710
20160121 095800;11.19;11.2;11.19;11.1985;6290
20160121 095900;11.38;11.38;11.38;11.38;400
20160121 100000;11.25;11.25;11.2;11.2;400
20160121 100800;11.38;11.38;11.38;11.38;100
20160121 101000;11.379;11.379;11.379;11.379;500
20160121 101100;11.431;11.431;11.431;11.431;2000
20160121 101500;11.4799;11.559;11.319;11.48;9500
20160121 101700;11.5318;11.54;11.51;11.51;1100
20160121 101800;11.51;11.51;11.51;11.51;100
20160121 101900;11.51;11.609;11.51;11.51;400
20160121 102300;11.42;11.42;11.42;11.42;100
20160121 102600;11.425;11.49;11.41;11.49;800
20160121 102700;11.45;11.45;11.45;11.45;100
20160121 103300;11.528;11.528;11.52;11.52;200
20160121 103400;11.454;11.454;11.454;11.454;100
20160121 103600;11.49;11.56;11.49;11.56;400
20160121 103700;11.51;11.51;11.51;11.51;100
20160121 103800;11.51;11.51;11.51;11.51;300
20160121 103900;11.5;11.5;11.5;11.5;500
20160121 104400;11.55;11.55;11.55;11.55;600
20160121 104900;11.6187;11.63;11.6187;11.63;1700
20160121 105500;11.66;11.66;11.66;11.66;1300
20160121 105900;11.65;11.65;11.65;11.65;100
20160121 110000;11.65;11.65;11.65;11.65;100
20160121 110100;11.635;11.635;11.52;11.52;500
20160121 110200;11.565;11.6;11.5;11.6;700
20160121 110500;11.64;11.66;11.64;11.66;1200
20160121 110600;11.626;11.65;11.626;11.65;390
20160121 110800;11.66;11.66;11.54;11.54;950
20160121 110900;11.66;11.66;11.66;11.66;3200
20160121 111000;11.66;11.66;11.62;11.62;200
20160121 111100;11.65;11.66;11.65;11.66;500
20160121 111300;11.62;11.62;11.62;11.62;200
20160121 111600;11.65;11.66;11.65;11.66;904
20160121 111900;11.63;11.63;11.61;11.61;200
20160121 112100;11.5201;11.61;11.5201;11.61;1100
20160121 112200;11.52;11.57;11.34;11.465;2300
20160121 112700;11.43;11.43;11.43;11.43;100
20160121 112800;11.41;11.41;11.4;11.4;200
20160121 113000;11.3;11.33;11.3;11.3;2600
20160121 113400;11.33;11.33;11.33;11.33;100
20160121 113700;11.4;11.4;11.4;11.4;100
20160121 113800;11.485;11.485;11.45;11.45;200
20160121 113900;11.48;11.49;11.48;11.48;1000
20160121 114500;11.41;11.41;11.41;11.41;100
20160121 114700;11.42;11.43;11.42;11.43;200
20160121 115000;11.54;11.54;11.54;11.54;100
20160121 115100;11.55;11.55;11.55;11.55;100
20160121 115200;11.56;11.61;11.52;11.52;600
20160121 115400;11.54;11.55;11.54;11.55;200
20160121 115500;11.52;11.54;11.52;11.54;200
20160121 115600;11.51;11.58;11.51;11.58;400
20160121 115700;11.59;11.6;11.59;11.6;200
20160121 115800;11.6;11.62;11.6;11.62;400
20160121 120000;11.6;11.6;11.6;11.6;100
20160121 120100;11.62;11.6299;11.59;11.6299;1400
20160121 120200;11.616;11.616;11.607;11.61;600
20160121 120300;11.63;11.63;11.63;11.63;689
20160121 120400;11.66;11.66;11.66;11.66;1711
20160121 120500;11.65;11.66;11.65;11.66;795
20160121 120700;11.66;11.66;11.66;11.66;500
20160121 120800;11.66;11.66;11.66;11.66;400
20160121 121000;11.65;11.66;11.65;11.66;500
20160121 121100;11.66;11.66;11.66;11.66;200
20160121 121700;11.645;11.645;11.645;11.645;500
20160121 121800;11.66;11.66;11.66;11.66;100
20160121 121900;11.66;11.66;11.66;11.66;300
20160121 122000;11.66;11.66;11.66;11.66;200
20160121 122400;11.626;11.66;11.619;11.646;1400
20160121 122800;11.65;11.65;11.65;11.65;100
20160121 123000;11.66;11.66;11.6145;11.6145;800
20160121 123700;11.66;11.66;11.66;11.66;500
20160121 123900;11.6599;11.66;11.6599;11.66;1400
20160121 124400;11.5701;11.5701;11.5701;11.5701;300
20160121 124700;11.561;11.561;11.561;11.561;300
20160121 125000;11.635;11.635;11.61;11.635;1100
20160121 125400;11.66;11.66;11.66;11.66;100
20160121 125500;11.63;11.63;11.63;11.63;100
20160121 130000;11.66;11.66;11.66;11.66;100
20160121 130300;11.66;11.66;11.64;11.64;700
20160121 130600;11.65;11.66;11.65;11.66;200
20160121 130700;11.66;11.66;11.66;11.66;300
20160121 130900;11.66;11.66;11.66;11.66;100
20160121 131300;11.66;11.66;11.66;11.66;100
20160121 131600;11.65;11.66;11.65;11.66;200
20160121 131800;11.66;11.66;11.66;11.66;1000
20160121 132000;11.64;11.64;11.64;11.64;300
20160121 132300;11.6251;11.66;11.6251;11.66;2200
20160121 132400;11.63;11.63;11.63;11.63;100
20160121 132500;11.64;11.64;11.64;11.64;100
20160121 132800;11.6134;11.6134;11.6134;11.6134;100
20160121 133000;11.66;11.66;11.66;11.66;100
20160121 133400;11.54;11.645;11.32;11.6;2400
20160121 134400;11.6;11.62;11.6;11.62;200
20160121 134700;11.4982;11.51;11.4982;11.51;800
20160121 135000;11.4901;11.4901;11.4901;11.4901;535
20160121 135200;11.49;11.49;11.49;11.49;100
20160121 135300;11.48;11.49;11.48;11.49;400
20160121 141200;11.54;11.54;11.54;11.54;200
20160121 141300;11.49;11.5217;11.48;11.48;1057
20160121 141500;11.48;11.48;11.46;11.46;400
20160121 141900;11.31;11.31;11.31;11.31;100
20160121 142100;11.34;11.34;11.34;11.34;100
20160121 142300;11.4;11.4;11.4;11.4;100
20160121 142400;11.4;11.4;11.4;11.4;100
20160121 142600;11.4;11.4;11.4;11.4;200
20160121 143000;11.3901;11.3901;11.3901;11.3901;3000
20160121 143100;11.4;11.4;11.39;11.39;800
20160121 144400;11.44;11.4499;11.44;11.4499;200
20160121 145500;11.405;11.405;11.405;11.405;100
20160121 145700;11.41;11.42;11.41;11.4189;1000
20160121 145900;11.4;11.4;11.4;11.4;100
20160121 150100;11.4;11.48;11.4;11.48;1400
20160121 151000;11.435;11.435;11.3901;11.3901;200
20160121 151100;11.41;11.41;11.41;11.41;300
20160121 151600;11.34;11.3401;11.34;11.3401;300
20160121 152200;11.34;11.34;11.34;11.34;176
20160121 152400;11.32;11.32;11.31;11.31;400
20160121 152600;11.26;11.28;11.22;11.22;1800
20160121 152700;11.17;11.17;11.13;11.14;300
20160121 152800;11.13;11.13;11.13;11.13;100
20160121 153100;11.07;11.07;11.07;11.07;100
20160121 153200;11.06;11.09;11.06;11.09;600
20160121 153300;11.2;11.2;11.19;11.2;1548
20160121 153600;11.3;11.3;11.3;11.3;500
20160121 153900;11.27;11.27;11.27;11.27;100
20160121 154100;11.28;11.28;11.28;11.28;100
20160121 154300;11.3285;11.3285;11.3285;11.3285;443
20160121 154400;11.31;11.31;11.31;11.31;200
20160121 154500;11.3;11.3;11.27;11.27;1925
20160121 154900;11.28;11.3199;11.25;11.3199;921
20160121 155200;11.25;11.25;11.25;11.25;100
20160121 155300;11.26;11.27;11.23;11.23;1500
20160121 155400;11.24;11.24;11.24;11.24;100
20160121 155600;11.23;11.23;11.23;11.23;100
20160121 155700;11.258;11.258;11.258;11.258;300
20160121 155800;11.26;11.26;11.25;11.25;1200
20160121 160000;11.28;11.29;11.28;11.29;300
20160122 093400;11.77;12.23;11.76;12.23;4360
20160122 093600;12.0859;12.0859;12.0859;12.0859;2000
20160122 093700;12.2399;12.2399;12.2399;12.2399;2188
20160122 094000;12.21;12.21;12.21;12.21;100
20160122 094100;12.19;12.19;12.19;12.19;100
20160122 094200;12.02;12.03;11.96;12.01;2400
20160122 094400;12.02;12.02;12.02;12.02;500
20160122 094600;11.97;11.97;11.97;11.97;100
20160122 094800;12.04;12.05;11.88;11.88;1978
20160122 095400;11.835;12.05;11.835;12.05;1400
20160122 095500;12.15;12.15;12.15;12.15;100
20160122 095600;11.9501;12.19;11.9501;12.19;745
20160122 095900;12.2;12.2355;12.14;12.14;900
20160122 100100;12.24;12.25;12.24;12.25;400
20160122 100700;12.16;12.33;12.12;12.13;500
20160122 100800;12.1;12.24;12.1;12.24;400
20160122 102000;12.24;12.33;12.24;12.33;600
20160122 102200;12.25;12.25;12.21;12.21;500
20160122 102500;12.15;12.15;12.07;12.07;1800
20160122 102800;12.03;12.04;12.03;12.04;500
20160122 102900;12.01;12.01;12.01;12.01;500
20160122 103300;12.01;12.037;12.01;12.037;400
20160122 103400;12;12;11.97;12;700
20160122 104100;12.02;12.02;12.02;12.02;100
20160122 104300;12.02;12.02;11.98;11.98;200
20160122 105400;11.82;11.82;11.79;11.79;400
20160122 105500;11.9499;11.9499;11.9499;11.9499;638
20160122 110300;11.76;11.77;11.76;11.77;700
20160122 110500;11.92;11.92;11.92;11.92;100
20160122 111000;11.8015;11.87;11.8015;11.87;1000
20160122 111500;11.81;11.8413;11.81;11.8413;625
20160122 111900;11.84;11.84;11.84;11.84;100
20160122 112100;11.928;11.939;11.81;11.81;2100
20160122 112500;11.94;11.94;11.94;11.94;100
20160122 112600;11.94;11.94;11.94;11.94;200
20160122 113000;11.94;12.03;11.94;12.03;500
20160122 113200;12.095;12.095;12.095;12.095;100
20160122 113400;12.07;12.07;12.07;12.07;100
20160122 113700;11.97;11.97;11.97;11.97;300
20160122 114800;11.8;11.8;11.8;11.8;355
20160122 115500;11.8768;11.8768;11.8768;11.8768;1000
20160122 121600;11.92;11.92;11.92;11.92;100
20160122 122000;11.96;11.97;11.96;11.97;500
20160122 122100;11.96;11.96;11.96;11.96;100
20160122 122400;11.97;11.97;11.97;11.97;100
20160122 122700;11.97;11.97;11.97;11.97;200
20160122 123700;11.94;11.99;11.85;11.99;1500
20160122 124900;12.0488;12.0488;12.0488;12.0488;1066
20160122 125000;12.0355;12.0355;12.0355;12.0355;280
20160122 131700;12.03;12.03;12.03;12.03;100
20160122 131800;12.04;12.04;12.04;12.04;100
20160122 132700;12.04;12.04;12.04;12.04;1000
20160122 133800;12.07;12.09;12.07;12.09;300
20160122 134100;12.11;12.12;12.11;12.12;700
20160122 134300;12.081;12.081;12.081;12.081;1000
20160122 134500;12.12;12.12;12.12;12.12;100
20160122 135000;12.15;12.15;12.15;12.15;100
20160122 135700;12.15;12.17;12.149;12.17;552
20160122 140400;12.2;12.2;12.2;12.2;100
20160122 141200;12.15;12.2;12.15;12.2;300
20160122 141400;12.2;12.2;12.2;12.2;900
20160122 141600;12.2;12.2;12.18;12.2;1300
20160122 141800;12.22;12.22;12.22;12.22;100
20160122 141900;12.22;12.22;12.22;12.22;300
20160122 142800;12.1501;12.158;12.1501;12.158;855
20160122 143100;12.16;12.16;12.16;12.16;100
20160122 143300;12.17;12.18;12.15;12.18;664
20160122 144000;12.185;12.185;12.1801;12.1801;200
20160122 144100;12.18;12.18;12.18;12.18;100
20160122 144600;12.15;12.15;12.15;12.15;200
20160122 144800;12.102;12.102;12.102;12.102;2468
20160122 150800;12.08;12.08;12.05;12.066;2618
20160122 150900;12.05;12.08;12.05;12.08;1100
20160122 151400;12.11;12.11;12.11;12.11;100
20160122 151800;12.12;12.12;12.12;12.12;400
20160122 151900;12.18;12.18;12.18;12.18;200
20160122 152000;12.21;12.21;12.21;12.21;100
20160122 152100;12.21;12.21;12.21;12.21;200
20160122 152300;12.24;12.24;12.24;12.24;200
20160122 152700;12.2599;12.27;12.2561;12.2561;1400
20160122 152900;12.27;12.27;12.27;12.27;800
20160122 153100;12.3499;12.3499;12.3499;12.3499;1019
20160122 153400;12.2551;12.2551;12.2551;12.2551;125
20160122 153800;12.326;12.326;12.246;12.246;1000
20160122 154200;12.3199;12.3199;12.3199;12.3199;204
20160122 154300;12.316;12.353;12.3;12.353;954
20160122 154900;12.375;12.38;12.375;12.38;200
20160122 155000;12.37;12.42;12.37;12.42;500
20160122 155600;12.41;12.41;12.41;12.41;100
20160122 155900;12.29;12.31;12.28;12.28;1497
20160122 160000;12.25;12.25;12.25;12.25;100
20160125 093900;12.16;12.16;12.16;12.16;100
20160125 094300;12.2;12.2;12.2;12.2;100
20160125 094600;12.2499;12.2499;12.2499;12.2499;1600
20160125 094800;12.2;12.2;12.2;12.2;100
20160125 095400;12.33;12.34;12.33;12.34;300
20160125 095500;12.4;12.4;12.4;12.4;100
20160125 095600;12.41;12.41;12.41;12.41;100
20160125 100000;12.55;12.56;12.55;12.56;500
20160125 100200;12.408;12.408;12.408;12.408;5000
20160125 100400;12.57;12.57;12.57;12.57;500
20160125 100700;12.65;12.65;12.65;12.65;100
20160125 100800;12.79;12.93;12.79;12.9199;740
20160125 101200;12.85;12.85;12.85;12.85;1000
20160125 101400;12.73;12.73;12.73;12.73;200
20160125 101500;12.74;12.74;12.73;12.73;500
20160125 101600;12.68;12.68;12.55;12.55;1000
20160125 101700;12.54;12.54;12.49;12.49;597
20160125 101900;12.5;12.59;12.5;12.59;400
20160125 102000;12.6339;12.6339;12.6339;12.6339;400
20160125 102300;12.56;12.56;12.56;12.56;100
20160125 102400;12.42;12.43;12.42;12.42;400
20160125 102500;12.53;12.53;12.53;12.53;300
20160125 102600;12.43;12.49;12.43;12.49;200
20160125 102900;12.2895;12.2895;12.2895;12.2895;400
20160125 103000;12.26;12.26;12.26;12.26;100
20160125 103200;12.2;12.2;12.2;12.2;100
20160125 103400;12.32;12.32;12.32;12.32;100
20160125 103600;12.19;12.1901;12.19;12.1901;400
20160125 103800;12.18;12.18;12.18;12.18;100
20160125 104000;12.2;12.2;12.2;12.2;100
20160125 104200;12.14;12.14;12.14;12.14;100
20160125 104300;12.07;12.075;12.07;12.075;200
20160125 104400;12.04;12.04;12.04;12.04;100
20160125 104600;12.03;12.03;12.03;12.03;100
20160125 104700;12.23;12.23;12.21;12.21;200
20160125 104900;12.23;12.23;12.23;12.23;100
20160125 105200;12.23;12.23;12.23;12.23;200
20160125 105400;12.21;12.21;12.19;12.19;200
20160125 105500;12.17;12.17;12.17;12.17;100
20160125 105800;12.15;12.15;12.15;12.15;100
20160125 110000;12.2018;12.2018;12.2018;12.2018;550
20160125 110100;12.13;12.13;12.13;12.13;100
20160125 110400;12.13;12.13;12.13;12.13;100
20160125 110600;12.11;12.11;12.11;12.11;100
20160125 110700;12.1111;12.1111;12.1111;12.1111;200
20160125 110900;12.11;12.11;12.07;12.07;400
20160125 111200;11.89;11.89;11.89;11.89;100
20160125 111400;11.85;11.85;11.85;11.85;100
20160125 111700;11.91;11.91;11.91;11.91;100
20160125 112000;12.03;12.03;12.01;12.01;600
20160125 112300;12.06;12.06;12.06;12.06;100
20160125 112600;12.1;12.1;12.1;12.1;100
20160125 112900;12.09;12.09;12.09;12.09;100
20160125 113200;12.13;12.13;12.12;12.12;300
20160125 113500;12.11;12.11;12.1;12.1;200
20160125 113800;12.11;12.11;12.1;12.1;200
20160125 113900;12.09;12.09;12.09;12.09;200
20160125 114000;12.08;12.08;12.07;12.07;300
20160125 114100;12.07;12.07;12.06;12.06;300
20160125 114200;12.06;12.065;12.05;12.065;400
20160125 114300;12.05;12.05;12.03;12.03;600
20160125 114400;12.03;12.03;12.03;12.03;100
20160125 114500;12.03;12.0302;12;12;1950
20160125 114600;12;12;12;12;3800
20160125 114800;11.99;12.06;11.99;12.06;2900
20160125 114900;12.05;12.05;12;12.05;5300
20160125 115000;12.07;12.08;12.07;12.08;400
20160125 115100;12.07;12.1;12.07;12.1;1000
20160125 115200;12.09;12.114;12.09;12.1;549
20160125 115300;12.14;12.21;12.14;12.21;1300
20160125 115400;12.26;12.26;12.26;12.26;210
20160125 115500;12.2101;12.2101;12.2101;12.2101;300
20160125 115600;12.27;12.3;12.27;12.3;500
20160125 115700;12.28;12.28;12.28;12.28;100
20160125 115800;12.28;12.28;12.28;12.28;100
20160125 120000;12.3;12.3799;12.28;12.3799;363
20160125 120300;12.38;12.38;12.38;12.38;100
20160125 120800;12.36;12.62;12.36;12.48;17581
20160125 120900;12.3512;12.38;12.3512;12.38;650
20160125 121100;12.39;12.39;12.355;12.355;250
20160125 121200;12.46;12.46;12.46;12.46;400
20160125 121300;12.46;12.46;12.46;12.46;800
20160125 121400;12.46;12.53;12.46;12.53;800
20160125 121500;12.51;12.51;12.39;12.3911;2612
20160125 121600;12.39;12.41;12.39;12.41;1200
20160125 121700;12.41;12.42;12.41;12.42;300
20160125 121800;12.39;12.39;12.28;12.28;2943
20160125 121900;12.26;12.26;12.26;12.26;100
20160125 122400;12.34;12.34;12.34;12.34;100
20160125 123400;12.34;12.34;12.2763;12.2763;1231
20160125 124000;12.34;12.35;12.34;12.35;300
20160125 125100;12.24;12.24;12.24;12.24;100
20160125 125300;12.2401;12.2401;12.2401;12.2401;450
20160125 125400;12.24;12.24;12.24;12.24;100
20160125 125600;12.24;12.24;12.21;12.21;300
20160125 125700;12.14;12.14;12.14;12.14;100
20160125 125800;12.12;12.19;12.1;12.145;4400
20160125 125900;12.28;12.31;12.28;12.3;2400
20160125 130000;12.31;12.35;12.31;12.35;1395
20160125 130100;12.35;12.42;12.35;12.42;600
20160125 130200;12.33;12.38;12.25;12.25;3800
20160125 130400;12.244;12.2442;12.244;12.2442;200
20160125 132500;12.3;12.3;12.25;12.25;400
20160125 133000;12.15;12.15;12.15;12.15;100
20160125 133300;12.18;12.18;12.18;12.18;100
20160125 133600;12.14;12.14;12.14;12.14;100
20160125 133900;12.14;12.14;12.14;12.14;100
20160125 134100;12.17;12.17;12.17;12.17;100
20160125 134400;12.13;12.13;12.13;12.13;400
20160125 134700;12.11;12.11;12.11;12.11;100
20160125 135100;12.1;12.1;12.1;12.1;200
20160125 135400;12.06;12.06;12.06;12.06;100
20160125 135700;12.01;12.01;12.01;12.01;100
20160125 140000;11.99;11.99;11.99;11.99;100
20160125 140200;12.11;12.11;12.11;12.11;100
20160125 140300;12.05;12.05;12.05;12.05;100
20160125 140500;12.02;12.02;12.02;12.02;100
20160125 140800;12.05;12.05;12.05;12.05;100
20160125 141000;12.15;12.15;12.15;12.15;817
20160125 141100;12.1;12.1;12.1;12.1;200
20160125 141400;12.07;12.07;12.05;12.05;200
20160125 141700;12.03;12.03;12.03;12.03;100
20160125 142000;12.04;12.04;12.04;12.04;100
20160125 142300;11.98;12.12;11.98;12.12;200
20160125 142600;12;12;12;12;100
20160125 142900;12;12;12;12;100
20160125 143100;12;12;12;12;100
20160125 143400;12.02;12.02;12.02;12.02;100
20160125 143900;11.98;11.98;11.98;11.98;100
20160125 144200;11.93;11.93;11.93;11.93;100
20160125 144500;12;12;11.81;11.93;1400
20160125 144700;11.93;11.93;11.93;11.93;100
20160125 144900;11.996;11.996;11.95;11.95;1035
20160125 145300;11.91;11.91;11.91;11.91;100
20160125 145500;11.9112;11.9112;11.86;11.86;400
20160125 145700;11.87;11.87;11.87;11.87;100
20160125 145900;11.87;11.87;11.87;11.87;100
20160125 150000;11.86;12;11.86;12;500
20160125 150200;11.93;11.93;11.89;11.89;200
20160125 150400;11.91;11.91;11.91;11.91;100
20160125 150600;11.92;11.92;11.92;11.92;100
20160125 150700;11.83;11.83;11.83;11.83;100
20160125 150900;11.85;11.85;11.85;11.85;100
20160125 151100;11.81;11.81;11.81;11.81;100
20160125 151200;11.8;11.8;11.64;11.64;200
20160125 151400;11.66;11.66;11.66;11.66;100
20160125 151600;11.67;11.67;11.67;11.67;100
20160125 151700;11.66;11.82;11.66;11.69;300
20160125 151900;11.69;11.69;11.69;11.69;100
20160125 152100;11.7;11.7;11.7;11.7;100
20160125 152200;11.54;11.54;11.54;11.54;100
20160125 152400;11.53;11.53;11.53;11.53;100
20160125 152600;11.53;11.53;11.53;11.53;100
20160125 152700;11.53;11.53;11.53;11.53;100
20160125 152900;11.57;11.57;11.57;11.57;100
20160125 153100;11.57;11.57;11.57;11.57;100
20160125 153200;11.55;11.55;11.55;11.55;100
20160125 153300;11.55;11.55;11.55;11.55;100
20160125 153500;11.55;11.55;11.55;11.55;100
20160125 153600;11.55;11.55;11.55;11.55;100
20160125 153700;11.5523;11.5523;11.5523;11.5523;222
20160125 153800;11.55;11.55;11.55;11.55;100
20160125 153900;11.55;11.55;11.55;11.55;100
20160125 154000;11.67;11.67;11.55;11.55;200
20160125 154200;11.55;11.55;11.55;11.55;100
20160125 154300;11.56;11.56;11.56;11.56;100
20160125 154400;11.57;11.6578;11.57;11.6578;325
20160125 154600;11.56;11.5818;11.56;11.5818;275
20160125 154700;11.77;11.77;11.77;11.77;135
20160125 154800;11.64;11.64;11.64;11.64;300
20160125 154900;11.7;11.7;11.64;11.64;200
20160125 155000;11.56;11.56;11.56;11.56;100
20160125 155100;11.57;11.57;11.57;11.57;100
20160125 155300;11.56;11.56;11.56;11.56;100
20160125 155400;11.58;11.58;11.56;11.56;200
20160125 155500;11.56;11.56;11.56;11.56;100
20160125 155600;11.62;11.62;11.62;11.62;100
20160125 155700;11.61;11.61;11.61;11.61;100
20160125 155900;11.64;11.6752;11.64;11.65;622
20160125 160000;11.74;11.76;11.71;11.71;300
20160126 093400;12.16;12.18;12.13;12.15;2300
20160126 093500;12.15;12.27;12.15;12.27;200
20160126 093700;12.27;12.27;12.27;12.27;400
20160126 093900;12.425;12.425;12.425;12.425;100
20160126 094500;12.16;12.16;12.16;12.16;100
20160126 094900;12.17;12.17;12.14;12.14;600
20160126 095600;12.01;12.01;12;12;1000
20160126 100600;12.03;12.03;12.03;12.03;100
20160126 101200;12.215;12.27;12.16;12.27;1000
20160126 101300;12.27;12.27;12.27;12.27;200
20160126 101800;12.31;12.33;12.25;12.3;400
20160126 102200;12.17;12.17;12.16;12.17;400
20160126 102300;12.16;12.18;12.16;12.18;500
20160126 102400;12.19;12.19;12.19;12.19;400
20160126 102500;12.15;12.15;12.15;12.15;100
20160126 102600;12.2093;12.27;12.195;12.27;1500
20160126 103300;12.32;12.32;12.32;12.32;100
20160126 103500;12.32;12.32;12.32;12.32;100
20160126 103600;12.4;12.4;12.4;12.4;300
20160126 103800;12.38;12.38;12.38;12.38;100
20160126 103900;12.4;12.44;12.4;12.44;200
20160126 104000;12.45;12.45;12.45;12.45;100
20160126 105000;12.4533;12.4533;12.4533;12.4533;2200
20160126 105200;12.41;12.41;12.405;12.405;200
20160126 105300;12.4;12.4;12.38;12.38;200
20160126 105400;12.36;12.36;12.36;12.36;100
20160126 105500;12.4362;12.4607;12.4362;12.4607;1878
20160126 110300;12.47;12.47;12.455;12.455;900
20160126 110500;12.5799;12.5799;12.45;12.45;300
20160126 111600;12.5599;12.5599;12.5599;12.5599;200
20160126 111800;12.51;12.51;12.51;12.51;400
20160126 111900;12.51;12.51;12.47;12.47;300
20160126 112100;12.47;12.47;12.43;12.43;300
20160126 112500;12.43;12.43;12.43;12.43;100
20160126 112600;12.43;12.43;12.43;12.43;100
20160126 112900;12.41;12.41;12.41;12.41;100
20160126 113000;12.51;12.52;12.41;12.41;1760
20160126 113200;12.51;12.54;12.45;12.45;1000
20160126 114300;12.45;12.45;12.45;12.45;100
20160126 114500;12.44;12.44;12.44;12.44;100
20160126 114800;12.43;12.43;12.43;12.43;100
20160126 114900;12.45;12.45;12.45;12.45;100
20160126 115000;12.47;12.51;12.47;12.51;300
20160126 115300;12.4786;12.4786;12.45;12.45;700
20160126 115500;12.45;12.45;12.45;12.45;100
20160126 115800;12.46;12.46;12.46;12.46;100
20160126 120100;12.45;12.45;12.45;12.45;200
20160126 120300;12.52;12.52;12.52;12.52;200
20160126 120500;12.55;12.55;12.55;12.55;100
20160126 120800;12.52;12.52;12.52;12.52;100
20160126 121100;12.56;12.6;12.56;12.6;1100
20160126 121200;12.61;12.61;12.61;12.61;200
20160126 121500;12.61;12.61;12.61;12.61;200
20160126 121800;12.61;12.61;12.61;12.61;200
20160126 121900;12.64;12.65;12.64;12.65;200
20160126 122500;12.62;12.62;12.62;12.62;100
20160126 122800;12.62;12.62;12.62;12.62;100
20160126 123000;12.61;12.63;12.61;12.63;1500
20160126 123100;12.62;12.62;12.62;12.62;200
20160126 123200;12.62;12.62;12.62;12.62;200
20160126 123700;12.6201;12.6201;12.6201;12.6201;1000
20160126 123800;12.7;12.7;12.7;12.7;200
20160126 124000;12.7;12.7;12.7;12.7;100
20160126 124300;12.71;12.71;12.7034;12.71;1800
20160126 124900;12.68;12.68;12.66;12.66;200
20160126 125100;12.64;12.64;12.64;12.64;100
20160126 125300;12.6215;12.6215;12.62;12.62;681
20160126 125800;12.61;12.61;12.61;12.61;100
20160126 130200;12.61;12.61;12.61;12.61;100
20160126 130600;12.6499;12.6499;12.59;12.59;438
20160126 130700;12.59;12.59;12.59;12.59;100
20160126 131100;12.6499;12.6499;12.6;12.6;989
20160126 131800;12.64;12.64;12.61;12.61;300
20160126 131900;12.61;12.61;12.61;12.61;100
20160126 132000;12.66;12.66;12.66;12.66;100
20160126 132100;12.69;12.69;12.6745;12.6745;338
20160126 132600;12.65;12.65;12.61;12.61;1200
20160126 133100;12.61;12.64;12.61;12.63;300
20160126 133900;12.64;12.64;12.64;12.64;200
20160126 134000;12.66;12.71;12.66;12.71;1400
20160126 134300;12.67;12.67;12.67;12.67;100
20160126 134400;12.685;12.69;12.685;12.69;200
20160126 134800;12.72;12.74;12.72;12.74;428
20160126 135100;12.75;12.75;12.72;12.75;1500
20160126 135700;12.69;12.69;12.69;12.69;100
20160126 140200;12.68;12.68;12.64;12.68;500
20160126 140300;12.66;12.66;12.66;12.66;100
20160126 140500;12.72;12.72;12.72;12.72;100
20160126 141100;12.65;12.65;12.56;12.64;2133
20160126 142200;12.6062;12.6062;12.6062;12.6062;587
20160126 142400;12.69;12.69;12.67;12.69;1100
20160126 142500;12.69;12.74;12.69;12.74;300
20160126 142700;12.6701;12.6701;12.6701;12.6701;400
20160126 143000;12.67;12.67;12.63;12.63;300
20160126 143400;12.62;12.62;12.62;12.62;100
20160126 144400;12.4374;12.4374;12.4374;12.4374;300
20160126 144500;12.46;12.48;12.44;12.44;300
20160126 144800;12.502;12.502;12.502;12.502;139
20160126 144900;12.46;12.46;12.46;12.46;100
20160126 145200;12.47;12.52;12.44;12.48;800
20160126 145500;12.51;12.53;12.51;12.53;400
20160126 145700;12.52;12.52;12.4901;12.4901;1500
20160126 145800;12.528;12.528;12.528;12.528;308
20160126 145900;12.53;12.53;12.53;12.53;100
20160126 150100;12.52;12.52;12.52;12.52;100
20160126 150300;12.51;12.51;12.51;12.51;100
20160126 150500;12.48;12.48;12.48;12.48;100
20160126 150600;12.49;12.49;12.48;12.48;500
20160126 150800;12.47;12.4781;12.47;12.47;2171
20160126 151100;12.52;12.52;12.52;12.52;100
20160126 151200;12.4442;12.482;12.44;12.482;2064
20160126 151400;12.454;12.454;12.454;12.454;200
20160126 151600;12.45;12.45;12.45;12.45;200
20160126 151700;12.4501;12.4501;12.44;12.45;2800
20160126 152000;12.3301;12.3301;12.3301;12.3301;190
20160126 152500;12.3565;12.3565;12.3565;12.3565;1500
20160126 152600;12.33;12.33;12.33;12.33;100
20160126 153000;12.33;12.33;12.33;12.33;200
20160126 153100;12.35;12.3978;12.34;12.34;480
20160126 153200;12.34;12.34;12.34;12.34;100
20160126 153300;12.33;12.33;12.33;12.33;100
20160126 153400;12.32;12.32;12.32;12.32;100
20160126 153500;12.33;12.33;12.33;12.33;200
20160126 153600;12.36;12.36;12.35;12.35;500
20160126 153700;12.34;12.34;12.33;12.33;429
20160126 153800;12.34;12.3401;12.33;12.33;989
20160126 153900;12.35;12.35;12.34;12.34;200
20160126 154000;12.33;12.33;12.33;12.33;100
20160126 154100;12.33;12.33;12.33;12.33;100
20160126 154200;12.34;12.34;12.34;12.34;100
20160126 154300;12.34;12.34;12.32;12.32;200
20160126 154400;12.36;12.36;12.33;12.33;200
20160126 154500;12.34;12.34;12.34;12.34;200
20160126 154600;12.33;12.33;12.33;12.33;100
20160126 154700;12.33;12.33;12.33;12.33;100
20160126 154800;12.32;12.32;12.32;12.32;100
20160126 154900;12.36;12.45;12.36;12.44;2219
20160126 155000;12.44;12.46;12.44;12.45;1300
20160126 155400;12.46;12.46;12.46;12.46;300
20160126 155500;12.47;12.47;12.47;12.47;200
20160126 155600;12.47;12.47;12.47;12.47;100
20160126 155700;12.47;12.47;12.47;12.47;100
20160126 155800;12.47;12.47;12.42;12.42;1100
20160126 160000;12.46;12.46;12.46;12.46;100
20160127 093200;12.573;12.573;12.573;12.573;1000
20160127 093300;12.2;12.2;12.2;12.2;100
20160127 093500;12.2;12.2;12.2;12.2;100
20160127 094000;12.31;12.31;12.3;12.3;200
20160127 094600;12.42;12.42;12.41;12.41;400
20160127 095000;12.29;12.29;12.29;12.29;200
20160127 095400;12.2401;12.2401;12.2401;12.2401;200
20160127 095500;12.24;12.24;12.24;12.24;100
20160127 100100;12.192;12.192;12.192;12.192;200
20160127 100500;12.15;12.15;12.12;12.12;300
20160127 100700;12.21;12.21;12.21;12.21;200
20160127 101100;12.14;12.14;12.14;12.14;200
20160127 101600;12.02;12.02;12.02;12.02;200
20160127 102200;12.16;12.16;12.13;12.16;700
20160127 103300;12.1996;12.1996;12.1996;12.1996;190
20160127 103400;12.17;12.17;12.16;12.16;400
20160127 103600;12.18;12.18;12.18;12.18;500
20160127 103700;12.18;12.25;12.18;12.25;800
20160127 104000;12.33;12.33;12.33;12.33;600
20160127 104200;12.37;12.37;12.37;12.37;400
20160127 104500;12.4;12.42;12.4;12.42;1100
20160127 104600;12.47;12.47;12.46;12.46;400
20160127 105000;12.385;12.385;12.192;12.192;1100
20160127 105400;12.1;12.14;12.07;12.14;1100
20160127 105600;12.26;12.28;12.26;12.28;300
20160127 105700;12.26;12.26;12.24;12.24;700
20160127 105800;12.24;12.24;12.24;12.24;100
20160127 110200;12.21;12.21;12.21;12.21;200
20160127 110300;12.26;12.26;12.26;12.26;100
20160127 110500;12.26;12.26;12.26;12.26;500
20160127 111200;12.2;12.2;12.16;12.16;600
20160127 111300;12.19;12.19;12.19;12.19;200
20160127 111400;12.22;12.22;12.1996;12.1996;300
20160127 111600;12.19;12.19;12.19;12.19;200
20160127 111700;12.19;12.19;12.19;12.19;300
20160127 111800;12.23;12.23;12.23;12.23;100
20160127 112000;12.22;12.22;12.22;12.22;200
20160127 112100;12.22;12.22;12.22;12.22;100
20160127 112200;12.26;12.26;12.26;12.26;100
20160127 113000;12.24;12.26;12.24;12.26;900
20160127 113400;12.3;12.3;12.3;12.3;200
20160127 113600;12.34;12.43;12.34;12.43;400
20160127 113700;12.42;12.42;12.42;12.42;100
20160127 113800;12.42;12.42;12.42;12.42;100
20160127 113900;12.43;12.43;12.43;12.43;200
20160127 114000;12.47;12.47;12.47;12.47;100
20160127 114300;12.4199;12.4199;12.3443;12.3443;454
20160127 114500;12.41;12.41;12.41;12.41;200
20160127 114600;12.4899;12.4899;12.47;12.47;400
20160127 114700;12.55;12.55;12.55;12.55;300
20160127 114800;12.54;12.54;12.53;12.53;200
20160127 114900;12.51;12.51;12.51;12.51;100
20160127 115000;12.49;12.49;12.47;12.47;600
20160127 115500;12.4;12.4;12.4;12.4;100
20160127 120900;12.38;12.38;12.38;12.38;100
20160127 121500;12.4;12.4;12.38;12.4;500
20160127 121600;12.4799;12.4799;12.4799;12.4799;808
20160127 122200;12.42;12.42;12.41;12.41;200
20160127 122600;12.41;12.41;12.41;12.41;200
20160127 122900;12.4;12.4;12.36;12.36;2100
20160127 123600;12.34;12.34;12.27;12.27;1100
20160127 123700;12.26;12.26;12.26;12.26;100
20160127 123900;12.2805;12.2805;12.2805;12.2805;500
20160127 124400;12.31;12.31;12.31;12.31;1000
20160127 124800;12.36;12.36;12.36;12.36;500
20160127 125100;12.44;12.45;12.43;12.43;600
20160127 125200;12.45;12.45;12.45;12.45;200
20160127 125300;12.46;12.46;12.46;12.46;100
20160127 125600;12.43;12.43;12.43;12.43;200
20160127 130000;12.41;12.41;12.41;12.41;200
20160127 130600;12.41;12.41;12.41;12.41;300
20160127 130700;12.41;12.41;12.41;12.41;200
20160127 131100;12.44;12.44;12.44;12.44;100
20160127 131300;12.46;12.46;12.46;12.46;100
20160127 131500;12.48;12.48;12.48;12.48;400
20160127 131600;12.46;12.46;12.46;12.46;370
20160127 131900;12.44;12.44;12.44;12.44;200
20160127 132000;12.45;12.45;12.45;12.45;300
20160127 132800;12.4418;12.4418;12.4418;12.4418;250
20160127 133700;12.422;12.422;12.422;12.422;522
20160127 134300;12.42;12.42;12.42;12.42;400
20160127 134600;12.4;12.4;12.39;12.39;400
20160127 135100;12.4;12.4;12.4;12.4;300
20160127 135300;12.39;12.4;12.39;12.4;600
20160127 140200;12.42;12.47;12.42;12.47;994
20160127 140400;12.46;12.4993;12.46;12.4993;600
20160127 140600;12.44;12.44;12.44;12.44;500
20160127 140700;12.474;12.474;12.42;12.42;876
20160127 140800;12.4;12.4;12.4;12.4;500
20160127 141600;12.399;12.399;12.399;12.399;125
20160127 141700;12.37;12.37;12.35;12.35;500
20160127 142000;12.35;12.35;12.35;12.35;100
20160127 142100;12.37;12.37;12.37;12.37;100
20160127 142200;12.37;12.39;12.37;12.39;400
20160127 142300;12.39;12.4;12.39;12.4;200
20160127 142800;12.37;12.37;12.37;12.37;100
20160127 143100;12.3513;12.3513;12.3513;12.3513;200
20160127 143200;12.3799;12.3799;12.3799;12.3799;370
20160127 143500;12.31;12.31;12.31;12.31;107
20160127 143800;12.3699;12.3699;12.3699;12.3699;459
20160127 144100;12.27;12.27;12.26;12.26;300
20160127 144300;12.3;12.31;12.3;12.31;800
20160127 144400;12.35;12.36;12.35;12.36;500
20160127 144800;12.4;12.4;12.4;12.4;100
20160127 144900;12.43;12.43;12.43;12.43;100
20160127 145400;12.3905;12.3905;12.3905;12.3905;1119
20160127 145700;12.37;12.37;12.37;12.37;100
20160127 145900;12.36;12.36;12.36;12.36;100
20160127 150200;12.35;12.35;12.35;12.35;300
20160127 150300;12.33;12.35;12.33;12.35;600
20160127 150400;12.32;12.32;12.32;12.32;200
20160127 150700;12.27;12.27;12.27;12.27;100
20160127 150800;12.26;12.26;12.26;12.26;400
20160127 151000;12.3;12.3;12.3;12.3;100
20160127 151700;12.24;12.27;12.22;12.27;400
20160127 152300;12.2;12.2;12.2;12.2;200
20160127 152600;12.212;12.212;12.212;12.212;100
20160127 152800;12.23;12.312;12.23;12.312;862
20160127 153000;12.2625;12.2625;12.2625;12.2625;146
20160127 153200;12.29;12.67;12.29;12.67;12099
20160127 153400;12.52;12.52;12.52;12.52;100
20160127 153700;12.45;12.45;12.45;12.45;100
20160127 153800;12.44;12.49;12.44;12.4899;800
20160127 154000;12.5;12.51;12.5;12.5088;1100
20160127 154200;12.383;12.383;12.383;12.383;100
20160127 154400;12.45;12.45;12.39;12.39;600
20160127 154700;12.43;12.43;12.43;12.43;100
20160127 155000;12.4;12.4;12.4;12.4;100
20160127 155100;12.4;12.4;12.4;12.4;612
20160127 155300;12.37;12.37;12.37;12.37;200
20160127 155400;12.36;12.36;12.36;12.36;100
20160127 155600;12.35;12.36;12.35;12.35;300
20160127 155700;12.375;12.375;12.375;12.375;200
20160127 155800;12.365;12.4216;12.36;12.36;1700
20160127 155900;12.36;12.37;12.36;12.37;247
20160127 160000;12.37;12.47;12.37;12.47;1900
20160128 093300;13.16;13.16;12.88;12.88;1024
20160128 093500;13.09;13.09;13.09;13.09;600
20160128 093600;13.23;13.23;13.23;13.23;100
20160128 093800;13.08;13.08;13.0155;13.0155;629
20160128 093900;13.07;13.07;13.07;13.07;240
20160128 094000;12.96;12.978;12.96;12.978;1200
20160128 094300;12.73;12.94;12.7;12.94;300
20160128 095100;12.98;12.98;12.98;12.98;100
20160128 095700;13.07;13.07;13.07;13.07;100
20160128 100900;13.03;13.03;13.02;13.02;200
20160128 102200;12.98;12.98;12.95;12.95;300
20160128 102300;12.92;12.92;12.92;12.92;300
20160128 102400;12.89;12.89;12.87;12.87;700
20160128 102600;12.87;12.87;12.87;12.87;1100
20160128 103000;12.87;12.87;12.86;12.86;700
20160128 103200;12.84;12.84;12.84;12.84;200
20160128 103400;12.83;12.88;12.82;12.82;1100
20160128 103700;12.84;12.84;12.84;12.84;100
20160128 103900;12.81;12.81;12.8001;12.81;500
20160128 104000;12.8;12.8;12.8;12.8;100
20160128 104200;12.81;12.81;12.81;12.81;100
20160128 104500;12.77;12.77;12.77;12.77;100
20160128 104700;12.79;12.79;12.79;12.79;100
20160128 104800;12.77;12.77;12.77;12.77;200
20160128 105000;12.86;12.86;12.84;12.84;200
20160128 105100;12.82;12.82;12.8105;12.8105;200
20160128 105300;12.77;12.77;12.77;12.77;100
20160128 105500;12.78;12.78;12.78;12.78;100
20160128 105600;12.74;12.74;12.74;12.74;100
20160128 105700;12.8;12.8;12.8;12.8;300
20160128 105900;12.91;13.12;12.805;13.045;6019
20160128 110000;13.11;13.12;13.11;13.12;500
20160128 110800;13.16;13.16;13.157;13.157;700
20160128 110900;13.19;13.19;13.19;13.19;100
20160128 111300;13.18;13.28;13.18;13.28;400
20160128 111400;13.26;13.26;13.13;13.25;400
20160128 111600;13.25;13.25;13.25;13.25;100
20160128 112400;13.27;13.3;13.27;13.3;500
20160128 113000;13.25;13.25;13.25;13.25;100
20160128 113200;13.09;13.09;13.09;13.09;300
20160128 113300;13.08;13.09;13.08;13.09;200
20160128 113600;13.1;13.1;13.1;13.1;300
20160128 113700;13.09;13.1;13.09;13.1;200
20160128 113800;13.15;13.23;13.15;13.23;700
20160128 114000;13.21;13.21;13.21;13.21;335
20160128 114100;13.22;13.22;13.22;13.22;100
20160128 114200;13.13;13.13;13.13;13.13;200
20160128 114300;13.15;13.15;13.15;13.15;100
20160128 114500;13.39;13.42;13.39;13.42;500
20160128 114600;13.42;13.42;13.18;13.19;1400
20160128 114700;13.2;13.2;13.14;13.14;400
20160128 114900;13.15;13.15;13.15;13.15;100
20160128 115000;13.17;13.17;13.17;13.17;100
20160128 115300;13.21;13.21;13.21;13.21;200
20160128 120000;13.27;13.27;13.27;13.27;100
20160128 120700;13.23;13.23;13.23;13.23;100
20160128 121300;13.23;13.23;13.23;13.23;100
20160128 121900;13.29;13.29;13.237;13.237;1000
20160128 122000;13.4;13.4;13.4;13.4;100
20160128 123200;13.28;13.29;13.28;13.29;300
20160128 123300;13.38;13.38;13.38;13.38;100
20160128 123900;13.4;13.4;13.4;13.4;400
20160128 124600;13.3;13.41;13.3;13.41;200
20160128 131000;13.32;13.32;13.32;13.32;100
20160128 131500;13.32;13.32;13.32;13.32;400
20160128 132100;13.46;13.49;13.27;13.49;500
20160128 132800;13.43;13.43;13.43;13.43;100
20160128 133400;13.42;13.42;13.42;13.42;359
20160128 134200;13.42;13.42;13.4;13.4;600
20160128 134300;13.4;13.4;13.4;13.4;100
20160128 141300;13.2201;13.2201;13.2201;13.2201;150
20160128 143000;13.37;13.38;13.36;13.38;928
20160128 144200;13.38;13.38;13.373;13.373;2500
20160128 144500;13.3608;13.3608;13.3608;13.3608;200
20160128 150600;13.33;13.33;13.33;13.33;200
20160128 151100;13.37;13.38;13.335;13.38;2300
20160128 151200;13.38;13.38;13.38;13.38;100
20160128 151700;13.38;13.38;13.37;13.37;200
20160128 151800;13.37;13.38;13.36;13.36;3700
20160128 151900;13.38;13.4001;13.3;13.4001;8700
20160128 152000;13.4;13.4;13.39;13.39;1200
20160128 152200;13.39;13.39;13.35;13.35;900
20160128 153000;13.35;13.38;13.35;13.38;6200
20160128 153600;13.45;13.5;13.45;13.5;1000
20160128 153700;13.45;13.45;13.45;13.45;100
20160128 154500;13.44;13.45;13.44;13.45;500
20160128 154600;13.45;13.45;13.4422;13.4422;1531
20160128 154700;13.45;13.45;13.45;13.45;100
20160128 154800;13.44;13.45;13.44;13.45;358
20160128 155300;13.45;13.45;13.45;13.45;300
20160128 155400;13.44;13.445;13.44;13.44;395
20160128 155600;13.45;13.45;13.4013;13.4013;1077
20160128 155900;13.44;13.44;13.44;13.44;300
20160128 160000;13.45;13.45;13.45;13.45;950
20160129 093600;13.74;13.74;13.74;13.74;300
20160129 093800;13.76;13.76;13.76;13.76;400
20160129 094300;13.7228;13.7228;13.7228;13.7228;500
20160129 094400;13.73;13.73;13.73;13.73;200
20160129 095200;13.78;13.78;13.78;13.78;100
20160129 095300;13.8;13.8;13.8;13.8;213
20160129 095500;13.85;13.85;13.85;13.85;100
20160129 095800;13.88;13.8895;13.8576;13.8576;800
20160129 095900;13.88;14.16;13.845;14.16;9500
20160129 100000;14.04;14.04;14.04;14.04;100
20160129 100100;14.1;14.12;14.08;14.08;1000
20160129 100200;14.04;14.04;13.95;13.95;500
20160129 100400;14.05;14.08;14.05;14.08;2500
20160129 100600;14.06;14.06;14.04;14.04;600
20160129 101100;14.13;14.13;14.13;14.13;200
20160129 101400;14.19;14.28;14.08;14.28;1500
20160129 101700;14.25;14.32;14.14;14.17;2400
20160129 101800;14.268;14.268;14.268;14.268;150
20160129 101900;14.19;14.25;14.19;14.25;800
20160129 102000;14.25;14.25;14.2;14.2;966
20160129 102300;14.2;14.2;14.19;14.19;1202
20160129 102700;14.12;14.12;14.12;14.12;100
20160129 102800;14.11;14.11;14.11;14.11;100
20160129 102900;14.04;14.04;14.04;14.04;200
20160129 103000;14;14;13.96;13.97;800
20160129 103100;13.99;13.99;13.96;13.99;700
20160129 103300;13.93;13.93;13.85;13.85;270
20160129 103400;13.84;13.86;13.84;13.86;2433
20160129 103600;13.86;13.86;13.85;13.85;500
20160129 104300;13.99;14.01;13.99;14.01;200
20160129 105100;13.972;13.972;13.972;13.972;175
20160129 111800;13.9;13.9;13.9;13.9;100
20160129 112300;13.87;13.87;13.87;13.87;100
20160129 112400;13.98;13.98;13.885;13.885;200
20160129 113400;13.88;13.9;13.88;13.9;200
20160129 113500;13.882;13.882;13.882;13.882;300
20160129 113900;13.81;13.81;13.8;13.8;1100
20160129 114200;13.72;13.72;13.72;13.72;100
20160129 114300;13.72;13.72;13.71;13.71;200
20160129 115100;13.74;13.74;13.74;13.74;200
20160129 115200;13.77;13.77;13.77;13.77;200
20160129 115400;13.78;13.78;13.78;13.78;100
20160129 120200;13.6501;13.6501;13.6501;13.6501;1500
20160129 120900;13.78;13.78;13.78;13.78;300
20160129 121500;13.8;13.8;13.8;13.8;200
20160129 121700;13.86;13.87;13.86;13.87;200
20160129 124400;13.84;13.84;13.84;13.84;300
20160129 124600;14.03;14.0799;14.03;14.0799;1006
20160129 124800;13.95;13.95;13.95;13.95;100
20160129 125300;14.06;14.07;14.06;14.07;500
20160129 125600;14.12;14.12;14.12;14.12;100
20160129 125800;14.11;14.12;14.01;14.11;2500
20160129 130200;14.11;14.11;14.11;14.11;100
20160129 130300;14.06;14.06;14.06;14.06;100
20160129 130500;14.14;14.14;14.14;14.14;100
20160129 130600;14.13;14.13;14.13;14.13;100
20160129 130700;14.14;14.14;14.14;14.14;100
20160129 130800;14.14;14.14;14.14;14.14;100
20160129 131000;14.14;14.14;14.14;14.14;100
20160129 131200;14.1015;14.1015;14.1015;14.1015;270
20160129 131400;14.14;14.14;14.09;14.09;200
20160129 133500;13.8801;14.04;13.8801;14.04;600
20160129 134100;13.91;13.91;13.91;13.91;200
20160129 134400;14.02;14.1299;14.02;14.1299;1202
20160129 135100;14.11;14.11;14.11;14.11;100
20160129 135400;14.11;14.11;14.11;14.11;100
20160129 140600;13.93;13.93;13.93;13.93;100
20160129 140700;13.92;14;13.92;14;200
20160129 140800;14;14;14;14;100
20160129 141200;13.9401;13.9401;13.9401;13.9401;100
20160129 141400;13.99;13.99;13.94;13.94;200
20160129 141700;13.9206;13.9206;13.9206;13.9206;400
20160129 142200;13.95;13.976;13.9142;13.976;800
20160129 142700;13.98;13.98;13.98;13.98;100
20160129 143300;13.899;13.899;13.899;13.899;700
20160129 143600;13.98;13.98;13.98;13.98;100
20160129 144100;13.98;13.98;13.98;13.98;100
20160129 144400;13.9681;13.9681;13.9681;13.9681;151
20160129 144900;13.98;13.98;13.98;13.98;100
20160129 145100;13.98;13.98;13.98;13.98;200
20160129 145600;13.98;13.98;13.96;13.96;200
20160129 150700;13.915;13.96;13.915;13.96;440
20160129 151200;13.9;13.9;13.9;13.9;100
20160129 151300;13.89;13.89;13.89;13.89;100
20160129 151500;13.89;13.89;13.89;13.89;100
20160129 151800;13.97;13.97;13.97;13.97;100
20160129 152200;13.98;13.98;13.98;13.98;300
20160129 152600;13.9663;13.9663;13.9663;13.9663;500
20160129 152700;13.98;13.98;13.98;13.98;100
20160129 152800;13.98;13.98;13.98;13.98;100
20160129 153100;13.98;13.98;13.98;13.98;100
20160129 153600;13.96;13.96;13.96;13.96;100
20160129 153900;13.95;14;13.95;14;2260
20160129 154000;14;14;14;14;100
20160129 154200;14;14;13.9601;13.9601;1355
20160129 155000;13.9601;13.9601;13.9601;13.9601;135
20160129 155800;14.06;14.08;14.06;14.08;800
20160129 155900;14.12;14.12;14.12;14.12;100
20160129 160000;14.06;14.06;14.06;14.06;700
20160201 093200;13.61;13.61;13.57;13.57;300
20160201 093500;13.82;13.83;13.78;13.78;2000
20160201 093600;13.81;13.81;13.65;13.807;1300
20160201 093800;13.56;13.56;13.56;13.56;100
20160201 094200;13.57;13.57;13.54;13.54;200
20160201 094300;13.5;13.5;13.45;13.45;200
20160201 094600;13.61;13.61;13.61;13.61;200
20160201 094700;13.6;13.6;13.6;13.6;100
20160201 094800;13.61;13.62;13.61;13.62;200
20160201 095300;13.6;13.6;13.56;13.56;300
20160201 095700;13.55;13.55;13.55;13.55;100
20160201 101200;13.64;13.65;13.64;13.64;300
20160201 101500;13.6;13.6;13.6;13.6;100
20160201 101700;13.6;13.7;13.6;13.7;1200
20160201 101800;13.74;13.79;13.74;13.75;1600
20160201 101900;13.85;13.9;13.85;13.85;1000
20160201 102000;13.85;13.85;13.83;13.85;2100
20160201 102100;13.84;13.87;13.84;13.87;1100
20160201 102200;13.88;13.89;13.87;13.89;300
20160201 102300;13.91;13.91;13.75;13.75;4400
20160201 102400;13.73;13.73;13.73;13.73;200
20160201 102500;13.73;13.78;13.72;13.745;911
20160201 102600;13.74;13.74;13.72;13.72;389
20160201 102700;13.71;13.71;13.71;13.71;100
20160201 102800;13.71;13.71;13.68;13.68;300
20160201 102900;13.68;13.68;13.68;13.68;100
20160201 103000;13.68;13.68;13.53;13.59;1609
20160201 103100;13.53;13.55;13.53;13.55;200
20160201 103200;13.55;13.55;13.5;13.5;1600
20160201 103300;13.535;13.56;13.51;13.51;500
20160201 103400;13.5;13.5;13.5;13.5;100
20160201 103500;13.5;13.52;13.5;13.5;1837
20160201 103600;13.5;13.5;13.5;13.5;2496
20160201 103700;13.47;13.47;13.47;13.47;118
20160201 103800;13.46;13.46;13.44;13.44;300
20160201 103900;13.44;13.46;13.44;13.44;300
20160201 104000;13.44;13.44;13.44;13.44;200
20160201 104100;13.44;13.48;13.44;13.48;400
20160201 104200;13.44;13.44;13.44;13.44;100
20160201 104300;13.47;13.47;13.44;13.44;2400
20160201 104400;13.44;13.44;13.44;13.44;100
20160201 104500;13.42;13.44;13.42;13.44;200
20160201 104600;13.44;13.63;13.44;13.62;13203
20160201 104700;13.59;13.7;13.59;13.7;1929
20160201 104800;13.62;13.63;13.62;13.63;1060
20160201 104900;13.625;13.7;13.625;13.6995;2306
20160201 105000;13.63;13.63;13.63;13.63;100
20160201 105200;13.63;13.63;13.63;13.63;100
20160201 105300;13.66;13.66;13.64;13.65;949
20160201 105800;13.72;13.79;13.72;13.77;300
20160201 110500;13.81;13.81;13.81;13.81;100
20160201 112400;13.81;13.81;13.81;13.81;100
20160201 112600;13.77;13.77;13.77;13.77;100
20160201 113600;13.83;13.83;13.72;13.72;1200
20160201 113900;13.74;13.74;13.72;13.72;200
20160201 114100;13.71;13.71;13.69;13.69;200
20160201 114600;13.77;13.77;13.77;13.77;1000
20160201 114900;13.7282;13.7282;13.7;13.7;800
20160201 115100;13.71;13.71;13.7;13.7;400
20160201 120600;13.7;13.7;13.7;13.7;100
20160201 121500;13.72;13.72;13.72;13.72;100
20160201 124200;13.78;13.78;13.78;13.78;200
20160201 124700;13.8692;13.8692;13.8692;13.8692;700
20160201 125100;13.83;13.83;13.83;13.83;100
20160201 125400;13.82;13.82;13.81;13.82;300
20160201 125500;13.83;13.83;13.83;13.83;200
20160201 131400;13.74;13.74;13.74;13.74;100
20160201 131600;13.7501;13.7501;13.7501;13.7501;182
20160201 133100;13.76;13.76;13.76;13.76;100
20160201 134500;13.73;13.73;13.71;13.71;200
20160201 134700;13.7381;13.7381;13.7381;13.7381;213
20160201 141300;13.7999;13.7999;13.7999;13.7999;500
20160201 142700;13.8;13.8;13.8;13.8;200
20160201 143100;13.81;13.82;13.81;13.82;200
20160201 143900;13.77;13.7845;13.74;13.74;700
20160201 144000;13.8;13.83;13.8;13.83;200
20160201 144100;13.87;13.9;13.87;13.9;3705
20160201 144500;13.9;13.9;13.9;13.9;100
20160201 144600;13.9;13.9;13.9;13.9;1582
20160201 144700;13.81;13.81;13.81;13.81;100
20160201 145000;13.85;13.85;13.85;13.85;100
20160201 150000;13.9;13.9;13.9;13.9;100
20160201 152500;13.9409;13.9409;13.9409;13.9409;400
20160201 152900;13.94;13.94;13.94;13.94;100
20160201 153200;13.94;13.94;13.94;13.94;100
20160201 153400;13.937;13.937;13.937;13.937;2110
20160201 153500;13.94;13.94;13.94;13.94;100
20160201 153600;13.94;13.94;13.94;13.94;100
20160201 153700;13.94;13.94;13.94;13.94;300
20160201 153800;13.95;13.95;13.95;13.95;100
20160201 154100;13.95;13.95;13.95;13.95;100
20160201 154400;13.95;13.95;13.95;13.95;100
20160201 154800;13.97;13.97;13.97;13.97;200
20160201 154900;13.97;13.97;13.97;13.97;100
20160201 155000;13.97;13.97;13.97;13.97;100
20160201 155300;13.9301;13.9599;13.9301;13.9599;1020
20160201 155600;13.94;13.94;13.94;13.94;136
20160201 155900;13.93;13.931;13.93;13.931;400
20160201 160000;13.87;13.87;13.87;13.87;159
20160202 093700;13.46;13.46;13.46;13.46;100
20160202 094300;13.48;13.48;13.45;13.45;1600
20160202 094400;13.51;13.51;13.51;13.51;157
20160202 094700;13.527;13.527;13.527;13.527;191
20160202 095100;13.51;13.51;13.51;13.51;100
20160202 095200;13.52;13.52;13.5;13.52;600
20160202 095500;13.46;13.46;13.45;13.45;691
20160202 101400;13.39;13.39;13.39;13.39;100
20160202 102000;13.37;13.37;13.34;13.34;1000
20160202 102100;13.27;13.27;13.27;13.27;100
20160202 103100;13.35;13.35;13.35;13.35;300
20160202 104500;13.24;13.24;13.24;13.24;100
20160202 104600;13.19;13.23;12.9703;13.22;3875
20160202 104700;13.21;13.21;13.21;13.21;100
20160202 104800;13.21;13.21;13.21;13.21;200
20160202 105900;13.14;13.14;13.14;13.14;100
20160202 110200;13.19;13.19;13.19;13.19;100
20160202 110400;13.19;13.19;13.19;13.19;100
20160202 110500;13.19;13.2;13.19;13.2;450
20160202 110800;13.2799;13.28;13.2799;13.28;440
20160202 111400;13.28;13.28;13.28;13.28;200
20160202 111500;13.34;13.4;13.34;13.4;1500
20160202 111600;13.4;13.4;13.4;13.4;400
20160202 112100;13.48;13.48;13.48;13.48;100
20160202 112300;13.47;13.48;13.47;13.48;400
20160202 112600;13.48;13.48;13.48;13.48;200
20160202 115700;13.42;13.42;13.42;13.42;200
20160202 120100;13.3501;13.3501;13.3501;13.3501;289
20160202 120200;13.3501;13.3501;13.3501;13.3501;300
20160202 120300;13.35;13.405;13.35;13.405;400
20160202 120600;13.35;13.35;13.32;13.32;200
20160202 120800;13.3;13.3;13.3;13.3;100
20160202 125500;13.3;13.3;13.28;13.29;797
20160202 131000;13.28;13.28;13.28;13.28;500
20160202 132000;13.2657;13.2657;13.2657;13.2657;115
20160202 132500;13.3;13.3;13.3;13.3;100
20160202 133400;13.2999;13.3;13.28;13.28;6046
20160202 133500;13.338;13.61;13.338;13.48;6195
20160202 134000;13.47;13.47;13.47;13.47;500
20160202 140200;13.4599;13.4599;13.444;13.444;600
20160202 140300;13.425;13.425;13.416;13.416;258
20160202 140500;13.42;13.42;13.42;13.42;100
20160202 141300;13.3901;13.3901;13.3901;13.3901;573
20160202 141500;13.4;13.41;13.4;13.41;1200
20160202 142300;13.435;13.435;13.4245;13.4245;715
20160202 142500;13.435;13.435;13.435;13.435;100
20160202 142600;13.4;13.4;13.39;13.39;1000
20160202 144100;13.378;13.378;13.378;13.378;311
20160202 144800;13.45;13.47;13.45;13.47;400
20160202 144900;13.55;13.56;13.55;13.56;300
20160202 145000;13.4501;13.49;13.4501;13.49;480
20160202 145100;13.493;13.493;13.493;13.493;200
20160202 145600;13.45;13.45;13.45;13.45;400
20160202 150300;13.4325;13.4325;13.4325;13.4325;400
20160202 152800;13.4202;13.4202;13.4202;13.4202;200
20160202 153000;13.4;13.4;13.25;13.2501;2168
20160202 153100;13.32;13.32;13.32;13.32;100
20160202 153400;13.368;13.381;13.368;13.381;300
20160202 154200;13.4;13.4;13.4;13.4;100
20160202 154500;13.38;13.38;13.38;13.38;100
20160202 154600;13.37;13.37;13.37;13.37;100
20160202 154700;13.37;13.37;13.37;13.37;100
20160202 155200;13.4099;13.4099;13.4099;13.4099;150
20160202 155500;13.41;13.41;13.41;13.41;100
20160202 155600;13.42;13.42;13.39;13.39;200
20160202 155800;13.37;13.37;13.36;13.36;1100
20160202 160000;13.42;13.42;13.42;13.42;100
20160203 093400;13.717;13.717;13.717;13.717;340
20160203 094000;13.84;13.84;13.84;13.84;400
20160203 094100;13.663;13.663;13.663;13.663;375
20160203 095000;13.69;13.69;13.69;13.69;400
20160203 095200;13.69;13.69;13.69;13.69;100
20160203 095700;13.6;13.6;13.53;13.53;200
20160203 100400;13.49;13.49;13.49;13.49;300
20160203 100600;13.52;13.52;13.51;13.52;400
20160203 101600;13.45;13.45;13.45;13.45;400
20160203 101900;13.388;13.388;13.388;13.388;111
20160203 102100;13.35;13.35;13.35;13.35;400
20160203 102500;13.38;13.38;13.38;13.38;100
20160203 102900;13.34;13.3499;13.34;13.3499;300
20160203 103100;13.27;13.27;13.2101;13.235;2000
20160203 103200;13.235;13.235;13.15;13.15;1000
20160203 103300;13.0301;13.08;13.0301;13.08;200
20160203 103400;13.08;13.08;13.08;13.08;600
20160203 103900;13.15;13.16;13.15;13.16;600
20160203 104400;13.24;13.24;13.24;13.24;200
20160203 104500;13.24;13.24;13.19;13.19;200
20160203 104700;13.29;13.29;13.29;13.29;300
20160203 104900;13.47;13.47;13.47;13.47;500
20160203 105600;13.47;13.47;13.47;13.47;200
20160203 105700;13.47;13.47;13.47;13.47;100
20160203 110200;13.5;13.5;13.5;13.5;100
20160203 110500;13.56;13.56;13.56;13.56;200
20160203 111200;13.49;13.49;13.49;13.49;200
20160203 111400;13.49;13.49;13.49;13.49;100
20160203 111900;13.56;13.56;13.56;13.56;200
20160203 112200;13.63;13.63;13.63;13.63;200
20160203 113100;13.7;13.7;13.7;13.7;100
20160203 113300;13.7;13.7;13.7;13.7;300
20160203 113500;13.65;13.65;13.64;13.64;200
20160203 113600;13.62;13.6244;13.61;13.6244;1730
20160203 114000;13.69;13.69;13.69;13.69;200
20160203 114100;13.69;13.69;13.69;13.69;100
20160203 115000;13.7479;13.7479;13.7479;13.7479;250
20160203 115900;13.75;13.75;13.75;13.75;600
20160203 120300;13.7566;13.7566;13.7566;13.7566;150
20160203 122000;13.82;13.82;13.82;13.82;100
20160203 122800;13.75;13.75;13.75;13.75;100
20160203 123400;13.75;13.75;13.75;13.75;300
20160203 123500;13.758;13.758;13.7;13.7;1120
20160203 123900;13.74;13.74;13.74;13.74;100
20160203 124200;13.73;13.73;13.73;13.73;100
20160203 124500;13.72;13.72;13.72;13.72;100
20160203 125600;13.67;13.67;13.67;13.67;100
20160203 130200;13.67;13.67;13.67;13.67;100
20160203 130300;13.74;13.74;13.74;13.74;1000
20160203 130500;13.73;13.74;13.73;13.74;600
20160203 130600;13.69;13.69;13.68;13.68;400
20160203 130800;13.67;13.67;13.67;13.67;100
20160203 131300;13.6;13.6;13.6;13.6;200
20160203 132200;13.65;13.6599;13.65;13.6599;553
20160203 133900;13.62;13.62;13.62;13.62;200
20160203 134000;13.6;13.6;13.6;13.6;100
20160203 134500;13.6;13.6;13.6;13.6;271
20160203 135600;13.61;13.61;13.61;13.61;100
20160203 141400;13.67;13.67;13.67;13.67;400
20160203 142600;13.64;13.64;13.64;13.64;100
20160203 142700;13.7;13.7;13.7;13.7;200
20160203 143900;13.69;13.69;13.69;13.69;100
20160203 145000;13.74;13.74;13.74;13.74;100
20160203 150200;13.72;13.76;13.72;13.76;500
20160203 150800;13.63;13.63;13.63;13.63;100
20160203 151000;13.68;13.69;13.675;13.675;400
20160203 151300;13.6661;13.6661;13.6661;13.6661;200
20160203 153300;13.76;13.77;13.755;13.755;1100
20160203 153400;13.78;13.78;13.76;13.76;200
20160203 154400;13.73;13.73;13.73;13.73;100
20160203 155100;13.7264;13.7264;13.7264;13.7264;186
20160203 155200;13.76;13.76;13.76;13.76;100
20160203 155900;13.68;13.68;13.68;13.68;400
20160203 160000;13.77;13.78;13.77;13.77;900
20160204 074500;13.85;13.85;13.85;13.85;100
20160204 074700;13.85;13.85;13.85;13.85;300
20160204 093200;14.12;14.16;13.82;13.82;1971
20160204 093500;13.97;13.97;13.97;13.97;650
20160204 093700;14.06;14.15;14.06;14.15;500
20160204 093800;14.15;14.15;14.15;14.15;100
20160204 094000;14.14;14.14;14.12;14.12;200
20160204 094100;14.16;14.16;14.16;14.16;100
20160204 094300;14.14;14.14;14.14;14.14;100
20160204 094500;14.07;14.07;13.97;13.97;1204
20160204 095500;13.98;14;13.98;14;4057
20160204 095700;14;14.1001;13.9999;14.1001;10890
20160204 095800;13.94;14.1;13.94;14.1;200
20160204 100000;14.09;14.09;14.09;14.09;100
20160204 100100;13.91;13.91;13.91;13.91;100
20160204 100200;14.06;14.06;14.06;14.06;100
20160204 100300;14.07;14.07;13.93;13.93;200
20160204 100400;14.04;14.06;14.04;14.06;800
20160204 100500;14.05;14.05;14.05;14.05;100
20160204 100600;14.05;14.05;14.05;14.05;100
20160204 100800;14.05;14.05;14.05;14.05;100
20160204 100900;14.05;14.05;14.05;14.05;200
20160204 101000;14.05;14.05;14.05;14.05;200
20160204 101100;14.1;14.1;14.1;14.1;100
20160204 101200;14.1;14.1;14.1;14.1;1730
20160204 101300;14.1;14.1;14.1;14.1;100
20160204 101400;14.14;14.14;14.14;14.14;100
20160204 101600;14.14;14.14;14.03;14.04;700
20160204 101800;14.12;14.12;14.12;14.12;100
20160204 102000;14.07;14.08;14.07;14.08;200
20160204 102100;14.08;14.08;14.08;14.08;400
20160204 102200;14.08;14.14;14.08;14.14;300
20160204 102400;14.12;14.12;14.12;14.12;100
20160204 102500;14.1;14.1;14.07;14.07;200
20160204 102700;14.14;14.14;14.14;14.14;400
20160204 102800;14.1;14.1;14.1;14.1;100
20160204 102900;14.13;14.15;14.13;14.15;300
20160204 103100;14.16;14.16;14.15;14.15;200
20160204 103400;14.15;14.16;14.13;14.16;900
20160204 103500;14.16;14.26;14.1401;14.26;3032
20160204 103600;14.27;14.27;14.23;14.27;1660
20160204 103700;14.255;14.255;14.21;14.24;800
20160204 104000;14.24;14.24;14.21;14.2101;1000
20160204 104300;14.255;14.255;14.17;14.17;1600
20160204 104400;14.2;14.2;14.18;14.18;200
20160204 104500;14.23;14.23;14.23;14.23;100
20160204 105100;14.24;14.24;14.24;14.24;500
20160204 105400;14.31;14.31;14.31;14.31;100
20160204 105500;14.31;14.31;14.31;14.31;100
20160204 105700;14.346;14.396;14.2801;14.2801;900
20160204 105800;14.4;14.4;14.4;14.4;100
20160204 110100;14.39;14.39;14.39;14.39;100
20160204 110300;14.3;14.3;14.29;14.29;500
20160204 110600;14.2;14.2;14.2;14.2;100
20160204 111000;14.31;14.31;14.31;14.31;100
20160204 111400;14.32;14.32;14.32;14.32;100
20160204 111700;14.32;14.32;14.32;14.32;100
20160204 112800;14.2544;14.2544;14.08;14.085;1619
20160204 112900;14.13;14.13;14.13;14.13;100
20160204 113500;14.1;14.1;14.1;14.1;600
20160204 113600;14.1;14.1;14.05;14.05;200
20160204 113700;14.04;14.05;14.04;14.05;600
20160204 113800;14.03;14.03;14.03;14.03;100
20160204 114100;14.03;14.03;14.03;14.03;100
20160204 121300;14.16;14.18;14.1;14.17;1300
20160204 123400;14.15;14.15;14.15;14.15;200
20160204 123800;14.16;14.16;14.16;14.16;100
20160204 124500;14.14;14.14;14.13;14.13;200
20160204 124700;14.1375;14.1375;14.1375;14.1375;800
20160204 125000;14.16;14.16;14.16;14.16;100
20160204 125100;14.1455;14.1799;14.12;14.1799;955
20160204 125200;14.178;14.19;14.178;14.18;500
20160204 132300;14.11;14.11;14.11;14.11;100
20160204 132400;14.09;14.09;14.09;14.09;100
20160204 132500;14.08;14.08;14.06;14.06;300
20160204 133600;14.11;14.11;14.11;14.11;100
20160204 133800;14.11;14.11;14.11;14.11;100
20160204 133900;14.15;14.15;14.15;14.15;200
20160204 134400;14.1806;14.1806;14.1806;14.1806;750
20160204 134800;14.1062;14.1062;14.1062;14.1062;656
20160204 140400;14.1;14.1;14.1;14.1;100
20160204 140500;14.05;14.05;13.99;13.99;300
20160204 141300;14.07;14.07;14.0699;14.07;500
20160204 141400;13.976;13.976;13.976;13.976;200
20160204 141700;14.11;14.11;14.11;14.11;200
20160204 141900;14.16;14.16;14.16;14.16;100
20160204 142000;14.16;14.16;14.16;14.16;100
20160204 144300;14.16;14.16;14.16;14.16;100
20160204 144400;14.2099;14.21;14.1858;14.1858;700
20160204 144500;14.1728;14.21;14.13;14.21;1900
20160204 145400;14.137;14.137;14.137;14.137;500
20160204 145700;14.1301;14.1301;14.13;14.1301;1200
20160204 150500;14.14;14.14;14.14;14.14;100
20160204 150600;14.14;14.14;14.11;14.11;400
20160204 151000;14.1;14.1;14.1;14.1;100
20160204 151500;14.14;14.14;14.14;14.14;100
20160204 151600;14.09;14.09;14.09;14.09;100
20160204 152000;14.08;14.08;14.07;14.07;600
20160204 152100;14.06;14.06;14.04;14.04;200
20160204 152200;14.05;14.09;14.05;14.08;1300
20160204 152300;14.09;14.09;14.09;14.09;100
20160204 152700;14.16;14.16;14.16;14.16;100
20160204 152800;14.09;14.09;14.06;14.06;1100
20160204 153100;14.12;14.12;14.12;14.12;100
20160204 153200;14.05;14.11;14.05;14.11;300
20160204 153300;14.11;14.11;14.11;14.11;100
20160204 153600;14.0822;14.0822;14.0822;14.0822;393
20160204 154000;14.14;14.14;14.0938;14.0938;500
20160204 154300;14.16;14.16;14.16;14.16;100
20160204 154900;14.22;14.22;14.22;14.22;100
20160204 155800;14.21;14.21;14.21;14.21;100
20160204 155900;14.2;14.22;14.2;14.22;200
20160204 160000;14.22;14.22;14.22;14.22;161
20160205 094800;14.06;14.06;14.06;14.06;200
20160205 095400;14.08;14.08;14.08;14.08;200
20160205 100300;14.18;14.18;14.15;14.15;200
20160205 100900;14.19;14.19;14.17;14.17;500
20160205 101800;14.16;14.16;14.16;14.16;100
20160205 102900;14.13;14.13;14.13;14.13;100
20160205 103300;14.09;14.09;14.09;14.09;100
20160205 103400;14.1;14.1;14.1;14.1;100
20160205 103800;14.15;14.15;14.15;14.15;100
20160205 104300;14.17;14.2;14.17;14.2;200
20160205 104900;14.18;14.18;14.18;14.18;100
20160205 105000;14.19;14.19;14.19;14.19;100
20160205 110200;14.16;14.16;14.16;14.16;100
20160205 111500;14.11;14.11;14.11;14.11;100
20160205 112500;14.04;14.07;14.03;14.03;1500
20160205 112800;14.03;14.03;14.03;14.03;200
20160205 112900;14.03;14.03;14.03;14.03;100
20160205 113000;14.03;14.03;14.03;14.03;400
20160205 114300;14.07;14.07;14.07;14.07;400
20160205 115700;14.08;14.08;14.08;14.08;100
20160205 120100;14.07;14.07;14.07;14.07;100
20160205 121100;14.0501;14.0501;14.05;14.05;383
20160205 121300;14.09;14.09;14.09;14.09;100
20160205 122400;14.08;14.08;14.08;14.08;100
20160205 125600;14.01;14.04;14.01;14.04;400
20160205 125700;13.95;13.95;13.93;13.94;1100
20160205 130100;13.9825;13.9825;13.9825;13.9825;132
20160205 131500;13.93;13.93;13.93;13.93;600
20160205 131700;13.9599;13.9599;13.9599;13.9599;340
20160205 132900;13.8301;13.8301;13.8301;13.8301;150
20160205 135600;13.82;13.82;13.76;13.76;400
20160205 140200;13.82;13.82;13.79;13.79;200
20160205 140400;13.78;13.78;13.78;13.78;300
20160205 140700;13.81;13.81;13.8;13.8;200
20160205 140800;13.81;13.81;13.81;13.81;100
20160205 141400;13.79;13.79;13.78;13.78;200
20160205 143000;13.77;13.77;13.76;13.76;300
20160205 143700;13.61;13.62;13.61;13.62;300
20160205 144000;13.67;13.67;13.67;13.67;100
20160205 144100;13.72;13.72;13.72;13.72;100
20160205 144200;13.71;13.71;13.71;13.71;200
20160205 145500;13.66;13.66;13.66;13.66;100
20160205 150700;13.61;13.62;13.61;13.62;200
20160205 151700;13.56;13.56;13.46;13.46;200
20160205 151900;13.548;13.56;13.45;13.56;900
20160205 152000;13.57;13.7;13.57;13.62;2200
20160205 152200;13.62;13.62;13.62;13.62;100
20160205 152800;13.62;13.62;13.62;13.62;100
20160205 153300;13.64;13.64;13.64;13.64;100
20160205 153400;13.6799;13.6799;13.62;13.62;593
20160205 153800;13.58;13.58;13.58;13.58;200
20160205 154300;13.65;13.65;13.65;13.65;100
20160205 154500;13.62;13.62;13.62;13.62;400
20160205 154700;13.63;13.63;13.63;13.63;100
20160205 155100;13.63;13.63;13.63;13.63;100
20160205 155200;13.639;13.639;13.639;13.639;219
20160205 155600;13.61;13.61;13.61;13.61;100
20160205 155800;13.61;13.61;13.58;13.58;300
20160205 155900;13.5925;13.5925;13.5925;13.5925;152
20160205 160000;13.61;13.69;13.61;13.69;500
