20160119 094800;6.54;6.5663;6.54;6.5663;400
20160119 095100;6.54;6.54;6.48;6.48;5331
20160119 095500;6.6;6.66;6.6;6.66;1300
20160119 100000;6.69;6.69;6.69;6.69;100
20160119 100400;6.65;6.65;6.65;6.65;1031
20160119 104900;6.66;6.66;6.66;6.66;100
20160119 111800;6.6499;6.6499;6.6372;6.6399;1600
20160119 111900;6.64;6.64;6.6399;6.6399;200
20160119 112300;6.6384;6.6384;6.6384;6.6384;500
20160119 112400;6.64;6.646;6.6199;6.646;2250
20160119 112600;6.6399;6.6496;6.637;6.6496;1700
20160119 121700;6.6592;6.66;6.6592;6.66;1000
20160119 122900;6.64;6.64;6.64;6.64;681
20160119 125200;6.67;6.67;6.67;6.67;250
20160119 134800;6.6411;6.6411;6.64;6.64;400
20160119 135600;6.6591;6.6591;6.6591;6.6591;500
20160119 135700;6.6591;6.66;6.658;6.658;2200
20160119 135800;6.65;6.66;6.64;6.66;2300
20160119 140900;6.658;6.658;6.658;6.658;500
20160119 141700;6.64;6.64;6.64;6.64;100
20160119 141800;6.6391;6.6391;6.6391;6.6391;400
20160119 143000;6.6491;6.6491;6.6491;6.6491;900
20160119 144100;6.65;6.65;6.648;6.65;2576
20160119 144200;6.6491;6.65;6.64;6.65;1100
20160119 145200;6.65;6.65;6.65;6.65;100
20160120 094400;6.5097;6.5097;6.483;6.483;381
20160120 095500;6.48;6.48;6.48;6.48;400
20160120 095700;6.5;6.51;6.5;6.5097;2300
20160120 095800;6.51;6.51;6.5;6.5;400
20160120 100100;6.4608;6.4608;6.4608;6.4608;133
20160120 100300;6.54;6.54;6.54;6.54;100
20160120 100700;6.54;6.54;6.54;6.54;700
20160120 101300;6.54;6.55;6.54;6.55;2866
20160120 104100;6.5;6.525;6.5;6.5;8300
20160120 105900;6.575;6.58;6.575;6.58;5000
20160120 110300;6.5001;6.5001;6.5001;6.5001;5000
20160120 112400;6.575;6.58;6.57;6.58;900
20160120 112500;6.58;6.58;6.57;6.57;4903
20160120 113500;6.57;6.58;6.57;6.575;1803
20160120 115500;6.56;6.57;6.56;6.56;500
20160120 120200;6.57;6.57;6.57;6.57;1300
20160120 120600;6.57;6.57;6.5605;6.57;1600
20160120 120800;6.57;6.57;6.55;6.57;6659
20160120 120900;6.55;6.55;6.55;6.55;500
20160120 122000;6.51;6.51;6.51;6.51;200
20160120 122200;6.48;6.48;6.48;6.48;900
20160120 122400;6.48;6.48;6.48;6.48;200
20160120 122800;6.47;6.47;6.47;6.47;100
20160120 124800;6.46;6.46;6.46;6.46;500
20160120 130500;6.46;6.46;6.46;6.46;1597
20160120 131500;6.4201;6.43;6.42;6.4201;5336
20160120 133400;6.46;6.48;6.46;6.48;200
20160120 134300;6.49;6.49;6.49;6.49;443
20160120 145300;6.4;6.4;6.4;6.4;100
20160120 151800;6.43;6.43;6.43;6.43;680
20160120 152000;6.4889;6.4889;6.4889;6.4889;400
20160120 153900;6.4851;6.4851;6.4851;6.4851;400
20160120 154000;6.4899;6.4899;6.4899;6.4899;1400
20160120 154900;6.4861;6.4861;6.47;6.4861;4100
20160121 100200;6.39;6.39;6.39;6.39;100
20160121 100300;6.4399;6.44;6.4385;6.4399;2300
20160121 100400;6.4385;6.44;6.4385;6.44;400
20160121 101000;6.45;6.45;6.45;6.45;400
20160121 105300;6.46;6.46;6.45;6.45;600
20160121 121200;6.48;6.48;6.48;6.48;100
20160121 130200;6.4801;6.4801;6.4801;6.4801;1000
20160121 130400;6.49;6.49;6.49;6.49;2000
20160121 143300;6.5041;6.51;6.5041;6.51;600
20160121 150300;6.5399;6.54;6.5399;6.5399;4300
20160121 150900;6.55;6.55;6.55;6.55;200
20160122 111900;6.69;6.69;6.69;6.69;100
20160122 125100;6.67;6.715;6.67;6.715;3000
20160122 133700;6.68;6.68;6.68;6.68;100
20160125 103200;6.68;6.6801;6.66;6.66;1000
20160125 103700;6.65;6.65;6.65;6.65;100
20160125 105200;6.65;6.65;6.65;6.65;200
20160125 105700;6.65;6.65;6.65;6.65;200
20160125 111200;6.65;6.65;6.65;6.65;200
20160125 111400;6.66;6.66;6.66;6.66;100
20160125 112700;6.63;6.63;6.63;6.63;100
20160125 113000;6.63;6.63;6.63;6.63;100
20160125 114600;6.66;6.66;6.66;6.66;4591
20160125 135200;6.66;6.66;6.66;6.66;600
20160125 145300;6.66;6.6601;6.66;6.6601;2300
20160125 152800;6.66;6.66;6.66;6.66;1000
20160125 153300;6.66;6.67;6.66;6.66;4100
20160125 153400;6.67;6.67;6.66;6.66;1400
20160125 153500;6.67;6.67;6.66;6.66;400
20160125 153600;6.66;6.66;6.66;6.66;580
20160125 153800;6.66;6.66;6.66;6.66;240
20160125 154500;6.66;6.66;6.66;6.66;1300
20160125 154600;6.66;6.661;6.66;6.66;1900
20160125 154700;6.66;6.67;6.66;6.66;900
20160125 154800;6.66;6.66;6.66;6.66;1100
20160126 094200;6.5799;6.5799;6.5799;6.5799;2400
20160126 095100;6.5673;6.5673;6.5673;6.5673;300
20160126 101900;6.58;6.59;6.58;6.59;899
20160126 103300;6.66;6.66;6.65;6.65;600
20160126 105100;6.66;6.66;6.66;6.66;100
20160126 111500;6.66;6.66;6.66;6.66;1000
20160126 120500;6.6462;6.6462;6.6462;6.6462;300
20160126 125900;6.65;6.65;6.65;6.65;1100
20160126 153600;6.65;6.65;6.65;6.65;200
20160126 155000;6.65;6.65;6.65;6.65;100
20160126 160000;6.66;6.66;6.66;6.66;200
20160127 094500;6.7731;6.8216;6.7401;6.7401;900
20160127 094600;6.7401;6.8266;6.7401;6.7501;1300
20160127 094800;6.7806;6.7806;6.7806;6.7806;800
20160127 095000;6.778;6.778;6.72;6.72;1400
20160127 115900;6.72;6.73;6.71;6.71;900
20160127 121400;6.73;6.73;6.73;6.73;100
20160127 123000;6.73;6.73;6.73;6.73;100
20160127 150400;6.69;6.69;6.69;6.69;200
20160127 155900;6.68;6.68;6.65;6.65;900
20160128 103500;6.78;6.78;6.78;6.78;300
20160128 103900;6.78;6.78;6.78;6.78;100
20160128 105100;6.81;6.81;6.81;6.81;700
20160128 114200;6.81;6.81;6.81;6.81;100
20160128 115000;6.8199;6.8199;6.8199;6.8199;3000
20160128 115100;6.8199;6.82;6.8197;6.82;3400
20160128 115600;6.8309;6.84;6.8;6.82;1700
20160128 115700;6.8194;6.93;6.75;6.93;2800
20160128 115800;6.8773;6.9099;6.8671;6.8671;3500
20160128 120600;6.87;6.87;6.87;6.87;300
20160128 133600;6.85;6.85;6.85;6.85;100
20160128 140000;6.8302;6.8302;6.8302;6.8302;500
20160128 155400;6.84;6.84;6.84;6.84;1500
20160128 155700;6.8411;6.85;6.8411;6.85;500
20160129 113900;6.975;6.98;6.955;6.98;2192
20160129 115300;6.98;7;6.98;7;1500
20160129 120200;7.01;7.01;7.01;7.01;100
20160129 122500;6.9551;6.9551;6.9551;6.9551;1200
20160129 122600;6.9551;7.01;6.9551;6.9643;5600
20160129 122700;6.985;7;6.98;6.985;700
20160129 135700;7.01;7.01;6.98;7.01;3200
20160129 143400;6.995;7;6.99;6.995;1300
20160129 143600;6.99;6.99;6.99;6.99;700
20160129 144800;6.9901;7;6.9901;7;2100
20160129 160000;7;7;7;7;100
20160201 102400;6.93;6.9397;6.93;6.9397;1000
20160201 102500;6.9397;6.94;6.9397;6.94;1300
20160201 105200;6.9499;6.9499;6.92;6.92;1800
20160201 110600;6.95;6.95;6.95;6.95;400
20160201 111200;6.9597;6.9597;6.9597;6.9597;500
20160201 111600;6.95;6.95;6.95;6.95;200
20160201 112300;6.9697;6.9697;6.9697;6.9697;800
20160201 113200;6.96;6.97;6.96;6.97;900
20160201 113300;6.97;6.97;6.97;6.97;100
20160201 143800;6.95;6.95;6.95;6.95;100
20160201 143900;6.95;6.95;6.95;6.95;100
20160201 155900;6.95;6.95;6.95;6.95;100
20160202 105200;6.79;6.79;6.79;6.79;300
20160202 111100;6.77;6.77;6.77;6.77;100
20160202 121000;6.76;6.76;6.76;6.76;100
20160202 134200;6.744;6.744;6.744;6.744;593
20160202 134400;6.74;6.74;6.74;6.74;200
20160203 101200;6.75;6.75;6.75;6.75;600
20160203 103000;6.71;6.71;6.71;6.71;300
20160203 104800;6.74;6.74;6.725;6.74;700
20160203 133500;6.7987;6.8;6.7987;6.7999;900
20160203 135600;6.82;6.82;6.82;6.82;100
20160203 152700;6.83;6.83;6.825;6.825;1000
20160203 160000;6.8;6.8;6.8;6.8;200
20160204 102500;6.991;6.991;6.991;6.991;500
20160204 105100;7.03;7.03;7.03;7.03;100
20160204 105200;7.02;7.02;7.02;7.02;100
20160204 112000;7;7;7;7;200
20160204 124000;6.994;6.994;6.994;6.994;600
20160204 125100;7;7;7;7;100
20160204 144000;6.9614;6.9614;6.96;6.96;1065
20160204 151100;6.96;6.96;6.96;6.96;100
20160204 154800;6.925;6.925;6.925;6.925;500
20160205 103000;7;7;7;7;100
20160205 110100;7.01;7.02;7.01;7.02;768
20160205 135700;6.97;6.97;6.97;6.97;400
20160205 155900;6.94;6.94;6.94;6.94;100
