20160119 093600;1.61;1.61;1.61;1.61;100
20160119 094300;1.63;1.64;1.61;1.64;4500
20160119 094500;1.64;1.64;1.64;1.64;200
20160119 094600;1.61;1.61;1.61;1.61;100
20160119 094800;1.64;1.64;1.61;1.61;300
20160119 095100;1.64;1.64;1.64;1.64;100
20160119 095400;1.63;1.63;1.63;1.63;200
20160119 095700;1.63;1.63;1.61;1.63;400
20160119 100000;1.63;1.63;1.63;1.63;100
20160119 100300;1.63;1.63;1.63;1.63;400
20160119 100600;1.61;1.63;1.61;1.63;200
20160119 100900;1.62;1.63;1.62;1.63;300
20160119 101200;1.62;1.62;1.62;1.62;167
20160119 101500;1.63;1.63;1.62;1.62;500
20160119 101600;1.63;1.63;1.63;1.63;100
20160119 101800;1.64;1.64;1.64;1.64;200
20160119 101900;1.64;1.64;1.64;1.64;100
20160119 102200;1.64;1.64;1.64;1.64;300
20160119 102400;1.64;1.64;1.64;1.64;400
20160119 102500;1.64;1.64;1.63;1.63;300
20160119 102600;1.6201;1.6201;1.6201;1.6201;220
20160119 102800;1.64;1.64;1.64;1.64;200
20160119 103000;1.63;1.64;1.62;1.62;400
20160119 103700;1.62;1.64;1.62;1.64;500
20160119 103800;1.64;1.64;1.64;1.64;100
20160119 103900;1.64;1.64;1.64;1.64;100
20160119 104300;1.63;1.64;1.63;1.64;400
20160119 104600;1.63;1.63;1.63;1.63;300
20160119 105400;1.64;1.64;1.64;1.64;200
20160119 105700;1.64;1.64;1.64;1.64;300
20160119 105900;1.63;1.63;1.63;1.63;100
20160119 110100;1.64;1.64;1.6201;1.64;5537
20160119 110300;1.636;1.64;1.636;1.639;3800
20160119 110800;1.63;1.63;1.63;1.63;700
20160119 111100;1.6201;1.6201;1.62;1.62;1486
20160119 111300;1.61;1.61;1.61;1.61;200
20160119 111600;1.61;1.61;1.61;1.61;1800
20160119 112000;1.61;1.61;1.61;1.61;3200
20160119 112200;1.615;1.62;1.615;1.62;1100
20160119 112500;1.62;1.62;1.61;1.61;500
20160119 112700;1.61;1.61;1.61;1.61;100
20160119 113600;1.61;1.61;1.61;1.61;1400
20160119 113700;1.61;1.61;1.61;1.61;1500
20160119 114000;1.615;1.62;1.615;1.62;300
20160119 114300;1.61;1.61;1.61;1.61;100
20160119 114400;1.62;1.62;1.62;1.62;300
20160119 114700;1.61;1.61;1.61;1.61;200
20160119 114800;1.62;1.62;1.61;1.62;3100
20160119 114900;1.62;1.62;1.62;1.62;800
20160119 115000;1.63;1.63;1.63;1.63;100
20160119 115200;1.63;1.63;1.629;1.629;2100
20160119 115600;1.62;1.63;1.62;1.63;400
20160119 120100;1.63;1.63;1.63;1.63;200
20160119 120300;1.6275;1.6275;1.6275;1.6275;100
20160119 120400;1.6215;1.6215;1.6215;1.6215;2105
20160119 120500;1.63;1.63;1.63;1.63;400
20160119 120600;1.62;1.62;1.62;1.62;200
20160119 120900;1.63;1.63;1.62;1.62;1400
20160119 121000;1.63;1.63;1.63;1.63;100
20160119 121800;1.62;1.62;1.62;1.62;100
20160119 122000;1.62;1.62;1.62;1.62;100
20160119 122200;1.62;1.62;1.61;1.61;278
20160119 122300;1.62;1.62;1.62;1.62;400
20160119 122500;1.62;1.62;1.62;1.62;100
20160119 122600;1.61;1.61;1.61;1.61;200
20160119 122700;1.61;1.62;1.61;1.62;400
20160119 123000;1.62;1.62;1.62;1.62;200
20160119 123200;1.62;1.62;1.62;1.62;300
20160119 123500;1.62;1.62;1.62;1.62;100
20160119 123700;1.62;1.62;1.62;1.62;200
20160119 123800;1.62;1.62;1.61;1.61;300
20160119 123900;1.61;1.62;1.61;1.61;2722
20160119 124000;1.62;1.62;1.62;1.62;100
20160119 124100;1.62;1.62;1.62;1.62;100
20160119 124400;1.611;1.62;1.611;1.62;1135
20160119 124500;1.617;1.617;1.617;1.617;364
20160119 124600;1.615;1.62;1.615;1.62;300
20160119 125100;1.62;1.62;1.62;1.62;300
20160119 125300;1.62;1.62;1.62;1.62;100
20160119 125500;1.62;1.62;1.62;1.62;200
20160119 125600;1.62;1.62;1.62;1.62;100
20160119 125800;1.62;1.62;1.62;1.62;100
20160119 130000;1.62;1.62;1.62;1.62;400
20160119 130100;1.62;1.62;1.61;1.61;200
20160119 130200;1.61;1.61;1.61;1.61;100
20160119 130300;1.6175;1.6175;1.6175;1.6175;100
20160119 130500;1.62;1.62;1.62;1.62;200
20160119 130600;1.62;1.62;1.62;1.62;200
20160119 130800;1.62;1.62;1.62;1.62;100
20160119 130900;1.62;1.62;1.62;1.62;200
20160119 131100;1.62;1.62;1.62;1.62;100
20160119 131300;1.62;1.62;1.62;1.62;100
20160119 131400;1.62;1.62;1.62;1.62;200
20160119 131600;1.62;1.62;1.61;1.62;965
20160119 131800;1.62;1.62;1.62;1.62;100
20160119 131900;1.62;1.62;1.62;1.62;400
20160119 132100;1.62;1.62;1.62;1.62;100
20160119 132300;1.6101;1.62;1.6101;1.62;6200
20160119 132400;1.61;1.61;1.61;1.61;300
20160119 132600;1.62;1.62;1.62;1.62;200
20160119 132800;1.62;1.62;1.62;1.62;200
20160119 133100;1.62;1.62;1.61;1.61;300
20160119 133200;1.62;1.62;1.62;1.62;100
20160119 133300;1.62;1.62;1.62;1.62;100
20160119 133600;1.62;1.62;1.62;1.62;100
20160119 133700;1.62;1.62;1.62;1.62;200
20160119 133800;1.62;1.62;1.62;1.62;100
20160119 134000;1.616;1.62;1.616;1.62;1300
20160119 134100;1.62;1.62;1.62;1.62;300
20160119 134300;1.62;1.62;1.62;1.62;200
20160119 134600;1.62;1.62;1.62;1.62;400
20160119 134800;1.62;1.62;1.62;1.62;200
20160119 135000;1.62;1.62;1.61;1.62;1922
20160119 135100;1.62;1.62;1.62;1.62;398
20160119 135300;1.6199;1.62;1.6199;1.62;1600
20160119 135400;1.61;1.62;1.61;1.61;2778
20160119 140000;1.62;1.62;1.62;1.62;200
20160119 140300;1.615;1.615;1.615;1.615;200
20160119 140700;1.62;1.62;1.62;1.62;200
20160119 140800;1.6175;1.6175;1.61;1.61;200
20160119 141000;1.62;1.62;1.62;1.62;100
20160119 141100;1.62;1.62;1.62;1.62;300
20160119 141200;1.62;1.62;1.62;1.62;100
20160119 141300;1.6199;1.62;1.6199;1.62;1100
20160119 141400;1.62;1.62;1.615;1.615;200
20160119 141500;1.62;1.62;1.62;1.62;300
20160119 141800;1.62;1.62;1.62;1.62;300
20160119 141900;1.62;1.62;1.6199;1.6199;800
20160119 142000;1.61;1.62;1.61;1.62;800
20160119 142100;1.61;1.62;1.61;1.62;3300
20160119 142200;1.61;1.62;1.6;1.6;26963
20160119 142400;1.6;1.6;1.6;1.6;100
20160119 142600;1.61;1.61;1.61;1.61;100
20160119 142700;1.6026;1.6026;1.6;1.6;3200
20160119 142800;1.6;1.6;1.6;1.6;2600
20160119 142900;1.6;1.6;1.6;1.6;600
20160119 143300;1.61;1.61;1.61;1.61;100
20160119 143400;1.61;1.61;1.61;1.61;200
20160119 143600;1.6;1.6;1.6;1.6;2300
20160119 143700;1.61;1.61;1.59;1.59;17800
20160119 144100;1.5999;1.5999;1.5999;1.5999;1400
20160119 144200;1.6;1.6;1.6;1.6;100
20160119 144300;1.6;1.6;1.6;1.6;100
20160119 144500;1.6;1.6;1.6;1.6;200
20160119 144600;1.6;1.6;1.59;1.59;200
20160119 144900;1.58;1.6;1.58;1.6;300
20160119 145000;1.6;1.6;1.6;1.6;100
20160119 145100;1.58;1.58;1.58;1.58;800
20160119 145200;1.57;1.57;1.57;1.57;1200
20160119 145300;1.57;1.57;1.57;1.57;100
20160119 145400;1.56;1.56;1.56;1.56;100
20160119 145600;1.57;1.57;1.56;1.56;400
20160119 145700;1.56;1.56;1.56;1.56;100
20160119 145800;1.57;1.57;1.57;1.57;100
20160119 145900;1.56;1.57;1.56;1.57;300
20160119 150200;1.56;1.56;1.56;1.56;100
20160119 150300;1.57;1.57;1.56;1.56;400
20160119 150600;1.57;1.57;1.57;1.57;300
20160119 150700;1.57;1.57;1.5699;1.5699;3813
20160119 150800;1.57;1.575;1.57;1.575;1200
20160119 150900;1.58;1.58;1.58;1.58;100
20160119 151100;1.58;1.58;1.58;1.58;100
20160119 151200;1.58;1.58;1.58;1.58;200
20160119 151300;1.58;1.58;1.58;1.58;100
20160119 151400;1.57;1.57;1.57;1.57;100
20160119 151500;1.58;1.58;1.58;1.58;100
20160119 151600;1.58;1.58;1.575;1.58;400
20160119 151800;1.58;1.58;1.573;1.58;697
20160119 151900;1.58;1.58;1.58;1.58;100
20160119 152100;1.58;1.58;1.58;1.58;300
20160119 152200;1.58;1.58;1.58;1.58;100
20160119 152300;1.58;1.58;1.58;1.58;800
20160119 152400;1.58;1.58;1.58;1.58;300
20160119 152500;1.57;1.58;1.57;1.58;300
20160119 152700;1.58;1.58;1.58;1.58;400
20160119 152800;1.6;1.6;1.6;1.6;100
20160119 152900;1.6;1.6;1.6;1.6;200
20160119 153000;1.6;1.6;1.6;1.6;100
20160119 153100;1.6;1.6;1.595;1.6;300
20160119 153200;1.6;1.6;1.59;1.59;300
20160119 153300;1.6;1.6;1.6;1.6;100
20160119 153400;1.6;1.6;1.6;1.6;300
20160119 153600;1.6;1.6;1.6;1.6;300
20160119 153700;1.6;1.6;1.6;1.6;100
20160119 153800;1.6;1.6;1.6;1.6;300
20160119 153900;1.6;1.6;1.6;1.6;100
20160119 154000;1.6;1.6;1.6;1.6;300
20160119 154100;1.595;1.6;1.595;1.6;300
20160119 154200;1.6;1.6;1.6;1.6;1800
20160119 154300;1.61;1.61;1.605;1.605;400
20160119 154500;1.61;1.61;1.61;1.61;500
20160119 154600;1.61;1.62;1.6016;1.62;1034
20160119 154700;1.6116;1.6116;1.6116;1.6116;100
20160119 154800;1.62;1.64;1.62;1.6332;400
20160119 154900;1.66;1.66;1.65;1.66;3507
20160119 155000;1.66;1.66;1.65;1.65;886
20160119 155100;1.66;1.66;1.63;1.63;3500
20160119 155200;1.63;1.64;1.61;1.64;14940
20160119 155300;1.645;1.65;1.64;1.65;2000
20160119 155400;1.65;1.66;1.6432;1.6432;690
20160119 155500;1.66;1.66;1.65;1.65;500
20160119 155600;1.66;1.66;1.6516;1.66;600
20160119 155700;1.66;1.68;1.66;1.67;2746
20160119 155800;1.68;1.69;1.67;1.67;1200
20160119 155900;1.69;1.69;1.69;1.69;1700
20160119 160000;1.69;1.69;1.67;1.69;1600
20160120 093600;1.65;1.65;1.65;1.65;100
20160120 093700;1.625;1.625;1.625;1.625;100
20160120 093800;1.64;1.64;1.62;1.62;200
20160120 094200;1.63;1.63;1.63;1.63;100
20160120 094400;1.62;1.63;1.62;1.63;200
20160120 094500;1.6;1.6;1.6;1.6;100
20160120 094700;1.62;1.63;1.62;1.63;200
20160120 094800;1.6044;1.64;1.6044;1.64;3900
20160120 094900;1.6058;1.62;1.6012;1.6042;3400
20160120 095000;1.64;1.64;1.6058;1.6058;1300
20160120 095100;1.63;1.63;1.63;1.63;200
20160120 095400;1.6;1.62;1.6;1.62;200
20160120 095700;1.615;1.615;1.615;1.615;100
20160120 095800;1.62;1.62;1.6002;1.6002;700
20160120 095900;1.59;1.61;1.59;1.61;330
20160120 100100;1.6;1.6;1.6;1.6;100
20160120 100200;1.6;1.6;1.595;1.595;200
20160120 100300;1.58;1.58;1.58;1.58;100
20160120 100400;1.6;1.6;1.6;1.6;100
20160120 100500;1.59;1.59;1.58;1.59;1700
20160120 100700;1.59;1.59;1.59;1.59;100
20160120 100900;1.59;1.59;1.59;1.59;100
20160120 101000;1.58;1.59;1.58;1.59;200
20160120 101200;1.59;1.59;1.59;1.59;100
20160120 101300;1.6;1.6;1.58;1.58;200
20160120 101500;1.6;1.6;1.6;1.6;100
20160120 101600;1.6;1.6;1.6;1.6;100
20160120 101700;1.57;1.57;1.57;1.57;100
20160120 101800;1.59;1.59;1.59;1.59;100
20160120 102000;1.59;1.59;1.59;1.59;100
20160120 102100;1.59;1.59;1.59;1.59;100
20160120 102300;1.59;1.59;1.59;1.59;100
20160120 102400;1.59;1.59;1.59;1.59;100
20160120 102600;1.59;1.59;1.59;1.59;100
20160120 102800;1.59;1.59;1.59;1.59;100
20160120 102900;1.59;1.59;1.58;1.58;200
20160120 103100;1.59;1.59;1.59;1.59;100
20160120 103200;1.59;1.59;1.59;1.59;100
20160120 103400;1.59;1.59;1.59;1.59;100
20160120 103500;1.59;1.59;1.59;1.59;100
20160120 103700;1.59;1.59;1.59;1.59;100
20160120 103800;1.59;1.59;1.59;1.59;100
20160120 104000;1.59;1.59;1.59;1.59;100
20160120 104100;1.5856;1.5856;1.58;1.58;1100
20160120 104200;1.59;1.59;1.59;1.59;100
20160120 104300;1.59;1.59;1.59;1.59;100
20160120 104500;1.57;1.57;1.57;1.57;100
20160120 104600;1.59;1.59;1.59;1.59;100
20160120 104700;1.575;1.575;1.575;1.575;200
20160120 104800;1.59;1.59;1.59;1.59;100
20160120 104900;1.59;1.59;1.59;1.59;100
20160120 105100;1.59;1.59;1.59;1.59;100
20160120 105400;1.6;1.6;1.6;1.6;100
20160120 105600;1.59;1.59;1.59;1.59;100
20160120 105700;1.6;1.6;1.6;1.6;100
20160120 105900;1.59;1.59;1.59;1.59;100
20160120 110200;1.59;1.595;1.59;1.5901;1100
20160120 110300;1.59;1.59;1.59;1.59;100
20160120 110400;1.59;1.59;1.59;1.59;100
20160120 110600;1.61;1.62;1.61;1.62;1173
20160120 111200;1.605;1.605;1.605;1.605;100
20160120 112100;1.61;1.61;1.6;1.6;200
20160120 112200;1.61;1.61;1.61;1.61;100
20160120 112400;1.6;1.6;1.6;1.6;100
20160120 112600;1.59;1.59;1.59;1.59;200
20160120 112700;1.6;1.6;1.59;1.59;200
20160120 112800;1.61;1.61;1.61;1.61;100
20160120 113000;1.61;1.61;1.61;1.61;100
20160120 113100;1.61;1.61;1.61;1.61;100
20160120 113300;1.6;1.6;1.59;1.59;200
20160120 113400;1.58;1.58;1.57;1.57;600
20160120 113500;1.59;1.59;1.59;1.59;100
20160120 113600;1.59;1.59;1.59;1.59;100
20160120 113700;1.59;1.59;1.589;1.589;2300
20160120 113900;1.61;1.61;1.61;1.61;100
20160120 114100;1.61;1.61;1.61;1.61;100
20160120 114400;1.61;1.61;1.61;1.61;100
20160120 114600;1.63;1.63;1.63;1.63;100
20160120 114700;1.63;1.63;1.63;1.63;100
20160120 114900;1.6;1.6;1.6;1.6;100
20160120 115000;1.6;1.62;1.6;1.62;200
20160120 115200;1.62;1.62;1.62;1.62;200
20160120 115500;1.62;1.62;1.61;1.61;600
20160120 115700;1.61;1.61;1.61;1.61;100
20160120 115800;1.61;1.64;1.61;1.64;5600
20160120 120000;1.65;1.65;1.65;1.65;200
20160120 120800;1.651;1.66;1.64;1.64;6800
20160120 121600;1.63;1.63;1.63;1.63;100
20160120 122300;1.64;1.64;1.62;1.6299;1200
20160120 122500;1.6;1.6;1.6;1.6;100
20160120 123000;1.6;1.61;1.6;1.6;500
20160120 123300;1.61;1.61;1.61;1.61;100
20160120 123600;1.61;1.61;1.6;1.6;300
20160120 123900;1.61;1.61;1.61;1.61;700
20160120 124500;1.605;1.605;1.605;1.605;100
20160120 124700;1.6;1.6;1.6;1.6;200
20160120 125200;1.6;1.6;1.6;1.6;100
20160120 125800;1.6;1.6;1.6;1.6;100
20160120 130200;1.61;1.61;1.61;1.61;200
20160120 130300;1.6;1.6;1.6;1.6;100
20160120 130500;1.61;1.61;1.6;1.605;1600
20160120 130700;1.61;1.61;1.61;1.61;100
20160120 130800;1.6;1.6;1.6;1.6;200
20160120 130900;1.61;1.62;1.61;1.62;935
20160120 131000;1.61;1.61;1.61;1.61;100
20160120 131200;1.62;1.62;1.62;1.62;100
20160120 131300;1.62;1.62;1.62;1.62;100
20160120 131500;1.62;1.62;1.62;1.62;100
20160120 131600;1.62;1.62;1.62;1.62;100
20160120 132000;1.62;1.62;1.62;1.62;100
20160120 132100;1.62;1.62;1.62;1.62;100
20160120 132300;1.62;1.62;1.62;1.62;100
20160120 132400;1.62;1.62;1.62;1.62;100
20160120 132600;1.62;1.62;1.62;1.62;100
20160120 133000;1.62;1.62;1.62;1.62;200
20160120 133200;1.62;1.62;1.62;1.62;100
20160120 133500;1.62;1.62;1.62;1.62;100
20160120 133700;1.62;1.62;1.62;1.62;100
20160120 133800;1.61;1.61;1.61;1.61;1000
20160120 133900;1.6;1.6;1.6;1.6;300
20160120 134000;1.62;1.62;1.62;1.62;100
20160120 134100;1.62;1.62;1.62;1.62;100
20160120 134200;1.6;1.6;1.6;1.6;200
20160120 134300;1.62;1.62;1.62;1.62;100
20160120 134600;1.6;1.61;1.6;1.61;200
20160120 134800;1.61;1.61;1.61;1.61;100
20160120 135100;1.62;1.62;1.6;1.6;400
20160120 135200;1.62;1.62;1.62;1.62;100
20160120 135400;1.62;1.63;1.62;1.63;400
20160120 135700;1.65;1.65;1.65;1.65;100
20160120 135900;1.65;1.65;1.65;1.65;100
20160120 140200;1.65;1.65;1.65;1.65;100
20160120 140300;1.65;1.65;1.65;1.65;100
20160120 140500;1.63;1.65;1.63;1.63;659
20160120 140800;1.63;1.63;1.63;1.63;100
20160120 141300;1.64;1.64;1.64;1.64;300
20160120 141800;1.6498;1.6498;1.6498;1.6498;6855
20160120 142500;1.645;1.65;1.64;1.64;2700
20160120 142900;1.645;1.646;1.645;1.646;300
20160120 143300;1.64;1.64;1.62;1.63;400
20160120 144100;1.62;1.62;1.62;1.62;100
20160120 144200;1.6235;1.6235;1.6235;1.6235;350
20160120 144300;1.62;1.62;1.62;1.62;100
20160120 144600;1.62;1.65;1.62;1.65;11304
20160120 145000;1.65;1.65;1.65;1.65;100
20160120 145100;1.65;1.65;1.65;1.65;200
20160120 145300;1.64;1.65;1.64;1.65;200
20160120 145500;1.65;1.65;1.65;1.65;100
20160120 145600;1.65;1.65;1.65;1.65;100
20160120 145800;1.65;1.65;1.64;1.64;600
20160120 145900;1.63;1.64;1.63;1.64;500
20160120 150100;1.64;1.65;1.64;1.65;700
20160120 150300;1.65;1.65;1.64;1.64;400
20160120 150400;1.645;1.65;1.64;1.64;400
20160120 150600;1.65;1.65;1.65;1.65;100
20160120 150700;1.65;1.65;1.65;1.65;100
20160120 150900;1.65;1.65;1.64;1.64;200
20160120 151000;1.65;1.65;1.65;1.65;200
20160120 151100;1.64;1.64;1.64;1.64;300
20160120 151800;1.645;1.645;1.645;1.645;100
20160120 151900;1.65;1.65;1.65;1.65;400
20160120 152000;1.65;1.66;1.64;1.66;10064
20160120 152100;1.66;1.67;1.66;1.67;300
20160120 152200;1.68;1.69;1.68;1.685;300
20160120 152300;1.68;1.685;1.68;1.68;2200
20160120 152600;1.685;1.685;1.68;1.68;800
20160120 152900;1.685;1.685;1.68;1.68;200
20160120 153200;1.69;1.69;1.69;1.69;300
20160120 153300;1.685;1.685;1.685;1.685;100
20160120 153400;1.69;1.69;1.69;1.69;100
20160120 153600;1.69;1.69;1.685;1.685;200
20160120 153700;1.69;1.69;1.68;1.68;200
20160120 153800;1.69;1.69;1.69;1.69;200
20160120 153900;1.69;1.69;1.68;1.68;200
20160120 154000;1.69;1.69;1.69;1.69;200
20160120 154100;1.68;1.68;1.68;1.68;100
20160120 154200;1.69;1.69;1.69;1.69;300
20160120 154300;1.68;1.69;1.68;1.69;400
20160120 154500;1.69;1.69;1.68;1.68;500
20160120 154600;1.69;1.69;1.69;1.69;200
20160120 154800;1.69;1.69;1.69;1.69;200
20160120 154900;1.685;1.685;1.685;1.685;100
20160120 155000;1.69;1.69;1.685;1.685;400
20160120 155100;1.69;1.69;1.68;1.68;1100
20160120 155200;1.68;1.68;1.68;1.68;400
20160120 155300;1.67;1.67;1.67;1.67;400
20160120 155400;1.675;1.675;1.675;1.675;100
20160120 155500;1.67;1.675;1.67;1.675;200
20160120 155600;1.68;1.68;1.67;1.67;200
20160120 155700;1.68;1.69;1.68;1.69;1400
20160120 155800;1.68;1.68;1.68;1.68;100
20160120 155900;1.68;1.69;1.68;1.685;700
20160120 160000;1.685;1.69;1.68;1.68;1068
20160120 160500;1.66;1.66;1.66;1.66;17349
20160121 093200;1.68;1.7;1.68;1.7;7400
20160121 093300;1.69;1.69;1.69;1.69;600
20160121 093400;1.69;1.69;1.69;1.69;800
20160121 093500;1.69;1.7;1.69;1.7;21600
20160121 093600;1.6902;1.6902;1.6894;1.6894;1200
20160121 093800;1.7;1.7;1.7;1.7;500
20160121 094100;1.7;1.7;1.7;1.7;3100
20160121 094200;1.7;1.7;1.7;1.7;5600
20160121 094300;1.71;1.71;1.71;1.71;200
20160121 094500;1.71;1.71;1.71;1.71;200
20160121 094600;1.71;1.74;1.69;1.74;6900
20160121 094700;1.71;1.71;1.71;1.71;200
20160121 094800;1.74;1.74;1.74;1.74;400
20160121 095100;1.74;1.74;1.74;1.74;200
20160121 095400;1.74;1.74;1.74;1.74;1300
20160121 095500;1.74;1.74;1.74;1.74;1600
20160121 095600;1.74;1.74;1.74;1.74;200
20160121 095700;1.74;1.74;1.74;1.74;400
20160121 100000;1.73;1.74;1.73;1.74;600
20160121 100300;1.74;1.74;1.74;1.74;200
20160121 100600;1.76;1.76;1.76;1.76;200
20160121 100700;1.73;1.73;1.73;1.73;200
20160121 100900;1.75;1.79;1.75;1.79;649
20160121 102200;1.783;1.8;1.783;1.7999;7800
20160121 102400;1.81;1.81;1.81;1.81;400
20160121 102900;1.82;1.82;1.82;1.82;1800
20160121 103000;1.82;1.82;1.82;1.82;600
20160121 103300;1.8101;1.8101;1.8101;1.8101;3000
20160121 103400;1.8105;1.8105;1.8;1.8;6000
20160121 103500;1.81;1.8101;1.8;1.8;3400
20160121 103600;1.81;1.81;1.81;1.81;100
20160121 103700;1.8;1.8;1.8;1.8;100
20160121 104300;1.799;1.799;1.79;1.79;500
20160121 105500;1.77;1.77;1.77;1.77;100
20160121 105900;1.76;1.76;1.76;1.76;100
20160121 110300;1.75;1.75;1.75;1.75;200
20160121 110800;1.75;1.75;1.75;1.75;100
20160121 111300;1.77;1.79;1.77;1.79;1625
20160121 111500;1.7798;1.7798;1.7798;1.7798;1000
20160121 112700;1.79;1.79;1.79;1.79;2000
20160121 113000;1.79;1.79;1.79;1.79;2500
20160121 113100;1.7999;1.7999;1.7999;1.7999;1000
20160121 113800;1.79;1.79;1.79;1.79;300
20160121 114100;1.79;1.79;1.79;1.79;100
20160121 114200;1.79;1.79;1.79;1.79;200
20160121 114400;1.79;1.79;1.79;1.79;649
20160121 114500;1.79;1.79;1.79;1.79;200
20160121 114600;1.79;1.79;1.79;1.79;400
20160121 114800;1.79;1.79;1.79;1.79;200
20160121 115000;1.79;1.79;1.79;1.79;200
20160121 115200;1.79;1.79;1.79;1.79;200
20160121 115400;1.79;1.79;1.79;1.79;100
20160121 115500;1.8;1.8;1.795;1.8;10000
20160121 115600;1.8;1.8;1.8;1.8;20100
20160121 115700;1.79;1.79;1.79;1.79;100
20160121 115900;1.79;1.79;1.79;1.79;5800
20160121 120000;1.79;1.79;1.79;1.79;100
20160121 120200;1.795;1.8;1.79;1.8;2000
20160121 120900;1.7988;1.7988;1.7988;1.7988;8000
20160121 121000;1.79;1.79;1.79;1.79;100
20160121 121100;1.795;1.795;1.795;1.795;223
20160121 121300;1.79;1.79;1.79;1.79;100
20160121 121800;1.79;1.79;1.79;1.79;100
20160121 122000;1.7925;1.7925;1.7925;1.7925;600
20160121 122300;1.79;1.79;1.79;1.79;100
20160121 122600;1.7916;1.8;1.7916;1.8;3000
20160121 122700;1.79;1.79;1.79;1.79;100
20160121 123100;1.79;1.79;1.79;1.79;100
20160121 123400;1.79;1.8;1.79;1.8;15500
20160121 123500;1.79;1.79;1.79;1.79;100
20160121 124300;1.79;1.79;1.79;1.79;200
20160121 124500;1.79;1.79;1.79;1.79;100
20160121 125200;1.79;1.79;1.79;1.79;100
20160121 125500;1.79;1.79;1.79;1.79;200
20160121 125600;1.79;1.79;1.79;1.79;500
20160121 130700;1.8;1.8;1.8;1.8;900
20160121 130800;1.8;1.8;1.8;1.8;700
20160121 130900;1.8;1.8;1.8;1.8;200
20160121 131600;1.7901;1.7901;1.7901;1.7901;2000
20160121 132200;1.79;1.79;1.79;1.79;200
20160121 132500;1.7856;1.7856;1.7856;1.7856;800
20160121 133800;1.77;1.7701;1.77;1.77;6007
20160121 134600;1.77;1.77;1.77;1.77;1471
20160121 135400;1.76;1.76;1.75;1.75;200
20160121 135900;1.77;1.78;1.77;1.77;300
20160121 141100;1.76;1.76;1.76;1.76;100
20160121 141400;1.75;1.7501;1.75;1.7501;3200
20160121 141800;1.75;1.7501;1.72;1.72;3788
20160121 142200;1.72;1.72;1.72;1.72;100
20160121 142500;1.72;1.72;1.72;1.72;100
20160121 142800;1.71;1.712;1.71;1.712;800
20160121 144100;1.7;1.7;1.7;1.7;200
20160121 144700;1.691;1.691;1.69;1.69;4682
20160121 144900;1.69;1.69;1.69;1.69;200
20160121 145700;1.7;1.7;1.7;1.7;100
20160121 145800;1.709;1.709;1.708;1.708;1579
20160121 150100;1.7;1.7;1.7;1.7;100
20160121 151000;1.7;1.7;1.7;1.7;4300
20160121 151300;1.72;1.73;1.72;1.73;200
20160121 151500;1.73;1.73;1.73;1.73;200
20160121 151600;1.73;1.73;1.73;1.73;100
20160121 151800;1.73;1.73;1.73;1.73;100
20160121 152200;1.72;1.72;1.72;1.72;200
20160121 152900;1.7101;1.73;1.7101;1.73;2200
20160121 153200;1.74;1.74;1.74;1.74;200
20160121 153400;1.72;1.73;1.72;1.73;300
20160121 153500;1.73;1.73;1.73;1.73;100
20160121 153700;1.72;1.72;1.72;1.72;100
20160121 154600;1.74;1.74;1.74;1.74;200
20160121 154700;1.74;1.74;1.74;1.74;100
20160121 154900;1.74;1.74;1.74;1.74;100
20160121 155300;1.73;1.73;1.73;1.73;800
20160121 155400;1.74;1.74;1.74;1.74;200
20160121 155600;1.72;1.72;1.72;1.72;100
20160121 155800;1.74;1.74;1.74;1.74;200
20160121 155900;1.74;1.74;1.7281;1.7281;500
20160121 160000;1.74;1.74;1.73;1.73;800
20160122 093500;1.77;1.77;1.76;1.76;300
20160122 093700;1.765;1.765;1.76;1.76;3300
20160122 093900;1.76;1.76;1.76;1.76;400
20160122 094000;1.75;1.75;1.75;1.75;400
20160122 094100;1.75;1.75;1.75;1.75;200
20160122 094200;1.7432;1.7432;1.7432;1.7432;1000
20160122 094300;1.75;1.75;1.75;1.75;100
20160122 094400;1.75;1.75;1.75;1.75;200
20160122 094500;1.74;1.74;1.74;1.74;1100
20160122 094600;1.73;1.74;1.73;1.74;200
20160122 094800;1.75;1.75;1.75;1.75;100
20160122 094900;1.74;1.74;1.74;1.74;100
20160122 095000;1.75;1.75;1.75;1.75;100
20160122 095300;1.75;1.75;1.75;1.75;100
20160122 095600;1.75;1.75;1.75;1.75;100
20160122 095800;1.745;1.745;1.745;1.745;100
20160122 100000;1.745;1.745;1.745;1.745;100
20160122 100300;1.75;1.75;1.74;1.74;300
20160122 100500;1.74;1.74;1.74;1.74;400
20160122 101200;1.75;1.75;1.73;1.747;10300
20160122 101400;1.745;1.75;1.74;1.75;5100
20160122 101500;1.746;1.75;1.746;1.75;6644
20160122 101600;1.75;1.75;1.75;1.75;100
20160122 102000;1.7575;1.7575;1.7575;1.7575;3000
20160122 102300;1.751;1.751;1.75;1.75;2606
20160122 102600;1.74;1.74;1.74;1.74;100
20160122 103400;1.7499;1.7599;1.7499;1.75;10094
20160122 103700;1.75;1.75;1.75;1.75;100
20160122 105100;1.74;1.74;1.74;1.74;100
20160122 110000;1.7452;1.7452;1.7452;1.7452;600
20160122 111200;1.7599;1.7599;1.7599;1.7599;600
20160122 111500;1.741;1.742;1.74;1.74;1900
20160122 111600;1.7301;1.7301;1.7301;1.7301;398
20160122 111900;1.7315;1.7315;1.7315;1.7315;2500
20160122 112000;1.732;1.732;1.732;1.732;300
20160122 112200;1.74;1.74;1.74;1.74;100
20160122 112900;1.73;1.73;1.73;1.73;745
20160122 114100;1.733;1.744;1.724;1.744;4272
20160122 120000;1.71;1.71;1.71;1.71;100
20160122 120200;1.71;1.71;1.71;1.71;800
20160122 120300;1.7172;1.7172;1.7172;1.7172;2200
20160122 120600;1.71;1.71;1.71;1.71;300
20160122 120700;1.704;1.704;1.704;1.704;2000
20160122 121100;1.71;1.71;1.7;1.7;795
20160122 121300;1.71;1.71;1.71;1.71;2200
20160122 121900;1.7;1.7;1.7;1.7;200
20160122 122900;1.7;1.7;1.68;1.68;2900
20160122 124200;1.69;1.69;1.69;1.69;1000
20160122 124900;1.67;1.67;1.67;1.67;339
20160122 125700;1.67;1.67;1.67;1.67;400
20160122 130300;1.66;1.66;1.66;1.66;100
20160122 131100;1.679;1.679;1.679;1.679;5000
20160122 131200;1.68;1.68;1.68;1.68;3600
20160122 131300;1.7;1.7;1.7;1.7;300
20160122 131600;1.73;1.73;1.73;1.73;577
20160122 131700;1.72;1.72;1.72;1.72;100
20160122 132600;1.7;1.72;1.7;1.72;3000
20160122 133400;1.72;1.72;1.72;1.72;1200
20160122 133500;1.72;1.72;1.72;1.72;2500
20160122 133600;1.72;1.72;1.72;1.72;600
20160122 133700;1.72;1.72;1.71;1.72;2500
20160122 134000;1.73;1.73;1.73;1.73;800
20160122 135500;1.721;1.732;1.714;1.716;7100
20160122 140000;1.7;1.7;1.7;1.7;100
20160122 140200;1.7;1.7;1.7;1.7;100
20160122 140700;1.7;1.7;1.7;1.7;100
20160122 141800;1.7;1.7;1.69;1.694;1000
20160122 142300;1.7;1.7;1.7;1.7;400
20160122 143600;1.7015;1.7032;1.7015;1.7032;2000
20160122 143900;1.7;1.7;1.7;1.7;100
20160122 144200;1.72;1.72;1.72;1.72;700
20160122 144500;1.73;1.73;1.73;1.73;100
20160122 144800;1.73;1.73;1.73;1.73;600
20160122 144900;1.7201;1.7201;1.7201;1.7201;5000
20160122 145000;1.73;1.73;1.73;1.73;200
20160122 145500;1.72;1.72;1.72;1.72;100
20160122 150000;1.72;1.72;1.72;1.72;100
20160122 150500;1.72;1.72;1.72;1.72;200
20160122 151000;1.72;1.72;1.72;1.72;100
20160122 151100;1.7228;1.7228;1.7228;1.7228;300
20160122 151600;1.72;1.73;1.72;1.72;7866
20160122 152000;1.72;1.72;1.72;1.72;100
20160122 152300;1.72;1.73;1.7;1.7;19528
20160122 152400;1.71;1.71;1.71;1.71;200
20160122 152700;1.7;1.7;1.7;1.7;300
20160122 152800;1.71;1.71;1.71;1.71;100
20160122 153000;1.71;1.71;1.71;1.71;100
20160122 153100;1.701;1.701;1.701;1.701;300
20160122 153400;1.71;1.71;1.71;1.71;400
20160122 153500;1.7;1.7;1.7;1.7;100
20160122 153700;1.71;1.71;1.71;1.71;100
20160122 153800;1.7;1.7;1.7;1.7;100
20160122 153900;1.71;1.71;1.71;1.71;200
20160122 154000;1.71;1.71;1.71;1.71;100
20160122 154100;1.71;1.71;1.7;1.7;200
20160122 154200;1.71;1.71;1.71;1.71;500
20160122 154400;1.72;1.72;1.72;1.72;100
20160122 154600;1.72;1.72;1.7132;1.7132;400
20160122 154700;1.7101;1.7101;1.7101;1.7101;189
20160122 154900;1.71;1.71;1.71;1.71;100
20160122 155100;1.71;1.7116;1.71;1.7116;200
20160122 155300;1.7116;1.7116;1.7116;1.7116;100
20160122 155400;1.7116;1.7116;1.7116;1.7116;100
20160122 155500;1.71;1.7116;1.71;1.7116;300
20160122 155600;1.71;1.71;1.7;1.7;600
20160122 155700;1.705;1.705;1.705;1.705;200
20160122 155800;1.705;1.71;1.705;1.71;200
20160122 155900;1.7016;1.705;1.7;1.705;1200
20160122 160000;1.705;1.71;1.705;1.71;1100
20160125 093400;1.71;1.71;1.71;1.71;1800
20160125 094400;1.69;1.69;1.69;1.69;100
20160125 095000;1.69;1.69;1.69;1.69;100
20160125 100100;1.71;1.71;1.71;1.71;100
20160125 100200;1.7064;1.71;1.7064;1.71;5334
20160125 100500;1.71;1.71;1.71;1.71;320
20160125 100700;1.72;1.73;1.72;1.73;200
20160125 102800;1.735;1.735;1.735;1.735;100
20160125 104000;1.73;1.74;1.73;1.74;300
20160125 104100;1.73;1.73;1.73;1.73;200
20160125 105100;1.71;1.71;1.71;1.71;300
20160125 110600;1.71;1.71;1.71;1.71;200
20160125 110900;1.71;1.71;1.71;1.71;100
20160125 112500;1.7028;1.7199;1.7028;1.7199;2566
20160125 112700;1.71;1.71;1.71;1.71;1700
20160125 113300;1.71;1.72;1.71;1.72;1600
20160125 113900;1.7;1.71;1.7;1.71;400
20160125 114800;1.71;1.71;1.71;1.71;100
20160125 115600;1.71;1.71;1.71;1.71;100
20160125 120100;1.71;1.71;1.71;1.71;600
20160125 120200;1.7;1.71;1.7;1.71;300
20160125 120400;1.71;1.71;1.71;1.71;100
20160125 124000;1.71;1.71;1.71;1.71;1600
20160125 124400;1.72;1.72;1.72;1.72;100
20160125 125500;1.71;1.71;1.71;1.71;300
20160125 125600;1.71;1.71;1.71;1.71;500
20160125 130600;1.7;1.7;1.7;1.7;200
20160125 130700;1.71;1.71;1.7;1.71;10871
20160125 130800;1.72;1.72;1.7199;1.72;500
20160125 130900;1.71;1.71;1.71;1.71;900
20160125 132500;1.7;1.7;1.7;1.7;100
20160125 132900;1.7075;1.7075;1.7075;1.7075;100
20160125 134600;1.7;1.7;1.7;1.7;100
20160125 134900;1.7;1.71;1.7;1.71;5300
20160125 135000;1.71;1.71;1.7;1.71;1400
20160125 135100;1.7;1.71;1.7;1.705;1700
20160125 135200;1.7;1.7;1.7;1.7;500
20160125 142500;1.69;1.69;1.69;1.69;100
20160125 142600;1.7;1.7;1.69;1.69;1600
20160125 142700;1.7;1.7;1.7;1.7;100
20160125 143000;1.68;1.68;1.68;1.68;100
20160125 143200;1.67;1.68;1.67;1.68;400
20160125 144100;1.68;1.69;1.675;1.69;2766
20160125 144600;1.685;1.69;1.685;1.69;400
20160125 144700;1.68;1.68;1.68;1.68;100
20160125 144900;1.68;1.69;1.68;1.69;1274
20160125 145700;1.67;1.67;1.67;1.67;100
20160125 150100;1.6799;1.68;1.67;1.67;2900
20160125 150400;1.67;1.67;1.67;1.67;100
20160125 151600;1.66;1.66;1.66;1.66;100
20160125 151700;1.67;1.67;1.67;1.67;100
20160125 153800;1.66;1.67;1.65;1.67;1472
20160125 153900;1.66;1.67;1.66;1.67;500
20160125 154000;1.6675;1.67;1.66;1.67;400
20160125 154100;1.66;1.67;1.66;1.66;1800
20160125 154200;1.6675;1.6675;1.6675;1.6675;100
20160125 154300;1.66;1.67;1.66;1.66;1000
20160125 154500;1.66;1.66;1.65;1.65;400
20160125 154900;1.66;1.66;1.66;1.66;500
20160125 155000;1.66;1.66;1.66;1.66;100
20160125 155400;1.6501;1.67;1.65;1.67;7811
20160125 155500;1.66;1.66;1.66;1.66;200
20160125 155600;1.66;1.66;1.66;1.66;300
20160125 155700;1.66;1.66;1.66;1.66;200
20160125 160000;1.66;1.66;1.66;1.66;500
20160126 094200;1.72;1.72;1.72;1.72;10300
20160126 094400;1.71;1.72;1.71;1.72;278
20160126 094500;1.71;1.71;1.71;1.71;100
20160126 094800;1.66;1.7;1.65;1.7;385
20160126 094900;1.7;1.7;1.7;1.7;100
20160126 095000;1.7;1.7;1.7;1.7;600
20160126 095100;1.7;1.7;1.7;1.7;200
20160126 095500;1.7;1.7;1.7;1.7;200
20160126 095600;1.685;1.7;1.685;1.7;500
20160126 095800;1.673;1.673;1.673;1.673;100
20160126 100000;1.7;1.7;1.7;1.7;200
20160126 100500;1.67;1.71;1.67;1.71;200
20160126 100600;1.71;1.71;1.7001;1.71;600
20160126 100700;1.7;1.7;1.7;1.7;200
20160126 101100;1.7;1.7;1.7;1.7;200
20160126 101400;1.68;1.69;1.67;1.69;1700
20160126 101500;1.685;1.685;1.685;1.685;200
20160126 101600;1.673;1.673;1.673;1.673;100
20160126 101900;1.7;1.7;1.7;1.7;200
20160126 102000;1.685;1.7;1.685;1.7;300
20160126 102400;1.7;1.7;1.7;1.7;100
20160126 102900;1.7;1.7;1.7;1.7;200
20160126 103000;1.69;1.69;1.69;1.69;100
20160126 103300;1.682;1.682;1.682;1.682;100
20160126 103400;1.69;1.7;1.69;1.69;3800
20160126 103500;1.69;1.69;1.69;1.69;100
20160126 103900;1.6846;1.7;1.6846;1.7;800
20160126 104000;1.68;1.68;1.68;1.68;200
20160126 104200;1.685;1.7;1.685;1.7;1000
20160126 104300;1.69;1.69;1.69;1.69;100
20160126 104600;1.68;1.69;1.68;1.69;2700
20160126 104800;1.69;1.69;1.69;1.69;100
20160126 104900;1.69;1.69;1.69;1.69;100
20160126 105000;1.69;1.69;1.69;1.69;200
20160126 105400;1.7;1.7;1.7;1.7;200
20160126 105500;1.69;1.7;1.69;1.69;300
20160126 105700;1.69;1.7;1.68;1.7;1300
20160126 105800;1.68;1.68;1.68;1.68;100
20160126 110000;1.68;1.68;1.68;1.68;100
20160126 110200;1.675;1.675;1.675;1.675;300
20160126 110300;1.67;1.68;1.67;1.68;19600
20160126 110400;1.67;1.68;1.67;1.675;16749
20160126 110500;1.675;1.675;1.675;1.675;200
20160126 110600;1.67;1.67;1.67;1.67;100
20160126 110800;1.675;1.675;1.675;1.675;300
20160126 110900;1.68;1.68;1.68;1.68;400
20160126 111400;1.68;1.68;1.68;1.68;100
20160126 111900;1.67;1.69;1.67;1.69;400
20160126 112400;1.67;1.69;1.67;1.69;200
20160126 112800;1.67;1.67;1.67;1.67;100
20160126 112900;1.68;1.69;1.68;1.69;300
20160126 113100;1.68;1.68;1.68;1.68;100
20160126 113400;1.69;1.69;1.69;1.69;200
20160126 113700;1.69;1.7;1.69;1.7;1767
20160126 115700;1.74;1.74;1.7337;1.7337;4100
20160126 120100;1.7499;1.7499;1.7499;1.7499;2500
20160126 121600;1.75;1.75;1.75;1.75;100
20160126 121700;1.74;1.74;1.74;1.74;100
20160126 122300;1.73;1.73;1.73;1.73;100
20160126 122400;1.7496;1.7496;1.7496;1.7496;500
20160126 124800;1.73;1.73;1.73;1.73;100
20160126 132200;1.73;1.73;1.73;1.73;100
20160126 132300;1.74;1.74;1.73;1.73;200
20160126 133800;1.73;1.73;1.73;1.73;200
20160126 134100;1.75;1.75;1.75;1.75;100
20160126 135100;1.74;1.74;1.74;1.74;100
20160126 135800;1.74;1.74;1.74;1.74;500
20160126 140800;1.73;1.73;1.73;1.73;100
20160126 140900;1.74;1.74;1.74;1.74;100
20160126 142400;1.74;1.74;1.74;1.74;100
20160126 142700;1.74;1.74;1.73;1.73;300
20160126 142800;1.74;1.74;1.74;1.74;200
20160126 143000;1.74;1.74;1.74;1.74;100
20160126 143200;1.75;1.75;1.75;1.75;100
20160126 143300;1.74;1.74;1.74;1.74;700
20160126 143400;1.74;1.75;1.74;1.75;900
20160126 143800;1.74;1.74;1.74;1.74;200
20160126 144100;1.74;1.74;1.74;1.74;100
20160126 144400;1.74;1.74;1.74;1.74;1070
20160126 145100;1.73;1.73;1.73;1.73;400
20160126 145200;1.73;1.74;1.73;1.74;400
20160126 150900;1.74;1.74;1.74;1.74;200
20160126 151600;1.74;1.74;1.74;1.74;400
20160126 151900;1.75;1.75;1.7459;1.7459;200
20160126 153200;1.74;1.74;1.74;1.74;200
20160126 153600;1.74;1.74;1.74;1.74;100
20160126 154400;1.75;1.75;1.75;1.75;100
20160126 154500;1.75;1.75;1.75;1.75;100
20160126 154700;1.75;1.75;1.75;1.75;100
20160126 154800;1.7499;1.75;1.7499;1.75;3300
20160126 155000;1.75;1.75;1.75;1.75;100
20160126 155200;1.75;1.75;1.75;1.75;100
20160126 155300;1.75;1.75;1.75;1.75;200
20160126 155400;1.74;1.75;1.74;1.75;200
20160126 155500;1.75;1.75;1.75;1.75;200
20160126 155600;1.75;1.75;1.75;1.75;200
20160126 155700;1.75;1.75;1.745;1.745;500
20160126 155800;1.745;1.75;1.74;1.74;16500
20160126 155900;1.745;1.75;1.74;1.74;10700
20160126 160000;1.75;1.75;1.745;1.75;11400
20160127 094100;1.75;1.75;1.75;1.75;100
20160127 101700;1.71;1.71;1.71;1.71;100
20160127 101900;1.71;1.71;1.71;1.71;100
20160127 102100;1.72;1.72;1.72;1.72;400
20160127 102700;1.71;1.71;1.71;1.71;100
20160127 102900;1.71;1.71;1.71;1.71;300
20160127 103000;1.7;1.7;1.7;1.7;100
20160127 103200;1.71;1.71;1.71;1.71;100
20160127 103300;1.7;1.7;1.7;1.7;100
20160127 103700;1.7;1.7;1.7;1.7;100
20160127 104700;1.71;1.71;1.71;1.71;110
20160127 110200;1.71;1.71;1.71;1.71;200
20160127 111400;1.71;1.71;1.71;1.71;100
20160127 112900;1.7298;1.7298;1.71;1.71;9100
20160127 113400;1.72;1.73;1.72;1.73;200
20160127 113700;1.73;1.73;1.73;1.73;200
20160127 115100;1.73;1.75;1.73;1.75;200
20160127 115200;1.748;1.75;1.747;1.75;2700
20160127 115300;1.75;1.75;1.75;1.75;100
20160127 115800;1.73;1.73;1.73;1.73;100
20160127 120200;1.73;1.75;1.73;1.75;300
20160127 121400;1.73;1.73;1.73;1.73;100
20160127 121600;1.75;1.75;1.75;1.75;26822
20160127 121700;1.75;1.75;1.75;1.75;100
20160127 121800;1.74;1.74;1.74;1.74;100
20160127 122700;1.74;1.74;1.74;1.74;100
20160127 122800;1.74;1.75;1.74;1.7471;3994
20160127 122900;1.75;1.75;1.75;1.75;28491
20160127 123000;1.75;1.75;1.75;1.75;25500
20160127 123100;1.74;1.75;1.74;1.75;21328
20160127 123400;1.75;1.75;1.75;1.75;7572
20160127 123500;1.75;1.75;1.75;1.75;66106
20160127 123800;1.76;1.7665;1.76;1.7665;500
20160127 123900;1.75;1.75;1.75;1.75;4350
20160127 124000;1.76;1.76;1.76;1.76;1300
20160127 124600;1.76;1.76;1.76;1.76;5000
20160127 125400;1.75;1.75;1.75;1.75;200
20160127 125800;1.75;1.75;1.75;1.75;100
20160127 130200;1.755;1.755;1.755;1.755;200
20160127 130300;1.7599;1.76;1.75;1.75;3700
20160127 130800;1.75;1.75;1.75;1.75;200
20160127 131200;1.75;1.75;1.75;1.75;100
20160127 131600;1.75;1.75;1.75;1.75;100
20160127 131900;1.75;1.75;1.75;1.75;200
20160127 132300;1.75;1.75;1.75;1.75;100
20160127 132600;1.75;1.75;1.75;1.75;100
20160127 133000;1.75;1.75;1.75;1.75;100
20160127 133400;1.75;1.75;1.75;1.75;100
20160127 133500;1.755;1.755;1.755;1.755;500
20160127 133700;1.75;1.75;1.75;1.75;100
20160127 134000;1.75;1.75;1.745;1.75;6000
20160127 134100;1.75;1.75;1.75;1.75;100
20160127 134400;1.75;1.75;1.75;1.75;100
20160127 134800;1.75;1.75;1.75;1.75;100
20160127 134900;1.75;1.75;1.75;1.75;200
20160127 135100;1.75;1.75;1.75;1.75;300
20160127 135500;1.74;1.74;1.74;1.74;100
20160127 135700;1.75;1.75;1.75;1.75;400
20160127 135800;1.75;1.75;1.75;1.75;100
20160127 140000;1.75;1.75;1.75;1.75;43694
20160127 140600;1.74;1.74;1.74;1.74;100
20160127 141100;1.74;1.74;1.74;1.74;1300
20160127 141200;1.73;1.73;1.73;1.73;100
20160127 141400;1.73;1.73;1.73;1.73;100
20160127 141600;1.73;1.73;1.73;1.73;100
20160127 141800;1.73;1.73;1.73;1.73;200
20160127 142100;1.73;1.73;1.73;1.73;100
20160127 142300;1.73;1.74;1.73;1.74;400
20160127 142400;1.74;1.74;1.74;1.74;300
20160127 143400;1.73;1.73;1.73;1.73;100
20160127 143700;1.73;1.73;1.73;1.73;200
20160127 143900;1.73;1.73;1.73;1.73;200
20160127 144100;1.73;1.73;1.73;1.73;100
20160127 144300;1.73;1.73;1.73;1.73;100
20160127 144500;1.73;1.73;1.73;1.73;100
20160127 144700;1.74;1.74;1.73;1.73;200
20160127 144800;1.74;1.75;1.74;1.75;24946
20160127 144900;1.75;1.75;1.75;1.75;16000
20160127 145500;1.75;1.75;1.75;1.75;11400
20160127 145900;1.74;1.74;1.74;1.74;100
20160127 150000;1.75;1.75;1.75;1.75;200
20160127 150200;1.75;1.75;1.75;1.75;200
20160127 150300;1.75;1.75;1.75;1.75;3000
20160127 150400;1.75;1.75;1.75;1.75;2000
20160127 150700;1.74;1.74;1.74;1.74;1365
20160127 150900;1.73;1.75;1.73;1.75;300
20160127 151100;1.73;1.75;1.73;1.75;300
20160127 151200;1.7428;1.7428;1.74;1.74;500
20160127 151400;1.74;1.74;1.73;1.73;500
20160127 151600;1.73;1.73;1.73;1.73;100
20160127 151700;1.73;1.73;1.73;1.73;100
20160127 151900;1.73;1.73;1.73;1.73;100
20160127 152100;1.73;1.73;1.73;1.73;500
20160127 152200;1.73;1.73;1.73;1.73;100
20160127 152400;1.73;1.73;1.73;1.73;100
20160127 152500;1.73;1.73;1.73;1.73;200
20160127 152700;1.73;1.73;1.73;1.73;200
20160127 152800;1.73;1.73;1.73;1.73;100
20160127 153000;1.73;1.73;1.72;1.72;1500
20160127 153100;1.72;1.72;1.72;1.72;100
20160127 153300;1.72;1.72;1.72;1.72;100
20160127 153400;1.72;1.72;1.72;1.72;100
20160127 153600;1.72;1.72;1.72;1.72;100
20160127 153700;1.73;1.73;1.72;1.72;500
20160127 153800;1.71;1.71;1.71;1.71;100
20160127 154000;1.71;1.71;1.71;1.71;100
20160127 154100;1.71;1.71;1.71;1.71;100
20160127 154200;1.71;1.71;1.71;1.71;200
20160127 154300;1.71;1.71;1.71;1.71;100
20160127 154400;1.71;1.71;1.71;1.71;200
20160127 154500;1.71;1.71;1.71;1.71;200
20160127 154600;1.71;1.72;1.71;1.72;400
20160127 154700;1.73;1.73;1.72;1.72;950
20160127 154800;1.72;1.72;1.72;1.72;200
20160127 154900;1.72;1.72;1.72;1.72;200
20160127 155000;1.72;1.72;1.72;1.72;200
20160127 155100;1.725;1.725;1.72;1.72;200
20160127 155200;1.72;1.72;1.72;1.72;800
20160127 155300;1.72;1.72;1.71;1.71;1400
20160127 155400;1.71;1.71;1.71;1.71;300
20160127 155500;1.71;1.71;1.71;1.71;500
20160127 155600;1.71;1.71;1.71;1.71;100
20160127 155700;1.71;1.71;1.71;1.71;100
20160127 155800;1.71;1.71;1.71;1.71;301
20160127 155900;1.71;1.71;1.71;1.71;200
20160127 160000;1.72;1.74;1.72;1.73;13007
20160128 093000;1.55;1.55;1.55;1.55;4265
20160128 093200;1.55;1.55;1.55;1.55;3400
20160128 093300;1.53;1.55;1.5;1.5;47900
20160128 093400;1.5;1.51;1.5;1.5;13800
20160128 093500;1.5001;1.51;1.5001;1.51;3300
20160128 093700;1.51;1.54;1.51;1.5385;7625
20160128 093800;1.54;1.553;1.54;1.553;6000
20160128 093900;1.56;1.57;1.56;1.5601;4488
20160128 094000;1.57;1.58;1.57;1.573;801
20160128 094100;1.5653;1.5734;1.5653;1.5734;666
20160128 094200;1.5713;1.5713;1.56;1.56;950
20160128 094300;1.55;1.56;1.5498;1.5498;17901
20160128 094600;1.56;1.56;1.53;1.53;2900
20160128 094700;1.56;1.56;1.5;1.55;14300
20160128 094800;1.53;1.53;1.53;1.53;100
20160128 094900;1.54;1.54;1.54;1.54;950
20160128 095000;1.525;1.53;1.521;1.521;1740
20160128 095100;1.5201;1.53;1.5201;1.5299;2200
20160128 095200;1.525;1.525;1.52;1.52;700
20160128 095300;1.52;1.52;1.5;1.5;6900
20160128 095600;1.52;1.52;1.52;1.52;2100
20160128 095700;1.502;1.502;1.5;1.5;2534
20160128 100100;1.51;1.51;1.51;1.51;25000
20160128 100200;1.51;1.51;1.51;1.51;24100
20160128 100300;1.51;1.51;1.505;1.51;900
20160128 100500;1.5;1.51;1.5;1.509;2999
20160128 100600;1.505;1.505;1.505;1.505;500
20160128 101000;1.5001;1.5078;1.5001;1.5078;6000
20160128 101100;1.5099;1.5099;1.5099;1.5099;2000
20160128 101200;1.5;1.5001;1.5;1.5001;7600
20160128 101300;1.505;1.505;1.455;1.48;41413
20160128 101400;1.47;1.49;1.47;1.49;4439
20160128 101600;1.47;1.47;1.46;1.46;1600
20160128 102100;1.4899;1.4899;1.4899;1.4899;400
20160128 102200;1.475;1.475;1.45;1.45;1400
20160128 102400;1.45;1.45;1.44;1.44;2100
20160128 102500;1.4301;1.435;1.4299;1.4299;1500
20160128 102900;1.42;1.42;1.42;1.42;100
20160128 103000;1.42;1.42;1.415;1.415;2822
20160128 103200;1.41;1.41;1.38;1.38;5200
20160128 103300;1.37;1.37;1.35;1.35;700
20160128 103400;1.345;1.345;1.335;1.34;6299
20160128 103500;1.33;1.36;1.33;1.35;21600
20160128 103600;1.345;1.35;1.34;1.34;1500
20160128 103700;1.335;1.3599;1.335;1.3599;1450
20160128 103800;1.35;1.38;1.35;1.36;2400
20160128 103900;1.3995;1.4024;1.3995;1.4024;5250
20160128 104100;1.4;1.43;1.4;1.43;2000
20160128 104200;1.43;1.43;1.43;1.43;100
20160128 104300;1.4673;1.48;1.45;1.45;10100
20160128 104400;1.45;1.45;1.4301;1.45;300
20160128 104500;1.47;1.48;1.47;1.47;300
20160128 104600;1.47;1.5;1.47;1.4999;10200
20160128 104700;1.485;1.5;1.485;1.5;25900
20160128 104800;1.48;1.48;1.48;1.48;200
20160128 104900;1.48;1.48;1.48;1.48;100
20160128 105100;1.48;1.48;1.46;1.46;200
20160128 105200;1.46;1.46;1.46;1.46;100
20160128 105300;1.46;1.465;1.46;1.46;1660
20160128 105400;1.45;1.45;1.45;1.45;100
20160128 105500;1.45;1.45;1.435;1.435;3100
20160128 105600;1.43;1.43;1.405;1.4185;3566
20160128 105800;1.41;1.41;1.405;1.41;2000
20160128 110000;1.4;1.405;1.4;1.4;500
20160128 110100;1.38;1.38;1.38;1.38;500
20160128 110200;1.38;1.38;1.38;1.38;200
20160128 110300;1.38;1.38;1.38;1.38;300
20160128 110400;1.38;1.39;1.38;1.3898;3000
20160128 110500;1.4;1.4;1.3978;1.4;1300
20160128 110600;1.4;1.4;1.4;1.4;200
20160128 110700;1.4;1.42;1.3999;1.42;3047
20160128 110800;1.41;1.41;1.41;1.41;1000
20160128 110900;1.415;1.415;1.415;1.415;300
20160128 111000;1.42;1.44;1.42;1.4299;3200
20160128 111100;1.43;1.43;1.4234;1.43;1900
20160128 111200;1.43;1.43;1.43;1.43;3600
20160128 111300;1.43;1.43;1.43;1.43;200
20160128 111400;1.43;1.43;1.43;1.43;100
20160128 111500;1.42;1.43;1.42;1.42;1200
20160128 111600;1.42;1.42;1.42;1.42;100
20160128 111700;1.42;1.42;1.42;1.42;200
20160128 111800;1.42;1.42;1.42;1.42;100
20160128 111900;1.42;1.42;1.42;1.42;200
20160128 112000;1.42;1.42;1.42;1.42;100
20160128 112100;1.425;1.425;1.42;1.42;900
20160128 112200;1.42;1.42;1.42;1.42;100
20160128 112300;1.42;1.42;1.42;1.42;100
20160128 112400;1.43;1.43;1.42;1.42;200
20160128 112500;1.42;1.425;1.41;1.4115;2100
20160128 112700;1.4;1.4;1.4;1.4;200
20160128 112800;1.4;1.4;1.4;1.4;100
20160128 112900;1.4;1.4038;1.4;1.4038;3240
20160128 113000;1.4;1.4;1.39;1.39;2800
20160128 113100;1.38;1.38;1.38;1.38;200
20160128 113200;1.3801;1.3801;1.38;1.38;2200
20160128 113300;1.38;1.38;1.38;1.38;100
20160128 113400;1.38;1.3899;1.38;1.38;3032
20160128 113500;1.355;1.355;1.355;1.355;1300
20160128 113600;1.355;1.36;1.355;1.355;2500
20160128 113700;1.35;1.3501;1.345;1.3499;10972
20160128 113800;1.345;1.345;1.345;1.345;200
20160128 113900;1.345;1.35;1.34;1.3465;4200
20160128 114100;1.34;1.34;1.33;1.33;300
20160128 114200;1.33;1.33;1.33;1.33;100
20160128 114300;1.33;1.34;1.33;1.34;1100
20160128 114400;1.32;1.32;1.3;1.305;1600
20160128 114500;1.305;1.305;1.3;1.3;5700
20160128 114600;1.26;1.28;1.26;1.28;3400
20160128 114700;1.26;1.26;1.26;1.26;200
20160128 114800;1.2644;1.2644;1.2644;1.2644;4000
20160128 114900;1.26;1.26;1.26;1.26;200
20160128 115000;1.27;1.27;1.27;1.27;500
20160128 115100;1.26;1.28;1.26;1.28;3003
20160128 115200;1.28;1.29;1.27;1.29;2900
20160128 115300;1.29;1.3;1.29;1.3;400
20160128 115500;1.32;1.32;1.32;1.32;100
20160128 115600;1.326;1.326;1.3;1.3155;2306
20160128 115900;1.3073;1.3073;1.3073;1.3073;1900
20160128 120000;1.3183;1.3199;1.31;1.3199;10200
20160128 120100;1.315;1.32;1.31;1.315;1300
20160128 120200;1.315;1.315;1.29;1.29;2700
20160128 120300;1.28;1.29;1.28;1.29;400
20160128 120400;1.28;1.28;1.28;1.28;100
20160128 120500;1.28;1.28;1.28;1.28;100
20160128 120600;1.29;1.29;1.2801;1.29;2300
20160128 120800;1.3;1.3;1.29;1.3;1100
20160128 121000;1.3;1.3;1.295;1.3;900
20160128 121100;1.3;1.3;1.299;1.299;1200
20160128 121200;1.31;1.34;1.31;1.34;4300
20160128 121300;1.35;1.35;1.35;1.35;500
20160128 121500;1.35;1.35;1.35;1.35;100
20160128 121700;1.3599;1.36;1.34;1.36;9391
20160128 121800;1.38;1.38;1.38;1.38;500
20160128 121900;1.3801;1.3801;1.38;1.38;2000
20160128 122000;1.3799;1.3799;1.3799;1.3799;1000
20160128 122300;1.3778;1.3778;1.3778;1.3778;200
20160128 122700;1.38;1.3999;1.375;1.39;6400
20160128 122900;1.3899;1.4;1.3899;1.4;3084
20160128 123000;1.41;1.41;1.4001;1.4001;3400
20160128 123100;1.41;1.41;1.41;1.41;200
20160128 123200;1.4192;1.42;1.39;1.42;6851
20160128 123300;1.42;1.42;1.42;1.42;900
20160128 123500;1.43;1.43;1.43;1.43;800
20160128 123700;1.43;1.45;1.425;1.45;9800
20160128 123800;1.43;1.43;1.43;1.43;100
20160128 123900;1.43;1.43;1.429;1.429;2000
20160128 124000;1.4299;1.4299;1.4299;1.4299;3000
20160128 124100;1.4201;1.4201;1.4201;1.4201;7500
20160128 124200;1.43;1.45;1.43;1.44;6600
20160128 124300;1.4201;1.43;1.4201;1.425;2300
20160128 124400;1.42;1.42;1.41;1.42;2300
20160128 124600;1.44;1.45;1.43;1.45;12800
20160128 124700;1.445;1.4599;1.445;1.455;2300
20160128 124800;1.45;1.45;1.44;1.45;2700
20160128 124900;1.445;1.445;1.445;1.445;200
20160128 125100;1.435;1.435;1.4;1.4;8006
20160128 125200;1.4;1.4;1.4;1.4;2600
20160128 125400;1.41;1.41;1.41;1.41;397
20160128 125600;1.39;1.39;1.38;1.38;400
20160128 125700;1.39;1.41;1.39;1.41;10000
20160128 125900;1.41;1.43;1.41;1.43;3600
20160128 130100;1.42;1.42;1.42;1.42;100
20160128 130200;1.42;1.42;1.41;1.41;400
20160128 130300;1.41;1.41;1.41;1.41;300
20160128 130500;1.41;1.41;1.41;1.41;100
20160128 130800;1.4;1.4;1.4;1.4;135
20160128 130900;1.4;1.41;1.39;1.4;6026
20160128 131000;1.41;1.415;1.41;1.415;1300
20160128 131100;1.41;1.41;1.41;1.41;100
20160128 131200;1.41;1.41;1.41;1.41;100
20160128 131400;1.41;1.41;1.41;1.41;100
20160128 131500;1.41;1.41;1.41;1.41;100
20160128 131700;1.41;1.41;1.41;1.41;100
20160128 131800;1.41;1.41;1.41;1.41;100
20160128 132000;1.41;1.41;1.41;1.41;100
20160128 132100;1.42;1.42;1.415;1.416;5000
20160128 132200;1.43;1.43;1.43;1.43;1400
20160128 132300;1.44;1.44;1.44;1.44;500
20160128 132700;1.43;1.43;1.43;1.43;300
20160128 132800;1.43;1.43;1.43;1.43;600
20160128 132900;1.43;1.43;1.43;1.43;300
20160128 133000;1.43;1.43;1.43;1.43;100
20160128 133200;1.43;1.43;1.43;1.43;100
20160128 133300;1.435;1.44;1.43;1.43;3000
20160128 133500;1.43;1.43;1.43;1.43;800
20160128 133600;1.43;1.43;1.43;1.43;100
20160128 133700;1.43;1.43;1.43;1.43;2500
20160128 133800;1.43;1.43;1.43;1.43;200
20160128 133900;1.43;1.43;1.43;1.43;100
20160128 134000;1.43;1.43;1.43;1.43;300
20160128 134100;1.43;1.43;1.43;1.43;100
20160128 134200;1.43;1.43;1.43;1.43;200
20160128 134300;1.43;1.43;1.43;1.43;300
20160128 134500;1.43;1.43;1.43;1.43;100
20160128 134600;1.43;1.43;1.43;1.43;300
20160128 134800;1.43;1.43;1.43;1.43;400
20160128 134900;1.43;1.43;1.43;1.43;100
20160128 135000;1.43;1.43;1.43;1.43;100
20160128 135100;1.43;1.4361;1.43;1.43;6700
20160128 135200;1.43;1.43;1.43;1.43;100
20160128 135300;1.43;1.43;1.43;1.43;100
20160128 135400;1.43;1.43;1.43;1.43;300
20160128 135500;1.43;1.4363;1.43;1.43;900
20160128 135600;1.43;1.43;1.43;1.43;300
20160128 135700;1.43;1.43;1.43;1.43;100
20160128 135800;1.43;1.43;1.43;1.43;100
20160128 135900;1.43;1.43;1.43;1.43;300
20160128 140000;1.43;1.43;1.43;1.43;100
20160128 140100;1.43;1.43;1.42;1.42;17500
20160128 140200;1.4101;1.42;1.41;1.42;4297
20160128 140300;1.42;1.42;1.415;1.42;3900
20160128 140400;1.42;1.42;1.42;1.42;500
20160128 140800;1.42;1.42;1.38;1.38;51779
20160128 140900;1.3899;1.3899;1.3858;1.3858;800
20160128 141000;1.3861;1.4;1.3801;1.39;15825
20160128 141100;1.3924;1.4;1.3924;1.4;11000
20160128 141200;1.4;1.4;1.4;1.4;10400
20160128 141900;1.3999;1.3999;1.3999;1.3999;700
20160128 142200;1.3901;1.3901;1.3901;1.3901;100
20160128 142400;1.39;1.39;1.37;1.37;6400
20160128 142600;1.36;1.36;1.36;1.36;200
20160128 142800;1.36;1.36;1.36;1.36;200
20160128 142900;1.36;1.36;1.36;1.36;500
20160128 143000;1.36;1.36;1.33;1.33;10025
20160128 143100;1.33;1.3301;1.33;1.3301;400
20160128 143300;1.32;1.32;1.32;1.32;300
20160128 143400;1.33;1.33;1.3299;1.33;2150
20160128 143500;1.32;1.32;1.32;1.32;200
20160128 143600;1.33;1.33;1.33;1.33;300
20160128 143700;1.325;1.325;1.325;1.325;400
20160128 143800;1.33;1.34;1.33;1.335;1000
20160128 143900;1.34;1.34;1.34;1.34;700
20160128 144200;1.33;1.33;1.33;1.33;100
20160128 144300;1.33;1.33;1.33;1.33;100
20160128 144400;1.33;1.33;1.33;1.33;100
20160128 144500;1.33;1.3393;1.33;1.3393;2600
20160128 144600;1.33;1.33;1.33;1.33;100
20160128 144700;1.33;1.33;1.33;1.33;100
20160128 144800;1.34;1.35;1.3399;1.35;10200
20160128 144900;1.3484;1.3484;1.34;1.34;1600
20160128 145000;1.345;1.345;1.345;1.345;200
20160128 145100;1.345;1.35;1.34;1.34;1800
20160128 145300;1.335;1.335;1.335;1.335;100
20160128 145400;1.33;1.33;1.33;1.33;100
20160128 145500;1.33;1.33;1.33;1.33;100
20160128 145600;1.33;1.33;1.33;1.33;100
20160128 145700;1.33;1.33;1.33;1.33;100
20160128 145800;1.33;1.33;1.33;1.33;100
20160128 145900;1.33;1.33;1.33;1.33;100
20160128 150000;1.33;1.33;1.32;1.32;597
20160128 150100;1.32;1.32;1.32;1.32;100
20160128 150200;1.32;1.32;1.32;1.32;300
20160128 150300;1.32;1.32;1.32;1.32;100
20160128 150400;1.32;1.3267;1.32;1.325;4500
20160128 150500;1.32;1.32;1.32;1.32;100
20160128 150600;1.32;1.33;1.32;1.325;2500
20160128 150700;1.325;1.41;1.32;1.3983;40700
20160128 150800;1.3922;1.3922;1.38;1.3893;5772
20160128 150900;1.385;1.385;1.385;1.385;550
20160128 151000;1.39;1.39;1.385;1.39;2200
20160128 151100;1.39;1.39;1.38;1.385;700
20160128 151200;1.384;1.39;1.384;1.389;7000
20160128 151500;1.39;1.39;1.37;1.37;2100
20160128 151600;1.37;1.37;1.35;1.3539;7200
20160128 151700;1.35;1.35;1.35;1.35;400
20160128 151900;1.35;1.35;1.34;1.34;300
20160128 152000;1.345;1.345;1.345;1.345;200
20160128 152100;1.345;1.345;1.345;1.345;200
20160128 152300;1.34;1.34;1.34;1.34;200
20160128 152400;1.34;1.34;1.34;1.34;600
20160128 152600;1.33;1.33;1.33;1.33;100
20160128 152700;1.33;1.33;1.3299;1.33;2300
20160128 152800;1.33;1.34;1.33;1.34;2600
20160128 153000;1.34;1.34;1.34;1.34;3501
20160128 153100;1.35;1.35;1.35;1.35;300
20160128 153200;1.35;1.35;1.35;1.35;100
20160128 153300;1.34;1.34;1.34;1.34;200
20160128 153500;1.34;1.34;1.34;1.34;200
20160128 153600;1.3455;1.3455;1.34;1.34;1200
20160128 153700;1.34;1.34;1.34;1.34;200
20160128 153800;1.34;1.34;1.34;1.34;200
20160128 153900;1.34;1.34;1.34;1.34;200
20160128 154000;1.34;1.34;1.34;1.34;700
20160128 154100;1.34;1.35;1.34;1.35;7500
20160128 154200;1.35;1.35;1.35;1.35;290
20160128 154300;1.34;1.34;1.34;1.34;200
20160128 154400;1.34;1.35;1.34;1.35;300
20160128 154500;1.34;1.34;1.34;1.34;200
20160128 154600;1.34;1.34;1.34;1.34;1400
20160128 154700;1.34;1.34;1.34;1.34;1200
20160128 154800;1.33;1.34;1.33;1.33;600
20160128 154900;1.33;1.33;1.33;1.33;200
20160128 155000;1.33;1.33;1.33;1.33;200
20160128 155100;1.3332;1.3332;1.33;1.33;300
20160128 155200;1.33;1.3332;1.33;1.33;500
20160128 155300;1.33;1.33;1.33;1.33;300
20160128 155400;1.33;1.33;1.33;1.33;400
20160128 155500;1.3332;1.35;1.33;1.35;500
20160128 155600;1.33;1.34;1.33;1.33;1300
20160128 155700;1.335;1.38;1.3301;1.35;10704
20160128 155800;1.36;1.36;1.355;1.355;2100
20160128 155900;1.3578;1.36;1.355;1.355;4300
20160128 160000;1.355;1.39;1.355;1.375;10667
20160128 160100;1.37;1.37;1.37;1.37;1000
20160129 093100;1.52;1.52;1.48;1.48;200
20160129 093200;1.5;1.5;1.5;1.5;100
20160129 093300;1.37;1.43;1.37;1.43;1994
20160129 093400;1.425;1.425;1.425;1.425;300
20160129 093500;1.43;1.46;1.425;1.46;3148
20160129 093600;1.46;1.486;1.445;1.486;6100
20160129 093700;1.475;1.49;1.465;1.47;3000
20160129 093800;1.46;1.4699;1.45;1.45;600
20160129 094000;1.44;1.44;1.42;1.44;4700
20160129 094200;1.42;1.44;1.42;1.44;2700
20160129 094700;1.42;1.42;1.42;1.42;100
20160129 094800;1.406;1.406;1.406;1.406;100
20160129 095000;1.4116;1.4116;1.4116;1.4116;2992
20160129 095200;1.42;1.42;1.42;1.42;100
20160129 095600;1.42;1.42;1.42;1.42;1400
20160129 095800;1.43;1.43;1.4;1.4001;3100
20160129 095900;1.43;1.43;1.43;1.43;2100
20160129 100200;1.4334;1.4334;1.4334;1.4334;3250
20160129 100400;1.425;1.43;1.425;1.43;599
20160129 100500;1.43;1.43;1.43;1.43;400
20160129 100600;1.43;1.43;1.43;1.43;500
20160129 100700;1.43;1.44;1.43;1.44;1800
20160129 100900;1.444;1.444;1.444;1.444;400
20160129 101300;1.43;1.43;1.43;1.43;100
20160129 101400;1.43;1.43;1.43;1.43;800
20160129 101500;1.44;1.46;1.44;1.46;6900
20160129 101600;1.465;1.47;1.465;1.47;200
20160129 101700;1.47;1.47;1.47;1.47;400
20160129 101800;1.47;1.47;1.47;1.47;400
20160129 101900;1.47;1.47;1.47;1.47;400
20160129 102100;1.47;1.47;1.47;1.47;1500
20160129 102300;1.47;1.47;1.47;1.47;400
20160129 102800;1.47;1.48;1.47;1.48;3300
20160129 102900;1.48;1.48;1.48;1.48;1400
20160129 103000;1.49;1.49;1.49;1.49;100
20160129 103400;1.49;1.49;1.49;1.49;100
20160129 103500;1.5;1.5;1.5;1.5;1211
20160129 103600;1.5;1.5;1.5;1.5;1600
20160129 103800;1.49;1.49;1.49;1.49;200
20160129 103900;1.485;1.485;1.485;1.485;100
20160129 104000;1.49;1.49;1.49;1.49;100
20160129 104100;1.49;1.49;1.49;1.49;100
20160129 104200;1.49;1.49;1.49;1.49;200
20160129 104300;1.48;1.49;1.48;1.49;3350
20160129 104600;1.49;1.49;1.485;1.485;400
20160129 104800;1.49;1.49;1.49;1.49;200
20160129 104900;1.49;1.49;1.49;1.49;100
20160129 105000;1.49;1.49;1.49;1.49;100
20160129 105200;1.49;1.49;1.49;1.49;100
20160129 105300;1.49;1.49;1.49;1.49;100
20160129 105400;1.485;1.485;1.485;1.485;1200
20160129 105900;1.485;1.485;1.485;1.485;200
20160129 110000;1.49;1.49;1.49;1.49;3500
20160129 110100;1.485;1.5;1.48;1.49;3800
20160129 111100;1.49;1.49;1.49;1.49;100
20160129 111600;1.5;1.5;1.5;1.5;100
20160129 111800;1.49;1.49;1.49;1.49;100
20160129 112200;1.485;1.485;1.485;1.485;100
20160129 112300;1.48;1.48;1.48;1.48;100
20160129 113100;1.49;1.49;1.49;1.49;100
20160129 113200;1.49;1.49;1.49;1.49;100
20160129 113800;1.485;1.485;1.485;1.485;200
20160129 113900;1.4857;1.49;1.485;1.485;1300
20160129 114100;1.49;1.49;1.49;1.49;300
20160129 114500;1.485;1.485;1.485;1.485;200
20160129 115100;1.49;1.49;1.49;1.49;200
20160129 115200;1.49;1.49;1.49;1.49;100
20160129 115600;1.49;1.49;1.49;1.49;200
20160129 120100;1.49;1.49;1.4865;1.4865;800
20160129 120200;1.49;1.49;1.49;1.49;200
20160129 120300;1.48;1.48;1.48;1.48;100
20160129 120600;1.49;1.49;1.49;1.49;200
20160129 121200;1.49;1.49;1.485;1.485;500
20160129 121300;1.49;1.49;1.49;1.49;100
20160129 121400;1.49;1.49;1.49;1.49;100
20160129 121700;1.48;1.48;1.48;1.48;100
20160129 121800;1.49;1.5;1.49;1.49;2400
20160129 122500;1.49;1.49;1.49;1.49;200
20160129 123000;1.49;1.49;1.49;1.49;200
20160129 123700;1.4899;1.49;1.4899;1.49;771
20160129 123800;1.49;1.49;1.49;1.49;200
20160129 124000;1.49;1.49;1.49;1.49;200
20160129 124100;1.485;1.5;1.4801;1.5;7060
20160129 124300;1.4999;1.4999;1.4999;1.4999;660
20160129 124400;1.5;1.5;1.5;1.5;100
20160129 124800;1.5;1.5;1.5;1.5;100
20160129 125100;1.5;1.5;1.495;1.5;400
20160129 125400;1.5;1.5;1.5;1.5;400
20160129 125700;1.5;1.5;1.5;1.5;300
20160129 125800;1.496;1.496;1.496;1.496;300
20160129 125900;1.5;1.5;1.49;1.495;400
20160129 130400;1.5;1.5;1.5;1.5;100
20160129 130500;1.5;1.5;1.5;1.5;200
20160129 130600;1.5;1.5;1.5;1.5;200
20160129 130700;1.5;1.5;1.5;1.5;100
20160129 131100;1.5;1.5;1.495;1.5;3300
20160129 131800;1.5;1.5;1.5;1.5;200
20160129 131900;1.5;1.5;1.5;1.5;200
20160129 132500;1.5;1.5;1.5;1.5;100
20160129 132600;1.5;1.5;1.5;1.5;200
20160129 132800;1.5;1.5;1.5;1.5;100
20160129 133100;1.49;1.5;1.49;1.5;200
20160129 133300;1.5;1.5;1.49;1.5;300
20160129 133600;1.4927;1.4927;1.4927;1.4927;1200
20160129 133800;1.5;1.5;1.5;1.5;100
20160129 134100;1.49;1.5;1.49;1.49;1800
20160129 134200;1.49;1.49;1.47;1.49;5500
20160129 135200;1.49;1.49;1.49;1.49;100
20160129 135400;1.48;1.4801;1.48;1.4801;2100
20160129 135700;1.48;1.48;1.45;1.47;5200
20160129 135800;1.48;1.48;1.47;1.48;3500
20160129 140100;1.48;1.48;1.48;1.48;300
20160129 140400;1.4601;1.48;1.4601;1.48;3200
20160129 140500;1.48;1.48;1.48;1.48;100
20160129 141100;1.48;1.48;1.48;1.48;100
20160129 141500;1.48;1.48;1.48;1.48;200
20160129 141700;1.48;1.48;1.48;1.48;200
20160129 141800;1.48;1.48;1.48;1.48;100
20160129 142400;1.48;1.48;1.475;1.475;200
20160129 142600;1.48;1.48;1.48;1.48;100
20160129 142800;1.48;1.48;1.48;1.48;300
20160129 143000;1.48;1.48;1.48;1.48;100
20160129 143600;1.48;1.48;1.48;1.48;100
20160129 144000;1.48;1.48;1.48;1.48;200
20160129 144200;1.48;1.48;1.48;1.48;300
20160129 144400;1.48;1.48;1.48;1.48;300
20160129 144600;1.48;1.48;1.48;1.48;100
20160129 144700;1.47;1.475;1.47;1.47;1300
20160129 144900;1.47;1.47;1.47;1.47;100
20160129 145000;1.47;1.47;1.47;1.47;100
20160129 145100;1.47;1.47;1.47;1.47;300
20160129 145200;1.47;1.47;1.47;1.47;100
20160129 145300;1.47;1.47;1.455;1.46;1100
20160129 150700;1.46;1.46;1.46;1.46;100
20160129 150900;1.46;1.46;1.46;1.46;100
20160129 151000;1.46;1.46;1.46;1.46;100
20160129 151100;1.46;1.46;1.46;1.46;100
20160129 151200;1.45;1.455;1.44;1.44;2300
20160129 151300;1.44;1.44;1.42;1.42;1000
20160129 151500;1.425;1.43;1.42;1.43;1000
20160129 151600;1.42;1.42;1.4;1.42;6000
20160129 151700;1.41;1.425;1.41;1.42;600
20160129 151800;1.425;1.425;1.425;1.425;100
20160129 151900;1.42;1.425;1.42;1.42;600
20160129 152100;1.425;1.43;1.425;1.43;400
20160129 152200;1.42;1.45;1.42;1.45;4500
20160129 152400;1.45;1.45;1.45;1.45;300
20160129 152500;1.45;1.45;1.445;1.45;800
20160129 152600;1.445;1.45;1.445;1.445;2000
20160129 152700;1.45;1.45;1.45;1.45;1700
20160129 152800;1.46;1.46;1.46;1.46;100
20160129 152900;1.46;1.46;1.46;1.46;200
20160129 153000;1.46;1.46;1.46;1.46;600
20160129 153100;1.46;1.46;1.46;1.46;100
20160129 153200;1.46;1.47;1.46;1.47;400
20160129 153300;1.47;1.47;1.47;1.47;100
20160129 153400;1.47;1.47;1.47;1.47;200
20160129 153500;1.47;1.47;1.47;1.47;100
20160129 153600;1.47;1.47;1.47;1.47;100
20160129 153700;1.47;1.47;1.47;1.47;100
20160129 153800;1.47;1.47;1.47;1.47;100
20160129 153900;1.47;1.47;1.47;1.47;300
20160129 154000;1.465;1.47;1.465;1.47;900
20160129 154100;1.47;1.47;1.47;1.47;200
20160129 154200;1.47;1.47;1.47;1.47;200
20160129 154300;1.47;1.47;1.47;1.47;100
20160129 154400;1.47;1.48;1.47;1.48;700
20160129 154500;1.48;1.48;1.4632;1.48;600
20160129 154600;1.48;1.48;1.48;1.48;200
20160129 154700;1.48;1.48;1.48;1.48;300
20160129 154800;1.48;1.48;1.48;1.48;300
20160129 154900;1.48;1.49;1.4732;1.48;900
20160129 155000;1.49;1.49;1.49;1.49;600
20160129 155100;1.485;1.49;1.485;1.49;200
20160129 155200;1.4875;1.4875;1.48;1.48;2100
20160129 155300;1.485;1.49;1.48;1.485;700
20160129 155400;1.485;1.485;1.485;1.485;300
20160129 155500;1.485;1.49;1.485;1.485;1800
20160129 155600;1.49;1.49;1.48;1.49;2000
20160129 155700;1.48;1.5;1.48;1.49;3900
20160129 155800;1.49;1.5;1.49;1.5;600
20160129 155900;1.49;1.5;1.49;1.5;800
20160129 160000;1.495;1.5;1.49;1.5;3914
20160201 093600;1.48;1.48;1.48;1.48;4568
20160201 093700;1.48;1.51;1.48;1.51;200
20160201 093800;1.51;1.51;1.5;1.5;10300
20160201 093900;1.52;1.52;1.52;1.52;100
20160201 094100;1.52;1.52;1.5125;1.5125;5463
20160201 094400;1.52;1.52;1.52;1.52;100
20160201 094900;1.52;1.52;1.52;1.52;100
20160201 095000;1.51;1.51;1.51;1.51;100
20160201 095200;1.5;1.5;1.49;1.49;600
20160201 095600;1.487;1.49;1.487;1.49;2700
20160201 100000;1.51;1.51;1.51;1.51;10100
20160201 100100;1.51;1.51;1.51;1.51;200
20160201 100500;1.5;1.5;1.499;1.499;1100
20160201 100600;1.49;1.49;1.49;1.49;100
20160201 100800;1.48;1.48;1.48;1.48;100
20160201 101200;1.4956;1.4956;1.4956;1.4956;330
20160201 101700;1.5;1.5;1.5;1.5;100
20160201 102000;1.5;1.5;1.4899;1.4899;300
20160201 102300;1.49;1.49;1.49;1.49;100
20160201 102500;1.5;1.5;1.5;1.5;500
20160201 102600;1.49;1.5;1.49;1.5;200
20160201 103600;1.49;1.5001;1.49;1.5001;2800
20160201 103800;1.501;1.502;1.501;1.502;870
20160201 104100;1.5;1.5;1.5;1.5;100
20160201 104600;1.51;1.51;1.51;1.51;100
20160201 105200;1.51;1.51;1.51;1.51;100
20160201 110000;1.52;1.52;1.52;1.52;100
20160201 110200;1.51;1.51;1.51;1.51;100
20160201 111100;1.52;1.52;1.52;1.52;108
20160201 111300;1.52;1.52;1.52;1.52;100
20160201 111400;1.5201;1.53;1.5201;1.525;6000
20160201 111500;1.53;1.53;1.525;1.525;1800
20160201 111900;1.52;1.52;1.52;1.52;100
20160201 112000;1.525;1.525;1.525;1.525;100
20160201 112600;1.525;1.525;1.525;1.525;100
20160201 112900;1.521;1.53;1.521;1.53;998
20160201 113000;1.525;1.525;1.525;1.525;900
20160201 113100;1.525;1.525;1.525;1.525;100
20160201 113600;1.5275;1.5275;1.5275;1.5275;100
20160201 113700;1.53;1.53;1.53;1.53;100
20160201 113800;1.53;1.53;1.53;1.53;100
20160201 114300;1.525;1.525;1.525;1.525;100
20160201 114400;1.525;1.525;1.525;1.525;100
20160201 114500;1.525;1.525;1.525;1.525;800
20160201 114600;1.52;1.52;1.52;1.52;100
20160201 114700;1.52;1.52;1.52;1.52;100
20160201 114800;1.5256;1.5256;1.5256;1.5256;800
20160201 114900;1.525;1.525;1.525;1.525;53000
20160201 115000;1.5225;1.525;1.5225;1.525;200
20160201 115200;1.525;1.559;1.525;1.55;8000
20160201 115300;1.5451;1.5451;1.5451;1.5451;5000
20160201 115400;1.545;1.55;1.545;1.55;2000
20160201 115500;1.55;1.55;1.545;1.545;400
20160201 120000;1.545;1.545;1.545;1.545;800
20160201 120100;1.55;1.55;1.55;1.55;100
20160201 120200;1.545;1.545;1.545;1.545;100
20160201 120300;1.55;1.55;1.54;1.54;200
20160201 120700;1.545;1.55;1.545;1.55;2500
20160201 120800;1.55;1.55;1.55;1.55;200
20160201 120900;1.55;1.55;1.55;1.55;200
20160201 121100;1.55;1.55;1.55;1.55;100
20160201 121400;1.555;1.56;1.555;1.56;2500
20160201 121500;1.57;1.57;1.57;1.57;1600
20160201 121600;1.575;1.575;1.575;1.575;100
20160201 121800;1.58;1.6;1.58;1.59;2300
20160201 121900;1.61;1.61;1.61;1.61;100
20160201 122000;1.62;1.635;1.62;1.635;1900
20160201 122200;1.6395;1.6395;1.63;1.63;800
20160201 122300;1.625;1.63;1.615;1.615;3031
20160201 122400;1.61;1.61;1.6;1.6;600
20160201 122800;1.58;1.58;1.58;1.58;100
20160201 123000;1.575;1.575;1.572;1.572;1084
20160201 123100;1.56;1.575;1.56;1.575;200
20160201 123500;1.56;1.57;1.56;1.5605;900
20160201 123800;1.56;1.56;1.56;1.56;100
20160201 124400;1.56;1.56;1.56;1.56;100
20160201 124500;1.575;1.575;1.575;1.575;800
20160201 124600;1.575;1.575;1.575;1.575;100
20160201 125000;1.5864;1.6;1.58;1.59;4878
20160201 130000;1.6;1.6;1.6;1.6;700
20160201 130100;1.6;1.6;1.6;1.6;100
20160201 130400;1.59;1.59;1.59;1.59;100
20160201 130800;1.6;1.6;1.59;1.59;544
20160201 131300;1.59;1.59;1.59;1.59;100
20160201 131500;1.6;1.61;1.6;1.6;700
20160201 131700;1.6;1.6;1.6;1.6;100
20160201 131900;1.59;1.59;1.59;1.59;200
20160201 132000;1.59;1.5905;1.57;1.57;800
20160201 132100;1.57;1.58;1.57;1.58;900
20160201 133000;1.575;1.58;1.575;1.58;1100
20160201 133200;1.57;1.57;1.57;1.57;100
20160201 133700;1.57;1.57;1.57;1.57;100
20160201 133900;1.561;1.561;1.561;1.561;1000
20160201 134500;1.565;1.565;1.565;1.565;800
20160201 134600;1.565;1.565;1.565;1.565;100
20160201 135100;1.5615;1.5615;1.5615;1.5615;100
20160201 140000;1.57;1.57;1.57;1.57;1200
20160201 141100;1.5737;1.58;1.5737;1.58;3600
20160201 141300;1.56;1.56;1.56;1.56;100
20160201 141400;1.57;1.57;1.57;1.57;200
20160201 141500;1.58;1.59;1.58;1.59;12559
20160201 141600;1.585;1.59;1.585;1.59;4787
20160201 141800;1.6;1.6;1.6;1.6;100
20160201 141900;1.59;1.59;1.59;1.59;100
20160201 142400;1.6;1.6;1.6;1.6;100
20160201 142700;1.6;1.6;1.6;1.6;200
20160201 143000;1.595;1.595;1.595;1.595;1300
20160201 143100;1.6;1.6;1.6;1.6;100
20160201 143400;1.6;1.6;1.6;1.6;200
20160201 143600;1.61;1.61;1.6098;1.6098;5400
20160201 143700;1.61;1.61;1.61;1.61;100
20160201 143900;1.59;1.59;1.59;1.59;100
20160201 144000;1.6;1.61;1.6;1.6;300
20160201 144300;1.6;1.6;1.6;1.6;200
20160201 144400;1.591;1.591;1.591;1.591;200
20160201 144500;1.595;1.595;1.595;1.595;1600
20160201 144700;1.595;1.6;1.595;1.6;200
20160201 144800;1.59;1.595;1.59;1.59;750
20160201 144900;1.57;1.57;1.57;1.57;100
20160201 145200;1.57;1.57;1.56;1.56;200
20160201 150000;1.58;1.58;1.56;1.57;2200
20160201 151500;1.57;1.57;1.55;1.55;3700
20160201 151600;1.57;1.57;1.57;1.57;300
20160201 151800;1.55;1.55;1.55;1.55;100
20160201 152400;1.55;1.55;1.55;1.55;100
20160201 152500;1.55;1.55;1.55;1.55;100
20160201 152900;1.55;1.55;1.55;1.55;100
20160201 153100;1.565;1.565;1.565;1.565;200
20160201 153300;1.565;1.565;1.565;1.565;400
20160201 153400;1.565;1.565;1.565;1.565;800
20160201 153700;1.565;1.565;1.565;1.565;200
20160201 153800;1.565;1.565;1.565;1.565;300
20160201 153900;1.57;1.57;1.57;1.57;200
20160201 154100;1.58;1.58;1.56;1.56;200
20160201 154300;1.57;1.57;1.57;1.57;200
20160201 154600;1.574;1.574;1.574;1.574;200
20160201 154700;1.56;1.56;1.56;1.56;300
20160201 154800;1.56;1.565;1.56;1.565;1300
20160201 155000;1.565;1.565;1.56;1.56;200
20160201 155100;1.56;1.565;1.56;1.56;400
20160201 155200;1.5615;1.5615;1.56;1.56;300
20160201 155300;1.56;1.565;1.56;1.565;200
20160201 155400;1.565;1.565;1.565;1.565;200
20160201 155500;1.561;1.57;1.561;1.57;550
20160201 155600;1.56;1.56;1.56;1.56;100
20160201 155700;1.565;1.565;1.565;1.565;200
20160201 160000;1.565;1.565;1.55;1.55;3470
20160202 093700;1.466;1.466;1.464;1.464;3311
20160202 094500;1.47;1.4845;1.47;1.47;1000
20160202 094600;1.4754;1.4754;1.4754;1.4754;800
20160202 095100;1.47;1.47;1.47;1.47;1000
20160202 095400;1.47;1.47;1.47;1.47;100
20160202 095500;1.47;1.47;1.47;1.47;200
20160202 095600;1.4701;1.4701;1.4701;1.4701;1500
20160202 095700;1.47;1.47;1.47;1.47;100
20160202 095800;1.47;1.47;1.47;1.47;410
20160202 095900;1.4701;1.4701;1.4701;1.4701;100
20160202 100000;1.47;1.47;1.47;1.47;1000
20160202 100200;1.47;1.47;1.47;1.47;100
20160202 100300;1.47;1.47;1.47;1.47;200
20160202 100500;1.47;1.48;1.47;1.47;900
20160202 100700;1.48;1.48;1.48;1.48;100
20160202 100800;1.48;1.48;1.48;1.48;100
20160202 101100;1.48;1.48;1.48;1.48;500
20160202 101200;1.48;1.48;1.48;1.48;100
20160202 101700;1.48;1.48;1.48;1.48;1400
20160202 101800;1.4801;1.4801;1.4801;1.4801;100
20160202 102200;1.48;1.48;1.48;1.48;600
20160202 102300;1.48;1.48;1.45;1.45;9600
20160202 102400;1.44;1.44;1.44;1.44;900
20160202 102500;1.43;1.46;1.43;1.45;3000
20160202 102600;1.46;1.46;1.45;1.45;300
20160202 102700;1.44;1.44;1.44;1.44;400
20160202 103100;1.445;1.45;1.445;1.45;2000
20160202 103200;1.45;1.45;1.45;1.45;100
20160202 103300;1.44;1.44;1.44;1.44;100
20160202 103700;1.44;1.44;1.44;1.44;200
20160202 103900;1.43;1.43;1.43;1.43;200
20160202 104200;1.45;1.47;1.45;1.47;4497
20160202 104300;1.47;1.47;1.47;1.47;100
20160202 104900;1.45;1.45;1.45;1.45;100
20160202 105200;1.4637;1.4637;1.4637;1.4637;100
20160202 105400;1.47;1.47;1.47;1.47;100
20160202 105600;1.44;1.44;1.44;1.44;100
20160202 110400;1.46;1.46;1.46;1.46;100
20160202 110600;1.4501;1.4501;1.4501;1.4501;100
20160202 110800;1.455;1.455;1.44;1.44;700
20160202 110900;1.45;1.45;1.45;1.45;100
20160202 111000;1.45;1.4583;1.44;1.4583;2100
20160202 111600;1.45;1.45;1.44;1.44;200
20160202 112000;1.45;1.46;1.45;1.45;2300
20160202 112100;1.44;1.44;1.44;1.44;100
20160202 112500;1.47;1.47;1.47;1.47;100
20160202 113000;1.47;1.47;1.47;1.47;100
20160202 113200;1.4501;1.4501;1.4501;1.4501;100
20160202 114200;1.47;1.47;1.47;1.47;100
20160202 114900;1.48;1.48;1.48;1.48;100
20160202 115000;1.45;1.45;1.45;1.45;100
20160202 115100;1.45;1.45;1.45;1.45;100
20160202 115300;1.46;1.46;1.46;1.46;100
20160202 115400;1.45;1.45;1.45;1.45;100
20160202 115500;1.45;1.45;1.45;1.45;100
20160202 115800;1.46;1.46;1.46;1.46;100
20160202 115900;1.46;1.47;1.45;1.45;9534
20160202 120300;1.45;1.45;1.45;1.45;100
20160202 120500;1.46;1.46;1.46;1.46;100
20160202 120800;1.45;1.45;1.45;1.45;100
20160202 120900;1.46;1.46;1.46;1.46;600
20160202 121000;1.46;1.46;1.46;1.46;1100
20160202 121200;1.47;1.47;1.47;1.47;100
20160202 122100;1.465;1.465;1.465;1.465;100
20160202 122800;1.46;1.46;1.46;1.46;100
20160202 122900;1.465;1.465;1.465;1.465;100
20160202 123100;1.46;1.46;1.46;1.46;100
20160202 123400;1.46;1.46;1.46;1.46;700
20160202 123700;1.4608;1.4608;1.4608;1.4608;100
20160202 124000;1.46;1.46;1.46;1.46;700
20160202 124600;1.46;1.46;1.46;1.46;400
20160202 125700;1.46;1.46;1.46;1.46;1900
20160202 125800;1.46;1.46;1.46;1.46;300
20160202 130200;1.46;1.46;1.46;1.46;100
20160202 130300;1.46;1.46;1.44;1.45;800
20160202 131000;1.44;1.44;1.44;1.44;100
20160202 131600;1.45;1.45;1.44;1.44;800
20160202 131900;1.43;1.43;1.43;1.43;700
20160202 132200;1.44;1.48;1.44;1.45;21600
20160202 133100;1.46;1.4999;1.46;1.4999;6500
20160202 133200;1.47;1.47;1.47;1.47;100
20160202 134400;1.46;1.4916;1.46;1.47;8594
20160202 134500;1.47;1.47;1.47;1.47;200
20160202 134700;1.47;1.47;1.47;1.47;100
20160202 134900;1.47;1.47;1.47;1.47;200
20160202 135000;1.475;1.475;1.47;1.4715;900
20160202 135100;1.45;1.45;1.45;1.45;100
20160202 135600;1.45;1.45;1.45;1.45;100
20160202 135800;1.45;1.45;1.45;1.45;700
20160202 140000;1.45;1.45;1.45;1.45;100
20160202 140400;1.46;1.46;1.46;1.46;100
20160202 140500;1.45;1.4545;1.45;1.45;3200
20160202 140800;1.45;1.45;1.45;1.45;100
20160202 141200;1.46;1.46;1.46;1.46;100
20160202 141400;1.45;1.45;1.45;1.45;300
20160202 141700;1.43;1.43;1.43;1.43;100
20160202 141800;1.45;1.45;1.45;1.45;100
20160202 142300;1.45;1.45;1.45;1.45;100
20160202 142400;1.44;1.44;1.44;1.44;200
20160202 142600;1.44;1.44;1.44;1.44;100
20160202 143000;1.445;1.445;1.445;1.445;100
20160202 143700;1.44;1.445;1.44;1.44;500
20160202 143800;1.4428;1.4428;1.43;1.43;4900
20160202 144000;1.4315;1.4315;1.43;1.43;600
20160202 144700;1.43;1.43;1.43;1.43;100
20160202 144800;1.43;1.43;1.43;1.43;100
20160202 145000;1.43;1.4301;1.43;1.4301;200
20160202 145200;1.43;1.43;1.43;1.43;100
20160202 145300;1.43;1.43;1.43;1.43;100
20160202 145400;1.44;1.44;1.435;1.435;200
20160202 145800;1.43;1.43;1.43;1.43;100
20160202 145900;1.435;1.44;1.435;1.44;200
20160202 150500;1.44;1.44;1.43;1.44;2500
20160202 150800;1.44;1.44;1.44;1.44;100
20160202 150900;1.43;1.43;1.43;1.43;100
20160202 151100;1.43;1.43;1.43;1.43;2600
20160202 151200;1.43;1.44;1.43;1.44;200
20160202 151500;1.43;1.43;1.43;1.43;200
20160202 151800;1.4301;1.44;1.4301;1.44;200
20160202 152000;1.43;1.43;1.43;1.43;100
20160202 152100;1.43;1.43;1.43;1.43;100
20160202 152300;1.43;1.43;1.43;1.43;600
20160202 152400;1.43;1.435;1.43;1.43;500
20160202 152600;1.43;1.43;1.43;1.43;400
20160202 152800;1.44;1.44;1.44;1.44;100
20160202 153100;1.43;1.44;1.43;1.44;200
20160202 153200;1.43;1.43;1.43;1.43;4240
20160202 153300;1.43;1.43;1.43;1.43;200
20160202 153400;1.43;1.43;1.43;1.43;100
20160202 153500;1.43;1.43;1.43;1.43;700
20160202 153600;1.43;1.43;1.43;1.43;600
20160202 153700;1.43;1.43;1.43;1.43;300
20160202 153800;1.43;1.44;1.43;1.44;200
20160202 153900;1.43;1.43;1.43;1.43;300
20160202 154000;1.43;1.43;1.43;1.43;300
20160202 154100;1.43;1.43;1.43;1.43;300
20160202 154300;1.43;1.43;1.43;1.43;200
20160202 154400;1.43;1.43;1.43;1.43;100
20160202 154500;1.43;1.4371;1.43;1.43;2400
20160202 154600;1.43;1.44;1.43;1.43;400
20160202 154700;1.43;1.43;1.43;1.43;200
20160202 154800;1.43;1.43;1.43;1.43;200
20160202 154900;1.43;1.44;1.43;1.44;200
20160202 155000;1.43;1.43;1.43;1.43;300
20160202 155100;1.43;1.43;1.43;1.43;700
20160202 155200;1.4399;1.44;1.43;1.4399;1500
20160202 155300;1.43;1.43;1.43;1.43;500
20160202 155400;1.44;1.44;1.44;1.44;100
20160202 155500;1.43;1.43;1.43;1.43;600
20160202 155600;1.43;1.43;1.43;1.43;200
20160202 155700;1.44;1.44;1.44;1.44;100
20160202 155800;1.43;1.44;1.43;1.4387;5000
20160202 155900;1.44;1.44;1.435;1.435;200
20160202 160000;1.44;1.44;1.43;1.44;1500
20160203 093700;1.45;1.45;1.45;1.45;600
20160203 094000;1.42;1.42;1.42;1.42;100
20160203 094200;1.42;1.42;1.41;1.41;300
20160203 094400;1.41;1.41;1.4;1.4;1200
20160203 094500;1.42;1.42;1.42;1.42;1400
20160203 094800;1.43;1.43;1.43;1.43;1500
20160203 095000;1.43;1.43;1.43;1.43;400
20160203 095300;1.43;1.43;1.43;1.43;500
20160203 095600;1.43;1.43;1.43;1.43;200
20160203 095800;1.43;1.43;1.43;1.43;100
20160203 095900;1.43;1.43;1.43;1.43;200
20160203 100000;1.43;1.44;1.43;1.44;700
20160203 100200;1.44;1.44;1.44;1.44;200
20160203 100300;1.44;1.44;1.43;1.43;400
20160203 100500;1.43;1.43;1.43;1.43;300
20160203 101000;1.43;1.43;1.43;1.43;600
20160203 101200;1.431;1.431;1.43;1.43;1000
20160203 101300;1.43;1.44;1.43;1.44;1800
20160203 101400;1.4427;1.4427;1.4427;1.4427;685
20160203 101500;1.43;1.43;1.43;1.43;100
20160203 101600;1.43;1.43;1.43;1.43;100
20160203 101700;1.45;1.45;1.45;1.45;100
20160203 102000;1.45;1.45;1.45;1.45;200
20160203 102100;1.45;1.45;1.45;1.45;300
20160203 102600;1.45;1.45;1.45;1.45;300
20160203 102700;1.45;1.45;1.45;1.45;8941
20160203 102900;1.437;1.437;1.43;1.43;350
20160203 103100;1.44;1.44;1.44;1.44;100
20160203 103200;1.43;1.43;1.43;1.43;200
20160203 103500;1.43;1.43;1.43;1.43;200
20160203 103600;1.43;1.43;1.43;1.43;100
20160203 103700;1.43;1.43;1.43;1.43;300
20160203 103800;1.43;1.43;1.41;1.41;6961
20160203 103900;1.4;1.4;1.4;1.4;1000
20160203 104000;1.4;1.4;1.4;1.4;100
20160203 104100;1.4;1.4;1.4;1.4;100
20160203 104200;1.4;1.4;1.4;1.4;500
20160203 104500;1.4;1.4;1.4;1.4;200
20160203 104700;1.41;1.42;1.405;1.42;3200
20160203 104800;1.41;1.41;1.41;1.41;300
20160203 105000;1.41;1.41;1.41;1.41;100
20160203 105400;1.41;1.41;1.41;1.41;200
20160203 105600;1.41;1.41;1.41;1.41;100
20160203 105800;1.41;1.41;1.41;1.41;100
20160203 105900;1.41;1.41;1.41;1.41;200
20160203 110200;1.41;1.41;1.41;1.41;100
20160203 110400;1.41;1.41;1.41;1.41;500
20160203 110700;1.41;1.41;1.41;1.41;800
20160203 110800;1.41;1.41;1.41;1.41;600
20160203 110900;1.41;1.4153;1.41;1.4153;325
20160203 111000;1.41;1.41;1.41;1.41;300
20160203 111200;1.41;1.41;1.41;1.41;200
20160203 111300;1.41;1.41;1.41;1.41;300
20160203 111400;1.41;1.41;1.41;1.41;100
20160203 111600;1.41;1.41;1.41;1.41;100
20160203 111700;1.41;1.42;1.4;1.4;1900
20160203 111800;1.39;1.39;1.38;1.39;1600
20160203 111900;1.39;1.4;1.38;1.4;1400
20160203 112200;1.38;1.38;1.38;1.38;100
20160203 112500;1.38;1.38;1.38;1.38;100
20160203 112600;1.38;1.38;1.38;1.38;100
20160203 112700;1.38;1.38;1.38;1.38;100
20160203 112900;1.38;1.38;1.38;1.38;100
20160203 113200;1.39;1.39;1.39;1.39;200
20160203 113400;1.39;1.39;1.39;1.39;100
20160203 113800;1.4;1.4;1.4;1.4;200
20160203 113900;1.4;1.4;1.4;1.4;100
20160203 114100;1.4;1.4;1.4;1.4;100
20160203 114300;1.4;1.4;1.4;1.4;300
20160203 114600;1.39;1.4098;1.39;1.4098;5100
20160203 114900;1.39;1.39;1.39;1.39;200
20160203 115300;1.39;1.39;1.39;1.39;200
20160203 115400;1.39;1.403;1.39;1.403;1200
20160203 115500;1.39;1.39;1.39;1.39;100
20160203 115600;1.39;1.39;1.39;1.39;100
20160203 115900;1.39;1.39;1.39;1.39;200
20160203 120400;1.39;1.39;1.39;1.39;200
20160203 120800;1.39;1.39;1.39;1.39;300
20160203 121000;1.39;1.39;1.39;1.39;200
20160203 121100;1.39;1.39;1.39;1.39;100
20160203 121300;1.39;1.41;1.39;1.41;1505
20160203 121600;1.41;1.42;1.41;1.42;1592
20160203 121900;1.4;1.4;1.4;1.4;100
20160203 122400;1.4;1.4;1.4;1.4;200
20160203 122700;1.4;1.4;1.4;1.4;100
20160203 122800;1.39;1.39;1.39;1.39;100
20160203 122900;1.39;1.39;1.39;1.39;100
20160203 123000;1.39;1.39;1.39;1.39;100
20160203 123300;1.4;1.4;1.4;1.4;100
20160203 123500;1.4;1.4;1.4;1.4;200
20160203 123800;1.4;1.4;1.4;1.4;300
20160203 124000;1.4;1.4;1.4;1.4;100
20160203 124100;1.4;1.4;1.4;1.4;200
20160203 124400;1.4;1.4;1.4;1.4;200
20160203 124900;1.4;1.4;1.4;1.4;100
20160203 125200;1.4;1.4;1.4;1.4;100
20160203 125500;1.4;1.4;1.4;1.4;200
20160203 125800;1.4;1.4;1.4;1.4;100
20160203 130000;1.4;1.4;1.4;1.4;100
20160203 130100;1.4;1.4;1.4;1.4;100
20160203 130500;1.4;1.4;1.4;1.4;400
20160203 130800;1.4;1.4;1.4;1.4;200
20160203 131100;1.4;1.4;1.4;1.4;100
20160203 131500;1.4;1.4;1.4;1.4;200
20160203 131800;1.4;1.4;1.4;1.4;200
20160203 131900;1.4;1.4;1.4;1.4;100
20160203 132200;1.4;1.4;1.4;1.4;100
20160203 132400;1.4;1.4;1.4;1.4;50000
20160203 132700;1.4;1.4;1.4;1.4;100
20160203 133100;1.4;1.4;1.4;1.4;100
20160203 133200;1.4;1.4;1.4;1.4;100
20160203 133400;1.4;1.4;1.4;1.4;400
20160203 133500;1.4;1.4;1.4;1.4;100
20160203 133600;1.4;1.4;1.4;1.4;700
20160203 133800;1.4;1.4;1.4;1.4;100
20160203 133900;1.4;1.4;1.4;1.4;200
20160203 134300;1.4;1.4;1.4;1.4;100
20160203 134500;1.4;1.4;1.4;1.4;100
20160203 134700;1.4;1.4;1.4;1.4;100
20160203 135000;1.4;1.4;1.4;1.4;100
20160203 135200;1.4;1.4;1.4;1.4;100
20160203 135400;1.4;1.4;1.4;1.4;200
20160203 135700;1.4;1.4;1.4;1.4;100
20160203 135800;1.4;1.4;1.4;1.4;200
20160203 140000;1.4;1.4;1.4;1.4;100
20160203 140200;1.4;1.4;1.4;1.4;100
20160203 140500;1.4;1.4;1.4;1.4;100
20160203 140600;1.4;1.4;1.4;1.4;100
20160203 140800;1.4;1.409;1.4;1.409;550
20160203 141100;1.4;1.4;1.4;1.4;100
20160203 141200;1.4;1.4;1.4;1.4;200
20160203 141300;1.4;1.4;1.4;1.4;100
20160203 141500;1.4;1.405;1.4;1.4;300
20160203 141600;1.4;1.4;1.4;1.4;100
20160203 141900;1.4;1.4;1.4;1.4;100
20160203 142200;1.4;1.4;1.4;1.4;100
20160203 142500;1.4;1.4;1.4;1.4;200
20160203 142800;1.4001;1.4001;1.4001;1.4001;21000
20160203 142900;1.4;1.4001;1.4;1.4001;7600
20160203 143000;1.4;1.4001;1.4;1.4001;1600
20160203 143100;1.4001;1.4001;1.4001;1.4001;3075
20160203 143200;1.4001;1.4001;1.4;1.4;8600
20160203 143300;1.4;1.4;1.39;1.39;48400
20160203 143400;1.39;1.39;1.39;1.39;100
20160203 143600;1.39;1.39;1.39;1.39;200
20160203 143700;1.39;1.39;1.39;1.39;300
20160203 143800;1.39;1.39;1.39;1.39;1112
20160203 143900;1.39;1.39;1.39;1.39;100
20160203 144000;1.39;1.39;1.39;1.39;100
20160203 144100;1.39;1.39;1.37;1.37;10489
20160203 144200;1.37;1.39;1.37;1.39;6499
20160203 144600;1.39;1.39;1.38;1.39;1600
20160203 144900;1.39;1.396;1.39;1.396;1434
20160203 145000;1.39;1.39;1.39;1.39;300
20160203 145100;1.4;1.4;1.4;1.4;500
20160203 145200;1.4;1.4;1.39;1.39;2500
20160203 145400;1.4;1.4;1.395;1.395;5085
20160203 150000;1.39;1.4;1.39;1.4;6192
20160203 150200;1.4;1.4;1.4;1.4;100
20160203 150400;1.4;1.4;1.4;1.4;200
20160203 150800;1.4;1.4;1.4;1.4;300
20160203 151000;1.4;1.4;1.4;1.4;500
20160203 151100;1.4;1.4;1.39;1.4;3400
20160203 151200;1.4;1.4;1.4;1.4;200
20160203 151300;1.4;1.4;1.4;1.4;100
20160203 152000;1.4;1.4;1.4;1.4;100
20160203 152100;1.4;1.4;1.4;1.4;200
20160203 152300;1.4;1.4;1.4;1.4;200
20160203 152400;1.4;1.4;1.4;1.4;200
20160203 152600;1.409;1.409;1.405;1.409;2633
20160203 152700;1.4;1.4;1.4;1.4;100
20160203 153000;1.4;1.4;1.4;1.4;100
20160203 153200;1.4;1.4;1.4;1.4;100
20160203 153300;1.4;1.4;1.4;1.4;200
20160203 153400;1.4;1.4;1.4;1.4;100
20160203 153600;1.4001;1.4001;1.4;1.4001;4200
20160203 153800;1.4;1.4;1.4;1.4;100
20160203 153900;1.4;1.4;1.4;1.4;100
20160203 154000;1.4;1.4;1.4;1.4;200
20160203 154200;1.4001;1.4001;1.4;1.4;3100
20160203 154300;1.4;1.4;1.4;1.4;100
20160203 154500;1.4;1.4;1.4;1.4;300
20160203 154700;1.4099;1.4099;1.4;1.4;725
20160203 154800;1.4;1.4065;1.4;1.4065;950
20160203 155000;1.4;1.4;1.4;1.4;200
20160203 155100;1.4;1.4;1.4;1.4;300
20160203 155300;1.4;1.4;1.4;1.4;200
20160203 155400;1.407;1.41;1.4;1.4;5300
20160203 155500;1.4;1.4;1.4;1.4;100
20160203 155600;1.4;1.4;1.4;1.4;100
20160203 155700;1.4;1.4;1.4;1.4;600
20160203 155800;1.4;1.4;1.4;1.4;200
20160203 155900;1.4;1.4;1.4;1.4;1200
20160203 160000;1.4;1.41;1.4;1.405;2536
20160204 100000;1.4535;1.46;1.45;1.45;5000
20160204 100400;1.45;1.45;1.45;1.45;100
20160204 101000;1.46;1.46;1.46;1.46;100
20160204 101100;1.4601;1.4601;1.4601;1.4601;1400
20160204 101500;1.46;1.46;1.46;1.46;100
20160204 102100;1.5012;1.5012;1.5012;1.5012;100
20160204 103300;1.48;1.48;1.48;1.48;100
20160204 103500;1.48;1.48;1.45;1.45;1700
20160204 103600;1.465;1.49;1.465;1.49;3066
20160204 103700;1.48;1.48;1.48;1.48;100
20160204 104500;1.52;1.52;1.52;1.52;1681
20160204 104600;1.51;1.51;1.51;1.51;100
20160204 105100;1.51;1.51;1.51;1.51;200
20160204 105500;1.52;1.52;1.52;1.52;5700
20160204 105600;1.53;1.53;1.53;1.53;100
20160204 105700;1.5;1.515;1.5;1.5;4900
20160204 105800;1.5;1.5;1.5;1.5;700
20160204 110200;1.52;1.52;1.52;1.52;100
20160204 110700;1.49;1.5;1.49;1.49;8455
20160204 111000;1.48;1.5;1.48;1.5;30100
20160204 111100;1.49;1.495;1.48;1.48;11000
20160204 111500;1.475;1.475;1.475;1.475;4500
20160204 111900;1.46;1.46;1.46;1.46;100
20160204 112000;1.44;1.44;1.42;1.42;7200
20160204 112300;1.44;1.44;1.43;1.44;600
20160204 113300;1.42;1.45;1.42;1.435;300
20160204 113600;1.42;1.42;1.42;1.42;100
20160204 113800;1.42;1.42;1.42;1.42;400
20160204 113900;1.42;1.42;1.42;1.42;100
20160204 114300;1.425;1.43;1.425;1.425;1100
20160204 114800;1.42;1.42;1.42;1.42;100
20160204 115000;1.42;1.42;1.42;1.42;1778
20160204 115300;1.42;1.43;1.4;1.43;8121
20160204 115600;1.425;1.425;1.425;1.425;5700
20160204 115900;1.42;1.43;1.42;1.425;2100
20160204 120000;1.43;1.43;1.43;1.43;100
20160204 120100;1.43;1.43;1.43;1.43;100
20160204 120500;1.45;1.47;1.45;1.47;200
20160204 121700;1.45;1.45;1.45;1.45;200
20160204 122300;1.47;1.47;1.47;1.47;100
20160204 123200;1.46;1.46;1.46;1.46;300
20160204 123700;1.49;1.49;1.49;1.49;100
20160204 123800;1.46;1.46;1.455;1.455;6300
20160204 124200;1.46;1.46;1.46;1.46;20000
20160204 124300;1.4579;1.4579;1.4579;1.4579;1000
20160204 124400;1.46;1.48;1.45;1.45;7200
20160204 125000;1.45;1.45;1.45;1.45;100
20160204 125200;1.48;1.48;1.48;1.48;100
20160204 125500;1.45;1.4672;1.45;1.4672;400
20160204 125800;1.48;1.48;1.48;1.48;100
20160204 125900;1.45;1.4501;1.45;1.45;3300
20160204 130400;1.46;1.46;1.46;1.46;100
20160204 130800;1.46;1.46;1.46;1.46;100
20160204 131000;1.4563;1.4563;1.4563;1.4563;500
20160204 131200;1.45;1.45;1.45;1.45;200
20160204 131300;1.45;1.45;1.42;1.43;4143
20160204 131400;1.421;1.421;1.421;1.421;300
20160204 131500;1.4412;1.4412;1.4412;1.4412;1000
20160204 131700;1.42;1.42;1.42;1.42;100
20160204 132200;1.45;1.45;1.41;1.41;200
20160204 133100;1.41;1.41;1.41;1.41;100
20160204 133200;1.44;1.44;1.44;1.44;100
20160204 133300;1.41;1.4175;1.41;1.4175;500
20160204 133600;1.44;1.44;1.44;1.44;100
20160204 134300;1.42;1.42;1.42;1.42;100
20160204 134800;1.435;1.435;1.435;1.435;100
20160204 135000;1.43;1.43;1.43;1.43;3000
20160204 135200;1.425;1.425;1.4;1.4;16814
20160204 135300;1.43;1.43;1.43;1.43;100
20160204 140000;1.43;1.43;1.43;1.43;100
20160204 141100;1.45;1.45;1.45;1.45;100
20160204 141300;1.41;1.41;1.41;1.41;100
20160204 141800;1.436;1.436;1.436;1.436;1000
20160204 142200;1.41;1.45;1.41;1.45;200
20160204 143000;1.44;1.44;1.43;1.43;400
20160204 143300;1.44;1.44;1.44;1.44;100
20160204 143500;1.44;1.44;1.44;1.44;100
20160204 144000;1.46;1.46;1.46;1.46;100
20160204 145300;1.44;1.44;1.43;1.43;200
20160204 145600;1.46;1.46;1.46;1.46;100
20160204 151700;1.45;1.45;1.45;1.45;100
20160204 151800;1.46;1.46;1.46;1.46;100
20160204 152400;1.44;1.44;1.44;1.44;300
20160204 152500;1.44;1.44;1.44;1.44;100
20160204 152800;1.44;1.44;1.44;1.44;1000
20160204 153100;1.43;1.43;1.43;1.43;154
20160204 153200;1.43;1.44;1.43;1.44;574
20160204 153300;1.44;1.44;1.44;1.44;561
20160204 153600;1.43;1.43;1.43;1.43;522
20160204 154300;1.44;1.45;1.44;1.44;500
20160204 154400;1.44;1.44;1.44;1.44;495
20160204 154600;1.44;1.44;1.44;1.44;124
20160204 154900;1.44;1.44;1.44;1.44;100
20160204 155000;1.43;1.43;1.43;1.43;116
20160204 155100;1.43;1.43;1.43;1.43;100
20160204 155500;1.44;1.44;1.44;1.44;100
20160204 155600;1.43;1.43;1.42;1.43;1900
20160204 155900;1.43;1.44;1.425;1.44;1211
20160204 160000;1.435;1.44;1.43;1.43;735
20160205 094000;1.4506;1.4506;1.4506;1.4506;550
20160205 095100;1.449;1.449;1.449;1.449;1000
20160205 100000;1.41;1.41;1.41;1.41;100
20160205 103000;1.4;1.4;1.4;1.4;497
20160205 104400;1.41;1.41;1.41;1.41;100
20160205 110600;1.4;1.42;1.4;1.42;500
20160205 110700;1.4;1.4;1.4;1.4;821
20160205 111100;1.4;1.41;1.4;1.41;1500
20160205 111200;1.4;1.4;1.4;1.4;100
20160205 111300;1.405;1.405;1.405;1.405;200
20160205 111400;1.405;1.405;1.405;1.405;200
20160205 111600;1.405;1.405;1.405;1.405;200
20160205 111700;1.405;1.405;1.405;1.405;200
20160205 111900;1.405;1.405;1.405;1.405;200
20160205 112000;1.405;1.41;1.405;1.41;300
20160205 112200;1.405;1.405;1.405;1.405;100
20160205 112300;1.405;1.405;1.405;1.405;100
20160205 112500;1.405;1.405;1.405;1.405;100
20160205 112600;1.405;1.405;1.405;1.405;100
20160205 112800;1.405;1.405;1.405;1.405;100
20160205 113000;1.41;1.41;1.41;1.41;100
20160205 113100;1.41;1.41;1.41;1.41;100
20160205 113200;1.41;1.41;1.41;1.41;100
20160205 113300;1.41;1.41;1.41;1.41;200
20160205 113400;1.41;1.41;1.41;1.41;100
20160205 113500;1.41;1.41;1.41;1.41;100
20160205 113600;1.41;1.41;1.41;1.41;100
20160205 113700;1.41;1.41;1.41;1.41;100
20160205 113800;1.41;1.41;1.41;1.41;100
20160205 113900;1.41;1.41;1.41;1.41;100
20160205 114000;1.41;1.41;1.41;1.41;100
20160205 114100;1.41;1.41;1.41;1.41;100
20160205 114200;1.415;1.415;1.415;1.415;100
20160205 114300;1.41;1.41;1.41;1.41;100
20160205 114400;1.41;1.41;1.41;1.41;100
20160205 114500;1.41;1.41;1.41;1.41;100
20160205 114600;1.41;1.41;1.41;1.41;100
20160205 114800;1.41;1.41;1.41;1.41;100
20160205 114900;1.41;1.41;1.41;1.41;100
20160205 115000;1.41;1.41;1.41;1.41;100
20160205 115100;1.41;1.41;1.41;1.41;100
20160205 115200;1.41;1.41;1.41;1.41;100
20160205 115400;1.41;1.41;1.41;1.41;100
20160205 115500;1.41;1.41;1.41;1.41;100
20160205 115600;1.41;1.41;1.4;1.4;200
20160205 115700;1.41;1.41;1.41;1.41;100
20160205 115900;1.41;1.41;1.41;1.41;100
20160205 120000;1.41;1.41;1.41;1.41;100
20160205 120100;1.41;1.41;1.41;1.41;100
20160205 120300;1.41;1.42;1.41;1.42;200
20160205 125800;1.401;1.401;1.401;1.401;913
20160205 130600;1.4;1.4;1.4;1.4;100
20160205 133200;1.4;1.4;1.4;1.4;100
20160205 133500;1.4018;1.42;1.4018;1.42;1004
20160205 141600;1.4;1.41;1.4;1.41;6600
20160205 143200;1.4001;1.4099;1.4;1.4099;3000
20160205 143500;1.4;1.4;1.4;1.4;100
20160205 144000;1.4;1.41;1.4;1.41;300
20160205 152900;1.4;1.4;1.39;1.39;15475
20160205 153500;1.39;1.39;1.38;1.38;12548
20160205 154000;1.385;1.4;1.385;1.389;8100
20160205 154100;1.39;1.39;1.39;1.39;100
20160205 154800;1.38;1.39;1.38;1.39;200
20160205 155100;1.38;1.38;1.38;1.38;100
20160205 155300;1.38;1.38;1.38;1.38;200
20160205 155400;1.38;1.38;1.38;1.38;100
20160205 155500;1.39;1.39;1.39;1.39;100
20160205 155600;1.385;1.385;1.385;1.385;358
20160205 160000;1.38;1.38;1.38;1.38;200
