20160120 120000;8.82;8.82;8.82;8.82;100
20160120 151900;9;9;9;9;300
20160120 152200;9.01;9.01;9.01;9.01;100
20160122 093100;9.17;9.17;9.08;9.08;200
20160122 093300;9.05;9.07;9.05;9.07;400
20160122 095100;9.0775;9.0775;9.0775;9.0775;100
20160122 095700;9.08;9.08;9.08;9.08;200
20160122 103900;9.05;9.05;9.05;9.05;100
20160122 111000;9.021;9.03;9.021;9.03;200
20160125 151100;9.01;9.01;9;9;284
20160125 153900;8.9;8.9;8.9;8.9;100
20160125 154300;8.9;8.9;8.9;8.9;100
20160125 155700;8.86;8.86;8.86;8.86;200
20160125 155900;8.86;8.86;8.86;8.86;179
20160128 135900;9.04;9.04;9.04;9.04;400
20160128 140100;9.06;9.06;9.06;9.06;500
20160128 143400;9.05;9.05;9.05;9.05;200
20160128 144800;9.07;9.07;9.07;9.07;200
20160128 155600;9.07;9.07;9.07;9.07;400
20160129 125500;9.18;9.18;9.18;9.18;400
20160129 130500;9.2;9.2;9.2;9.2;200
20160129 142600;9.2;9.2;9.2;9.2;100
20160201 131400;8.76;8.76;8.76;8.76;100
20160201 134600;8.78;8.78;8.78;8.78;169
20160204 100500;8.75;8.75;8.75;8.75;180
20160204 100600;8.75;8.75;8.75;8.75;700
20160204 101800;8.75;8.76;8.75;8.76;930
20160204 114200;8.61;8.61;8.61;8.61;100
20160204 135500;8.63;8.63;8.63;8.63;100
20160204 155100;8.6101;8.6101;8.6101;8.6101;200
20160204 155900;8.6;8.6;8.6;8.6;100
20160205 114500;8.52;8.52;8.52;8.52;100
20160205 141700;8.52;8.52;8.52;8.52;400
20160205 150900;8.47;8.47;8.47;8.47;100
