20160119 093000;29.3;29.3;29.3;29.3;100
20160119 093900;29.55;29.55;29.55;29.55;200
20160119 094000;29.55;29.6;29.55;29.6;400
20160119 094100;29.56;29.56;29.56;29.56;100
20160119 094400;29.4908;29.4908;29.4908;29.4908;1500
20160119 095800;29.5675;29.5675;29.5675;29.5675;500
20160119 100100;29.822;30.149;29.66;29.815;14063
20160119 101400;29.99;29.99;29.99;29.99;400
20160119 101500;29.89;29.925;29.8701;29.925;300
20160119 101600;29.6353;29.6353;29.6353;29.6353;400
20160119 101700;29.81;29.81;29.81;29.81;100
20160119 104100;29.8;29.81;29.8;29.8;600
20160119 104300;29.71;29.71;29.71;29.71;100
20160119 104500;29.62;29.62;29.62;29.62;200
20160119 104900;29.73;29.73;29.73;29.73;400
20160119 105200;29.84;29.89;29.83;29.83;400
20160119 105300;29.8;29.82;29.79;29.79;500
20160119 105600;29.69;29.7099;29.69;29.7099;200
20160119 105800;29.73;29.73;29.73;29.73;200
20160119 110100;29.81;29.81;29.81;29.81;100
20160119 110400;29.82;29.82;29.82;29.82;100
20160119 110600;29.85;29.85;29.85;29.85;200
20160119 110700;29.83;29.83;29.83;29.83;300
20160119 110800;29.73;29.73;29.73;29.73;400
20160119 110900;29.81;29.81;29.81;29.81;100
20160119 111000;29.82;29.82;29.82;29.82;100
20160119 111200;29.8185;29.8185;29.8185;29.8185;100
20160119 111400;29.82;29.82;29.81;29.82;700
20160119 111500;29.79;29.79;29.79;29.79;100
20160119 111600;29.7;29.7;29.7;29.7;100
20160119 111800;29.5503;29.73;29.55;29.73;400
20160119 111900;29.55;29.55;29.55;29.55;300
20160119 112000;29.6585;29.67;29.6585;29.67;600
20160119 112100;29.68;29.68;29.68;29.68;100
20160119 112200;29.7985;29.7985;29.7985;29.7985;100
20160119 112300;29.78;29.78;29.7601;29.7601;200
20160119 112400;29.7616;29.7616;29.7;29.7;900
20160119 112600;29.71;29.71;29.6928;29.7;500
20160119 112700;29.64;29.64;29.64;29.64;100
20160119 112800;29.7;29.7;29.7;29.7;200
20160119 112900;29.8;29.8;29.74;29.74;400
20160119 113000;29.76;29.76;29.76;29.76;100
20160119 113200;29.74;29.74;29.74;29.74;100
20160119 113300;29.74;29.7999;29.74;29.7999;200
20160119 113400;29.8;29.8;29.8;29.8;100
20160119 113500;29.82;29.82;29.82;29.82;100
20160119 113700;29.915;29.92;29.915;29.92;200
20160119 113800;29.82;29.82;29.82;29.82;100
20160119 114000;29.73;29.74;29.73;29.74;200
20160119 114100;29.7899;29.7899;29.7899;29.7899;100
20160119 114200;29.73;29.73;29.72;29.72;900
20160119 114300;29.8799;29.8799;29.8799;29.8799;100
20160119 114500;29.81;29.88;29.81;29.81;332
20160119 114600;29.83;29.83;29.83;29.83;100
20160119 114700;29.81;29.81;29.81;29.81;200
20160119 114800;29.84;29.84;29.83;29.83;300
20160119 114900;29.89;29.89;29.89;29.89;100
20160119 115000;29.71;29.71;29.71;29.71;400
20160119 115100;29.91;29.91;29.82;29.82;400
20160119 115200;29.82;29.82;29.81;29.81;300
20160119 115400;29.7385;29.74;29.7385;29.74;300
20160119 115500;29.75;29.75;29.75;29.75;200
20160119 115600;29.77;29.8;29.77;29.8;300
20160119 115700;29.81;29.81;29.81;29.81;100
20160119 115800;29.93;29.94;29.93;29.94;200
20160119 115900;29.93;29.93;29.93;29.93;100
20160119 120000;29.87;29.87;29.85;29.85;300
20160119 120100;29.83;29.83;29.83;29.83;100
20160119 120200;29.77;29.7899;29.77;29.7899;200
20160119 120300;29.7999;29.81;29.79;29.81;300
20160119 120400;29.8;29.8699;29.8;29.86;300
20160119 120500;29.83;29.83;29.81;29.81;300
20160119 120700;29.83;29.84;29.83;29.84;200
20160119 121000;29.82;29.82;29.82;29.82;100
20160119 121200;29.8;29.8;29.8;29.8;100
20160119 121300;29.76;29.76;29.69;29.69;200
20160119 121400;29.7;29.7;29.7;29.7;100
20160119 121600;29.7799;29.7799;29.77;29.7799;300
20160119 121800;29.93;29.93;29.87;29.87;200
20160119 121900;29.86;29.86;29.86;29.86;100
20160119 122000;29.77;29.77;29.77;29.77;100
20160119 122100;29.8;29.83;29.8;29.83;200
20160119 122300;29.942;29.942;29.942;29.942;100
20160119 122500;29.81;29.81;29.81;29.81;100
20160119 122600;29.84;29.84;29.84;29.84;100
20160119 122700;29.92;29.9458;29.92;29.9458;200
20160119 122900;29.9499;29.9499;29.9499;29.9499;100
20160119 123100;29.9499;29.9499;29.9499;29.9499;100
20160119 123300;29.9499;29.9499;29.9499;29.9499;100
20160119 123500;29.95;29.95;29.95;29.95;100
20160119 123700;29.95;29.95;29.95;29.95;200
20160119 123900;29.9499;29.9499;29.9499;29.9499;100
20160119 124100;29.9499;29.9499;29.9499;29.9499;100
20160119 124300;29.94;29.94;29.94;29.94;100
20160119 124400;29.95;29.95;29.95;29.95;100
20160119 124600;29.949;29.949;29.949;29.949;100
20160119 124700;29.94;29.94;29.94;29.94;100
20160119 124800;29.9499;29.9499;29.9499;29.9499;100
20160119 125000;29.95;29.95;29.95;29.95;100
20160119 125200;29.9499;29.9499;29.9499;29.9499;100
20160119 125400;29.9152;29.9152;29.9152;29.9152;100
20160119 125600;29.9499;29.9499;29.9499;29.9499;100
20160119 125700;29.94;29.94;29.94;29.94;100
20160119 125800;29.9499;29.9499;29.9499;29.9499;100
20160119 130000;29.9499;29.9499;29.9499;29.9499;100
20160119 130200;29.95;29.95;29.95;29.95;100
20160119 130400;29.95;29.95;29.94;29.94;200
20160119 130600;29.95;29.95;29.95;29.95;100
20160119 130700;29.95;29.95;29.95;29.95;100
20160119 130800;29.95;29.95;29.95;29.95;100
20160119 130900;30.042;30.042;30.042;30.042;100
20160119 131100;30.0458;30.0458;30.0458;30.0458;100
20160119 131300;30.05;30.05;30.05;30.05;100
20160119 131500;30.09;30.09;30.09;30.09;100
20160119 131700;30.0899;30.0899;30.0899;30.0899;100
20160119 131800;30.09;30.09;30.09;30.09;100
20160119 131900;30.08;30.08;30.08;30.08;100
20160119 132100;30.09;30.09;30.09;30.09;100
20160119 132300;30.09;30.09;30.085;30.085;200
20160119 132500;30.09;30.09;30.09;30.09;100
20160119 132700;30.08;30.08;30.08;30.08;100
20160119 132800;30.08;30.08;30.08;30.08;100
20160119 132900;30.0799;30.0799;30.0799;30.0799;100
20160119 133100;30.0799;30.0799;30.0799;30.0799;100
20160119 133300;30.08;30.08;30.08;30.08;100
20160119 133400;30.0799;30.0799;30.0799;30.0799;100
20160119 133600;30.07;30.07;30.07;30.07;100
20160119 133800;30.03;30.03;30.03;30.03;100
20160119 133900;30.07;30.07;30.07;30.07;100
20160119 134000;30.07;30.07;30.07;30.07;100
20160119 134200;30.05;30.07;30.05;30.07;200
20160119 134400;30.06;30.06;30.06;30.06;100
20160119 134600;30.06;30.06;30.06;30.06;100
20160119 134800;30.06;30.07;30.06;30.06;400
20160119 135000;30.06;30.06;30.06;30.06;100
20160119 135200;30.07;30.07;30.07;30.07;100
20160119 135400;30.11;30.11;30.1;30.1;200
20160119 135600;30.11;30.11;29.8538;29.8538;300
20160119 135700;29.8538;29.8538;29.84;29.8515;500
20160119 135800;29.8515;30.084;29.8515;29.8515;500
20160119 135900;30.0858;30.0858;30.0858;30.0858;100
20160119 140100;30.0858;30.0858;30.0858;30.0858;100
20160119 140300;30.0885;30.0885;30.0885;30.0885;100
20160119 140500;30.089;30.089;30.089;30.089;100
20160119 140700;30.09;30.09;30.09;30.09;100
20160119 140900;30.09;30.09;30.08;30.08;200
20160119 141100;30.075;30.075;30.075;30.075;100
20160119 141500;30.1;30.1;30.1;30.1;100
20160119 141700;30.0499;30.0499;30.0499;30.0499;100
20160119 141900;30.0358;30.0358;30.0358;30.0358;100
20160119 142100;30.039;30.039;30.039;30.039;100
20160119 142300;30.039;30.039;30.039;30.039;100
20160119 142400;30.0399;30.0399;30.0399;30.0399;100
20160119 142600;30.04;30.04;30.04;30.04;100
20160119 142800;30.0399;30.0399;30.0399;30.0399;100
20160119 143000;30.04;30.05;30.04;30.05;500
20160119 143200;30.1;30.1;30.1;30.1;100
20160119 143400;30.11;30.11;30.1;30.1;200
20160119 143600;30.1;30.1;30.1;30.1;100
20160119 143800;30.1;30.1;30.0011;30.0011;200
20160119 144000;30.1;30.1;30.1;30.1;100
20160119 144100;30;30.0058;30;30.0058;500
20160119 144200;30;30.115;30;30.1;500
20160119 144400;30.1;30.1;30.1;30.1;100
20160119 144500;30;30.01;30;30;600
20160119 144600;29.7801;29.7801;29.7801;29.7801;100
20160119 144700;29.996;29.996;29.996;29.996;100
20160119 144900;29.99;29.99;29.99;29.99;100
20160119 145100;29.921;29.9885;29.921;29.9885;300
20160119 145300;29.9899;29.9899;29.9899;29.9899;100
20160119 145500;29.986;29.986;29.986;29.986;100
20160119 145700;29.99;29.99;29.99;29.99;100
20160119 145900;29.99;29.99;29.99;29.99;300
20160119 150500;30;30;30;30;250
20160119 151100;29.885;29.885;29.885;29.885;200
20160119 155100;30;30;30;30;126
20160119 155200;29.98;29.98;29.98;29.98;300
20160119 155600;29.95;29.95;29.95;29.95;100
20160120 095600;29.43;29.47;29.43;29.47;200
20160120 095700;29.44;29.48;29.44;29.48;1440
20160120 095800;29.51;29.51;29.51;29.51;100
20160120 095900;29.47;29.51;29.47;29.51;500
20160120 100000;29.35;29.51;29.35;29.51;1700
20160120 100100;29.54;29.55;29.51;29.51;380
20160120 100200;29.52;29.52;29.52;29.52;500
20160120 100300;29.53;29.53;29.53;29.53;508
20160120 100400;29.58;29.58;29.5002;29.5401;1900
20160120 100500;29.53;29.53;29.5;29.5;1920
20160120 101000;29.5;29.5;29.5;29.5;600
20160120 101200;29.53;29.53;29.53;29.53;700
20160120 101300;29.54;29.54;29.54;29.54;1000
20160120 101400;29.4;29.54;29.34;29.37;7500
20160120 101500;29.37;29.37;29.34;29.34;2900
20160120 101700;29.345;29.345;29.28;29.28;4000
20160120 101800;29.27;29.27;29.27;29.27;100
20160120 111200;28.93;28.93;28.93;28.93;200
20160120 111300;28.99;28.99;28.98;28.98;351
20160120 113300;28.93;28.98;28.93;28.98;200
20160120 114000;29;29;29;29;100
20160120 115300;28.927;28.927;28.927;28.927;200
20160120 120200;28.8499;28.8499;28.8499;28.8499;300
20160120 120600;28.79;28.79;28.79;28.79;100
20160120 123100;28.65;28.65;28.65;28.65;200
20160120 123400;28.7;28.7;28.7;28.7;100
20160120 132400;28.74;28.74;28.74;28.74;100
20160120 134600;28.94;28.95;28.94;28.95;600
20160120 142400;28.89;28.93;28.89;28.93;200
20160120 144000;29;29;29;29;396
20160120 144800;29.01;29.01;29.01;29.01;100
20160120 145000;29.02;29.03;29.02;29.03;600
20160120 145100;29.34;29.34;29.1701;29.185;400
20160120 145200;29.22;29.22;29.22;29.22;200
20160120 145300;29.07;29.07;29.07;29.07;100
20160120 145400;29.11;29.11;29.11;29.11;100
20160120 145500;29.18;29.18;29.1701;29.1701;200
20160120 145800;29.12;29.12;29.12;29.12;200
20160120 145900;29.15;29.15;29.15;29.15;100
20160120 150000;29.21;29.23;29.21;29.23;400
20160120 150200;29.08;29.08;29.08;29.08;200
20160120 150400;29.375;29.375;29.2301;29.28;300
20160120 150700;29.11;29.11;29.11;29.11;100
20160120 150800;29.295;29.295;29.29;29.29;200
20160120 151000;28.97;29.08;28.97;29.08;400
20160120 151100;29.29;29.29;29.29;29.29;100
20160120 151300;29.08;29.08;29.08;29.08;200
20160120 151600;29.26;29.26;29.26;29.26;100
20160120 152700;29.28;29.28;29.28;29.28;200
20160120 152800;29.2;29.22;29.2;29.22;400
20160120 154000;29.216;29.216;29.2001;29.2001;400
20160120 154900;29.2015;29.2015;29.2;29.2;1000
20160121 093800;29.35;29.35;29.31;29.31;200
20160121 094000;29.3;29.3;29.3;29.3;300
20160121 094100;29.32;29.329;29.31;29.329;500
20160121 094600;29.31;29.31;29.2484;29.2484;575
20160121 094700;29.27;29.27;29.27;29.27;100
20160121 095700;29.29;29.29;29.29;29.29;200
20160121 100200;29.2501;29.2501;29.2501;29.2501;100
20160121 100300;29.255;29.255;29.25;29.25;400
20160121 100400;29.25;29.3;29.25;29.3;300
20160121 100500;29.31;29.31;29.31;29.31;200
20160121 100600;29.315;29.315;29.315;29.315;100
20160121 100900;29.31;29.31;29.31;29.31;200
20160121 101000;29.32;29.34;29.315;29.3392;4476
20160121 101100;29.32;29.33;29.32;29.33;700
20160121 101200;29.32;29.3201;29.32;29.32;900
20160121 103600;29.33;29.33;29.33;29.33;400
20160121 104000;29.32;29.32;29.32;29.32;300
20160121 104700;29.31;29.31;29.31;29.31;100
20160121 104800;29.32;29.33;29.31;29.31;551
20160121 104900;29.31;29.31;29.29;29.29;320
20160121 111000;29.3;29.3;29.3;29.3;100
20160121 115100;29.28;29.28;29.28;29.28;100
20160121 115700;29.31;29.31;29.31;29.31;300
20160121 120200;29.2808;29.2808;29.2808;29.2808;100
20160121 121500;29.28;29.28;29.28;29.28;200
20160121 121700;29.28;29.29;29.28;29.29;600
20160121 121900;29.299;29.299;29.29;29.29;200
20160121 125100;29.2058;29.2058;29.2058;29.2058;226
20160121 154700;29.0746;29.0746;29.0746;29.0746;679
20160122 095500;29.73;29.73;29.73;29.73;287
20160122 101000;29.68;29.68;29.68;29.68;100
20160122 102800;29.7;29.7;29.7;29.7;300
20160122 103200;29.71;29.71;29.71;29.71;201
20160122 103400;29.67;29.67;29.67;29.67;100
20160122 105400;29.62;29.63;29.62;29.63;200
20160122 105900;29.6;29.6;29.6;29.6;100
20160122 112100;29.595;29.595;29.595;29.595;100
20160122 115300;29.52;29.52;29.52;29.52;100
20160122 115700;29.51;29.51;29.51;29.51;1400
20160122 123100;29.438;29.438;29.438;29.438;408
20160122 135600;29.515;29.515;29.515;29.515;100
20160122 152900;29.42;29.42;29.42;29.42;100
20160122 153800;29.41;29.455;29.41;29.455;300
20160122 154000;29.44;29.44;29.44;29.44;100
20160122 154200;29.43;29.43;29.43;29.43;200
20160122 154500;29.42;29.42;29.42;29.42;200
20160122 155000;29.4;29.4;29.4;29.4;100
20160122 155600;29.35;29.35;29.35;29.35;100
20160122 155800;29.39;29.39;29.39;29.39;200
20160122 160000;29.385;29.385;29.385;29.385;100
20160125 094200;29.707;29.707;29.707;29.707;300
20160125 094300;29.579;29.579;29.579;29.579;300
20160125 094600;29.46;29.735;29.46;29.71;449
20160125 095100;29.71;29.71;29.71;29.71;100
20160125 095700;29.71;29.71;29.71;29.71;100
20160125 095800;29.71;29.71;29.71;29.71;100
20160125 095900;29.62;29.62;29.62;29.62;100
20160125 100100;29.62;29.62;29.62;29.62;100
20160125 103700;29.515;29.515;29.515;29.515;100
20160125 114700;29.54;29.54;29.54;29.54;100
20160125 120200;29.6;29.6;29.6;29.6;100
20160125 120600;29.63;29.66;29.63;29.66;400
20160125 120700;29.64;29.64;29.64;29.64;100
20160125 121100;29.65;29.66;29.65;29.66;200
20160125 124600;29.67;29.67;29.67;29.67;100
20160125 124700;29.67;29.67;29.67;29.67;100
20160125 130300;29.69;29.69;29.69;29.69;300
20160125 130400;29.69;29.69;29.69;29.69;2100
20160125 130900;29.69;29.69;29.69;29.69;100
20160125 131500;29.69;29.69;29.69;29.69;100
20160125 131800;29.69;29.69;29.69;29.69;200
20160125 133700;29.69;29.69;29.69;29.69;100
20160125 134800;29.69;29.69;29.69;29.69;100
20160125 135800;29.68;29.68;29.68;29.68;180
20160125 140400;29.75;29.75;29.75;29.75;158
20160125 141200;29.71;29.71;29.71;29.71;100
20160125 142600;29.7;29.7;29.67;29.67;460
20160125 144000;29.68;29.68;29.68;29.68;200
20160125 144500;29.68;29.68;29.68;29.68;200
20160125 145000;29.67;29.67;29.67;29.67;220
20160125 150800;29.69;29.69;29.69;29.69;397
20160125 152500;29.5575;29.5575;29.5575;29.5575;300
20160125 153300;29.57;29.5999;29.56;29.5999;500
20160125 153400;29.596;29.6;29.5936;29.5936;600
20160125 153500;29.5961;29.5961;29.5961;29.5961;100
20160125 154500;29.5961;29.5999;29.5961;29.5999;200
20160125 154600;29.59;29.5961;29.5852;29.5961;500
20160125 154700;29.5999;29.5999;29.5999;29.5999;200
20160125 154800;29.5999;29.5999;29.5999;29.5999;200
20160126 093700;29.62;29.62;29.62;29.62;400
20160126 093800;29.7;29.7;29.7;29.7;200
20160126 093900;29.69;29.7;29.69;29.7;200
20160126 094000;29.7;29.7;29.67;29.67;400
20160126 094100;29.66;29.66;29.66;29.66;100
20160126 094200;29.58;29.58;29.57;29.58;1400
20160126 094900;29.58;29.58;29.58;29.58;100
20160126 095200;29.6;29.6;29.6;29.6;300
20160126 095400;29.6;29.6;29.6;29.6;100
20160126 095500;29.6;29.6;29.59;29.6;300
20160126 095600;29.6;29.6;29.6;29.6;200
20160126 095700;29.6;29.6;29.6;29.6;300
20160126 095900;29.6;29.6;29.6;29.6;200
20160126 100100;29.6;29.6;29.6;29.6;100
20160126 100800;29.6;29.6;29.6;29.6;300
20160126 101200;29.6;29.6;29.6;29.6;400
20160126 101400;29.6;29.6;29.6;29.6;100
20160126 101500;29.6;29.6;29.58;29.58;800
20160126 101700;29.6;29.61;29.54;29.54;1900
20160126 102000;29.6;29.6;29.6;29.6;200
20160126 102100;29.6;29.6;29.6;29.6;200
20160126 103700;29.6;29.6;29.6;29.6;100
20160126 104100;29.6;29.6;29.6;29.6;100
20160126 104500;29.6;29.6;29.6;29.6;100
20160126 105200;29.6;29.6;29.6;29.6;100
20160126 105700;29.6;29.6;29.6;29.6;100
20160126 110600;29.6;29.6;29.6;29.6;100
20160126 110900;29.5716;29.5716;29.5716;29.5716;1021
20160126 111400;29.6;29.6;29.6;29.6;700
20160126 111500;29.6;29.6;29.6;29.6;400
20160126 112000;29.6;29.6;29.6;29.6;100
20160126 112400;29.6;29.6;29.6;29.6;300
20160126 112500;29.59;29.59;29.59;29.59;100
20160126 113100;29.54;29.54;29.54;29.54;100
20160126 120100;29.6;29.62;29.6;29.6;1000
20160126 120200;29.6;29.6;29.6;29.6;100
20160126 120500;29.59;29.59;29.59;29.59;100
20160126 120900;29.54;29.54;29.54;29.54;300
20160126 121400;29.6;29.655;29.59;29.59;800
20160126 121500;29.6;29.6;29.57;29.57;500
20160126 122200;29.6;29.6;29.54;29.54;1500
20160126 123500;29.6;29.6;29.6;29.6;300
20160126 124600;29.59;29.59;29.59;29.59;100
20160126 124700;29.6;29.6;29.6;29.6;200
20160126 124800;29.6;29.6;29.6;29.6;100
20160126 125500;29.54;29.54;29.54;29.54;200
20160126 130300;29.6;29.6;29.6;29.6;200
20160126 130400;29.6;29.6;29.6;29.6;100
20160126 130700;29.54;29.54;29.54;29.54;100
20160126 131100;29.6;29.6;29.6;29.6;100
20160126 131900;29.796;29.796;29.75;29.75;400
20160126 133300;29.7489;29.75;29.7489;29.75;200
20160126 133600;29.75;29.75;29.75;29.75;200
20160126 133800;29.74;29.74;29.74;29.74;100
20160126 134500;29.73;29.73;29.73;29.73;100
20160126 134600;29.74;29.74;29.74;29.74;100
20160126 134700;29.73;29.73;29.68;29.68;300
20160126 135700;29.71;29.72;29.71;29.72;200
20160126 141200;29.72;29.72;29.72;29.72;100
20160126 141900;29.72;29.72;29.72;29.72;100
20160126 142500;29.75;29.75;29.72;29.72;700
20160126 144400;29.72;29.72;29.72;29.72;100
20160126 144600;29.72;29.72;29.72;29.72;100
20160126 145000;29.72;29.72;29.72;29.72;100
20160126 145800;29.72;29.72;29.72;29.72;100
20160126 150600;29.74;29.75;29.74;29.75;300
20160126 153400;29.73;29.81;29.73;29.75;6500
20160126 153900;29.61;29.61;29.57;29.57;700
20160127 094300;29.87;29.87;29.87;29.87;100
20160127 094400;29.8216;29.8216;29.8216;29.8216;300
20160127 094500;29.725;29.85;29.725;29.85;200
20160127 094600;29.86;29.87;29.74;29.74;400
20160127 094800;29.87;29.88;29.755;29.88;300
20160127 094900;29.88;29.88;29.88;29.88;100
20160127 095000;29.87;29.87;29.8699;29.87;400
20160127 095100;29.83;29.83;29.83;29.83;100
20160127 095400;29.83;29.83;29.83;29.83;100
20160127 095800;29.83;29.83;29.83;29.83;100
20160127 100100;29.83;29.83;29.83;29.83;100
20160127 100400;29.83;29.83;29.83;29.83;100
20160127 100900;29.82;29.82;29.81;29.81;200
20160127 101200;29.8;29.8;29.8;29.8;100
20160127 101700;29.8;29.8;29.8;29.8;100
20160127 102100;29.8;29.8;29.8;29.8;100
20160127 103500;29.79;29.79;29.78;29.78;400
20160127 103900;29.79;29.79;29.79;29.79;100
20160127 104100;29.79;29.79;29.79;29.79;100
20160127 104900;29.791;29.7911;29.79;29.79;900
20160127 105200;29.79;29.79;29.79;29.79;100
20160127 105800;29.79;29.79;29.79;29.79;100
20160127 110700;29.79;29.79;29.79;29.79;100
20160127 111400;29.79;29.79;29.79;29.79;100
20160127 113500;29.8;29.82;29.7;29.8;2870
20160127 115100;29.8;29.8;29.8;29.8;100
20160127 115700;29.79;29.79;29.79;29.79;100
20160127 120000;29.79;29.79;29.79;29.79;300
20160127 120300;29.8;29.81;29.8;29.8;600
20160127 120700;29.8;29.8;29.8;29.8;100
20160127 121200;29.8;29.8;29.79;29.79;870
20160127 123300;29.77;29.77;29.77;29.77;100
20160127 125700;29.77;29.77;29.77;29.77;200
20160127 130400;29.77;29.77;29.77;29.77;100
20160127 131200;29.77;29.77;29.77;29.77;100
20160127 132800;29.77;29.77;29.77;29.77;100
20160127 132900;29.632;29.632;29.632;29.632;100
20160127 141600;29.63;29.63;29.63;29.63;300
20160127 141700;29.63;29.63;29.63;29.63;100
20160127 142700;29.77;29.8;29.77;29.78;1500
20160127 143100;29.79;29.79;29.7897;29.7897;2000
20160127 143200;29.79;29.79;29.79;29.79;200
20160127 143300;29.79;29.79;29.79;29.79;100
20160127 143400;29.7902;29.795;29.7902;29.795;200
20160127 143500;29.795;29.795;29.79;29.795;400
20160127 143600;29.795;29.795;29.795;29.795;400
20160127 144100;29.7902;29.795;29.7902;29.795;300
20160127 144200;29.795;29.795;29.79;29.79;1500
20160127 144300;29.8;29.8;29.8;29.8;800
20160127 145000;29.8;29.8;29.8;29.8;100
20160127 145400;29.8;29.8;29.8;29.8;200
20160127 145800;29.72;29.73;29.72;29.73;650
20160127 145900;29.78;29.78;29.78;29.78;300
20160127 150000;29.78;29.78;29.78;29.78;100
20160127 150100;29.78;29.78;29.78;29.78;350
20160127 150300;29.8;29.8;29.8;29.8;600
20160127 150500;29.8;29.8;29.8;29.8;295
20160127 153700;29.5901;29.5901;29.5901;29.5901;700
20160127 155300;29.7;29.7;29.7;29.7;500
20160127 155500;29.7;29.7;29.7;29.7;100
20160128 094100;29.87;29.87;29.87;29.87;100
20160128 094300;29.87;29.87;29.87;29.87;100
20160128 095200;29.88;29.88;29.88;29.88;1517
20160128 103200;29.93;29.93;29.93;29.93;100
20160128 105100;30.09;30.1;30.09;30.1;300
20160128 105300;30.07;30.07;30.07;30.07;100
20160128 105500;30.07;30.07;30.07;30.07;300
20160128 113700;30.07;30.07;30.07;30.07;401
20160128 121500;30.11;30.11;30.11;30.11;100
20160128 140500;30.0801;30.0801;30.0801;30.0801;400
20160128 150100;30.12;30.12;30.12;30.12;100
20160129 094200;30.26;30.26;30.26;30.26;100
20160129 094700;30.3;30.3;30.3;30.3;400
20160129 094900;30.28;30.28;30.28;30.28;200
20160129 095100;30.3;30.3;30.3;30.3;100
20160129 095200;30.35;30.35;30.35;30.35;100
20160129 095400;30.38;30.38;30.38;30.38;900
20160129 095500;30.38;30.38;30.38;30.38;200
20160129 095600;30.35;30.35;30.35;30.35;500
20160129 095700;30.35;30.43;30.35;30.43;300
20160129 095900;30.44;30.45;30.4;30.4;400
20160129 100000;30.36;30.36;30.35;30.35;500
20160129 100100;30.35;30.35;30.35;30.35;200
20160129 100300;30.45;30.45;30.45;30.45;300
20160129 100800;30.475;30.475;30.475;30.475;100
20160129 113900;30.3499;30.3499;30.346;30.346;400
20160129 115400;30.35;30.35;30.35;30.35;300
20160129 115500;30.35;30.35;30.35;30.35;100
20160129 115600;30.35;30.35;30.35;30.35;1200
20160129 122500;30.35;30.35;30.35;30.35;200
20160129 122600;30.35;30.35;30.35;30.35;700
20160129 122700;30.35;30.35;30.35;30.35;400
20160129 125500;30.28;30.29;30.28;30.28;1000
20160129 125600;30.28;30.28;30.28;30.28;600
20160129 125700;30.28;30.28;30.27;30.27;1000
20160129 125800;30.28;30.28;30.26;30.26;700
20160129 135100;30.28;30.28;30.28;30.28;100
20160129 155900;30.28;30.28;30.28;30.28;100
20160201 094100;30.22;30.22;30.22;30.22;300
20160201 094200;30.26;30.26;30.26;30.26;100
20160201 094300;30.26;30.43;30.26;30.43;300
20160201 094400;30.4;30.4;30.4;30.4;500
20160201 094500;30.4;30.405;30.39;30.39;1400
20160201 094600;30.35;30.35;30.35;30.35;200
20160201 094700;30.3832;30.445;30.3832;30.445;200
20160201 095000;30.44;30.4495;30.44;30.4495;300
20160201 095100;30.38;30.51;30.38;30.51;600
20160201 095200;30.45;30.45;30.45;30.45;100
20160201 095300;30.52;30.52;30.52;30.52;350
20160201 095400;30.59;30.5999;30.58;30.58;300
20160201 095500;30.6;30.6;30.6;30.6;159
20160201 095600;30.56;30.56;30.56;30.56;100
20160201 095700;30.55;30.61;30.55;30.61;200
20160201 095800;30.61;30.61;30.61;30.61;100
20160201 100100;30.66;30.66;30.66;30.66;200
20160201 100400;30.61;30.61;30.61;30.61;100
20160201 100800;30.61;30.61;30.61;30.61;100
20160201 115700;30.58;30.61;30.58;30.61;1694
20160201 115800;30.62;30.62;30.55;30.55;1900
20160201 120300;30.7289;30.7289;30.7289;30.7289;200
20160201 120400;30.72;30.72;30.72;30.72;400
20160201 120800;30.71;30.71;30.71;30.71;100
20160201 120900;30.69;30.69;30.69;30.69;100
20160201 121900;30.67;30.67;30.67;30.67;100
20160201 124400;30.65;30.65;30.65;30.65;100
20160201 125800;30.63;30.63;30.63;30.63;100
20160201 130800;30.61;30.61;30.61;30.61;100
20160201 150000;30.64;30.66;30.63;30.63;600
20160201 150300;30.66;30.66;30.66;30.66;300
20160201 150700;30.69;30.71;30.69;30.71;1044
20160201 151100;30.71;30.71;30.71;30.71;190
20160201 151400;30.71;30.71;30.71;30.71;100
20160201 151800;30.72;30.72;30.72;30.72;100
20160201 155300;30.72;30.72;30.72;30.72;990
20160201 160000;30.84;30.84;30.84;30.84;100
20160202 093400;30.33;30.33;30.33;30.33;200
20160202 093900;30.25;30.25;30.25;30.25;200
20160202 094300;30.25;30.25;30.25;30.25;100
20160202 094900;30.3;30.3001;30.3;30.3;540
20160202 095100;30.3;30.3;30.3;30.3;100
20160202 095200;30.27;30.27;30.23;30.23;300
20160202 095400;30.21;30.21;30.21;30.21;200
20160202 095500;30.22;30.22;30.22;30.22;100
20160202 111300;30.25;30.25;30.25;30.25;600
20160202 120100;30.27;30.27;30.27;30.27;200
20160202 120200;30.27;30.29;30.27;30.29;400
20160202 120300;30.29;30.29;30.29;30.29;300
20160202 120400;30.29;30.29;30.29;30.29;400
20160202 120700;30.29;30.29;30.29;30.29;700
20160202 121200;30.29;30.29;30.29;30.29;100
20160202 122500;30.29;30.29;30.29;30.29;100
20160202 131000;30.29;30.29;30.29;30.29;500
20160202 131500;30.28;30.28;30.28;30.28;100
20160202 131700;30.27;30.2799;30.27;30.2799;200
20160202 131800;30.28;30.28;30.28;30.28;200
20160202 132100;30.29;30.29;30.29;30.29;100
20160202 134400;30.3;30.3;30.3;30.3;100
20160202 134500;30.3;30.3;30.3;30.3;100
20160202 134900;30.3;30.3;30.3;30.3;100
20160202 135800;30.28;30.28;30.28;30.28;151
20160202 142400;30.21;30.21;30.21;30.21;150
20160202 150300;30.21;30.21;30.21;30.21;400
20160202 151500;30.235;30.24;30.235;30.24;400
20160202 151600;30.3;30.3;30.3;30.3;468
20160202 152500;30.2;30.2;30.2;30.2;100
20160202 155700;30.02;30.03;30.02;30.03;200
20160203 094300;30.32;30.32;30.32;30.32;100
20160203 095200;30.18;30.18;30.18;30.18;100
20160203 100100;30.16;30.16;30.16;30.16;100
20160203 100800;30.15;30.15;30.15;30.15;100
20160203 101200;30.13;30.13;30.13;30.13;100
20160203 101500;30.13;30.13;30.13;30.13;200
20160203 101600;30.13;30.13;30.13;30.13;100
20160203 102200;30.13;30.13;30.13;30.13;100
20160203 103100;30.13;30.13;30.13;30.13;100
20160203 103400;30.12;30.12;30.12;30.12;100
20160203 103600;30.08;30.08;30.08;30.08;100
20160203 103700;30.06;30.06;30.05;30.05;300
20160203 104000;30.05;30.05;30.05;30.05;100
20160203 104500;30.08;30.08;30.0308;30.0308;300
20160203 105800;30.08;30.08;30.08;30.08;100
20160203 105900;30.08;30.08;30.08;30.08;300
20160203 110900;30.07;30.07;30.07;30.07;100
20160203 113100;30.07;30.0701;30.07;30.07;1900
20160203 113700;30.05;30.05;30.05;30.05;100
20160203 114300;30.05;30.07;30.05;30.07;200
20160203 114400;30.05;30.05;30.05;30.05;100
20160203 114600;30.05;30.07;30.05;30.07;2000
20160203 114900;30.05;30.05;30.05;30.05;400
20160203 115800;30.05;30.05;30.05;30.05;100
20160203 115900;30.05;30.05;30.05;30.05;100
20160203 120100;30.05;30.05;30.05;30.05;100
20160203 120400;30.05;30.05;30.05;30.05;100
20160203 120700;30.05;30.05;30.05;30.05;100
20160203 121700;30.05;30.05;30.05;30.05;100
20160203 122400;30.05;30.05;30.05;30.05;100
20160203 123500;30.05;30.05;30.05;30.05;100
20160203 123800;30.03;30.0301;30.03;30.03;1900
20160203 125900;29.98;29.98;29.98;29.98;100
20160203 130000;29.98;29.98;29.98;29.98;200
20160203 130400;30;30;30;30;200
20160203 130800;30;30;30;30;501
20160203 130900;30;30;30;30;100
20160203 131000;30;30;30;30;800
20160203 131200;30.0001;30.0001;30;30;300
20160203 131400;30;30;30;30;400
20160203 142300;30.05;30.065;30.05;30.05;6300
20160203 142400;30.05;30.06;30.04;30.06;1500
20160203 142500;30.04;30.055;30.04;30.055;600
20160203 142600;30.04;30.06;30.04;30.06;600
20160203 142700;30.04;30.06;30.04;30.05;500
20160203 142800;30.05;30.05;30.04;30.04;900
20160203 143100;30.04;30.04;30.04;30.04;200
20160203 143200;30.04;30.04;30.04;30.04;100
20160203 143400;30.04;30.05;30.04;30.05;907
20160203 143500;30.05;30.09;30.04;30.04;1860
20160203 143600;30.05;30.1;30.04;30.05;2100
20160204 093400;30.8;30.8;30.8;30.8;100
20160204 093500;30.73;30.73;30.69;30.69;200
20160204 093600;30.68;30.73;30.68;30.73;300
20160204 093900;30.64;30.64;30.64;30.64;200
20160204 101100;30.79;30.79;30.78;30.78;320
20160204 101400;30.75;30.75;30.72;30.72;1510
20160204 101500;30.72;30.72;30.72;30.72;791
20160204 101600;30.72;30.72;30.7189;30.72;1020
20160204 101700;30.72;30.72;30.72;30.72;440
20160204 101800;30.72;30.73;30.714;30.72;800
20160204 102000;30.72;30.72;30.72;30.72;500
20160204 102400;30.72;30.725;30.72;30.725;600
20160204 102500;30.79;30.79;30.71;30.72;2832
20160204 103100;30.72;30.74;30.7;30.7;720
20160204 104100;30.65;30.65;30.65;30.65;180
20160204 114600;30.65;30.65;30.65;30.65;200
20160204 115300;30.5201;30.5201;30.5201;30.5201;400
20160204 143000;30.52;30.54;30.51;30.51;1080
20160204 144700;30.58;30.58;30.58;30.58;300
20160204 160000;30.53;30.53;30.53;30.53;100
20160205 095100;30.42;30.42;30.42;30.42;100
20160205 095900;30.41;30.41;30.41;30.41;100
20160205 101000;30.38;30.38;30.38;30.38;100
20160205 101400;30.38;30.38;30.38;30.38;100
20160205 101600;30.38;30.38;30.38;30.38;100
20160205 102000;30.38;30.38;30.38;30.38;100
20160205 112200;30.3;30.3;30.3;30.3;100
20160205 112300;30.3;30.3;30.3;30.3;700
20160205 112400;30.3;30.3;30.3;30.3;500
20160205 112700;30.3;30.3;30.3;30.3;100
20160205 113500;30.3;30.3;30.3;30.3;100
20160205 114500;30.3;30.3;30.3;30.3;100
20160205 123100;30.29;30.29;30.29;30.29;154
20160205 134800;30.29;30.29;30.29;30.29;200
20160205 141100;30.29;30.29;30.29;30.29;837
20160205 143200;30.29;30.3;30.29;30.3;1500
20160205 143300;30.29;30.29;30.29;30.29;800
20160205 143500;30.29;30.29;30.28;30.28;300
20160205 144500;30.27;30.27;30.27;30.27;100
20160205 145500;30.22;30.22;30.22;30.22;100
20160205 151100;30.23;30.23;30.23;30.23;300
20160205 155500;30.18;30.18;30.18;30.18;200
20160205 160000;30.18;30.19;30.18;30.19;200
