20160119 101200;3.85;3.85;3.85;3.85;300
20160119 104000;3.845;3.845;3.84;3.84;200
20160119 105000;3.84;3.84;3.84;3.84;100
20160119 110100;3.83;3.83;3.83;3.83;100
20160119 110300;3.81;3.8115;3.81;3.8115;1100
20160119 110800;3.84;3.84;3.84;3.84;100
20160119 111100;3.81;3.81;3.81;3.81;407
20160119 111200;3.87;3.87;3.87;3.87;100
20160119 115200;3.86;3.86;3.86;3.86;100
20160119 115300;3.87;3.87;3.87;3.87;100
20160119 131400;3.84;3.84;3.84;3.84;800
20160119 131700;3.83;3.83;3.83;3.83;100
20160119 131800;3.82;3.82;3.82;3.82;1100
20160119 132100;3.84;3.84;3.84;3.84;100
20160119 132400;3.84;3.84;3.84;3.84;100
20160119 133200;3.84;3.84;3.84;3.84;100
20160119 133900;3.84;3.84;3.84;3.84;100
20160119 134300;3.83;3.83;3.83;3.83;100
20160119 134600;3.83;3.83;3.83;3.83;100
20160119 135000;3.83;3.83;3.83;3.83;100
20160119 135700;3.83;3.83;3.83;3.83;200
20160119 140200;3.82;3.82;3.82;3.82;100
20160119 140600;3.8372;3.8372;3.8372;3.8372;100
20160119 140900;3.83;3.83;3.83;3.83;100
20160119 141300;3.83;3.83;3.83;3.83;100
20160119 141600;3.83;3.83;3.83;3.83;100
20160119 142000;3.83;3.83;3.83;3.83;100
20160119 142400;3.83;3.83;3.83;3.83;100
20160119 142800;3.83;3.83;3.83;3.83;100
20160119 143100;3.83;3.83;3.83;3.83;100
20160119 143600;3.83;3.83;3.83;3.83;100
20160119 143900;3.83;3.83;3.83;3.83;100
20160119 144300;3.83;3.83;3.83;3.83;100
20160119 144700;3.83;3.83;3.83;3.83;100
20160119 145000;3.8193;3.8193;3.8193;3.8193;100
20160119 145400;3.8193;3.8193;3.8193;3.8193;100
20160119 145800;3.8193;3.8193;3.8193;3.8193;100
20160119 150200;3.81;3.82;3.81;3.82;200
20160119 150600;3.82;3.82;3.8193;3.8193;200
20160119 151000;3.8193;3.8193;3.8193;3.8193;200
20160119 151300;3.8193;3.8193;3.8193;3.8193;100
20160119 151400;3.8193;3.8193;3.8193;3.8193;100
20160119 151700;3.82;3.82;3.82;3.82;100
20160119 151800;3.8193;3.8193;3.8193;3.8193;100
20160119 152100;3.82;3.82;3.82;3.82;100
20160119 152200;3.8193;3.8193;3.8193;3.8193;100
20160119 152500;3.82;3.82;3.8193;3.8193;200
20160119 152800;3.82;3.82;3.82;3.82;100
20160119 152900;3.82;3.82;3.82;3.82;100
20160119 153200;3.82;3.82;3.82;3.82;100
20160119 153300;3.82;3.82;3.82;3.82;100
20160119 153600;3.82;3.82;3.82;3.82;200
20160119 155800;3.82;3.82;3.82;3.82;400
20160119 160000;3.81;3.81;3.8;3.8;3800
20160120 111000;3.65;3.7;3.65;3.7;1421
20160120 111100;3.72;3.75;3.72;3.75;700
20160120 123500;3.73;3.73;3.73;3.73;200
20160120 123700;3.73;3.73;3.73;3.73;100
20160120 123900;3.74;3.74;3.74;3.74;900
20160120 125400;3.75;3.75;3.75;3.75;700
20160120 125600;3.75;3.75;3.75;3.75;700
20160120 125700;3.75;3.75;3.75;3.75;1400
20160120 125800;3.75;3.75;3.75;3.75;700
20160120 125900;3.75;3.75;3.75;3.75;700
20160120 132000;3.75;3.75;3.75;3.75;700
20160120 132100;3.75;3.75;3.75;3.75;700
20160120 132400;3.75;3.75;3.75;3.75;700
20160120 134300;3.75;3.75;3.75;3.75;1900
20160120 134400;3.75;3.75;3.75;3.75;700
20160120 134700;3.75;3.75;3.75;3.75;700
20160120 135900;3.75;3.75;3.75;3.75;2000
20160120 143600;3.75;3.75;3.75;3.75;700
20160120 144100;3.75;3.75;3.75;3.75;100
20160120 144600;3.7499;3.7499;3.7499;3.7499;2001
20160120 145200;3.7456;3.7456;3.7456;3.7456;120
20160120 145500;3.75;3.75;3.75;3.75;100
20160120 151300;3.732;3.732;3.7311;3.7311;477
20160120 152000;3.75;3.75;3.75;3.75;100
20160120 152300;3.75;3.75;3.75;3.75;700
20160120 153800;3.75;3.75;3.75;3.75;600
20160120 154300;3.74;3.7411;3.74;3.7411;400
20160120 154600;3.74;3.74;3.74;3.74;500
20160120 155800;3.73;3.73;3.71;3.71;2800
20160120 160000;3.72;3.73;3.72;3.73;2000
20160121 105900;3.7;3.7;3.7;3.7;100
20160121 115300;3.69;3.69;3.69;3.69;100
20160121 115700;3.7;3.74;3.7;3.74;500
20160121 115800;3.75;3.75;3.75;3.75;100
20160121 120200;3.75;3.75;3.75;3.75;1000
20160121 120300;3.75;3.75;3.75;3.75;1300
20160121 121100;3.73;3.73;3.73;3.73;100
20160121 125500;3.74;3.74;3.72;3.72;1600
20160121 131500;3.73;3.73;3.71;3.7115;1300
20160121 132500;3.71;3.71;3.71;3.71;400
20160121 132600;3.7;3.7;3.7;3.7;200
20160121 135500;3.69;3.69;3.68;3.68;201
20160121 140100;3.71;3.71;3.71;3.71;100
20160121 140200;3.72;3.72;3.72;3.72;100
20160121 140500;3.75;3.75;3.75;3.75;100
20160121 141300;3.75;3.75;3.75;3.75;100
20160121 141600;3.75;3.75;3.75;3.75;100
20160121 142100;3.74;3.74;3.74;3.74;100
20160121 142300;3.695;3.695;3.69;3.69;400
20160121 142500;3.69;3.72;3.69;3.72;200
20160121 142800;3.75;3.75;3.75;3.75;100
20160121 143100;3.74;3.74;3.74;3.74;100
20160121 143500;3.74;3.74;3.74;3.74;100
20160121 143900;3.7458;3.7458;3.7458;3.7458;100
20160121 144300;3.75;3.75;3.75;3.75;100
20160121 145000;3.74;3.74;3.74;3.74;100
20160121 145400;3.74;3.74;3.74;3.74;100
20160121 145500;3.71;3.72;3.71;3.72;200
20160121 145800;3.74;3.74;3.74;3.74;100
20160121 145900;3.7479;3.7479;3.74;3.74;200
20160121 150200;3.73;3.73;3.73;3.73;100
20160121 150800;3.721;3.721;3.72;3.72;200
20160121 150900;3.73;3.73;3.73;3.73;100
20160121 151300;3.73;3.73;3.73;3.73;100
20160121 151600;3.73;3.73;3.73;3.73;100
20160121 152100;3.73;3.73;3.73;3.73;100
20160121 152400;3.73;3.73;3.73;3.73;100
20160121 152800;3.73;3.73;3.73;3.73;100
20160121 153200;3.73;3.73;3.73;3.73;100
20160121 153500;3.74;3.74;3.74;3.74;100
20160121 154000;3.74;3.74;3.74;3.74;100
20160122 104200;3.7;3.7;3.7;3.7;300
20160122 111600;3.69;3.69;3.69;3.69;208
20160122 112200;3.7;3.7;3.7;3.7;100
20160122 125700;3.71;3.71;3.71;3.71;100
20160122 133200;3.705;3.72;3.705;3.72;1200
20160122 140800;3.73;3.73;3.73;3.73;1006
20160122 141600;3.73;3.73;3.73;3.73;1900
20160122 143200;3.75;3.75;3.7452;3.7452;1100
20160122 144200;3.7393;3.7393;3.7393;3.7393;232
20160122 144400;3.75;3.75;3.75;3.75;100
20160122 145100;3.75;3.75;3.75;3.75;100
20160122 145200;3.75;3.75;3.75;3.75;100
20160122 150100;3.74;3.74;3.74;3.74;100
20160122 150200;3.74;3.74;3.74;3.74;100
20160122 154000;3.74;3.74;3.74;3.74;100
20160125 103100;3.69;3.69;3.69;3.69;100
20160125 114000;3.74;3.74;3.74;3.74;100
20160125 120400;3.75;3.75;3.75;3.75;100
20160125 121800;3.732;3.732;3.732;3.732;3800
20160125 140200;3.73;3.73;3.73;3.73;300
20160125 141200;3.74;3.74;3.74;3.74;200
20160125 141900;3.74;3.742;3.73;3.742;1200
20160125 144700;3.73;3.73;3.73;3.73;100
20160126 103700;3.87;3.87;3.86;3.86;400
20160126 104200;3.83;3.83;3.83;3.83;100
20160126 110900;3.7601;3.7601;3.7601;3.7601;170
20160126 112100;3.81;3.85;3.801;3.85;600
20160126 112200;3.85;3.85;3.85;3.85;200
20160126 114700;3.8743;3.8743;3.8743;3.8743;250
20160126 125300;3.89;3.89;3.89;3.89;100
20160126 142800;3.92;3.92;3.92;3.92;100
20160126 143300;3.92;3.95;3.92;3.95;200
20160126 143600;3.95;3.95;3.95;3.95;600
20160126 143900;3.92;3.92;3.92;3.92;100
20160126 144000;3.95;3.95;3.95;3.95;100
20160126 144100;3.95;3.95;3.95;3.95;100
20160126 155900;3.97;4;3.97;4;200
20160127 093400;3.94;3.94;3.94;3.94;100
20160127 094400;3.98;4.1288;3.98;4.1288;500
20160127 095100;4.13;4.13;4.13;4.13;100
20160127 095600;4.13;4.13;4.05;4.05;400
20160127 095700;4.05;4.05;4.0496;4.05;300
20160127 095800;4.06;4.06;4.06;4.06;100
20160127 100900;4.11;4.11;4.1099;4.1099;400
20160127 101800;4.1476;4.1476;4.14;4.14;2800
20160127 102000;4.14;4.14;4.09;4.09;357
20160127 103000;4.06;4.07;4.06;4.06;5500
20160127 103400;4.03;4.03;4.03;4.03;100
20160127 105200;4.01;4.01;4.01;4.01;550
20160127 110400;3.9948;3.9948;3.9948;3.9948;1000
20160127 110500;3.97;4.08;3.97;4.08;3900
20160127 110600;4;4.04;4;4.04;400
20160127 110700;4.07;4.07;4.07;4.07;100
20160127 111200;4.02;4.03;4.01;4.01;10000
20160127 114200;4.05;4.05;4.05;4.05;100
20160127 115000;4.1;4.1;4.09;4.1;350
20160127 115200;4.15;4.22;4.1;4.22;3748
20160127 121700;4.21;4.21;4.21;4.21;100
20160127 131600;4.2;4.2;4.2;4.2;100
20160127 133200;4.16;4.16;4.16;4.16;100
20160127 133300;4.16;4.16;4.16;4.16;100
20160127 133400;4.16;4.16;4.16;4.16;100
20160127 143400;4.15;4.15;4.15;4.15;100
20160127 143600;4.08;4.12;4.07;4.1;1500
20160127 144200;4.1;4.1;4.1;4.1;100
20160127 144900;4.13;4.13;4.13;4.13;100
20160127 145600;4.12;4.12;4.12;4.12;100
20160127 145700;4.13;4.13;4.13;4.13;100
20160127 150200;4.13;4.13;4.13;4.13;200
20160127 150500;4.14;4.14;4.14;4.14;100
20160127 151300;4.13;4.14;4.13;4.14;200
20160127 151800;4.16;4.16;4.16;4.16;100
20160127 151900;4.16;4.16;4.16;4.16;200
20160127 152000;4.16;4.16;4.16;4.16;400
20160127 152600;4.17;4.18;4.16;4.16;1300
20160127 152900;4.17;4.17;4.17;4.17;200
20160127 154500;4.195;4.2;4.195;4.2;300
20160127 155100;4.2;4.2;4.19;4.19;1100
20160127 155400;4.17;4.17;4.16;4.16;1000
20160127 155500;4.17;4.18;4.16;4.16;4300
20160127 155600;4.16;4.16;4.16;4.16;100
20160127 155800;4.15;4.15;4.15;4.15;100
20160128 141500;4.13;4.14;4.13;4.14;2100
20160128 141600;4.13;4.13;4.13;4.13;100
20160128 142000;4.13;4.13;4.13;4.13;200
20160128 145900;4.13;4.13;4.13;4.13;400
20160128 150900;4.13;4.13;4.13;4.13;100
20160128 151900;4.17;4.17;4.17;4.17;100
20160128 153400;4.14;4.14;4.14;4.14;150
20160128 154400;4.21;4.21;4.21;4.21;100
20160128 155500;4.14;4.14;4.12;4.12;400
20160128 155600;4.16;4.16;4.15;4.15;500
20160128 155700;4.16;4.16;4.15;4.15;1501
20160129 101900;4.11;4.11;4.1;4.1;5499
20160129 103400;4.14;4.14;4.14;4.14;1000
20160129 113700;4.12;4.12;4.12;4.12;100
20160129 135600;4.17;4.17;4.17;4.17;100
20160129 142800;4.19;4.19;4.19;4.19;100
20160129 153600;4.2;4.21;4.2;4.21;200
20160129 154200;4.22;4.22;4.21;4.21;696
20160129 154300;4.16;4.16;4.16;4.16;100
20160129 154700;4.2;4.2;4.2;4.2;100
20160129 154800;4.2;4.2;4.2;4.2;100
20160129 154900;4.207;4.207;4.207;4.207;100
20160129 155100;4.2;4.2;4.2;4.2;100
20160129 155200;4.2;4.2;4.2;4.2;100
20160129 155500;4.21;4.21;4.21;4.21;200
20160129 155600;4.21;4.21;4.21;4.21;200
20160129 155700;4.21;4.21;4.21;4.21;100
20160201 094400;4.262;4.262;4.262;4.262;300
20160201 100400;4.25;4.25;4.25;4.25;100
20160201 104000;4.316;4.319;4.299;4.299;1300
20160201 104200;4.33;4.33;4.33;4.33;200
20160201 104500;4.32;4.32;4.32;4.32;100
20160201 120700;4.28;4.37;4.2721;4.37;2100
20160201 120800;4.3964;4.3964;4.34;4.3596;1700
20160201 120900;4.37;4.37;4.3624;4.3624;500
20160201 121200;4.41;4.41;4.41;4.41;200
20160201 154700;4.42;4.42;4.42;4.42;100
20160201 155200;4.41;4.41;4.41;4.41;100
20160202 103500;4.39;4.39;4.39;4.39;100
20160202 103900;4.39;4.39;4.39;4.39;100
20160202 111300;4.39;4.39;4.39;4.39;100
20160202 114600;4.39;4.39;4.39;4.39;100
20160202 122900;4.42;4.42;4.42;4.42;100
20160202 125700;4.42;4.42;4.42;4.42;100
20160202 130000;4.42;4.42;4.42;4.42;100
20160202 135100;4.41;4.42;4.41;4.42;3800
20160202 141000;4.42;4.42;4.42;4.42;100
20160202 155400;4.42;4.42;4.42;4.42;100
20160203 115600;4.41;4.41;4.41;4.41;100
20160203 115900;4.43;4.43;4.43;4.43;100
20160203 121300;4.42;4.42;4.42;4.42;100
20160203 140100;4.4401;4.4401;4.4401;4.4401;425
20160203 155600;4.46;4.46;4.46;4.46;100
20160203 155800;4.47;4.47;4.47;4.47;100
20160203 155900;4.47;4.47;4.47;4.47;200
20160204 113100;4.45;4.45;4.45;4.45;100
20160204 113300;4.45;4.45;4.45;4.45;100
20160204 120600;4.45;4.45;4.33;4.33;400
20160204 121600;4.41;4.41;4.41;4.41;500
20160204 121700;4.42;4.42;4.41;4.41;700
20160204 122000;4.44;4.44;4.41;4.42;900
20160204 122200;4.42;4.42;4.41;4.41;1000
20160204 123700;4.42;4.42;4.42;4.42;100
20160204 124500;4.43;4.43;4.41;4.41;300
20160204 125800;4.44;4.44;4.44;4.44;100
20160204 134600;4.5;4.5;4.5;4.5;100
20160204 135000;4.5;4.5;4.5;4.5;100
20160204 140900;4.5;4.5;4.5;4.5;100
20160204 141000;4.52;4.52;4.52;4.52;100
20160204 142700;4.49;4.49;4.49;4.49;100
20160204 143400;4.479;4.479;4.479;4.479;151
20160204 153600;4.52;4.54;4.51;4.51;3900
20160204 155300;4.49;4.49;4.49;4.49;100
20160204 155800;4.47;4.47;4.47;4.47;100
20160205 104400;4.46;4.46;4.46;4.46;210
20160205 135700;4.42;4.42;4.41;4.41;200
20160205 143700;4.48;4.48;4.48;4.48;100
20160205 155900;4.49;4.49;4.49;4.49;100
