20160119 095100;0.58;0.58;0.58;0.58;700
20160119 095200;0.585;0.585;0.585;0.585;800
20160119 095300;0.585;0.5851;0.585;0.5851;1028
20160119 095600;0.585;0.585;0.58;0.58;8000
20160119 095700;0.58;0.58;0.5601;0.5601;15763
20160119 100800;0.565;0.565;0.565;0.565;2367
20160119 101400;0.575;0.575;0.575;0.575;100
20160119 102200;0.575;0.575;0.57;0.57;3400
20160119 102300;0.56;0.56;0.56;0.56;400
20160119 102400;0.56;0.56;0.56;0.56;500
20160119 102600;0.5621;0.5621;0.5621;0.5621;100
20160119 103000;0.5601;0.5601;0.5601;0.5601;1061
20160119 103100;0.56;0.56;0.56;0.56;300
20160119 103200;0.56;0.56;0.56;0.56;100
20160119 110200;0.55;0.5501;0.55;0.5501;200
20160119 114800;0.54;0.5401;0.54;0.5401;6000
20160119 115200;0.5398;0.5398;0.5398;0.5398;100
20160119 115600;0.53;0.53;0.53;0.53;7542
20160119 120600;0.53;0.53;0.5297;0.53;2300
20160119 120800;0.53;0.53;0.5297;0.5299;1000
20160119 121500;0.53;0.53;0.53;0.53;100
20160119 121600;0.5299;0.5299;0.5299;0.5299;100
20160119 121900;0.5299;0.53;0.5297;0.53;1658
20160119 122500;0.5399;0.5399;0.5399;0.5399;200
20160119 122600;0.54;0.54;0.54;0.54;100
20160119 123400;0.5399;0.5399;0.5399;0.5399;200
20160119 130400;0.535;0.535;0.535;0.535;413
20160119 141000;0.535;0.535;0.535;0.535;3000
20160119 141100;0.5396;0.5396;0.5396;0.5396;100
20160119 141400;0.5371;0.5371;0.5371;0.5371;1850
20160119 141500;0.5396;0.5396;0.5396;0.5396;100
20160119 143000;0.5398;0.5398;0.5398;0.5398;3500
20160119 143400;0.5391;0.5391;0.5391;0.5391;100
20160119 145500;0.535;0.537;0.535;0.537;5200
20160119 145800;0.5301;0.5301;0.5301;0.5301;5000
20160119 150500;0.5399;0.5399;0.5399;0.5399;100
20160119 151400;0.5334;0.5334;0.53;0.53;8442
20160119 153000;0.5278;0.5278;0.5278;0.5278;200
20160119 153100;0.5299;0.5299;0.5299;0.5299;100
20160119 153200;0.5278;0.5278;0.5278;0.5278;100
20160119 153400;0.5201;0.5201;0.52;0.52;260
20160119 155400;0.52;0.52;0.52;0.52;3000
20160119 155500;0.5119;0.5119;0.5119;0.5119;100
20160120 095200;0.5;0.5106;0.495;0.5106;12802
20160120 100800;0.496;0.496;0.496;0.496;100
20160120 101100;0.5228;0.5228;0.5228;0.5228;500
20160120 102000;0.5;0.5;0.5;0.5;100
20160120 110300;0.496;0.496;0.495;0.495;12696
20160120 110500;0.4942;0.4942;0.4942;0.4942;400
20160120 110600;0.4942;0.4942;0.4942;0.4942;100
20160120 111500;0.4938;0.4938;0.4938;0.4938;250
20160120 111700;0.49;0.49;0.49;0.49;100
20160120 112900;0.49;0.49;0.49;0.49;700
20160120 113700;0.49;0.49;0.49;0.49;2700
20160120 114900;0.494;0.494;0.494;0.494;7650
20160120 115000;0.494;0.494;0.494;0.494;4250
20160120 115700;0.4864;0.4929;0.4864;0.4929;2300
20160120 120700;0.494;0.494;0.494;0.494;1500
20160120 121100;0.4941;0.4941;0.4941;0.4941;1200
20160120 122100;0.494;0.494;0.494;0.494;100
20160120 130200;0.494;0.494;0.494;0.494;100
20160120 132600;0.4941;0.4941;0.4941;0.4941;1000
20160120 133000;0.494;0.494;0.494;0.494;100
20160120 135800;0.4941;0.4941;0.4941;0.4941;1300
20160120 141600;0.4941;0.5099;0.4941;0.5099;10100
20160120 141700;0.5099;0.5099;0.5099;0.5099;400
20160120 142300;0.5099;0.5099;0.5099;0.5099;100
20160120 142500;0.4967;0.4967;0.4967;0.4967;500
20160120 144900;0.4999;0.4999;0.4999;0.4999;600
20160120 145900;0.5098;0.5098;0.5098;0.5098;430
20160120 152300;0.5098;0.5098;0.5098;0.5098;3000
20160120 155000;0.5099;0.5099;0.5099;0.5099;200
20160120 160000;0.528;0.528;0.528;0.528;100
20160121 093100;0.539;0.539;0.539;0.539;200
20160121 094500;0.54;0.54;0.54;0.54;700
20160121 095300;0.5301;0.5301;0.5301;0.5301;162
20160121 095700;0.5301;0.5399;0.5301;0.5399;12000
20160121 100000;0.54;0.54;0.54;0.54;5000
20160121 100200;0.54;0.54;0.54;0.54;10000
20160121 100700;0.54;0.54;0.54;0.54;200
20160121 102500;0.5399;0.54;0.5399;0.54;10000
20160121 103100;0.5304;0.54;0.5304;0.54;500
20160121 111000;0.5399;0.54;0.5399;0.54;1514
20160121 112300;0.5443;0.5443;0.5443;0.5443;100
20160121 113600;0.5446;0.5446;0.5444;0.5444;3586
20160121 113700;0.5448;0.5448;0.5447;0.5447;5000
20160121 114800;0.5402;0.5447;0.5402;0.5447;7300
20160121 115000;0.5401;0.5448;0.5401;0.5401;6058
20160121 123200;0.5447;0.5447;0.5447;0.5447;300
20160121 124500;0.5447;0.5447;0.5447;0.5447;100
20160121 140100;0.5448;0.55;0.5448;0.55;4000
20160121 140400;0.5499;0.55;0.5499;0.55;6100
20160121 140500;0.55;0.579;0.55;0.579;3500
20160121 141000;0.57;0.57;0.57;0.57;200
20160121 141200;0.56;0.56;0.56;0.56;3100
20160121 141600;0.5699;0.5699;0.5699;0.5699;100
20160121 143700;0.5787;0.5787;0.5787;0.5787;200
20160121 144100;0.57;0.57;0.54;0.54;2900
20160121 144200;0.54;0.5499;0.54;0.5499;1200
20160121 145500;0.55;0.55;0.55;0.55;200
20160121 150800;0.55;0.5501;0.55;0.5501;3700
20160121 150900;0.5501;0.5501;0.5501;0.5501;100
20160121 151400;0.5744;0.5744;0.5744;0.5744;100
20160121 152200;0.5788;0.5788;0.5744;0.5788;500
20160121 153000;0.5718;0.5718;0.5718;0.5718;300
20160121 153700;0.5735;0.5735;0.5735;0.5735;100
20160121 155100;0.55;0.55;0.55;0.55;2000
20160121 155400;0.55;0.55;0.55;0.55;2600
20160121 155500;0.57;0.57;0.55;0.55;1000
20160121 155600;0.55;0.55;0.55;0.55;300
20160121 155900;0.54;0.54;0.54;0.54;9900
20160121 160000;0.5675;0.5675;0.5675;0.5675;400
20160122 094800;0.573;0.573;0.57;0.57;20000
20160122 095000;0.57;0.57;0.57;0.57;100
20160122 095500;0.57;0.57;0.566;0.566;18000
20160122 100300;0.55;0.55;0.55;0.55;20000
20160122 100700;0.55;0.55;0.55;0.55;20000
20160122 101000;0.55;0.55;0.55;0.55;6000
20160122 101100;0.57;0.5847;0.57;0.5847;3000
20160122 102000;0.58;0.58;0.58;0.58;10238
20160122 102300;0.598;0.6;0.596;0.6;10502
20160122 102500;0.6;0.61;0.6;0.61;10500
20160122 102700;0.58;0.58;0.58;0.58;100
20160122 103000;0.618;0.62;0.618;0.62;21000
20160122 103100;0.6001;0.6001;0.6001;0.6001;2000
20160122 103300;0.62;0.62;0.62;0.62;700
20160122 103500;0.6198;0.69;0.6198;0.68;11358
20160122 103600;0.68;0.69;0.68;0.69;9458
20160122 104200;0.6898;0.69;0.6897;0.6897;20400
20160122 104300;0.69;0.735;0.69;0.735;20200
20160122 104400;0.6511;0.6511;0.6511;0.6511;100
20160122 104500;0.65;0.65;0.65;0.65;300
20160122 104600;0.65;0.65;0.65;0.65;100
20160122 104900;0.65;0.65;0.65;0.65;4600
20160122 111100;0.6517;0.6517;0.6517;0.6517;5000
20160122 111400;0.6518;0.71;0.6518;0.71;20300
20160122 111600;0.6517;0.6517;0.6517;0.6517;100
20160122 111900;0.65;0.65;0.65;0.65;3300
20160122 112000;0.65;0.65;0.65;0.65;100
20160122 113000;0.65;0.65;0.65;0.65;1000
20160122 113100;0.6201;0.6201;0.6201;0.6201;111
20160122 114200;0.65;0.65;0.6499;0.65;9000
20160122 114600;0.6204;0.6204;0.6204;0.6204;100
20160122 121700;0.6265;0.6265;0.626;0.626;3000
20160122 122300;0.65;0.65;0.6437;0.6437;1998
20160122 122700;0.6961;0.6961;0.6961;0.6961;200
20160122 122800;0.6961;0.6961;0.6961;0.6961;400
20160122 123000;0.6961;0.6961;0.6961;0.6961;200
20160122 125700;0.6576;0.6576;0.6576;0.6576;2500
20160122 130400;0.6892;0.6892;0.6892;0.6892;400
20160122 130700;0.66;0.66;0.66;0.66;100
20160122 135100;0.66;0.66;0.649;0.66;4700
20160122 135400;0.628;0.628;0.6203;0.6203;1152
20160122 135800;0.6687;0.6687;0.6687;0.6687;100
20160122 135900;0.63;0.63;0.63;0.63;100
20160122 142100;0.673;0.673;0.673;0.673;100
20160122 144500;0.6687;0.6687;0.6687;0.6687;400
20160122 145000;0.6729;0.6729;0.6729;0.6729;3000
20160122 145600;0.6702;0.6702;0.6702;0.6702;100
20160122 150100;0.6728;0.6728;0.6728;0.6728;3000
20160122 151400;0.6702;0.6702;0.6702;0.6702;100
20160122 153000;0.63;0.63;0.63;0.63;1000
20160122 153300;0.6685;0.669;0.6685;0.669;1000
20160122 154700;0.6728;0.6728;0.6728;0.6728;5000
20160122 155500;0.67;0.67;0.67;0.67;2001
20160122 155600;0.6799;0.6799;0.6799;0.6799;2000
20160122 155700;0.686;0.69;0.6858;0.69;2000
20160122 160000;0.6899;0.6899;0.6899;0.6899;3000
20160125 093100;0.7;0.7;0.69;0.7;49770
20160125 093300;0.7096;0.7096;0.7096;0.7096;450
20160125 093600;0.7059;0.7059;0.7;0.7;5100
20160125 093700;0.7;0.704;0.7;0.7011;20800
20160125 093900;0.7;0.71;0.7;0.71;2250
20160125 094100;0.7;0.7;0.7;0.7;4000
20160125 094300;0.7082;0.7082;0.7082;0.7082;704
20160125 094500;0.7099;0.71;0.7099;0.71;9541
20160125 094600;0.72;0.72;0.7194;0.7194;8500
20160125 095000;0.7105;0.7105;0.707;0.707;49600
20160125 095100;0.707;0.707;0.7;0.7;45720
20160125 095200;0.7;0.71;0.7;0.7;5900
20160125 095300;0.71;0.71;0.71;0.71;5000
20160125 095900;0.7;0.7;0.7;0.7;400
20160125 100100;0.7;0.7;0.7;0.7;300
20160125 101200;0.7;0.7;0.7;0.7;300
20160125 102000;0.7057;0.707;0.7057;0.707;2000
20160125 102100;0.7;0.7;0.7;0.7;19400
20160125 102200;0.7;0.7;0.7;0.7;400
20160125 103100;0.7;0.7;0.7;0.7;100
20160125 103700;0.7;0.7;0.7;0.7;900
20160125 104100;0.7;0.7;0.7;0.7;100
20160125 104600;0.71;0.71;0.71;0.71;2000
20160125 105000;0.71;0.71;0.71;0.71;3500
20160125 105100;0.71;0.71;0.71;0.71;200
20160125 105200;0.7001;0.7001;0.7001;0.7001;200
20160125 105300;0.71;0.71;0.71;0.71;7000
20160125 105700;0.7002;0.7002;0.7002;0.7002;100
20160125 105900;0.7;0.7;0.7;0.7;200
20160125 110300;0.7;0.7;0.7;0.7;100
20160125 110600;0.7;0.7;0.7;0.7;700
20160125 112100;0.7;0.7;0.7;0.7;100
20160125 112200;0.7;0.7;0.7;0.7;100
20160125 112700;0.7;0.7;0.7;0.7;200
20160125 114300;0.7;0.7;0.7;0.7;200
20160125 115100;0.7;0.7024;0.7;0.7024;5900
20160125 115200;0.7;0.7;0.7;0.7;2600
20160125 120600;0.7;0.7;0.7;0.7;800
20160125 121200;0.7;0.7;0.7;0.7;100
20160125 121700;0.7;0.7;0.7;0.7;36600
20160125 122200;0.6399;0.6399;0.6399;0.6399;300
20160125 122600;0.67;0.67;0.67;0.67;300
20160125 123000;0.68;0.68;0.68;0.68;100
20160125 123100;0.6803;0.6829;0.6803;0.6829;200
20160125 123200;0.6899;0.6899;0.6899;0.6899;400
20160125 123400;0.6899;0.6899;0.6899;0.6899;300
20160125 124500;0.6899;0.6899;0.6899;0.6899;1400
20160125 125500;0.6849;0.69;0.6849;0.6899;600
20160125 125700;0.69;0.69;0.69;0.69;5200
20160125 131700;0.6899;0.69;0.6899;0.69;5300
20160125 132800;0.7093;0.71;0.7093;0.71;5600
20160125 132900;0.7186;0.7186;0.7186;0.7186;20000
20160125 133000;0.7188;0.719;0.7188;0.719;300
20160125 133100;0.7199;0.73;0.7199;0.73;21097
20160125 133200;0.73;0.74;0.73;0.74;18100
20160125 133400;0.7485;0.7488;0.7398;0.7398;25700
20160125 133500;0.7489;0.75;0.7489;0.75;55600
20160125 133700;0.759;0.765;0.759;0.765;12700
20160125 133800;0.7687;0.78;0.7687;0.78;29912
20160125 133900;0.788;0.8;0.788;0.8;43518
20160125 134000;0.8;0.8;0.8;0.8;12600
20160125 134100;0.8195;0.8195;0.8195;0.8195;100
20160125 134200;0.82;0.82;0.82;0.82;670
20160125 134300;0.8143;0.8143;0.814;0.814;400
20160125 134400;0.8101;0.82;0.8;0.82;35230
20160125 134500;0.82;0.8293;0.8187;0.829;61779
20160125 134600;0.8281;0.835;0.8281;0.835;38888
20160125 134800;0.8283;0.83;0.8283;0.8296;4900
20160125 134900;0.82;0.839;0.82;0.839;51896
20160125 135000;0.83;0.8379;0.83;0.83;2100
20160125 135300;0.83;0.83;0.83;0.83;15500
20160125 135400;0.8297;0.8299;0.8297;0.8299;300
20160125 135500;0.8023;0.8023;0.8023;0.8023;100
20160125 135600;0.8023;0.8023;0.8023;0.8023;200
20160125 135800;0.824;0.825;0.824;0.824;1100
20160125 135900;0.825;0.8386;0.825;0.83;44600
20160125 140000;0.829;0.8302;0.829;0.8302;48732
20160125 140200;0.838;0.838;0.831;0.831;47083
20160125 140300;0.8389;0.86;0.8389;0.86;120913
20160125 140400;0.8718;0.8718;0.8718;0.8718;100
20160125 140500;0.8706;0.8706;0.8618;0.8706;6129
20160125 140600;0.8791;0.8801;0.8778;0.8801;29556
20160125 140700;0.8891;0.8891;0.8706;0.8803;6557
20160125 140800;0.8806;0.887;0.8618;0.88;110555
20160125 140900;0.88;0.88;0.88;0.88;2800
20160125 141000;0.88;0.89;0.8793;0.89;16900
20160125 141100;0.8986;0.9;0.8972;0.9;26070
20160125 141200;0.91;0.91;0.91;0.91;5200
20160125 141300;0.926;0.95;0.925;0.95;18374
20160125 141400;0.9469;0.9685;0.925;0.9685;55280
20160125 141500;0.9687;0.969;0.9499;0.9641;14843
20160125 141600;0.9602;0.9602;0.9459;0.9498;45967
20160125 141700;0.93;0.93;0.915;0.915;69230
20160125 141800;0.9011;0.93;0.901;0.93;8850
20160125 141900;0.9066;0.93;0.901;0.93;20100
20160125 142000;0.911;0.9116;0.911;0.911;10000
20160125 142100;0.915;0.927;0.902;0.927;19300
20160125 142200;0.927;0.927;0.92;0.92;10900
20160125 142300;0.929;0.929;0.902;0.91;19772
20160125 142600;0.92;0.92;0.901;0.9032;30200
20160125 142700;0.9132;0.9132;0.9028;0.9028;8400
20160125 142800;0.91;0.91;0.91;0.91;200
20160125 142900;0.91;0.9104;0.91;0.91;1200
20160125 143000;0.9097;0.9097;0.902;0.902;10000
20160125 143200;0.9029;0.9029;0.902;0.902;11000
20160125 143300;0.9094;0.9147;0.9094;0.9147;10530
20160125 143500;0.912;0.912;0.9023;0.9023;31300
20160125 143600;0.91;0.91;0.901;0.91;82915
20160125 143700;0.91;0.91;0.901;0.901;10200
20160125 143800;0.9015;0.902;0.9015;0.902;500
20160125 143900;0.909;0.911;0.901;0.911;76000
20160125 144000;0.9044;0.9044;0.88;0.88;129431
20160125 144200;0.8823;0.8903;0.881;0.8903;2900
20160125 144300;0.8801;0.8916;0.88;0.8916;6400
20160125 144400;0.8831;0.8831;0.8805;0.8808;8389
20160125 144500;0.89;0.89;0.8864;0.8864;14700
20160125 144700;0.885;0.885;0.885;0.885;600
20160125 144800;0.894;0.894;0.894;0.894;985
20160125 145000;0.8925;0.9;0.8925;0.9;4400
20160125 145200;0.886;0.886;0.8802;0.8802;7288
20160125 145900;0.8811;0.8999;0.8803;0.8999;9216
20160125 150400;0.881;0.881;0.881;0.881;100
20160125 150500;0.89;0.89;0.8803;0.8804;4288
20160125 151100;0.88;0.8808;0.88;0.88;8850
20160125 151400;0.89;0.89;0.89;0.89;400
20160125 151600;0.8995;0.8998;0.8995;0.8998;4148
20160125 151800;0.8998;0.9;0.8998;0.9;2881
20160125 151900;0.8989;0.9;0.8958;0.9;400
20160125 152000;0.9;0.9;0.8999;0.8999;2899
20160125 152100;0.8989;0.9;0.896;0.9;3100
20160125 152200;0.8907;0.8907;0.89;0.89;1700
20160125 152400;0.8904;0.8904;0.8904;0.8904;382
20160125 153000;0.8998;0.9;0.8998;0.9;1200
20160125 153300;0.89;0.8903;0.89;0.8903;600
20160125 153400;0.899;0.9;0.899;0.9;3599
20160125 153500;0.9;0.9;0.9;0.9;100
20160125 153600;0.899;0.9;0.899;0.9;11200
20160125 153800;0.8996;0.9;0.8996;0.9;6760
20160125 153900;0.895;0.895;0.895;0.895;1000
20160125 154000;0.8951;0.8951;0.8951;0.8951;5000
20160125 154200;0.8951;0.8951;0.8951;0.8951;3320
20160125 154300;0.8963;0.8963;0.8963;0.8963;1100
20160125 154400;0.896;0.8964;0.896;0.8964;1400
20160125 154500;0.8901;0.8901;0.8901;0.8901;3701
20160125 154700;0.8901;0.8901;0.8901;0.8901;3080
20160125 154900;0.8916;0.9021;0.8916;0.9021;11830
20160125 155000;0.9011;0.9011;0.9011;0.9011;500
20160125 155200;0.9026;0.9299;0.9;0.9011;26000
20160125 155300;0.9281;0.93;0.9011;0.93;29172
20160125 155400;0.93;0.936;0.93;0.936;27300
20160125 155500;0.95;0.9602;0.9465;0.9601;101701
20160125 155600;0.96;0.99;0.96;0.99;134100
20160125 155700;0.99;0.99;0.987;0.99;56560
20160125 155800;0.988;1;0.988;1;107904
20160125 155900;1;1.01;0.9999;1;140824
20160125 160000;1;1.0383;1;1.03;69336
20160125 160400;1.09;1.09;1.09;1.09;100
20160126 080100;1;1;1;1;35
20160126 093100;0.9073;0.9073;0.9033;0.9033;2300
20160126 093500;0.9261;0.9261;0.9261;0.9261;5000
20160126 093800;0.9034;0.9034;0.9034;0.9034;1000
20160126 093900;0.9033;0.9033;0.9;0.9;700
20160126 094100;0.8978;0.9;0.8978;0.9;6000
20160126 094200;0.88;0.89;0.88;0.89;2950
20160126 094400;0.8601;0.8605;0.8601;0.8601;1400
20160126 094500;0.8601;0.8601;0.8601;0.8601;1850
20160126 094700;0.8997;0.8997;0.8764;0.8764;3300
20160126 094800;0.899;0.8997;0.899;0.8994;2300
20160126 094900;0.898;0.8997;0.8604;0.8604;2200
20160126 095000;0.8602;0.8602;0.8601;0.8601;13621
20160126 095100;0.8979;0.8979;0.863;0.863;4601
20160126 095200;0.8602;0.8701;0.8601;0.8701;13968
20160126 095500;0.88;0.88;0.88;0.88;1200
20160126 095600;0.88;0.88;0.88;0.88;300
20160126 095700;0.8943;0.8943;0.8601;0.8601;12342
20160126 095800;0.8602;0.87;0.8602;0.87;4858
20160126 100000;0.88;0.897;0.88;0.897;3300
20160126 100200;0.89;0.89;0.888;0.8889;1000
20160126 100300;0.89;0.89;0.89;0.89;1000
20160126 100400;0.8899;0.8899;0.8899;0.8899;300
20160126 100700;0.8801;0.8801;0.8801;0.8801;800
20160126 100800;0.8803;0.8803;0.8801;0.8801;500
20160126 100900;0.89;0.89;0.89;0.89;500
20160126 101100;0.8899;0.8899;0.8899;0.8899;100
20160126 101700;0.89;0.89;0.89;0.89;1050
20160126 101800;0.8899;0.8899;0.8899;0.8899;1000
20160126 102000;0.8899;0.92;0.8899;0.92;12800
20160126 102100;0.91;0.9199;0.91;0.9199;1000
20160126 102200;0.9199;0.92;0.9199;0.92;18000
20160126 102400;0.9499;0.9499;0.9499;0.9499;12000
20160126 102500;0.9472;0.9499;0.9472;0.9499;23270
20160126 102700;0.9499;0.9499;0.9499;0.9499;100
20160126 102800;0.9497;0.9499;0.9497;0.9499;11198
20160126 103300;0.945;0.945;0.945;0.945;100
20160126 103400;0.945;0.9499;0.945;0.9499;30981
20160126 104200;0.96;0.96;0.9311;0.9311;16300
20160126 104900;0.9499;0.9499;0.9499;0.9499;200
20160126 105000;0.935;0.935;0.935;0.935;3000
20160126 105200;0.935;0.935;0.935;0.935;900
20160126 105400;0.935;0.935;0.931;0.931;2200
20160126 110100;0.9199;0.9201;0.9199;0.9201;700
20160126 110400;0.9299;0.9299;0.9201;0.9297;3000
20160126 110600;0.9296;0.9299;0.9288;0.9299;1900
20160126 111500;0.9297;0.9297;0.9297;0.9297;300
20160126 111800;0.9298;0.9447;0.9298;0.9447;23152
20160126 111900;0.945;0.945;0.9447;0.9447;2800
20160126 112400;0.9401;0.9401;0.9401;0.9401;200
20160126 112500;0.9449;0.9495;0.9448;0.9495;6000
20160126 112600;0.9498;0.9498;0.9498;0.9498;100
20160126 112800;0.9499;0.9499;0.9499;0.9499;200
20160126 113000;0.9499;0.9499;0.9498;0.9498;800
20160126 113100;0.945;0.945;0.9301;0.9301;300
20160126 113300;0.9313;0.9313;0.9301;0.9301;6400
20160126 113400;0.9301;0.9301;0.9301;0.9301;100
20160126 114200;0.94;0.9401;0.9301;0.9301;600
20160126 115100;0.949;0.949;0.9489;0.9489;5368
20160126 115700;0.93;0.93;0.93;0.93;100
20160126 120100;0.94;0.94;0.94;0.94;100
20160126 120300;0.9301;0.9301;0.9301;0.9301;200
20160126 122100;0.94;0.9403;0.935;0.935;7700
20160126 122600;0.93;0.93;0.93;0.93;100
20160126 122800;0.93;0.93;0.93;0.93;100
20160126 122900;0.92;0.9201;0.92;0.92;2600
20160126 123200;0.92;0.92;0.92;0.92;500
20160126 123300;0.92;0.92;0.92;0.92;500
20160126 123600;0.9101;0.9101;0.9101;0.9101;300
20160126 124100;0.91;0.91;0.91;0.91;300
20160126 124300;0.91;0.91;0.9;0.9;10800
20160126 125100;0.89;0.89;0.89;0.89;500
20160126 125200;0.89;0.89;0.89;0.89;1200
20160126 125500;0.9194;0.92;0.9194;0.92;1611
20160126 125600;0.92;0.9201;0.92;0.9201;900
20160126 125700;0.9296;0.9296;0.9296;0.9296;489
20160126 130700;0.9289;0.93;0.9289;0.93;10000
20160126 130800;0.93;0.93;0.93;0.93;2000
20160126 133700;0.8999;0.8999;0.8999;0.8999;200
20160126 133800;0.9;0.9;0.9;0.9;9950
20160126 134100;0.8901;0.8901;0.8901;0.8901;300
20160126 134400;0.8901;0.8901;0.8901;0.8901;200
20160126 134600;0.8901;0.8901;0.8901;0.8901;1000
20160126 134700;0.8901;0.8998;0.8901;0.8998;400
20160126 135000;0.8999;0.8999;0.8999;0.8999;200
20160126 135200;0.8904;0.8904;0.8903;0.8903;1200
20160126 135300;0.8999;0.8999;0.8999;0.8999;113
20160126 135600;0.8999;0.9;0.8999;0.9;1206
20160126 135900;0.8904;0.9;0.8902;0.8902;5100
20160126 140000;0.8902;0.9;0.8902;0.8903;8105
20160126 140100;0.8999;0.9;0.8999;0.9;4800
20160126 141100;0.8999;0.9;0.8999;0.9;1192
20160126 143800;0.8903;0.9;0.8903;0.9;10000
20160126 143900;0.8903;0.8903;0.8903;0.8903;200
20160126 144000;0.8903;0.8903;0.8903;0.8903;6000
20160126 150500;0.8902;0.8902;0.88;0.88;3400
20160126 150700;0.8801;0.8801;0.87;0.87;6000
20160126 150800;0.8701;0.8701;0.8701;0.8701;500
20160126 151800;0.89;0.8925;0.89;0.8925;2300
20160126 151900;0.8901;0.8901;0.8901;0.8901;700
20160126 152000;0.8902;0.895;0.8902;0.895;4846
20160126 152100;0.9198;0.9198;0.9198;0.9198;3800
20160126 152200;0.9201;0.9299;0.9201;0.9299;300
20160126 152300;0.9299;0.93;0.9299;0.93;3312
20160126 152400;0.9489;0.9489;0.9489;0.9489;2400
20160126 152500;0.948;0.95;0.948;0.95;775
20160126 152600;0.95;0.95;0.95;0.95;1300
20160126 152800;0.9689;0.9689;0.95;0.95;2833
20160126 152900;0.9685;0.9685;0.968;0.968;1400
20160126 153000;0.9681;0.9681;0.968;0.968;2900
20160126 153500;0.9681;0.9682;0.9681;0.9682;3733
20160126 153600;0.9681;0.9681;0.968;0.968;4050
20160126 153800;0.9681;0.9699;0.9681;0.9681;6614
20160126 153900;0.9681;0.9683;0.9681;0.9683;1800
20160126 154100;0.97;0.9792;0.9699;0.9792;15423
20160126 154200;0.9794;0.9794;0.9793;0.9793;3700
20160126 154300;0.9793;0.9794;0.9793;0.9794;2694
20160126 154400;0.98;0.98;0.9799;0.9799;16750
20160126 154500;0.98;0.98;0.9799;0.9799;29960
20160126 154600;0.9799;0.98;0.9799;0.9799;25130
20160126 154700;0.98;0.98;0.9799;0.98;29498
20160126 155000;0.98;0.98;0.9799;0.9799;3200
20160126 155500;0.9799;0.9799;0.9799;0.9799;1200
20160126 155600;0.9799;0.9799;0.9799;0.9799;2500
20160126 155700;0.9799;0.9799;0.8901;0.8901;36026
20160126 155800;0.9301;0.97;0.929;0.97;24469
20160126 155900;0.9701;0.9701;0.97;0.9701;31635
20160126 160000;0.97;0.97;0.9101;0.9101;69201
20160126 160300;0.8602;0.8602;0.8601;0.8601;500
20160126 160600;0.9999;1.01;0.9999;1.01;16360
20160126 163100;0.98;0.98;0.98;0.98;100
20160127 093100;0.9;0.9;0.9;0.9;5500
20160127 093200;0.9;0.9;0.88;0.88;13000
20160127 093400;0.88;0.88;0.87;0.87;2500
20160127 093500;0.87;0.87;0.87;0.87;100
20160127 093600;0.87;0.88;0.87;0.88;8400
20160127 093700;0.87;0.8797;0.87;0.8797;800
20160127 093800;0.88;0.88;0.8797;0.88;16300
20160127 093900;0.89;0.89;0.87;0.87;5000
20160127 094000;0.8701;0.8701;0.87;0.87;10000
20160127 094300;0.88;0.88;0.87;0.88;28300
20160127 094400;0.8701;0.8701;0.8701;0.8701;300
20160127 094500;0.87;0.87;0.86;0.8699;10100
20160127 094600;0.8699;0.8699;0.85;0.8699;6300
20160127 094700;0.86;0.86;0.8599;0.8599;800
20160127 094800;0.8599;0.86;0.8599;0.86;1300
20160127 094900;0.8599;0.86;0.85;0.85;17000
20160127 095000;0.85;0.85;0.85;0.85;9326
20160127 095100;0.844;0.844;0.84;0.8409;4800
20160127 095200;0.8498;0.8498;0.8401;0.8498;8600
20160127 095400;0.85;0.85;0.8404;0.8404;400
20160127 095500;0.8402;0.8402;0.8402;0.8402;100
20160127 095600;0.8496;0.85;0.8496;0.85;14500
20160127 095700;0.85;0.85;0.84;0.84;10000
20160127 095800;0.85;0.85;0.85;0.85;100
20160127 095900;0.8401;0.8497;0.84;0.8497;1200
20160127 100000;0.84;0.84;0.84;0.84;800
20160127 100100;0.84;0.84;0.8301;0.8301;35677
20160127 100200;0.8398;0.84;0.8351;0.8355;13900
20160127 100300;0.835;0.835;0.835;0.835;2000
20160127 100500;0.835;0.835;0.835;0.835;4500
20160127 100700;0.835;0.8353;0.835;0.835;5000
20160127 100800;0.835;0.85;0.835;0.85;27742
20160127 100900;0.83;0.832;0.83;0.83;6000
20160127 101400;0.83;0.8303;0.83;0.83;15000
20160127 101500;0.84;0.86;0.84;0.86;1400
20160127 102200;0.844;0.844;0.844;0.844;1500
20160127 102600;0.84;0.84;0.84;0.84;1858
20160127 104600;0.8499;0.8499;0.8499;0.8499;5000
20160127 105600;0.8473;0.8473;0.84;0.8401;800
20160127 105800;0.8499;0.86;0.8499;0.86;800
20160127 105900;0.85;0.85;0.85;0.85;100
20160127 113400;0.86;0.86;0.86;0.86;15000
20160127 114000;0.86;0.86;0.86;0.86;100
20160127 114800;0.86;0.86;0.86;0.86;1300
20160127 115600;0.8567;0.8567;0.8567;0.8567;100
20160127 120600;0.8698;0.8698;0.8698;0.8698;4300
20160127 122800;0.8699;0.8699;0.8699;0.8699;200
20160127 123800;0.8699;0.87;0.8699;0.87;2100
20160127 132100;0.8613;0.88;0.8578;0.8578;6849
20160127 132200;0.8577;0.8577;0.8501;0.8501;5500
20160127 132700;0.85;0.85;0.85;0.85;100
20160127 133000;0.857;0.857;0.857;0.857;100
20160127 133300;0.8505;0.8505;0.8505;0.8505;300
20160127 133600;0.8569;0.8569;0.8569;0.8569;100
20160127 133800;0.8569;0.857;0.8569;0.857;1149
20160127 134700;0.8537;0.8537;0.8537;0.8537;1000
20160127 140000;0.85;0.85;0.84;0.84;29188
20160127 140100;0.8421;0.8422;0.8421;0.8422;500
20160127 140200;0.8422;0.8422;0.8422;0.8422;100
20160127 141700;0.8422;0.8422;0.8422;0.8422;216
20160127 142900;0.8421;0.8421;0.84;0.84;11100
20160127 143700;0.84;0.84;0.84;0.84;1100
20160127 150600;0.84;0.84;0.84;0.84;1539
20160127 150800;0.84;0.84;0.84;0.84;500
20160127 151300;0.84;0.84;0.83;0.83;72355
20160127 151600;0.819;0.8191;0.819;0.8191;1700
20160127 151900;0.8101;0.8101;0.8101;0.8101;100
20160127 153500;0.81;0.81;0.801;0.801;30566
20160127 153600;0.801;0.801;0.801;0.801;24884
20160127 153700;0.8001;0.8001;0.8001;0.8001;500
20160127 153800;0.83;0.83;0.83;0.83;13136
20160127 154600;0.8;0.8003;0.8;0.8;14100
20160127 155400;0.7999;0.8;0.7996;0.8;25000
20160127 155700;0.76;0.7702;0.75;0.75;22004
20160127 155800;0.7501;0.7501;0.75;0.75;19226
20160127 155900;0.75;0.75;0.75;0.75;10000
20160127 160000;0.75;0.7697;0.75;0.7697;20675
20160127 160200;0.7501;0.7501;0.7501;0.7501;3298
20160127 160300;0.718;0.718;0.718;0.718;100
20160127 160500;0.71;0.71;0.708;0.708;100
20160127 161600;0.75;0.75;0.75;0.75;8000
20160128 093100;0.74;0.74;0.74;0.74;2000
20160128 093600;0.73;0.738;0.73;0.738;800
20160128 093700;0.74;0.74;0.74;0.74;900
20160128 094600;0.74;0.74;0.74;0.74;200
20160128 094700;0.7697;0.77;0.7697;0.77;8110
20160128 100700;0.8;0.8;0.8;0.8;100
20160128 103900;0.8;0.8;0.8;0.8;100
20160128 104000;0.8;0.8;0.8;0.8;9900
20160128 112100;0.81;0.8101;0.81;0.81;10200
20160128 113200;0.8104;0.8104;0.81;0.81;900
20160128 113500;0.82;0.82;0.82;0.82;200
20160128 113900;0.81;0.81;0.8;0.8;5600
20160128 114000;0.8;0.8;0.8;0.8;800
20160128 123100;0.8;0.8;0.8;0.8;199
20160128 124000;0.83;0.83;0.83;0.83;1500
20160128 124200;0.8299;0.83;0.8299;0.83;3000
20160128 124700;0.8001;0.8001;0.8001;0.8001;600
20160128 133600;0.8;0.8;0.8;0.8;100
20160128 135100;0.8001;0.8001;0.8001;0.8001;9500
20160128 141800;0.8;0.8;0.8;0.8;100
20160128 152000;0.8;0.8;0.8;0.8;100
20160128 154400;0.8;0.8;0.8;0.8;445
20160128 155900;0.8;0.8;0.8;0.8;200
20160128 160000;0.8;0.8;0.8;0.8;193
20160129 073300;1.01;1.01;1.01;1.01;300
20160129 074200;0.99;1.01;0.99;1.01;450
20160129 074400;0.99;0.99;0.99;0.99;200
20160129 074700;0.99;0.99;0.99;0.99;100
20160129 075000;0.9889;0.99;0.9888;0.99;500
20160129 081600;0.98;0.98;0.98;0.98;400
20160129 082400;0.98;0.98;0.98;0.98;300
20160129 084400;0.96;0.96;0.96;0.96;5000
20160129 092800;0.9;0.9;0.89;0.89;1300
20160129 093000;0.85;0.85;0.85;0.85;100
20160129 093100;0.9;0.9;0.9;0.9;1100
20160129 093300;0.895;0.895;0.895;0.895;215
20160129 093600;0.8889;0.8999;0.8849;0.8849;5130
20160129 094400;0.85;0.85;0.85;0.85;400
20160129 094600;0.85;0.85;0.8;0.8;8861
20160129 094700;0.8;0.805;0.8;0.8;5000
20160129 094800;0.8001;0.8003;0.8;0.8;5630
20160129 094900;0.8001;0.8001;0.8001;0.8001;1000
20160129 095500;0.84;0.84;0.84;0.84;100
20160129 095600;0.8494;0.8494;0.8494;0.8494;100
20160129 095800;0.8497;0.8497;0.8497;0.8497;4000
20160129 101500;0.8201;0.83;0.82;0.82;3400
20160129 101600;0.82;0.83;0.82;0.82;1200
20160129 101700;0.82;0.82;0.82;0.82;100
20160129 101800;0.8297;0.8297;0.8297;0.8297;100
20160129 102100;0.8288;0.8288;0.8286;0.8286;500
20160129 102300;0.82;0.82;0.82;0.82;400
20160129 102400;0.82;0.82;0.82;0.82;100
20160129 102500;0.82;0.8277;0.82;0.8277;1000
20160129 102800;0.8268;0.8268;0.8268;0.8268;500
20160129 102900;0.8264;0.8265;0.8264;0.8265;11000
20160129 103000;0.82;0.82;0.82;0.82;200
20160129 103300;0.81;0.81;0.81;0.81;100
20160129 103700;0.81;0.81;0.81;0.81;300
20160129 104600;0.8134;0.8134;0.8134;0.8134;200
20160129 104700;0.8197;0.8197;0.8197;0.8197;3210
20160129 104800;0.8195;0.8198;0.8195;0.8198;3748
20160129 104900;0.8199;0.82;0.8199;0.82;300
20160129 105200;0.8275;0.8275;0.8275;0.8275;2433
20160129 105300;0.8275;0.8275;0.8274;0.8274;4500
20160129 105800;0.841;0.8498;0.841;0.8498;1616
20160129 105900;0.8498;0.8498;0.8498;0.8498;200
20160129 110000;0.8498;0.85;0.8498;0.85;5019
20160129 110900;0.8435;0.8435;0.8435;0.8435;2222
20160129 111200;0.8486;0.85;0.8486;0.85;300
20160129 111700;0.85;0.85;0.85;0.85;3900
20160129 112400;0.8796;0.8796;0.8796;0.8796;1000
20160129 113300;0.87;0.87;0.87;0.87;200
20160129 114600;0.87;0.87;0.87;0.87;200
20160129 114700;0.8632;0.8632;0.86;0.86;1700
20160129 114800;0.85;0.85;0.85;0.85;1000
20160129 120400;0.8599;0.8599;0.8502;0.8502;2200
20160129 122700;0.8698;0.8698;0.8698;0.8698;100
20160129 122900;0.87;0.87;0.87;0.87;4000
20160129 123600;0.86;0.86;0.86;0.86;100
20160129 132100;0.85;0.85;0.84;0.84;6000
20160129 132200;0.87;0.87;0.85;0.85;2411
20160129 132800;0.85;0.85;0.85;0.85;100
20160129 132900;0.85;0.85;0.85;0.85;100
20160129 133400;0.8796;0.8796;0.8796;0.8796;3000
20160129 133900;0.8796;0.8797;0.8796;0.8797;3000
20160129 134000;0.8797;0.8797;0.8797;0.8797;4615
20160129 140800;0.85;0.85;0.85;0.85;100
20160129 141600;0.85;0.85;0.85;0.85;100
20160129 142000;0.85;0.85;0.85;0.85;200
20160129 142100;0.8497;0.8498;0.8403;0.8403;3148
20160129 142200;0.8408;0.845;0.84;0.84;20000
20160129 142300;0.84;0.84;0.84;0.84;200
20160129 142600;0.84;0.84;0.84;0.84;2000
20160129 142900;0.8484;0.8499;0.8484;0.8499;7580
20160129 143000;0.8486;0.8498;0.8486;0.8498;6266
20160129 143100;0.8499;0.8499;0.8499;0.8499;200
20160129 143200;0.85;0.853;0.85;0.853;33800
20160129 143700;0.8499;0.85;0.8498;0.85;13731
20160129 150600;0.8505;0.8505;0.85;0.85;38500
20160129 151400;0.85;0.85;0.8498;0.8498;800
20160129 151500;0.8498;0.8498;0.8498;0.8498;200
20160129 151600;0.8498;0.8498;0.8498;0.8498;100
20160129 151700;0.8498;0.8498;0.8486;0.8486;4757
20160129 151800;0.84;0.8405;0.84;0.84;18519
20160129 152600;0.8483;0.85;0.8483;0.85;4301
20160129 152800;0.8498;0.8498;0.8498;0.8498;5399
20160129 153600;0.8497;0.8497;0.8497;0.8497;5448
20160129 155300;0.8497;0.8497;0.8497;0.8497;900
20160129 155800;0.8497;0.85;0.8497;0.8499;10517
20160129 155900;0.8697;0.87;0.8697;0.87;4036
20160129 160000;0.8779;0.88;0.87;0.87;2822
20160201 093100;0.8977;0.8977;0.88;0.88;600
20160201 093200;0.87;0.87;0.87;0.87;100
20160201 093600;0.827;0.827;0.8239;0.8239;1000
20160201 093700;0.83;0.83;0.83;0.83;3000
20160201 093800;0.8332;0.8332;0.8332;0.8332;500
20160201 094200;0.827;0.827;0.798;0.798;4875
20160201 094300;0.8;0.8;0.8;0.8;1500
20160201 095000;0.75;0.75;0.75;0.75;3950
20160201 095600;0.7503;0.7503;0.75;0.75;800
20160201 095700;0.75;0.8;0.75;0.8;3500
20160201 095900;0.79;0.79;0.75;0.75;3220
20160201 100000;0.7899;0.79;0.788;0.79;9123
20160201 100200;0.82;0.82;0.82;0.82;600
20160201 100400;0.83;0.83;0.83;0.83;100
20160201 101200;0.83;0.83;0.83;0.83;100
20160201 101700;0.8499;0.8499;0.82;0.84;4310
20160201 101800;0.83;0.83;0.83;0.83;100
20160201 101900;0.83;0.83;0.8299;0.8299;200
20160201 102000;0.83;0.83;0.83;0.83;2100
20160201 102100;0.8299;0.8399;0.8299;0.8399;4800
20160201 102200;0.8299;0.8299;0.8299;0.8299;2384
20160201 103500;0.83;0.83;0.83;0.83;300
20160201 104600;0.8217;0.825;0.8217;0.825;4000
20160201 105200;0.8204;0.8204;0.8204;0.8204;300
20160201 105300;0.8204;0.8204;0.8204;0.8204;200
20160201 105600;0.8203;0.8203;0.8203;0.8203;100
20160201 111000;0.8202;0.8202;0.8202;0.8202;100
20160201 122200;0.8089;0.8089;0.8089;0.8089;300
20160201 123600;0.8003;0.8003;0.79;0.79;38998
20160201 123700;0.76;0.76;0.76;0.76;800
20160201 130800;0.7899;0.79;0.7899;0.79;7352
20160201 130900;0.7995;0.7995;0.79;0.79;9759
20160201 131000;0.7996;0.7996;0.7996;0.7996;7999
20160201 131100;0.8;0.8;0.8;0.8;9300
20160201 132200;0.8;0.8;0.8;0.8;11210
20160201 134700;0.7999;0.7999;0.78;0.78;20200
20160201 134800;0.78;0.7804;0.78;0.78;58500
20160201 135200;0.77;0.78;0.77;0.78;28500
20160201 135300;0.78;0.79;0.78;0.79;31800
20160201 135400;0.79;0.79;0.79;0.79;29475
20160201 140000;0.7901;0.7901;0.7901;0.7901;10000
20160201 140100;0.8;0.8;0.7901;0.8;35039
20160201 140200;0.8001;0.8001;0.8;0.8;10574
20160201 140400;0.8;0.8;0.8;0.8;9400
20160201 140500;0.8093;0.8093;0.8093;0.8093;2000
20160201 145300;0.81;0.81;0.81;0.81;100
20160201 152100;0.81;0.81;0.81;0.81;100
20160201 152200;0.82;0.82;0.82;0.82;100
20160201 153600;0.82;0.83;0.82;0.83;21527
20160201 153700;0.83;0.83;0.83;0.83;11127
20160201 153800;0.85;0.85;0.85;0.85;15020
20160201 154000;0.85;0.85;0.85;0.85;15000
20160201 154100;0.86;0.86;0.8501;0.8501;3200
20160201 154600;0.8501;0.8502;0.8501;0.8502;3000
20160201 155200;0.8502;0.86;0.8502;0.86;7179
20160201 155300;0.8699;0.87;0.8698;0.87;16898
20160201 155400;0.88;0.88;0.88;0.88;10100
20160201 155500;0.89;0.89;0.89;0.89;100
20160201 155600;0.89;0.89;0.89;0.89;2400
20160201 155700;0.89;0.89;0.89;0.89;3000
20160201 155800;0.89;0.89;0.88;0.8899;36834
20160201 155900;0.88;0.88;0.88;0.88;4700
20160201 160000;0.89;0.89;0.89;0.89;901
20160202 081300;1.01;1.01;1.01;1.01;1600
20160202 083500;0.9899;0.9899;0.9899;0.9899;200
20160202 085100;0.94;0.94;0.94;0.94;400
20160202 085800;0.97;0.97;0.97;0.97;500
20160202 090800;0.97;0.97;0.97;0.97;100
20160202 091500;0.96;0.96;0.96;0.96;100
20160202 091700;0.97;0.97;0.97;0.97;2000
20160202 092300;0.97;0.99;0.96;0.96;500
20160202 092700;0.9699;0.9699;0.9699;0.9699;100
20160202 093200;0.9004;0.9004;0.9004;0.9004;400
20160202 093700;0.9;0.9;0.89;0.89;1600
20160202 093800;0.89;0.89;0.87;0.87;9500
20160202 094200;0.91;0.91;0.91;0.91;1000
20160202 094400;0.934;0.934;0.934;0.934;100
20160202 094700;0.92;0.92;0.92;0.92;245
20160202 094800;0.9399;0.9399;0.9399;0.9399;1000
20160202 095100;0.89;0.89;0.88;0.88;755
20160202 095200;0.9247;0.9247;0.9247;0.9247;1300
20160202 095500;0.9197;0.9197;0.9197;0.9197;600
20160202 100000;0.88;0.88;0.88;0.88;100
20160202 100200;0.88;0.88;0.88;0.88;1000
20160202 101700;0.88;0.88;0.88;0.88;1000
20160202 102500;0.85;0.85;0.85;0.85;23398
20160202 103800;0.86;0.86;0.85;0.85;22010
20160202 104400;0.8499;0.85;0.8499;0.85;10200
20160202 104500;0.84;0.84;0.84;0.84;15000
20160202 104900;0.84;0.85;0.84;0.85;14796
20160202 111500;0.8493;0.85;0.8493;0.85;5000
20160202 111900;0.8495;0.8495;0.8437;0.8437;1000
20160202 112800;0.8472;0.8472;0.8472;0.8472;1500
20160202 112900;0.8463;0.85;0.8463;0.85;8300
20160202 113600;0.8633;0.8633;0.8633;0.8633;200
20160202 113800;0.8633;0.8633;0.8633;0.8633;200
20160202 114100;0.8607;0.8607;0.8607;0.8607;500
20160202 114900;0.8607;0.8607;0.8607;0.8607;200
20160202 120100;0.8699;0.8699;0.8501;0.8501;1000
20160202 120500;0.855;0.855;0.855;0.855;100
20160202 120800;0.91;0.91;0.91;0.91;100
20160202 120900;0.8785;0.8785;0.8785;0.8785;500
20160202 130400;0.8705;0.8705;0.8705;0.8705;100
20160202 131200;0.87;0.87;0.87;0.87;1400
20160202 132000;0.8842;0.8842;0.8842;0.8842;100
20160202 135700;0.8719;0.8719;0.8719;0.8719;300
20160202 141800;0.8504;0.8616;0.85;0.8616;2000
20160202 150500;0.85;0.85;0.85;0.85;100
20160202 150900;0.8714;0.8714;0.8714;0.8714;200
20160202 153600;0.8501;0.8501;0.8501;0.8501;1100
20160202 153800;0.8511;0.8511;0.851;0.851;300
20160202 155500;0.851;0.851;0.851;0.851;200
20160202 155600;0.851;0.851;0.85;0.85;10499
20160202 155700;0.8511;0.86;0.8311;0.86;15301
20160202 155800;0.86;0.89;0.86;0.89;30699
20160202 155900;0.89;0.891;0.89;0.891;10610
20160202 160000;0.891;0.9;0.891;0.9;7300
20160203 083300;1.05;1.05;1.05;1.05;100
20160203 083900;1.01;1.01;1.01;1.01;200
20160203 085500;1.03;1.03;1.03;1.03;300
20160203 090000;1.01;1.01;1.01;1.01;100
20160203 091000;1.02;1.02;1.02;1.02;200
20160203 091800;0.95;0.95;0.95;0.95;1000
20160203 091900;0.95;0.95;0.95;0.95;600
20160203 093100;0.9;0.9;0.9;0.9;185
20160203 093400;0.8806;0.8806;0.8806;0.8806;500
20160203 093500;0.8921;0.8921;0.853;0.853;2454
20160203 095700;0.86;0.9099;0.86;0.9099;700
20160203 100800;0.8898;0.8898;0.8898;0.8898;1000
20160203 100900;0.88;0.9;0.8737;0.9;2123
20160203 104800;0.88;0.88;0.88;0.88;100
20160203 105000;0.88;0.88;0.88;0.88;2700
20160203 105100;0.88;0.88;0.88;0.88;200
20160203 110600;0.87;0.87;0.87;0.87;300
20160203 111500;0.865;0.865;0.86;0.86;300
20160203 112500;0.8538;0.8538;0.8521;0.8521;600
20160203 112600;0.8521;0.8521;0.8521;0.8521;100
20160203 113000;0.8523;0.865;0.8523;0.865;6400
20160203 113600;0.87;0.87;0.87;0.87;100
20160203 113700;0.87;0.87;0.87;0.87;300
20160203 113800;0.88;0.88;0.88;0.88;2000
20160203 114000;0.89;0.89;0.8899;0.89;3019
20160203 114100;0.9;0.9;0.9;0.9;2012
20160203 114600;0.87;0.87;0.87;0.87;100
20160203 115100;0.86;0.86;0.851;0.854;10000
20160203 115200;0.85;0.8512;0.85;0.8512;20400
20160203 120100;0.85;0.85;0.85;0.85;100
20160203 121800;0.86;0.86;0.86;0.86;4200
20160203 122300;0.85;0.85;0.85;0.85;900
20160203 122500;0.8598;0.8598;0.8598;0.8598;1300
20160203 122600;0.8598;0.86;0.8598;0.8599;11800
20160203 122800;0.8699;0.87;0.8699;0.87;10300
20160203 122900;0.87;0.877;0.87;0.877;5779
20160203 123100;0.8699;0.8699;0.8699;0.8699;20678
20160203 124300;0.8799;0.8799;0.8799;0.8799;4000
20160203 124700;0.86;0.86;0.86;0.86;200
20160203 125200;0.8795;0.8799;0.8795;0.8799;8000
20160203 131100;0.86;0.86;0.86;0.86;100
20160203 132500;0.86;0.86;0.86;0.86;100
20160203 133100;0.86;0.86;0.86;0.86;100
20160203 134100;0.87;0.87;0.87;0.87;300
20160203 135000;0.8797;0.8797;0.8748;0.8779;1600
20160203 141100;0.8601;0.8601;0.8601;0.8601;100
20160203 143100;0.8601;0.8601;0.8601;0.8601;100
20160203 143500;0.8795;0.8795;0.8795;0.8795;1000
20160203 145100;0.8601;0.8601;0.8601;0.8601;100
20160203 145600;0.87;0.87;0.87;0.87;1000
20160203 150000;0.8784;0.8784;0.8784;0.8784;1000
20160203 150600;0.8606;0.8606;0.8606;0.8606;100
20160203 150800;0.87;0.87;0.87;0.87;1000
20160203 153600;0.8601;0.8601;0.8601;0.8601;100
20160203 154200;0.8603;0.8603;0.8603;0.8603;100
20160203 154600;0.8606;0.8606;0.8606;0.8606;100
20160203 154700;0.87;0.88;0.87;0.88;9900
20160203 154800;0.87;0.88;0.87;0.88;32450
20160203 154900;0.8803;0.8803;0.8803;0.8803;700
20160203 155100;0.8801;0.8801;0.8801;0.8801;100
20160203 155300;0.8801;0.8801;0.8801;0.8801;191
20160203 155400;0.8897;0.8898;0.8896;0.8898;4909
20160203 155500;0.8897;0.8899;0.8897;0.8899;9600
20160203 155600;0.8899;0.9;0.8899;0.9;51066
20160203 155800;0.9;0.9;0.9;0.9;2027
20160203 155900;0.9098;0.92;0.9098;0.92;27400
20160203 160000;0.93;0.94;0.92;0.94;105716
20160204 093100;0.8602;0.8602;0.8602;0.8602;268
20160204 093800;0.8608;0.8608;0.8608;0.8608;100
20160204 094900;0.9148;0.9148;0.9148;0.9148;300
20160204 095000;0.8704;0.8704;0.8704;0.8704;350
20160204 095700;0.8704;0.9139;0.8704;0.9139;6068
20160204 095900;0.8702;0.8702;0.8702;0.8702;100
20160204 100200;0.9;0.9;0.9;0.9;1600
20160204 101400;0.92;0.92;0.92;0.92;1000
20160204 102800;0.91;0.91;0.9099;0.91;10256
20160204 103000;0.91;0.91;0.91;0.91;2300
20160204 103100;0.91;0.91;0.91;0.91;100
20160204 104300;0.9;0.9;0.9;0.9;100
20160204 110300;0.8753;0.8753;0.8753;0.8753;100
20160204 110400;0.88;0.88;0.88;0.88;100
20160204 111100;0.8983;0.8983;0.8983;0.8983;1000
20160204 111500;0.88;0.88;0.88;0.88;100
20160204 112900;0.9099;0.9099;0.9099;0.9099;470
20160204 114000;0.88;0.88;0.88;0.88;100
20160204 115300;0.91;0.91;0.91;0.91;10000
20160204 120000;0.91;0.91;0.91;0.91;800
20160204 120100;0.9198;0.9198;0.9198;0.9198;1000
20160204 121600;0.9;0.9005;0.9;0.9;11500
20160204 121700;0.88;0.88;0.88;0.88;1400
20160204 122800;0.88;0.8803;0.88;0.88;1000
20160204 124400;0.88;0.8899;0.8799;0.8899;17183
20160204 124500;0.8899;0.8899;0.8899;0.8899;4166
20160204 124700;0.8954;0.8954;0.8954;0.8954;200
20160204 124800;0.9;0.9;0.9;0.9;10000
20160204 125200;0.9;0.9;0.9;0.9;4200
20160204 125300;0.8954;0.8954;0.8954;0.8954;5500
20160204 125400;0.88;0.88;0.875;0.875;3350
20160204 125800;0.875;0.875;0.8603;0.87;2300
20160204 125900;0.8651;0.8699;0.86;0.86;10000
20160204 130300;0.8698;0.8698;0.8698;0.8698;2000
20160204 130500;0.8699;0.8699;0.8699;0.8699;200
20160204 130600;0.8699;0.8699;0.8699;0.8699;100
20160204 130700;0.8699;0.8699;0.8699;0.8699;100
20160204 130800;0.8699;0.8699;0.8699;0.8699;300
20160204 130900;0.8699;0.8699;0.8699;0.8699;200
20160204 131200;0.87;0.87;0.87;0.87;200
20160204 132100;0.8699;0.8699;0.8699;0.8699;400
20160204 132200;0.8699;0.8699;0.8699;0.8699;200
20160204 133000;0.8602;0.8602;0.8602;0.8602;100
20160204 134200;0.8602;0.8602;0.8602;0.8602;1000
20160204 134300;0.8602;0.87;0.8602;0.87;4000
20160204 134400;0.87;0.88;0.8602;0.8602;3100
20160204 134500;0.86;0.86;0.86;0.86;20000
20160204 134600;0.855;0.855;0.855;0.855;100
20160204 134700;0.8549;0.8549;0.8549;0.8549;1000
20160204 135000;0.88;0.88;0.88;0.88;1000
20160204 135200;0.855;0.855;0.855;0.855;400
20160204 140100;0.8999;0.8999;0.8999;0.8999;500
20160204 141400;0.8899;0.8899;0.8899;0.8899;1100
20160204 141500;0.8899;0.8899;0.8899;0.8899;100
20160204 141700;0.8899;0.8899;0.8899;0.8899;28500
20160204 141800;0.8899;0.8899;0.8899;0.8899;300
20160204 142400;0.8899;0.8899;0.8899;0.8899;3000
20160204 142500;0.855;0.855;0.855;0.855;100
20160204 145500;0.875;0.875;0.875;0.875;100
20160204 152000;0.875;0.875;0.875;0.875;100
20160204 152600;0.8949;0.8949;0.8949;0.8949;8100
20160204 152800;0.895;0.895;0.895;0.895;300
20160204 153800;0.895;0.895;0.895;0.895;7800
20160204 153900;0.92;0.92;0.92;0.92;5000
20160204 154500;0.9;0.9;0.895;0.895;14750
20160204 154600;0.89;0.89;0.89;0.89;900
20160204 154700;0.89;0.9;0.89;0.9;16400
20160204 154800;0.9;0.9;0.9;0.9;15700
20160204 155600;0.9189;0.9189;0.91;0.91;2900
20160204 155900;0.8999;0.8999;0.8999;0.8999;9000
20160204 160000;0.9124;0.92;0.8999;0.92;56491
20160204 160200;0.9298;0.93;0.9298;0.93;400
20160205 103100;0.91;0.91;0.91;0.91;2000
20160205 103300;0.92;0.92;0.92;0.92;100
20160205 112500;0.89;0.89;0.89;0.89;100
20160205 115300;0.91;0.91;0.91;0.91;4000
20160205 115400;0.9;0.9;0.9;0.9;100
20160205 122100;0.9099;0.92;0.87;0.87;8100
20160205 122500;0.9299;0.9299;0.92;0.92;14859
20160205 122600;0.92;0.92;0.92;0.92;600
20160205 122800;0.92;0.92;0.86;0.86;10000
20160205 122900;0.92;0.92;0.92;0.92;20400
20160205 123300;0.9298;0.9298;0.92;0.92;1900
20160205 123900;0.92;0.92;0.92;0.92;100
20160205 124100;0.9249;0.925;0.92;0.92;7300
20160205 125400;0.9245;0.9245;0.9245;0.9245;100
20160205 131900;0.92;0.92;0.92;0.92;15078
20160205 132200;0.92;0.92;0.92;0.92;6300
20160205 132700;0.92;0.92;0.92;0.92;645
20160205 132800;0.92;0.92;0.92;0.92;3250
20160205 133000;0.92;0.92;0.92;0.92;100
20160205 133200;0.92;0.92;0.92;0.92;3000
20160205 133300;0.92;0.92;0.92;0.92;700
20160205 133700;0.92;0.92;0.92;0.92;100
20160205 133800;0.92;0.92;0.92;0.92;1300
20160205 135500;0.92;0.92;0.92;0.92;390
20160205 135600;0.92;0.92;0.92;0.92;100
20160205 140900;0.9201;0.9201;0.92;0.92;1100
20160205 141000;0.92;0.92;0.92;0.92;300
20160205 141400;0.92;0.92;0.92;0.92;3990
20160205 141500;0.92;0.92;0.92;0.92;1100
20160205 141600;0.92;0.92;0.92;0.92;100
20160205 141700;0.92;0.92;0.919;0.919;9737
20160205 142900;0.87;0.87;0.87;0.87;100
20160205 144900;0.8701;0.8701;0.8701;0.8701;300
20160205 145000;0.8701;0.8701;0.8701;0.8701;200
20160205 150400;0.87;0.87;0.87;0.87;100
20160205 152900;0.87;0.87;0.87;0.87;200
20160205 153100;0.8999;0.92;0.8999;0.92;2710
20160205 153200;0.9199;0.925;0.9199;0.925;6700
20160205 154000;0.9101;0.9101;0.9101;0.9101;300
20160205 154100;0.9249;0.925;0.9249;0.925;1600
20160205 154300;0.925;0.925;0.91;0.91;2000
20160205 154600;0.9298;0.9298;0.9298;0.9298;4000
20160205 155200;0.9299;0.9299;0.9299;0.9299;7500
20160205 155300;0.93;0.94;0.93;0.94;10900
20160205 155500;0.93;0.937;0.93;0.937;1600
20160205 155600;0.9301;0.9301;0.93;0.93;5200
20160205 155700;0.93;0.93;0.93;0.93;1100
20160205 155900;0.9399;0.94;0.93;0.93;2800
20160205 160000;0.94;0.94;0.93;0.93;5493
