20160119 094800;7.59;7.59;7.58;7.58;400
20160119 094900;7.595;7.595;7.55;7.55;1300
20160119 095000;7.55;7.55;7.55;7.55;100
20160119 095600;7.56;7.56;7.55;7.56;1800
20160119 095700;7.55;7.56;7.445;7.445;5610
20160119 095800;7.45;7.45;7.45;7.45;100
20160119 100200;7.45;7.45;7.45;7.45;100
20160119 101400;7.516;7.52;7.516;7.52;400
20160119 102500;7.55;7.55;7.55;7.55;200
20160119 102600;7.55;7.55;7.55;7.55;231
20160119 102700;7.53;7.53;7.53;7.53;200
20160119 103000;7.53;7.54;7.53;7.54;700
20160119 103200;7.54;7.55;7.54;7.55;400
20160119 103400;7.55;7.55;7.55;7.55;3500
20160119 104600;7.5404;7.5404;7.5404;7.5404;820
20160119 105100;7.5495;7.5495;7.5495;7.5495;210
20160119 110300;7.55;7.55;7.55;7.55;200
20160119 123000;7.54;7.54;7.54;7.54;100
20160119 135900;7.5411;7.5411;7.54;7.54;2469
20160119 140300;7.545;7.545;7.54;7.54;1100
20160119 140400;7.541;7.541;7.541;7.541;300
20160119 140500;7.54;7.54;7.54;7.54;400
20160119 140600;7.54;7.54;7.54;7.54;100
20160119 143300;7.54;7.5433;7.54;7.5433;550
20160119 145300;7.54;7.54;7.54;7.54;100
20160119 145400;7.54;7.54;7.54;7.54;100
20160119 145600;7.54;7.54;7.54;7.54;100
20160119 145700;7.54;7.54;7.54;7.54;300
20160119 145800;7.54;7.54;7.54;7.54;100
20160119 145900;7.5431;7.5431;7.5431;7.5431;305
20160119 150100;7.54;7.54;7.54;7.54;200
20160119 150200;7.54;7.54;7.54;7.54;100
20160119 150500;7.5424;7.5424;7.5424;7.5424;150
20160119 151000;7.54;7.54;7.54;7.54;200
20160119 151100;7.54;7.54;7.54;7.54;500
20160119 151700;7.545;7.545;7.54;7.54;1500
20160119 151800;7.5432;7.5432;7.5432;7.5432;1572
20160119 152700;7.55;7.55;7.5401;7.55;400
20160119 152800;7.55;7.56;7.54;7.54;3700
20160119 152900;7.5;7.5;7.5;7.5;700
20160119 153200;7.5;7.5;7.5;7.5;400
20160119 153700;7.51;7.51;7.51;7.51;200
20160119 154300;7.5;7.5;7.5;7.5;490
20160119 155400;7.5;7.5;7.5;7.5;200
20160119 155500;7.5;7.5;7.5;7.5;100
20160119 155800;7.469;7.469;7.469;7.469;150
20160119 155900;7.49;7.49;7.49;7.49;100
20160120 093400;7.489;7.489;7.489;7.489;1250
20160120 094900;7.433;7.4371;7.433;7.433;1237
20160120 095200;7.44;7.44;7.44;7.44;200
20160120 095600;7.42;7.42;7.42;7.42;400
20160120 100600;7.42;7.42;7.42;7.42;500
20160120 101600;7.42;7.42;7.42;7.42;300
20160120 102300;7.4201;7.43;7.38;7.39;7500
20160120 102800;7.39;7.39;7.39;7.39;300
20160120 103500;7.3986;7.4;7.39;7.39;2332
20160120 103600;7.39;7.39;7.39;7.39;200
20160120 103700;7.39;7.39;7.39;7.39;800
20160120 104200;7.36;7.36;7.36;7.36;400
20160120 104400;7.35;7.38;7.31;7.31;2900
20160120 105000;7.33;7.33;7.33;7.33;400
20160120 105300;7.3402;7.36;7.3402;7.36;2403
20160120 111100;7.34;7.34;7.34;7.34;889
20160120 112700;7.34;7.34;7.34;7.34;500
20160120 113300;7.34;7.34;7.34;7.34;300
20160120 114500;7.34;7.34;7.34;7.34;500
20160120 114600;7.34;7.34;7.34;7.34;100
20160120 114800;7.34;7.341;7.34;7.341;2080
20160120 115100;7.34;7.34;7.34;7.34;521
20160120 115800;7.33;7.33;7.33;7.33;3000
20160120 115900;7.33;7.33;7.33;7.33;200
20160120 120200;7.31;7.327;7.31;7.327;400
20160120 120700;7.31;7.31;7.31;7.31;500
20160120 120800;7.32;7.32;7.32;7.32;300
20160120 121500;7.32;7.32;7.32;7.32;300
20160120 121700;7.32;7.32;7.32;7.32;200
20160120 121900;7.3168;7.3168;7.3168;7.3168;500
20160120 122900;7.31;7.31;7.31;7.31;100
20160120 123200;7.31;7.32;7.31;7.32;4800
20160120 124100;7.31;7.31;7.31;7.31;118
20160120 124200;7.31;7.31;7.31;7.31;118
20160120 125900;7.31;7.31;7.31;7.31;596
20160120 131400;7.3197;7.3197;7.3197;7.3197;3405
20160120 133600;7.305;7.32;7.29;7.32;10200
20160120 134000;7.321;7.33;7.32;7.33;7000
20160120 134400;7.35;7.35;7.35;7.35;700
20160120 134900;7.35;7.35;7.35;7.35;400
20160120 135300;7.3578;7.3578;7.3578;7.3578;700
20160120 140100;7.36;7.36;7.36;7.36;300
20160120 140300;7.37;7.37;7.37;7.37;100
20160120 141900;7.368;7.38;7.368;7.3789;2000
20160120 142000;7.378;7.39;7.378;7.39;3200
20160120 142100;7.39;7.417;7.39;7.417;1000
20160120 142200;7.41;7.41;7.4;7.405;3200
20160120 143800;7.371;7.371;7.371;7.371;400
20160120 151600;7.42;7.42;7.42;7.42;1816
20160120 152600;7.43;7.43;7.43;7.43;100
20160120 153000;7.425;7.425;7.42;7.42;500
20160120 155200;7.4091;7.4091;7.4091;7.4091;200
20160121 100200;7.46;7.46;7.46;7.46;120
20160121 100300;7.465;7.465;7.465;7.465;300
20160121 100700;7.48;7.48;7.48;7.48;200
20160121 101200;7.48;7.48;7.48;7.48;100
20160121 101400;7.48;7.48;7.48;7.48;100
20160121 102300;7.488;7.488;7.488;7.488;500
20160121 102700;7.49;7.49;7.49;7.49;100
20160121 103600;7.5;7.5;7.5;7.5;1100
20160121 103800;7.5;7.5;7.49;7.49;954
20160121 104200;7.5;7.5;7.5;7.5;100
20160121 104500;7.49;7.49;7.42;7.42;3800
20160121 104600;7.44;7.46;7.425;7.46;1100
20160121 105000;7.49;7.49;7.49;7.49;500
20160121 105200;7.5;7.5;7.5;7.5;100
20160121 105500;7.5;7.5;7.5;7.5;250
20160121 105800;7.51;7.51;7.51;7.51;1750
20160121 105900;7.51;7.51;7.51;7.51;100
20160121 110300;7.53;7.53;7.53;7.53;100
20160121 110600;7.54;7.54;7.54;7.54;100
20160121 110800;7.521;7.522;7.51;7.511;2438
20160121 112000;7.53;7.53;7.53;7.53;100
20160121 112300;7.53;7.53;7.53;7.53;100
20160121 112500;7.54;7.55;7.54;7.55;200
20160121 112700;7.55;7.55;7.55;7.55;100
20160121 112900;7.56;7.56;7.56;7.56;100
20160121 120600;7.56;7.56;7.56;7.56;1600
20160121 121500;7.56;7.56;7.56;7.56;500
20160121 121600;7.57;7.57;7.57;7.57;100
20160121 122400;7.56;7.56;7.56;7.56;1500
20160121 124600;7.57;7.57;7.57;7.57;100
20160121 130900;7.57;7.57;7.57;7.57;345
20160121 131700;7.59;7.59;7.59;7.59;2015
20160121 132500;7.57;7.57;7.57;7.57;500
20160121 135200;7.59;7.59;7.59;7.59;100
20160121 135300;7.59;7.59;7.59;7.59;700
20160121 135400;7.59;7.59;7.59;7.59;1700
20160121 135500;7.59;7.59;7.59;7.59;200
20160121 135900;7.59;7.59;7.59;7.59;300
20160121 140800;7.59;7.59;7.59;7.59;500
20160121 140900;7.59;7.6;7.59;7.5999;10065
20160121 141500;7.58;7.58;7.58;7.58;700
20160121 141800;7.58;7.58;7.58;7.58;2800
20160121 144500;7.57;7.57;7.57;7.57;1199
20160121 145300;7.5715;7.573;7.57;7.573;1122
20160121 150900;7.534;7.534;7.534;7.534;290
20160121 151900;7.53;7.53;7.53;7.53;300
20160121 152400;7.55;7.55;7.55;7.55;200
20160121 152900;7.55;7.55;7.54;7.55;400
20160121 154200;7.54;7.54;7.54;7.54;100
20160121 154300;7.54;7.54;7.54;7.54;100
20160121 155400;7.52;7.52;7.52;7.52;100
20160121 160000;7.51;7.51;7.51;7.51;100
20160122 093400;7.56;7.56;7.55;7.55;200
20160122 094200;7.589;7.589;7.5885;7.5885;900
20160122 095900;7.54;7.58;7.53;7.58;400
20160122 100100;7.58;7.58;7.58;7.58;200
20160122 100800;7.59;7.6;7.59;7.6;800
20160122 101900;7.635;7.635;7.635;7.635;200
20160122 103800;7.68;7.68;7.68;7.68;300
20160122 104800;7.67;7.67;7.67;7.67;183
20160122 113900;7.67;7.67;7.65;7.65;400
20160122 114200;7.64;7.64;7.62;7.62;366
20160122 120700;7.66;7.66;7.66;7.66;100
20160122 120800;7.6694;7.6694;7.6694;7.6694;500
20160122 120900;7.6699;7.6699;7.63;7.6584;4500
20160122 122300;7.6403;7.6403;7.6403;7.6403;270
20160122 122400;7.645;7.645;7.645;7.645;100
20160122 122700;7.66;7.66;7.65;7.66;400
20160122 122900;7.67;7.67;7.67;7.67;1955
20160122 123900;7.67;7.67;7.67;7.67;500
20160122 124600;7.6443;7.6443;7.62;7.62;1900
20160122 124800;7.67;7.67;7.67;7.67;100
20160122 125100;7.6205;7.6205;7.6205;7.6205;1250
20160122 125300;7.67;7.67;7.67;7.67;100
20160122 130800;7.62;7.67;7.61;7.67;500
20160122 131800;7.6532;7.6532;7.6532;7.6532;150
20160122 135000;7.69;7.69;7.69;7.69;200
20160122 135200;7.69;7.69;7.69;7.69;100
20160122 145300;7.69;7.721;7.68;7.721;491
20160122 153300;7.66;7.66;7.65;7.65;400
20160122 153400;7.64;7.64;7.64;7.64;100
20160122 154100;7.64;7.64;7.64;7.64;100
20160122 155300;7.65;7.65;7.63;7.63;600
20160122 155500;7.59;7.59;7.59;7.59;196
20160122 155700;7.58;7.58;7.58;7.58;200
20160122 155800;7.58;7.58;7.58;7.58;100
20160125 094100;7.58;7.58;7.58;7.58;100
20160125 094600;7.59;7.59;7.59;7.59;100
20160125 095000;7.64;7.64;7.63;7.64;754
20160125 095600;7.64;7.64;7.64;7.64;100
20160125 100600;7.64;7.64;7.64;7.64;100
20160125 102800;7.66;7.66;7.66;7.66;200
20160125 103100;7.663;7.663;7.66;7.66;600
20160125 104000;7.68;7.69;7.68;7.68;4686
20160125 104100;7.68;7.68;7.68;7.68;100
20160125 105400;7.7099;7.7099;7.7099;7.7099;500
20160125 110100;7.68;7.68;7.68;7.68;800
20160125 110200;7.695;7.7;7.695;7.7;500
20160125 110300;7.7;7.71;7.69;7.704;8175
20160125 110400;7.67;7.67;7.67;7.67;100
20160125 110900;7.67;7.67;7.67;7.67;100
20160125 111400;7.66;7.66;7.66;7.66;100
20160125 111500;7.6644;7.6644;7.66;7.66;1300
20160125 111900;7.63;7.63;7.63;7.63;100
20160125 112400;7.63;7.63;7.63;7.63;100
20160125 112900;7.63;7.63;7.63;7.63;200
20160125 113000;7.63;7.64;7.63;7.64;227
20160125 113100;7.65;7.65;7.65;7.65;200
20160125 120400;7.65;7.65;7.65;7.65;100
20160125 120800;7.63;7.63;7.63;7.63;500
20160125 125000;7.6363;7.66;7.6363;7.66;3162
20160125 130400;7.645;7.645;7.645;7.645;200
20160125 130500;7.66;7.66;7.66;7.66;2100
20160125 131100;7.67;7.67;7.67;7.67;432
20160125 131400;7.6901;7.6901;7.6901;7.6901;875
20160125 131900;7.7;7.7401;7.7;7.7401;5200
20160125 134800;7.78;7.78;7.74;7.74;400
20160125 135800;7.739;7.739;7.739;7.739;500
20160125 135900;7.73;7.73;7.73;7.73;200
20160125 141400;7.7101;7.725;7.71;7.712;3600
20160125 141500;7.71;7.73;7.71;7.73;2195
20160125 141600;7.71;7.711;7.71;7.711;1600
20160125 142000;7.689;7.689;7.689;7.689;750
20160125 150000;7.67;7.7;7.67;7.7;429
20160125 150100;7.7;7.7;7.7;7.7;100
20160125 150400;7.69;7.69;7.69;7.69;100
20160125 151400;7.6742;7.6742;7.6742;7.6742;900
20160125 154200;7.67;7.7;7.67;7.673;1900
20160125 154800;7.67;7.6795;7.67;7.6795;2905
20160125 155100;7.65;7.65;7.65;7.65;100
20160125 155400;7.64;7.64;7.63;7.63;200
20160125 155900;7.64;7.64;7.64;7.64;200
20160126 093600;7.83;7.83;7.83;7.83;100
20160126 095000;7.75;7.75;7.75;7.75;100
20160126 100600;7.76;7.78;7.75;7.75;5400
20160126 100800;7.73;7.73;7.73;7.73;100
20160126 102000;7.76;7.76;7.76;7.76;100
20160126 102100;7.714;7.717;7.714;7.717;1000
20160126 105200;7.76;7.76;7.76;7.76;100
20160126 110600;7.75;7.75;7.75;7.75;400
20160126 113200;7.81;7.81;7.81;7.81;100
20160126 121300;7.83;7.83;7.83;7.83;100
20160126 123000;7.743;7.7442;7.743;7.744;1610
20160126 124200;7.77;7.79;7.77;7.79;200
20160126 125400;7.76;7.76;7.76;7.76;100
20160126 131200;7.775;7.775;7.775;7.775;500
20160126 131900;7.79;7.79;7.79;7.79;649
20160126 134700;7.799;7.799;7.799;7.799;100
20160126 140400;7.7972;7.7972;7.7972;7.7972;228
20160126 140900;7.8;7.8;7.8;7.8;100
20160126 142900;7.8;7.81;7.8;7.81;2500
20160126 143200;7.83;7.83;7.83;7.83;200
20160126 144300;7.831;7.831;7.831;7.831;100
20160126 145400;7.83;7.83;7.83;7.83;187
20160126 152600;7.82;7.82;7.82;7.82;200
20160126 153400;7.8201;7.8201;7.82;7.82;300
20160126 154300;7.7915;7.7915;7.7915;7.7915;250
20160126 155600;7.82;7.82;7.82;7.82;100
20160126 155700;7.83;7.83;7.83;7.83;100
20160126 155800;7.81;7.81;7.81;7.81;100
20160126 160000;7.814;7.814;7.814;7.814;500
20160127 100600;7.7499;7.7499;7.7499;7.7499;150
20160127 102600;7.75;7.76;7.75;7.76;800
20160127 110800;7.75;7.7532;7.75;7.7532;776
20160127 113300;7.76;7.76;7.76;7.76;626
20160127 122900;7.78;7.8;7.77;7.8;6791
20160127 124400;7.8111;7.8111;7.8111;7.8111;1000
20160127 150100;7.8;7.8;7.8;7.8;100
20160127 152400;7.8;7.8;7.8;7.8;300
20160127 155600;7.8;7.8;7.8;7.8;400
20160127 155700;7.8;7.8;7.8;7.8;300
20160127 155900;7.81;7.81;7.81;7.81;300
20160128 095400;7.87;7.87;7.87;7.87;100
20160128 103200;7.82;7.8298;7.82;7.8298;625
20160128 103300;7.824;7.824;7.823;7.823;500
20160128 105700;7.81;7.81;7.81;7.81;100
20160128 110700;7.84;7.84;7.84;7.84;100
20160128 112500;7.813;7.813;7.811;7.811;367
20160128 114300;7.83;7.83;7.83;7.83;100
20160128 115200;7.8188;7.8188;7.8188;7.8188;300
20160128 123600;7.835;7.835;7.835;7.835;100
20160128 130600;7.86;7.86;7.86;7.86;850
20160128 140800;7.81;7.81;7.81;7.81;100
20160128 140900;7.825;7.825;7.825;7.825;100
20160128 141100;7.81;7.81;7.81;7.81;100
20160128 142500;7.81;7.81;7.81;7.81;600
20160128 144700;7.8;7.8;7.8;7.8;100
20160128 150400;7.8;7.8;7.8;7.8;100
20160128 151200;7.81;7.82;7.81;7.82;500
20160128 151300;7.82;7.82;7.82;7.82;200
20160128 151900;7.8201;7.8201;7.8201;7.8201;334
20160128 152600;7.81;7.81;7.81;7.81;200
20160128 153000;7.82;7.82;7.82;7.82;100
20160128 153300;7.82;7.82;7.82;7.82;100
20160128 153600;7.826;7.84;7.826;7.84;1100
20160128 155300;7.86;7.86;7.86;7.86;100
20160128 155900;7.85;7.85;7.85;7.85;100
20160129 093200;7.9353;7.9353;7.9353;7.9353;120
20160129 100400;7.917;7.92;7.89;7.92;1088
20160129 101900;7.915;7.915;7.915;7.915;268
20160129 102500;7.92;7.92;7.92;7.92;100
20160129 103100;7.9201;7.9201;7.9201;7.9201;100
20160129 103500;7.9201;7.9201;7.9201;7.9201;294
20160129 104300;7.92;7.92;7.92;7.92;100
20160129 111300;7.9237;7.93;7.9211;7.9299;2600
20160129 111500;7.92;7.92;7.92;7.92;100
20160129 111700;7.92;7.92;7.92;7.92;100
20160129 111800;7.92;7.92;7.92;7.92;300
20160129 112000;7.93;7.97;7.93;7.96;2484
20160129 112200;7.96;7.96;7.96;7.96;100
20160129 112600;7.95;7.9599;7.95;7.9599;8316
20160129 112700;7.93;7.93;7.93;7.93;200
20160129 113500;7.92;7.92;7.9;7.9041;1778
20160129 121400;7.9069;7.9069;7.9;7.9;409
20160129 121500;7.8642;7.8642;7.8642;7.8642;635
20160129 121600;7.8713;7.8713;7.8713;7.8713;280
20160129 122100;7.85;7.85;7.85;7.85;100
20160129 122700;7.86;7.86;7.86;7.86;100
20160129 122900;7.87;7.87;7.87;7.87;500
20160129 123800;7.88;7.88;7.88;7.88;100
20160129 133500;7.9;7.9;7.89;7.89;300
20160129 141200;7.9;7.9;7.8868;7.8868;4600
20160129 142000;7.9;7.9;7.9;7.9;100
20160129 143800;7.8934;7.9;7.8934;7.9;1600
20160129 144600;7.87;7.87;7.87;7.87;100
20160129 145000;7.9;7.94;7.87;7.93;6600
20160129 151100;7.9082;7.95;7.9082;7.95;1480
20160129 151400;7.9272;7.9272;7.9272;7.9272;725
20160129 152700;7.9;7.9;7.9;7.9;200
20160129 153200;7.91;7.91;7.91;7.91;100
20160129 155000;7.89;7.89;7.89;7.89;100
20160129 155300;7.89;7.89;7.89;7.89;100
20160129 160000;7.91;7.95;7.91;7.95;600
20160201 094800;7.9037;7.9037;7.9037;7.9037;155
20160201 100100;7.91;7.91;7.91;7.91;1897
20160201 102500;7.93;7.94;7.93;7.93;1000
20160201 112500;7.8733;7.8733;7.8733;7.8733;100
20160201 114900;7.9;7.9;7.89;7.89;1016
20160201 115800;7.9;7.9;7.9;7.9;200
20160201 120100;7.9;7.9;7.9;7.9;100
20160201 120500;7.9;7.9;7.82;7.85;2275
20160201 120600;7.825;7.825;7.82;7.82;200
20160201 120800;7.89;7.89;7.89;7.89;100
20160201 120900;7.89;7.92;7.83;7.88;4715
20160201 121000;7.87;7.87;7.87;7.87;100
20160201 121300;7.89;7.89;7.89;7.89;100
20160201 121400;7.92;7.92;7.92;7.92;100
20160201 121600;7.92;7.92;7.87;7.87;500
20160201 121700;7.87;7.87;7.87;7.87;100
20160201 121900;7.882;7.882;7.882;7.882;100
20160201 122000;7.9;7.9;7.9;7.9;100
20160201 122200;7.8999;7.8999;7.8999;7.8999;100
20160201 122400;7.9;7.9;7.9;7.9;100
20160201 122600;7.92;7.92;7.92;7.92;100
20160201 122700;7.92;7.92;7.92;7.92;100
20160201 123100;7.92;7.92;7.92;7.92;100
20160201 123300;7.92;7.92;7.92;7.92;100
20160201 123500;7.9199;7.9199;7.9199;7.9199;100
20160201 123700;7.92;7.92;7.92;7.92;100
20160201 123900;7.92;7.92;7.92;7.92;100
20160201 124100;7.92;7.92;7.92;7.92;100
20160201 124300;7.92;7.92;7.92;7.92;100
20160201 124500;7.92;7.92;7.92;7.92;100
20160201 124700;7.92;7.92;7.91;7.91;200
20160201 124800;7.91;7.91;7.89;7.89;600
20160201 125100;7.8999;7.8999;7.8999;7.8999;100
20160201 125300;7.9;7.9;7.9;7.9;100
20160201 125500;7.92;7.92;7.92;7.92;100
20160201 125700;7.92;7.92;7.92;7.92;100
20160201 125900;7.92;7.92;7.92;7.92;100
20160201 130000;7.92;7.92;7.92;7.92;100
20160201 130200;7.92;7.92;7.92;7.92;100
20160201 130400;7.9199;7.9199;7.9199;7.9199;100
20160201 130600;7.92;7.92;7.92;7.92;100
20160201 130800;7.92;7.92;7.92;7.92;100
20160201 131000;7.92;7.92;7.92;7.92;100
20160201 131200;7.92;7.92;7.92;7.92;100
20160201 131400;7.92;7.92;7.92;7.92;100
20160201 131600;7.92;7.92;7.92;7.92;100
20160201 131800;7.92;7.92;7.92;7.92;100
20160201 132000;7.92;7.92;7.92;7.92;100
20160201 132200;7.92;7.92;7.92;7.92;100
20160201 132400;7.92;7.92;7.92;7.92;100
20160201 132600;7.92;7.92;7.92;7.92;100
20160201 133000;7.92;7.92;7.91;7.91;200
20160201 133100;7.9;7.9;7.9;7.9;100
20160201 133500;7.9099;7.9099;7.9099;7.9099;282
20160201 151000;7.904;7.91;7.904;7.91;600
20160201 154800;7.91;7.91;7.91;7.91;400
20160201 155200;7.8901;7.92;7.8901;7.92;500
20160201 155600;7.9;7.9;7.9;7.9;225
20160201 155900;7.91;7.91;7.91;7.91;160
20160202 093900;7.82;7.82;7.82;7.82;100
20160202 094200;7.79;7.79;7.79;7.79;200
20160202 095200;7.79;7.79;7.79;7.79;500
20160202 095300;7.78;7.78;7.78;7.78;200
20160202 095600;7.77;7.77;7.77;7.77;100
20160202 095700;7.77;7.77;7.77;7.77;100
20160202 095800;7.79;7.79;7.79;7.79;100
20160202 095900;7.78;7.83;7.78;7.83;700
20160202 100100;7.79;7.79;7.79;7.79;100
20160202 100200;7.81;7.81;7.81;7.81;100
20160202 100400;7.81;7.83;7.81;7.83;600
20160202 100500;7.78;7.78;7.78;7.78;100
20160202 100700;7.77;7.77;7.77;7.77;100
20160202 101100;7.805;7.805;7.805;7.805;100
20160202 101200;7.805;7.805;7.805;7.805;100
20160202 101600;7.77;7.77;7.77;7.77;100
20160202 102300;7.81;7.83;7.81;7.83;200
20160202 102400;7.8;7.8;7.8;7.8;200
20160202 102500;7.81;7.83;7.81;7.83;200
20160202 102600;7.81;7.81;7.81;7.81;100
20160202 102700;7.81;7.81;7.81;7.81;100
20160202 103400;7.81;7.81;7.81;7.81;100
20160202 103600;7.8;7.8;7.8;7.8;100
20160202 104000;7.77;7.77;7.77;7.77;100
20160202 104100;7.78;7.78;7.78;7.78;100
20160202 104400;7.78;7.78;7.78;7.78;300
20160202 104600;7.82;7.82;7.82;7.82;100
20160202 105500;7.8;7.8;7.8;7.8;100
20160202 105900;7.82;7.82;7.82;7.82;100
20160202 110000;7.795;7.795;7.795;7.795;100
20160202 110300;7.82;7.82;7.82;7.82;100
20160202 110800;7.8;7.8;7.8;7.8;100
20160202 111300;7.82;7.82;7.82;7.82;100
20160202 111700;7.82;7.82;7.82;7.82;100
20160202 112300;7.82;7.82;7.82;7.82;200
20160202 113000;7.82;7.84;7.82;7.84;200
20160202 113700;7.83;7.85;7.83;7.85;416
20160202 114400;7.86;7.86;7.86;7.86;100
20160202 114800;7.83;7.83;7.83;7.83;100
20160202 115300;7.82;7.82;7.82;7.82;100
20160202 115800;7.81;7.81;7.81;7.81;100
20160202 120600;7.8;7.8;7.8;7.8;100
20160202 120800;7.8;7.8;7.8;7.8;100
20160202 120900;7.79;7.79;7.79;7.79;100
20160202 121100;7.8;7.8;7.8;7.8;100
20160202 122100;7.79;7.79;7.79;7.79;100
20160202 122200;7.7957;7.7957;7.7957;7.7957;460
20160202 123000;7.79;7.79;7.79;7.79;175
20160202 124900;7.8299;7.87;7.79;7.83;1980
20160202 130800;7.84;7.84;7.84;7.84;100
20160202 134000;7.84;7.84;7.84;7.84;100
20160202 140100;7.8001;7.8001;7.8001;7.8001;257
20160202 140200;7.84;7.84;7.84;7.84;200
20160202 143000;7.83;7.83;7.83;7.83;100
20160202 143200;7.8005;7.8005;7.8005;7.8005;1250
20160202 154000;7.83;7.83;7.83;7.83;400
20160202 160000;7.82;7.84;7.8;7.81;2400
20160203 094000;7.83;7.83;7.83;7.83;100
20160203 095000;7.83;7.83;7.83;7.83;100
20160203 100100;7.83;7.84;7.83;7.84;200
20160203 101300;7.83;7.83;7.83;7.83;300
20160203 101800;7.78;7.78;7.78;7.78;100
20160203 101900;7.77;7.77;7.77;7.77;100
20160203 102300;7.77;7.77;7.77;7.77;100
20160203 103100;7.76;7.76;7.76;7.76;100
20160203 103700;7.76;7.76;7.73;7.73;200
20160203 104000;7.73;7.73;7.73;7.73;100
20160203 104100;7.77;7.77;7.74;7.74;300
20160203 104200;7.77;7.78;7.77;7.78;221
20160203 104600;7.74;7.74;7.74;7.74;100
20160203 104700;7.76;7.81;7.76;7.81;500
20160203 105200;7.77;7.77;7.77;7.77;100
20160203 105300;7.8;7.8;7.8;7.8;100
20160203 105700;7.8;7.8;7.8;7.8;200
20160203 105800;7.81;7.81;7.81;7.81;100
20160203 110900;7.79;7.8;7.79;7.8;212
20160203 111000;7.78;7.78;7.78;7.78;100
20160203 111900;7.77;7.77;7.77;7.77;100
20160203 112500;7.78;7.78;7.78;7.78;200
20160203 112800;7.77;7.77;7.77;7.77;100
20160203 113000;7.76;7.76;7.76;7.76;300
20160203 113100;7.76;7.76;7.76;7.76;100
20160203 113600;7.78;7.78;7.78;7.78;143
20160203 114700;7.79;7.79;7.79;7.79;300
20160203 114900;7.77;7.77;7.77;7.77;100
20160203 115000;7.77;7.7703;7.77;7.7703;1400
20160203 115200;7.77;7.77;7.77;7.77;100
20160203 115300;7.78;7.78;7.78;7.78;300
20160203 115400;7.78;7.78;7.78;7.78;100
20160203 115500;7.78;7.78;7.77;7.77;300
20160203 120300;7.78;7.78;7.78;7.78;100
20160203 120700;7.782;7.782;7.782;7.782;500
20160203 120900;7.78;7.78;7.78;7.78;100
20160203 121300;7.77;7.78;7.77;7.78;200
20160203 122600;7.79;7.79;7.79;7.79;200
20160203 123000;7.77;7.77;7.77;7.77;100
20160203 123400;7.78;7.78;7.78;7.78;100
20160203 123600;7.79;7.79;7.79;7.79;100
20160203 125100;7.78;7.78;7.78;7.78;100
20160203 125200;7.78;7.78;7.78;7.78;100
20160203 130600;7.79;7.79;7.79;7.79;300
20160203 131200;7.7819;7.7819;7.7819;7.7819;1933
20160203 131400;7.7819;7.7819;7.7819;7.7819;958
20160203 131700;7.78;7.81;7.78;7.81;300
20160203 131900;7.78;7.78;7.78;7.78;100
20160203 132600;7.79;7.8;7.79;7.795;700
20160203 133400;7.8;7.8;7.8;7.8;100
20160203 133600;7.8;7.8;7.8;7.8;100
20160203 134300;7.8;7.8;7.8;7.8;100
20160203 135400;7.8;7.8;7.8;7.8;100
20160203 140600;7.8;7.8;7.8;7.8;100
20160203 140900;7.81;7.81;7.81;7.81;700
20160203 141000;7.795;7.795;7.795;7.795;250
20160203 142100;7.81;7.81;7.81;7.81;100
20160203 142200;7.7933;7.8;7.7933;7.8;715
20160203 142300;7.81;7.81;7.81;7.81;200
20160203 142900;7.82;7.82;7.82;7.82;100
20160203 143600;7.79;7.79;7.79;7.79;100
20160203 144600;7.8;7.8;7.8;7.8;100
20160203 145500;7.81;7.81;7.81;7.81;500
20160203 150000;7.82;7.82;7.82;7.82;300
20160203 151400;7.83;7.83;7.83;7.83;100
20160203 152500;7.83;7.83;7.83;7.83;100
20160203 152600;7.83;7.83;7.83;7.83;100
20160203 152700;7.83;7.83;7.8231;7.8231;250
20160203 153100;7.83;7.83;7.83;7.83;100
20160203 153800;7.84;7.84;7.84;7.84;337
20160203 153900;7.84;7.84;7.835;7.835;320
20160203 154100;7.85;7.88;7.84;7.84;2472
20160203 155500;7.86;7.86;7.86;7.86;100
20160203 155900;7.87;7.87;7.87;7.87;100
20160203 160000;7.86;7.86;7.86;7.86;156
20160204 094000;7.79;7.79;7.79;7.79;100
20160204 094400;7.826;7.826;7.826;7.826;200
20160204 094600;7.8145;7.8145;7.8145;7.8145;500
20160204 094700;7.79;7.79;7.79;7.79;100
20160204 095800;7.79;7.79;7.79;7.79;100
20160204 100100;7.86;7.86;7.85;7.86;500
20160204 100200;7.84;7.84;7.84;7.84;100
20160204 100400;7.84;7.84;7.84;7.84;100
20160204 100600;7.83;7.83;7.83;7.83;300
20160204 100700;7.84;7.84;7.84;7.84;400
20160204 100900;7.8758;7.8758;7.84;7.84;1100
20160204 101400;7.84;7.84;7.84;7.84;100
20160204 101600;7.86;7.86;7.86;7.86;100
20160204 102500;7.84;7.84;7.84;7.84;100
20160204 103500;7.85;7.85;7.85;7.85;100
20160204 103700;7.81;7.81;7.81;7.81;100
20160204 103800;7.83;7.84;7.83;7.84;300
20160204 104000;7.84;7.84;7.84;7.84;100
20160204 104400;7.84;7.84;7.84;7.84;100
20160204 104600;7.8;7.8;7.8;7.8;100
20160204 105100;7.84;7.84;7.84;7.84;100
20160204 105700;7.84;7.84;7.84;7.84;100
20160204 105900;7.8496;7.8496;7.8496;7.8496;486
20160204 110200;7.84;7.84;7.84;7.84;100
20160204 110400;7.8247;7.83;7.81;7.81;2631
20160204 111100;7.82;7.82;7.82;7.82;100
20160204 111500;7.815;7.815;7.815;7.815;100
20160204 111800;7.805;7.805;7.805;7.805;100
20160204 112600;7.79;7.81;7.79;7.8;431
20160204 113700;7.795;7.795;7.795;7.795;100
20160204 114600;7.81;7.81;7.81;7.81;200
20160204 114700;7.83;7.83;7.83;7.83;100
20160204 115000;7.82;7.82;7.82;7.82;100
20160204 115100;7.82;7.82;7.82;7.82;100
20160204 115500;7.82;7.82;7.82;7.82;100
20160204 115700;7.83;7.83;7.83;7.83;200
20160204 120900;7.82;7.82;7.82;7.82;100
20160204 121500;7.82;7.82;7.82;7.82;100
20160204 122500;7.8353;7.8353;7.8353;7.8353;226
20160204 122900;7.82;7.82;7.82;7.82;100
20160204 124200;7.82;7.82;7.82;7.82;200
20160204 124800;7.81;7.81;7.81;7.81;100
20160204 125000;7.8;7.8;7.8;7.8;456
20160204 125300;7.81;7.81;7.81;7.81;200
20160204 131800;7.82;7.82;7.82;7.82;3100
20160204 132200;7.81;7.81;7.81;7.81;100
20160204 132400;7.8125;7.8125;7.8125;7.8125;309
20160204 133600;7.81;7.81;7.81;7.81;100
20160204 133900;7.8236;7.8236;7.8236;7.8236;200
20160204 134200;7.8;7.8;7.8;7.8;100
20160204 135500;7.8;7.8;7.8;7.8;100
20160204 135600;7.809;7.809;7.809;7.809;500
20160204 135900;7.8;7.8;7.8;7.8;100
20160204 140200;7.802;7.802;7.802;7.802;248
20160204 140900;7.8;7.8;7.8;7.8;100
20160204 141600;7.8;7.8;7.8;7.8;100
20160204 141800;7.81;7.81;7.802;7.802;892
20160204 142300;7.8;7.8;7.8;7.8;100
20160204 142800;7.8;7.8;7.8;7.8;100
20160204 143300;7.8;7.8;7.8;7.8;100
20160204 144200;7.8;7.8;7.8;7.8;100
20160204 144300;7.81;7.81;7.81;7.81;600
20160204 144400;7.81;7.81;7.81;7.81;510
20160204 145700;7.82;7.82;7.82;7.82;100
20160204 151100;7.8213;7.8213;7.8213;7.8213;283
20160204 151400;7.81;7.81;7.81;7.81;100
20160204 152500;7.8;7.8;7.8;7.8;100
20160204 152600;7.81;7.81;7.81;7.81;150
20160204 153000;7.8;7.8;7.8;7.8;100
20160204 153900;7.8;7.8;7.8;7.8;100
20160204 154400;7.8;7.8;7.8;7.8;100
20160204 155000;7.8;7.8;7.8;7.8;100
20160204 155400;7.81;7.82;7.81;7.82;200
20160204 155600;7.8;7.8;7.8;7.8;100
20160204 155700;7.8013;7.8013;7.8013;7.8013;300
20160204 160000;7.81;7.94;7.81;7.83;5099
20160205 094100;7.8;7.8;7.8;7.8;100
20160205 094900;7.8;7.8;7.8;7.8;373
20160205 095000;7.8;7.8;7.79;7.79;300
20160205 095200;7.8;7.8;7.8;7.8;276
20160205 095500;7.81;7.81;7.81;7.81;187
20160205 101400;7.7998;7.7998;7.7998;7.7998;100
20160205 101500;7.8;7.8;7.8;7.8;200
20160205 102200;7.8;7.8;7.8;7.8;100
20160205 102400;7.81;7.82;7.81;7.82;300
20160205 102500;7.81;7.82;7.81;7.82;300
20160205 103500;7.81;7.81;7.81;7.81;100
20160205 103600;7.81;7.81;7.81;7.81;225
20160205 104000;7.81;7.81;7.81;7.81;100
20160205 104500;7.82;7.82;7.82;7.82;100
20160205 110200;7.8;7.8;7.8;7.8;100
20160205 110700;7.81;7.82;7.8;7.8;400
20160205 111500;7.8;7.8;7.8;7.8;100
20160205 112000;7.81;7.81;7.81;7.81;100
20160205 112700;7.81;7.81;7.8;7.8;444
20160205 113200;7.8;7.8;7.8;7.8;100
20160205 113700;7.79;7.79;7.79;7.79;100
20160205 114100;7.79;7.79;7.79;7.79;100
20160205 114700;7.77;7.77;7.77;7.77;100
20160205 115000;7.75;7.75;7.75;7.75;100
20160205 115200;7.75;7.75;7.75;7.75;100
20160205 115400;7.74;7.74;7.74;7.74;100
20160205 115600;7.76;7.76;7.76;7.76;100
20160205 115700;7.76;7.76;7.76;7.76;100
20160205 115900;7.76;7.76;7.76;7.76;100
20160205 120700;7.75;7.75;7.75;7.75;200
20160205 120900;7.77;7.77;7.77;7.77;100
20160205 121500;7.77;7.77;7.77;7.77;100
20160205 122400;7.75;7.75;7.75;7.75;100
20160205 122600;7.76;7.76;7.76;7.76;100
20160205 123000;7.75;7.75;7.75;7.75;100
20160205 123700;7.75;7.75;7.75;7.75;100
20160205 123800;7.75;7.75;7.75;7.75;100
20160205 124100;7.76;7.76;7.76;7.76;900
20160205 125000;7.745;7.745;7.745;7.745;100
20160205 125400;7.74;7.74;7.74;7.74;100
20160205 130100;7.75;7.76;7.75;7.76;300
20160205 131200;7.78;7.78;7.78;7.78;100
20160205 131700;7.78;7.78;7.78;7.78;100
20160205 131800;7.78;7.78;7.78;7.78;100
20160205 132200;7.78;7.78;7.78;7.78;100
20160205 132700;7.78;7.78;7.78;7.78;100
20160205 133200;7.78;7.78;7.78;7.78;200
20160205 133700;7.78;7.78;7.78;7.78;100
20160205 134200;7.78;7.78;7.78;7.78;100
20160205 134300;7.78;7.78;7.78;7.78;200
20160205 134700;7.78;7.78;7.78;7.78;100
20160205 135500;7.78;7.78;7.78;7.78;100
20160205 135700;7.78;7.78;7.78;7.78;100
20160205 140200;7.78;7.78;7.78;7.78;100
20160205 140700;7.78;7.78;7.78;7.78;100
20160205 140900;7.78;7.78;7.78;7.78;100
20160205 141300;7.78;7.78;7.78;7.78;100
20160205 141700;7.78;7.78;7.78;7.78;100
20160205 141800;7.78;7.78;7.78;7.78;100
20160205 142200;7.78;7.78;7.78;7.78;200
20160205 142300;7.78;7.78;7.78;7.78;100
20160205 142700;7.78;7.78;7.78;7.78;200
20160205 143000;7.78;7.78;7.78;7.78;100
20160205 143600;7.78;7.78;7.78;7.78;100
20160205 143700;7.78;7.78;7.78;7.78;100
20160205 144200;7.78;7.78;7.78;7.78;200
20160205 144700;7.78;7.78;7.78;7.78;100
20160205 145200;7.78;7.78;7.78;7.78;100
20160205 145400;7.78;7.78;7.78;7.78;100
20160205 150200;7.78;7.78;7.78;7.78;100
20160205 150700;7.78;7.7832;7.78;7.7832;666
20160205 151200;7.78;7.78;7.78;7.78;200
20160205 151700;7.78;7.78;7.78;7.78;200
20160205 152200;7.78;7.78;7.78;7.78;100
20160205 152700;7.78;7.78;7.78;7.78;100
20160205 152800;7.78;7.78;7.78;7.78;100
20160205 153100;7.78;7.79;7.78;7.79;1300
20160205 153300;7.83;7.83;7.83;7.83;100
20160205 153800;7.78;7.78;7.78;7.78;100
20160205 154200;7.78;7.78;7.78;7.78;200
20160205 154700;7.78;7.78;7.78;7.78;200
20160205 155200;7.78;7.78;7.78;7.78;300
20160205 155600;7.78;7.78;7.78;7.78;300
20160205 155700;7.78;7.78;7.78;7.78;300
20160205 155900;7.78;7.78;7.78;7.78;300
20160205 160000;7.78;7.8799;7.78;7.79;8010
