20160119 093700;3.33;3.33;3.33;3.33;800
20160119 093800;3.33;3.33;3.32;3.32;500
20160119 095800;3.38;3.38;3.38;3.38;200
20160119 100400;3.38;3.38;3.38;3.38;100
20160119 111200;3.4;3.4;3.4;3.4;800
20160119 112400;3.41;3.41;3.41;3.41;100
20160119 112600;3.41;3.41;3.41;3.41;1406
20160119 113500;3.41;3.41;3.38;3.38;602
20160119 114100;3.32;3.33;3.32;3.33;200
20160119 114900;3.36;3.36;3.36;3.36;100
20160119 115000;3.34;3.34;3.34;3.34;100
20160119 115200;3.34;3.34;3.34;3.34;200
20160119 115400;3.33;3.33;3.33;3.33;200
20160119 120200;3.325;3.325;3.325;3.325;500
20160119 122400;3.32;3.32;3.32;3.32;100
20160119 125400;3.3;3.3;3.3;3.3;200
20160119 125800;3.31;3.31;3.31;3.31;200
20160119 130500;3.32;3.32;3.32;3.32;100
20160119 130700;3.32;3.34;3.32;3.34;1100
20160119 130900;3.35;3.35;3.35;3.35;300
20160119 131100;3.36;3.36;3.36;3.36;500
20160119 131200;3.37;3.37;3.36;3.36;800
20160119 131500;3.33;3.33;3.33;3.33;100
20160119 131700;3.33;3.34;3.33;3.34;200
20160119 131800;3.34;3.34;3.33;3.33;755
20160119 131900;3.33;3.33;3.33;3.33;100
20160119 132100;3.32;3.33;3.32;3.33;500
20160119 132200;3.33;3.33;3.33;3.33;700
20160119 132400;3.36;3.36;3.36;3.36;100
20160119 133500;3.34;3.34;3.3345;3.3345;300
20160119 135300;3.34;3.37;3.34;3.37;400
20160119 135400;3.35;3.35;3.35;3.35;100
20160119 135600;3.335;3.335;3.335;3.335;100
20160119 140500;3.32;3.32;3.32;3.32;100
20160119 142800;3.31;3.31;3.31;3.31;200
20160119 143100;3.32;3.32;3.32;3.32;300
20160119 143500;3.33;3.33;3.33;3.33;1000
20160119 143600;3.32;3.32;3.32;3.32;300
20160119 143700;3.31;3.32;3.31;3.32;200
20160119 144000;3.32;3.32;3.32;3.32;100
20160119 144200;3.3;3.3;3.3;3.3;300
20160119 145100;3.3;3.3;3.3;3.3;100
20160119 145600;3.33;3.33;3.33;3.33;100
20160119 150700;3.33;3.33;3.33;3.33;200
20160119 151500;3.31;3.31;3.295;3.295;2700
20160119 151600;3.29;3.29;3.29;3.29;400
20160119 152100;3.28;3.28;3.27;3.27;1100
20160119 153200;3.27;3.27;3.26;3.26;700
20160119 153300;3.27;3.27;3.27;3.27;200
20160119 153400;3.28;3.28;3.28;3.28;100
20160119 153500;3.28;3.3;3.28;3.28;1015
20160119 154600;3.28;3.3;3.28;3.3;902
20160119 155600;3.29;3.29;3.29;3.29;100
20160119 155800;3.27;3.27;3.21;3.25;8200
20160119 155900;3.25;3.25;3.25;3.25;11093
20160119 160000;3.25;3.25;3.24;3.24;8610
20160120 094200;3.17;3.17;3.14;3.14;300
20160120 094300;3.14;3.16;3.14;3.16;600
20160120 094700;3.16;3.16;3.15;3.15;200
20160120 095000;3.14;3.24;3.14;3.24;300
20160120 095300;3.14;3.14;3.14;3.14;100
20160120 095400;3.14;3.14;3.14;3.14;100
20160120 095500;3.13;3.13;3.13;3.13;100
20160120 095600;3.12;3.12;3.12;3.12;100
20160120 095700;3.12;3.12;3.12;3.12;1200
20160120 100500;3.15;3.15;3.11;3.11;200
20160120 100600;3.1;3.1;3.1;3.1;800
20160120 100700;3.1;3.1;3.1;3.1;200
20160120 101000;3.1;3.1;3.1;3.1;1200
20160120 102500;3.06;3.061;3.05;3.061;400
20160120 102800;3.02;3.02;2.95;2.95;13550
20160120 103300;3.04;3.0499;3.04;3.0499;1000
20160120 103400;3.0101;3.0399;3.0101;3.03;3200
20160120 103600;3.045;3.06;3.045;3.059;10600
20160120 104300;3.06;3.06;3.06;3.06;100
20160120 104500;3.055;3.055;3.055;3.055;2200
20160120 104600;3.055;3.055;3.055;3.055;984
20160120 104700;3.0612;3.0612;3.0612;3.0612;602
20160120 104900;3.07;3.07;3.055;3.055;200
20160120 105200;3.11;3.11;3.11;3.11;100
20160120 105300;3.09;3.09;3.09;3.09;1300
20160120 105500;3.11;3.11;3.11;3.11;100
20160120 105800;3.105;3.105;3.105;3.105;200
20160120 105900;3.105;3.105;3.07;3.08;500
20160120 110000;3.08;3.08;3.08;3.08;300
20160120 110100;3.07;3.07;3.035;3.035;1200
20160120 110300;3.06;3.06;3.06;3.06;100
20160120 110400;3.06;3.06;3.06;3.06;200
20160120 110500;3.06;3.06;3.05;3.05;400
20160120 110600;3.04;3.0445;2.985;2.985;3786
20160120 110800;3;3;3;3;100
20160120 110900;3.01;3.01;3.01;3.01;100
20160120 111200;3;3;3;3;100
20160120 111400;3;3;3;3;500
20160120 111500;2.99;2.99;2.97;2.98;2416
20160120 111600;2.98;2.98;2.98;2.98;200
20160120 111700;3.01;3.01;3.01;3.01;100
20160120 111800;3;3;3;3;100
20160120 111900;3;3;3;3;900
20160120 112500;3;3;3;3;450
20160120 112700;3;3;3;3;100
20160120 113400;2.99;3.01;2.9;2.92;4800
20160120 113700;2.97;2.9928;2.97;2.9928;500
20160120 114100;2.9999;2.9999;2.9999;2.9999;1000
20160120 115000;2.97;2.97;2.97;2.97;200
20160120 115100;2.9501;2.9501;2.9501;2.9501;200
20160120 115800;2.95;2.95;2.93;2.93;1500
20160120 120200;2.93;2.93;2.93;2.93;100
20160120 120300;2.93;2.93;2.93;2.93;100
20160120 120600;2.955;2.955;2.955;2.955;100
20160120 122400;2.955;2.955;2.955;2.955;100
20160120 122600;2.94;2.94;2.94;2.94;200
20160120 123100;2.925;2.925;2.9101;2.9101;200
20160120 123200;2.9121;2.9121;2.9121;2.9121;700
20160120 123800;2.94;2.94;2.94;2.94;100
20160120 124200;2.94;2.94;2.94;2.94;200
20160120 125000;2.92;2.92;2.92;2.92;100
20160120 125900;2.95;2.95;2.95;2.95;100
20160120 130000;2.99;2.99;2.99;2.99;100
20160120 130200;2.985;2.99;2.985;2.99;300
20160120 130400;2.99;2.99;2.99;2.99;100
20160120 130500;3.02;3.02;3.02;3.02;100
20160120 130700;3.026;3.026;3.026;3.026;1000
20160120 131400;3.04;3.04;3.04;3.04;200
20160120 132100;3.01;3.03;3.01;3.03;300
20160120 133500;3.0218;3.0218;3.0218;3.0218;500
20160120 133700;3.04;3.05;3.04;3.05;300
20160120 133800;3.05;3.05;3.05;3.05;500
20160120 133900;3.05;3.05;3.05;3.05;100
20160120 134000;3.05;3.05;3.05;3.05;1250
20160120 134800;3.105;3.11;3.105;3.11;200
20160120 135300;3.12;3.12;3.11;3.11;300
20160120 135700;3.1;3.1;3.06;3.06;800
20160120 135800;3.09;3.09;3.09;3.09;572
20160120 142100;3.127;3.127;3.127;3.127;256
20160120 142300;3.125;3.125;3.125;3.125;564
20160120 142900;3.14;3.14;3.14;3.14;100
20160120 143000;3.12;3.125;3.12;3.12;600
20160120 144400;3.11;3.11;3.11;3.11;300
20160120 144800;3.11;3.11;3.11;3.11;100
20160120 145000;3.11;3.11;3.11;3.11;100
20160120 151400;3.11;3.11;3.11;3.11;100
20160120 151500;3.14;3.14;3.14;3.14;100
20160120 151900;3.13;3.13;3.13;3.13;200
20160120 152000;3.13;3.13;3.13;3.13;500
20160120 152100;3.14;3.14;3.14;3.14;1900
20160120 152700;3.18;3.18;3.18;3.18;100
20160120 153500;3.19;3.19;3.19;3.19;600
20160120 153900;3.17;3.17;3.17;3.17;200
20160120 154400;3.16;3.16;3.16;3.16;300
20160120 154500;3.16;3.16;3.16;3.16;243
20160120 155000;3.19;3.19;3.19;3.19;183
20160120 155400;3.18;3.18;3.18;3.18;100
20160120 155500;3.18;3.18;3.18;3.18;500
20160120 155700;3.17;3.17;3.17;3.17;100
20160120 155800;3.18;3.18;3.18;3.18;100
20160120 155900;3.17;3.17;3.16;3.16;200
20160120 160000;3.18;3.18;3.18;3.18;100
20160121 094700;3.22;3.22;3.2;3.2;200
20160121 094800;3.19;3.19;3.19;3.19;100
20160121 095400;3.04;3.04;3.04;3.04;100
20160121 100200;3.04;3.04;3.04;3.04;200
20160121 100700;3.06;3.06;3.06;3.06;900
20160121 100800;3.06;3.06;3.06;3.06;100
20160121 101100;3.07;3.07;3.07;3.07;300
20160121 101500;3.1;3.1;3.09;3.09;400
20160121 101600;3.09;3.09;3.09;3.09;200
20160121 101700;3.08;3.08;3.08;3.08;100
20160121 102100;3.04;3.04;3.04;3.04;200
20160121 102200;3.03;3.03;3.03;3.03;200
20160121 102300;3.03;3.03;3.03;3.03;200
20160121 102800;3.02;3.02;3.02;3.02;200
20160121 103400;3.01;3.01;3.01;3.01;100
20160121 103600;3.03;3.03;3.03;3.03;300
20160121 110600;3.08;3.08;3.08;3.08;300
20160121 110700;3.09;3.09;3.09;3.09;100
20160121 113400;3.0976;3.1;3.0976;3.1;2100
20160121 114000;3.11;3.11;3.11;3.11;200
20160121 114800;3.11;3.11;3.11;3.11;100
20160121 114900;3.13;3.13;3.13;3.13;100
20160121 120700;3.14;3.14;3.14;3.14;500
20160121 121400;3.13;3.13;3.13;3.13;100
20160121 121500;3.13;3.14;3.13;3.14;520
20160121 121600;3.15;3.15;3.15;3.15;100
20160121 122300;3.15;3.15;3.15;3.15;100
20160121 123000;3.18;3.18;3.18;3.18;300
20160121 123100;3.2;3.2;3.2;3.2;200
20160121 123500;3.2;3.2;3.2;3.2;400
20160121 123600;3.21;3.21;3.21;3.21;100
20160121 124300;3.22;3.24;3.22;3.23;300
20160121 124600;3.235;3.235;3.23;3.23;200
20160121 125100;3.24;3.24;3.24;3.24;400
20160121 131200;3.26;3.26;3.26;3.26;100
20160121 133000;3.28;3.28;3.28;3.28;100
20160121 135000;3.27;3.27;3.27;3.27;100
20160121 135400;3.27;3.27;3.27;3.27;100
20160121 141200;3.275;3.275;3.275;3.275;100
20160121 141700;3.27;3.27;3.27;3.27;100
20160121 142300;3.285;3.285;3.285;3.285;100
20160121 142400;3.285;3.285;3.28;3.28;300
20160121 143000;3.29;3.29;3.29;3.29;100
20160121 143800;3.29;3.29;3.29;3.29;100
20160121 143900;3.28;3.28;3.28;3.28;300
20160121 144500;3.29;3.29;3.29;3.29;100
20160121 145100;3.285;3.285;3.285;3.285;300
20160121 145700;3.29;3.29;3.29;3.29;100
20160121 145900;3.29;3.29;3.29;3.29;100
20160121 150400;3.29;3.29;3.29;3.29;100
20160121 151700;3.33;3.33;3.33;3.33;100
20160121 152200;3.28;3.28;3.28;3.28;100
20160121 153100;3.31;3.31;3.31;3.31;100
20160121 153200;3.28;3.28;3.28;3.28;100
20160121 153600;3.29;3.29;3.29;3.29;100
20160121 153700;3.28;3.28;3.28;3.28;100
20160121 153900;3.28;3.28;3.28;3.28;100
20160121 154300;3.29;3.3;3.29;3.3;200
20160121 155900;3.29;3.29;3.28;3.29;300
20160121 160000;3.29;3.29;3.29;3.29;200
20160122 093300;3.44;3.44;3.44;3.44;100
20160122 093600;3.47;3.47;3.47;3.47;100
20160122 094500;3.46;3.46;3.45;3.45;200
20160122 095400;3.45;3.45;3.45;3.45;100
20160122 095500;3.44;3.44;3.44;3.44;100
20160122 095600;3.45;3.48;3.45;3.48;1000
20160122 095700;3.48;3.48;3.46;3.465;1482
20160122 095800;3.465;3.465;3.465;3.465;100
20160122 095900;3.453;3.47;3.45;3.45;4200
20160122 100000;3.46;3.46;3.45;3.45;400
20160122 100200;3.42;3.42;3.42;3.42;105
20160122 100500;3.416;3.416;3.416;3.416;2000
20160122 100600;3.38;3.38;3.38;3.38;100
20160122 101300;3.38;3.38;3.38;3.38;100
20160122 101900;3.42;3.42;3.42;3.42;500
20160122 102800;3.43;3.43;3.43;3.43;200
20160122 103100;3.45;3.45;3.45;3.45;400
20160122 105800;3.45;3.45;3.45;3.45;100
20160122 110300;3.42;3.42;3.34;3.34;3000
20160122 110500;3.36;3.36;3.36;3.36;200
20160122 110600;3.37;3.37;3.37;3.37;100
20160122 111000;3.362;3.362;3.362;3.362;500
20160122 111100;3.38;3.38;3.38;3.38;100
20160122 111700;3.4;3.4;3.4;3.4;100
20160122 113200;3.405;3.405;3.405;3.405;200
20160122 113300;3.42;3.42;3.42;3.42;100
20160122 115100;3.41;3.42;3.41;3.42;200
20160122 115200;3.42;3.42;3.42;3.42;100
20160122 115300;3.43;3.43;3.43;3.43;100
20160122 121200;3.43;3.43;3.43;3.43;200
20160122 121800;3.4329;3.4329;3.4329;3.4329;100
20160122 123900;3.44;3.44;3.44;3.44;100
20160122 124700;3.4262;3.4262;3.4262;3.4262;200
20160122 124900;3.45;3.45;3.45;3.45;100
20160122 125800;3.41;3.41;3.31;3.35;1500
20160122 130300;3.36;3.36;3.36;3.36;100
20160122 130700;3.33;3.33;3.31;3.31;400
20160122 140100;3.35;3.35;3.35;3.35;200
20160122 141900;3.37;3.37;3.37;3.37;100
20160122 143300;3.3587;3.3587;3.3587;3.3587;100
20160122 143400;3.37;3.37;3.37;3.37;100
20160122 143900;3.37;3.37;3.37;3.37;241
20160122 144400;3.4;3.4;3.4;3.4;100
20160122 145000;3.41;3.41;3.41;3.41;100
20160122 145200;3.42;3.42;3.42;3.42;100
20160122 145600;3.415;3.415;3.415;3.415;200
20160122 150300;3.44;3.44;3.44;3.44;100
20160122 153700;3.42;3.42;3.42;3.42;500
20160122 153800;3.4;3.4;3.4;3.4;200
20160122 153900;3.39;3.39;3.39;3.39;100
20160122 154000;3.39;3.4;3.39;3.4;600
20160122 154300;3.3914;3.3914;3.3914;3.3914;100
20160122 155000;3.41;3.41;3.41;3.41;100
20160122 155500;3.4;3.4;3.4;3.4;100
20160122 160000;3.4;3.4;3.4;3.4;397
20160125 094100;3.29;3.29;3.29;3.29;100
20160125 094600;3.38;3.38;3.38;3.38;100
20160125 094700;3.4399;3.4399;3.4399;3.4399;1500
20160125 095300;3.32;3.32;3.32;3.32;100
20160125 100000;3.31;3.31;3.31;3.31;100
20160125 100600;3.32;3.32;3.32;3.32;100
20160125 101200;3.32;3.32;3.32;3.32;100
20160125 101800;3.3;3.3;3.3;3.3;100
20160125 102400;3.29;3.29;3.29;3.29;100
20160125 103000;3.28;3.28;3.28;3.28;100
20160125 103700;3.28;3.28;3.28;3.28;100
20160125 104400;3.29;3.3;3.29;3.3;200
20160125 105200;3.27;3.27;3.27;3.27;100
20160125 105300;3.27;3.3;3.27;3.3;200
20160125 105500;3.27;3.27;3.27;3.27;100
20160125 110600;3.27;3.27;3.27;3.27;100
20160125 111400;3.27;3.27;3.27;3.27;100
20160125 112000;3.28;3.28;3.27;3.27;400
20160125 112100;3.25;3.25;3.25;3.25;600
20160125 112900;3.23;3.24;3.21;3.22;1400
20160125 113000;3.22;3.23;3.22;3.23;500
20160125 115300;3.26;3.26;3.26;3.26;100
20160125 120200;3.26;3.26;3.23;3.23;500
20160125 120700;3.21;3.21;3.21;3.21;200
20160125 120800;3.21;3.21;3.21;3.21;100
20160125 121100;3.21;3.21;3.21;3.21;100
20160125 121900;3.17;3.17;3.17;3.17;100
20160125 122100;3.22;3.22;3.22;3.22;200
20160125 122400;3.21;3.21;3.21;3.21;100
20160125 122800;3.18;3.18;3.18;3.18;100
20160125 122900;3.21;3.21;3.21;3.21;200
20160125 124200;3.2;3.2;3.2;3.2;500
20160125 125900;3.21;3.21;3.21;3.21;100
20160125 140100;3.25;3.25;3.25;3.25;100
20160125 142600;3.25;3.25;3.25;3.25;200
20160125 143700;3.24;3.24;3.24;3.24;200
20160125 145400;3.24;3.24;3.24;3.24;100
20160125 151500;3.22;3.22;3.22;3.22;100
20160125 152600;3.22;3.2201;3.22;3.2201;800
20160125 153300;3.2;3.2;3.2;3.2;1200
20160125 153400;3.19;3.19;3.19;3.19;300
20160125 154200;3.16;3.16;3.16;3.16;100
20160125 154800;3.15;3.16;3.15;3.16;300
20160125 155300;3.14;3.16;3.14;3.16;900
20160125 155800;3.1501;3.1501;3.1501;3.1501;100
20160125 160000;3.16;3.16;3.15;3.15;481
20160126 093700;3.2741;3.2741;3.2741;3.2741;1200
20160126 094900;3.28;3.28;3.2;3.2;200
20160126 095000;3.16;3.16;3.16;3.16;100
20160126 095100;3.14;3.14;3.14;3.14;100
20160126 095700;3.11;3.12;3.1;3.12;2400
20160126 095800;3.15;3.15;3.149;3.149;200
20160126 095900;3.13;3.13;3.13;3.13;200
20160126 100500;3.14;3.14;3.14;3.14;100
20160126 100700;3.145;3.145;3.145;3.145;100
20160126 101000;3.18;3.18;3.18;3.18;200
20160126 101500;3.16;3.16;3.16;3.16;300
20160126 101900;3.17;3.17;3.17;3.17;100
20160126 102700;3.2;3.2;3.1955;3.1955;1000
20160126 104800;3.21;3.22;3.21;3.22;200
20160126 104900;3.21;3.215;3.21;3.215;200
20160126 105100;3.21;3.21;3.21;3.21;100
20160126 105300;3.195;3.195;3.195;3.195;100
20160126 105400;3.21;3.21;3.19;3.19;200
20160126 105500;3.19;3.19;3.19;3.19;500
20160126 110100;3.195;3.195;3.195;3.195;100
20160126 111500;3.2;3.2;3.2;3.2;100
20160126 112600;3.2;3.2;3.2;3.2;100
20160126 113200;3.19;3.2;3.19;3.2;300
20160126 120900;3.21;3.21;3.21;3.21;100
20160126 124900;3.23;3.23;3.23;3.23;300
20160126 125100;3.195;3.195;3.195;3.195;100
20160126 130500;3.21;3.21;3.21;3.21;410
20160126 131200;3.2399;3.24;3.2399;3.24;4400
20160126 131800;3.24;3.24;3.24;3.24;678
20160126 132400;3.31;3.31;3.31;3.31;125
20160126 132600;3.33;3.33;3.33;3.33;400
20160126 132800;3.33;3.33;3.33;3.33;100
20160126 132900;3.3399;3.3399;3.3399;3.3399;1355
20160126 133000;3.325;3.329;3.325;3.325;900
20160126 133100;3.32;3.32;3.32;3.32;400
20160126 134300;3.29;3.29;3.29;3.29;100
20160126 134600;3.296;3.296;3.296;3.296;1000
20160126 140000;3.3;3.3;3.3;3.3;100
20160126 141600;3.3;3.3;3.3;3.3;100
20160126 142200;3.287;3.287;3.287;3.287;336
20160126 142800;3.29;3.29;3.29;3.29;100
20160126 142900;3.29;3.29;3.29;3.29;100
20160126 144600;3.3;3.3;3.3;3.3;112
20160126 145400;3.3;3.3;3.3;3.3;100
20160126 150500;3.29;3.29;3.29;3.29;100
20160126 151800;3.3;3.3;3.3;3.3;200
20160126 153900;3.3036;3.3036;3.3036;3.3036;375
20160126 154100;3.3;3.3;3.3;3.3;400
20160126 154300;3.3;3.3;3.3;3.3;700
20160126 155100;3.3;3.3;3.3;3.3;200
20160126 155900;3.3;3.3;3.3;3.3;300
20160126 160000;3.29;3.29;3.28;3.28;3697
20160127 095800;3.37;3.37;3.34;3.34;400
20160127 100400;3.35;3.35;3.35;3.35;100
20160127 100600;3.281;3.32;3.281;3.32;1200
20160127 100800;3.32;3.32;3.32;3.32;100
20160127 103100;3.29;3.29;3.29;3.29;100
20160127 104300;3.25;3.25;3.25;3.25;200
20160127 104900;3.24;3.24;3.24;3.24;400
20160127 105100;3.24;3.24;3.24;3.24;600
20160127 105200;3.24;3.25;3.24;3.25;300
20160127 105300;3.25;3.25;3.25;3.25;300
20160127 105500;3.25;3.25;3.25;3.25;100
20160127 105600;3.25;3.25;3.25;3.25;100
20160127 105700;3.25;3.26;3.25;3.26;800
20160127 105800;3.26;3.26;3.26;3.26;300
20160127 110100;3.26;3.26;3.26;3.26;200
20160127 111500;3.26;3.26;3.25;3.25;400
20160127 111600;3.25;3.25;3.25;3.25;300
20160127 111700;3.24;3.25;3.24;3.25;500
20160127 111800;3.25;3.25;3.25;3.25;100
20160127 112800;3.25;3.25;3.25;3.25;500
20160127 114800;3.27;3.27;3.27;3.27;200
20160127 120800;3.29;3.29;3.28;3.28;200
20160127 120900;3.28;3.29;3.28;3.29;200
20160127 121600;3.27;3.27;3.27;3.27;500
20160127 122400;3.27;3.27;3.27;3.27;100
20160127 123700;3.25;3.25;3.25;3.25;400
20160127 124000;3.25;3.25;3.25;3.25;300
20160127 124300;3.26;3.26;3.26;3.26;100
20160127 124700;3.26;3.26;3.26;3.26;100
20160127 125600;3.26;3.26;3.26;3.26;100
20160127 130500;3.24;3.25;3.24;3.25;300
20160127 130800;3.25;3.25;3.25;3.25;200
20160127 131700;3.24;3.25;3.24;3.25;200
20160127 131800;3.25;3.25;3.25;3.25;200
20160127 131900;3.223;3.223;3.223;3.223;375
20160127 132000;3.25;3.25;3.25;3.25;500
20160127 132300;3.25;3.25;3.25;3.25;100
20160127 140800;3.26;3.26;3.26;3.26;100
20160127 140900;3.26;3.265;3.26;3.265;200
20160127 142300;3.28;3.28;3.28;3.28;100
20160127 142400;3.2653;3.2653;3.2653;3.2653;900
20160127 145000;3.26;3.26;3.26;3.26;100
20160127 145100;3.26;3.26;3.26;3.26;100
20160127 145700;3.25;3.25;3.25;3.25;100
20160127 150400;3.25;3.25;3.25;3.25;100
20160127 150700;3.25;3.25;3.24;3.24;5400
20160127 150900;3.25;3.26;3.25;3.25;1600
20160127 151000;3.255;3.255;3.255;3.255;100
20160127 151600;3.25;3.25;3.25;3.25;100
20160127 151700;3.2511;3.2511;3.2511;3.2511;100
20160127 152200;3.26;3.26;3.25;3.25;400
20160127 152500;3.26;3.26;3.26;3.26;100
20160127 152600;3.26;3.26;3.26;3.26;100
20160127 153200;3.25;3.255;3.25;3.2515;3800
20160127 154100;3.25;3.25;3.25;3.25;100
20160127 155700;3.26;3.26;3.26;3.26;200
20160127 160000;3.27;3.27;3.25;3.25;1829
20160128 093200;3.415;3.415;3.415;3.415;100
20160128 093700;3.3218;3.3218;3.3218;3.3218;1750
20160128 094500;3.23;3.23;3.23;3.23;100
20160128 094600;3.22;3.22;3.22;3.22;100
20160128 094900;3.22;3.33;3.22;3.32;1092
20160128 095000;3.27;3.32;3.25;3.32;1400
20160128 095100;3.3;3.3;3.3;3.3;100
20160128 095200;3.25;3.27;3.25;3.27;200
20160128 095300;3.26;3.26;3.26;3.26;100
20160128 095700;3.27;3.27;3.27;3.27;100
20160128 100800;3.26;3.29;3.26;3.29;300
20160128 101000;3.31;3.32;3.31;3.32;200
20160128 101100;3.32;3.32;3.29;3.29;500
20160128 102200;3.25;3.3;3.25;3.25;600
20160128 102300;3.25;3.29;3.25;3.29;500
20160128 103000;3.25;3.26;3.25;3.26;1200
20160128 103100;3.25;3.28;3.25;3.25;1800
20160128 103200;3.25;3.27;3.25;3.26;1820
20160128 103300;3.245;3.27;3.245;3.26;3600
20160128 103400;3.25;3.25;3.25;3.25;700
20160128 104400;3.25;3.25;3.25;3.25;100
20160128 104600;3.25;3.255;3.25;3.255;500
20160128 104800;3.25;3.25;3.22;3.22;1700
20160128 105800;3.22;3.22;3.22;3.22;100
20160128 110100;3.22;3.23;3.22;3.23;300
20160128 111500;3.2399;3.2399;3.2399;3.2399;100
20160128 112300;3.24;3.24;3.24;3.24;300
20160128 112800;3.24;3.24;3.24;3.24;500
20160128 112900;3.23;3.23;3.23;3.23;100
20160128 113000;3.23;3.23;3.23;3.23;500
20160128 113100;3.225;3.23;3.22;3.23;1300
20160128 113200;3.23;3.23;3.23;3.23;500
20160128 113500;3.225;3.225;3.225;3.225;300
20160128 113600;3.225;3.225;3.225;3.225;200
20160128 113700;3.225;3.225;3.225;3.225;100
20160128 113900;3.2399;3.2399;3.2399;3.2399;100
20160128 114600;3.24;3.24;3.23;3.24;500
20160128 115000;3.25;3.25;3.25;3.25;100
20160128 115600;3.25;3.25;3.25;3.25;100
20160128 120400;3.25;3.25;3.25;3.25;100
20160128 120600;3.24;3.24;3.24;3.24;200
20160128 121200;3.24;3.25;3.24;3.25;400
20160128 121900;3.25;3.26;3.25;3.26;800
20160128 122100;3.22;3.225;3.22;3.225;200
20160128 122800;3.22;3.22;3.215;3.215;200
20160128 122900;3.215;3.215;3.215;3.215;100
20160128 123100;3.215;3.215;3.215;3.215;100
20160128 123200;3.22;3.25;3.22;3.24;900
20160128 123400;3.254;3.254;3.254;3.254;3000
20160128 123700;3.26;3.26;3.26;3.26;100
20160128 124200;3.2799;3.2799;3.2799;3.2799;100
20160128 125400;3.2899;3.2899;3.2899;3.2899;100
20160128 130100;3.28;3.28;3.28;3.28;200
20160128 130200;3.28;3.28;3.27;3.27;400
20160128 131000;3.26;3.26;3.26;3.26;100
20160128 131100;3.27;3.27;3.27;3.27;100
20160128 132700;3.27;3.27;3.27;3.27;100
20160128 133700;3.26;3.26;3.26;3.26;100
20160128 134300;3.26;3.26;3.26;3.26;100
20160128 135500;3.27;3.27;3.27;3.27;400
20160128 140000;3.27;3.27;3.27;3.27;100
20160128 140100;3.27;3.27;3.27;3.27;100
20160128 141400;3.25;3.25;3.24;3.24;200
20160128 141600;3.26;3.26;3.26;3.26;200
20160128 142100;3.22;3.2599;3.22;3.23;1000
20160128 142600;3.2468;3.2468;3.2468;3.2468;130
20160128 143300;3.2599;3.2599;3.2599;3.2599;100
20160128 144100;3.2599;3.2599;3.2599;3.2599;100
20160128 144700;3.24;3.25;3.24;3.245;900
20160128 144800;3.24;3.245;3.24;3.245;300
20160128 150400;3.26;3.26;3.26;3.26;100
20160128 152300;3.26;3.26;3.26;3.26;100
20160128 153100;3.26;3.26;3.26;3.26;153
20160128 153200;3.26;3.26;3.26;3.26;100
20160128 153300;3.25;3.26;3.25;3.26;500
20160128 153400;3.25;3.25;3.25;3.25;200
20160128 153700;3.25;3.25;3.25;3.25;100
20160128 153800;3.255;3.255;3.25;3.25;200
20160128 154200;3.25;3.25;3.25;3.25;100
20160128 154400;3.25;3.25;3.25;3.25;100
20160128 154700;3.2599;3.2599;3.2599;3.2599;100
20160128 155000;3.26;3.26;3.25;3.25;200
20160128 155200;3.25;3.25;3.25;3.25;100
20160128 160000;3.26;3.28;3.25;3.25;800
20160129 093100;3.19;3.19;3.1;3.1;2000
20160129 094200;3.265;3.265;3.265;3.265;100
20160129 094300;3.45;3.45;3.45;3.45;100
20160129 094400;3.405;3.405;3.405;3.405;100
20160129 094500;3.35;3.35;3.35;3.35;200
20160129 094600;3.48;3.48;3.35;3.415;300
20160129 095600;3.36;3.36;3.36;3.36;200
20160129 100200;3.39;3.39;3.39;3.39;100
20160129 101100;3.42;3.42;3.42;3.42;100
20160129 101500;3.39;3.39;3.39;3.39;100
20160129 102900;3.39;3.39;3.39;3.39;300
20160129 103200;3.405;3.405;3.405;3.405;100
20160129 104000;3.39;3.39;3.39;3.39;300
20160129 104200;3.35;3.35;3.35;3.35;100
20160129 111500;3.35;3.35;3.35;3.35;100
20160129 112200;3.33;3.33;3.33;3.33;200
20160129 113100;3.28;3.28;3.28;3.28;100
20160129 113900;3.26;3.26;3.26;3.26;100
20160129 114100;3.27;3.27;3.27;3.27;200
20160129 114200;3.28;3.28;3.275;3.275;300
20160129 114300;3.27;3.27;3.27;3.27;100
20160129 114400;3.27;3.27;3.27;3.27;100
20160129 114500;3.27;3.27;3.27;3.27;100
20160129 114600;3.27;3.27;3.27;3.27;100
20160129 114800;3.27;3.27;3.27;3.27;100
20160129 114900;3.27;3.27;3.27;3.27;100
20160129 115100;3.27;3.27;3.26;3.26;400
20160129 115300;3.26;3.26;3.26;3.26;100
20160129 115400;3.26;3.26;3.26;3.26;100
20160129 115600;3.27;3.27;3.27;3.27;100
20160129 115900;3.278;3.278;3.278;3.278;500
20160129 120200;3.26;3.262;3.26;3.26;1000
20160129 120500;3.26;3.26;3.26;3.26;100
20160129 120600;3.28;3.28;3.28;3.28;100
20160129 121700;3.26;3.26;3.26;3.26;200
20160129 123000;3.2799;3.2799;3.2799;3.2799;3600
20160129 123600;3.26;3.27;3.26;3.27;400
20160129 124700;3.26;3.26;3.26;3.26;100
20160129 124800;3.26;3.27;3.26;3.27;200
20160129 125000;3.26;3.26;3.26;3.26;100
20160129 130500;3.26;3.26;3.26;3.26;100
20160129 130700;3.26;3.26;3.26;3.26;100
20160129 131000;3.26;3.26;3.25;3.25;200
20160129 132000;3.26;3.26;3.26;3.26;100
20160129 132600;3.28;3.28;3.28;3.28;100
20160129 133600;3.26;3.26;3.25;3.25;400
20160129 135900;3.26;3.26;3.255;3.255;200
20160129 140400;3.26;3.26;3.26;3.26;100
20160129 143400;3.26;3.26;3.26;3.26;100
20160129 143700;3.27;3.3;3.25;3.27;8259
20160129 144600;3.28;3.28;3.265;3.265;20300
20160129 145500;3.28;3.28;3.28;3.28;100
20160129 145900;3.28;3.28;3.28;3.28;400
20160129 150100;3.26;3.26;3.26;3.26;100
20160129 150700;3.28;3.28;3.28;3.28;100
20160129 151200;3.28;3.29;3.28;3.29;1700
20160129 151300;3.3;3.3;3.29;3.29;700
20160129 151700;3.32;3.32;3.32;3.32;100
20160129 152100;3.32;3.32;3.32;3.32;500
20160129 152600;3.32;3.32;3.32;3.32;100
20160129 152900;3.3;3.3;3.3;3.3;100
20160129 153000;3.32;3.32;3.32;3.32;100
20160129 153400;3.31;3.32;3.31;3.32;200
20160129 153600;3.32;3.32;3.32;3.32;100
20160129 153800;3.32;3.32;3.32;3.32;100
20160129 153900;3.31;3.31;3.31;3.31;100
20160129 154400;3.32;3.32;3.32;3.32;100
20160129 154600;3.31;3.31;3.31;3.31;100
20160129 154700;3.3;3.3;3.3;3.3;4600
20160129 154800;3.28;3.28;3.28;3.28;100
20160129 154900;3.3;3.31;3.3;3.31;500
20160129 155000;3.3;3.3;3.3;3.3;152
20160129 155100;3.32;3.32;3.32;3.32;200
20160129 155300;3.32;3.32;3.32;3.32;300
20160129 155400;3.32;3.335;3.32;3.335;8800
20160129 155500;3.355;3.355;3.35;3.35;200
20160129 155700;3.358;3.358;3.35;3.35;200
20160129 155800;3.358;3.358;3.33;3.33;754
20160129 155900;3.33;3.348;3.32;3.32;2259
20160129 160000;3.32;3.32;3.3;3.3;13823
20160201 094200;3.235;3.235;3.235;3.235;10900
20160201 094300;3.23;3.23;3.23;3.23;100
20160201 094500;3.22;3.22;3.22;3.22;100
20160201 094600;3.225;3.225;3.225;3.225;100
20160201 095000;3.225;3.225;3.22;3.22;300
20160201 095100;3.23;3.26;3.23;3.26;400
20160201 100300;3.26;3.26;3.25;3.25;200
20160201 100800;3.28;3.28;3.28;3.28;200
20160201 101100;3.24;3.24;3.24;3.24;100
20160201 102300;3.251;3.251;3.251;3.251;200
20160201 105600;3.26;3.26;3.26;3.26;100
20160201 110100;3.29;3.29;3.29;3.29;100
20160201 110300;3.29;3.29;3.29;3.29;100
20160201 112100;3.271;3.271;3.271;3.271;100
20160201 113000;3.29;3.29;3.2837;3.2837;200
20160201 113300;3.28;3.28;3.28;3.28;200
20160201 113600;3.261;3.261;3.261;3.261;100
20160201 120300;3.27;3.27;3.27;3.27;200
20160201 120800;3.28;3.31;3.27;3.3;1200
20160201 120900;3.3;3.3;3.3;3.3;100
20160201 121100;3.3021;3.3021;3.3021;3.3021;100
20160201 123300;3.33;3.33;3.33;3.33;100
20160201 124800;3.33;3.33;3.33;3.33;100
20160201 125700;3.31;3.31;3.31;3.31;200
20160201 125900;3.3;3.3;3.3;3.3;100
20160201 131000;3.3;3.3;3.3;3.3;400
20160201 134900;3.3;3.3;3.3;3.3;100
20160201 140800;3.3;3.3;3.3;3.3;100
20160201 141100;3.31;3.31;3.31;3.31;100
20160201 141600;3.31;3.31;3.31;3.31;200
20160201 142800;3.34;3.36;3.34;3.36;200
20160201 144600;3.39;3.39;3.39;3.39;100
20160201 145200;3.4;3.41;3.4;3.41;200
20160201 145300;3.43;3.43;3.43;3.43;100
20160201 145400;3.45;3.45;3.45;3.45;100
20160201 150300;3.47;3.47;3.47;3.47;100
20160201 150800;3.44;3.44;3.44;3.44;100
20160201 151400;3.43;3.45;3.43;3.45;200
20160201 152300;3.45;3.45;3.45;3.45;100
20160201 152500;3.421;3.421;3.421;3.421;600
20160201 152600;3.4214;3.4214;3.4214;3.4214;100
20160201 152800;3.44;3.44;3.44;3.44;100
20160201 153200;3.46;3.46;3.44;3.44;500
20160201 153300;3.441;3.441;3.441;3.441;100
20160201 153500;3.44;3.44;3.44;3.44;100
20160201 153800;3.45;3.45;3.45;3.45;100
20160201 153900;3.45;3.45;3.45;3.45;100
20160201 154000;3.46;3.46;3.46;3.46;100
20160201 154400;3.45;3.45;3.45;3.45;100
20160201 154600;3.46;3.46;3.46;3.46;200
20160201 155000;3.45;3.45;3.45;3.45;100
20160201 155100;3.46;3.46;3.46;3.46;100
20160201 155300;3.44;3.44;3.44;3.44;400
20160201 155600;3.44;3.44;3.43;3.43;200
20160201 155700;3.44;3.44;3.44;3.44;200
20160201 155800;3.43;3.43;3.415;3.415;3800
20160201 160000;3.43;3.43;3.41;3.42;2447
20160202 095200;3.45;3.45;3.45;3.45;100
20160202 095400;3.4;3.4;3.4;3.4;100
20160202 095600;3.4;3.4;3.4;3.4;100
20160202 100300;3.39;3.39;3.39;3.39;100
20160202 101600;3.44;3.44;3.43;3.43;200
20160202 101700;3.42;3.42;3.42;3.42;200
20160202 101900;3.4;3.41;3.4;3.41;300
20160202 102200;3.41;3.41;3.41;3.41;300
20160202 102300;3.41;3.41;3.38;3.38;300
20160202 103500;3.43;3.45;3.43;3.45;200
20160202 103600;3.45;3.45;3.45;3.45;100
20160202 103800;3.45;3.45;3.45;3.45;100
20160202 104500;3.46;3.46;3.46;3.46;100
20160202 105400;3.44;3.44;3.44;3.44;200
20160202 105500;3.44;3.445;3.44;3.44;400
20160202 105600;3.39;3.39;3.39;3.39;100
20160202 105700;3.39;3.39;3.39;3.39;100
20160202 105800;3.4;3.4;3.4;3.4;100
20160202 110500;3.4;3.4;3.36;3.36;300
20160202 110600;3.4;3.4;3.4;3.4;100
20160202 113600;3.36;3.41;3.36;3.41;2000
20160202 113800;3.34;3.39;3.34;3.39;400
20160202 114100;3.4;3.44;3.35;3.44;300
20160202 114600;3.39;3.39;3.39;3.39;100
20160202 114700;3.45;3.45;3.45;3.45;100
20160202 115100;3.45;3.45;3.45;3.45;200
20160202 115700;3.44;3.44;3.41;3.41;500
20160202 121700;3.43;3.43;3.43;3.43;100
20160202 122000;3.43;3.43;3.43;3.43;100
20160202 125000;3.4;3.4;3.4;3.4;100
20160202 125200;3.4;3.4;3.4;3.4;200
20160202 125300;3.4;3.4;3.4;3.4;200
20160202 125400;3.395;3.41;3.38;3.38;300
20160202 130100;3.407;3.407;3.407;3.407;118
20160202 130500;3.45;3.45;3.45;3.45;100
20160202 131200;3.41;3.41;3.41;3.41;100
20160202 131400;3.41;3.41;3.41;3.41;100
20160202 131900;3.4;3.4;3.4;3.4;100
20160202 132900;3.41;3.41;3.41;3.41;100
20160202 133400;3.4;3.4;3.4;3.4;100
20160202 134000;3.4;3.4;3.4;3.4;800
20160202 134100;3.4;3.4;3.4;3.4;100
20160202 135800;3.4;3.4;3.4;3.4;300
20160202 140600;3.4;3.4;3.4;3.4;200
20160202 140900;3.3596;3.3596;3.3596;3.3596;200
20160202 141600;3.36;3.36;3.36;3.36;100
20160202 142000;3.3501;3.3501;3.3501;3.3501;1750
20160202 142100;3.365;3.365;3.365;3.365;100
20160202 142200;3.35;3.35;3.35;3.35;200
20160202 145100;3.36;3.365;3.36;3.365;200
20160202 145900;3.37;3.37;3.37;3.37;100
20160202 150500;3.36;3.36;3.36;3.36;200
20160202 151100;3.36;3.36;3.36;3.36;300
20160202 151600;3.34;3.34;3.34;3.34;100
20160202 151700;3.36;3.36;3.36;3.36;100
20160202 152900;3.36;3.36;3.355;3.355;2435
20160202 153000;3.37;3.38;3.37;3.38;700
20160202 153100;3.38;3.38;3.38;3.38;200
20160202 153400;3.38;3.38;3.38;3.38;200
20160202 153600;3.38;3.39;3.38;3.38;300
20160202 153900;3.38;3.38;3.38;3.38;500
20160202 154100;3.38;3.38;3.38;3.38;100
20160202 154300;3.39;3.39;3.39;3.39;200
20160202 154400;3.39;3.39;3.39;3.39;100
20160202 154600;3.42;3.42;3.42;3.42;100
20160202 154700;3.41;3.41;3.41;3.41;100
20160202 155100;3.3945;3.3945;3.3945;3.3945;100
20160202 155700;3.4;3.4;3.4;3.4;100
20160202 155900;3.4;3.42;3.4;3.42;1400
20160202 160000;3.4;3.41;3.4;3.4;576
20160203 093400;3.35;3.35;3.35;3.35;200
20160203 093900;3.33;3.37;3.33;3.37;500
20160203 094000;3.37;3.4;3.37;3.4;400
20160203 094100;3.44;3.44;3.4;3.41;500
20160203 101900;3.37;3.39;3.37;3.39;400
20160203 102100;3.39;3.39;3.39;3.39;100
20160203 102600;3.37;3.37;3.2975;3.36;1106
20160203 102900;3.37;3.37;3.315;3.315;400
20160203 103000;3.37;3.37;3.37;3.37;100
20160203 103200;3.37;3.37;3.37;3.37;200
20160203 103300;3.38;3.42;3.38;3.42;375
20160203 104000;3.37;3.41;3.37;3.4;700
20160203 104200;3.43;3.43;3.39;3.39;325
20160203 104300;3.4;3.41;3.4;3.41;300
20160203 110100;3.39;3.39;3.39;3.39;100
20160203 110700;3.37;3.37;3.37;3.37;875
20160203 111800;3.37;3.37;3.37;3.37;200
20160203 111900;3.38;3.38;3.38;3.38;100
20160203 114600;3.38;3.38;3.37;3.37;400
20160203 115500;3.36;3.36;3.36;3.36;200
20160203 120100;3.3525;3.3525;3.3525;3.3525;100
20160203 120200;3.3425;3.3425;3.3425;3.3425;200
20160203 120800;3.3425;3.3425;3.3425;3.3425;100
20160203 121400;3.37;3.37;3.37;3.37;119
20160203 122300;3.37;3.37;3.37;3.37;2200
20160203 122700;3.37;3.37;3.37;3.37;100
20160203 123700;3.37;3.37;3.37;3.37;300
20160203 124700;3.37;3.37;3.37;3.37;200
20160203 125500;3.37;3.37;3.37;3.37;100
20160203 130800;3.37;3.37;3.37;3.37;100
20160203 130900;3.37;3.37;3.37;3.37;100
20160203 131700;3.4;3.4;3.39;3.39;200
20160203 132300;3.39;3.39;3.39;3.39;100
20160203 132800;3.39;3.39;3.39;3.39;100
20160203 135800;3.3999;3.3999;3.3999;3.3999;500
20160203 140100;3.39;3.39;3.39;3.39;200
20160203 140800;3.39;3.41;3.39;3.41;799
20160203 141500;3.41;3.41;3.41;3.41;200
20160203 141800;3.4;3.4;3.4;3.4;100
20160203 142200;3.4;3.4;3.4;3.4;100
20160203 143900;3.4;3.4;3.4;3.4;200
20160203 144200;3.42;3.42;3.42;3.42;200
20160203 153900;3.42;3.42;3.42;3.42;100
20160203 155000;3.4;3.4;3.4;3.4;200
20160203 155600;3.425;3.425;3.42;3.425;700
20160203 155800;3.4;3.4;3.4;3.4;100
20160203 160000;3.41;3.45;3.39;3.4;7361
20160204 094600;3.35;3.35;3.35;3.35;21300
20160204 095900;3.47;3.47;3.47;3.47;300
20160204 101300;3.43;3.43;3.43;3.43;100
20160204 101400;3.4;3.45;3.4;3.44;600
20160204 101900;3.44;3.44;3.44;3.44;400
20160204 105700;3.46;3.46;3.46;3.46;200
20160204 105900;3.46;3.46;3.46;3.46;2497
20160204 110000;3.48;3.48;3.48;3.48;200
20160204 110700;3.46;3.46;3.46;3.46;100
20160204 110800;3.46;3.46;3.44;3.44;500
20160204 110900;3.43;3.43;3.43;3.43;100
20160204 111000;3.42;3.45;3.42;3.45;755
20160204 112200;3.42;3.4394;3.42;3.4394;2500
20160204 112800;3.425;3.45;3.425;3.45;3200
20160204 114000;3.45;3.45;3.45;3.45;1000
20160204 114100;3.43;3.43;3.36;3.43;5100
20160204 120100;3.445;3.445;3.445;3.445;200
20160204 120900;3.47;3.47;3.47;3.47;100
20160204 121800;3.46;3.46;3.46;3.46;100
20160204 122000;3.47;3.47;3.45;3.45;200
20160204 122200;3.47;3.47;3.47;3.47;300
20160204 122300;3.45;3.45;3.45;3.45;400
20160204 122900;3.46;3.46;3.46;3.46;200
20160204 123500;3.45;3.45;3.45;3.45;200
20160204 123900;3.44;3.44;3.44;3.44;500
20160204 124500;3.46;3.47;3.46;3.47;200
20160204 130200;3.47;3.47;3.47;3.47;100
20160204 131600;3.45;3.45;3.44;3.44;200
20160204 132100;3.44;3.44;3.44;3.44;500
20160204 134000;3.445;3.445;3.44;3.44;300
20160204 134300;3.4;3.4;3.4;3.4;400
20160204 134400;3.4;3.4;3.4;3.4;900
20160204 134500;3.41;3.41;3.41;3.41;700
20160204 134600;3.44;3.46;3.44;3.46;500
20160204 134800;3.44;3.44;3.44;3.44;500
20160204 134900;3.44;3.44;3.43;3.44;900
20160204 135000;3.46;3.46;3.46;3.46;100
20160204 135100;3.41;3.45;3.41;3.43;1400
20160204 135200;3.41;3.41;3.41;3.41;200
20160204 135300;3.4;3.4;3.4;3.4;310
20160204 141700;3.4;3.4;3.4;3.4;400
20160204 145500;3.43;3.43;3.43;3.43;400
20160204 150400;3.415;3.415;3.415;3.415;100
20160204 151400;3.41;3.41;3.41;3.41;100
20160204 153100;3.42;3.42;3.42;3.42;400
20160204 153500;3.41;3.41;3.41;3.41;100
20160204 153800;3.42;3.42;3.42;3.42;100
20160204 154800;3.42;3.42;3.42;3.42;100
20160204 155400;3.42;3.42;3.42;3.42;100
20160204 155500;3.43;3.43;3.4;3.41;800
20160204 155700;3.42;3.42;3.42;3.42;100
20160204 160000;3.41;3.41;3.41;3.41;100
20160205 093300;3.225;3.3;3.225;3.29;3100
20160205 093500;3.38;3.38;3.37;3.38;400
20160205 094400;3.38;3.38;3.365;3.365;2700
20160205 095000;3.35;3.36;3.35;3.355;7400
20160205 095200;3.43;3.43;3.43;3.43;100
20160205 095800;3.38;3.395;3.355;3.395;1200
20160205 100000;3.36;3.37;3.355;3.37;600
20160205 100100;3.37;3.37;3.37;3.37;200
20160205 100200;3.41;3.41;3.38;3.38;400
20160205 101300;3.4;3.4;3.3905;3.3905;200
20160205 101400;3.37;3.37;3.36;3.36;200
20160205 101500;3.37;3.372;3.365;3.372;500
20160205 104300;3.38;3.38;3.38;3.38;200
20160205 105000;3.39;3.39;3.39;3.39;300
20160205 110300;3.38;3.38;3.38;3.38;3200
20160205 110400;3.38;3.38;3.38;3.38;100
20160205 111000;3.4;3.4;3.4;3.4;100
20160205 112100;3.39;3.39;3.38;3.38;700
20160205 112200;3.38;3.38;3.38;3.38;300
20160205 112400;3.3475;3.38;3.3475;3.38;3300
20160205 115900;3.4;3.4;3.4;3.4;300
20160205 120000;3.37;3.37;3.37;3.37;100
20160205 120800;3.4;3.4;3.4;3.4;100
20160205 121100;3.375;3.375;3.375;3.375;20000
20160205 122300;3.38;3.38;3.38;3.38;200
20160205 122400;3.39;3.39;3.39;3.39;196
20160205 124700;3.39;3.39;3.39;3.39;200
20160205 130000;3.38;3.38;3.38;3.38;100
20160205 133200;3.39;3.39;3.39;3.39;200
20160205 134500;3.38;3.38;3.38;3.38;100
20160205 135200;3.36;3.36;3.36;3.36;100
20160205 135800;3.37;3.37;3.37;3.37;400
20160205 135900;3.37;3.37;3.37;3.37;7770
20160205 140600;3.35;3.35;3.35;3.35;100
20160205 140700;3.35;3.35;3.35;3.35;100
20160205 140800;3.35;3.35;3.35;3.35;300
20160205 141600;3.38;3.38;3.38;3.38;200
20160205 142700;3.3301;3.3301;3.3301;3.3301;1000
20160205 142900;3.3301;3.35;3.3301;3.35;1100
20160205 143000;3.37;3.37;3.37;3.37;100
20160205 143100;3.33;3.335;3.33;3.335;400
20160205 144400;3.34;3.35;3.34;3.35;400
20160205 145100;3.37;3.37;3.37;3.37;100
20160205 145800;3.345;3.345;3.345;3.345;200
20160205 151300;3.36;3.36;3.36;3.36;200
20160205 151400;3.3425;3.3425;3.3425;3.3425;100
20160205 152200;3.36;3.36;3.36;3.36;100
20160205 152600;3.36;3.36;3.36;3.36;200
20160205 152800;3.37;3.38;3.3625;3.3625;800
20160205 153800;3.39;3.39;3.39;3.39;300
20160205 154900;3.39;3.39;3.39;3.39;100
20160205 155200;3.39;3.39;3.39;3.39;100
20160205 155400;3.39;3.39;3.39;3.39;100
20160205 155500;3.39;3.39;3.39;3.39;200
20160205 155600;3.375;3.375;3.375;3.375;100
20160205 155800;3.39;3.39;3.39;3.39;100
20160205 155900;3.39;3.39;3.39;3.39;200
