20160119 095100;7.54;7.564;7.54;7.564;200
20160119 095200;7.52;7.52;7.52;7.52;290
20160119 103000;7.53;7.53;7.53;7.53;100
20160119 105500;7.478;7.513;7.45;7.45;2631
20160119 110200;7.401;7.412;7.4;7.412;1900
20160119 112300;7.41;7.41;7.41;7.41;100
20160119 113800;7.5423;7.5423;7.5423;7.5423;3000
20160119 114000;7.43;7.43;7.41;7.41;1234
20160119 114800;7.31;7.31;7.3;7.3;1000
20160119 114900;7.3;7.3;7.24;7.24;2550
20160119 115000;7.21;7.21;7.21;7.21;344
20160119 121000;7.38;7.39;7.38;7.38;1600
20160119 121400;7.336;7.336;7.336;7.336;900
20160119 122500;7.36;7.38;7.36;7.38;800
20160119 122700;7.36;7.375;7.33;7.375;2000
20160119 123300;7.38;7.4;7.38;7.4;1905
20160119 140700;7.4;7.4;7.39;7.39;961
20160119 141500;7.39;7.39;7.39;7.39;1100
20160119 145100;7.404;7.404;7.4011;7.4011;449
20160119 150000;7.4001;7.4001;7.39;7.4001;2628
20160119 152000;7.38;7.38;7.38;7.38;101
20160119 152100;7.37;7.37;7.37;7.37;185
20160119 152200;7.39;7.39;7.39;7.39;100
20160119 152600;7.37;7.37;7.36;7.36;338
20160119 152900;7.36;7.3935;7.36;7.36;1140
20160119 153200;7.3816;7.4;7.32;7.3514;2385
20160119 153700;7.32;7.33;7.32;7.33;2937
20160119 153800;7.33;7.345;7.33;7.345;200
20160119 153900;7.35;7.39;7.31;7.33;4300
20160119 154000;7.32;7.32;7.31;7.31;600
20160119 154200;7.3;7.3;7.3;7.3;4000
20160119 154800;7.28;7.28;7.28;7.28;200
20160119 155000;7.28;7.285;7.28;7.285;317
20160119 155700;7.36;7.36;7.36;7.36;800
20160119 160000;7.38;7.39;7.36;7.36;2201
20160120 094700;7.28;7.28;7.28;7.28;200
20160120 100700;7.28;7.28;7.28;7.28;1300
20160120 100800;7.28;7.28;7.28;7.28;200
20160120 101000;7.28;7.2801;7.28;7.2801;500
20160120 101200;7.28;7.28;7.28;7.28;100
20160120 101500;7.28;7.28;7.28;7.28;100
20160120 101900;7.28;7.28;7.28;7.28;100
20160120 102300;7.28;7.28;7.28;7.28;100
20160120 102800;7.31;7.31;7.31;7.31;200
20160120 102900;7.31;7.31;7.31;7.31;100
20160120 103400;7.31;7.31;7.31;7.31;100
20160120 105600;7.31;7.31;7.31;7.31;500
20160120 110200;7.31;7.31;7.31;7.31;200
20160120 110300;7.31;7.31;7.31;7.31;100
20160120 113900;7.34;7.34;7.34;7.34;400
20160120 115000;7.34;7.34;7.34;7.34;100
20160120 120100;7.34;7.34;7.34;7.34;419
20160120 134100;7.45;7.46;7.45;7.46;1000
20160120 141600;7.46;7.46;7.46;7.46;300
20160120 141700;7.48;7.48;7.48;7.48;100
20160120 141800;7.48;7.48;7.48;7.48;200
20160120 143900;7.5;7.5;7.47;7.47;200
20160120 145800;7.5;7.5;7.5;7.5;100
20160120 155200;7.594;7.5956;7.55;7.56;3594
20160120 155500;7.615;7.615;7.615;7.615;100
20160120 160000;7.59;7.6;7.56;7.59;1987
20160121 093900;7.84;7.84;7.84;7.84;100
20160121 094200;7.84;7.84;7.84;7.84;100
20160121 095100;7.69;7.69;7.69;7.69;100
20160121 095700;7.71;7.71;7.71;7.71;200
20160121 105400;7.77;7.77;7.77;7.77;100
20160121 111500;7.7289;7.7289;7.7289;7.7289;100
20160121 112100;7.71;7.71;7.7;7.7;765
20160121 121000;7.6899;7.6899;7.6899;7.6899;102
20160121 124500;7.6815;7.6815;7.6815;7.6815;200
20160121 131500;7.66;7.66;7.66;7.66;100
20160121 133000;7.68;7.68;7.68;7.68;142
20160121 134800;7.7;7.7;7.7;7.7;2146
20160121 135600;7.76;7.76;7.76;7.76;100
20160121 135900;7.75;7.75;7.75;7.75;200
20160121 144600;7.7;7.7;7.7;7.7;300
20160121 155100;7.747;7.7489;7.747;7.747;800
20160121 160000;7.77;7.77;7.77;7.77;124
20160122 115500;7.75;7.75;7.75;7.75;100
20160122 121200;7.71;7.71;7.71;7.71;100
20160122 121400;7.7399;7.7399;7.7399;7.7399;173
20160122 122100;7.722;7.722;7.722;7.722;300
20160122 135500;7.79;7.79;7.69;7.69;1200
20160122 135600;7.69;7.69;7.69;7.69;800
20160122 140500;7.7;7.7;7.7;7.7;3400
20160122 141600;7.7;7.7;7.7;7.7;300
20160122 141800;7.7;7.7;7.7;7.7;956
20160122 142000;7.7566;7.7566;7.7566;7.7566;1350
20160122 143300;7.71;7.71;7.71;7.71;1000
20160122 150100;7.67;7.685;7.67;7.685;600
20160122 151400;7.68;7.68;7.68;7.68;900
20160122 151900;7.7599;7.7599;7.7599;7.7599;600
20160122 153400;7.72;7.72;7.72;7.72;100
20160122 154200;7.77;7.77;7.77;7.77;200
20160122 155000;7.79;7.79;7.79;7.79;100
20160122 155100;7.79;7.79;7.785;7.785;300
20160122 155800;7.81;7.81;7.81;7.81;200
20160122 155900;7.8;7.8;7.8;7.8;200
20160122 160000;7.79;7.79;7.79;7.79;247
20160125 100200;7.85;7.85;7.85;7.85;200
20160125 104500;8.0339;8.0339;8.0339;8.0339;1000
20160125 105900;7.94;7.94;7.94;7.94;200
20160125 114400;7.94;7.97;7.94;7.97;400
20160125 114500;8;8;7.96;7.96;600
20160125 114600;7.95;7.95;7.95;7.95;100
20160125 120200;7.94;7.94;7.94;7.94;200
20160125 122500;7.86;7.86;7.86;7.86;466
20160125 132500;7.86;7.86;7.8;7.8;2472
20160125 133300;7.8;7.8;7.8;7.8;2528
20160125 135100;7.83;7.83;7.83;7.83;1000
20160125 140200;7.87;7.87;7.87;7.87;200
20160125 140800;7.84;7.84;7.84;7.84;100
20160125 141200;7.83;7.83;7.83;7.83;100
20160125 141500;7.86;7.86;7.86;7.86;100
20160125 141600;7.86;7.86;7.86;7.86;100
20160125 141800;7.88;7.88;7.88;7.88;158
20160125 141900;7.85;7.85;7.85;7.85;100
20160125 142000;7.85;7.85;7.85;7.85;100
20160125 142100;7.818;7.818;7.818;7.818;200
20160125 143800;7.8;7.8;7.8;7.8;100
20160125 151000;7.86;7.86;7.86;7.86;200
20160125 154200;7.88;7.88;7.88;7.88;100
20160125 155300;7.86;7.86;7.86;7.86;100
20160125 155700;7.86;7.86;7.86;7.86;100
20160125 155800;7.8201;7.8201;7.8201;7.8201;200
20160125 160000;7.88;7.88;7.88;7.88;165
20160126 102100;7.9999;7.9999;7.9999;7.9999;100
20160126 111700;7.79;7.79;7.79;7.79;100
20160126 112400;7.79;7.83;7.79;7.83;200
20160126 125200;7.95;7.96;7.95;7.95;1300
20160126 125500;7.9899;7.9899;7.9899;7.9899;1900
20160126 131600;8;8;7.9999;8;2300
20160126 132000;8.07;8.0895;8.065;8.07;2000
20160126 132900;8.08;8.16;8.08;8.15;2170
20160126 141300;8.06;8.06;7.9998;7.9998;2300
20160126 142100;7.98;7.98;7.98;7.98;700
20160126 142500;7.9783;7.9783;7.9783;7.9783;550
20160126 143300;8;8;8;8;1000
20160126 145300;8;8;8;8;100
20160126 145400;8;8;8;8;200
20160126 154400;7.98;7.98;7.98;7.98;200
20160126 154500;8;8;8;8;100
20160126 154700;8;8;8;8;100
20160126 154800;8;8;8;8;100
20160126 155000;8;8;8;8;100
20160126 155400;7.9999;7.9999;7.9999;7.9999;144
20160126 155800;7.9952;7.9952;7.9952;7.9952;100
20160126 155900;7.9952;7.9952;7.9952;7.9952;100
20160127 094500;8.1634;8.1634;8.1634;8.1634;650
20160127 101200;8.0764;8.0764;8.0764;8.0764;200
20160127 101300;8;8;8;8;100
20160127 101400;7.98;7.98;7.97;7.97;1200
20160127 101600;7.97;7.97;7.97;7.97;100
20160127 101800;7.9701;7.9701;7.97;7.97;607
20160127 120500;7.91;7.91;7.91;7.91;400
20160127 130800;7.82;7.82;7.82;7.82;100
20160127 133500;7.8299;7.8299;7.8299;7.8299;200
20160127 134600;7.83;7.83;7.83;7.83;200
20160127 151100;7.9;7.9;7.75;7.75;2898
20160127 153300;7.786;7.79;7.7856;7.7896;2600
20160127 154500;7.79;7.8;7.79;7.8;5976
20160127 155800;7.85;7.85;7.85;7.85;1000
20160128 110400;7.75;7.75;7.75;7.75;100
20160128 113900;7.935;7.935;7.935;7.935;135
20160128 120900;7.95;7.95;7.95;7.95;300
20160128 123300;7.89;7.89;7.89;7.89;100
20160128 125100;7.88;7.88;7.88;7.88;100
20160128 131700;7.92;7.92;7.92;7.92;100
20160128 153400;7.89;7.89;7.89;7.89;600
20160128 154500;7.87;7.87;7.87;7.87;100
20160128 155100;7.8848;7.8848;7.8848;7.8848;300
20160128 160000;7.88;7.88;7.88;7.88;562
20160129 095100;8.26;8.26;8.26;8.26;100
20160129 101300;8.2499;8.2499;8.2499;8.2499;600
20160129 104800;7.94;7.94;7.94;7.94;100
20160129 121600;7.96;7.96;7.95;7.95;92400
20160129 143100;8.026;8.03;8.026;8.03;700
20160129 143900;8.13;8.13;8.13;8.13;100
20160129 151300;8.0619;8.0619;8.06;8.06;900
20160129 153400;8.05;8.05;8.05;8.05;2000
20160129 153600;8.05;8.05;8.05;8.05;2400
20160129 154000;8.07;8.07;8.03;8.03;400
20160129 154100;8.06;8.06;8.03;8.03;300
20160129 154800;8.06;8.06;8.06;8.06;135
20160129 155100;8.06;8.06;8.06;8.06;104
20160129 160000;8.06;8.09;8.06;8.09;2747
20160201 105300;8.18;8.2;8.18;8.2;500
20160201 105400;8.2;8.2;8.19;8.19;300
20160201 110100;8.2;8.2;8.2;8.2;100
20160201 111600;8.2;8.2;8.2;8.2;100
20160201 112100;8.2;8.2;8.2;8.2;200
20160201 112300;8.19;8.19;8.19;8.19;100
20160201 112400;8.19;8.19;8.19;8.19;100
20160201 113300;8.199;8.2;8.199;8.2;962
20160201 113800;8.2;8.2;8.2;8.2;100
20160201 114200;8.19;8.19;8.19;8.19;900
20160201 115400;8.185;8.185;8.185;8.185;100
20160201 120200;8.16;8.16;7.94;7.94;8856
20160201 120600;8.18;8.1899;8.07;8.18;1000
20160201 121600;8.09;8.09;8.08;8.08;300
20160201 123800;8.06;8.07;8.055;8.07;1100
20160201 124300;8.17;8.17;8.17;8.17;1000
20160201 124600;7.99;8.02;7.99;8.02;300
20160201 130200;8.161;8.169;8.153;8.153;1225
20160201 134500;8.18;8.18;8.18;8.18;100
20160201 135900;8.03;8.03;8.03;8.03;300
20160201 140700;8.03;8.03;8.0299;8.0299;232
20160201 143000;7.98;7.98;7.98;7.98;1100
20160201 143100;7.96;7.97;7.92;7.92;5000
20160201 144700;7.9301;7.9301;7.9301;7.9301;1000
20160201 151100;7.95;7.95;7.93;7.93;300
20160201 152300;7.95;7.95;7.95;7.95;100
20160201 154000;7.94;7.94;7.92;7.92;600
20160201 155100;7.92;7.92;7.92;7.92;300
20160201 155300;7.86;7.89;7.85;7.85;1100
20160201 155800;7.86;7.86;7.85;7.85;600
20160201 160000;7.94;7.94;7.94;7.94;140
20160202 095100;7.87;7.87;7.87;7.87;400
20160202 100600;7.85;7.85;7.85;7.85;300
20160202 101600;7.76;7.76;7.75;7.76;1185
20160202 101700;7.74;7.74;7.65;7.65;1028
20160202 101800;7.65;7.65;7.65;7.65;200
20160202 102200;7.715;7.715;7.715;7.715;100
20160202 112000;7.7193;7.7193;7.7193;7.7193;500
20160202 130400;7.79;7.79;7.79;7.79;100
20160202 130700;7.79;7.79;7.79;7.79;100
20160202 133600;7.82;7.82;7.82;7.82;100
20160202 140200;7.826;7.826;7.77;7.77;500
20160202 140300;7.79;7.7999;7.79;7.7999;1394
20160202 140700;7.84;7.84;7.84;7.84;121
20160202 141600;7.85;7.85;7.85;7.85;100
20160202 144100;7.84;7.8499;7.84;7.8499;200
20160202 144200;7.8494;7.8494;7.8494;7.8494;100
20160202 150900;7.85;7.85;7.85;7.85;100
20160202 151200;7.85;7.85;7.85;7.85;100
20160202 153800;7.85;7.85;7.85;7.85;2000
20160202 153900;7.85;7.85;7.85;7.85;3500
20160202 155000;7.923;7.923;7.923;7.923;125
20160202 155800;7.93;7.93;7.93;7.93;100
20160202 160000;7.86;7.86;7.86;7.86;242
20160203 101200;7.87;7.87;7.87;7.87;100
20160203 101400;7.86;7.86;7.86;7.86;300
20160203 105400;7.783;7.85;7.78;7.79;1900
20160203 105800;7.791;7.82;7.791;7.82;1200
20160203 110900;7.85;7.98;7.85;7.98;1391
20160203 144600;7.94;7.94;7.94;7.94;100
20160203 160000;7.94;7.94;7.94;7.94;166
20160204 095000;8.1;8.1;8.1;8.1;100
20160204 101100;8.09;8.09;8.09;8.09;100
20160204 102200;8;8.08;8;8.0122;880
20160204 104600;8.02;8.0441;8.02;8.0441;5000
20160204 111100;8.097;8.097;8.0967;8.0967;300
20160204 114600;8.05;8.06;8.05;8.05;300
20160204 115300;8.056;8.056;8.056;8.056;300
20160204 120500;8.05;8.05;8.05;8.05;100
20160204 120600;8.05;8.05;8.05;8.05;100
20160204 123500;8.09;8.09;8.09;8.09;200
20160204 123600;8.095;8.097;8.095;8.097;897
20160204 125100;8.09;8.09;8.09;8.09;100
20160204 131000;8.099;8.099;8.099;8.099;200
20160204 133500;8.1;8.1;8.08;8.1;900
20160204 134600;8.08;8.08;8.08;8.08;100
20160205 093700;7.8001;7.8001;7.8001;7.8001;130
20160205 094000;8.0362;8.1;8.0362;8.0362;1832
20160205 112200;7.92;7.92;7.92;7.92;100
20160205 112300;7.92;7.92;7.91;7.91;200
20160205 112500;7.9;7.9;7.9;7.9;100
20160205 112600;7.9;7.9;7.9;7.9;100
20160205 120800;7.892;7.892;7.892;7.892;255
20160205 130500;7.9;7.9;7.9;7.9;100
20160205 141600;7.8956;7.8956;7.8956;7.8956;300
20160205 143900;7.88;7.88;7.88;7.88;100
20160205 144000;7.9;7.9;7.9;7.9;500
20160205 155200;7.9001;7.96;7.9001;7.96;1000
20160205 155300;7.91;7.91;7.91;7.91;100
