20160119 092900;3.89;3.89;3.89;3.89;95
20160119 094300;3.89;3.89;3.89;3.89;500
20160119 095100;3.87;3.87;3.87;3.87;200
20160119 102900;3.85;3.85;3.85;3.85;100
20160119 111100;3.85;3.85;3.84;3.84;800
20160119 113800;3.88;3.88;3.88;3.88;100
20160119 130700;3.88;3.88;3.88;3.88;100
20160119 133500;3.87;3.87;3.87;3.87;100
20160119 145200;3.81;3.81;3.81;3.81;200
20160119 154800;3.83;3.83;3.83;3.83;200
20160119 155700;3.83;3.83;3.82;3.82;800
20160119 160000;3.81;3.81;3.81;3.81;100
20160120 092800;3.71;3.71;3.71;3.71;200
20160120 092900;3.71;3.71;3.68;3.68;430
20160120 093000;3.68;3.68;3.68;3.68;300
20160120 093100;3.7;3.7;3.68;3.68;800
20160120 093900;3.68;3.68;3.68;3.68;1000
20160120 094500;3.69;3.69;3.69;3.69;100
20160120 100000;3.69;3.69;3.69;3.69;500
20160120 100200;3.68;3.68;3.68;3.68;200
20160120 100500;3.68;3.68;3.68;3.68;500
20160120 101000;3.68;3.7;3.68;3.68;750
20160120 103600;3.66;3.7;3.66;3.6601;600
20160120 111200;3.64;3.64;3.64;3.64;600
20160120 111900;3.62;3.62;3.61;3.62;1600
20160120 113700;3.62;3.62;3.62;3.62;300
20160120 115600;3.62;3.62;3.62;3.62;100
20160120 123400;3.619;3.619;3.619;3.619;500
20160120 134200;3.62;3.62;3.62;3.62;1700
20160120 141000;3.7099;3.7099;3.7099;3.7099;600
20160120 160000;3.76;3.76;3.76;3.76;110
20160121 102500;3.66;3.66;3.66;3.66;100
20160121 102600;3.61;3.61;3.61;3.61;300
20160121 104600;3.68;3.71;3.68;3.7;1300
20160121 104700;3.7;3.7;3.7;3.7;100
20160121 112300;3.7;3.7;3.7;3.7;200
20160121 135300;3.7;3.7;3.7;3.7;100
20160122 084900;3.7;3.7;3.7;3.7;600
20160122 092800;3.71;3.71;3.71;3.71;100
20160125 133400;3.76;3.76;3.76;3.76;100
20160125 140900;3.74;3.74;3.74;3.74;100
20160125 152000;3.74;3.74;3.74;3.74;100
20160126 142800;3.72;3.72;3.72;3.72;100
20160126 154000;3.69;3.69;3.69;3.69;100
20160201 115900;3.65;3.665;3.65;3.665;600
20160201 125100;3.655;3.655;3.655;3.655;100
20160201 152000;3.67;3.67;3.67;3.67;600
20160201 154500;3.67;3.67;3.668;3.67;1800
20160201 154600;3.71;3.71;3.71;3.71;100
20160202 081400;3.8;3.8;3.8;3.8;199
20160202 155300;3.77;3.77;3.77;3.77;531
20160202 155700;3.74;3.74;3.74;3.74;100
20160202 155900;3.73;3.88;3.73;3.88;2128
20160203 082600;4.05;4.05;4.05;4.05;435
20160203 083200;4.05;4.05;4.05;4.05;65
20160203 092900;4.02;4.02;4.02;4.02;100
20160203 100800;3.9512;3.9512;3.9512;3.9512;300
20160203 114400;3.94;3.94;3.94;3.94;200
20160203 114500;3.95;3.95;3.95;3.95;100
20160203 142400;3.95;3.95;3.95;3.95;300
20160203 142500;3.95;3.95;3.95;3.95;300
20160203 142600;3.95;3.95;3.95;3.95;300
20160203 142700;3.95;3.95;3.95;3.95;1000
20160204 130800;3.94;3.94;3.94;3.94;100
20160204 132600;3.94;3.94;3.94;3.94;100
20160204 133500;3.94;3.94;3.94;3.94;100
20160204 134300;3.94;3.94;3.94;3.94;100
20160204 135200;3.94;3.94;3.94;3.94;100
20160204 140000;3.93;3.93;3.93;3.93;100
20160204 140800;3.93;3.93;3.93;3.93;100
20160204 141600;3.93;3.94;3.93;3.94;200
20160204 142400;3.93;3.93;3.93;3.93;100
20160204 143200;3.93;3.93;3.93;3.93;200
20160204 144000;3.93;3.93;3.93;3.93;100
20160204 144700;3.93;3.93;3.93;3.93;100
20160204 145300;3.99;3.99;3.99;3.99;100
20160204 145500;3.93;3.93;3.93;3.93;100
20160204 150200;3.93;3.93;3.93;3.93;100
20160204 150800;3.93;3.93;3.93;3.93;100
20160204 151500;3.92;3.92;3.92;3.92;100
20160204 152000;3.92;3.92;3.92;3.92;100
20160204 152600;3.92;3.93;3.92;3.93;200
20160204 153100;3.95;3.95;3.95;3.95;100
20160204 153600;3.95;3.95;3.95;3.95;100
20160204 154100;3.95;3.95;3.95;3.95;100
20160204 154500;3.95;3.95;3.95;3.95;100
20160204 154900;3.95;3.95;3.95;3.95;100
20160204 155100;3.95;3.95;3.95;3.95;100
20160204 155300;3.95;3.95;3.95;3.95;100
20160204 155400;3.95;3.95;3.95;3.95;100
20160204 155600;3.95;3.95;3.95;3.95;100
20160204 155700;3.95;3.95;3.95;3.95;100
20160204 155800;3.95;3.95;3.95;3.95;100
20160204 155900;3.95;3.95;3.95;3.95;100
20160204 160000;3.95;3.95;3.95;3.95;100
20160205 125600;3.98;3.98;3.98;3.98;100
20160205 133800;3.977;3.977;3.977;3.977;200
20160205 144500;3.98;3.98;3.98;3.98;100
20160205 145700;3.98;3.98;3.98;3.98;100
20160205 151000;3.95;3.95;3.95;3.95;1100
20160205 155200;3.98;3.98;3.98;3.98;100
20160205 155900;3.98;3.98;3.98;3.98;100
20160205 160000;3.95;3.95;3.95;3.95;112
