20160119 093800;7.35;7.355;7.35;7.35;400
20160119 094100;7.355;7.355;7.35;7.35;400
20160119 094500;7.36;7.36;7.36;7.36;100
20160119 095500;7.35;7.3525;7.35;7.3525;2369
20160119 095600;7.35;7.35;7.35;7.35;1597
20160119 100200;7.35;7.35;7.35;7.35;551
20160119 100600;7.35;7.35;7.35;7.35;100
20160119 101000;7.35;7.35;7.35;7.35;403
20160119 101200;7.35;7.35;7.35;7.35;100
20160119 101500;7.35;7.35;7.35;7.35;100
20160119 102100;7.35;7.35;7.35;7.35;100
20160119 102200;7.355;7.355;7.355;7.355;100
20160119 102700;7.355;7.355;7.355;7.355;100
20160119 103500;7.355;7.355;7.355;7.355;100
20160119 105300;7.355;7.355;7.355;7.355;200
20160119 105700;7.35;7.35;7.35;7.35;100
20160119 105900;7.35;7.35;7.35;7.35;100
20160119 112300;7.3501;7.3501;7.35;7.35;300
20160119 112400;7.355;7.357;7.27;7.326;27370
20160119 112600;7.33;7.33;7.33;7.33;100
20160119 113700;7.34;7.34;7.34;7.34;600
20160119 114900;7.34;7.34;7.34;7.34;1183
20160119 120700;7.3444;7.345;7.3444;7.345;1080
20160119 123400;7.35;7.35;7.35;7.35;1000
20160119 130500;7.345;7.345;7.345;7.345;100
20160119 131900;7.345;7.345;7.34;7.34;200
20160119 134400;7.345;7.345;7.345;7.345;100
20160119 140400;7.345;7.345;7.34;7.34;200
20160119 140500;7.35;7.35;7.35;7.35;100
20160119 140800;7.3405;7.341;7.3405;7.341;200
20160119 141400;7.341;7.341;7.34;7.34;200
20160119 141600;7.345;7.345;7.345;7.345;100
20160119 141800;7.345;7.345;7.34;7.34;930
20160119 142100;7.35;7.35;7.35;7.35;100
20160119 142200;7.35;7.35;7.35;7.35;100
20160119 142600;7.34;7.34;7.34;7.34;100
20160119 143400;7.345;7.345;7.34;7.34;200
20160119 143500;7.35;7.35;7.35;7.35;100
20160119 143900;7.35;7.35;7.345;7.345;3223
20160119 144000;7.34;7.34;7.34;7.34;900
20160119 144200;7.34;7.34;7.34;7.34;800
20160119 144300;7.34;7.345;7.34;7.345;2323
20160119 144400;7.35;7.35;7.34;7.35;400
20160119 144600;7.34;7.34;7.34;7.34;700
20160119 144700;7.34;7.34;7.34;7.34;200
20160119 144800;7.35;7.35;7.34;7.34;700
20160119 144900;7.34;7.34;7.315;7.315;3550
20160119 145000;7.3;7.3;7.3;7.3;100
20160119 145100;7.3;7.3;7.3;7.3;100
20160119 145200;7.31;7.32;7.31;7.32;423
20160119 150400;7.32;7.32;7.32;7.32;1050
20160119 150900;7.33;7.33;7.33;7.33;400
20160119 151000;7.32;7.32;7.31;7.31;5100
20160119 151100;7.31;7.31;7.31;7.31;100
20160119 151200;7.31;7.31;7.31;7.31;100
20160119 152600;7.31;7.31;7.3;7.3;2146
20160119 154600;7.3;7.3;7.3;7.3;100
20160119 154900;7.3;7.3;7.3;7.3;100
20160119 155300;7.31;7.31;7.31;7.31;1000
20160119 155900;7.32;7.32;7.32;7.32;210
20160119 160000;7.31;7.31;7.3;7.305;400
20160120 093900;7.2701;7.2701;7.25;7.25;3001
20160120 094000;7.25;7.25;7.25;7.25;700
20160120 094100;7.25;7.25;7.25;7.25;100
20160120 094300;7.25;7.25;7.25;7.25;800
20160120 094500;7.25;7.25;7.25;7.25;200
20160120 095000;7.25;7.2501;7.25;7.2501;1186
20160120 095500;7.25;7.25;7.25;7.25;200
20160120 095900;7.25;7.25;7.25;7.25;100
20160120 100000;7.25;7.25;7.225;7.23;4200
20160120 100500;7.25;7.25;7.25;7.25;600
20160120 100800;7.23;7.23;7.23;7.23;100
20160120 100900;7.237;7.237;7.237;7.237;2000
20160120 101100;7.23;7.23;7.23;7.23;100
20160120 101300;7.22;7.22;7.214;7.214;1132
20160120 101400;7.21;7.2153;7.21;7.2151;1862
20160120 101600;7.21;7.21;7.21;7.21;100
20160120 101800;7.21;7.21;7.21;7.21;100
20160120 102100;7.21;7.212;7.21;7.21;394
20160120 102400;7.21;7.21;7.21;7.21;100
20160120 102700;7.21;7.21;7.21;7.21;100
20160120 102900;7.21;7.21;7.21;7.21;100
20160120 103000;7.21;7.21;7.21;7.21;100
20160120 103900;7.21;7.21;7.21;7.21;132
20160120 104000;7.21;7.21;7.21;7.21;300
20160120 104200;7.21;7.21;7.21;7.21;1307
20160120 104400;7.21;7.2101;7.2;7.2;1734
20160120 104900;7.18;7.19;7.18;7.19;200
20160120 105900;7.1934;7.1934;7.1934;7.1934;1100
20160120 111500;7.19;7.19;7.19;7.19;986
20160120 112800;7.17;7.17;7.17;7.17;100
20160120 113100;7.17;7.17;7.155;7.16;3800
20160120 114900;7.15;7.15;7.15;7.15;100
20160120 120100;7.145;7.145;7.145;7.145;100
20160120 121400;7.15;7.15;7.15;7.15;1523
20160120 121700;7.1599;7.16;7.15;7.15;1100
20160120 121800;7.14;7.14;7.14;7.14;400
20160120 123100;7.14;7.15;7.14;7.15;1900
20160120 125200;7.15;7.15;7.14;7.15;800
20160120 125300;7.14;7.14;7.14;7.14;400
20160120 125400;7.145;7.145;7.145;7.145;100
20160120 125700;7.145;7.15;7.145;7.15;3400
20160120 125800;7.15;7.1599;7.15;7.15;1400
20160120 130500;7.15;7.15;7.145;7.15;300
20160120 130700;7.15;7.16;7.15;7.16;700
20160120 131300;7.16;7.17;7.16;7.17;400
20160120 132400;7.17;7.17;7.17;7.17;900
20160120 132500;7.18;7.18;7.17;7.17;2100
20160120 132700;7.16;7.17;7.16;7.17;400
20160120 132900;7.16;7.16;7.16;7.16;1400
20160120 133000;7.16;7.165;7.16;7.165;1500
20160120 133300;7.16;7.16;7.16;7.16;100
20160120 133500;7.17;7.17;7.17;7.17;800
20160120 133600;7.17;7.17;7.165;7.17;700
20160120 133800;7.17;7.17;7.17;7.17;900
20160120 134000;7.16;7.17;7.15;7.17;3049
20160120 134700;7.17;7.18;7.17;7.18;1800
20160120 135100;7.19;7.19;7.19;7.19;1700
20160120 140500;7.185;7.19;7.185;7.19;500
20160120 140700;7.19;7.19;7.19;7.19;600
20160120 140800;7.19;7.19;7.19;7.19;209
20160120 142100;7.19;7.2;7.19;7.2;2500
20160120 142500;7.1999;7.2;7.1999;7.2;300
20160120 144100;7.195;7.2;7.19;7.2;5263
20160120 144200;7.19;7.19;7.19;7.19;592
20160120 145400;7.185;7.19;7.185;7.19;1700
20160120 145600;7.2;7.2;7.2;7.2;200
20160120 145900;7.205;7.21;7.205;7.21;400
20160120 150400;7.21;7.21;7.2;7.2;1469
20160120 153400;7.22;7.22;7.22;7.22;1000
20160120 153500;7.23;7.23;7.23;7.23;400
20160120 154000;7.22;7.24;7.22;7.2201;1432
20160120 154900;7.2238;7.2238;7.2238;7.2238;800
20160120 155500;7.22;7.22;7.22;7.22;500
20160121 094200;7.23;7.23;7.23;7.23;200
20160121 094400;7.24;7.24;7.24;7.24;200
20160121 094500;7.24;7.24;7.24;7.24;100
20160121 094600;7.24;7.24;7.24;7.24;100
20160121 094800;7.24;7.24;7.24;7.24;200
20160121 094900;7.24;7.24;7.24;7.24;100
20160121 095000;7.2001;7.2001;7.2;7.2;1000
20160121 095100;7.23;7.23;7.23;7.23;100
20160121 095600;7.23;7.23;7.23;7.23;1002
20160121 100400;7.205;7.22;7.205;7.22;2000
20160121 100700;7.22;7.22;7.22;7.22;600
20160121 101300;7.24;7.24;7.24;7.24;600
20160121 102800;7.23;7.23;7.23;7.23;400
20160121 103400;7.24;7.24;7.24;7.24;200
20160121 103800;7.23;7.2332;7.23;7.2332;3570
20160121 104200;7.23;7.231;7.22;7.222;1504
20160121 104800;7.235;7.24;7.235;7.24;401
20160121 105100;7.2499;7.2499;7.2499;7.2499;100
20160121 105300;7.245;7.25;7.245;7.25;700
20160121 110100;7.245;7.245;7.24;7.24;1800
20160121 110600;7.25;7.25;7.25;7.25;206
20160121 110700;7.26;7.26;7.26;7.26;200
20160121 110800;7.26;7.26;7.24;7.24;995
20160121 111000;7.2599;7.26;7.255;7.26;1400
20160121 111100;7.2599;7.2599;7.2599;7.2599;800
20160121 111400;7.26;7.26;7.26;7.26;300
20160121 111500;7.27;7.27;7.27;7.27;400
20160121 112900;7.27;7.27;7.27;7.27;306
20160121 113200;7.27;7.27;7.27;7.27;100
20160121 113400;7.2799;7.28;7.2799;7.2799;1500
20160121 114000;7.28;7.28;7.28;7.28;100
20160121 114100;7.28;7.29;7.28;7.29;600
20160121 114500;7.29;7.29;7.29;7.29;300
20160121 120700;7.31;7.32;7.31;7.32;1495
20160121 120900;7.315;7.315;7.315;7.315;100
20160121 121300;7.32;7.32;7.32;7.32;600
20160121 122000;7.32;7.32;7.32;7.32;1000
20160121 123000;7.34;7.34;7.34;7.34;100
20160121 124300;7.33;7.33;7.33;7.33;2400
20160121 124400;7.33;7.33;7.33;7.33;208
20160121 125200;7.335;7.3399;7.31;7.31;3992
20160121 125300;7.31;7.31;7.3;7.31;574
20160121 125400;7.33;7.33;7.33;7.33;1000
20160121 125500;7.33;7.33;7.33;7.33;200
20160121 125700;7.33;7.33;7.33;7.33;923
20160121 130000;7.32;7.32;7.32;7.32;100
20160121 130700;7.33;7.33;7.33;7.33;905
20160121 134300;7.3;7.3066;7.3;7.3;2100
20160121 135400;7.3;7.3148;7.3;7.3148;2300
20160121 141800;7.31;7.31;7.31;7.31;500
20160121 152800;7.31;7.3101;7.31;7.3101;1939
20160121 152900;7.31;7.31;7.31;7.31;200
20160121 153400;7.31;7.31;7.31;7.31;100
20160121 154000;7.31;7.31;7.31;7.31;100
20160121 154300;7.31;7.31;7.31;7.31;100
20160121 155700;7.315;7.32;7.315;7.32;600
20160122 093800;7.33;7.33;7.33;7.33;509
20160122 101500;7.37;7.3701;7.37;7.37;1550
20160122 102600;7.35;7.35;7.35;7.35;232
20160122 102800;7.36;7.36;7.36;7.36;100
20160122 103800;7.35;7.35;7.35;7.35;500
20160122 103900;7.355;7.355;7.355;7.355;100
20160122 104100;7.35;7.35;7.35;7.35;1000
20160122 104400;7.36;7.36;7.36;7.36;200
20160122 104700;7.36;7.36;7.36;7.36;100
20160122 113900;7.35;7.35;7.35;7.35;300
20160122 121700;7.3549;7.3549;7.3549;7.3549;110
20160122 124600;7.3501;7.3501;7.3501;7.3501;1000
20160122 124900;7.36;7.38;7.36;7.38;1700
20160122 125400;7.38;7.38;7.38;7.38;600
20160122 132200;7.38;7.38;7.38;7.38;100
20160122 135200;7.39;7.39;7.39;7.39;700
20160122 141700;7.39;7.4;7.39;7.4;1600
20160122 141800;7.4;7.4;7.4;7.4;6600
20160122 142100;7.4;7.4;7.39;7.395;500
20160122 142200;7.395;7.395;7.38;7.3833;5035
20160122 142400;7.385;7.385;7.385;7.385;100
20160122 142800;7.385;7.385;7.385;7.385;100
20160122 142900;7.39;7.39;7.39;7.39;900
20160122 143100;7.39;7.39;7.39;7.39;900
20160122 143300;7.38;7.38;7.37;7.37;1700
20160122 143400;7.37;7.37;7.36;7.36;3697
20160122 143600;7.355;7.355;7.355;7.355;100
20160122 143700;7.36;7.36;7.36;7.36;600
20160122 143800;7.36;7.36;7.36;7.36;900
20160122 143900;7.36;7.36;7.36;7.36;160
20160122 144000;7.355;7.355;7.35;7.355;2700
20160122 144100;7.36;7.36;7.36;7.36;1600
20160122 144200;7.36;7.36;7.36;7.36;700
20160122 144400;7.36;7.36;7.36;7.36;200
20160122 144500;7.36;7.36;7.355;7.355;900
20160122 144700;7.36;7.36;7.36;7.36;100
20160122 144800;7.36;7.36;7.36;7.36;220
20160122 144900;7.36;7.36;7.36;7.36;300
20160122 145100;7.36;7.36;7.36;7.36;600
20160122 145200;7.36;7.36;7.36;7.36;300
20160122 145300;7.35;7.35;7.33;7.34;4100
20160122 150100;7.35;7.36;7.35;7.36;1416
20160122 150200;7.35;7.35;7.35;7.35;3050
20160122 150400;7.34;7.34;7.33;7.33;1200
20160122 150800;7.34;7.34;7.34;7.34;100
20160122 150900;7.33;7.33;7.32;7.32;4983
20160122 151300;7.33;7.33;7.33;7.33;100
20160122 151400;7.33;7.33;7.33;7.33;200
20160122 151500;7.31;7.32;7.3;7.32;9820
20160122 151600;7.3;7.3;7.3;7.3;100
20160122 151700;7.3;7.3;7.3;7.3;100
20160122 152000;7.32;7.32;7.315;7.32;9110
20160122 152100;7.314;7.314;7.314;7.314;100
20160122 152400;7.31;7.315;7.31;7.315;5591
20160122 152500;7.32;7.32;7.32;7.32;100
20160122 152700;7.311;7.315;7.31;7.31;8300
20160122 153100;7.32;7.32;7.3008;7.3008;400
20160122 153200;7.31;7.31;7.31;7.31;230
20160122 153300;7.31;7.31;7.305;7.305;700
20160122 153400;7.31;7.31;7.31;7.31;300
20160122 153600;7.301;7.305;7.3;7.305;6100
20160122 153700;7.3;7.305;7.29;7.29;7064
20160122 153800;7.28;7.29;7.28;7.29;7600
20160122 153900;7.295;7.295;7.28;7.29;6400
20160122 154000;7.3;7.31;7.292;7.292;2612
20160122 154100;7.292;7.3;7.29;7.3;2500
20160122 154200;7.3;7.3;7.3;7.3;1100
20160122 154300;7.3;7.3;7.3;7.3;1400
20160122 154400;7.3;7.3;7.3;7.3;1300
20160122 154500;7.3;7.3;7.3;7.3;200
20160122 154600;7.3;7.3;7.3;7.3;700
20160122 154700;7.3;7.3;7.29;7.29;6700
20160122 154800;7.28;7.28;7.28;7.28;2500
20160122 154900;7.29;7.29;7.29;7.29;200
20160122 155000;7.29;7.29;7.29;7.29;100
20160122 155300;7.28;7.31;7.28;7.31;4106
20160122 155400;7.27;7.27;7.26;7.26;20900
20160122 155700;7.29;7.3;7.29;7.29;405
20160122 155800;7.29;7.29;7.29;7.29;1000
20160122 155900;7.29;7.29;7.29;7.29;1000
20160125 095200;7.25;7.25;7.25;7.25;200
20160125 095700;7.25;7.25;7.25;7.25;1100
20160125 102000;7.2724;7.2724;7.2724;7.2724;200
20160125 102100;7.27;7.28;7.27;7.28;400
20160125 102200;7.3;7.3;7.3;7.3;100
20160125 102500;7.29;7.3;7.29;7.3;500
20160125 102800;7.3;7.3;7.3;7.3;100
20160125 103000;7.29;7.29;7.29;7.29;100
20160125 103800;7.29;7.29;7.29;7.29;100
20160125 103900;7.29;7.29;7.26;7.26;900
20160125 104000;7.28;7.28;7.28;7.28;724
20160125 104900;7.3;7.3;7.3;7.3;100
20160125 105200;7.3;7.3;7.3;7.3;200
20160125 105600;7.3;7.3;7.29;7.29;300
20160125 110200;7.3;7.3;7.3;7.3;200
20160125 110300;7.31;7.31;7.31;7.31;847
20160125 110900;7.31;7.31;7.31;7.31;138
20160125 120200;7.31;7.31;7.31;7.31;500
20160125 121900;7.3;7.3;7.3;7.3;100
20160125 122300;7.3;7.3;7.3;7.3;100
20160125 123500;7.3;7.3;7.3;7.3;200
20160125 131500;7.305;7.305;7.3;7.3;731
20160125 134400;7.29;7.29;7.28;7.2801;3700
20160125 134800;7.31;7.31;7.31;7.31;207
20160125 140400;7.28;7.28;7.28;7.28;100
20160125 140900;7.3098;7.3098;7.28;7.28;1129
20160125 142000;7.31;7.31;7.31;7.31;1093
20160125 142200;7.31;7.31;7.31;7.31;200
20160125 142900;7.31;7.31;7.31;7.31;1000
20160125 143700;7.31;7.31;7.31;7.31;1600
20160125 150900;7.31;7.316;7.31;7.31;1732
20160125 151900;7.31;7.31;7.31;7.31;100
20160125 152600;7.3174;7.3174;7.3174;7.3174;500
20160125 152900;7.31;7.3128;7.31;7.3128;200
20160125 154900;7.31;7.3132;7.31;7.3132;1000
20160125 160000;7.31;7.31;7.31;7.31;200
20160126 093500;7.35;7.35;7.35;7.35;100
20160126 093600;7.32;7.32;7.32;7.32;100
20160126 093900;7.33;7.33;7.33;7.33;400
20160126 094200;7.33;7.33;7.33;7.33;188
20160126 094600;7.34;7.34;7.34;7.34;100
20160126 095000;7.34;7.34;7.34;7.34;146
20160126 095100;7.34;7.34;7.34;7.34;100
20160126 095600;7.33;7.33;7.33;7.33;100
20160126 100100;7.339;7.339;7.339;7.339;100
20160126 100200;7.333;7.333;7.333;7.333;726
20160126 100600;7.33;7.33;7.33;7.33;100
20160126 101200;7.3386;7.34;7.3386;7.34;413
20160126 101600;7.33;7.33;7.33;7.33;100
20160126 102100;7.33;7.33;7.33;7.33;100
20160126 102400;7.34;7.34;7.34;7.34;1216
20160126 102500;7.335;7.335;7.32;7.33;3031
20160126 102600;7.32;7.32;7.32;7.32;100
20160126 102900;7.33;7.33;7.3293;7.3293;200
20160126 103000;7.3293;7.3293;7.3293;7.3293;100
20160126 103100;7.33;7.33;7.33;7.33;100
20160126 103200;7.32;7.32;7.32;7.32;100
20160126 103300;7.3293;7.33;7.3293;7.33;300
20160126 103500;7.32;7.32;7.32;7.32;500
20160126 103900;7.3293;7.3293;7.3293;7.3293;100
20160126 105100;7.33;7.33;7.33;7.33;100
20160126 105800;7.33;7.33;7.33;7.33;900
20160126 110200;7.34;7.34;7.34;7.34;100
20160126 110500;7.34;7.34;7.339;7.339;200
20160126 110700;7.33;7.33;7.33;7.33;213
20160126 110800;7.34;7.34;7.34;7.34;100
20160126 112800;7.34;7.34;7.34;7.34;100
20160126 112900;7.34;7.34;7.34;7.34;1200
20160126 113000;7.34;7.34;7.34;7.34;100
20160126 113400;7.35;7.35;7.35;7.35;2000
20160126 114300;7.36;7.36;7.36;7.36;100
20160126 115600;7.36;7.36;7.36;7.36;803
20160126 115700;7.36;7.3628;7.36;7.3628;400
20160126 120100;7.37;7.37;7.37;7.37;100
20160126 121600;7.37;7.37;7.37;7.37;800
20160126 122000;7.38;7.38;7.38;7.38;100
20160126 123900;7.38;7.38;7.38;7.38;100
20160126 124100;7.38;7.38;7.38;7.38;300
20160126 125000;7.39;7.39;7.39;7.39;1000
20160126 125300;7.39;7.39;7.39;7.39;100
20160126 125400;7.4;7.4;7.39;7.39;700
20160126 130000;7.39;7.39;7.39;7.39;300
20160126 131100;7.39;7.39;7.39;7.39;100
20160126 132700;7.395;7.395;7.39;7.39;700
20160126 132800;7.4;7.4;7.4;7.4;100
20160126 133200;7.4;7.4;7.4;7.4;200
20160126 133300;7.4;7.4;7.4;7.4;100
20160126 134300;7.4;7.4;7.4;7.4;200
20160126 135800;7.39;7.3901;7.38;7.38;1734
20160126 140300;7.4;7.4;7.4;7.4;200
20160126 140400;7.4;7.4;7.4;7.4;100
20160126 141300;7.4;7.4;7.4;7.4;100
20160126 142800;7.4;7.4;7.4;7.4;100
20160126 143900;7.399;7.399;7.399;7.399;100
20160126 144300;7.4;7.4;7.4;7.4;100
20160126 145100;7.4;7.4;7.4;7.4;100
20160126 145800;7.4;7.4;7.4;7.4;100
20160126 150200;7.399;7.399;7.399;7.399;100
20160126 150500;7.4;7.4;7.4;7.4;117
20160126 151100;7.399;7.399;7.399;7.399;400
20160126 151300;7.4;7.4;7.4;7.4;100
20160126 151800;7.4;7.4;7.4;7.4;500
20160126 152000;7.4;7.4;7.4;7.4;100
20160126 152700;7.39;7.3931;7.39;7.3931;613
20160127 094200;7.36;7.36;7.36;7.36;100
20160127 094700;7.36;7.36;7.36;7.36;100
20160127 095200;7.36;7.36;7.36;7.36;100
20160127 100100;7.375;7.375;7.375;7.375;100
20160127 100400;7.36;7.37;7.36;7.37;200
20160127 100500;7.37;7.37;7.37;7.37;100
20160127 100600;7.36;7.36;7.36;7.36;100
20160127 100800;7.37;7.37;7.37;7.37;200
20160127 101300;7.36;7.36;7.36;7.36;100
20160127 101400;7.37;7.37;7.37;7.37;100
20160127 101800;7.36;7.36;7.36;7.36;100
20160127 102000;7.36;7.36;7.36;7.36;100
20160127 102200;7.37;7.37;7.37;7.37;100
20160127 102600;7.36;7.36;7.36;7.36;100
20160127 103300;7.37;7.37;7.37;7.37;600
20160127 103400;7.38;7.38;7.37;7.37;980
20160127 103600;7.38;7.38;7.38;7.38;100
20160127 103700;7.3793;7.3793;7.37;7.377;500
20160127 103800;7.38;7.38;7.38;7.38;500
20160127 103900;7.36;7.36;7.36;7.36;100
20160127 104000;7.36;7.36;7.36;7.36;100
20160127 104100;7.36;7.36;7.36;7.36;100
20160127 104200;7.37;7.37;7.36;7.36;200
20160127 104300;7.36;7.38;7.36;7.38;800
20160127 104400;7.36;7.36;7.36;7.36;100
20160127 104500;7.38;7.38;7.38;7.38;100
20160127 104600;7.36;7.37;7.36;7.36;400
20160127 104700;7.375;7.3793;7.375;7.3793;300
20160127 104800;7.3786;7.3786;7.3786;7.3786;100
20160127 104900;7.37;7.38;7.36;7.36;700
20160127 105000;7.37;7.37;7.37;7.37;100
20160127 105100;7.38;7.38;7.38;7.38;800
20160127 105700;7.36;7.36;7.36;7.36;100
20160127 105800;7.36;7.36;7.36;7.36;100
20160127 110100;7.36;7.37;7.36;7.37;200
20160127 110300;7.36;7.36;7.36;7.36;200
20160127 110600;7.36;7.37;7.36;7.37;200
20160127 110900;7.36;7.36;7.36;7.36;100
20160127 111000;7.37;7.37;7.37;7.37;100
20160127 111200;7.36;7.36;7.36;7.36;100
20160127 111400;7.37;7.37;7.37;7.37;200
20160127 111500;7.36;7.36;7.36;7.36;100
20160127 111800;7.36;7.36;7.36;7.36;100
20160127 112000;7.379;7.379;7.37;7.37;300
20160127 112100;7.36;7.36;7.36;7.36;100
20160127 112300;7.38;7.38;7.37;7.37;500
20160127 112400;7.37;7.37;7.37;7.37;400
20160127 112500;7.37;7.37;7.37;7.37;100
20160127 113100;7.37;7.37;7.37;7.37;100
20160127 113300;7.36;7.37;7.36;7.37;200
20160127 113400;7.37;7.37;7.37;7.37;100
20160127 113500;7.3602;7.3602;7.3602;7.3602;500
20160127 113700;7.36;7.37;7.36;7.37;200
20160127 114000;7.3786;7.38;7.37;7.37;1100
20160127 114400;7.37;7.37;7.37;7.37;100
20160127 114700;7.37;7.37;7.37;7.37;100
20160127 114900;7.37;7.37;7.37;7.37;100
20160127 115100;7.37;7.37;7.37;7.37;100
20160127 115300;7.37;7.37;7.37;7.37;100
20160127 115400;7.37;7.37;7.37;7.37;100
20160127 115700;7.38;7.38;7.38;7.38;100
20160127 120000;7.37;7.37;7.37;7.37;2100
20160127 120200;7.37;7.37;7.37;7.37;100
20160127 120500;7.3701;7.375;7.3701;7.375;200
20160127 120600;7.37;7.37;7.37;7.37;100
20160127 120700;7.37;7.37;7.37;7.37;1101
20160127 120800;7.37;7.37;7.36;7.36;5500
20160127 120900;7.365;7.365;7.36;7.36;200
20160127 121300;7.365;7.365;7.365;7.365;100
20160127 121900;7.36;7.36;7.36;7.36;100
20160127 122200;7.37;7.37;7.37;7.37;300
20160127 122300;7.38;7.38;7.38;7.38;200
20160127 122400;7.38;7.38;7.38;7.38;200
20160127 123000;7.39;7.39;7.39;7.39;100
20160127 125400;7.39;7.4;7.39;7.4;914
20160127 130000;7.38;7.38;7.38;7.38;199
20160127 140600;7.38;7.4;7.38;7.38;5000
20160127 140700;7.4;7.4;7.4;7.4;212
20160127 141500;7.39;7.39;7.39;7.39;2120
20160127 142300;7.3815;7.3815;7.3815;7.3815;200
20160127 142400;7.39;7.39;7.3885;7.3885;950
20160127 145800;7.39;7.39;7.39;7.39;800
20160127 151900;7.38;7.38;7.38;7.38;200
20160127 153600;7.38;7.38;7.38;7.38;400
20160127 153700;7.38;7.38;7.37;7.37;900
20160127 153800;7.38;7.38;7.38;7.38;100
20160127 155000;7.3601;7.37;7.36;7.37;300
20160127 155900;7.37;7.37;7.37;7.37;100
20160128 093900;7.3993;7.3993;7.39;7.39;1515
20160128 094200;7.38;7.38;7.38;7.38;100
20160128 094300;7.385;7.385;7.38;7.3825;2236
20160128 094400;7.38;7.38;7.38;7.38;100
20160128 094500;7.38;7.38;7.38;7.38;248
20160128 094600;7.38;7.38;7.38;7.38;100
20160128 094700;7.38;7.38;7.38;7.38;100
20160128 094900;7.38;7.38;7.38;7.38;200
20160128 095000;7.38;7.38;7.38;7.38;100
20160128 095200;7.38;7.38;7.38;7.38;100
20160128 095300;7.38;7.38;7.38;7.38;100
20160128 095500;7.38;7.38;7.38;7.38;100
20160128 095700;7.38;7.3899;7.38;7.38;6300
20160128 095800;7.38;7.38;7.38;7.38;300
20160128 100000;7.3893;7.3893;7.3893;7.3893;200
20160128 100300;7.39;7.39;7.39;7.39;300
20160128 100400;7.385;7.39;7.385;7.39;200
20160128 100500;7.38;7.39;7.38;7.39;400
20160128 100700;7.39;7.41;7.39;7.41;1400
20160128 100800;7.4;7.4;7.4;7.4;100
20160128 101700;7.39;7.39;7.39;7.39;800
20160128 102000;7.39;7.39;7.39;7.39;100
20160128 102200;7.39;7.39;7.39;7.39;100
20160128 102400;7.39;7.39;7.39;7.39;100
20160128 102600;7.39;7.39;7.39;7.39;100
20160128 102800;7.39;7.39;7.39;7.39;100
20160128 103100;7.39;7.39;7.39;7.39;100
20160128 103300;7.39;7.39;7.39;7.39;100
20160128 103500;7.39;7.39;7.39;7.39;100
20160128 103800;7.38;7.38;7.38;7.38;100
20160128 103900;7.38;7.38;7.38;7.38;100
20160128 104100;7.38;7.38;7.38;7.38;100
20160128 104300;7.38;7.38;7.38;7.38;100
20160128 104600;7.385;7.385;7.36;7.36;7382
20160128 104800;7.38;7.38;7.38;7.38;1700
20160128 105600;7.37;7.37;7.37;7.37;100
20160128 110000;7.37;7.37;7.37;7.37;100
20160128 110100;7.37;7.37;7.37;7.37;100
20160128 110200;7.37;7.37;7.37;7.37;100
20160128 110500;7.38;7.38;7.37;7.37;300
20160128 110700;7.38;7.38;7.38;7.38;800
20160128 111800;7.37;7.37;7.37;7.37;100
20160128 112100;7.39;7.39;7.3889;7.39;1237
20160128 112200;7.37;7.37;7.37;7.37;100
20160128 112500;7.37;7.37;7.37;7.37;100
20160128 112800;7.37;7.37;7.37;7.37;837
20160128 112900;7.37;7.37;7.37;7.37;100
20160128 113200;7.37;7.37;7.37;7.37;100
20160128 113600;7.37;7.37;7.37;7.37;200
20160128 114000;7.37;7.37;7.37;7.37;100
20160128 114400;7.37;7.37;7.37;7.37;100
20160128 114600;7.38;7.38;7.38;7.38;200
20160128 114700;7.38;7.39;7.38;7.38;1215
20160128 114800;7.37;7.37;7.37;7.37;100
20160128 115300;7.37;7.37;7.37;7.37;100
20160128 115700;7.37;7.37;7.37;7.37;100
20160128 120200;7.37;7.37;7.37;7.37;100
20160128 120700;7.37;7.37;7.37;7.37;100
20160128 121300;7.37;7.37;7.37;7.37;100
20160128 121500;7.37;7.37;7.37;7.37;2863
20160128 121600;7.37;7.37;7.37;7.37;1788
20160128 122400;7.39;7.39;7.39;7.39;600
20160128 123100;7.39;7.39;7.39;7.39;146
20160128 123200;7.39;7.4;7.39;7.4;646
20160128 123300;7.4;7.4;7.4;7.4;1100
20160128 123400;7.41;7.41;7.41;7.41;200
20160128 123500;7.41;7.41;7.41;7.41;100
20160128 123600;7.41;7.43;7.41;7.43;602
20160128 123700;7.43;7.43;7.43;7.43;600
20160128 130100;7.43;7.43;7.43;7.43;600
20160128 131200;7.43;7.43;7.43;7.43;100
20160128 132000;7.43;7.43;7.43;7.43;600
20160128 134000;7.43;7.43;7.43;7.43;600
20160128 135600;7.43;7.43;7.43;7.43;500
20160128 140000;7.4172;7.4172;7.4172;7.4172;1217
20160128 140300;7.43;7.43;7.43;7.43;800
20160128 141000;7.43;7.43;7.43;7.43;300
20160128 141800;7.43;7.4312;7.43;7.4312;538
20160128 143300;7.43;7.436;7.43;7.436;4100
20160128 144300;7.43;7.431;7.43;7.431;10400
20160128 144800;7.44;7.44;7.44;7.44;150
20160128 154300;7.44;7.44;7.44;7.44;100
20160128 154400;7.44;7.46;7.44;7.46;1378
20160128 154900;7.45;7.45;7.45;7.45;100
20160128 155100;7.45;7.45;7.45;7.45;100
20160129 093200;7.44;7.4699;7.44;7.4699;279
20160129 094100;7.46;7.46;7.4586;7.4586;1000
20160129 094200;7.4599;7.4599;7.45;7.45;400
20160129 095100;7.4501;7.4501;7.45;7.4501;569
20160129 095200;7.4501;7.4593;7.4501;7.4593;1203
20160129 100200;7.453;7.453;7.453;7.453;112
20160129 101100;7.459;7.46;7.459;7.46;1714
20160129 101700;7.48;7.48;7.48;7.48;1000
20160129 101900;7.4799;7.4799;7.4799;7.4799;222
20160129 102000;7.48;7.48;7.48;7.48;100
20160129 102800;7.48;7.48;7.48;7.48;200
20160129 103400;7.48;7.48;7.48;7.48;300
20160129 105500;7.48;7.48;7.475;7.475;800
20160129 105800;7.48;7.48;7.48;7.48;100
20160129 110600;7.4793;7.4793;7.4793;7.4793;100
20160129 111000;7.475;7.475;7.475;7.475;100
20160129 111400;7.4793;7.4793;7.4793;7.4793;100
20160129 111700;7.47;7.47;7.47;7.47;100
20160129 112300;7.4793;7.4793;7.4793;7.4793;100
20160129 113100;7.48;7.48;7.48;7.48;100
20160129 113900;7.4793;7.4793;7.475;7.475;200
20160129 114800;7.4793;7.48;7.475;7.475;700
20160129 115200;7.48;7.48;7.48;7.48;941
20160129 115500;7.475;7.475;7.47;7.475;900
20160129 115600;7.48;7.48;7.48;7.48;100
20160129 120400;7.48;7.48;7.475;7.48;1100
20160129 120500;7.475;7.475;7.475;7.475;100
20160129 120800;7.47;7.475;7.47;7.475;1700
20160129 121300;7.475;7.475;7.475;7.475;200
20160129 121900;7.475;7.475;7.475;7.475;300
20160129 122100;7.475;7.475;7.475;7.475;100
20160129 122500;7.47;7.475;7.47;7.475;3000
20160129 122900;7.4793;7.4793;7.4793;7.4793;100
20160129 123400;7.48;7.48;7.48;7.48;100
20160129 123800;7.48;7.48;7.48;7.48;100
20160129 124000;7.475;7.475;7.475;7.475;400
20160129 124300;7.47;7.47;7.47;7.47;1700
20160129 124600;7.475;7.475;7.475;7.475;100
20160129 124900;7.47;7.47;7.47;7.47;1500
20160129 125100;7.47;7.47;7.47;7.47;100
20160129 125200;7.48;7.48;7.48;7.48;100
20160129 125400;7.475;7.475;7.475;7.475;100
20160129 130000;7.47;7.47;7.47;7.47;1300
20160129 130300;7.475;7.475;7.475;7.475;100
20160129 130500;7.48;7.48;7.48;7.48;108
20160129 130700;7.47;7.47;7.47;7.47;1400
20160129 131100;7.475;7.475;7.475;7.475;100
20160129 131300;7.47;7.47;7.47;7.47;1800
20160129 131400;7.47;7.47;7.47;7.47;100
20160129 132000;7.47;7.47;7.47;7.47;600
20160129 132100;7.46;7.46;7.46;7.46;100
20160129 132300;7.47;7.47;7.47;7.47;100
20160129 132400;7.46;7.47;7.46;7.47;1500
20160129 133000;7.46;7.46;7.46;7.46;1300
20160129 133100;7.47;7.47;7.47;7.47;200
20160129 133600;7.46;7.46;7.46;7.46;1400
20160129 133700;7.47;7.47;7.47;7.47;100
20160129 134000;7.48;7.48;7.48;7.48;100
20160129 134100;7.47;7.47;7.47;7.47;300
20160129 134300;7.46;7.46;7.46;7.46;1600
20160129 134600;7.47;7.47;7.47;7.47;200
20160129 134900;7.46;7.47;7.46;7.47;1400
20160129 135100;7.47;7.47;7.47;7.47;100
20160129 135300;7.47;7.47;7.47;7.47;300
20160129 135400;7.47;7.47;7.47;7.47;300
20160129 135600;7.46;7.47;7.46;7.47;1584
20160129 140000;7.46;7.46;7.46;7.46;1000
20160129 140900;7.48;7.48;7.48;7.48;500
20160129 142900;7.48;7.48;7.48;7.48;500
20160129 143000;7.4614;7.4614;7.4614;7.4614;4300
20160129 143100;7.48;7.48;7.48;7.48;6641
20160129 143300;7.485;7.49;7.48;7.48;600
20160129 143500;7.48;7.48;7.48;7.48;6400
20160129 144900;7.48;7.48;7.48;7.48;100
20160129 145900;7.48;7.48;7.48;7.48;500
20160129 150900;7.47;7.47;7.46;7.46;5300
20160129 151200;7.475;7.475;7.46;7.46;8788
20160129 151800;7.47;7.53;7.47;7.52;9923
20160129 151900;7.5;7.5;7.5;7.5;807
20160129 152400;7.4847;7.4847;7.4847;7.4847;1000
20160129 153100;7.5;7.5;7.5;7.5;500
20160129 153600;7.49;7.49;7.48;7.49;1666
20160129 155900;7.5;7.5;7.5;7.5;261
20160129 160000;7.45;7.5;7.45;7.5;600
20160201 093200;7.47;7.4763;7.47;7.4701;300
20160201 093900;7.46;7.48;7.46;7.48;1772
20160201 094200;7.48;7.48;7.48;7.48;118
20160201 094400;7.46;7.46;7.44;7.44;1680
20160201 094500;7.45;7.46;7.435;7.435;680
20160201 094700;7.435;7.435;7.4201;7.43;700
20160201 094800;7.42;7.42;7.4;7.4;1646
20160201 094900;7.4;7.41;7.4;7.41;1848
20160201 095400;7.43;7.44;7.395;7.395;7826
20160201 095500;7.4;7.4;7.4;7.4;4975
20160201 100100;7.4267;7.44;7.38;7.405;14053
20160201 100300;7.41;7.43;7.385;7.385;5106
20160201 100400;7.385;7.39;7.385;7.39;1000
20160201 100600;7.39;7.39;7.385;7.3899;1400
20160201 101700;7.42;7.42;7.42;7.42;100
20160201 103000;7.42;7.42;7.42;7.42;100
20160201 103200;7.43;7.43;7.43;7.43;100
20160201 103300;7.41;7.4101;7.41;7.4101;1144
20160201 110100;7.4201;7.4201;7.4201;7.4201;335
20160201 110500;7.4285;7.4285;7.4285;7.4285;100
20160201 110600;7.43;7.43;7.43;7.43;100
20160201 111200;7.43;7.43;7.43;7.43;200
20160201 113200;7.43;7.43;7.425;7.425;200
20160201 113500;7.4293;7.4293;7.4293;7.4293;100
20160201 113800;7.43;7.43;7.4299;7.4299;980
20160201 113900;7.43;7.43;7.43;7.43;300
20160201 114000;7.43;7.43;7.43;7.43;100
20160201 114100;7.4292;7.4292;7.4292;7.4292;200
20160201 114300;7.43;7.43;7.43;7.43;400
20160201 114700;7.43;7.43;7.43;7.43;100
20160201 114900;7.43;7.43;7.43;7.43;500
20160201 115000;7.43;7.43;7.43;7.43;300
20160201 115100;7.43;7.43;7.43;7.43;600
20160201 115500;7.43;7.43;7.43;7.43;800
20160201 115600;7.43;7.43;7.43;7.43;200
20160201 115800;7.43;7.43;7.43;7.43;200
20160201 120000;7.43;7.43;7.425;7.43;700
20160201 120200;7.43;7.43;7.43;7.43;300
20160201 120400;7.43;7.43;7.43;7.43;300
20160201 120500;7.4499;7.45;7.4499;7.45;604
20160201 120700;7.4499;7.45;7.4499;7.45;600
20160201 120900;7.4499;7.4499;7.448;7.448;200
20160201 121100;7.4499;7.4499;7.4499;7.4499;100
20160201 121400;7.45;7.45;7.45;7.45;100
20160201 121600;7.45;7.45;7.45;7.45;100
20160201 121800;7.45;7.45;7.45;7.45;100
20160201 122100;7.45;7.45;7.45;7.45;100
20160201 122300;7.45;7.45;7.45;7.45;100
20160201 122400;7.4493;7.4493;7.4493;7.4493;100
20160201 122500;7.45;7.45;7.45;7.45;100
20160201 122800;7.45;7.45;7.45;7.45;100
20160201 122900;7.45;7.45;7.45;7.45;100
20160201 123000;7.4499;7.4499;7.4499;7.4499;100
20160201 123300;7.45;7.45;7.45;7.45;100
20160201 123500;7.45;7.45;7.45;7.45;100
20160201 123700;7.45;7.45;7.45;7.45;100
20160201 123900;7.45;7.45;7.4493;7.4493;600
20160201 124000;7.45;7.45;7.44;7.441;4900
20160201 124100;7.4343;7.4343;7.4343;7.4343;100
20160201 124400;7.4393;7.4393;7.4393;7.4393;200
20160201 124500;7.4393;7.4393;7.4393;7.4393;200
20160201 124600;7.44;7.44;7.44;7.44;100
20160201 124700;7.44;7.44;7.44;7.44;100
20160201 124800;7.4393;7.44;7.4393;7.44;300
20160201 124900;7.4393;7.44;7.4393;7.44;200
20160201 125100;7.4393;7.4393;7.4393;7.4393;100
20160201 125200;7.44;7.44;7.44;7.44;700
20160201 125400;7.44;7.44;7.44;7.44;100
20160201 125600;7.44;7.44;7.44;7.44;100
20160201 125900;7.44;7.44;7.44;7.44;100
20160201 130100;7.44;7.44;7.44;7.44;100
20160201 130300;7.44;7.44;7.44;7.44;100
20160201 130500;7.44;7.44;7.44;7.44;100
20160201 130800;7.44;7.44;7.44;7.44;100
20160201 131000;7.44;7.44;7.435;7.44;300
20160201 131300;7.44;7.44;7.44;7.44;100
20160201 131500;7.44;7.44;7.44;7.44;100
20160201 131800;7.44;7.44;7.44;7.44;100
20160201 132000;7.44;7.44;7.44;7.44;100
20160201 132300;7.44;7.44;7.44;7.44;100
20160201 132500;7.44;7.44;7.44;7.44;800
20160201 133000;7.44;7.44;7.44;7.44;100
20160201 133700;7.4399;7.4399;7.4399;7.4399;712
20160201 134800;7.44;7.44;7.435;7.44;700
20160201 135200;7.43;7.43;7.43;7.43;100
20160201 135500;7.43;7.43;7.43;7.43;100
20160201 135900;7.43;7.43;7.43;7.43;100
20160201 140200;7.43;7.43;7.43;7.43;100
20160201 140600;7.43;7.43;7.43;7.43;100
20160201 140900;7.43;7.44;7.43;7.44;1400
20160201 142600;7.435;7.435;7.43;7.4324;1000
20160201 142700;7.44;7.44;7.44;7.44;125
20160201 143000;7.4302;7.44;7.4302;7.44;2531
20160201 143100;7.44;7.44;7.44;7.44;200
20160201 143500;7.44;7.44;7.44;7.44;1261
20160201 143800;7.44;7.44;7.44;7.44;100
20160201 144500;7.45;7.45;7.45;7.45;100
20160201 144600;7.45;7.45;7.45;7.45;1100
20160201 145500;7.45;7.45;7.45;7.45;300
20160201 150600;7.45;7.45;7.45;7.45;300
20160201 151000;7.445;7.445;7.44;7.44;600
20160201 152000;7.45;7.45;7.45;7.45;300
20160201 153100;7.45;7.45;7.45;7.45;300
20160201 154100;7.45;7.45;7.45;7.45;300
20160201 155100;7.45;7.45;7.45;7.45;100
20160201 155400;7.45;7.45;7.45;7.45;300
20160201 155900;7.45;7.45;7.45;7.45;200
20160202 093700;7.4101;7.4101;7.4101;7.4101;434
20160202 094900;7.41;7.41;7.41;7.41;300
20160202 095200;7.41;7.41;7.41;7.41;200
20160202 095400;7.41;7.41;7.41;7.41;300
20160202 095800;7.415;7.415;7.415;7.415;100
20160202 101400;7.417;7.417;7.417;7.417;100
20160202 101500;7.415;7.415;7.415;7.415;100
20160202 102000;7.415;7.415;7.415;7.415;100
20160202 102400;7.415;7.415;7.415;7.415;600
20160202 103300;7.4168;7.4168;7.4168;7.4168;179
20160202 103400;7.4168;7.4168;7.4168;7.4168;199
20160202 112900;7.4193;7.4193;7.4193;7.4193;800
20160202 113600;7.415;7.415;7.415;7.415;419
20160202 113700;7.415;7.4199;7.415;7.415;1000
20160202 113800;7.42;7.42;7.42;7.42;1000
20160202 114000;7.42;7.42;7.415;7.415;1000
20160202 120000;7.41;7.4101;7.41;7.4101;500
20160202 120100;7.41;7.4101;7.41;7.4101;500
20160202 120300;7.41;7.42;7.41;7.42;400
20160202 133500;7.42;7.42;7.42;7.42;847
20160202 134100;7.42;7.42;7.42;7.42;100
20160202 135300;7.42;7.42;7.42;7.42;400
20160202 140200;7.42;7.42;7.42;7.42;146
20160202 140300;7.42;7.42;7.42;7.42;600
20160202 141400;7.43;7.43;7.43;7.43;400
20160202 150600;7.42;7.42;7.42;7.42;950
20160202 152800;7.4292;7.4292;7.4292;7.4292;400
20160202 154000;7.426;7.426;7.426;7.426;1000
20160202 154900;7.425;7.425;7.425;7.425;100
20160202 160000;7.42;7.42;7.42;7.42;200
20160203 094800;7.4301;7.4301;7.4301;7.4301;447
20160203 095400;7.435;7.435;7.43;7.43;400
20160203 101800;7.4;7.4;7.4;7.4;1200
20160203 103700;7.4001;7.405;7.4;7.4;700
20160203 104200;7.39;7.4;7.39;7.4;1100
20160203 104800;7.4;7.4;7.4;7.4;400
20160203 105700;7.4;7.4;7.4;7.4;146
20160203 105900;7.4;7.4;7.4;7.4;350
20160203 113200;7.4;7.4;7.4;7.4;1850
20160203 121000;7.408;7.408;7.408;7.408;240
20160203 121200;7.4066;7.4066;7.4066;7.4066;222
20160203 131500;7.42;7.42;7.42;7.42;800
20160203 132500;7.43;7.43;7.43;7.43;300
20160203 141300;7.43;7.43;7.43;7.43;100
20160203 141900;7.4239;7.4239;7.4239;7.4239;557
20160203 142100;7.4239;7.4239;7.4239;7.4239;309
20160203 143200;7.43;7.43;7.43;7.43;100
20160203 143400;7.43;7.43;7.42;7.42;500
20160203 144100;7.43;7.43;7.43;7.43;246
20160203 145100;7.43;7.43;7.43;7.43;100
20160203 145800;7.43;7.43;7.43;7.43;146
20160203 151000;7.425;7.425;7.4225;7.4225;4707
20160203 154900;7.43;7.43;7.4299;7.4299;269
20160203 160000;7.42;7.42;7.42;7.42;100
20160204 093900;7.39;7.39;7.39;7.39;100
20160204 094600;7.405;7.405;7.405;7.405;100
20160204 102200;7.41;7.41;7.41;7.41;100
20160204 102600;7.4093;7.41;7.4093;7.41;800
20160204 103200;7.4101;7.4101;7.4101;7.4101;932
20160204 103300;7.42;7.42;7.42;7.42;100
20160204 103600;7.42;7.42;7.41;7.41;200
20160204 104300;7.42;7.42;7.42;7.42;100
20160204 104600;7.415;7.415;7.415;7.415;100
20160204 111100;7.414;7.414;7.414;7.414;400
20160204 111200;7.42;7.42;7.42;7.42;352
20160204 111700;7.41;7.41;7.41;7.41;100
20160204 112000;7.4101;7.4101;7.4101;7.4101;677
20160204 112400;7.41;7.41;7.41;7.41;100
20160204 112500;7.42;7.42;7.42;7.42;204
20160204 112800;7.4111;7.4111;7.4111;7.4111;630
20160204 113000;7.41;7.41;7.41;7.41;100
20160204 113400;7.415;7.415;7.415;7.415;100
20160204 113700;7.41;7.415;7.41;7.415;200
20160204 113800;7.415;7.415;7.415;7.415;100
20160204 114300;7.415;7.415;7.415;7.415;100
20160204 114400;7.415;7.415;7.415;7.415;200
20160204 120400;7.415;7.4193;7.415;7.415;700
20160204 122900;7.42;7.42;7.42;7.42;300
20160204 123400;7.415;7.415;7.415;7.415;100
20160204 125000;7.4124;7.4124;7.4124;7.4124;562
20160204 125700;7.4199;7.4199;7.4199;7.4199;150
20160204 130000;7.4128;7.4128;7.4128;7.4128;1500
20160204 130200;7.4101;7.4101;7.4101;7.4101;1000
20160204 130600;7.4193;7.4193;7.4193;7.4193;400
20160204 140500;7.415;7.415;7.415;7.415;100
20160204 142000;7.4134;7.4134;7.4134;7.4134;1117
20160204 154300;7.415;7.415;7.415;7.415;100
20160204 154500;7.41;7.41;7.41;7.41;200
20160204 154600;7.41;7.41;7.41;7.41;100
20160204 154800;7.4193;7.4193;7.4193;7.4193;1000
20160204 155000;7.41;7.41;7.41;7.41;100
20160204 155100;7.41;7.41;7.41;7.41;100
20160204 155200;7.41;7.41;7.41;7.41;100
20160204 155400;7.41;7.41;7.41;7.41;100
20160204 155700;7.4193;7.4193;7.4193;7.4193;400
20160205 093600;7.39;7.39;7.39;7.39;100
20160205 093700;7.395;7.395;7.395;7.395;100
20160205 095000;7.42;7.42;7.42;7.42;500
20160205 095500;7.42;7.42;7.42;7.42;200
20160205 095800;7.41;7.41;7.41;7.41;100
20160205 095900;7.41;7.41;7.41;7.41;400
20160205 100200;7.4001;7.4001;7.4001;7.4001;200
20160205 101300;7.42;7.42;7.42;7.42;500
20160205 101600;7.41;7.41;7.41;7.41;100
20160205 101800;7.42;7.42;7.41;7.41;300
20160205 102100;7.42;7.42;7.42;7.42;200
20160205 103100;7.41;7.41;7.41;7.41;126
20160205 103800;7.42;7.42;7.42;7.42;100
20160205 104100;7.41;7.41;7.41;7.41;200
20160205 104600;7.42;7.42;7.42;7.42;100
20160205 104800;7.42;7.42;7.42;7.42;100
20160205 105200;7.42;7.42;7.42;7.42;100
20160205 110300;7.41;7.4101;7.41;7.4101;3600
20160205 112600;7.4101;7.4101;7.4101;7.4101;202
20160205 115000;7.4138;7.4138;7.4138;7.4138;920
20160205 115500;7.42;7.42;7.42;7.42;200
20160205 125300;7.42;7.42;7.42;7.42;810
20160205 135300;7.4101;7.4101;7.4101;7.4101;201
20160205 141200;7.42;7.42;7.41;7.41;282
20160205 141300;7.415;7.415;7.41;7.41;4100
20160205 141900;7.41;7.41;7.41;7.41;200
20160205 144600;7.41;7.41;7.41;7.41;200
20160205 145200;7.41;7.417;7.4;7.4;10178
20160205 150500;7.4;7.4;7.4;7.4;100
20160205 150600;7.4;7.4;7.4;7.4;100
20160205 151500;7.4;7.4;7.4;7.4;100
20160205 151800;7.394;7.395;7.394;7.395;1200
20160205 151900;7.4;7.4;7.4;7.4;292
20160205 152000;7.4;7.4;7.4;7.4;683
20160205 152100;7.395;7.4;7.395;7.4;1100
20160205 152200;7.4;7.4;7.4;7.4;146
20160205 152300;7.4;7.4;7.4;7.4;2317
20160205 153900;7.3993;7.3993;7.3993;7.3993;400
20160205 155500;7.4;7.4;7.4;7.4;100
20160205 155700;7.395;7.395;7.39;7.395;500
