20160119 093600;15.89;16.1;15.88;16.09;1800
20160119 093700;16.08;16.08;16.08;16.08;1000
20160119 094000;15.92;15.92;15.92;15.92;100
20160119 094100;15.88;15.88;15.88;15.88;400
20160119 094200;15.88;15.88;15.65;15.65;593
20160119 094500;15.66;15.66;15.66;15.66;100
20160119 095500;15.55;15.63;15.55;15.55;400
20160119 101000;15.72;15.72;15.72;15.72;100
20160119 101100;15.72;15.72;15.72;15.72;200
20160119 103100;15.6;15.6;15.6;15.6;100
20160119 103500;15.63;15.63;15.63;15.63;200
20160119 104700;15.59;15.59;15.59;15.59;200
20160119 105000;15.59;15.59;15.59;15.59;100
20160119 105200;15.59;15.59;15.56;15.56;200
20160119 105300;15.56;15.56;15.56;15.56;500
20160119 110700;15.39;15.39;15.39;15.39;100
20160119 111300;15.305;15.305;15.305;15.305;200
20160119 112000;15.26;15.26;15.26;15.26;100
20160119 112700;15.22;15.3;15.22;15.3;400
20160119 113000;15.24;15.24;15.24;15.24;100
20160119 113800;15.355;15.355;15.355;15.355;100
20160119 114100;15.32;15.32;15.32;15.32;100
20160119 114400;15.3;15.3;15.3;15.3;100
20160119 115500;15.2;15.21;15.2;15.21;200
20160119 115600;15.2;15.2;15.2;15.2;100
20160119 115700;15.21;15.21;15.21;15.21;200
20160119 120200;15.181;15.1842;15.18;15.18;500
20160119 120800;15.28;15.33;15.27;15.33;400
20160119 121000;15.31;15.31;15.31;15.31;300
20160119 121700;15.32;15.32;15.32;15.32;100
20160119 124800;15.25;15.25;15.25;15.25;200
20160119 130000;15.24;15.24;15.24;15.24;100
20160119 130100;15.22;15.22;15.22;15.22;200
20160119 131200;15.1;15.1;15.1;15.1;100
20160119 131300;15.1;15.1;15.1;15.1;500
20160119 131400;15.02;15.02;15;15;2800
20160119 131500;15;15;15;15;1000
20160119 131800;15;15;15;15;100
20160119 132000;15.13;15.13;15.13;15.13;100
20160119 132100;15.2;15.2;15.2;15.2;100
20160119 132300;15.18;15.18;15.18;15.18;100
20160119 132500;15.2;15.2;15.2;15.2;100
20160119 132600;15.08;15.08;15.08;15.08;100
20160119 132700;15.06;15.14;15.06;15.13;300
20160119 133000;15.06;15.1;15.06;15.1;400
20160119 133300;15.09;15.09;15.09;15.09;100
20160119 133600;15.08;15.08;15.08;15.08;200
20160119 134000;15.06;15.08;15.06;15.08;300
20160119 134100;15.065;15.065;15.04;15.04;200
20160119 134400;15.06;15.06;15.06;15.06;200
20160119 134500;15.09;15.09;15.09;15.09;100
20160119 134800;15.11;15.11;15.11;15.11;100
20160119 135000;15.1;15.115;15.04;15.04;900
20160119 135100;15.04;15.04;15.04;15.04;100
20160119 135300;15.08;15.08;15.08;15.08;100
20160119 135500;15.07;15.07;15.07;15.07;300
20160119 135700;15.07;15.07;15.07;15.07;100
20160119 140000;15.07;15.07;15.07;15.07;100
20160119 140300;15.08;15.09;15.07;15.08;900
20160119 140500;15.07;15.07;15.07;15.07;100
20160119 140900;15.06;15.07;15.02;15.02;500
20160119 141100;15.06;15.06;15.06;15.06;100
20160119 141200;14.98;14.98;14.93;14.97;400
20160119 141400;14.96;14.96;14.96;14.96;200
20160119 141800;14.96;14.96;14.96;14.96;100
20160119 142000;14.98;14.98;14.97;14.97;200
20160119 142100;14.97;14.97;14.97;14.97;200
20160119 142300;15.0299;15.0299;15.0299;15.0299;150
20160119 142400;15.0065;15.0065;15.0065;15.0065;200
20160119 142600;15.02;15.02;15.02;15.02;100
20160119 142700;15.03;15.03;15.03;15.03;100
20160119 143000;15.12;15.12;15.12;15.12;100
20160119 143200;15.13;15.13;15.13;15.13;100
20160119 143300;15.17;15.17;15.17;15.17;100
20160119 143500;15.2;15.2;15.17;15.18;700
20160119 143600;15.18;15.18;15.16;15.16;700
20160119 143700;15.16;15.16;15.16;15.16;100
20160119 143800;15.17;15.17;15.17;15.17;100
20160119 143900;15.14;15.14;15.14;15.14;100
20160119 144000;15.15;15.15;15.15;15.15;100
20160119 144400;15.1;15.1;15.1;15.1;100
20160119 144500;15.14;15.14;15.04;15.04;200
20160119 145100;15.11;15.11;15.11;15.11;300
20160119 145200;15.11;15.11;14.98;14.98;1100
20160119 145400;14.98;14.98;14.98;14.98;100
20160119 150200;15.02;15.04;15.02;15.04;400
20160119 150300;15.06;15.06;15.06;15.06;100
20160119 150600;15.1;15.23;15.1;15.23;500
20160119 150700;15.17;15.19;15.15;15.15;800
20160119 150800;15.125;15.125;15.125;15.125;100
20160119 151000;15.12;15.18;15.12;15.18;200
20160119 151500;15.25;15.25;15.25;15.25;600
20160119 151600;15.25;15.25;15.23;15.23;500
20160119 152100;15.23;15.24;15.23;15.24;300
20160119 152200;15.2401;15.25;15.2401;15.25;400
20160119 152300;15.25;15.25;15.25;15.25;200
20160119 152400;15.29;15.3;15.29;15.3;200
20160119 152700;15.37;15.43;15.37;15.43;300
20160119 153100;15.51;15.51;15.36;15.38;2200
20160119 153500;15.43;15.43;15.43;15.43;500
20160119 154000;15.49;15.49;15.39;15.47;1356
20160119 154100;15.37;15.37;15.37;15.37;100
20160119 154500;15.49;15.49;15.49;15.49;100
20160119 154800;15.52;15.52;15.52;15.52;100
20160119 154900;15.6;15.6;15.6;15.6;200
20160119 155000;15.59;15.59;15.32;15.32;700
20160119 155100;15.34;15.4;15.34;15.4;500
20160119 155300;15.52;15.52;15.42;15.42;300
20160119 155400;15.45;15.45;15.45;15.45;300
20160119 155500;15.44;15.44;15.43;15.43;500
20160119 155600;15.43;15.43;15.35;15.35;200
20160119 155700;15.46;15.46;15.46;15.46;100
20160119 155800;15.45;15.45;15.42;15.42;300
20160119 155900;15.42;15.43;15.42;15.43;1159
20160119 160000;15.39;15.58;15.36;15.39;8448
20160119 160100;15.39;15.39;15.39;15.39;127
20160119 162000;15.39;15.39;15.39;15.39;318
20160119 162800;15.39;15.39;15.39;15.39;87
20160120 094300;14.62;14.62;14.62;14.62;100
20160120 095900;14.9;14.9;14.9;14.9;200
20160120 100300;14.99;14.99;14.99;14.99;200
20160120 101100;14.91;14.91;14.91;14.91;100
20160120 101300;14.91;14.91;14.91;14.91;100
20160120 101700;14.7491;14.9;14.7491;14.9;600
20160120 102600;14.99;14.99;14.99;14.99;100
20160120 103000;14.97;14.97;14.97;14.97;100
20160120 103900;14.74;14.75;14.74;14.74;800
20160120 104000;14.8;14.8;14.8;14.8;100
20160120 104500;14.69;14.69;14.64;14.64;200
20160120 104600;14.55;14.55;14.55;14.55;500
20160120 104900;14.65;14.65;14.65;14.65;200
20160120 105100;14.64;14.64;14.528;14.528;517
20160120 105200;14.5;14.5;14.5;14.5;600
20160120 105300;14.5;14.5;14.5;14.5;100
20160120 105500;14.36;14.37;14.36;14.3615;1454
20160120 105800;14.4;14.4;14.39;14.39;300
20160120 105900;14.26;14.26;14.26;14.26;100
20160120 110600;14.37;14.37;14.37;14.37;100
20160120 110700;14.32;14.36;14.32;14.36;200
20160120 110800;14.41;14.41;14.41;14.41;100
20160120 111100;14.42;14.42;14.42;14.42;700
20160120 111200;14.42;14.55;14.42;14.55;1700
20160120 111400;14.53;14.53;14.53;14.53;700
20160120 111500;14.57;14.7;14.57;14.67;2900
20160120 112300;14.69;14.69;14.69;14.69;100
20160120 112500;14.63;14.63;14.63;14.63;200
20160120 113000;14.63;14.63;14.63;14.63;100
20160120 113300;14.75;14.75;14.75;14.75;381
20160120 113600;14.76;14.76;14.76;14.76;100
20160120 113900;14.73;14.73;14.715;14.715;200
20160120 114300;14.71;14.71;14.71;14.71;100
20160120 114800;14.7;14.7;14.7;14.7;100
20160120 115900;14.62;14.62;14.62;14.62;100
20160120 120200;14.68;14.68;14.68;14.68;100
20160120 121800;14.57;14.57;14.57;14.57;100
20160120 122600;14.61;14.61;14.61;14.61;100
20160120 124300;14.565;14.66;14.45;14.565;5982
20160120 124500;14.62;14.62;14.62;14.62;100
20160120 124600;14.55;14.55;14.55;14.55;5600
20160120 125000;14.62;14.79;14.62;14.79;200
20160120 125500;14.69;14.76;14.69;14.76;200
20160120 130200;14.83;14.83;14.83;14.83;400
20160120 130400;14.8;14.8;14.8;14.8;100
20160120 130500;14.8;14.81;14.8;14.81;500
20160120 130600;14.94;14.94;14.94;14.94;100
20160120 131000;15.03;15.03;15.03;15.03;100
20160120 131700;14.94;14.94;14.94;14.94;100
20160120 132000;14.99;14.99;14.99;14.99;100
20160120 132600;15.12;15.12;15.12;15.12;100
20160120 133700;15.23;15.25;15.23;15.25;1000
20160120 133800;15.25;15.25;15.24;15.24;200
20160120 133900;15.25;15.315;15.245;15.315;2203
20160120 135200;15.39;15.39;15.365;15.39;1500
20160120 135300;15.35;15.35;15.35;15.35;100
20160120 135500;15.36;15.36;15.36;15.36;100
20160120 135700;15.44;15.45;15.44;15.45;300
20160120 140100;15.49;15.49;15.49;15.49;300
20160120 141300;15.55;15.55;15.55;15.55;100
20160120 141700;15.54;15.565;15.54;15.565;200
20160120 142300;15.53;15.53;15.53;15.53;100
20160120 142500;15.57;15.57;15.57;15.57;200
20160120 142600;15.57;15.58;15.57;15.57;400
20160120 143800;15.46;15.46;15.46;15.46;300
20160120 144100;15.43;15.43;15.43;15.43;100
20160120 144500;15.37;15.37;15.34;15.34;500
20160120 151000;15.4;15.4;15.4;15.4;100
20160120 151800;15.71;15.72;15.71;15.72;200
20160120 152300;15.67;15.67;15.66;15.66;300
20160120 154400;15.68;15.68;15.68;15.68;100
20160120 154600;15.67;15.67;15.67;15.67;313
20160120 154900;15.46;15.46;15.46;15.46;100
20160120 155100;15.49;15.49;15.49;15.49;100
20160120 155900;15.57;15.64;15.57;15.57;500
20160120 160000;15.7;15.81;15.7;15.7;2108
20160121 093900;16.201;16.22;16.201;16.22;200
20160121 094400;15.8;15.93;15.76;15.76;700
20160121 094500;15.75;15.75;15.63;15.63;1200
20160121 094700;15.58;15.58;15.58;15.58;100
20160121 095100;15.71;15.71;15.71;15.71;100
20160121 100700;16.16;16.16;16.16;16.16;720
20160121 101100;16.355;16.5465;16.355;16.48;8800
20160121 101200;16.4;16.4;16.4;16.4;400
20160121 101500;16.5415;16.625;16.5401;16.5401;1300
20160121 101600;16.62;16.62;16.55;16.55;2000
20160121 101700;16.61;16.61;16.61;16.61;100
20160121 102200;16.6;16.6;16.6;16.6;300
20160121 102300;16.6;16.6;16.5;16.5;400
20160121 103000;16.31;16.31;16.31;16.31;100
20160121 103500;16.47;16.5;16.47;16.5;1346
20160121 103600;16.5;16.5;16.5;16.5;291
20160121 103700;16.48;16.48;16.47;16.47;500
20160121 105700;16.36;16.36;16.36;16.36;100
20160121 110900;16.48;16.49;16.48;16.49;200
20160121 111000;16.49;16.49;16.49;16.49;100
20160121 111100;16.49;16.49;16.49;16.49;100
20160121 111600;16.48;16.48;16.42;16.42;1000
20160121 112000;16.39;16.39;16.39;16.39;400
20160121 112900;16.28;16.28;16.27;16.27;500
20160121 113200;16.04;16.04;16.04;16.04;100
20160121 113900;16.25;16.25;16.25;16.25;100
20160121 114600;16.3;16.3;16.3;16.3;400
20160121 115000;16.33;16.33;16.33;16.33;100
20160121 115800;16.3;16.3;16.3;16.3;100
20160121 121300;16.4;16.4;16.4;16.4;100
20160121 121400;16.4;16.4;16.4;16.4;220
20160121 122600;16.3699;16.3699;16.3699;16.3699;300
20160121 122800;16.37;16.37;16.37;16.37;100
20160121 123200;16.35;16.35;16.35;16.35;100
20160121 125300;16.36;16.36;16.36;16.36;200
20160121 125700;16.39;16.39;16.39;16.39;100
20160121 130300;16.38;16.38;16.38;16.38;100
20160121 130400;16.39;16.39;16.39;16.39;100
20160121 130500;16.39;16.39;16.39;16.39;200
20160121 130600;16.39;16.39;16.39;16.39;200
20160121 130800;16.35;16.35;16.35;16.35;100
20160121 131500;16.365;16.365;16.3;16.3;500
20160121 132200;16.25;16.25;16.25;16.25;100
20160121 132400;16.07;16.07;16.0501;16.0501;200
20160121 135900;16;16;16;16;100
20160121 140800;15.94;15.9499;15.86;15.86;512
20160121 140900;15.83;15.83;15.83;15.83;100
20160121 141400;15.84;15.84;15.82;15.82;300
20160121 142200;16.02;16.02;16.02;16.02;100
20160121 144000;16.11;16.11;16.11;16.11;200
20160121 144100;16.16;16.16;16.16;16.16;100
20160121 144500;16.06;16.06;16.04;16.05;400
20160121 145200;16;16;16;16;100
20160121 150000;16.16;16.16;16.04;16.04;200
20160121 150600;16.05;16.05;16.05;16.05;200
20160121 150700;16.1;16.1;15.99;15.99;400
20160121 151900;16.07;16.07;16.07;16.07;100
20160121 152300;16;16;15.99;15.99;200
20160121 152400;15.9801;16.01;15.98;15.98;300
20160121 152700;15.99;16.03;15.99;16.03;300
20160121 153500;16.09;16.09;16.09;16.09;100
20160121 153800;16.13;16.13;16.13;16.13;100
20160121 154300;16.08;16.08;16.08;16.08;100
20160121 154900;16.02;16.02;16.02;16.02;300
20160121 155000;16.05;16.05;16.05;16.05;300
20160121 155400;16.03;16.03;16.03;16.03;227
20160121 155600;16;16;16;16;100
20160121 155700;15.98;16.07;15.98;16.07;1486
20160121 160000;16.05;16.05;15.99;15.99;2736
20160121 161100;15.99;15.99;15.99;15.99;10
20160121 162700;15.99;15.99;15.99;15.99;124
20160121 162900;15.9881;15.9881;15.9881;15.9881;247
20160122 093300;16.78;16.7999;16.78;16.7999;400
20160122 093400;16.8;17.43;16.8;17.43;1200
20160122 093600;17;17.2;16.79;16.9699;1984
20160122 094000;16.45;16.45;16.45;16.45;100
20160122 094100;16.54;16.54;16.54;16.54;100
20160122 094200;16.18;16.18;16.18;16.18;100
20160122 094300;16.18;16.18;16.18;16.18;300
20160122 094600;16.314;16.321;16.18;16.27;5534
20160122 094700;16.115;16.115;16.09;16.09;200
20160122 095800;16.29;16.31;16.29;16.31;400
20160122 100600;16.4;16.4;16.4;16.4;100
20160122 100800;16.44;16.44;16.44;16.44;100
20160122 101100;16.505;16.56;16.46;16.46;300
20160122 101200;16.46;16.46;16.46;16.46;100
20160122 101300;16.495;16.495;16.495;16.495;200
20160122 102100;16.45;16.48;16.45;16.45;600
20160122 103200;16.41;16.41;16.41;16.41;100
20160122 104100;16.34;16.4;16.255;16.35;605
20160122 104700;16.32;16.32;16.32;16.32;100
20160122 105000;16.34;16.34;16.34;16.34;200
20160122 110100;16.31;16.36;16.31;16.36;1025
20160122 110600;16.28;16.28;16.14;16.27;1000
20160122 111600;16.21;16.21;16.21;16.21;200
20160122 112300;16.26;16.26;16.26;16.26;300
20160122 112400;16.26;16.26;16.26;16.26;100
20160122 113100;16.22;16.22;16.22;16.22;100
20160122 114000;16.275;16.275;16.275;16.275;175
20160122 114800;16.22;16.23;16.22;16.23;300
20160122 115300;16.21;16.21;16.21;16.21;200
20160122 121100;16.201;16.25;16.201;16.25;200
20160122 121500;16.17;16.17;16.17;16.17;100
20160122 121600;16.18;16.18;16.18;16.18;100
20160122 122200;16.17;16.17;16.17;16.17;100
20160122 122300;16.22;16.22;16.22;16.22;100
20160122 123100;16.211;16.211;16.211;16.211;308
20160122 123800;16.28;16.28;16.25;16.25;200
20160122 124000;16.26;16.34;16.25;16.34;500
20160122 124100;16.34;16.34;16.28;16.28;648
20160122 124200;16.28;16.28;16.28;16.28;300
20160122 124300;16.28;16.28;16.28;16.28;200
20160122 130700;16.19;16.19;16.19;16.19;100
20160122 131100;16.05;16.05;16.05;16.05;100
20160122 132700;16.11;16.11;16.11;16.11;100
20160122 134400;16.19;16.19;16.19;16.19;100
20160122 134600;16.18;16.18;16.17;16.17;200
20160122 135900;16.19;16.19;16.17;16.17;300
20160122 140800;16.18;16.19;16.18;16.19;200
20160122 140900;16.18;16.18;16.18;16.18;200
20160122 141000;16.17;16.17;16.17;16.17;200
20160122 141200;16.15;16.15;16.15;16.15;100
20160122 141500;16.25;16.25;16.25;16.25;200
20160122 144100;16.19;16.19;16.19;16.19;200
20160122 144400;16.1;16.1;16.1;16.1;100
20160122 144800;16.19;16.19;16.19;16.19;100
20160122 145500;16.23;16.23;16.23;16.23;100
20160122 150200;16.29;16.29;16.29;16.29;200
20160122 150500;16.29;16.29;15.99;16.05;3400
20160122 150600;15.96;16;15.96;15.97;900
20160122 152400;15.89;15.89;15.89;15.89;100
20160122 152700;15.89;15.89;15.89;15.89;100
20160122 152800;15.9;15.9;15.9;15.9;214
20160122 153200;15.72;15.72;15.72;15.72;100
20160122 153900;15.78;15.78;15.78;15.78;100
20160122 154100;15.74;15.74;15.74;15.74;100
20160122 154500;15.71;15.71;15.71;15.71;100
20160122 154700;15.71;15.75;15.71;15.75;1000
20160122 154800;15.89;15.9;15.76;15.83;800
20160122 154900;15.765;15.89;15.765;15.89;400
20160122 155000;15.83;15.83;15.83;15.83;100
20160122 155300;15.8;15.8;15.76;15.79;1575
20160122 155800;15.84;15.84;15.84;15.84;100
20160122 155900;15.88;15.88;15.88;15.88;200
20160122 160000;15.87;15.9;15.78;15.78;950
20160122 162600;15.78;15.78;15.78;15.78;120
20160125 094500;16.98;16.98;16.98;16.98;100
20160125 094800;16;16;15.97;15.99;1000
20160125 094900;16;16;15.98;15.98;1000
20160125 095000;16;16;16;16;300
20160125 095100;16;16;16;16;300
20160125 095200;15.99;15.99;15.99;15.99;100
20160125 095300;15.99;15.99;15.99;15.99;100
20160125 095600;16;16;16;16;100
20160125 095800;15.985;15.985;15.9801;15.9801;200
20160125 100000;15.985;16.085;15.98;15.995;3200
20160125 100100;16;16;15.99;15.99;700
20160125 100600;15.88;15.88;15.88;15.88;1000
20160125 101600;15.75;15.785;15.75;15.7501;300
20160125 102100;15.8798;15.8798;15.875;15.875;350
20160125 102200;15.875;15.875;15.875;15.875;100
20160125 102500;15.86;15.86;15.86;15.86;100
20160125 102600;15.91;15.91;15.91;15.91;100
20160125 102800;15.915;15.915;15.915;15.915;100
20160125 103300;15.88;15.88;15.88;15.88;100
20160125 103400;15.9;15.9;15.9;15.9;200
20160125 103500;15.87;15.87;15.87;15.87;300
20160125 103600;15.88;15.88;15.88;15.88;100
20160125 103700;15.84;15.84;15.84;15.84;100
20160125 104500;15.83;15.83;15.83;15.83;100
20160125 104600;15.865;15.865;15.8301;15.85;300
20160125 104700;15.9;15.9;15.9;15.9;200
20160125 105000;15.89;15.89;15.87;15.87;900
20160125 105200;15.87;15.87;15.87;15.87;100
20160125 105300;15.895;15.895;15.87;15.87;200
20160125 105400;15.82;15.82;15.82;15.82;100
20160125 105500;15.82;15.82;15.82;15.82;100
20160125 105600;15.85;15.85;15.85;15.85;200
20160125 110500;15.84;15.84;15.84;15.84;100
20160125 110700;15.85;15.85;15.85;15.85;200
20160125 110800;15.91;15.91;15.91;15.91;100
20160125 111400;15.86;15.86;15.86;15.86;500
20160125 112000;15.8;15.8;15.8;15.8;100
20160125 112200;15.85;15.85;15.85;15.85;100
20160125 113000;15.86;15.86;15.82;15.82;200
20160125 113100;15.86;15.86;15.86;15.86;100
20160125 113300;15.82;15.82;15.82;15.82;100
20160125 113700;15.855;15.855;15.855;15.855;100
20160125 113800;15.82;15.82;15.8;15.8;300
20160125 114000;15.77;15.77;15.77;15.77;100
20160125 115500;15.72;15.72;15.72;15.72;100
20160125 115800;15.7985;15.799;15.752;15.7985;1000
20160125 120100;15.715;15.715;15.715;15.715;100
20160125 120300;15.7;15.7;15.68;15.68;200
20160125 120400;15.68;15.68;15.68;15.68;100
20160125 120700;15.665;15.665;15.665;15.665;100
20160125 121000;15.63;15.63;15.63;15.63;100
20160125 122200;15.58;15.58;15.51;15.51;618
20160125 122300;15.51;15.555;15.5;15.5;1600
20160125 122400;15.51;15.51;15.5;15.5;1170
20160125 122500;15.5;15.5;15.5;15.5;1000
20160125 122600;15.5;15.51;15.44;15.44;2688
20160125 122900;15.36;15.36;15.36;15.36;100
20160125 123500;15.35;15.35;15.35;15.35;100
20160125 123700;15.36;15.39;15.36;15.39;500
20160125 124000;15.36;15.36;15.36;15.36;100
20160125 124800;15.35;15.35;15.35;15.35;200
20160125 124900;15.36;15.36;15.36;15.36;100
20160125 125300;15.425;15.425;15.425;15.425;100
20160125 125500;15.37;15.37;15.37;15.37;100
20160125 130600;15.38;15.38;15.36;15.36;200
20160125 130700;15.36;15.48;15.36;15.38;8700
20160125 130800;15.45;15.5;15.45;15.47;2664
20160125 130900;15.49;15.49;15.45;15.45;7364
20160125 131000;15.45;15.45;15.34;15.34;600
20160125 131700;15.34;15.34;15.17;15.17;557
20160125 132200;15.225;15.225;15.225;15.225;100
20160125 132300;15.33;15.33;15.33;15.33;100
20160125 132700;15.25;15.25;15.25;15.25;100
20160125 133000;15.31;15.35;15.31;15.35;600
20160125 133100;15.4;15.43;15.4;15.42;1500
20160125 133700;15.29;15.34;15.29;15.34;200
20160125 134700;15.35;15.35;15.34;15.34;300
20160125 135000;15.32;15.32;15.32;15.32;100
20160125 135100;15.32;15.32;15.32;15.32;100
20160125 135500;15.35;15.35;15.35;15.35;100
20160125 135600;15.34;15.34;15.27;15.27;700
20160125 140200;15.2;15.2;15.2;15.2;2957
20160125 140700;15.17;15.17;15.17;15.17;100
20160125 140800;15.18;15.18;15.18;15.18;400
20160125 141800;15.12;15.12;15.12;15.12;100
20160125 142100;15.1;15.1;15.1;15.1;100
20160125 142200;15.14;15.14;15.14;15.14;100
20160125 142800;15.14;15.14;15.14;15.14;200
20160125 143000;15.1;15.1;15.1;15.1;100
20160125 143700;15.125;15.125;15.06;15.06;700
20160125 144500;15.1;15.1;15.05;15.05;200
20160125 145000;15.06;15.06;15.06;15.06;100
20160125 145500;15.11;15.11;15.11;15.11;100
20160125 150600;15.28;15.3;15.28;15.3;500
20160125 151000;15.15;15.15;15.15;15.15;100
20160125 152000;15.12;15.12;15.12;15.12;100
20160125 152100;15.13;15.13;15.13;15.13;100
20160125 152200;15.13;15.13;15.13;15.13;100
20160125 153000;15.1;15.21;15.1;15.14;991
20160125 153300;15.2;15.2;15.2;15.2;400
20160125 153600;15.195;15.195;15.195;15.195;100
20160125 154300;15.26;15.26;15.26;15.26;100
20160125 154600;15.14;15.16;15.14;15.16;200
20160125 154800;15.19;15.19;15.15;15.15;200
20160125 154900;15.14;15.14;14.78;14.78;5550
20160125 155000;14.89;14.93;14.89;14.93;400
20160125 155200;15.01;15.01;15.01;15.01;200
20160125 155500;15.06;15.12;15.06;15.06;600
20160125 155900;15.04;15.12;15.03;15.03;700
20160125 160000;15.01;15.13;15;15.13;1983
20160125 163200;15.13;15.13;15.13;15.13;49
20160126 093400;14.84;14.84;14.83;14.83;300
20160126 094000;14.86;14.86;14.86;14.86;300
20160126 094100;14.86;14.86;14.8;14.8;1100
20160126 094200;14.81;14.81;14.8;14.8;300
20160126 094300;14.8;14.8;14.8;14.8;100
20160126 095100;14.8;14.8;14.8;14.8;400
20160126 095200;14.8;14.8;14.8;14.8;1000
20160126 095300;14.8;14.8;14.8;14.8;800
20160126 095400;14.8;14.8;14.76;14.76;905
20160126 095500;14.71;14.71;14.69;14.69;200
20160126 095700;14.69;14.69;14.69;14.69;200
20160126 095800;14.68;14.68;14.68;14.68;100
20160126 100100;14.71;14.71;14.71;14.71;100
20160126 100600;14.95;15.22;14.95;15.22;500
20160126 100900;15.125;15.125;15.02;15.055;1600
20160126 101000;15.14;15.14;15.0692;15.0692;400
20160126 102400;14.94;15;14.94;15;300
20160126 103100;15.01;15.01;15.01;15.01;200
20160126 103800;15.15;15.15;15.15;15.15;100
20160126 103900;15.15;15.15;15.15;15.15;400
20160126 104600;15.2;15.2;15.2;15.2;100
20160126 105300;15.19;15.19;15.19;15.19;300
20160126 105800;15.24;15.24;15.24;15.24;100
20160126 105900;15.21;15.21;15.18;15.18;739
20160126 110600;15.1016;15.12;15.1016;15.1101;700
20160126 111300;15.19;15.19;15.19;15.19;100
20160126 111400;15.17;15.17;15.17;15.17;100
20160126 111500;15.16;15.16;15.16;15.16;100
20160126 111900;15.35;15.35;15.35;15.35;100
20160126 112000;15.27;15.27;15.24;15.2499;300
20160126 112100;15.25;15.25;15.25;15.25;100
20160126 112600;15.26;15.26;15.26;15.26;100
20160126 113200;15.38;15.38;15.38;15.38;100
20160126 113400;15.37;15.37;15.37;15.37;100
20160126 113900;15.29;15.29;15.29;15.29;100
20160126 114400;15.47;15.47;15.4;15.4;1000
20160126 114700;15.45;15.45;15.45;15.45;300
20160126 120100;15.44;15.44;15.44;15.44;100
20160126 120800;15.51;15.51;15.51;15.51;100
20160126 120900;15.4225;15.4225;15.4225;15.4225;100
20160126 121100;15.38;15.38;15.38;15.38;100
20160126 121200;15.37;15.37;15.37;15.37;100
20160126 121500;15.35;15.35;15.35;15.35;100
20160126 121700;15.32;15.32;15.32;15.32;100
20160126 122300;15.42;15.42;15.42;15.42;100
20160126 123700;15.53;15.53;15.53;15.53;500
20160126 123800;15.55;15.63;15.55;15.63;900
20160126 123900;15.55;15.55;15.55;15.55;100
20160126 125300;15.73;15.75;15.54;15.54;1100
20160126 125400;15.56;15.56;15.49;15.5;900
20160126 130200;15.42;15.42;15.42;15.42;100
20160126 131800;15.47;15.47;15.43;15.43;200
20160126 132000;15.44;15.44;15.44;15.44;300
20160126 132400;15.5;15.5;15.5;15.5;100
20160126 132600;15.5;15.5;15.5;15.5;100
20160126 133000;15.5;15.5;15.5;15.5;200
20160126 133700;15.45;15.475;15.45;15.475;800
20160126 133800;15.475;15.475;15.475;15.475;100
20160126 134100;15.5;15.5;15.49;15.49;400
20160126 134200;15.49;15.49;15.48;15.48;200
20160126 134300;15.48;15.48;15.4;15.4;260
20160126 135000;15.37;15.38;15.37;15.38;200
20160126 140000;15.4;15.4;15.4;15.4;100
20160126 140900;15.38;15.38;15.38;15.38;100
20160126 141600;15.39;15.39;15.39;15.39;200
20160126 141700;15.39;15.39;15.39;15.39;100
20160126 141800;15.39;15.39;15.39;15.39;100
20160126 145400;15.31;15.31;15.31;15.31;100
20160126 145600;15.345;15.38;15.345;15.38;300
20160126 150100;15.36;15.36;15.335;15.335;600
20160126 150800;15.38;15.38;15.38;15.38;100
20160126 152000;15.38;15.39;15.38;15.39;629
20160126 152100;15.39;15.39;15.39;15.39;100
20160126 152200;15.39;15.39;15.39;15.39;400
20160126 152400;15.55;15.58;15.55;15.58;300
20160126 152700;15.62;15.62;15.62;15.62;100
20160126 152800;15.55;15.55;15.55;15.55;300
20160126 153300;15.6;15.6;15.6;15.6;100
20160126 153600;15.58;15.58;15.56;15.56;400
20160126 154300;15.48;15.48;15.48;15.48;200
20160126 155200;15.49;15.49;15.49;15.49;200
20160126 155300;15.42;15.43;15.32;15.42;1300
20160126 155600;15.38;15.38;15.38;15.38;100
20160126 155700;15.39;15.39;15.36;15.36;200
20160126 155800;15.4;15.4;15.4;15.4;499
20160126 155900;15.4;15.4;15.4;15.4;400
20160126 160000;15.4;15.4;15.4;15.4;1111
20160126 162800;15.4;15.4;15.4;15.4;37
20160127 094900;15.5;15.5;15.5;15.5;100
20160127 095200;15.41;15.41;15.39;15.39;300
20160127 095900;15.61;15.61;15.61;15.61;100
20160127 101200;15.5;15.5;15.5;15.5;100
20160127 101300;15.45;15.45;15.45;15.45;100
20160127 102200;15.42;15.42;15.42;15.42;100
20160127 102500;15.42;15.42;15.42;15.42;100
20160127 102800;15.39;15.39;15.39;15.39;100
20160127 103200;15.27;15.27;15.27;15.27;100
20160127 103400;15.24;15.24;15.24;15.24;200
20160127 104600;15.26;15.29;15.26;15.29;300
20160127 105000;15.42;15.42;15.42;15.42;200
20160127 105100;15.4699;15.47;15.46;15.47;300
20160127 105300;15.5;15.5;15.5;15.5;100
20160127 105500;15.5;15.5;15.5;15.5;100
20160127 105600;15.5;15.5;15.5;15.5;100
20160127 110200;15.51;15.51;15.51;15.51;100
20160127 110300;15.51;15.51;15.51;15.51;200
20160127 110600;15.51;15.51;15.51;15.51;700
20160127 110700;15.545;15.545;15.54;15.54;200
20160127 111100;15.48;15.48;15.48;15.48;500
20160127 111200;15.43;15.43;15.43;15.43;100
20160127 112200;15.42;15.42;15.42;15.42;100
20160127 114000;15.54;15.54;15.54;15.54;100
20160127 114300;15.47;15.47;15.45;15.47;400
20160127 114600;15.52;15.6;15.52;15.6;400
20160127 120000;15.61;15.61;15.57;15.57;500
20160127 121500;15.43;15.43;15.43;15.43;300
20160127 121700;15.62;15.69;15.62;15.69;901
20160127 122100;15.79;15.79;15.79;15.79;100
20160127 123600;15.67;15.67;15.67;15.67;200
20160127 124500;15.64;15.64;15.64;15.64;100
20160127 124800;15.54;15.54;15.53;15.53;460
20160127 125400;15.49;15.49;15.49;15.49;200
20160127 130100;15.55;15.55;15.55;15.55;100
20160127 130500;15.4395;15.4395;15.43;15.43;656
20160127 131200;15.44;15.44;15.44;15.44;100
20160127 133500;15.44;15.44;15.44;15.44;100
20160127 134000;15.48;15.48;15.48;15.48;100
20160127 134100;15.42;15.42;15.42;15.42;100
20160127 134400;15.3;15.3;15.3;15.3;100
20160127 135000;15.35;15.38;15.35;15.38;200
20160127 135200;15.4;15.45;15.4;15.45;800
20160127 135300;15.4;15.4;15.4;15.4;100
20160127 135400;15.35;15.35;15.35;15.35;100
20160127 135500;15.36;15.36;15.35;15.35;200
20160127 135600;15.37;15.44;15.37;15.44;300
20160127 135700;15.43;15.43;15.42;15.42;500
20160127 135800;15.35;15.35;15.35;15.35;100
20160127 135900;15.36;15.36;15.36;15.36;300
20160127 140000;15.42;15.43;15.42;15.43;300
20160127 140100;15.42;15.42;15.41;15.41;300
20160127 140200;15.45;15.45;15.45;15.45;100
20160127 140300;15.38;15.38;15.37;15.37;200
20160127 140700;15.35;15.35;15.35;15.35;400
20160127 140800;15.39;15.39;15.38;15.38;200
20160127 140900;15.4;15.4;15.3;15.33;1200
20160127 141100;15.36;15.36;15.36;15.36;100
20160127 141200;15.35;15.35;15.35;15.35;300
20160127 141300;15.37;15.37;15.37;15.37;200
20160127 141400;15.28;15.29;15.28;15.29;200
20160127 141700;15.4;15.405;15.37;15.37;700
20160127 141800;15.295;15.31;15.295;15.31;500
20160127 142000;15.37;15.37;15.37;15.37;300
20160127 142100;15.32;15.32;15.32;15.32;159
20160127 142300;15.23;15.23;15.23;15.23;200
20160127 142400;15.36;15.36;15.36;15.36;400
20160127 142500;15.3;15.3;15.3;15.3;200
20160127 142600;15.34;15.34;15.34;15.34;100
20160127 142700;15.37;15.37;15.37;15.37;700
20160127 142800;15.32;15.33;15.32;15.33;200
20160127 142900;15.35;15.35;15.35;15.35;300
20160127 143000;15.36;15.36;15.36;15.36;100
20160127 143100;15.38;15.43;15.38;15.43;300
20160127 143400;15.35;15.45;15.35;15.42;500
20160127 143500;15.36;15.39;15.36;15.39;400
20160127 143600;15.4;15.4;15.39;15.39;600
20160127 143700;15.44;15.44;15.44;15.44;200
20160127 143800;15.43;15.43;15.43;15.43;100
20160127 143900;15.37;15.37;15.35;15.35;200
20160127 144000;15.32;15.33;15.32;15.33;400
20160127 144100;15.39;15.39;15.37;15.37;700
20160127 144200;15.34;15.35;15.34;15.35;200
20160127 144300;15.34;15.34;15.34;15.34;200
20160127 144400;15.35;15.35;15.33;15.33;300
20160127 145400;15.18;15.18;15.16;15.16;1300
20160127 150200;15.1;15.1;15.1;15.1;200
20160127 150700;15.01;15.01;15.01;15.01;200
20160127 151600;15.03;15.03;15.03;15.03;100
20160127 152500;15.12;15.12;15.12;15.12;100
20160127 152600;15.02;15.0206;15.02;15.0206;684
20160127 152800;15.09;15.09;15.09;15.09;300
20160127 153500;15.16;15.16;15.16;15.16;100
20160127 153700;15.06;15.06;15.06;15.06;100
20160127 154900;15.19;15.19;15.1;15.1;400
20160127 155300;15.1;15.1;15.1;15.1;100
20160127 155800;15.08;15.08;15.08;15.08;200
20160127 160000;15.06;15.06;15.06;15.06;1249
20160127 163100;15.06;15.06;15.06;15.06;152
20160128 094300;14.99;14.99;14.94;14.94;1200
20160128 095100;14.74;14.74;14.74;14.74;100
20160128 095300;14.8699;14.87;14.8685;14.8699;1400
20160128 095600;14.92;14.92;14.92;14.92;200
20160128 100900;14.87;14.88;14.87;14.88;200
20160128 101500;14.83;14.84;14.83;14.84;200
20160128 101700;14.79;14.79;14.79;14.79;400
20160128 101900;14.695;14.695;14.695;14.695;200
20160128 102200;14.755;14.8;14.755;14.8;500
20160128 102300;14.78;14.78;14.78;14.78;200
20160128 103000;14.92;14.92;14.85;14.85;1500
20160128 103100;14.85;14.85;14.85;14.85;100
20160128 103200;14.93;14.93;14.885;14.885;694
20160128 103500;14.89;14.9;14.89;14.9;200
20160128 104200;15;15;15;15;300
20160128 111500;15.0299;15.0299;14.96;14.96;390
20160128 112700;14.895;14.895;14.88;14.88;200
20160128 113100;14.89;14.89;14.89;14.89;100
20160128 114300;15.0001;15.105;15.0001;15.105;700
20160128 114400;15.04;15.06;15.04;15.05;600
20160128 114600;15.09;15.09;15;15;1300
20160128 114700;14.99;15;14.99;15;700
20160128 114800;15.11;15.11;15.05;15.05;400
20160128 114900;15.05;15.05;15;15;200
20160128 115000;15.06;15.06;15.05;15.05;200
20160128 115100;15.05;15.05;15;15.03;1600
20160128 115200;15.05;15.06;15.05;15.06;600
20160128 115300;15.01;15.05;14.99;15.05;1000
20160128 115400;15.05;15.055;15.05;15.055;800
20160128 115500;15.04;15.04;15.04;15.04;100
20160128 115600;14.97;15;14.97;15;700
20160128 115700;15.05;15.05;15.04;15.0405;800
20160128 115800;15.04;15.04;14.97;14.97;700
20160128 115900;15.06;15.06;15.05;15.05;800
20160128 120100;14.96;14.97;14.96;14.97;700
20160128 120200;15.05;15.05;15.05;15.05;605
20160128 120300;15.04;15.04;15.04;15.04;100
20160128 120400;15.01;15.01;15;15;300
20160128 120500;15.01;15.01;15;15.01;595
20160128 121100;15;15;14.99;14.9995;300
20160128 121200;15.05;15.05;15.05;15.05;100
20160128 121300;15.04;15.04;15.04;15.04;200
20160128 122800;14.884;14.884;14.884;14.884;100
20160128 123000;14.88;14.88;14.88;14.88;200
20160128 123100;14.804;14.804;14.8;14.8;300
20160128 123300;14.8;14.9;14.8;14.9;500
20160128 123500;14.784;14.9;14.77;14.9;1200
20160128 123600;14.89;14.89;14.766;14.766;590
20160128 123800;14.771;14.86;14.771;14.86;235
20160128 123900;14.792;14.792;14.792;14.792;100
20160128 124100;14.788;14.788;14.78;14.78;200
20160128 124200;14.77;14.787;14.77;14.787;300
20160128 124400;14.794;14.794;14.78;14.78;200
20160128 124500;14.794;14.794;14.78;14.78;300
20160128 124700;14.794;14.794;14.78;14.78;200
20160128 124800;14.78;14.78;14.78;14.78;200
20160128 125000;14.7801;14.7801;14.7801;14.7801;200
20160128 125100;14.7801;14.7801;14.7801;14.7801;400
20160128 125200;14.86;14.86;14.84;14.86;300
20160128 125300;14.8001;14.8001;14.8001;14.8001;162
20160128 125500;14.875;14.875;14.875;14.875;100
20160128 125600;14.81;14.87;14.81;14.86;400
20160128 125800;14.825;14.825;14.81;14.81;500
20160128 125900;14.75;14.75;14.67;14.69;550
20160128 130000;14.59;14.59;14.59;14.59;200
20160128 131400;14.75;14.76;14.75;14.76;600
20160128 131900;14.7512;14.775;14.7512;14.775;200
20160128 132000;14.74;14.74;14.74;14.74;310
20160128 132300;14.68;14.68;14.68;14.68;322
20160128 134900;14.57;14.57;14.57;14.57;100
20160128 140000;14.58;14.58;14.58;14.58;300
20160128 140100;14.56;14.56;14.56;14.56;100
20160128 140200;14.5;14.5;14.5;14.5;100
20160128 140300;14.54;14.54;14.54;14.54;100
20160128 141300;14.51;14.51;14.51;14.51;100
20160128 141800;14.54;14.54;14.54;14.54;100
20160128 141900;14.51;14.51;14.51;14.51;200
20160128 142000;14.5;14.5;14.5;14.5;1099
20160128 142300;14.42;14.53;14.42;14.53;900
20160128 143100;14.54;14.54;14.53;14.54;300
20160128 143200;14.525;14.525;14.525;14.525;200
20160128 143300;14.525;14.525;14.525;14.525;200
20160128 143700;14.51;14.51;14.51;14.51;100
20160128 144000;14.51;14.51;14.5;14.5;600
20160128 144300;14.51;14.51;14.5;14.5;1000
20160128 144400;14.505;14.51;14.505;14.51;500
20160128 144500;14.5098;14.5098;14.505;14.505;200
20160128 144600;14.5;14.5;14.5;14.5;400
20160128 144800;14.505;14.505;14.505;14.505;100
20160128 145000;14.5;14.5099;14.5;14.505;4800
20160128 145100;14.51;14.51;14.51;14.51;100
20160128 145200;14.53;14.53;14.53;14.53;100
20160128 145600;14.53;14.53;14.53;14.53;100
20160128 145900;14.55;14.55;14.55;14.55;100
20160128 150200;14.51;14.51;14.51;14.51;100
20160128 150300;14.5;14.5;14.5;14.5;100
20160128 150500;14.582;14.582;14.582;14.582;100
20160128 150700;14.52;14.52;14.52;14.52;200
20160128 151700;14.565;14.565;14.565;14.565;100
20160128 151800;14.57;14.57;14.57;14.57;200
20160128 152100;14.54;14.54;14.54;14.54;100
20160128 152200;14.54;14.54;14.54;14.54;200
20160128 153100;14.51;14.51;14.51;14.51;100
20160128 153400;14.54;14.56;14.52;14.56;2946
20160128 153500;14.57;14.65;14.57;14.65;1504
20160128 154100;14.76;14.76;14.76;14.76;100
20160128 154200;14.85;14.85;14.85;14.85;600
20160128 154900;14.9;14.9;14.9;14.9;100
20160128 155300;14.935;14.97;14.89;14.89;500
20160128 155400;14.9;14.94;14.9;14.94;300
20160128 155600;14.94;14.94;14.94;14.94;100
20160128 155700;14.83;14.88;14.83;14.88;920
20160128 160000;14.92;14.92;14.78;14.88;2243
20160128 164200;14.88;14.88;14.88;14.88;131
20160129 094000;14.56;14.56;14.56;14.56;100
20160129 094500;14.87;14.89;14.81;14.89;626
20160129 094600;14.73;14.95;14.73;14.74;300
20160129 094900;14.95;14.95;14.9;14.9;200
20160129 095000;15;15;15;15;100
20160129 095100;15.08;15.09;15;15;400
20160129 095200;15;15;15;15;400
20160129 095300;14.85;14.85;14.85;14.85;100
20160129 100300;14.97;14.97;14.91;14.91;200
20160129 100600;14.875;14.875;14.875;14.875;275
20160129 101100;14.91;14.91;14.91;14.91;100
20160129 101300;15;15.06;14.9;14.9;1200
20160129 102000;15.075;15.075;15.075;15.075;100
20160129 103800;15.02;15.02;15;15;3000
20160129 103900;15;15;15;15;484
20160129 104100;15.04;15.04;15.02;15.02;482
20160129 104600;15.03;15.03;15.03;15.03;200
20160129 104700;15.07;15.07;15.07;15.07;100
20160129 104800;15.02;15.02;15.02;15.02;100
20160129 105100;15.04;15.04;15.04;15.04;100
20160129 105500;15.04;15.05;15.03;15.03;500
20160129 105600;15.02;15.02;15.01;15.01;200
20160129 105700;15.03;15.05;15.03;15.05;200
20160129 105800;15.03;15.06;15.015;15.015;1000
20160129 105900;15.07;15.08;15.03;15.03;600
20160129 110000;15.025;15.0399;15.025;15.025;600
20160129 110100;15.04;15.08;15.04;15.06;800
20160129 110200;15.05;15.1;15.0301;15.1;1300
20160129 110300;15.08;15.08;15.025;15.045;1800
20160129 110400;15.08;15.08;15.06;15.06;600
20160129 110700;15.04;15.05;15.04;15.05;1300
20160129 110800;15.05;15.05;15.025;15.025;1400
20160129 110900;15.09;15.09;15.08;15.08;700
20160129 111000;15.06;15.06;15.06;15.06;200
20160129 111100;15.05;15.05;15.05;15.05;100
20160129 111200;15.03;15.0724;15.03;15.0724;1030
20160129 111300;15.0505;15.06;15.0505;15.06;300
20160129 111500;15;15.03;15;15.03;300
20160129 111600;15.03;15.03;15.03;15.03;100
20160129 111700;15;15.0199;15;15.01;1895
20160129 111800;15.05;15.06;15.05;15.0501;300
20160129 111900;15.04;15.04;15;15;600
20160129 112200;15;15;15;15;300
20160129 112500;15.05;15.08;15.05;15.08;300
20160129 112800;15.05;15.05;15.05;15.05;100
20160129 113600;15.07;15.07;15.07;15.07;100
20160129 113700;15.05;15.05;15.05;15.05;300
20160129 113800;15.05;15.05;15.05;15.05;200
20160129 113900;15;15;14.85;14.85;600
20160129 114500;14.9;14.95;14.9;14.95;500
20160129 115100;14.95;14.95;14.95;14.95;200
20160129 120000;14.93;14.93;14.93;14.93;400
20160129 120100;14.87;14.87;14.86;14.86;200
20160129 120500;14.9;14.95;14.9;14.95;700
20160129 121900;15.035;15.035;15.035;15.035;300
20160129 122400;15.01;15.01;15;15;200
20160129 122500;14.94;14.94;14.94;14.94;100
20160129 122600;14.94;14.94;14.93;14.93;300
20160129 122700;14.92;14.93;14.92;14.93;400
20160129 122900;14.92;14.92;14.92;14.92;100
20160129 123000;14.93;14.93;14.88;14.88;200
20160129 123100;14.94;14.94;14.94;14.94;100
20160129 123300;14.93;14.94;14.93;14.94;500
20160129 123900;14.97;14.97;14.97;14.97;100
20160129 124000;14.94;14.94;14.94;14.94;100
20160129 125300;14.94;14.94;14.94;14.94;100
20160129 125400;14.98;15;14.98;15;400
20160129 130500;15;15;15;15;400
20160129 130900;15.08;15.08;15.08;15.08;400
20160129 131600;15;15;15;15;200
20160129 132600;15;15;15;15;100
20160129 132700;15;15;15;15;100
20160129 133300;15;15;15;15;100
20160129 133500;15.0025;15.005;15.0025;15.005;400
20160129 133600;15;15;15;15;700
20160129 133900;15;15.005;15;15;600
20160129 134400;14.91;14.91;14.91;14.91;127
20160129 134800;14.91;15.03;14.91;14.95;1000
20160129 134900;15.02;16.04;15.02;15.08;19148
20160129 135500;15.33;15.33;15.28;15.2853;600
20160129 135700;15.255;15.255;15.255;15.255;300
20160129 140100;15.29;15.29;15.29;15.29;129
20160129 140300;15.25;15.25;15.25;15.25;100
20160129 140700;15.25;15.25;15.25;15.25;100
20160129 140800;15.29;15.29;15.29;15.29;200
20160129 141100;15.29;15.29;15.29;15.29;100
20160129 141400;15.47;15.47;15.47;15.47;100
20160129 142000;15.47;15.47;15.47;15.47;200
20160129 142800;15.47;15.47;15.47;15.47;100
20160129 142900;15.51;15.52;15.5;15.5;1365
20160129 143000;15.5;15.5;15.5;15.5;300
20160129 143900;15.49;15.49;15.49;15.49;300
20160129 144900;15.548;15.548;15.548;15.548;500
20160129 145000;15.5469;15.5469;15.5469;15.5469;128
20160129 145300;15.52;15.52;15.52;15.52;400
20160129 145700;15.48;15.49;15.47;15.47;400
20160129 145800;15.42;15.42;15.42;15.42;200
20160129 150300;15.34;15.34;15.34;15.34;200
20160129 151200;15.32;15.32;15.32;15.32;800
20160129 151300;15.32;15.32;15.32;15.32;100
20160129 151400;15.33;15.36;15.33;15.33;1100
20160129 151500;15.4;15.4;15.38;15.38;300
20160129 151600;15.36;15.4599;15.36;15.41;1600
20160129 151700;15.375;15.41;15.25;15.25;2600
20160129 151800;15.25;15.26;15.25;15.25;4600
20160129 151900;15.25;15.25;14.99;15;1869
20160129 152000;15;15;15;15;9591
20160129 152100;15;15;15;15;4600
20160129 152200;15;15;15;15;9827
20160129 152600;15;15;15;15;100
20160129 152700;14.99;14.99;14.9692;14.9692;520
20160129 153100;14.98;15.005;14.98;15;1300
20160129 153200;14.98;14.98;14.98;14.98;100
20160129 153500;15;15.005;14.95;14.95;3000
20160129 153600;15;15;15;15;100
20160129 153700;15;15;15;15;1600
20160129 154100;15;15;14.99;14.99;200
20160129 154200;15;15;15;15;200
20160129 154500;15.17;15.17;15.17;15.17;100
20160129 154800;15.125;15.125;15.125;15.125;300
20160129 154900;15.08;15.08;15;15;5300
20160129 155100;15;15;14.999;15;1079
20160129 155300;15;15;15;15;200
20160129 155500;14.99;15.01;14.99;15.01;4596
20160129 155700;15.01;15.01;15.01;15.01;100
20160129 155800;15.016;15.06;15;15.03;800
20160129 155900;15.06;15.1;15.02;15.09;789
20160129 160000;15.12;15.15;15.03;15.09;3505
20160129 160900;15.09;15.09;15.09;15.09;11
20160201 093100;15.38;15.38;15.38;15.38;100
20160201 094000;15.1583;15.1583;14.99;14.99;1200
20160201 094900;14.735;14.735;14.735;14.735;100
20160201 095300;14.82;14.82;14.82;14.82;100
20160201 100400;14.59;14.59;14.59;14.59;100
20160201 100500;14.57;14.57;14.57;14.57;200
20160201 100600;14.625;14.625;14.625;14.625;101
20160201 101200;14.655;14.655;14.655;14.655;100
20160201 101300;14.645;14.69;14.645;14.69;300
20160201 101500;14.72;14.72;14.68;14.71;600
20160201 101600;14.72;14.72;14.51;14.51;600
20160201 101700;14.58;14.58;14.58;14.58;100
20160201 101800;14.67;14.67;14.67;14.67;200
20160201 101900;14.71;14.71;14.69;14.69;200
20160201 102000;14.69;14.69;14.69;14.69;300
20160201 102100;14.75;14.75;14.75;14.75;100
20160201 102200;14.74;14.75;14.58;14.58;600
20160201 102300;14.585;14.585;14.57;14.57;600
20160201 102400;14.65;14.69;14.65;14.69;200
20160201 102500;14.74;14.74;14.73;14.73;200
20160201 102600;14.75;14.75;14.75;14.75;200
20160201 102700;14.74;14.74;14.74;14.74;200
20160201 102800;14.73;14.73;14.73;14.73;100
20160201 102900;14.74;14.74;14.74;14.74;100
20160201 103000;14.72;14.72;14.7;14.7;300
20160201 103100;14.6295;14.67;14.62;14.67;400
20160201 103200;14.67;14.67;14.67;14.67;300
20160201 103300;14.7;14.735;14.7;14.7;300
20160201 103400;14.8;14.8;14.775;14.775;200
20160201 103500;14.8;14.8;14.8;14.8;300
20160201 103600;14.75;14.75;14.75;14.75;200
20160201 103700;14.74;14.74;14.71;14.71;300
20160201 103800;14.7001;14.71;14.7;14.7;400
20160201 103900;14.69;14.69;14.63;14.63;300
20160201 104000;14.53;14.53;14.53;14.53;100
20160201 104100;14.65;14.6599;14.63;14.6599;400
20160201 104300;14.6699;14.6699;14.66;14.66;200
20160201 104400;14.66;14.67;14.65;14.67;400
20160201 104500;14.69;14.7;14.675;14.7;1800
20160201 104600;14.72;14.72;14.7;14.7;1100
20160201 104700;14.72;14.72;14.72;14.72;100
20160201 104800;14.8;14.8;14.72;14.72;1200
20160201 104900;14.75;14.75;14.57;14.63;3100
20160201 105000;14.63;14.63;14.63;14.63;100
20160201 105100;14.72;14.72;14.72;14.72;200
20160201 105800;14.72;14.72;14.72;14.72;100
20160201 105900;14.72;14.86;14.72;14.725;600
20160201 110000;14.71;14.71;14.51;14.51;1000
20160201 110100;14.64;14.6599;14.585;14.6025;1822
20160201 110700;14.6;14.6;14.6;14.6;200
20160201 110800;14.64;14.64;14.6;14.6;600
20160201 110900;14.58;14.58;14.56;14.56;400
20160201 111000;14.59;14.59;14.59;14.59;100
20160201 111100;14.54;14.54;14.54;14.54;100
20160201 111200;14.53;14.6;14.52;14.52;600
20160201 111500;14.5;14.5;14.5;14.5;100
20160201 112200;14.51;14.51;14.51;14.51;100
20160201 112300;14.5;14.5;14.31;14.31;839
20160201 113000;14.31;14.31;14.31;14.31;100
20160201 113200;14.31;14.31;14.31;14.31;100
20160201 113300;14.31;14.37;14.31;14.37;6400
20160201 113400;14.31;14.37;14.31;14.37;300
20160201 113700;14.4;14.4;14.4;14.4;100
20160201 113800;14.365;14.4003;14.365;14.38;400
20160201 114400;14.385;14.385;14.385;14.385;200
20160201 115000;14.375;14.375;14.375;14.375;1000
20160201 115100;14.33;14.33;14.31;14.31;300
20160201 115800;14.2699;14.2699;14.2699;14.2699;382
20160201 115900;14.23;14.23;14.23;14.23;300
20160201 120100;14.25;14.25;14.25;14.25;100
20160201 120200;14.25;14.25;14.2;14.2;400
20160201 120300;14.195;14.195;14.195;14.195;100
20160201 120400;14.17;14.2;14.16;14.1999;1200
20160201 120500;14;14;14;14;100
20160201 120700;14;14;14;14;100
20160201 120800;14;14;14;14;515
20160201 120900;14;14;14;14;200
20160201 121200;13.8895;13.8895;13.87;13.87;600
20160201 121300;13.89;13.89;13.89;13.89;200
20160201 122400;13.738;13.738;13.738;13.738;100
20160201 122500;13.77;13.77;13.77;13.77;200
20160201 122600;13.75;13.75;13.75;13.75;100
20160201 122700;13.76;13.79;13.76;13.79;400
20160201 122800;13.789;13.79;13.78;13.78;1300
20160201 122900;13.78;13.78;13.74;13.75;2724
20160201 123100;13.616;13.616;13.616;13.616;300
20160201 123700;13.675;13.675;13.675;13.675;100
20160201 124200;13.725;13.84;13.725;13.82;4668
20160201 124300;13.86;14;13.86;14;5202
20160201 124500;14.15;14.25;14.15;14.25;800
20160201 124700;14.285;14.31;14.285;14.31;400
20160201 124800;14.25;14.25;14.25;14.25;200
20160201 124900;14.25;14.25;14.25;14.25;600
20160201 125200;14.2302;14.2302;14.2302;14.2302;300
20160201 130400;14.26;14.27;14.26;14.27;200
20160201 130700;14.36;14.36;14.36;14.36;300
20160201 132100;14.39;14.39;14.39;14.39;100
20160201 132400;14.41;14.41;14.41;14.41;100
20160201 132500;14.43;14.44;14.43;14.44;300
20160201 132900;14.38;14.38;14.38;14.38;100
20160201 133500;14.4;14.4;14.4;14.4;100
20160201 134400;14.45;14.45;14.45;14.45;100
20160201 134600;14.51;14.51;14.51;14.51;200
20160201 134800;14.46;14.46;14.46;14.46;100
20160201 135100;14.45;14.45;14.45;14.45;300
20160201 135200;14.45;14.45;14.42;14.42;600
20160201 141600;14.45;14.45;14.45;14.45;100
20160201 142800;14.57;14.57;14.57;14.57;100
20160201 143500;14.57;14.595;14.57;14.595;500
20160201 144700;14.67;14.67;14.67;14.67;100
20160201 144800;14.64;14.64;14.64;14.64;100
20160201 145000;14.69;14.69;14.63;14.63;300
20160201 145100;14.72;14.72;14.72;14.72;100
20160201 145200;14.72;14.72;14.72;14.72;300
20160201 145300;14.73;14.73;14.66;14.66;1000
20160201 145400;14.66;14.66;14.59;14.59;1642
20160201 145500;14.59;14.59;14.58;14.58;1295
20160201 145700;14.67;14.67;14.67;14.67;100
20160201 145800;14.66;14.66;14.63;14.63;400
20160201 145900;14.61;14.61;14.61;14.61;100
20160201 150100;14.63;14.63;14.63;14.63;100
20160201 150400;14.68;14.68;14.68;14.68;100
20160201 150900;14.68;14.68;14.68;14.68;100
20160201 151100;14.771;14.771;14.771;14.771;300
20160201 151500;14.81;14.85;14.81;14.85;300
20160201 151700;14.86;14.86;14.86;14.86;100
20160201 151900;14.98;14.99;14.98;14.99;400
20160201 152200;14.9015;14.96;14.8101;14.96;1200
20160201 153600;14.91;14.99;14.91;14.99;600
20160201 153700;14.99;14.99;14.99;14.99;700
20160201 153900;14.99;15.01;14.97;14.98;900
20160201 154000;14.98;14.98;14.98;14.98;100
20160201 154100;15.07;15.07;14.98;14.98;700
20160201 154200;14.96;14.96;14.91;14.91;200
20160201 154400;14.885;14.885;14.81;14.81;400
20160201 154500;14.9;14.9;14.89;14.9;800
20160201 154600;14.87;14.87;14.87;14.87;100
20160201 154700;14.95;14.96;14.95;14.96;300
20160201 154800;15;15.06;15;15.06;1200
20160201 154900;15;15;15;15;800
20160201 155200;15.06;15.06;15.06;15.06;100
20160201 155300;15.1;15.1;15.1;15.1;100
20160201 155400;15.06;15.065;15.05;15.05;800
20160201 155500;14.89;14.96;14.89;14.925;400
20160201 155800;15;15;15;15;100
20160201 160000;14.99;15;14.91;14.98;1993
20160201 162300;14.98;14.98;14.98;14.98;1
20160202 093600;15;15;14.9;14.91;500
20160202 094900;14.94;14.9589;14.94;14.94;900
20160202 095200;14.99;14.99;14.99;14.99;100
20160202 095600;15;15;15;15;100
20160202 095900;14.972;14.972;14.972;14.972;220
20160202 100400;15;15;15;15;100
20160202 101300;14.98;14.98;14.98;14.98;200
20160202 101400;15;15;14.98;14.98;200
20160202 101900;14.99;14.99;14.99;14.99;200
20160202 102200;14.94;14.94;14.94;14.94;100
20160202 102300;14.91;14.91;14.91;14.91;100
20160202 104300;14.99;14.99;14.99;14.99;100
20160202 104700;14.99;14.99;14.98;14.98;800
20160202 105500;14.94;14.94;14.94;14.94;200
20160202 111300;14.98;14.98;14.98;14.98;100
20160202 111700;14.99;14.99;14.99;14.99;100
20160202 112000;15;15;15;15;300
20160202 112100;15;15;14.99;14.99;400
20160202 112500;14.98;14.98;14.98;14.98;300
20160202 113600;14.99;14.99;14.99;14.99;200
20160202 113700;14.99;14.995;14.99;14.995;200
20160202 114400;14.99;14.99;14.99;14.99;400
20160202 115500;14.925;14.925;14.925;14.925;100
20160202 120100;14.86;14.86;14.86;14.86;200
20160202 121200;14.1;14.1;14.1;14.1;100
20160202 121300;14.2;14.37;14.2;14.37;800
20160202 121700;14.36;14.36;14.36;14.36;100
20160202 121900;14.42;14.42;14.42;14.42;100
20160202 122200;14.36;14.36;14.36;14.36;100
20160202 123200;14.415;14.415;14.415;14.415;100
20160202 124000;14.42;14.42;14.42;14.42;100
20160202 124500;14.485;14.485;14.375;14.48;750
20160202 124600;14.5;14.5;14.37;14.37;2592
20160202 124700;14.46;14.5;14.42;14.42;300
20160202 124800;14.42;14.42;14.36;14.41;1801
20160202 124900;14.49;14.5;14.49;14.5;200
20160202 125000;14.48;14.48;14.36;14.36;900
20160202 125200;14.42;14.42;14.42;14.42;200
20160202 125300;14.39;14.42;14.38;14.38;600
20160202 125400;14.36;14.38;14.3;14.3;1500
20160202 125500;14.38;14.38;14.3;14.3;300
20160202 130300;14.21;14.22;14.21;14.22;200
20160202 130600;14.3;14.3;14.3;14.3;100
20160202 130900;14.33;14.33;14.33;14.33;100
20160202 131100;14.38;14.38;14.38;14.38;100
20160202 131200;14.31;14.31;14.31;14.31;100
20160202 131400;14.3;14.3;14.3;14.3;100
20160202 131700;14.32;14.32;14.32;14.32;100
20160202 132000;14.315;14.35;14.29;14.29;300
20160202 132300;14.305;14.305;14.305;14.305;100
20160202 132600;14.325;14.325;14.325;14.325;100
20160202 133100;14.43;14.43;14.35;14.35;700
20160202 133200;14.08;14.2;14.08;14.2;400
20160202 133500;14.3099;14.3099;14.305;14.305;200
20160202 133600;14.24;14.24;14.24;14.24;100
20160202 133900;14.34;14.34;14.34;14.34;200
20160202 135000;14.32;14.32;14.32;14.32;100
20160202 135100;14.28;14.28;14.28;14.28;100
20160202 135400;14.3;14.3;14.3;14.3;100
20160202 135700;14.29;14.29;14.29;14.29;200
20160202 135800;14.22;14.22;14.22;14.22;100
20160202 140100;14.31;14.31;14.31;14.31;100
20160202 140300;14.305;14.31;14.305;14.31;400
20160202 140400;14.29;14.32;14.29;14.32;200
20160202 140500;14.3;14.3;14.3;14.3;200
20160202 141100;14.37;14.37;14.23;14.2999;800
20160202 141900;14.31;14.31;14.31;14.31;100
20160202 142000;14.36;14.36;14.35;14.35;400
20160202 142100;14.32;14.32;14.23;14.26;400
20160202 142200;14.32;14.32;14.32;14.32;100
20160202 142800;14.32;14.45;14.32;14.45;900
20160202 142900;14.33;14.33;14.33;14.33;100
20160202 143000;14.39;14.39;14.39;14.39;200
20160202 143300;14.45;14.45;14.45;14.45;100
20160202 143700;14.45;14.45;14.45;14.45;100
20160202 144100;14.45;14.45;14.45;14.45;100
20160202 144400;14.45;14.45;14.45;14.45;100
20160202 144500;14.43;14.43;14.43;14.43;100
20160202 145100;14.45;14.45;14.45;14.45;100
20160202 145200;14.43;14.43;14.43;14.43;100
20160202 145600;14.4;14.4;14.4;14.4;100
20160202 145800;14.4;14.4;14.4;14.4;100
20160202 151100;14.26;14.26;14.26;14.26;100
20160202 151400;14.34;14.34;14.34;14.34;100
20160202 151800;14.3;14.3;14.3;14.3;100
20160202 152400;14.27;14.27;14.25;14.25;200
20160202 153400;14.34;14.34;14.34;14.34;100
20160202 154100;14.33;14.33;14.33;14.33;100
20160202 154200;14.35;14.38;14.35;14.38;200
20160202 154300;14.36;14.36;14.36;14.36;100
20160202 154500;14.38;14.38;14.38;14.38;100
20160202 155400;14.51;14.51;14.51;14.51;100
20160202 155800;14.49;14.49;14.49;14.49;100
20160202 160000;14.45;14.45;14.43;14.43;1237
20160202 163200;14.43;14.43;14.43;14.43;106
20160203 100300;14.29;14.29;14.29;14.29;100
20160203 100800;14.18;14.18;14.18;14.18;100
20160203 101000;14.36;14.36;14.26;14.26;200
20160203 101300;14.13;14.3;14.13;14.13;594
20160203 101400;14.14;14.14;14.14;14.14;100
20160203 101500;14.14;14.14;14.14;14.14;100
20160203 102900;14.21;14.21;14.21;14.21;100
20160203 103100;14.14;14.14;14.1;14.1;400
20160203 103700;14.1;14.1;14.09;14.09;200
20160203 103900;14.04;14.04;13.99;13.99;500
20160203 104600;14.05;14.07;14.035;14.035;700
20160203 105000;14.045;14.045;14.045;14.045;100
20160203 105300;13.98;13.98;13.98;13.98;100
20160203 105400;13.93;13.93;13.93;13.93;200
20160203 105600;13.95;13.95;13.9;13.9;200
20160203 105800;14;14;13.92;13.92;200
20160203 105900;14.02;14.03;13.975;14;500
20160203 110100;14.06;14.06;13.93;13.93;600
20160203 110200;13.98;13.98;13.98;13.98;100
20160203 110300;13.93;13.93;13.88;13.88;900
20160203 110400;13.9;13.9;13.88;13.88;1100
20160203 111100;13.75;13.75;13.75;13.75;200
20160203 111200;13.81;13.86;13.8;13.86;600
20160203 111800;13.89;13.89;13.88;13.88;200
20160203 112500;13.94;13.94;13.94;13.94;100
20160203 112800;13.94;13.94;13.94;13.94;100
20160203 113100;13.93;13.93;13.93;13.93;100
20160203 113400;13.95;14.04;13.95;14.04;1000
20160203 114000;14.08;14.08;14.08;14.08;100
20160203 114100;14.1;14.1;14.1;14.1;100
20160203 114200;14.11;14.11;14.11;14.11;100
20160203 114900;14.1;14.1;14.1;14.1;100
20160203 115000;14.1;14.1;14.1;14.1;100
20160203 115100;14.11;14.12;14.11;14.12;200
20160203 115200;14.12;14.12;14.12;14.12;200
20160203 115300;14.12;14.12;14.12;14.12;100
20160203 115500;14.13;14.13;14.13;14.13;100
20160203 115600;14.12;14.12;14.12;14.12;100
20160203 121000;14.13;14.13;14.13;14.13;100
20160203 121200;14.13;14.14;14.13;14.14;300
20160203 121300;14.15;14.15;14.15;14.15;100
20160203 121400;14.17;14.17;14.17;14.17;100
20160203 122100;14.17;14.17;14.17;14.17;100
20160203 123200;14.18;14.18;14.18;14.18;100
20160203 123300;14.12;14.12;14.12;14.12;100
20160203 123400;14.17;14.17;14.17;14.17;100
20160203 123600;14.15;14.15;14.15;14.15;200
20160203 123700;14.1;14.1;14.08;14.08;480
20160203 123800;14.09;14.09;14.09;14.09;600
20160203 123900;14.1199;14.1199;14.1199;14.1199;100
20160203 124900;14.08;14.08;14.08;14.08;100
20160203 125800;14.05;14.05;14.05;14.05;100
20160203 125900;14.05;14.05;14.05;14.05;400
20160203 130900;14.03;14.03;14.03;14.03;100
20160203 131000;14.06;14.06;14.05;14.05;200
20160203 131100;13.99;13.99;13.99;13.99;100
20160203 131200;13.97;13.97;13.97;13.97;100
20160203 133000;13.96;13.96;13.96;13.96;100
20160203 133100;13.96;13.96;13.96;13.96;100
20160203 133200;13.96;13.96;13.96;13.96;100
20160203 133800;13.94;13.94;13.91;13.91;800
20160203 133900;13.89;13.89;13.89;13.89;100
20160203 134100;13.94;13.94;13.86;13.86;300
20160203 134900;13.86;13.86;13.86;13.86;100
20160203 135200;13.92;13.92;13.92;13.92;100
20160203 135800;13.9;13.99;13.9;13.99;300
20160203 141200;14.01;14.01;14.01;14.01;100
20160203 141400;13.97;13.99;13.97;13.99;300
20160203 142500;13.96;13.96;13.96;13.96;100
20160203 143000;14.07;14.09;14.07;14.09;1100
20160203 143100;14.1;14.15;14.1;14.15;300
20160203 143200;14.15;14.17;14.12;14.17;500
20160203 143700;14;14;14;14;100
20160203 144400;14.03;14.05;14.03;14.05;200
20160203 144600;14.12;14.14;14.07;14.11;400
20160203 144900;14.13;14.27;14.13;14.27;500
20160203 145200;14.29;14.29;14.29;14.29;100
20160203 145800;14.27;14.27;14.27;14.27;100
20160203 150300;14.28;14.28;14.28;14.28;100
20160203 150800;14.4;14.4;14.4;14.4;100
20160203 150900;14.47;14.47;14.47;14.47;100
20160203 151100;14.58;14.58;14.58;14.58;100
20160203 151400;14.55;14.55;14.55;14.55;100
20160203 152100;14.56;14.58;14.54;14.58;400
20160203 152500;14.5415;14.58;14.4701;14.58;1100
20160203 152600;14.58;14.58;14.5725;14.5725;200
20160203 152700;14.57;14.57;14.57;14.57;100
20160203 153100;14.57;14.57;14.57;14.57;200
20160203 153500;14.59;14.59;14.59;14.59;200
20160203 153600;14.59;14.59;14.59;14.59;200
20160203 153800;14.57;14.57;14.55;14.55;534
20160203 154600;14.53;14.53;14.51;14.51;300
20160203 155000;14.52;14.52;14.52;14.52;100
20160203 155200;14.55;14.55;14.52;14.52;200
20160203 155600;14.61;14.61;14.61;14.61;100
20160203 155700;14.61;14.61;14.61;14.61;100
20160203 155900;14.62;14.99;14.62;14.97;1683
20160203 160000;14.94;14.94;14.82;14.82;1176
20160203 160200;14.82;14.82;14.82;14.82;205
20160204 093100;15.4;15.4;15.4;15.4;408
20160204 093300;15;15;15;15;100
20160204 093500;15.3;15.3;15.3;15.3;100
20160204 093600;15.05;15.17;14.95;14.95;600
20160204 093700;14.49;14.49;14.49;14.49;100
20160204 094300;14.79;14.79;14.79;14.79;100
20160204 095500;14.45;14.45;14.45;14.45;100
20160204 100800;14.73;14.73;14.73;14.73;140
20160204 102600;14.87;14.87;14.87;14.87;100
20160204 102700;14.775;14.78;14.775;14.78;400
20160204 103300;14.72;14.735;14.72;14.735;200
20160204 104400;14.905;14.905;14.905;14.905;100
20160204 104500;14.915;14.92;14.915;14.92;200
20160204 104700;14.95;14.95;14.95;14.95;100
20160204 105100;14.97;14.97;14.97;14.97;200
20160204 105400;15;15;15;15;114
20160204 105600;15;15;15;15;100
20160204 110100;14.91;14.91;14.91;14.91;100
20160204 111300;14.99;14.99;14.9;14.9;300
20160204 111800;14.945;14.945;14.945;14.945;300
20160204 111900;14.99;14.99;14.99;14.99;100
20160204 112000;14.89;14.89;14.89;14.89;100
20160204 112600;14.945;15;14.89;15;500
20160204 112700;14.95;15.065;14.9;15.065;900
20160204 112800;14.99;15.06;14.98;15.06;500
20160204 112900;15.07;15.1;14.99;14.99;800
20160204 113000;14.96;14.98;14.9;14.9;700
20160204 113400;14.8;14.9;14.8;14.9;700
20160204 113800;14.75;14.85;14.74;14.8;400
20160204 113900;14.91;14.92;14.91;14.92;600
20160204 114000;14.85;14.85;14.8;14.8;300
20160204 115200;14.82;14.82;14.82;14.82;100
20160204 115500;14.9;14.9;14.9;14.9;200
20160204 115600;14.75;14.75;14.75;14.75;100
20160204 121100;14.65;14.65;14.65;14.65;100
20160204 122000;14.84;14.85;14.84;14.85;400
20160204 122100;14.85;14.85;14.85;14.85;200
20160204 122600;14.8;14.8;14.8;14.8;100
20160204 122700;14.8;14.8;14.8;14.8;100
20160204 124900;14.8;14.8;14.8;14.8;200
20160204 131400;14.81;14.81;14.81;14.81;500
20160204 131600;14.78;14.78;14.78;14.78;100
20160204 132200;14.84;14.84;14.84;14.84;100
20160204 132800;14.82;14.82;14.82;14.82;100
20160204 132900;14.82;14.82;14.82;14.82;100
20160204 134200;14.67;14.67;14.67;14.67;200
20160204 141800;14.61;14.61;14.61;14.61;100
20160204 141900;14.535;14.535;14.535;14.535;100
20160204 145200;14.46;14.59;14.46;14.59;200
20160204 145300;14.57;14.57;14.57;14.57;100
20160204 150600;14.47;14.47;14.47;14.47;100
20160204 152300;14.62;14.62;14.62;14.62;100
20160204 153000;14.61;14.61;14.61;14.61;200
20160204 154000;14.84;14.84;14.84;14.84;100
20160204 154100;14.76;14.76;14.76;14.76;100
20160204 154600;14.74;14.74;14.74;14.74;100
20160204 155300;14.82;14.82;14.82;14.82;100
20160204 155800;14.87;14.87;14.87;14.87;100
20160204 160000;14.85;14.87;14.83;14.87;1298
20160204 163100;14.87;14.87;14.87;14.87;13
20160205 102400;14.59;14.59;14.59;14.59;100
20160205 102700;14.4225;14.4225;14.4225;14.4225;350
20160205 102800;14.59;14.59;14.59;14.59;100
20160205 102900;14.5;14.5;14.5;14.5;100
20160205 103600;14.546;14.6;14.546;14.6;300
20160205 104000;14.52;14.52;14.44;14.44;200
20160205 104100;14.44;14.52;14.36;14.36;589
20160205 104200;14.35;14.35;14.33;14.33;291
20160205 104300;14.5;14.53;14.5;14.53;200
20160205 104400;14.5;14.55;14.41;14.41;5400
20160205 104500;14.49;14.56;14.49;14.51;3924
20160205 104700;14.65;14.66;14.65;14.66;300
20160205 104900;14.72;14.72;14.64;14.64;200
20160205 105000;14.8;14.8;14.8;14.8;100
20160205 105200;14.83;14.83;14.79;14.79;200
20160205 105300;14.91;14.91;14.91;14.91;117
20160205 105400;14.83;14.88;14.83;14.88;200
20160205 105500;14.88;14.88;14.88;14.88;100
20160205 105700;14.87;14.87;14.87;14.87;100
20160205 105800;14.9;14.9;14.9;14.9;100
20160205 110000;14.91;14.91;14.91;14.91;100
20160205 110100;14.96;14.96;14.96;14.96;100
20160205 110300;14.96;14.97;14.96;14.97;700
20160205 110400;14.92;15;14.92;14.94;3500
20160205 110500;14.94;14.94;14.9;14.9;1013
20160205 110600;14.86;14.86;14.86;14.86;100
20160205 111000;14.91;14.97;14.91;14.97;290
20160205 111400;14.97;14.97;14.97;14.97;100
20160205 111500;14.91;14.91;14.91;14.91;200
20160205 111600;14.82;14.82;14.82;14.82;100
20160205 111700;14.9;14.9;14.9;14.9;100
20160205 111800;14.82;14.82;14.8;14.8;2400
20160205 112000;14.83;14.86;14.83;14.86;430
20160205 112200;14.95;14.99;14.93;14.98;900
20160205 112300;14.94;14.94;14.69;14.71;11287
20160205 112400;14.73;14.74;14.68;14.68;400
20160205 112600;14.71;14.75;14.71;14.75;300
20160205 113500;14.74;14.74;14.73;14.73;200
20160205 113600;14.63;14.64;14.63;14.63;300
20160205 113800;14.71;14.71;14.69;14.7;300
20160205 113900;14.72;14.72;14.72;14.72;100
20160205 120900;14.69;14.69;14.69;14.69;100
20160205 122700;14.61;14.61;14.61;14.61;400
20160205 122900;14.6;14.6;14.6;14.6;100
20160205 123600;14.52;14.52;14.52;14.52;100
20160205 123700;14.52;14.52;14.52;14.52;100
20160205 124700;14.61;14.61;14.61;14.61;300
20160205 125100;14.61;14.61;14.61;14.61;100
20160205 131200;14.55;14.55;14.55;14.55;500
20160205 131400;14.58;14.58;14.58;14.58;100
20160205 133200;14.51;14.57;14.51;14.57;200
20160205 133800;14.5;14.5;14.5;14.5;200
20160205 135000;14.5;14.5;14.5;14.5;100
20160205 135200;14.5;14.5;14.5;14.5;200
20160205 140900;14.43;14.505;14.43;14.505;200
20160205 141000;14.5;14.51;14.5;14.51;1309
20160205 141300;14.53;14.58;14.53;14.58;2900
20160205 141400;14.64;14.78;14.64;14.78;1751
20160205 143600;14.75;14.75;14.75;14.75;200
20160205 143700;14.72;14.72;14.52;14.52;1157
20160205 144300;14.37;14.37;14.37;14.37;100
20160205 145400;14.38;14.38;14.38;14.38;100
20160205 150000;14.3972;14.3972;14.3972;14.3972;316
20160205 151500;14.39;14.39;14.39;14.39;200
20160205 152000;14.46;14.46;14.46;14.46;100
20160205 152300;14.42;14.42;14.42;14.42;100
20160205 152700;14.44;14.44;14.43;14.43;400
20160205 154400;14.35;14.35;14.35;14.35;400
20160205 155100;14.35;14.35;14.35;14.35;100
20160205 155500;14.32;14.33;14.32;14.33;600
20160205 155600;14.34;14.34;14.34;14.34;300
20160205 155700;14.45;14.45;14.45;14.45;100
20160205 155800;14.45;14.45;14.35;14.35;1348
20160205 155900;14.43;14.43;14.43;14.43;100
20160205 160000;14.44;14.45;14.35;14.35;2495
