20160119 093200;11;11;11;11;2281
20160119 093400;11.0273;11.03;11;11;4400
20160119 093500;11;11.04;11;11.0128;1100
20160119 093600;11.05;11.05;11.05;11.05;1000
20160119 093700;11.05;11.06;11.05;11.06;1500
20160119 094000;11.0601;11.0601;11.0601;11.0601;900
20160119 094100;11.11;11.11;11.11;11.11;1100
20160119 094300;11.0799;11.0799;11.06;11.06;600
20160119 094400;11;11;10.87;10.87;1224
20160119 094500;10.87;10.88;10.87;10.88;200
20160119 094700;10.87;10.87;10.87;10.87;100
20160119 094900;10.87;10.87;10.87;10.87;200
20160119 095100;10.85;10.85;10.6;10.6;1105
20160119 095200;10.59;10.6201;10.59;10.6201;600
20160119 095300;10.62;10.71;10.62;10.71;500
20160119 095400;10.76;10.76;10.75;10.75;1000
20160119 095500;10.751;10.751;10.75;10.75;600
20160119 095900;10.74;10.74;10.74;10.74;100
20160119 100600;10.8398;10.86;10.8398;10.86;400
20160119 101500;10.9594;10.99;10.9594;10.9739;2400
20160119 101700;10.9899;10.9899;10.9899;10.9899;550
20160119 101800;10.989;10.989;10.983;10.983;1000
20160119 102100;10.92;10.99;10.92;10.99;250
20160119 102200;10.99;10.99;10.9897;10.9897;400
20160119 102700;11.1103;11.1103;11.1103;11.1103;400
20160119 103100;11.11;11.11;11.11;11.11;100
20160119 103400;11.11;11.17;11.11;11.17;800
20160119 103500;11.23;11.23;11.23;11.23;100
20160119 103700;11.2399;11.24;11.2399;11.24;1200
20160119 103800;11.26;11.26;11.24;11.24;500
20160119 103900;11.275;11.275;11.2598;11.2598;1700
20160119 104000;11.25;11.25;11.25;11.25;100
20160119 104200;11.27;11.28;11.27;11.28;1000
20160119 104500;11.38;11.38;11.38;11.38;100
20160119 105100;11.39;11.39;11.38;11.38;1300
20160119 105200;11.375;11.375;11.375;11.375;200
20160119 105300;11.38;11.38;11.371;11.371;2100
20160119 105500;11.34;11.4;11.34;11.34;2000
20160119 105600;11.34;11.34;11.34;11.34;100
20160119 105900;11.3438;11.3438;11.3438;11.3438;125
20160119 110000;11.32;11.32;11.32;11.32;100
20160119 110100;11.32;11.32;11.32;11.32;100
20160119 110300;11.311;11.314;11.31;11.31;2000
20160119 110400;11.35;11.35;11.31;11.31;400
20160119 110500;11.31;11.31;11.31;11.31;400
20160119 110600;11.32;11.32;11.3;11.3;1400
20160119 111100;11.33;11.33;11.33;11.33;300
20160119 111400;11.32;11.3299;11.32;11.3299;200
20160119 111500;11.31;11.312;11.31;11.312;400
20160119 111800;11.31;11.31;11.31;11.31;100
20160119 112000;11.3;11.3003;11.3;11.3;2350
20160119 112100;11.3899;11.3899;11.3899;11.3899;200
20160119 112300;11.3108;11.3108;11.3108;11.3108;1000
20160119 112700;11.32;11.32;11.32;11.32;100
20160119 112800;11.3301;11.3301;11.3301;11.3301;150
20160119 113100;11.34;11.39;11.34;11.39;1300
20160119 113300;11.48;11.48;11.48;11.48;1000
20160119 113400;11.48;11.48;11.48;11.48;200
20160119 113500;11.49;11.5;11.48;11.48;688
20160119 113600;11.405;11.4599;11.405;11.4599;400
20160119 113900;11.35;11.35;11.34;11.35;300
20160119 114000;11.36;11.56;11.36;11.51;3300
20160119 114100;11.45;11.45;11.45;11.45;406
20160119 114200;11.45;11.45;11.45;11.45;200
20160119 114300;11.46;11.46;11.46;11.46;400
20160119 114800;11.36;11.36;11.36;11.36;100
20160119 114900;11.41;11.41;11.41;11.41;200
20160119 115200;11.4;11.4;11.39;11.39;200
20160119 115300;11.37;11.37;11.37;11.37;100
20160119 115600;11.36;11.36;11.36;11.36;100
20160119 120100;11.35;11.35;11.35;11.35;400
20160119 120200;11.35;11.39;11.35;11.366;1000
20160119 120300;11.35;11.37;11.35;11.35;1970
20160119 120400;11.31;11.31;11.31;11.31;300
20160119 120500;11.31;11.31;11.31;11.31;300
20160119 120600;11.31;11.344;11.3;11.3125;1800
20160119 120800;11.3;11.3;11.3;11.3;500
20160119 121000;11.3;11.33;11.3;11.33;1700
20160119 121200;11.3001;11.3001;11.3001;11.3001;400
20160119 121600;11.3;11.3;11.3;11.3;500
20160119 121800;11.3;11.3;11.3;11.3;700
20160119 122000;11.3;11.3;11.3;11.3;200
20160119 122400;11.3;11.3;11.3;11.3;300
20160119 122500;11.311;11.33;11.31;11.33;900
20160119 122700;11.32;11.3222;11.3;11.31;2200
20160119 122800;11.31;11.318;11.3;11.3;10400
20160119 122900;11.3;11.305;11.3;11.305;200
20160119 123000;11.305;11.305;11.305;11.305;107
20160119 123100;11.305;11.305;11.305;11.305;200
20160119 123300;11.305;11.31;11.3;11.3;3770
20160119 123400;11.305;11.31;11.3;11.3;7000
20160119 123500;11.3;11.3;11.3;11.3;600
20160119 123600;11.304;11.304;11.304;11.304;100
20160119 123900;11.305;11.305;11.305;11.305;621
20160119 124000;11.305;11.305;11.3;11.3;200
20160119 124200;11.305;11.305;11.305;11.305;200
20160119 124700;11.305;11.3061;11.305;11.3061;1506
20160119 124900;11.3;11.305;11.25;11.25;10600
20160119 125000;11.25;11.31;11.25;11.3;3220
20160119 125100;11.3;11.3;11.27;11.27;2300
20160119 125200;11.27;11.3;11.27;11.3;1100
20160119 125400;11.3;11.3;11.26;11.3;4000
20160119 125500;11.3;11.3;11.3;11.3;600
20160119 125600;11.3;11.3;11.276;11.3;400
20160119 125700;11.296;11.296;11.296;11.296;1000
20160119 125800;11.3;11.3;11.3;11.3;100
20160119 130300;11.26;11.295;11.26;11.27;700
20160119 130400;11.26;11.26;11.26;11.26;500
20160119 130500;11.28;11.3;11.26;11.26;2200
20160119 130600;11.288;11.288;11.26;11.26;900
20160119 130700;11.25;11.25;11.25;11.25;100
20160119 130800;11.25;11.25;11.21;11.21;900
20160119 130900;11.19;11.19;11.18;11.18;300
20160119 131100;11.17;11.18;11.17;11.18;600
20160119 131200;11.19;11.19;11.19;11.19;300
20160119 131500;11.17;11.17;11.17;11.17;800
20160119 131600;11.17;11.21;11.17;11.17;300
20160119 131900;11.14;11.17;11.13;11.13;300
20160119 132000;11.16;11.1699;11.15;11.1699;1400
20160119 132100;11.13;11.15;11.112;11.15;2199
20160119 132200;11.15;11.16;11.15;11.15;901
20160119 132400;11.11;11.125;11.11;11.11;400
20160119 132500;11.09;11.09;11.05;11.05;300
20160119 132600;11.06;11.06;11.06;11.06;100
20160119 132700;11.0793;11.0793;11.06;11.06;1100
20160119 132900;11.07;11.08;11.07;11.08;300
20160119 133200;11.08;11.08;11.08;11.08;200
20160119 133300;11.0101;11.0101;11.0101;11.0101;1000
20160119 133400;11.04;11.04;11.04;11.04;400
20160119 133500;11.02;11.02;11.01;11.01;500
20160119 133600;11.01;11.01;11;11;400
20160119 133800;11.01;11.01;11;11;2700
20160119 133900;11.01;11.01;11.01;11.01;200
20160119 134500;11.01;11.01;11;11;700
20160119 134600;11;11.01;11;11.01;600
20160119 134700;11.01;11.01;11.01;11.01;100
20160119 134800;11.01;11.01;11;11;400
20160119 134900;11;11;10.941;10.941;5804
20160119 135000;10.94;10.94;10.94;10.94;100
20160119 135200;10.92;10.96;10.91;10.96;1400
20160119 135300;10.97;10.97;10.97;10.97;200
20160119 135400;10.9499;10.9499;10.9;10.9;1000
20160119 135600;10.88;10.93;10.8799;10.93;1100
20160119 135800;10.92;10.94;10.92;10.94;500
20160119 135900;10.95;10.97;10.95;10.97;300
20160119 140000;10.97;10.97;10.9;10.9;1200
20160119 140800;10.86;10.86;10.86;10.86;100
20160119 140900;10.85;10.85;10.85;10.85;100
20160119 141000;10.81;10.81;10.8;10.8;400
20160119 141100;10.8155;10.8199;10.77;10.77;1100
20160119 141200;10.76;10.7765;10.76;10.7601;2722
20160119 141400;10.7558;10.766;10.718;10.718;1101
20160119 141900;10.7;10.7;10.7;10.7;500
20160119 142000;10.69;10.69;10.69;10.69;300
20160119 142100;10.67;10.67;10.67;10.67;300
20160119 142200;10.67;10.68;10.67;10.68;300
20160119 142300;10.74;10.74;10.74;10.74;100
20160119 142500;10.74;10.75;10.74;10.75;200
20160119 142600;10.75;10.75;10.735;10.735;600
20160119 142800;10.74;10.8;10.74;10.8;9700
20160119 143100;10.76;10.76;10.76;10.76;200
20160119 143200;10.76;10.76;10.76;10.76;200
20160119 143300;10.75;10.75;10.75;10.75;400
20160119 143400;10.708;10.708;10.7;10.7;1506
20160119 143500;10.705;10.705;10.705;10.705;200
20160119 143700;10.69;10.69;10.67;10.67;800
20160119 143800;10.66;10.67;10.654;10.654;954
20160119 143900;10.67;10.67;10.67;10.67;100
20160119 144200;10.66;10.66;10.66;10.66;100
20160119 144300;10.66;10.715;10.66;10.715;300
20160119 144400;10.6727;10.6727;10.6727;10.6727;1300
20160119 144500;10.6993;10.7;10.6993;10.7;1350
20160119 144600;10.66;10.66;10.66;10.66;800
20160119 144900;10.65;10.72;10.65;10.72;495
20160119 145100;10.65;10.65;10.65;10.65;400
20160119 145200;10.65;10.65;10.65;10.65;2200
20160119 145300;10.66;10.66;10.66;10.66;100
20160119 145400;10.66;10.66;10.65;10.65;400
20160119 145700;10.65;10.65;10.52;10.53;5768
20160119 145900;10.56;10.5958;10.56;10.5958;300
20160119 150000;10.5868;10.5868;10.5868;10.5868;100
20160119 151200;10.54;10.54;10.51;10.51;400
20160119 151500;10.53;10.53;10.53;10.53;200
20160119 151600;10.52;10.52;10.52;10.52;100
20160119 151800;10.51;10.51;10.5;10.5;2200
20160119 152100;10.5;10.5;10.5;10.5;100
20160119 152500;10.54;10.54;10.54;10.54;100
20160119 152600;10.5;10.5;10.5;10.5;100
20160119 152700;10.516;10.54;10.516;10.54;850
20160119 153100;10.58;10.64;10.538;10.62;1100
20160119 153200;10.65;10.66;10.62;10.62;1020
20160119 153600;10.62;10.63;10.54;10.63;2405
20160119 153800;10.56;10.56;10.56;10.56;100
20160119 153900;10.55;10.55;10.55;10.55;100
20160119 154100;10.59;10.63;10.59;10.63;900
20160119 154200;10.64;10.74;10.64;10.74;1300
20160119 154300;10.6875;10.6875;10.6875;10.6875;250
20160119 154600;10.72;10.72;10.72;10.72;600
20160119 154700;10.72;10.72;10.72;10.72;100
20160119 155100;10.73;10.73;10.73;10.73;100
20160119 155200;10.7;10.89;10.7;10.88;11353
20160119 155300;10.89;10.9;10.82;10.82;900
20160119 155400;10.84;10.85;10.84;10.84;1000
20160119 155600;10.84;10.84;10.84;10.84;300
20160119 155700;10.81;10.81;10.81;10.81;300
20160119 155800;10.81;10.81;10.79;10.79;200
20160119 155900;10.76;10.79;10.76;10.79;622
20160119 160000;10.75;10.76;10.73;10.76;400
20160119 183300;11.25;11.25;11.25;11.25;1000
20160120 093600;10.47;10.51;10.47;10.47;300
20160120 093700;10.46;10.53;10.45;10.45;700
20160120 093800;10.33;10.33;10.3;10.3;1300
20160120 093900;10.3;10.3;10.25;10.25;1700
20160120 094100;10.17;10.21;10.155;10.21;900
20160120 094200;10.1;10.1;10.1;10.1;400
20160120 094300;10.05;10.14;10.05;10.14;1100
20160120 094600;10.17;10.17;10.12;10.12;600
20160120 094800;10.1633;10.1633;10.1633;10.1633;400
20160120 095100;10.25;10.27;10.25;10.27;200
20160120 095500;10.24;10.24;10.24;10.24;100
20160120 095600;10.25;10.25;10.21;10.21;1300
20160120 095700;10.21;10.2599;10.21;10.2599;300
20160120 095800;10.205;10.23;10.205;10.23;300
20160120 100100;10.384;10.384;10.384;10.384;200
20160120 100200;10.38;10.4;10.3;10.3;1400
20160120 100400;10.3;10.3;10.294;10.294;242
20160120 100700;10.25;10.25;10.24;10.24;1400
20160120 100800;10.23;10.23;10.19;10.19;1300
20160120 101000;10.19;10.19;10.19;10.19;600
20160120 101100;10.23;10.23;10.2299;10.23;300
20160120 101200;10.23;10.23;10.23;10.23;100
20160120 101400;10.23;10.23;10.23;10.23;100
20160120 101600;10.1901;10.1901;10.1901;10.1901;2200
20160120 101700;10.1901;10.1901;10.1146;10.125;3600
20160120 101900;10.06;10.06;10.06;10.06;100
20160120 102000;10.06;10.08;10.05;10.08;1000
20160120 102100;10.034;10.034;10.01;10.01;2100
20160120 102200;9.91;9.91;9.86;9.86;2350
20160120 102300;9.86;9.93;9.83;9.93;500
20160120 102500;9.83;9.83;9.83;9.83;300
20160120 102600;9.89;9.89;9.89;9.89;231
20160120 102800;9.83;9.83;9.83;9.83;100
20160120 102900;9.82;9.82;9.75;9.75;2600
20160120 103100;9.82;9.83;9.8;9.8;300
20160120 103400;9.81;9.81;9.81;9.81;100
20160120 103600;9.78;9.78;9.761;9.761;500
20160120 103700;9.76;9.76;9.76;9.76;400
20160120 103800;9.8146;9.8146;9.75;9.75;1142
20160120 103900;9.75;9.75;9.68;9.6801;950
20160120 104000;9.7138;9.73;9.7138;9.73;900
20160120 104100;9.74;9.74;9.74;9.74;100
20160120 104500;9.7696;9.77;9.7696;9.77;2100
20160120 104600;9.85;9.85;9.85;9.85;100
20160120 104800;9.8801;9.8801;9.8801;9.8801;100
20160120 105000;9.91;9.91;9.908;9.9085;1700
20160120 105100;9.905;9.905;9.86;9.87;1400
20160120 105500;9.8633;9.8633;9.8633;9.8633;350
20160120 105600;9.88;9.88;9.88;9.88;125
20160120 105700;9.878;9.88;9.8601;9.87;700
20160120 105900;9.86;9.87;9.81;9.81;1444
20160120 110000;9.8001;9.8001;9.8001;9.8001;100
20160120 110200;9.82;9.82;9.82;9.82;100
20160120 110400;9.8886;9.9102;9.8886;9.9102;800
20160120 110700;9.93;9.93;9.902;9.902;300
20160120 110900;10.005;10.01;10.005;10.01;378
20160120 111100;9.995;9.995;9.995;9.995;100
20160120 111200;10;10;10;10;200
20160120 111300;10.01;10.01;9.9966;10;700
20160120 111400;9.992;9.992;9.992;9.992;1250
20160120 111700;10.01;10.05;10.0099;10.05;3500
20160120 111800;10.05;10.05;10.05;10.05;358
20160120 111900;10.0301;10.13;10.0301;10.0501;1800
20160120 112000;10.0787;10.0787;10.0787;10.0787;800
20160120 112200;10.085;10.085;10.085;10.085;100
20160120 112300;10.0701;10.1;10.0701;10.1;500
20160120 112400;10.1406;10.1406;10.1406;10.1406;150
20160120 112700;10.16;10.2099;10.16;10.2099;350
20160120 112800;10.155;10.155;10.155;10.155;100
20160120 112900;10.145;10.146;10.14;10.14;600
20160120 113000;10.13;10.13;10.11;10.11;400
20160120 113200;10.1125;10.1125;10.1125;10.1125;100
20160120 113300;10.11;10.11;10.11;10.11;100
20160120 113600;10.13;10.14;10.1299;10.14;1300
20160120 113700;10.1599;10.1599;10.1525;10.1525;200
20160120 114200;10.159;10.159;10.159;10.159;500
20160120 114300;10.16;10.17;10.16;10.17;700
20160120 114400;10.17;10.18;10.1669;10.1669;700
20160120 114500;10.17;10.2;10.17;10.2;400
20160120 114800;10.21;10.21;10.2099;10.2099;600
20160120 115000;10.21;10.21;10.21;10.21;200
20160120 115100;10.2;10.2001;10.2;10.2001;2200
20160120 115200;10.2059;10.2059;10.2059;10.2059;250
20160120 115500;10.209;10.21;10.2078;10.2078;3700
20160120 115600;10.205;10.205;10.2;10.2;300
20160120 115700;10.205;10.205;10.205;10.205;100
20160120 115900;10.21;10.21;10.204;10.204;300
20160120 120000;10.21;10.28;10.21;10.28;600
20160120 120100;10.244;10.2899;10.244;10.2899;500
20160120 120400;10.2401;10.255;10.2401;10.255;200
20160120 121100;10.25;10.252;10.25;10.25;800
20160120 121200;10.26;10.26;10.26;10.26;300
20160120 121300;10.27;10.2959;10.27;10.2959;1600
20160120 121400;10.28;10.28;10.28;10.28;250
20160120 121600;10.33;10.33;10.33;10.33;1100
20160120 121700;10.36;10.36;10.36;10.36;100
20160120 121800;10.36;10.36;10.36;10.36;100
20160120 122000;10.32;10.32;10.3;10.3;300
20160120 122100;10.3001;10.3001;10.3001;10.3001;1000
20160120 122200;10.3001;10.305;10.3001;10.305;1100
20160120 122300;10.305;10.305;10.22;10.22;2000
20160120 122400;10.21;10.21;10.21;10.21;100
20160120 122700;10.2075;10.2075;10.2001;10.2001;350
20160120 123300;10.206;10.206;10.206;10.206;120
20160120 124000;10.205;10.21;10.205;10.21;900
20160120 124100;10.2;10.21;10.155;10.16;3287
20160120 124400;10.16;10.16;10.16;10.16;300
20160120 124500;10.18;10.18;10.1799;10.1799;1200
20160120 125100;10.175;10.175;10.175;10.175;220
20160120 125300;10.1701;10.18;10.1701;10.18;200
20160120 125400;10.19;10.19;10.19;10.19;100
20160120 125700;10.19;10.2;10.19;10.2;500
20160120 125800;10.2072;10.2098;10.205;10.205;2720
20160120 125900;10.205;10.205;10.2;10.205;1341
20160120 130100;10.205;10.205;10.2;10.205;1400
20160120 130200;10.16;10.16;10.16;10.16;100
20160120 130300;10.17;10.186;10.17;10.186;1000
20160120 130600;10.178;10.178;10.178;10.178;150
20160120 130700;10.17;10.17;10.17;10.17;100
20160120 131000;10.1601;10.1601;10.1601;10.1601;100
20160120 131200;10.165;10.165;10.165;10.165;100
20160120 131600;10.155;10.16;10.1;10.1001;2500
20160120 131900;10.0991;10.19;10.0958;10.19;1800
20160120 132000;10.1001;10.1001;10.1001;10.1001;100
20160120 132200;10.1;10.1;10.1;10.1;100
20160120 132300;10.1051;10.1051;10.1051;10.1051;200
20160120 132900;10.1101;10.1101;10.1101;10.1101;100
20160120 133100;10.1101;10.1101;10.1101;10.1101;100
20160120 133900;10.115;10.117;10.115;10.117;3000
20160120 134000;10.12;10.12;10.12;10.12;100
20160120 134500;10.12;10.12;10.12;10.12;100
20160120 134700;10.1101;10.1101;10.1101;10.1101;100
20160120 135200;10.13;10.21;10.13;10.21;4200
20160120 135400;10.2;10.2;10.2;10.2;300
20160120 135600;10.2;10.2;10.1801;10.1834;1200
20160120 135800;10.184;10.184;10.1812;10.182;1610
20160120 140000;10.185;10.19;10.185;10.19;700
20160120 140200;10.18;10.18;10.18;10.18;400
20160120 140300;10.17;10.17;10.17;10.17;100
20160120 140700;10.166;10.166;10.1601;10.1601;500
20160120 140900;10.166;10.166;10.15;10.15;1148
20160120 141000;10.15;10.156;10.15;10.156;550
20160120 141100;10.156;10.16;10.155;10.155;600
20160120 141500;10.17;10.17;10.1647;10.1647;623
20160120 141700;10.1596;10.1596;10.1596;10.1596;2450
20160120 142100;10.1501;10.1501;10.1501;10.1501;100
20160120 142600;10.16;10.16;10.158;10.158;600
20160120 142700;10.2;10.2;10.18;10.18;200
20160120 143300;10.165;10.18;10.1601;10.18;900
20160120 143400;10.18;10.21;10.18;10.2095;800
20160120 143700;10.2;10.2;10.2;10.2;100
20160120 143900;10.19;10.19;10.19;10.19;100
20160120 144000;10.19;10.19;10.1801;10.1801;200
20160120 144400;10.2;10.2;10.2;10.2;400
20160120 145200;10.19;10.19;10.19;10.19;1200
20160120 145300;10.205;10.205;10.205;10.205;692
20160120 145400;10.2001;10.2001;10.2001;10.2001;100
20160120 145500;10.205;10.205;10.205;10.205;100
20160120 145600;10.205;10.205;10.205;10.205;900
20160120 145700;10.205;10.205;10.205;10.205;100
20160120 145800;10.2051;10.2051;10.205;10.205;1200
20160120 150100;10.2051;10.2051;10.2051;10.2051;1000
20160120 150700;10.205;10.21;10.205;10.205;800
20160120 150800;10.2001;10.205;10.2001;10.205;300
20160120 151000;10.21;10.21;10.21;10.21;400
20160120 151100;10.205;10.205;10.205;10.205;100
20160120 151200;10.205;10.205;10.205;10.205;100
20160120 151300;10.21;10.21;10.21;10.21;200
20160120 151600;10.21;10.21;10.21;10.21;200
20160120 151700;10.26;10.26;10.26;10.26;100
20160120 152000;10.335;10.335;10.335;10.335;200
20160120 152100;10.3201;10.3201;10.3201;10.3201;100
20160120 152200;10.35;10.35;10.35;10.35;100
20160120 152300;10.3793;10.38;10.365;10.365;500
20160120 152400;10.38;10.38;10.38;10.38;300
20160120 152600;10.365;10.365;10.365;10.365;100
20160120 152700;10.365;10.365;10.365;10.365;200
20160120 153100;10.365;10.37;10.365;10.37;1400
20160120 153200;10.3501;10.3501;10.3501;10.3501;100
20160120 153300;10.38;10.38;10.37;10.375;3000
20160120 153400;10.375;10.3798;10.375;10.375;900
20160120 153500;10.37;10.37;10.37;10.37;300
20160120 153600;10.37;10.375;10.35;10.35;3100
20160120 153800;10.3501;10.3501;10.3501;10.3501;100
20160120 154100;10.3501;10.355;10.3501;10.355;200
20160120 154200;10.35;10.355;10.35;10.355;700
20160120 154500;10.355;10.355;10.3501;10.3501;200
20160120 154600;10.355;10.355;10.355;10.355;200
20160120 154900;10.355;10.355;10.355;10.355;100
20160120 155000;10.35;10.35;10.35;10.35;200
20160120 155200;10.355;10.355;10.355;10.355;200
20160120 155300;10.3566;10.3566;10.3566;10.3566;625
20160120 155500;10.35;10.355;10.35;10.3501;4600
20160120 155600;10.36;10.36;10.355;10.355;200
20160120 155700;10.3501;10.355;10.35;10.35;300
20160120 155800;10.345;10.345;10.22;10.29;1300
20160120 155900;10.29;10.29;10.27;10.27;900
20160120 160000;10.2701;10.32;10.27;10.285;1915
20160120 173000;10.3;10.3;10.3;10.3;400
20160121 093700;10.262;10.47;10.262;10.47;1100
20160121 093900;10.55;10.55;10.55;10.55;400
20160121 094000;10.42;10.42;10.4;10.42;833
20160121 094200;10.415;10.59;10.3801;10.59;2292
20160121 094400;10.58;10.58;10.58;10.58;100
20160121 094700;10.5699;10.5699;10.5699;10.5699;1000
20160121 095000;10.515;10.515;10.515;10.515;100
20160121 095100;10.515;10.515;10.515;10.515;100
20160121 095200;10.47;10.47;10.47;10.47;100
20160121 095500;10.5142;10.5142;10.5142;10.5142;1000
20160121 095700;10.5502;10.5502;10.5502;10.5502;1000
20160121 095800;10.525;10.525;10.48;10.48;400
20160121 100000;10.52;10.52;10.52;10.52;100
20160121 100100;10.52;10.53;10.52;10.52;700
20160121 100200;10.54;10.545;10.54;10.54;341
20160121 100300;10.53;10.5445;10.53;10.54;300
20160121 100400;10.55;10.55;10.53;10.53;1400
20160121 100500;10.52;10.52;10.52;10.52;400
20160121 100600;10.53;10.53;10.515;10.515;700
20160121 100700;10.53;10.54;10.52;10.54;400
20160121 100800;10.53;10.545;10.5;10.5;2800
20160121 100900;10.52;10.52;10.5;10.5;2725
20160121 101000;10.505;10.505;10.505;10.505;100
20160121 101100;10.505;10.505;10.505;10.505;100
20160121 101200;10.505;10.505;10.505;10.505;500
20160121 101300;10.505;10.5099;10.5001;10.5001;700
20160121 101500;10.505;10.505;10.5;10.5;700
20160121 101600;10.505;10.505;10.505;10.505;100
20160121 101700;10.51;10.51;10.51;10.51;100
20160121 102000;10.505;10.505;10.5001;10.505;600
20160121 102400;10.5;10.5;10.49;10.49;200
20160121 102500;10.48;10.48;10.41;10.41;1400
20160121 102600;10.41;10.41;10.41;10.41;100
20160121 102900;10.45;10.45;10.45;10.45;400
20160121 103000;10.45;10.45;10.4301;10.437;2097
20160121 103100;10.488;10.488;10.488;10.488;500
20160121 103200;10.5;10.5;10.5;10.5;300
20160121 103300;10.45;10.45;10.45;10.45;100
20160121 103600;10.54;10.57;10.51;10.55;5590
20160121 103700;10.56;10.56;10.48;10.5;4100
20160121 103800;10.4099;10.4099;10.4;10.4;1300
20160121 104100;10.41;10.41;10.41;10.41;600
20160121 104500;10.538;10.561;10.53;10.53;1500
20160121 104600;10.56;10.57;10.56;10.57;400
20160121 104800;10.6758;10.6758;10.62;10.6494;2450
20160121 104900;10.72;10.72;10.6401;10.666;3250
20160121 105000;10.69;10.72;10.69;10.72;200
20160121 105200;10.7348;10.7348;10.7348;10.7348;400
20160121 105300;10.71;10.71;10.68;10.695;700
20160121 105400;10.71;10.71;10.71;10.71;200
20160121 105500;10.76;10.81;10.76;10.81;3150
20160121 105600;10.815;10.856;10.815;10.84;3180
20160121 105700;10.86;10.86;10.85;10.85;3200
20160121 105800;10.85;10.85;10.85;10.85;2800
20160121 105900;10.855;10.87;10.855;10.8575;3000
20160121 110100;10.91;10.91;10.91;10.91;100
20160121 110300;10.8899;10.8899;10.88;10.88;400
20160121 110500;10.905;10.905;10.905;10.905;1100
20160121 110600;10.915;10.92;10.915;10.92;300
20160121 110700;10.915;10.92;10.91;10.91;1200
20160121 110800;10.91;10.91;10.91;10.91;400
20160121 110900;10.9002;10.935;10.9002;10.935;1400
20160121 111000;10.95;10.955;10.93;10.93;2000
20160121 111100;10.95;10.96;10.94;10.96;2000
20160121 111200;10.9754;11.026;10.9754;11.02;1950
20160121 111300;11.005;11.005;10.98;10.9804;500
20160121 111400;10.9886;10.9886;10.9886;10.9886;350
20160121 111500;10.9801;10.9801;10.98;10.98;400
20160121 111600;11.0021;11.0021;11.0021;11.0021;200
20160121 111700;10.9872;11.01;10.9872;11.01;350
20160121 111800;11.03;11.03;11.005;11.005;2300
20160121 111900;11.005;11.005;11.005;11.005;100
20160121 112000;11;11;11;11;300
20160121 112300;10.9301;10.95;10.9201;10.9201;600
20160121 112400;10.95;10.95;10.94;10.94;200
20160121 112500;10.92;10.92;10.92;10.92;100
20160121 112600;10.9268;10.9268;10.896;10.896;2450
20160121 113100;10.91;10.91;10.91;10.91;175
20160121 113200;10.8715;10.902;10.8715;10.902;1683
20160121 113300;10.915;10.915;10.915;10.915;100
20160121 113600;10.9486;10.97;10.9486;10.97;1350
20160121 113700;10.96;11;10.96;11;200
20160121 113800;11.03;11.03;11.03;11.03;200
20160121 114300;11.08;11.08;11.08;11.08;100
20160121 114400;11.09;11.09;11.09;11.09;300
20160121 114800;11.07;11.07;11.06;11.06;800
20160121 114900;11;11;11;11;300
20160121 115000;11.04;11.04;11.04;11.04;100
20160121 115100;11.06;11.07;11.04;11.06;1800
20160121 115200;11.04;11.04;11;11;1400
20160121 115300;11.04;11.06;11.04;11.06;1500
20160121 115400;11.07;11.0999;11.04;11.04;4050
20160121 115500;11.05;11.08;11.03;11.03;1700
20160121 115600;11.03;11.03;11.03;11.03;200
20160121 115700;11.04;11.06;11.04;11.045;1300
20160121 115800;11.07;11.08;11.01;11.01;3500
20160121 115900;11.01;11.01;11.01;11.01;3400
20160121 120000;11.02;11.0694;11.02;11.03;1251
20160121 120100;11.03;11.03;11.03;11.03;800
20160121 120200;11.06;11.0695;11.06;11.0695;400
20160121 120300;11.075;11.075;11.07;11.0721;1400
20160121 120400;11.075;11.075;11.05;11.05;1000
20160121 120500;11.05;11.0999;11.03;11.03;3700
20160121 120600;11.02;11.02;11.02;11.02;1600
20160121 120700;11.09;11.09;11.075;11.075;1100
20160121 120800;11.065;11.07;11.065;11.07;400
20160121 120900;11.06;11.06;11.06;11.06;1000
20160121 121000;11.0655;11.0655;11.0655;11.0655;1500
20160121 121100;11.08;11.08;11.06;11.07;1200
20160121 121200;11.085;11.085;11.01;11.01;2300
20160121 121300;11.02;11.02;11.015;11.015;1100
20160121 121400;11.04;11.0721;11.03;11.065;2200
20160121 121500;11.04;11.04;11.01;11.01;2900
20160121 121600;10.93;10.97;10.93;10.97;500
20160121 121700;10.94;10.97;10.94;10.97;700
20160121 121800;10.99;10.99;10.99;10.99;200
20160121 121900;10.96;11;10.96;11;400
20160121 122000;11;11.0565;11;11.0565;2300
20160121 122700;11.02;11.02;10.96;10.99;1800
20160121 122800;10.99;10.99;10.99;10.99;300
20160121 122900;11;11.049;11;11.01;1886
20160121 123000;11.02;11.02;11;11.01;600
20160121 123100;11.01;11.01;11.01;11.01;400
20160121 123700;11.02;11.02;11.02;11.02;200
20160121 123800;11.014;11.014;11.014;11.014;700
20160121 123900;11.0005;11.0005;11.0005;11.0005;5000
20160121 124000;11.01;11.01;11.01;11.01;200
20160121 124100;11.025;11.025;11.0201;11.0201;200
20160121 124200;11;11;11;11;100
20160121 125200;11.0487;11.0487;11.01;11.025;950
20160121 125300;11.0402;11.0402;11.0402;11.0402;500
20160121 125400;11.05;11.05;11.05;11.05;100
20160121 125600;11.04;11.049;11.04;11.049;350
20160121 125700;11.0336;11.0336;11.0101;11.03;1500
20160121 125800;11.03;11.03;11;11.004;4150
20160121 125900;11.004;11.02;11.004;11.02;1100
20160121 130100;11.005;11.005;11.005;11.005;300
20160121 130200;11;11;11;11;100
20160121 130400;11.0262;11.0262;11.0262;11.0262;1000
20160121 130900;11.015;11.015;11.015;11.015;300
20160121 131000;11.03;11.03;11.03;11.03;400
20160121 131100;11.02;11.03;11.02;11.03;2087
20160121 131200;11.03;11.03;10.9605;11;8913
20160121 131300;11.01;11.01;11;11;400
20160121 131400;11.02;11.07;11.0101;11.0101;3580
20160121 132200;11.02;11.02;11.02;11.02;100
20160121 133500;11.0101;11.0101;11.0101;11.0101;2000
20160121 133600;11.015;11.015;11.015;11.015;100
20160121 133700;11.02;11.02;10.96;10.96;402
20160121 133800;10.96;10.96;10.96;10.96;406
20160121 133900;10.97;10.97;10.97;10.97;100
20160121 134000;10.97;10.97;10.97;10.97;300
20160121 134200;10.96;10.96;10.96;10.96;100
20160121 134600;10.97;10.97;10.97;10.97;300
20160121 134700;10.96;10.96;10.96;10.96;100
20160121 135600;10.97;10.97;10.97;10.97;100
20160121 140800;10.9;10.9611;10.72;10.76;10077
20160121 140900;10.744;10.82;10.7101;10.82;950
20160121 141000;10.76;10.764;10.59;10.6;4895
20160121 141100;10.7;10.73;10.6401;10.7299;1000
20160121 141200;10.7499;10.755;10.72;10.72;1000
20160121 141300;10.7;10.71;10.69;10.71;400
20160121 141400;10.68;10.685;10.45;10.59;5400
20160121 141500;10.57;10.6;10.5601;10.6;400
20160121 141600;10.59;10.59;10.21;10.2301;12403
20160121 141700;10.335;10.39;10.27;10.35;1000
20160121 141800;10.38;10.4;10.28;10.29;5672
20160121 141900;10.28;10.29;10.11;10.2124;6125
20160121 142000;10.15;10.15;10.0898;10.0898;3200
20160121 142100;10.09;10.25;10.08;10.25;2000
20160121 142200;10.265;10.27;10.265;10.27;400
20160121 142300;10.3;10.31;10.285;10.31;900
20160121 142400;10.3159;10.36;10.3159;10.3578;800
20160121 142500;10.359;10.359;10.32;10.32;800
20160121 142600;10.35;10.35;10.3301;10.3301;550
20160121 142700;10.3543;10.38;10.3543;10.38;1501
20160121 142800;10.38;10.39;10.3301;10.3401;950
20160121 143000;10.43;10.43;10.42;10.42;200
20160121 143100;10.42;10.42;10.41;10.41;200
20160121 143200;10.4599;10.4599;10.4599;10.4599;100
20160121 143300;10.4;10.4;10.37;10.37;600
20160121 143500;10.39;10.4;10.39;10.4;400
20160121 143700;10.36;10.37;10.36;10.37;200
20160121 144000;10.42;10.43;10.32;10.4285;2832
20160121 144200;10.43;10.43;10.3301;10.42;1200
20160121 144300;10.43;10.43;10.43;10.43;100
20160121 144500;10.46;10.46;10.46;10.46;100
20160121 144700;10.42;10.42;10.42;10.42;100
20160121 144800;10.43;10.43;10.42;10.42;400
20160121 145000;10.4201;10.4201;10.4201;10.4201;2000
20160121 145100;10.4438;10.47;10.4438;10.47;1600
20160121 145200;10.48;10.48;10.45;10.45;200
20160121 145400;10.49;10.49;10.49;10.49;100
20160121 145500;10.51;10.55;10.51;10.55;400
20160121 145700;10.55;10.63;10.55;10.63;400
20160121 150200;10.62;10.62;10.62;10.62;100
20160121 150400;10.61;10.62;10.61;10.61;400
20160121 150700;10.605;10.605;10.605;10.605;100
20160121 151200;10.58;10.58;10.58;10.58;100
20160121 151300;10.58;10.63;10.58;10.63;400
20160121 151400;10.63;10.68;10.63;10.68;200
20160121 151700;10.698;10.7;10.658;10.7;900
20160121 151900;10.6758;10.7;10.6758;10.7;2269
20160121 152200;10.74;10.74;10.74;10.74;100
20160121 152300;10.7;10.7;10.69;10.7;400
20160121 152400;10.69;10.69;10.69;10.69;200
20160121 152700;10.68;10.73;10.68;10.73;300
20160121 152800;10.7573;10.7573;10.7573;10.7573;200
20160121 152900;10.79;10.8;10.79;10.796;1200
20160121 153000;10.7723;10.82;10.7501;10.784;3900
20160121 153100;10.82;10.87;10.82;10.87;551
20160121 153200;10.88;10.88;10.83;10.83;300
20160121 153600;10.92;10.94;10.9;10.905;600
20160121 153700;10.9;10.9;10.9;10.9;200
20160121 153800;10.95;10.95;10.93;10.93;300
20160121 153900;10.935;10.96;10.86;10.9;2550
20160121 154000;10.9199;10.9199;10.89;10.89;300
20160121 154100;10.9;10.9;10.9;10.9;300
20160121 154200;10.88;10.88;10.88;10.88;350
20160121 154400;10.9166;10.9166;10.9166;10.9166;300
20160121 154500;10.909;10.909;10.9;10.9;400
20160121 154600;10.9;10.9;10.9;10.9;100
20160121 154700;10.9;10.9;10.88;10.89;550
20160121 154800;10.9;10.9;10.9;10.9;250
20160121 155100;10.89;10.92;10.89;10.92;1100
20160121 155200;10.93;10.93;10.87;10.87;600
20160121 155300;10.91;10.93;10.8601;10.93;2195
20160121 155400;10.8701;10.93;10.8701;10.899;3200
20160121 155500;10.93;11;10.9001;10.94;8054
20160121 155600;10.98;10.98;10.975;10.975;200
20160121 155800;10.98;10.98;10.96;10.96;300
20160121 155900;10.97;11;10.97;11;300
20160121 160000;11;11.01;10.97;11.01;3198
20160121 165300;10.99;10.99;10.99;10.99;800
20160122 093400;11.41;11.41;11.41;11.41;100
20160122 093500;11.43;11.5;11.41;11.5;1900
20160122 093600;11.55;11.55;11.5495;11.5495;932
20160122 093700;11.72;11.75;11.72;11.75;200
20160122 093800;11.5623;11.77;11.5623;11.77;600
20160122 093900;11.76;11.76;11.6;11.6;700
20160122 094100;11.78;11.78;11.78;11.78;100
20160122 094200;11.79;11.8886;11.71;11.71;2700
20160122 094700;11.78;11.78;11.78;11.78;100
20160122 094900;11.78;11.9;11.77;11.9;5500
20160122 095100;11.867;11.867;11.867;11.867;2000
20160122 095300;11.9;11.9;11.9;11.9;100
20160122 095400;11.95;11.95;11.9;11.939;2400
20160122 095600;11.955;12.29;11.955;12.28;7149
20160122 095700;12.19;12.19;12.19;12.19;100
20160122 095800;12.195;12.2099;12.16;12.205;1000
20160122 095900;12.21;12.21;11.95;11.95;2800
20160122 100000;12.1199;12.1199;12.1199;12.1199;350
20160122 100100;12.05;12.12;12.05;12.12;1000
20160122 100200;12.05;12.05;11.945;11.961;6404
20160122 100300;11.98;11.98;11.98;11.98;200
20160122 100400;11.99;11.99;11.99;11.99;1000
20160122 100500;12.025;12.025;12.02;12.02;2600
20160122 100800;12.16;12.16;12.11;12.11;500
20160122 100900;12.1;12.1;12.0901;12.0901;200
20160122 101000;12.13;12.13;12.11;12.11;300
20160122 101100;12.06;12.07;12.05;12.05;1500
20160122 101200;11.98;11.98;11.945;11.945;3300
20160122 101600;11.92;11.944;11.92;11.93;2500
20160122 101700;11.9;11.91;11.9;11.9;600
20160122 101800;11.84;11.84;11.84;11.84;400
20160122 101900;11.87;11.9;11.87;11.9;1900
20160122 102100;11.91;11.97;11.91;11.97;200
20160122 102300;11.97;11.97;11.95;11.97;2000
20160122 102400;11.88;11.92;11.88;11.92;2749
20160122 102800;11.94;11.94;11.9;11.9;400
20160122 103500;11.94;11.94;11.94;11.94;200
20160122 103700;11.87;11.87;11.852;11.852;1000
20160122 104300;11.87;11.94;11.8699;11.88;807
20160122 105100;11.9;11.9;11.89;11.89;870
20160122 105200;11.87;11.87;11.81;11.81;1213
20160122 110200;11.77;11.77;11.77;11.77;100
20160122 110300;11.75;11.75;11.75;11.75;200
20160122 110400;11.71;11.71;11.71;11.71;100
20160122 110500;11.67;11.67;11.67;11.67;100
20160122 110600;11.68;11.68;11.67;11.67;381
20160122 111000;11.6795;11.72;11.67;11.72;500
20160122 111300;11.78;11.78;11.78;11.78;300
20160122 111600;11.69;11.77;11.67;11.67;534
20160122 111800;11.7394;11.7785;11.7394;11.7785;1700
20160122 111900;11.755;11.76;11.755;11.76;200
20160122 112000;11.76;11.76;11.76;11.76;100
20160122 112100;11.76;11.76;11.76;11.76;200
20160122 112200;11.76;11.76;11.76;11.76;200
20160122 112300;11.765;11.765;11.765;11.765;100
20160122 112400;11.765;11.765;11.765;11.765;500
20160122 112500;11.765;11.765;11.765;11.765;100
20160122 112700;11.75;11.75;11.75;11.75;200
20160122 112900;11.76;11.7661;11.71;11.71;1700
20160122 113000;11.72;11.73;11.72;11.73;500
20160122 113600;11.66;11.66;11.66;11.66;100
20160122 113700;11.68;11.68;11.67;11.6795;300
20160122 113800;11.685;11.75;11.685;11.75;400
20160122 113900;11.75;11.75;11.75;11.75;200
20160122 114100;11.74;11.74;11.74;11.74;200
20160122 114300;11.72;11.72;11.72;11.72;400
20160122 114900;11.6901;11.6901;11.6901;11.6901;370
20160122 115300;11.765;11.765;11.765;11.765;200
20160122 115400;11.765;11.765;11.765;11.765;700
20160122 115500;11.765;11.765;11.765;11.765;300
20160122 115700;11.75;11.75;11.75;11.75;200
20160122 120700;11.75;11.76;11.75;11.75;1000
20160122 120800;11.76;11.78;11.76;11.76;300
20160122 120900;11.8;11.8;11.8;11.8;100
20160122 121000;11.81;11.81;11.81;11.81;300
20160122 121100;11.77;11.77;11.77;11.77;100
20160122 121500;11.79;11.79;11.77;11.79;300
20160122 121700;11.77;11.77;11.77;11.77;600
20160122 121800;11.69;11.72;11.69;11.72;200
20160122 122100;11.72;11.75;11.72;11.75;200
20160122 122200;11.78;11.78;11.765;11.78;1000
20160122 122300;11.79;11.8468;11.75;11.75;1700
20160122 122400;11.79;11.79;11.79;11.79;100
20160122 122700;11.8492;11.8492;11.8492;11.8492;475
20160122 122800;11.8693;11.8693;11.81;11.81;1265
20160122 122900;11.8;11.8;11.8;11.8;600
20160122 123000;11.77;11.77;11.77;11.77;2000
20160122 123100;11.71;11.79;11.71;11.79;2699
20160122 123200;11.79;11.79;11.76;11.76;400
20160122 123300;11.76;11.78;11.72;11.78;2200
20160122 123400;11.78;11.78;11.71;11.71;400
20160122 123500;11.775;11.78;11.775;11.78;500
20160122 123600;11.73;11.79;11.73;11.79;700
20160122 123700;11.73;11.8;11.73;11.8;1500
20160122 123800;11.82;11.82;11.82;11.82;100
20160122 123900;11.87;11.88;11.87;11.88;300
20160122 124000;11.88;11.9;11.88;11.9;250
20160122 124100;11.95;12;11.95;12;1727
20160122 124200;12;12;11.97;12;1100
20160122 124300;12.15;12.15;12.15;12.15;100
20160122 124400;12.07;12.07;12.02;12.02;600
20160122 124800;11.99;11.99;11.99;11.99;100
20160122 124900;11.979;11.979;11.979;11.979;478
20160122 125000;11.95;11.95;11.93;11.93;600
20160122 130100;11.9;11.9;11.9;11.9;100
20160122 130800;11.85;11.85;11.85;11.85;100
20160122 131600;11.792;11.792;11.7595;11.7595;4000
20160122 132100;11.88;11.88;11.88;11.88;200
20160122 132200;11.9;11.9;11.9;11.9;400
20160122 132900;11.937;11.937;11.937;11.937;101
20160122 133000;11.91;11.9101;11.91;11.9101;1150
20160122 133400;11.94;11.94;11.94;11.94;100
20160122 133500;11.91;11.91;11.91;11.91;150
20160122 134100;11.966;11.97;11.966;11.97;300
20160122 135000;12;12.058;12;12.058;1400
20160122 135100;12.1;12.1;12.1;12.1;100
20160122 135400;12.087;12.1;12.0535;12.0535;1500
20160122 135800;12.1;12.1;12.1;12.1;100
20160122 140200;12.0999;12.0999;12.0999;12.0999;600
20160122 140700;12.06;12.06;12.05;12.05;500
20160122 141200;11.97;11.98;11.8;11.84;2593
20160122 141400;11.925;11.925;11.86;11.891;2600
20160122 141500;11.8655;11.925;11.8655;11.925;2000
20160122 141600;11.8655;11.8655;11.8655;11.8655;2000
20160122 141700;11.97;12.04;11.97;12.03;600
20160122 141800;12.0399;12.04;12.035;12.035;3200
20160122 141900;12.03;12.03;12.03;12.03;1000
20160122 142100;11.99;11.99;11.99;11.99;100
20160122 142300;12;12;12;12;100
20160122 142400;11.95;11.95;11.95;11.95;100
20160122 142600;11.95;11.95;11.91;11.926;1292
20160122 143000;11.9572;11.9572;11.9572;11.9572;100
20160122 143100;11.937;11.937;11.93;11.93;700
20160122 143300;11.89;11.9;11.89;11.9;1100
20160122 144200;11.9;11.93;11.9;11.93;1000
20160122 144300;11.9;11.9;11.9;11.9;900
20160122 144900;11.9;11.9;11.9;11.9;200
20160122 145200;11.8841;11.8841;11.8841;11.8841;100
20160122 145300;11.9;11.9;11.9;11.9;600
20160122 150700;11.88;11.882;11.85;11.85;400
20160122 151100;11.85;11.85;11.85;11.85;900
20160122 151300;11.88;11.9;11.88;11.9;1113
20160122 151900;12.0126;12.0126;12.0126;12.0126;500
20160122 152000;11.99;12.0318;11.99;12.0318;900
20160122 152100;11.98;12.0068;11.98;12.0068;900
20160122 152200;11.98;12.0027;11.98;12.0027;900
20160122 152300;11.89;11.9;11.89;11.9;200
20160122 152400;11.88;11.9;11.88;11.9;1200
20160122 152500;11.9;11.9;11.89;11.9;300
20160122 152800;11.83;11.83;11.83;11.83;100
20160122 153000;11.84;11.84;11.84;11.84;100
20160122 153300;11.83;11.83;11.83;11.83;100
20160122 153600;11.85;11.85;11.85;11.85;100
20160122 153800;11.87;11.93;11.87;11.93;1800
20160122 154000;11.9867;11.99;11.96;11.99;2700
20160122 154200;11.96;12.01;11.96;12.01;1300
20160122 154300;11.96;11.98;11.96;11.98;1100
20160122 154400;11.955;11.955;11.955;11.955;400
20160122 155100;11.96;11.96;11.96;11.96;100
20160122 155200;11.9868;11.9868;11.9868;11.9868;1000
20160122 155300;11.91;11.91;11.91;11.91;100
20160122 155500;11.975;12.01;11.965;11.979;2800
20160122 155600;12;12;11.985;12;1100
20160122 155700;12;12;11.98;11.99;700
20160122 155800;11.99;11.99;11.9638;11.9638;400
20160122 155900;11.965;11.99;11.965;11.99;300
20160122 160000;11.99;12.07;11.99;12.03;1499
20160122 165300;12.03;12.03;12.03;12.03;300
20160125 093200;11.99;11.9901;11.99;11.9901;900
20160125 093600;11.92;11.92;11.92;11.92;100
20160125 093700;11.89;11.9299;11.76;11.76;4400
20160125 094100;11.803;11.803;11.803;11.803;1320
20160125 094200;11.765;11.87;11.765;11.87;551
20160125 094600;11.85;11.85;11.85;11.85;100
20160125 094800;11.76;11.825;11.76;11.76;650
20160125 094900;11.75;11.75;11.75;11.75;100
20160125 095100;11.8;11.8;11.795;11.795;200
20160125 095200;11.8101;11.92;11.8101;11.92;300
20160125 095600;12.16;12.18;12.16;12.18;400
20160125 100200;12.35;12.35;12.29;12.29;1168
20160125 100300;12.2101;12.2101;12.2101;12.2101;265
20160125 100700;12.33;12.44;12.2913;12.43;1384
20160125 100800;12.44;12.46;12.44;12.46;1200
20160125 101300;12.6741;12.6741;12.6741;12.6741;100
20160125 101400;12.65;12.65;12.62;12.62;400
20160125 101500;12.6;12.6;12.5;12.53;800
20160125 101800;12.57;12.57;12.57;12.57;500
20160125 101900;12.58;12.58;12.58;12.58;500
20160125 102400;12.4485;12.4485;12.4485;12.4485;107
20160125 102700;12.47;12.47;12.47;12.47;100
20160125 103000;12.41;12.41;12.41;12.41;200
20160125 103100;12.36;12.36;12.36;12.36;100
20160125 103300;12.3515;12.51;12.3515;12.51;500
20160125 103600;12.496;12.58;12.496;12.4999;1257
20160125 103700;12.48;12.48;12.4;12.41;500
20160125 103800;12.36;12.36;12.36;12.36;100
20160125 103900;12.4;12.4;12.4;12.4;100
20160125 104600;12.32;12.32;12.32;12.32;100
20160125 105400;12.27;12.27;12.27;12.27;200
20160125 105600;12.21;12.21;12.21;12.21;500
20160125 105900;12.17;12.17;12.17;12.17;589
20160125 110100;12.22;12.22;12.22;12.22;100
20160125 110700;12.17;12.17;12.17;12.17;100
20160125 111400;12.2;12.22;12.2;12.2;300
20160125 111500;12.21;12.21;12.2;12.2;500
20160125 111600;12.2;12.2;12.2;12.2;200
20160125 111700;12.25;12.25;12.25;12.25;100
20160125 111800;12.2;12.2;12.2;12.2;100
20160125 112000;12.26;12.26;12.26;12.26;100
20160125 113000;12.32;12.32;12.32;12.32;400
20160125 113300;12.3452;12.3452;12.3452;12.3452;150
20160125 113500;12.29;12.29;12.26;12.26;600
20160125 113700;12.26;12.26;12.26;12.26;300
20160125 113800;12.26;12.26;12.26;12.26;400
20160125 114100;12.339;12.339;12.339;12.339;300
20160125 114300;12.27;12.27;12.26;12.26;300
20160125 115100;12.35;12.35;12.35;12.35;100
20160125 115200;12.415;12.415;12.415;12.415;100
20160125 115300;12.43;12.47;12.43;12.47;200
20160125 115400;12.48;12.49;12.48;12.49;200
20160125 115500;12.53;12.53;12.53;12.53;100
20160125 115800;12.5;12.5;12.5;12.5;564
20160125 120000;12.5;12.51;12.5;12.51;200
20160125 120300;12.53;12.53;12.53;12.53;502
20160125 120400;12.51;12.51;12.5;12.5;500
20160125 120600;12.51;12.51;12.48;12.48;1485
20160125 121500;12.44;12.44;12.44;12.44;200
20160125 121600;12.4799;12.4799;12.4799;12.4799;200
20160125 121700;12.43;12.4332;12.43;12.43;2100
20160125 123400;12.37;12.37;12.37;12.37;100
20160125 123800;12.4;12.41;12.4;12.41;500
20160125 125300;12.389;12.389;12.389;12.389;200
20160125 125700;12.33;12.33;12.33;12.33;200
20160125 130000;12.31;12.31;12.31;12.31;100
20160125 131000;12.3795;12.49;12.3795;12.49;3000
20160125 131100;12.4;12.4;12.38;12.38;300
20160125 131600;12.48;12.48;12.48;12.48;300
20160125 131700;12.47;12.47;12.47;12.47;100
20160125 132300;12.45;12.45;12.45;12.45;100
20160125 132500;12.44;12.44;12.44;12.44;100
20160125 134500;12.42;12.42;12.42;12.42;200
20160125 140800;12.42;12.42;12.42;12.42;100
20160125 141200;12.4;12.4;12.4;12.4;100
20160125 141600;12.36;12.36;12.36;12.36;400
20160125 141800;12.3436;12.3436;12.3436;12.3436;175
20160125 142400;12.32;12.32;12.31;12.31;300
20160125 142500;12.3;12.3;12.3;12.3;200
20160125 143500;12.3;12.3;12.3;12.3;100
20160125 144500;12.25;12.25;12.25;12.25;200
20160125 144600;12.25;12.25;12.25;12.25;100
20160125 144900;12.24;12.24;12.24;12.24;400
20160125 145100;12.23;12.23;12.21;12.21;200
20160125 145200;12.21;12.21;12.21;12.21;200
20160125 150200;12.3;12.3;12.3;12.3;100
20160125 150600;12.25;12.2885;12.25;12.2885;500
20160125 150800;12.34;12.34;12.34;12.34;100
20160125 150900;12.34;12.34;12.28;12.28;200
20160125 151000;12.28;12.28;12.27;12.27;200
20160125 151100;12.2641;12.2641;12.2641;12.2641;300
20160125 152600;12.26;12.27;12.26;12.27;200
20160125 152700;12.27;12.27;12.27;12.27;400
20160125 152800;12.27;12.27;12.27;12.27;100
20160125 153000;12.27;12.27;12.27;12.27;200
20160125 153300;12.26;12.26;12.26;12.26;200
20160125 153500;12.26;12.26;12.26;12.26;1100
20160125 153600;12.268;12.2821;12.26;12.2821;2400
20160125 153700;12.28;12.28;12.28;12.28;100
20160125 153800;12.2874;12.31;12.2874;12.31;600
20160125 154100;12.33;12.33;12.33;12.33;300
20160125 154500;12.35;12.35;12.35;12.35;1400
20160125 154600;12.34;12.34;12.34;12.34;100
20160125 155000;12.34;12.34;12.33;12.33;200
20160125 155100;12.36;12.36;12.36;12.36;100
20160125 155200;12.36;12.36;12.36;12.36;200
20160125 155300;12.37;12.42;12.37;12.42;500
20160125 155500;12.39;12.39;12.38;12.38;2232
20160125 155600;12.3601;12.39;12.3601;12.39;400
20160125 155700;12.4;12.4;12.4;12.4;100
20160125 155800;12.37;12.37;12.37;12.37;500
20160125 155900;12.39;12.39;12.37;12.38;400
20160125 160000;12.41;12.42;12.39;12.42;364
20160126 093300;12.5387;12.5387;12.5387;12.5387;200
20160126 093900;12.6399;12.6399;12.6399;12.6399;251
20160126 094600;12.57;12.578;12.57;12.578;1600
20160126 094700;12.58;12.58;12.58;12.58;300
20160126 094800;12.58;12.58;12.58;12.58;800
20160126 094900;12.568;12.568;12.568;12.568;100
20160126 095000;12.55;12.55;12.55;12.55;1200
20160126 095100;12.53;12.54;12.51;12.52;1000
20160126 095200;12.52;12.52;12.42;12.42;1100
20160126 095800;12.42;12.42;12.4;12.4;550
20160126 101800;12.48;12.48;12.48;12.48;100
20160126 102000;12.4263;12.4263;12.4;12.4;750
20160126 102100;12.485;12.485;12.485;12.485;100
20160126 102200;12.5;12.5;12.5;12.5;1000
20160126 102600;12.56;12.57;12.56;12.57;400
20160126 102900;12.6201;12.68;12.6201;12.68;600
20160126 103000;12.68;12.68;12.68;12.68;100
20160126 103100;12.67;12.67;12.67;12.67;100
20160126 103200;12.6452;12.6452;12.6452;12.6452;1400
20160126 103800;12.67;12.84;12.67;12.84;2235
20160126 104100;12.96;12.96;12.96;12.96;100
20160126 104200;12.96;12.96;12.96;12.96;679
20160126 104300;12.95;12.95;12.95;12.95;100
20160126 104700;12.88;12.88;12.88;12.88;200
20160126 105000;12.95;12.98;12.95;12.98;600
20160126 105300;12.91;12.91;12.9;12.9;1000
20160126 105400;12.9;12.9;12.9;12.9;100
20160126 105600;12.907;12.9695;12.907;12.9695;700
20160126 105700;12.9001;12.9001;12.9;12.9;500
20160126 105800;12.91;12.91;12.9;12.9;3542
20160126 105900;12.9;12.9;12.78;12.78;3758
20160126 110300;12.8099;12.8099;12.73;12.75;2800
20160126 110800;12.81;12.81;12.81;12.81;200
20160126 110900;12.839;12.839;12.839;12.839;900
20160126 111100;12.78;12.8168;12.78;12.8168;700
20160126 111300;12.8104;12.8104;12.8104;12.8104;500
20160126 112200;12.87;12.87;12.87;12.87;100
20160126 112300;12.816;12.91;12.8001;12.91;1480
20160126 112400;12.93;12.93;12.93;12.93;100
20160126 112500;12.95;12.95;12.91;12.95;500
20160126 112600;12.95;12.95;12.92;12.92;1104
20160126 112700;12.935;12.935;12.92;12.92;1200
20160126 112800;12.93;12.93;12.93;12.93;100
20160126 113300;12.94;12.94;12.94;12.94;100
20160126 113400;12.94;12.94;12.94;12.94;100
20160126 113500;12.92;12.92;12.9;12.9;435
20160126 113700;12.9;12.9;12.83;12.83;965
20160126 113800;12.8614;12.8614;12.8614;12.8614;400
20160126 114300;12.855;12.875;12.83;12.83;1600
20160126 114700;12.81;12.81;12.81;12.81;100
20160126 115300;12.86;12.86;12.86;12.86;700
20160126 115800;12.8899;12.95;12.8899;12.95;2052
20160126 120000;12.9421;12.9421;12.9421;12.9421;500
20160126 120200;12.88;12.88;12.88;12.88;100
20160126 120400;12.961;12.97;12.96;12.96;2200
20160126 120600;13.02;13.26;13.02;13.0292;8334
20160126 120800;13.17;13.17;13.17;13.17;100
20160126 120900;13.151;13.151;13.151;13.151;150
20160126 121000;13.24;13.24;13.24;13.24;100
20160126 121100;13.24;13.25;13.24;13.25;300
20160126 121400;13.185;13.185;13.1802;13.1802;200
20160126 121500;13.19;13.19;13.19;13.19;100
20160126 121600;13.17;13.17;13.17;13.17;798
20160126 121700;13.17;13.17;13.17;13.17;200
20160126 122100;13.16;13.16;13.12;13.12;500
20160126 122700;13.1;13.1;13.09;13.09;500
20160126 123200;13.0501;13.0501;13.0501;13.0501;500
20160126 123400;13.07;13.07;13.07;13.07;100
20160126 123700;13.12;13.12;13.12;13.12;200
20160126 123800;13.13;13.13;13.13;13.13;400
20160126 125200;13.1;13.1;13.01;13.01;200
20160126 125300;13.04;13.04;13.0108;13.0108;2450
20160126 130300;13.08;13.08;13.0748;13.0748;200
20160126 130500;13.0515;13.08;13.0201;13.0201;900
20160126 131800;13.0201;13.0201;13;13;4800
20160126 132800;12.91;12.91;12.91;12.91;100
20160126 133900;12.95;12.95;12.95;12.95;100
20160126 134100;12.96;12.96;12.95;12.95;600
20160126 134800;12.95;12.95;12.95;12.95;100
20160126 135500;12.95;12.95;12.95;12.95;100
20160126 135900;12.92;12.92;12.92;12.92;100
20160126 140200;12.9;12.9;12.9;12.9;200
20160126 141000;12.88;12.88;12.88;12.88;400
20160126 141700;12.9;12.9;12.9;12.9;100
20160126 143100;12.889;12.889;12.889;12.889;200
20160126 144000;12.85;12.85;12.85;12.85;300
20160126 144500;12.88;12.88;12.88;12.88;100
20160126 144800;12.88;12.88;12.88;12.88;100
20160126 145100;12.98;12.98;12.98;12.98;100
20160126 145200;13.01;13.01;12.94;12.94;800
20160126 150900;12.96;12.96;12.96;12.96;100
20160126 151300;12.9499;12.95;12.932;12.932;800
20160126 152000;13;13;13;13;100
20160126 152100;12.96;12.96;12.96;12.96;300
20160126 152300;13;13;13;13;400
20160126 152500;13.019;13.019;12.95;12.95;1340
20160126 152800;13.02;13.02;13.02;13.02;200
20160126 153400;13.01;13.01;13.01;13.01;200
20160126 154300;13.01;13.01;13.01;13.01;200
20160126 154400;13.07;13.07;13.07;13.07;100
20160126 154600;13.04;13.08;13.01;13.07;1533
20160126 154700;13.02;13.04;13;13;600
20160126 155200;13.01;13.07;13.01;13.07;400
20160126 155500;13.0101;13.05;13.0101;13.05;1110
20160126 155600;13.035;13.05;13.01;13.02;2332
20160126 155700;13.01;13.0101;13.01;13.0101;810
20160126 155800;13.0115;13.04;13.0115;13.04;1210
20160126 155900;13.02;13.02;13.0079;13.0079;1010
20160126 160000;13.025;13.04;13.01;13.01;2172
20160126 165500;13.01;13.01;13.01;13.01;1698
20160127 093100;13;13;13;13;200
20160127 093200;12.98;12.98;12.98;12.98;100
20160127 093300;12.98;12.99;12.95;12.95;300
20160127 093500;12.95;12.95;12.95;12.95;900
20160127 093600;12.95;12.95;12.95;12.95;100
20160127 093900;12.87;12.87;12.87;12.87;100
20160127 094500;12.96;12.99;12.96;12.99;200
20160127 094800;13.0848;13.0848;13.0848;13.0848;200
20160127 100100;13.09;13.09;13.09;13.09;100
20160127 100200;12.995;13;12.995;13;998
20160127 100600;13;13;12.9;12.93;800
20160127 100800;12.9;12.945;12.9;12.945;200
20160127 101200;12.95;12.95;12.92;12.95;1100
20160127 101300;12.93;12.94;12.92;12.94;700
20160127 101700;12.9;12.92;12.9;12.91;1200
20160127 102200;12.93;12.93;12.93;12.93;100
20160127 102700;12.97;12.97;12.97;12.97;100
20160127 103100;13.03;13.1;13.03;13.09;665
20160127 103300;13.05;13.16;13.05;13.16;1100
20160127 103600;13.17;13.18;13.17;13.18;200
20160127 103700;13.19;13.19;13.1545;13.19;1488
20160127 103900;13.145;13.28;13.14;13.27;5900
20160127 104000;13.27;13.27;13.27;13.27;100
20160127 104200;13.28;13.3;13.27;13.3;2850
20160127 104300;13.27;13.325;13.27;13.27;700
20160127 104500;13.309;13.31;13.268;13.309;850
20160127 104900;13.3499;13.3499;13.3499;13.3499;300
20160127 105000;13.35;13.35;13.35;13.35;100
20160127 105400;13.32;13.32;13.27;13.27;400
20160127 111200;13.192;13.215;13.19;13.19;800
20160127 111400;13.156;13.156;13.156;13.156;225
20160127 112700;13.16;13.16;13.16;13.16;100
20160127 112900;13.16;13.16;13.15;13.15;600
20160127 113000;13.12;13.12;13.12;13.12;100
20160127 113100;13.135;13.18;13.135;13.18;700
20160127 113700;13.32;13.32;13.32;13.32;100
20160127 114400;13.43;13.43;13.43;13.43;100
20160127 114600;13.45;13.45;13.45;13.45;100
20160127 114800;13.4833;13.4833;13.4833;13.4833;2000
20160127 115000;13.44;13.44;13.37;13.37;300
20160127 115200;13.29;13.29;13.29;13.29;100
20160127 115500;13.22;13.22;13.212;13.212;200
20160127 115700;13.24;13.24;13.24;13.24;100
20160127 120300;13.23;13.23;13.23;13.23;100
20160127 120500;13.23;13.23;13.23;13.23;100
20160127 121000;13.22;13.22;13.22;13.22;108
20160127 121300;13.23;13.23;13.23;13.23;100
20160127 121900;13.23;13.3095;13.23;13.3095;500
20160127 122200;13.33;13.33;13.33;13.33;100
20160127 122300;13.26;13.26;13.23;13.23;200
20160127 123000;13.23;13.23;13.23;13.23;100
20160127 123600;13.21;13.21;13.21;13.21;200
20160127 130400;13.24;13.26;13.21;13.26;400
20160127 131800;13.2799;13.2799;13.2799;13.2799;280
20160127 132700;13.2182;13.23;13.2182;13.23;300
20160127 133000;13.21;13.21;13.2;13.2;500
20160127 133100;13.2;13.205;13.2;13.205;4983
20160127 133500;13.209;13.209;13.209;13.209;1000
20160127 134100;13.2;13.2;13.2;13.2;100
20160127 134200;13.2;13.2;13.2;13.2;200
20160127 134400;13.21;13.21;13.21;13.21;100
20160127 134700;13.2182;13.2182;13.2182;13.2182;150
20160127 134900;13.24;13.24;13.24;13.24;200
20160127 135000;13.3099;13.3099;13.3099;13.3099;500
20160127 135400;13.3;13.39;13.3;13.31;1200
20160127 135700;13.295;13.295;13.295;13.295;100
20160127 140300;13.29;13.29;13.29;13.29;100
20160127 140700;13.25;13.25;13.25;13.25;100
20160127 140900;13.2;13.2;13.2;13.2;300
20160127 141000;13.2;13.2;13.2;13.2;800
20160127 141200;13.2;13.2;13.2;13.2;200
20160127 141300;13.25;13.25;13.2495;13.25;900
20160127 141400;13.25;13.25;13.25;13.25;300
20160127 142300;13.31;13.31;13.29;13.31;300
20160127 142600;13.28;13.28;13.28;13.28;100
20160127 142700;13.28;13.28;13.28;13.28;100
20160127 143400;13.29;13.3;13.29;13.29;1800
20160127 143500;13.31;13.31;13.31;13.31;100
20160127 143600;13.305;13.31;13.305;13.31;1261
20160127 143700;13.32;13.32;13.32;13.32;200
20160127 144700;13.36;13.36;13.36;13.36;100
20160127 144800;13.38;13.38;13.38;13.38;200
20160127 145100;13.38;13.38;13.38;13.38;100
20160127 150300;13.33;13.41;13.3;13.4;2530
20160127 150700;13.4;13.4;13.4;13.4;700
20160127 150800;13.4;13.4;13.37;13.37;3845
20160127 151200;13.29;13.29;13.29;13.29;100
20160127 151500;13.29;13.29;13.29;13.29;200
20160127 151900;13.24;13.24;13.2;13.2;700
20160127 152000;13.2;13.2;13.19;13.2;900
20160127 153200;13.31;13.31;13.31;13.31;100
20160127 153300;13.2922;13.321;13.2922;13.321;1750
20160127 153400;13.32;13.32;13.32;13.32;100
20160127 153500;13.29;13.31;13.28;13.31;600
20160127 153800;13.3;13.3;13.27;13.27;317
20160127 154300;13.2488;13.2488;13.2488;13.2488;1000
20160127 154500;13.23;13.23;13.23;13.23;100
20160127 154900;13.27;13.28;13.27;13.28;800
20160127 155000;13.32;13.32;13.32;13.32;100
20160127 155100;13.27;13.27;13.27;13.27;100
20160127 155400;13.287;13.287;13.287;13.287;100
20160127 155600;13.265;13.265;13.265;13.265;100
20160127 155800;13.29;13.29;13.29;13.29;200
20160127 155900;13.28;13.28;13.28;13.28;1600
20160127 160000;13.25;13.29;13.25;13.29;1999
20160127 165100;13.28;13.28;13.28;13.28;222
20160128 093100;13.55;13.55;13.55;13.55;7500
20160128 093200;13.55;13.5771;13.55;13.5771;2322
20160128 093300;13.6;13.68;13.52;13.68;400
20160128 093500;13.68;13.89;13.64;13.89;800
20160128 093600;13.87;14.11;13.87;14.11;600
20160128 093900;14.1361;14.29;14.1361;14.28;3600
20160128 094200;14.2016;14.2016;14.2016;14.2016;290
20160128 094300;14.12;15;14.07;15;15965
20160128 094400;14.6811;14.6811;14.6811;14.6811;280
20160128 094500;14.63;14.68;14.57;14.68;1200
20160128 094600;14.65;14.65;14.5;14.52;807
20160128 094900;14.58;14.58;14.58;14.58;100
20160128 095000;14.39;14.39;14.39;14.39;100
20160128 095100;14.4;14.4;14.4;14.4;200
20160128 095200;14.433;14.475;14.433;14.475;2000
20160128 095400;14.5682;14.5682;14.5682;14.5682;500
20160128 095500;14.5181;14.5181;14.5181;14.5181;260
20160128 095800;14.5;14.56;14.49;14.5334;1492
20160128 100000;14.568;14.568;14.568;14.568;1730
20160128 100100;14.51;14.51;14.51;14.51;200
20160128 100200;14.51;14.51;14.51;14.51;100
20160128 100300;14.51;14.5197;14.51;14.5197;1400
20160128 100400;14.51;14.53;14.5;14.5;1528
20160128 100600;14.42;14.42;14.3;14.3;2671
20160128 100700;14.4306;14.4306;14.3;14.3;1596
20160128 100800;14.3;14.3;14.1937;14.1937;1921
20160128 101000;14.14;14.21;14.14;14.21;2200
20160128 101200;14.23;14.23;14.22;14.22;200
20160128 101300;14.26;14.26;14.1201;14.1201;1860
20160128 101400;14.1995;14.25;14.12;14.25;2655
20160128 101900;14.2467;14.2467;14.2467;14.2467;100
20160128 102100;14.28;14.28;14.28;14.28;100
20160128 102200;14.15;14.15;14.08;14.08;600
20160128 102900;13.96;13.96;13.8969;13.8969;1200
20160128 103100;13.66;13.66;13.66;13.66;100
20160128 103400;13.74;13.74;13.73;13.73;200
20160128 103500;13.73;13.73;13.73;13.73;500
20160128 104400;13.7599;13.76;13.7599;13.76;600
20160128 104800;13.8099;13.8099;13.8099;13.8099;1000
20160128 104900;13.8;13.8;13.8;13.8;100
20160128 105000;13.8824;13.8824;13.8824;13.8824;1000
20160128 105400;13.85;13.85;13.8;13.8;200
20160128 105600;13.75;13.8;13.7499;13.8;300
20160128 105700;13.8114;13.8114;13.8114;13.8114;500
20160128 105900;13.86;13.86;13.86;13.86;100
20160128 111000;13.84;13.84;13.84;13.84;100
20160128 111100;13.8999;13.8999;13.81;13.81;2100
20160128 111400;13.8716;13.8716;13.8716;13.8716;100
20160128 111700;13.9;13.97;13.85;13.85;800
20160128 111800;13.9;13.94;13.85;13.94;400
20160128 111900;14.21;14.21;14.21;14.21;100
20160128 112200;14.1884;14.1884;14.1884;14.1884;500
20160128 112400;14.12;14.12;14.08;14.08;400
20160128 112500;14.08;14.13;14.08;14.13;200
20160128 112700;14.13;14.13;14.02;14.02;700
20160128 113200;13.9499;13.9499;13.88;13.89;800
20160128 113400;13.88;13.88;13.88;13.88;100
20160128 113600;13.75;13.75;13.75;13.75;100
20160128 114400;13.79;13.79;13.7899;13.79;700
20160128 114500;13.79;13.79;13.79;13.79;200
20160128 120400;13.83;13.83;13.83;13.83;200
20160128 121100;13.8;13.8;13.68;13.68;1500
20160128 121300;13.7602;13.7602;13.69;13.69;900
20160128 122600;13.725;13.73;13.725;13.73;400
20160128 122700;13.72;13.74;13.7;13.74;1500
20160128 124100;13.76;13.76;13.76;13.76;100
20160128 125700;13.87;13.87;13.78;13.78;200
20160128 125800;13.75;13.8;13.75;13.8;800
20160128 130300;13.8;13.8;13.74;13.74;500
20160128 130600;13.74;13.74;13.74;13.74;100
20160128 130800;13.74;13.76;13.701;13.76;3500
20160128 130900;13.72;13.7295;13.72;13.72;400
20160128 131000;13.72;13.74;13.71;13.71;700
20160128 131400;13.72;13.725;13.72;13.725;300
20160128 131500;13.74;13.74;13.72;13.74;500
20160128 131700;13.72;13.73;13.71;13.73;500
20160128 131800;13.68;13.685;13.68;13.685;600
20160128 131900;13.685;13.71;13.685;13.685;700
20160128 132300;13.69;13.69;13.69;13.69;200
20160128 132400;13.675;13.675;13.675;13.675;300
20160128 132500;13.66;13.68;13.66;13.68;3204
20160128 132600;13.68;13.68;13.67;13.675;1700
20160128 132700;13.67;13.68;13.67;13.675;1600
20160128 132800;13.68;13.75;13.68;13.75;4691
20160128 132900;13.75;13.75;13.69;13.6901;3600
20160128 133500;13.64;13.64;13.6;13.6;300
20160128 133700;13.6269;13.6269;13.6269;13.6269;100
20160128 133800;13.62;13.62;13.62;13.62;200
20160128 133900;13.6;13.63;13.52;13.63;2900
20160128 134000;13.5807;13.595;13.55;13.555;700
20160128 134100;13.57;13.57;13.57;13.57;100
20160128 134300;13.5202;13.525;13.5202;13.525;300
20160128 134400;13.525;13.54;13.5;13.52;2300
20160128 134500;13.54;13.54;13.525;13.525;300
20160128 134700;13.51;13.51;13.5;13.5;400
20160128 134800;13.52;13.52;13.425;13.425;1400
20160128 135000;13.45;13.55;13.45;13.55;4100
20160128 135100;13.51;13.56;13.5;13.56;1597
20160128 135200;13.59;13.6;13.54;13.54;600
20160128 135300;13.71;13.7299;13.71;13.7299;1300
20160128 135400;13.73;13.73;13.72;13.72;325
20160128 135500;13.65;13.65;13.65;13.65;100
20160128 135700;13.65;13.65;13.65;13.65;200
20160128 135900;13.6;13.6;13.55;13.55;300
20160128 140000;13.56;13.56;13.56;13.56;100
20160128 140100;13.56;13.56;13.56;13.56;100
20160128 140200;13.56;13.56;13.55;13.55;200
20160128 140300;13.6037;13.6037;13.6037;13.6037;300
20160128 140400;13.56;13.56;13.56;13.56;100
20160128 140500;13.57;13.57;13.15;13.51;11224
20160128 140700;13.5799;13.5799;13.5762;13.5762;650
20160128 140800;13.57;13.57;13.535;13.535;200
20160128 140900;13.58;13.61;13.565;13.61;1300
20160128 141000;13.63;13.63;13.63;13.63;600
20160128 141100;13.6;13.6;13.6;13.6;100
20160128 141200;13.63;13.63;13.63;13.63;100
20160128 141300;13.63;13.63;13.63;13.63;100
20160128 141400;13.65;13.65;13.65;13.65;200
20160128 141500;13.66;13.66;13.66;13.66;100
20160128 141700;13.67;13.67;13.67;13.67;100
20160128 141800;13.67;13.67;13.6;13.6;300
20160128 141900;13.72;13.73;13.72;13.73;700
20160128 142000;13.71;13.71;13.71;13.71;420
20160128 142600;13.69;13.69;13.69;13.69;100
20160128 142900;13.63;13.63;13.63;13.63;100
20160128 143100;13.61;13.61;13.6;13.6;200
20160128 143200;13.61;13.61;13.61;13.61;100
20160128 143300;13.6;13.6;13.6;13.6;100
20160128 143500;13.6;13.658;13.6;13.658;250
20160128 143600;13.6;13.6;13.6;13.6;100
20160128 143800;13.6;13.6;13.6;13.6;100
20160128 143900;13.6;13.6;13.6;13.6;250
20160128 144200;13.6;13.6;13.6;13.6;100
20160128 144400;13.5;13.5;13.49;13.49;200
20160128 145200;13.49;13.49;13.463;13.463;200
20160128 145300;13.5976;13.5976;13.5976;13.5976;2500
20160128 145500;13.44;13.44;13.44;13.44;100
20160128 145600;13.49;13.5;13.49;13.5;200
20160128 145700;13.6069;13.6069;13.6069;13.6069;500
20160128 145800;13.56;13.56;13.51;13.51;200
20160128 145900;13.53;13.53;13.53;13.53;200
20160128 150100;13.49;13.6038;13.49;13.6038;400
20160128 150200;13.53;13.53;13.53;13.53;100
20160128 150300;13.5;13.5;13.5;13.5;100
20160128 150400;13.49;13.49;13.48;13.48;300
20160128 150800;13.49;13.49;13.49;13.49;100
20160128 151200;13.5;13.5;13.5;13.5;200
20160128 151300;13.49;13.49;13.49;13.49;100
20160128 151700;13.49;13.5;13.49;13.5;200
20160128 151800;13.52;13.52;13.52;13.52;100
20160128 151900;13.5243;13.5243;13.52;13.52;1200
20160128 152000;13.52;13.52;13.41;13.41;400
20160128 152400;13.49;13.49;13.49;13.49;1000
20160128 152800;13.39;13.39;13.39;13.39;100
20160128 153100;13.4999;13.4999;13.4999;13.4999;200
20160128 153700;13.4782;13.4782;13.4782;13.4782;100
20160128 154200;13.5;13.51;13.5;13.5;300
20160128 154300;13.48;13.5;13.44;13.457;2676
20160128 155000;13.498;13.498;13.498;13.498;100
20160128 155200;13.5;13.5;13.46;13.46;200
20160128 155300;13.45;13.475;13.45;13.475;594
20160128 155400;13.49;13.49;13.49;13.49;100
20160128 155500;13.49;13.49;13.484;13.484;300
20160128 155800;13.49;13.53;13.4897;13.5;2651
20160128 155900;13.49;13.49;13.47;13.4768;1210
20160128 160000;13.43;13.48;13.43;13.48;200
20160128 165200;13.44;13.44;13.44;13.44;200
20160129 093100;13.4521;13.4521;13.4521;13.4521;100
20160129 093600;13.8679;13.8679;13.71;13.71;1600
20160129 093900;13.82;13.82;13.82;13.82;100
20160129 094800;13.9;13.9;13.9;13.9;400
20160129 094900;13.9524;13.9524;13.9524;13.9524;1000
20160129 095000;13.97;13.97;13.97;13.97;200
20160129 095100;13.98;14.04;13.98;13.98;300
20160129 095200;14.206;14.206;14.206;14.206;350
20160129 095300;14.052;14.052;14.052;14.052;500
20160129 095400;14.248;14.25;14.248;14.25;965
20160129 095500;14.155;14.155;14.1352;14.1352;2000
20160129 095900;14.069;14.069;14.069;14.069;500
20160129 100000;14.23;14.23;14.23;14.23;100
20160129 100200;14.2283;14.2299;14.2283;14.2299;2584
20160129 100300;14.23;14.23;14.23;14.23;500
20160129 100400;14.35;14.35;14.35;14.35;100
20160129 101000;14.37;14.37;14.37;14.37;100
20160129 101200;14.36;14.39;14.345;14.39;2500
20160129 101300;14.35;14.36;14.21;14.21;1100
20160129 101600;14.14;14.14;14.14;14.14;300
20160129 101700;14.12;14.15;14.12;14.15;2200
20160129 102100;14.14;14.14;14.14;14.14;100
20160129 102200;14.09;14.09;14.09;14.09;100
20160129 102300;14.09;14.1;14.09;14.09;600
20160129 102400;14.1183;14.1183;14.1183;14.1183;696
20160129 102600;14.02;14.04;14.02;14.04;700
20160129 102800;14.01;14.01;14;14;1600
20160129 102900;13.96;13.96;13.96;13.96;200
20160129 103700;13.87;13.9554;13.82;13.82;4664
20160129 104300;13.883;13.883;13.883;13.883;400
20160129 104500;13.82;13.82;13.82;13.82;1000
20160129 104600;13.79;13.829;13.79;13.829;441
20160129 105000;13.74;13.85;13.74;13.75;1200
20160129 105800;13.859;13.859;13.8;13.836;600
20160129 105900;13.79;13.82;13.79;13.82;200
20160129 110000;13.85;13.85;13.85;13.85;100
20160129 110400;13.8;13.8;13.75;13.75;200
20160129 110500;13.79;13.79;13.79;13.79;100
20160129 111300;13.8594;13.8594;13.8594;13.8594;3000
20160129 111500;13.845;13.845;13.845;13.845;100
20160129 111600;13.8005;13.8005;13.8005;13.8005;300
20160129 112100;13.8;13.8;13.8;13.8;700
20160129 112200;13.8;13.8;13.8;13.8;100
20160129 112400;13.8;13.8;13.8;13.8;100
20160129 112500;13.85;13.87;13.8;13.8194;2100
20160129 112600;13.83;13.83;13.83;13.83;2100
20160129 113000;13.95;14.04;13.95;14.04;700
20160129 113800;13.82;13.82;13.82;13.82;200
20160129 113900;13.8;13.8;13.68;13.68;2000
20160129 114600;13.7899;13.7899;13.7899;13.7899;1000
20160129 114800;13.776;13.776;13.776;13.776;1000
20160129 114900;13.75;13.75;13.75;13.75;100
20160129 115400;13.79;13.79;13.79;13.79;100
20160129 120500;13.88;13.89;13.88;13.89;200
20160129 120600;13.99;13.99;13.99;13.99;100
20160129 121100;13.99;13.99;13.99;13.99;100
20160129 121500;14;14.0605;14;14.0605;300
20160129 122100;14.0444;14.08;14.0444;14.08;700
20160129 122800;14.11;14.11;14.11;14.11;100
20160129 123100;14.015;14.015;14.01;14.01;510
20160129 123200;13.95;14.04;13.95;14.04;1800
20160129 123600;13.97;14.04;13.97;14.04;800
20160129 123700;13.98;13.98;13.98;13.98;200
20160129 123800;13.97;13.97;13.93;13.93;400
20160129 123900;13.84;13.84;13.8;13.8;1100
20160129 124000;13.8;13.8;13.8;13.8;200
20160129 124100;13.73;13.79;13.72;13.79;700
20160129 125900;13.815;13.84;13.8;13.84;1000
20160129 130000;13.87;13.87;13.87;13.87;100
20160129 130100;13.85;13.86;13.85;13.86;300
20160129 130500;13.85;13.85;13.85;13.85;100
20160129 131000;13.91;13.91;13.91;13.91;100
20160129 131100;13.83;13.83;13.83;13.83;100
20160129 131700;13.85;13.85;13.85;13.85;400
20160129 132100;13.83;13.85;13.83;13.8311;1500
20160129 132600;13.955;13.96;13.955;13.96;200
20160129 133600;13.87;13.87;13.86;13.86;200
20160129 133700;13.84;13.87;13.83;13.87;400
20160129 134300;13.9088;13.925;13.9088;13.925;200
20160129 135000;13.91;13.91;13.91;13.91;100
20160129 135400;13.91;13.91;13.9;13.9;400
20160129 135500;13.9;13.9;13.9;13.9;500
20160129 135600;13.92;13.94;13.92;13.94;200
20160129 141100;13.94;13.9952;13.89;13.89;2200
20160129 141200;13.91;13.91;13.91;13.91;356
20160129 142000;13.96;13.96;13.95;13.95;200
20160129 142300;14.03;14.04;14.03;14.04;200
20160129 142500;14.0033;14.0033;14.0033;14.0033;600
20160129 143000;13.95;13.95;13.95;13.95;100
20160129 143200;13.96;13.96;13.96;13.96;100
20160129 143500;14;14;14;14;300
20160129 143700;14;14;13.97;13.97;200
20160129 144300;13.963;13.963;13.95;13.95;1247
20160129 145800;13.86;13.86;13.86;13.86;100
20160129 150200;13.86;13.87;13.85;13.85;953
20160129 151500;13.8401;13.8401;13.8401;13.8401;300
20160129 151800;13.8401;13.88;13.81;13.8146;2100
20160129 152400;13.85;13.85;13.85;13.85;300
20160129 152700;13.85;13.879;13.85;13.8734;500
20160129 152800;13.88;13.92;13.8799;13.92;1700
20160129 153100;13.91;13.91;13.9034;13.9034;600
20160129 153300;13.9;13.9207;13.9;13.9207;600
20160129 153700;13.92;13.93;13.91;13.91;1500
20160129 154100;13.88;13.88;13.88;13.88;300
20160129 154400;13.894;13.894;13.88;13.88;300
20160129 154500;13.901;13.91;13.88;13.895;1300
20160129 154900;13.93;13.94;13.9299;13.93;1334
20160129 155000;14.02;14.02;14.02;14.02;100
20160129 155100;14.06;14.06;14.06;14.06;100
20160129 155200;14.06;14.06;14.06;14.06;200
20160129 155400;14.03;14.06;14.03;14.06;900
20160129 155600;14.04;14.08;14.04;14.08;200
20160129 155700;14.07;14.08;14.07;14.07;300
20160129 155800;14.08;14.11;14.08;14.11;1879
20160129 155900;14.1;14.11;14.1;14.11;1350
20160129 160000;14.1;14.11;14.05;14.05;2700
20160129 165000;14.09;14.09;14.09;14.09;577
20160201 093100;13.5222;13.5222;13.5222;13.5222;125
20160201 093600;13.57;13.57;13.57;13.57;1990
20160201 093800;13.36;13.5;13.36;13.5;350
20160201 093900;13.31;13.31;13.31;13.31;100
20160201 094000;13.25;13.25;13.07;13.2134;1630
20160201 094100;13.31;13.31;13.31;13.31;500
20160201 094300;13.4248;13.4248;13.4248;13.4248;300
20160201 094400;13.32;13.32;13.32;13.32;100
20160201 094600;13.24;13.24;13.24;13.24;300
20160201 094700;13.2737;13.2737;13.2737;13.2737;900
20160201 094800;13.2737;13.34;13.21;13.21;1728
20160201 094900;13.34;13.34;13.3;13.34;500
20160201 095000;13.31;13.31;13.3;13.3;200
20160201 095100;13.21;13.21;13.2;13.2;3542
20160201 095200;12.96;13.07;12.94;13.07;765
20160201 095300;13.0333;13.0333;13.0333;13.0333;880
20160201 095500;13.08;13.08;13.08;13.08;1000
20160201 095700;13.1336;13.1336;13.1;13.1336;1000
20160201 095800;13.11;13.11;12.97;12.97;943
20160201 095900;12.9493;12.9493;12.9493;12.9493;533
20160201 100200;12.98;13.02;12.98;13.02;200
20160201 100400;13.06;13.06;13.06;13.06;100
20160201 100500;13.05;13.058;12.904;12.946;1100
20160201 100900;12.9801;12.9801;12.9801;12.9801;988
20160201 102800;13.31;13.31;13.23;13.23;200
20160201 104000;13.37;13.37;13.37;13.37;200
20160201 104500;13.4499;13.4499;13.4499;13.4499;800
20160201 104800;13.44;13.44;13.44;13.44;200
20160201 105200;13.44;13.44;13.44;13.44;500
20160201 105500;13.3892;13.3892;13.3892;13.3892;300
20160201 110300;13.383;13.3858;13.383;13.3858;1200
20160201 110400;13.383;13.383;13.383;13.383;300
20160201 110500;13.383;13.383;13.3401;13.3401;200
20160201 110600;13.385;13.4;13.385;13.4;400
20160201 111600;13.49;13.49;13.49;13.49;100
20160201 112200;13.42;13.4599;13.42;13.4599;400
20160201 112400;13.42;13.42;13.41;13.41;500
20160201 112800;13.38;13.38;13.38;13.38;100
20160201 112900;13.4499;13.4499;13.4499;13.4499;2000
20160201 113500;13.38;13.38;13.38;13.38;100
20160201 113900;13.38;13.38;13.38;13.38;200
20160201 114000;13.395;13.41;13.38;13.38;300
20160201 114100;13.36;13.36;13.36;13.36;1500
20160201 114200;13.25;13.25;13.25;13.25;100
20160201 114400;13.2406;13.2406;13.2406;13.2406;400
20160201 114700;13.21;13.21;13.2;13.2;400
20160201 114900;13.21;13.239;13.21;13.2211;500
20160201 115200;13.18;13.18;13.18;13.18;300
20160201 115500;13.115;13.1379;13.115;13.1379;1031
20160201 115900;13.13;13.13;13.13;13.13;100
20160201 120000;13.17;13.17;13.17;13.17;200
20160201 120300;13.21;13.22;13.21;13.22;300
20160201 120800;13.3032;13.3032;13.3032;13.3032;300
20160201 120900;13.2301;13.2301;13.2301;13.2301;400
20160201 121100;13.3;13.3;13.3;13.3;200
20160201 121200;13.3305;13.3305;13.3305;13.3305;600
20160201 121600;13.43;13.43;13.43;13.43;100
20160201 121800;13.3501;13.3501;13.3501;13.3501;500
20160201 122000;13.35;13.35;13.35;13.35;200
20160201 122300;13.32;13.32;13.3;13.3;500
20160201 122500;13.34;13.34;13.34;13.34;600
20160201 122900;13.3693;13.3693;13.3693;13.3693;1434
20160201 123200;13.315;13.315;13.315;13.315;100
20160201 124000;13.3;13.3;13.3;13.3;800
20160201 124400;13.275;13.275;13.275;13.275;100
20160201 125500;13.295;13.295;13.295;13.295;100
20160201 125800;13.2767;13.2798;13.275;13.2798;400
20160201 125900;13.3;13.3;13.3;13.3;100
20160201 132700;13.45;13.45;13.45;13.45;100
20160201 132900;13.37;13.37;13.37;13.37;100
20160201 133900;13.36;13.36;13.36;13.36;100
20160201 134400;13.3632;13.4086;13.3632;13.4086;207
20160201 134900;13.37;13.37;13.37;13.37;100
20160201 135200;13.4499;13.4499;13.4499;13.4499;1000
20160201 135600;13.37;13.37;13.37;13.37;100
20160201 135900;13.45;13.45;13.45;13.45;100
20160201 140100;13.37;13.37;13.37;13.37;120
20160201 142300;13.45;13.45;13.45;13.45;100
20160201 142500;13.48;13.48;13.48;13.48;200
20160201 142800;13.4802;13.4802;13.4802;13.4802;2000
20160201 143500;13.5;13.5;13.5;13.5;100
20160201 144100;13.5;13.5;13.5;13.5;100
20160201 144200;13.53;13.53;13.53;13.53;100
20160201 145300;13.5109;13.5109;13.5109;13.5109;690
20160201 145500;13.6;13.6;13.6;13.6;100
20160201 150500;13.6;13.6;13.6;13.6;1900
20160201 150800;13.68;13.68;13.68;13.68;100
20160201 152000;13.73;13.73;13.73;13.73;100
20160201 152500;13.77;13.77;13.77;13.77;100
20160201 153200;13.699;13.699;13.699;13.699;150
20160201 153900;13.76;13.76;13.74;13.74;200
20160201 154500;13.73;13.73;13.72;13.72;300
20160201 155100;13.68;13.68;13.68;13.68;100
20160201 155500;13.66;13.66;13.65;13.65;300
20160201 155900;13.63;13.63;13.63;13.63;100
20160201 160000;13.61;13.66;13.61;13.66;801
20160201 165100;13.69;13.69;13.69;13.69;100
20160202 093500;13.0601;13.0601;13.0601;13.0601;500
20160202 095200;13.1001;13.1001;13.1001;13.1001;200
20160202 095500;13.15;13.37;13.15;13.37;965
20160202 095600;13.4322;13.4322;13.4322;13.4322;280
20160202 100200;13.43;13.43;13.43;13.43;100
20160202 101600;13.44;13.44;13.44;13.44;100
20160202 101900;13.42;13.45;13.42;13.45;300
20160202 102200;13.33;13.33;13.33;13.33;200
20160202 102500;13.25;13.25;13.25;13.25;100
20160202 102600;13.16;13.1647;13.16;13.1647;2000
20160202 103600;13.16;13.2;13.16;13.2;400
20160202 105500;13.2001;13.325;13.2001;13.32;2200
20160202 111200;13.285;13.29;13.285;13.29;1100
20160202 112900;13.3798;13.45;13.3798;13.45;1100
20160202 113300;13.4302;13.4302;13.4302;13.4302;100
20160202 113500;13.38;13.38;13.38;13.38;100
20160202 113600;13.38;13.42;13.38;13.38;500
20160202 114100;13.32;13.33;13.32;13.33;300
20160202 114200;13.32;13.32;13.32;13.32;100
20160202 114300;13.3499;13.35;13.3499;13.35;2100
20160202 120500;13.34;13.34;13.33;13.33;300
20160202 122300;13.26;13.26;13.26;13.26;100
20160202 122800;13.2961;13.35;13.25;13.25;2400
20160202 122900;13.24;13.24;13.24;13.24;200
20160202 123200;13.24;13.24;13.24;13.24;100
20160202 123600;13.34;13.34;13.34;13.34;100
20160202 124200;13.318;13.318;13.318;13.318;195
20160202 124300;13.25;13.25;13.25;13.25;100
20160202 124400;13.33;13.33;13.3104;13.3104;350
20160202 124600;13.2501;13.34;13.25;13.25;1700
20160202 125000;13.35;13.35;13.34;13.35;1622
20160202 125100;13.4489;13.4489;13.4489;13.4489;356
20160202 125800;13.46;13.46;13.46;13.46;100
20160202 142400;13.45;13.45;13.45;13.45;423
20160202 143100;13.5699;13.57;13.5699;13.57;300
20160202 143900;13.5325;13.585;13.5325;13.585;600
20160202 144200;13.47;13.58;13.46;13.58;5499
20160202 144700;13.5;13.5;13.5;13.5;100
20160202 145100;13.46;13.46;13.44;13.44;400
20160202 145900;13.36;13.36;13.36;13.36;100
20160202 150700;13.33;13.33;13.33;13.33;100
20160202 151000;13.3011;13.3011;13.3011;13.3011;1000
20160202 151100;13.3651;13.3651;13.3651;13.3651;1000
20160202 152100;13.31;13.31;13.31;13.31;200
20160202 152300;13.34;13.34;13.31;13.31;400
20160202 152400;13.25;13.25;13.25;13.25;183
20160202 153000;13.27;13.28;13.27;13.27;300
20160202 153200;13.32;13.32;13.32;13.32;100
20160202 153300;13.35;13.36;13.35;13.36;200
20160202 153400;13.34;13.34;13.34;13.34;100
20160202 154300;13.3;13.35;13.3;13.35;300
20160202 154800;13.3625;13.3625;13.3625;13.3625;400
20160202 155600;13.31;13.31;13.3099;13.3099;600
20160202 155700;13.28;13.29;13.28;13.29;200
20160202 160000;13.24;13.32;13.24;13.25;400
20160202 164900;13.29;13.29;13.29;13.29;100
20160203 093100;13.35;13.35;13.35;13.35;500
20160203 095000;13.23;13.23;13.23;13.23;180
20160203 095800;13.23;13.3085;13.23;13.3085;900
20160203 100000;13.19;13.19;13.19;13.19;100
20160203 100500;13.2241;13.2241;13.2241;13.2241;175
20160203 101200;13.16;13.16;13.15;13.15;400
20160203 101300;13.29;13.31;13.29;13.31;1000
20160203 101700;13.2499;13.25;13.2098;13.25;1400
20160203 101800;13.17;13.17;13.16;13.16;400
20160203 102100;13.16;13.21;13.16;13.21;600
20160203 102200;13.16;13.16;13.16;13.16;300
20160203 102600;13.2;13.2;13.2;13.2;600
20160203 102700;13.2;13.2;13.2;13.2;100
20160203 102800;13.2;13.2;13.2;13.2;400
20160203 103200;13.23;13.23;13.2;13.2;700
20160203 103300;13.2;13.2;13.2;13.2;200
20160203 103500;13.15;13.15;13.15;13.15;100
20160203 103600;13.15;13.15;12.93;12.93;4700
20160203 103700;13;13;13;13;500
20160203 104100;12.8444;12.96;12.8444;12.8836;2829
20160203 104200;12.9245;12.9245;12.9245;12.9245;100
20160203 104500;12.92;12.92;12.91;12.91;200
20160203 104900;12.85;12.8501;12.85;12.85;800
20160203 105000;12.93;12.98;12.93;12.98;500
20160203 110300;13.13;13.13;13.118;13.118;600
20160203 110400;13.037;13.037;13.037;13.037;300
20160203 111100;13.082;13.082;13.01;13.01;600
20160203 111500;13.13;13.15;13.13;13.15;400
20160203 111800;13.15;13.18;13.15;13.18;1360
20160203 112700;13.29;13.29;13.29;13.29;400
20160203 113000;13.25;13.25;13.25;13.25;200
20160203 113100;13.493;13.493;13.493;13.493;425
20160203 113500;13.545;13.545;13.27;13.27;200
20160203 113900;13.441;13.441;13.441;13.441;400
20160203 114500;13.4599;13.4599;13.365;13.403;1100
20160203 114600;13.46;13.46;13.28;13.28;200
20160203 120100;13.45;13.45;13.45;13.45;100
20160203 120400;13.51;13.51;13.51;13.51;100
20160203 122300;13.56;13.56;13.56;13.56;100
20160203 123500;13.44;13.44;13.44;13.44;100
20160203 124600;13.32;13.32;13.32;13.32;100
20160203 124900;13.2741;13.2741;13.2741;13.2741;100
20160203 125400;13.32;13.32;13.32;13.32;100
20160203 125900;13.48;13.48;13.42;13.42;200
20160203 130100;13.54;13.54;13.54;13.54;100
20160203 131500;13.53;13.53;13.53;13.53;100
20160203 131700;13.53;13.53;13.53;13.53;100
20160203 132000;13.53;13.53;13.53;13.53;100
20160203 132300;13.49;13.56;13.4575;13.4575;500
20160203 132500;13.529;13.529;13.529;13.529;100
20160203 132800;13.53;13.53;13.53;13.53;100
20160203 133000;13.47;13.47;13.47;13.47;100
20160203 133300;13.459;13.459;13.459;13.459;100
20160203 133600;13.53;13.53;13.44;13.49;300
20160203 133800;13.45;13.45;13.45;13.45;100
20160203 134100;13.43;13.43;13.43;13.43;100
20160203 134400;13.52;13.52;13.52;13.52;100
20160203 134600;13.49;13.49;13.49;13.49;100
20160203 134900;13.47;13.47;13.47;13.47;100
20160203 135200;13.549;13.549;13.549;13.549;100
20160203 135400;13.5;13.5;13.5;13.5;100
20160203 135500;13.49;13.525;13.49;13.505;900
20160203 135700;13.53;13.53;13.53;13.53;100
20160203 135800;13.45;13.4625;13.45;13.4625;400
20160203 135900;13.45;13.45;13.45;13.45;200
20160203 140100;13.44;13.44;13.44;13.44;200
20160203 140200;13.45;13.45;13.45;13.45;100
20160203 140500;13.55;13.55;13.55;13.55;100
20160203 140700;13.55;13.55;13.55;13.55;100
20160203 141000;13.55;13.55;13.55;13.55;100
20160203 141300;13.56;13.57;13.55;13.55;700
20160203 141500;13.549;13.549;13.549;13.549;100
20160203 141800;13.55;13.55;13.55;13.55;100
20160203 141900;13.51;13.51;13.51;13.51;100
20160203 142000;13.549;13.549;13.549;13.549;100
20160203 142300;13.55;13.55;13.55;13.55;100
20160203 142600;13.549;13.549;13.549;13.549;100
20160203 142800;13.57;13.62;13.57;13.61;2102
20160203 143300;13.61;13.61;13.61;13.61;100
20160203 143600;13.5854;13.5854;13.5854;13.5854;100
20160203 143800;13.55;13.55;13.54;13.54;700
20160203 143900;13.55;13.55;13.55;13.55;100
20160203 144200;13.53;13.53;13.53;13.53;100
20160203 144300;13.5299;13.5299;13.5299;13.5299;500
20160203 144400;13.53;13.53;13.53;13.53;100
20160203 144700;13.54;13.54;13.54;13.54;100
20160203 145300;13.73;13.73;13.73;13.73;100
20160203 150800;13.65;13.65;13.65;13.65;100
20160203 150900;13.66;13.66;13.66;13.66;370
20160203 151600;13.64;13.64;13.64;13.64;100
20160203 152200;13.62;13.62;13.61;13.61;200
20160203 152500;13.61;13.61;13.45;13.46;5414
20160203 152600;13.5508;13.5508;13.5508;13.5508;100
20160203 152700;13.4967;13.4967;13.4967;13.4967;600
20160203 152900;13.4301;13.4301;13.4301;13.4301;500
20160203 153100;13.54;13.54;13.54;13.54;100
20160203 153500;13.48;13.48;13.48;13.48;500
20160203 153600;13.4401;13.4401;13.44;13.44;900
20160203 153700;13.41;13.425;13.41;13.425;200
20160203 154300;13.43;13.43;13.43;13.43;100
20160203 154600;13.5;13.5;13.5;13.5;100
20160203 154800;13.46;13.46;13.46;13.46;100
20160203 155000;13.51;13.51;13.51;13.51;100
20160203 155100;13.51;13.51;13.51;13.51;100
20160203 155300;13.58;13.58;13.58;13.58;100
20160203 155600;13.56;13.56;13.56;13.56;100
20160203 155700;13.62;13.62;13.62;13.62;100
20160203 155900;13.62;13.62;13.62;13.62;100
20160203 160000;13.56;13.62;13.56;13.58;1700
20160203 165100;13.67;13.67;13.67;13.67;138
20160204 094000;13.651;13.651;13.651;13.651;500
20160204 095400;13.58;13.59;13.58;13.59;487
20160204 095600;13.68;13.68;13.67;13.67;400
20160204 100200;13.57;13.57;13.52;13.52;395
20160204 100700;13.66;13.66;13.66;13.66;100
20160204 100900;13.67;13.67;13.67;13.67;100
20160204 101100;13.66;13.67;13.66;13.67;200
20160204 101700;13.75;13.75;13.75;13.75;705
20160204 101800;13.765;13.765;13.765;13.765;100
20160204 101900;13.795;13.91;13.795;13.91;2400
20160204 102000;13.805;13.955;13.8;13.955;1000
20160204 102400;13.81;13.81;13.78;13.79;1600
20160204 102500;13.75;13.75;13.75;13.75;100
20160204 102700;13.7298;13.7298;13.7298;13.7298;150
20160204 103700;13.71;13.71;13.71;13.71;100
20160204 103900;13.798;13.8;13.76;13.8;3600
20160204 104100;13.78;13.95;13.78;13.95;9200
20160204 104200;13.93;13.932;13.8;13.865;9500
20160204 104300;13.86;13.86;13.86;13.86;500
20160204 104400;13.8;13.8;13.7;13.75;1108
20160204 104800;13.57;13.68;13.44;13.585;3700
20160204 110500;13.6;13.6;13.54;13.54;500
20160204 111200;13.32;13.32;13.32;13.32;200
20160204 112000;13.37;13.37;13.37;13.37;200
20160204 112100;13.34;13.34;13.34;13.34;100
20160204 112200;13.34;13.34;13.26;13.26;1815
20160204 112300;13.27;13.27;13.27;13.27;300
20160204 113400;13.32;13.32;13.21;13.21;400
20160204 113600;13.2992;13.2992;13.2992;13.2992;1000
20160204 114100;13.3;13.3;13.3;13.3;100
20160204 114600;13.26;13.26;13.26;13.26;100
20160204 114900;13.2;13.2;13.2;13.2;200
20160204 115100;13.2;13.2;13.08;13.08;500
20160204 115700;13.1;13.1;13.1;13.1;100
20160204 120400;13.28;13.28;13.28;13.28;100
20160204 120600;13.34;13.34;13.34;13.34;200
20160204 120900;13.33;13.33;13.33;13.33;300
20160204 121000;13.286;13.286;13.285;13.285;500
20160204 121800;13.34;13.34;13.34;13.34;100
20160204 122700;13.3;13.3;13.3;13.3;200
20160204 123300;13.19;13.19;13.19;13.19;100
20160204 123700;13.25;13.35;13.25;13.35;200
20160204 124200;13.3368;13.3368;13.3368;13.3368;100
20160204 124300;13.35;13.35;13.35;13.35;100
20160204 125000;13.35;13.35;13.34;13.34;200
20160204 125200;13.35;13.35;13.35;13.35;100
20160204 130100;13.57;13.57;13.57;13.57;100
20160204 130700;13.5;13.5184;13.39;13.5184;800
20160204 131300;13.405;13.405;13.405;13.405;100
20160204 132100;13.424;13.424;13.424;13.424;200
20160204 133400;13.41;13.41;13.41;13.41;100
20160204 134600;13.456;13.456;13.418;13.418;600
20160204 134800;13.4;13.4;13.29;13.29;500
20160204 135100;13.23;13.23;13.23;13.23;100
20160204 135500;13.3399;13.3399;13.3399;13.3399;470
20160204 142200;13.297;13.297;13.297;13.297;1000
20160204 142700;13.257;13.257;13.25;13.25;1200
20160204 144400;13.31;13.31;13.31;13.31;100
20160204 144500;13.31;13.31;13.31;13.31;100
20160204 145000;13.4;13.4;13.34;13.34;200
20160204 145100;13.31;13.31;13.31;13.31;100
20160204 145400;13.3;13.38;13.27;13.2701;2400
20160204 150200;13.39;13.39;13.34;13.34;200
20160204 150500;13.3214;13.3214;13.27;13.27;500
20160204 152500;13.36;13.36;13.36;13.36;100
20160204 153000;13.36;13.36;13.27;13.27;200
20160204 153500;13.27;13.27;13.26;13.26;300
20160204 153700;13.32;13.33;13.32;13.33;662
20160204 153800;13.3292;13.3292;13.27;13.27;200
20160204 154500;13.33;13.34;13.33;13.34;400
20160204 154600;13.35;13.41;13.3;13.3;2296
20160204 154800;13.29;13.29;13.29;13.29;100
20160204 155100;13.37;13.37;13.28;13.28;200
20160204 155200;13.28;13.28;13.28;13.28;100
20160204 155300;13.31;13.31;13.31;13.31;100
20160204 155600;13.34;13.34;13.34;13.34;300
20160204 155800;13.28;13.28;13.28;13.28;100
20160204 160000;13.31;13.31;13.3;13.3;219
20160205 094500;13.3348;13.3348;13.3348;13.3348;1000
20160205 094700;13.41;13.42;13.41;13.42;300
20160205 095000;13.4;13.4;13.29;13.29;350
20160205 101100;13.41;13.41;13.41;13.41;100
20160205 101900;13.42;13.45;13.42;13.45;500
20160205 103100;13.35;13.43;13.34;13.43;2665
20160205 103200;13.25;13.25;13.25;13.25;100
20160205 104300;13.28;13.5352;13.27;13.5352;1700
20160205 104600;13.5499;13.5499;13.545;13.545;1100
20160205 104900;13.55;13.55;13.55;13.55;100
20160205 105000;13.464;13.55;13.464;13.55;915
20160205 105400;13.608;13.608;13.608;13.608;407
20160205 105500;13.745;13.745;13.745;13.745;408
20160205 105800;13.66;13.66;13.66;13.66;100
20160205 110800;13.69;13.69;13.69;13.69;300
20160205 113000;13.695;13.695;13.695;13.695;500
20160205 113600;13.6684;13.6684;13.65;13.66;4200
20160205 113800;13.65;13.65;13.65;13.65;100
20160205 114900;13.65;13.65;13.49;13.53;500
20160205 115200;13.59;13.6175;13.49;13.49;500
20160205 115800;13.48;13.48;13.48;13.48;100
20160205 120500;13.42;13.42;13.42;13.42;100
20160205 121700;13.64;13.64;13.64;13.64;100
20160205 124800;13.64;13.64;13.64;13.64;100
20160205 125300;13.62;13.63;13.62;13.63;400
20160205 131900;13.62;13.62;13.62;13.62;100
20160205 133800;13.56;13.56;13.56;13.56;500
20160205 134900;13.58;13.58;13.58;13.58;100
20160205 135100;13.45;13.46;13.45;13.46;200
20160205 140100;13.47;13.47;13.47;13.47;100
20160205 140500;13.44;13.44;13.44;13.44;400
20160205 141200;13.4;13.4;13.4;13.4;100
20160205 142700;13.3;13.3;13.3;13.3;300
20160205 143000;13.29;13.29;13.29;13.29;100
20160205 143400;13.26;13.26;13.26;13.26;380
20160205 143700;13.26;13.26;13.26;13.26;2283
20160205 143800;13.26;13.26;13.26;13.26;100
20160205 145200;13.38;13.38;13.38;13.38;200
20160205 150000;13.32;13.32;13.32;13.32;100
20160205 150400;13.32;13.32;13.32;13.32;200
20160205 150700;13.29;13.29;13.29;13.29;300
20160205 150900;13.26;13.2771;13.26;13.2771;700
20160205 151300;13.29;13.29;13.29;13.29;100
20160205 151400;13.25;13.25;13.25;13.25;960
20160205 151600;13.259;13.34;13.25;13.34;1100
20160205 151800;13.33;13.33;13.33;13.33;100
20160205 152000;13.34;13.34;13.34;13.34;300
20160205 152300;13.33;13.33;13.33;13.33;100
20160205 152500;13.304;13.304;13.304;13.304;300
20160205 152700;13.32;13.32;13.32;13.32;100
20160205 153100;13.3004;13.3004;13.3004;13.3004;600
20160205 153200;13.34;13.34;13.34;13.34;100
20160205 153400;13.33;13.34;13.33;13.34;300
20160205 153800;13.3;13.34;13.3;13.334;500
20160205 153900;13.3;13.34;13.3;13.34;300
20160205 154100;13.34;13.34;13.34;13.34;100
20160205 154300;13.3;13.3;13.3;13.3;100
20160205 154400;13.35;13.35;13.35;13.35;100
20160205 154900;13.32;13.32;13.32;13.32;699
20160205 155000;13.29;13.29;13.29;13.29;100
20160205 155100;13.32;13.32;13.32;13.32;100
20160205 155200;13.29;13.29;13.29;13.29;300
20160205 155600;13.32;13.32;13.3;13.3;500
20160205 155900;13.31;13.31;13.31;13.31;100
20160205 160000;13.31;13.33;13.3;13.33;500
20160205 170600;13.37;13.37;13.37;13.37;208
