20160119 093200;65.01;65.15;64.6;65.15;1042
20160119 093300;65.02;65.02;65.02;65.02;100
20160119 093400;65.02;65.02;64.83;64.9;500
20160119 093500;64.5;64.5;64.31;64.31;400
20160119 093600;64.58;64.58;64.291;64.291;800
20160119 093700;64.58;64.83;64.58;64.83;600
20160119 093800;65.07;65.35;65;65.35;400
20160119 094000;65.305;65.305;65.305;65.305;200
20160119 094100;65.35;65.35;65.33;65.33;200
20160119 094200;65.48;65.48;65.48;65.48;100
20160119 094300;65.39;65.391;65.39;65.391;200
20160119 094400;65.39;65.42;65.32;65.32;300
20160119 094500;65.42;65.42;65.42;65.42;200
20160119 094600;65.44;65.44;65.44;65.44;100
20160119 094700;65.6;65.6;65.59;65.59;300
20160119 094800;65.43;65.55;65.38;65.41;1200
20160119 094900;65.3;65.54;65.3;65.302;300
20160119 095000;65.302;65.51;65.26;65.51;500
20160119 095100;65.51;65.51;65.33;65.34;700
20160119 095200;65.5;65.5;65.37;65.37;800
20160119 095600;65.211;65.231;65.211;65.231;300
20160119 095700;65.22;65.33;65.22;65.33;600
20160119 095800;65.241;65.241;65.241;65.241;100
20160119 095900;65.235;65.235;65.235;65.235;100
20160119 100000;65.27;65.3;65.23;65.23;500
20160119 100100;65.22;65.22;65.19;65.19;500
20160119 100500;64.94;64.94;64.94;64.94;100
20160119 100600;64.92;64.92;64.92;64.92;100
20160119 100700;65.05;65.05;65.05;65.05;100
20160119 101100;64.97;65.02;64.77;64.99;1874
20160119 101200;64.84;65.06;64.84;65;900
20160119 101300;65;65;65;65;200
20160119 101400;65.04;65.04;65;65;200
20160119 101500;65;65.01;65;65;400
20160119 101700;65;65.04;65;65.04;200
20160119 101800;65.13;65.28;65.13;65.28;200
20160119 102000;65.52;65.52;65.52;65.52;100
20160119 102300;65.43;65.43;65.43;65.43;100
20160119 102500;65.44;65.44;65.44;65.44;100
20160119 102800;65.63;65.63;65.63;65.63;100
20160119 103100;65.625;65.625;65.625;65.625;100
20160119 103200;65.7;65.7;65.62;65.68;600
20160119 103300;65.58;65.58;65.58;65.58;100
20160119 103400;65.401;65.401;65.401;65.401;100
20160119 103500;65.36;65.61;65.35;65.61;300
20160119 104000;65.34;65.34;65.34;65.34;100
20160119 104100;65.26;65.26;65.26;65.26;200
20160119 104400;65.28;65.28;65.28;65.28;100
20160119 105100;65.34;65.36;65.34;65.36;200
20160119 105600;65.27;65.27;65.27;65.27;500
20160119 105800;65.24;65.26;65.19;65.19;400
20160119 105900;65.23;65.23;65.2001;65.2001;200
20160119 110200;65.17;65.22;65.17;65.17;400
20160119 110300;65.2;65.2;65.2;65.2;300
20160119 110400;65.08;65.08;65.08;65.08;100
20160119 110900;65.14;65.14;65.14;65.14;100
20160119 111000;65.13;65.13;65.13;65.13;100
20160119 111100;65.05;65.05;65.05;65.05;100
20160119 111300;65.06;65.06;65.06;65.06;100
20160119 111500;64.99;65.01;64.92;65.01;300
20160119 111600;65.05;65.06;64.93;64.95;900
20160119 111700;65.07;65.07;65.07;65.07;200
20160119 111800;65.07;65.07;65.07;65.07;300
20160119 111900;65.08;65.11;65.061;65.061;600
20160119 112000;65.06;65.08;64.95;65.08;1600
20160119 112200;65.03;65.03;64.921;64.921;500
20160119 112300;64.95;64.95;64.93;64.93;400
20160119 112600;64.91;64.91;64.9;64.9;200
20160119 113000;64.94;64.94;64.94;64.94;200
20160119 113300;64.87;64.92;64.87;64.87;500
20160119 113400;64.79;64.79;64.79;64.79;100
20160119 113500;64.73;64.74;64.73;64.73;900
20160119 113600;64.73;64.73;64.73;64.73;100
20160119 113700;64.72;64.81;64.57;64.61;500
20160119 113800;64.6;64.71;64.6;64.63;600
20160119 113900;64.54;64.54;64.54;64.54;100
20160119 114000;64.48;64.48;64.42;64.42;500
20160119 114100;64.42;64.42;64.42;64.42;100
20160119 114200;64.34;64.34;64.34;64.34;100
20160119 114400;64.51;64.51;64.51;64.51;100
20160119 114700;64.51;64.51;64.51;64.51;500
20160119 115100;64.46;64.49;64.46;64.49;600
20160119 115300;64.48;64.48;64.48;64.48;100
20160119 115500;64.41;64.455;64.4;64.43;600
20160119 115600;64.46;64.56;64.46;64.56;400
20160119 115700;64.55;64.55;64.55;64.55;100
20160119 115900;64.4701;64.55;64.4701;64.48;829
20160119 120100;64.33;64.485;64.33;64.48;1100
20160119 120200;64.54;64.54;64.54;64.54;100
20160119 120400;64.43;64.48;64.35;64.35;300
20160119 120500;64.49;64.49;64.47;64.47;400
20160119 120600;64.45;64.45;64.45;64.45;100
20160119 121000;64.23;64.23;64.23;64.23;100
20160119 121100;64.2;64.23;64.2;64.23;200
20160119 122200;64.32;64.32;64.26;64.26;700
20160119 122300;64.27;64.28;64.26;64.28;300
20160119 122800;64.22;64.22;64.22;64.22;100
20160119 123400;64.05;64.05;64.05;64.05;100
20160119 123600;64.0411;64.08;63.81;64.03;2400
20160119 123800;64.13;64.18;64.13;64.18;300
20160119 123900;64.15;64.15;64.06;64.06;300
20160119 124000;64.06;64.07;64.06;64.07;200
20160119 124100;64.18;64.18;64.18;64.18;100
20160119 124200;64.18;64.18;64.18;64.18;100
20160119 124500;64.08;64.12;64.08;64.12;500
20160119 124600;64.15;64.15;64.08;64.08;200
20160119 124900;64.09;64.09;64.09;64.09;100
20160119 125000;64.16;64.19;64.16;64.19;200
20160119 125100;64.21;64.21;64.21;64.21;100
20160119 125700;64.21;64.21;64.21;64.21;100
20160119 125900;64.2;64.2;64.2;64.2;100
20160119 130100;64.19;64.19;64.19;64.19;100
20160119 131700;64.245;64.245;64.245;64.245;179
20160119 132000;64.3;64.3;64.29;64.29;200
20160119 132100;64.29;64.32;64.23;64.32;500
20160119 132200;64.32;64.37;64.32;64.37;500
20160119 132300;64.36;64.42;64.35;64.42;300
20160119 132400;64.41;64.41;64.41;64.41;200
20160119 132500;64.41;64.44;64.41;64.44;200
20160119 132600;64.4;64.4;64.32;64.32;500
20160119 132900;64.28;64.28;64.28;64.28;100
20160119 133600;64.22;64.22;64.22;64.22;100
20160119 133700;64.17;64.17;64.17;64.17;100
20160119 133900;64.18;64.18;64.18;64.18;100
20160119 134100;64.23;64.23;64.23;64.23;100
20160119 134200;64.21;64.29;64.21;64.29;300
20160119 134300;64.3;64.3;64.3;64.3;100
20160119 134400;64.34;64.34;64.34;64.34;100
20160119 134600;64.46;64.46;64.46;64.46;100
20160119 135100;64.52;64.52;64.52;64.52;200
20160119 135300;64.53;64.53;64.53;64.53;100
20160119 135400;64.45;64.45;64.37;64.37;300
20160119 135600;64.38;64.38;64.33;64.33;200
20160119 135700;64.3;64.31;64.3;64.31;200
20160119 135900;64.2;64.2;64.2;64.2;100
20160119 140000;64.32;64.32;64.28;64.28;200
20160119 140400;64.22;64.22;64.19;64.19;300
20160119 140500;64.19;64.19;64.19;64.19;170
20160119 140600;64.11;64.11;64.09;64.09;200
20160119 140700;64.2;64.2;64.14;64.14;200
20160119 140800;64.1;64.1;64.1;64.1;100
20160119 140900;63.941;63.941;63.94;63.94;200
20160119 141000;63.89;63.89;63.86;63.86;204
20160119 141100;63.85;63.85;63.611;63.611;400
20160119 141400;63.65;63.69;63.65;63.69;200
20160119 141600;63.77;63.77;63.77;63.77;100
20160119 141700;63.7;63.7;63.58;63.64;400
20160119 141800;63.54;63.54;63.54;63.54;100
20160119 141900;63.49;63.49;63.49;63.49;100
20160119 142200;63.58;63.58;63.5;63.5;200
20160119 142300;63.54;63.55;63.52;63.55;300
20160119 142400;63.53;63.53;63.53;63.53;300
20160119 142600;63.59;63.6;63.56;63.56;300
20160119 142800;63.58;63.58;63.58;63.58;100
20160119 142900;63.6;63.65;63.6;63.65;300
20160119 143000;63.67;63.67;63.67;63.67;100
20160119 143100;63.671;63.671;63.671;63.671;100
20160119 143700;64.11;64.11;64.11;64.11;610
20160119 143800;64.19;64.19;64.19;64.19;100
20160119 143900;64.13;64.18;64.12;64.18;400
20160119 144100;64.11;64.13;64.11;64.13;200
20160119 144200;64.1;64.33;64.1;64.33;500
20160119 144400;64.29;64.29;64.29;64.29;100
20160119 144600;64.27;64.27;64.27;64.27;100
20160119 144700;64.2105;64.2105;64.2105;64.2105;150
20160119 144800;64.23;64.25;64.23;64.25;200
20160119 144900;64.19;64.19;64.19;64.19;100
20160119 145000;64.23;64.23;64.23;64.23;200
20160119 145100;64.21;64.21;64.07;64.07;1300
20160119 145400;64.02;64.05;64.02;64.05;300
20160119 145500;64;64.06;64;64.05;300
20160119 145600;64.05;64.05;63.99;64.04;700
20160119 145700;64.08;64.09;64.08;64.08;400
20160119 145800;64.16;64.16;64.16;64.16;100
20160119 145900;64.11;64.11;64.01;64.07;400
20160119 150000;64;64;64;64;100
20160119 150100;64.001;64.1;64.001;64.1;200
20160119 150200;64.06;64.13;64.04;64.13;836
20160119 150400;64.07;64.15;64.07;64.15;300
20160119 150800;64.1101;64.21;64.1101;64.19;389
20160119 150900;64.34;64.34;64.34;64.34;100
20160119 151100;64.51;64.65;64.51;64.65;500
20160119 151200;64.51;64.51;64.51;64.51;100
20160119 151900;64.44;64.44;64.44;64.44;196
20160119 152000;64.39;64.47;64.39;64.47;200
20160119 152100;64.31;64.31;64.31;64.31;100
20160119 152300;64.34;64.34;64.33;64.33;200
20160119 152400;64.3;64.3;64.3;64.3;100
20160119 152500;64.43;64.57;64.43;64.57;500
20160119 152700;64.49;64.49;64.49;64.49;100
20160119 152800;64.54;64.54;64.54;64.54;100
20160119 153200;64.53;64.59;64.52;64.59;300
20160119 153300;64.51;64.51;64.49;64.49;400
20160119 153500;64.41;64.57;64.39;64.57;400
20160119 154100;64.25;64.25;64.25;64.25;100
20160119 154200;64.24;64.37;64.24;64.37;400
20160119 154300;64.43;64.43;64.43;64.43;100
20160119 154400;64.55;64.57;64.52;64.57;1100
20160119 154500;64.61;64.61;64.61;64.61;100
20160119 154600;64.5;64.5;64.48;64.48;300
20160119 154700;64.5;64.52;64.41;64.51;700
20160119 154800;64.66;64.66;64.61;64.61;900
20160119 154900;64.64;64.64;64.61;64.61;300
20160119 155000;64.63;64.63;64.59;64.59;300
20160119 155100;64.62;64.62;64.62;64.62;106
20160119 155200;64.6;64.625;64.53;64.625;800
20160119 155300;64.65;64.65;64.625;64.6375;500
20160119 155400;64.54;64.61;64.54;64.61;200
20160119 155600;64.54;64.55;64.51;64.55;600
20160119 155700;64.55;64.61;64.55;64.61;400
20160119 155800;64.6;64.6;64.58;64.58;500
20160119 155900;64.57;64.65;64.4;64.65;1210
20160119 160000;64.62;64.62;64.53;64.53;751
20160119 163600;64.48;64.48;64.48;64.48;514
20160120 093200;63.43;63.71;63.43;63.6;2000
20160120 093300;63.57;63.57;63.57;63.57;200
20160120 093400;63.61;63.61;63.54;63.54;300
20160120 093500;63.45;63.585;63.25;63.25;700
20160120 093800;62.93;62.93;62.81;62.81;300
20160120 093900;62.75;62.83;62.75;62.79;300
20160120 094400;62.8;62.8;62.8;62.8;200
20160120 094500;63.04;63.07;63.04;63.07;200
20160120 094600;63.54;63.54;63.54;63.54;100
20160120 095100;63.68;63.68;63.68;63.68;100
20160120 095500;63.48;63.48;63.48;63.48;200
20160120 095600;63.34;63.34;63.34;63.34;100
20160120 100500;63.36;63.38;63.36;63.38;200
20160120 100600;63.3;63.3;63.3;63.3;100
20160120 100700;63.4;63.4;63.4;63.4;100
20160120 100900;63.5;63.5;63.36;63.36;500
20160120 101100;63.43;63.43;63.17;63.17;200
20160120 101300;63.23;63.3;63.23;63.28;300
20160120 102000;63.28;63.28;63.28;63.28;100
20160120 102500;63.14;63.14;63.14;63.14;200
20160120 102900;63.11;63.28;63.11;63.28;200
20160120 103100;63.25;63.25;63.25;63.25;100
20160120 103300;63.22;63.27;62.68;63;22218
20160120 103400;62.89;62.975;62.89;62.975;300
20160120 103500;62.86;62.98;62.86;62.98;200
20160120 103700;62.905;62.905;62.86;62.86;300
20160120 103900;62.835;62.835;62.76;62.76;500
20160120 104200;62.73;62.73;62.54;62.54;400
20160120 104300;62.55;62.55;62.54;62.54;200
20160120 104400;62.64;62.64;62.56;62.56;300
20160120 104500;62.56;62.56;62.32;62.32;800
20160120 104600;62.23;62.23;62.23;62.23;100
20160120 104700;61.96;61.96;61.85;61.851;400
20160120 104800;61.85;61.85;61.68;61.68;300
20160120 104900;61.78;61.78;61.52;61.55;400
20160120 105000;61.74;61.74;61.49;61.58;600
20160120 105100;61.42;61.47;61.19;61.47;300
20160120 105200;61.34;61.37;61.17;61.17;1760
20160120 105300;61.18;61.5;61.17;61.5;1000
20160120 105800;61.914;61.914;61.914;61.914;201
20160120 110300;61.9;61.9;61.71;61.71;300
20160120 110700;62.1;62.1;62;62;400
20160120 111300;62.07;62.07;62.07;62.07;100
20160120 111700;62.1;62.1;62.06;62.06;600
20160120 111900;62.21;62.21;62.14;62.14;700
20160120 112000;62.34;62.43;62.29;62.43;500
20160120 113300;62.54;62.54;62.54;62.54;100
20160120 113500;62.65;62.84;62.65;62.84;1000
20160120 113800;62.87;62.87;62.87;62.87;100
20160120 113900;62.79;62.79;62.79;62.79;100
20160120 114000;62.87;62.94;62.73;62.73;900
20160120 114200;62.8184;62.82;62.8184;62.82;212
20160120 115200;62.74;62.75;62.74;62.74;700
20160120 115300;62.82;62.82;62.82;62.82;200
20160120 115500;62.65;62.65;62.65;62.65;100
20160120 115600;62.43;62.46;62.43;62.46;200
20160120 115700;62.32;62.36;62.32;62.36;300
20160120 120500;62.2911;62.2911;61.97;61.97;1146
20160120 120700;61.9;61.9;61.9;61.9;100
20160120 120900;61.96;61.96;61.96;61.96;100
20160120 121200;61.944;61.944;61.944;61.944;337
20160120 122000;62.1;62.1;62.1;62.1;100
20160120 123000;61.99;62.08;61.99;62.07;900
20160120 123700;62.2;62.2;62.2;62.2;100
20160120 124000;62.24;62.24;62.24;62.24;100
20160120 124200;62.19;62.22;61.94;61.98;3750
20160120 124500;62.08;62.08;62.08;62.08;100
20160120 124900;62.1;62.11;62.1;62.11;500
20160120 125000;62.0722;62.0722;62.0722;62.0722;100
20160120 130100;62.29;62.29;62.29;62.29;100
20160120 130200;62.15;62.15;62.15;62.15;100
20160120 130300;62.15;62.15;62.15;62.15;100
20160120 130400;62.28;62.28;62.28;62.28;100
20160120 130500;62.55;62.55;62.55;62.55;183
20160120 130600;62.64;62.74;62.64;62.74;850
20160120 130700;62.885;62.97;62.81;62.81;900
20160120 130900;62.9;62.9;62.9;62.9;100
20160120 131300;62.94;62.94;62.94;62.94;100
20160120 131400;62.92;62.92;62.92;62.92;500
20160120 131600;62.87;62.87;62.87;62.87;100
20160120 132300;62.7601;62.7601;62.7601;62.7601;114
20160120 132400;62.89;62.89;62.89;62.89;100
20160120 132500;62.82;62.82;62.82;62.82;100
20160120 132700;62.93;62.93;62.93;62.93;100
20160120 133100;62.98;62.98;62.98;62.98;100
20160120 133200;63.05;63.06;63.05;63.06;200
20160120 133600;63.03;63.11;63.02;63.11;300
20160120 133900;63.11;63.11;63.11;63.11;100
20160120 134100;63.17;63.17;63.17;63.17;100
20160120 134400;63.2;63.2;63.2;63.2;100
20160120 134800;63.09;63.09;63.09;63.09;100
20160120 135000;63.18;63.18;63.18;63.18;100
20160120 135100;63.23;63.23;63.23;63.23;100
20160120 135400;63.31;63.31;63.31;63.31;100
20160120 135800;63.45;63.45;63.45;63.45;100
20160120 140100;63.44;63.44;63.44;63.44;100
20160120 140200;63.3;63.3;63.3;63.3;100
20160120 140300;63.28;63.28;63.28;63.28;100
20160120 140500;63.21;63.21;63.21;63.21;100
20160120 140800;63.2;63.2;63.2;63.2;100
20160120 140900;63.24;63.24;63.24;63.24;100
20160120 141300;63.21;63.24;63.2;63.2;400
20160120 141800;63.34;63.52;63.34;63.52;200
20160120 142100;63.65;63.65;63.65;63.65;100
20160120 142300;63.885;63.99;63.885;63.99;200
20160120 142500;63.89;63.89;63.82;63.82;800
20160120 142700;63.89;63.89;63.89;63.89;100
20160120 143200;63.87;63.87;63.87;63.87;100
20160120 143300;63.87;63.87;63.87;63.87;100
20160120 143400;63.81;63.81;63.81;63.81;100
20160120 143500;63.84;63.84;63.84;63.84;100
20160120 143600;63.77;63.77;63.77;63.77;100
20160120 143900;63.7634;63.7634;63.7634;63.7634;916
20160120 144000;63.77;63.81;63.77;63.81;200
20160120 144100;63.99;63.99;63.99;63.99;100
20160120 144200;64.02;64.11;64.02;64.08;400
20160120 144300;64.06;64.0884;64.06;64.0884;260
20160120 144400;64.04;64.04;64.04;64.04;100
20160120 145000;64.09;64.09;64.09;64.09;100
20160120 145200;64.11;64.11;64.11;64.11;100
20160120 145400;64.12;64.12;64.12;64.12;100
20160120 145700;64.16;64.16;64.16;64.16;100
20160120 145900;64.14;64.14;64.14;64.14;100
20160120 150100;64.14;64.14;64.14;64.14;100
20160120 150300;64.07;64.07;64.07;64.07;100
20160120 150500;64.17;64.17;64.17;64.17;200
20160120 150700;64.18;64.2;64.18;64.2;300
20160120 150800;64.13;64.13;64.13;64.13;100
20160120 151100;64.13;64.13;64.13;64.13;100
20160120 151200;64.16;64.16;64.16;64.16;100
20160120 151700;64.21;64.21;64.18;64.18;800
20160120 151900;64.23;64.23;64.23;64.23;162
20160120 152000;64.28;64.28;64.28;64.28;100
20160120 152200;64.5;64.5;64.48;64.48;300
20160120 152300;64.47;64.47;64.47;64.47;100
20160120 152400;64.62;64.62;64.62;64.62;100
20160120 152900;64.72;64.72;64.72;64.72;100
20160120 153100;64.72;64.72;64.66;64.66;200
20160120 153300;64.75;64.81;64.75;64.81;200
20160120 153400;64.8;64.9;64.8;64.84;500
20160120 153500;64.83;64.875;64.83;64.845;1050
20160120 153600;64.845;64.845;64.835;64.835;300
20160120 153900;64.88;64.88;64.88;64.88;300
20160120 154200;64.88;64.88;64.69;64.69;700
20160120 154300;64.72;64.72;64.72;64.72;100
20160120 154400;64.74;64.8;64.72;64.72;1200
20160120 154600;64.72;64.72;64.7;64.7;300
20160120 154700;64.68;64.69;64.55;64.6;700
20160120 154800;64.63;64.665;64.62;64.665;500
20160120 154900;64.73;64.73;64.69;64.71;300
20160120 155200;64.76;64.76;64.76;64.76;100
20160120 155300;64.76;64.76;64.76;64.76;600
20160120 155400;64.72;64.8;64.72;64.8;700
20160120 155600;64.79;64.81;64.75;64.75;800
20160120 155700;64.75;64.75;64.74;64.75;924
20160120 155800;64.77;64.77;64.77;64.77;700
20160120 155900;64.77;64.77;64.71;64.71;700
20160120 160000;64.7;64.7;64.62;64.62;1211
20160121 093100;64.47;64.47;64.47;64.47;100
20160121 093300;64.43;64.43;64.43;64.43;100
20160121 093600;64.72;64.72;64.72;64.72;100
20160121 093700;64.72;64.72;64.71;64.71;200
20160121 093900;64.7;64.7;64.7;64.7;100
20160121 094000;64.66;64.66;64.66;64.66;200
20160121 094200;64.54;64.54;64.54;64.54;200
20160121 095000;64.68;64.68;64.68;64.68;100
20160121 095100;64.62;64.64;64.62;64.64;200
20160121 095300;64.61;64.61;64.4;64.59;300
20160121 095400;64.61;64.61;64.57;64.57;200
20160121 095500;64.39;64.39;64.38;64.38;200
20160121 095600;64.36;64.41;64.16;64.16;500
20160121 095800;64.31;64.31;64.31;64.31;100
20160121 100100;64.42;64.42;64.42;64.42;100
20160121 100300;64.43;64.47;64.43;64.47;300
20160121 100600;64.68;64.68;64.68;64.68;100
20160121 101100;64.6;64.68;64.6;64.68;500
20160121 101200;64.78;64.78;64.78;64.78;200
20160121 101300;64.72;64.84;64.72;64.84;300
20160121 101400;64.86;64.86;64.86;64.86;100
20160121 101700;64.87;64.87;64.72;64.72;600
20160121 101900;64.88;64.88;64.88;64.88;100
20160121 102200;64.71;64.71;64.68;64.68;300
20160121 102600;64.64;64.64;64.63;64.63;200
20160121 103100;64.46;64.46;64.46;64.46;200
20160121 103600;64.59;64.59;64.59;64.59;100
20160121 103900;64.57;64.57;64.57;64.57;100
20160121 104200;64.58;64.58;64.58;64.58;100
20160121 104500;64.41;64.59;64.41;64.59;200
20160121 104800;64.58;64.58;64.53;64.53;200
20160121 105000;64.53;64.53;64.51;64.51;300
20160121 105100;64.55;64.55;64.55;64.55;100
20160121 105300;64.45;64.45;64.42;64.42;200
20160121 105600;64.45;64.46;64.45;64.46;600
20160121 105800;64.42;64.42;64.42;64.42;200
20160121 105900;64.41;64.41;64.41;64.41;100
20160121 110100;64.26;64.26;64.26;64.26;200
20160121 110300;64.25;64.3;64.25;64.3;800
20160121 110500;64.31;64.37;64.31;64.37;200
20160121 110900;64.62;64.62;64.62;64.62;200
20160121 111100;64.65;64.65;64.6;64.6;300
20160121 111700;64.65;64.65;64.65;64.65;100
20160121 111900;64.66;64.67;64.66;64.67;200
20160121 112200;64.79;64.79;64.79;64.79;100
20160121 112500;64.79;64.79;64.79;64.79;100
20160121 112800;64.73;64.73;64.73;64.73;100
20160121 113000;64.67;64.67;64.64;64.64;300
20160121 113300;64.69;64.69;64.69;64.69;100
20160121 113400;64.72;64.72;64.72;64.72;100
20160121 113700;64.76;64.76;64.76;64.76;200
20160121 113800;64.81;64.81;64.81;64.81;100
20160121 114000;64.83;64.83;64.83;64.83;200
20160121 114100;64.77;64.77;64.76;64.76;200
20160121 114700;64.77;64.77;64.77;64.77;100
20160121 115000;64.78;64.79;64.78;64.79;400
20160121 115100;64.79;64.79;64.79;64.79;100
20160121 115200;64.82;64.82;64.82;64.82;100
20160121 115600;64.89;64.89;64.89;64.89;100
20160121 115900;64.9188;64.9188;64.9188;64.9188;100
20160121 120000;64.92;64.92;64.92;64.92;100
20160121 120300;64.91;64.91;64.88;64.9;400
20160121 120600;64.88;64.96;64.88;64.96;300
20160121 120900;64.95;64.95;64.95;64.95;100
20160121 121100;64.97;64.97;64.97;64.97;100
20160121 121200;64.91;64.91;64.91;64.91;100
20160121 121700;64.94;64.94;64.94;64.94;100
20160121 122400;64.97;64.97;64.93;64.93;400
20160121 123000;65.05;65.05;65.05;65.05;100
20160121 123400;64.99;64.99;64.99;64.99;100
20160121 123800;64.97;64.97;64.97;64.97;100
20160121 124100;64.99;64.99;64.99;64.99;100
20160121 124500;64.87;64.87;64.87;64.87;100
20160121 124800;64.87;64.87;64.87;64.87;100
20160121 125000;64.79;64.82;64.79;64.82;200
20160121 125900;64.77;64.81;64.77;64.81;300
20160121 130000;64.85;64.85;64.85;64.85;100
20160121 130300;64.88;64.89;64.88;64.89;200
20160121 130400;64.86;64.86;64.86;64.86;100
20160121 130800;64.87;64.87;64.87;64.87;100
20160121 130900;64.88;64.89;64.88;64.88;800
20160121 131200;64.89;64.89;64.89;64.89;100
20160121 131500;64.85;64.85;64.79;64.79;700
20160121 132600;64.65;64.65;64.64;64.64;200
20160121 133000;64.63;64.63;64.63;64.63;100
20160121 133300;64.58;64.58;64.55;64.55;200
20160121 134000;64.67;64.67;64.67;64.67;200
20160121 134500;64.91;64.91;64.91;64.91;300
20160121 134800;64.97;64.97;64.97;64.97;100
20160121 135000;65.01;65.01;65.01;65.01;100
20160121 135100;64.98;64.98;64.98;64.98;200
20160121 135200;64.95;64.95;64.9;64.94;300
20160121 140100;64.74;64.75;64.74;64.75;200
20160121 140200;64.67;64.74;64.66;64.74;500
20160121 140500;64.97;64.97;64.97;64.97;200
20160121 140600;64.87;64.87;64.87;64.87;107
20160121 140800;64.87;64.87;64.87;64.87;300
20160121 141200;64.72;64.72;64.72;64.72;100
20160121 141700;64.53;64.53;64.47;64.47;200
20160121 141900;64.47;64.47;64.47;64.47;100
20160121 142400;64.61;64.61;64.61;64.61;100
20160121 142500;64.75;64.75;64.68;64.68;300
20160121 142600;64.69;64.69;64.69;64.69;100
20160121 142700;64.69;64.69;64.69;64.69;100
20160121 143000;64.62;64.67;64.58;64.58;500
20160121 143200;64.58;64.58;64.58;64.58;100
20160121 143800;64.71;64.72;64.71;64.72;200
20160121 144000;64.62;64.62;64.62;64.62;100
20160121 144600;64.6522;64.6522;64.6522;64.6522;270
20160121 144800;64.62;64.62;64.58;64.58;200
20160121 145700;64.65;64.67;64.65;64.67;200
20160121 145900;64.71;64.71;64.71;64.71;100
20160121 150000;64.68;64.68;64.68;64.68;100
20160121 150400;64.65;64.65;64.65;64.65;100
20160121 150600;64.64;64.65;64.62;64.65;300
20160121 151100;64.36;64.4;64.36;64.4;500
20160121 151600;64.47;64.47;64.47;64.47;100
20160121 152300;64.54;64.54;64.54;64.54;100
20160121 152600;64.51;64.51;64.51;64.51;100
20160121 152800;64.62;64.65;64.62;64.65;200
20160121 152900;64.6;64.6;64.55;64.55;200
20160121 153100;64.63;64.66;64.63;64.66;200
20160121 153300;64.74;64.74;64.74;64.74;100
20160121 153500;64.73;64.73;64.73;64.73;200
20160121 153900;64.84;64.84;64.84;64.84;100
20160121 154000;64.82;64.82;64.82;64.82;200
20160121 154200;64.82;64.82;64.81;64.81;200
20160121 154400;65.02;65.02;64.83;64.83;900
20160121 154500;64.82;64.82;64.82;64.82;100
20160121 154600;64.8;64.8;64.8;64.8;100
20160121 154800;64.72;64.73;64.72;64.73;200
20160121 154900;64.74;64.74;64.74;64.74;100
20160121 155000;64.75;64.75;64.73;64.73;500
20160121 155100;64.72;64.73;64.72;64.73;200
20160121 155600;64.76;64.76;64.76;64.76;100
20160121 155700;64.79;64.79;64.76;64.77;800
20160121 155800;64.8;64.8;64.73;64.73;1500
20160121 155900;64.76;64.8;64.76;64.76;1100
20160121 160000;64.76;64.8;64.6;64.64;2205
20160122 093200;65.71;65.71;65.7;65.7;450
20160122 093400;65.89;66;65.89;66;736
20160122 095300;66.17;66.18;66.17;66.18;200
20160122 095400;66.03;66.11;66.03;66.05;400
20160122 100800;66.05;66.05;66.05;66.05;100
20160122 100900;66.02;66.02;66.02;66.02;200
20160122 101000;65.98;66.03;65.98;66.03;200
20160122 101200;65.96;66.02;65.96;66.02;300
20160122 101600;65.95;65.98;65.88;65.94;1100
20160122 101700;65.93;65.93;65.78;65.78;300
20160122 101900;65.89;65.89;65.85;65.85;200
20160122 102200;65.77;65.77;65.735;65.735;200
20160122 102600;65.7;65.7;65.62;65.62;1750
20160122 102700;65.56;65.56;65.56;65.56;100
20160122 102800;65.64;65.64;65.64;65.64;100
20160122 102900;65.61;65.61;65.61;65.61;100
20160122 103200;65.61;65.7;65.61;65.7;600
20160122 103600;65.61;65.74;65.61;65.74;600
20160122 103800;65.7;65.745;65.7;65.7;800
20160122 103900;65.7;65.85;65.69;65.76;1000
20160122 104000;65.7;65.765;65.66;65.7;600
20160122 104100;65.62;65.7;65.62;65.7;800
20160122 104200;65.65;65.65;65.65;65.65;100
20160122 105100;65.61;65.61;65.61;65.61;100
20160122 105500;65.49;65.51;65.49;65.51;300
20160122 105800;65.48;65.48;65.43;65.43;300
20160122 105900;65.44;65.44;65.44;65.44;100
20160122 110400;65.48;65.48;65.48;65.48;100
20160122 110700;65.53;65.53;65.52;65.53;300
20160122 110900;65.52;65.53;65.52;65.53;200
20160122 111100;65.48;65.48;65.48;65.48;200
20160122 111900;65.43;65.43;65.37;65.41;600
20160122 112900;65.7;65.9;65.68;65.68;2400
20160122 113000;65.74;65.75;65.7;65.7;400
20160122 113200;65.64;65.64;65.64;65.64;100
20160122 113300;65.57;65.57;65.57;65.57;100
20160122 113400;65.66;65.7;65.66;65.7;300
20160122 113500;65.7;65.7;65.67;65.67;600
20160122 113700;65.7;65.86;65.63;65.63;1200
20160122 113900;65.68;65.68;65.68;65.68;100
20160122 114000;65.7;65.7;65.7;65.7;300
20160122 114500;65.65;65.65;65.65;65.65;100
20160122 114700;65.705;65.705;65.705;65.705;200
20160122 114800;65.71;65.71;65.71;65.71;200
20160122 114900;65.72;65.82;65.7;65.785;1300
20160122 115100;65.57;65.63;65.57;65.63;200
20160122 115300;65.64;65.64;65.64;65.64;100
20160122 115600;65.7;65.765;65.7;65.765;300
20160122 115700;65.7;65.7;65.7;65.7;100
20160122 115800;65.69;65.69;65.69;65.69;100
20160122 120100;65.64;65.64;65.52;65.61;1200
20160122 120300;65.61;65.61;65.61;65.61;200
20160122 120500;65.55;65.55;65.55;65.55;100
20160122 120600;65.55;65.55;65.55;65.55;200
20160122 121300;65.64;65.64;65.64;65.64;100
20160122 122200;65.61;65.61;65.61;65.61;100
20160122 122300;65.63;65.63;65.63;65.63;100
20160122 122600;65.58;65.58;65.58;65.58;100
20160122 123600;65.53;65.53;65.53;65.53;100
20160122 124000;65.57;65.57;65.57;65.57;100
20160122 124800;65.43;65.43;65.43;65.43;200
20160122 124900;65.38;65.38;65.38;65.38;100
20160122 125000;65.4;65.4;65.4;65.4;100
20160122 125900;65.32;65.37;65.32;65.37;275
20160122 130000;65.35;65.35;65.35;65.35;100
20160122 130400;65.3547;65.3547;65.3547;65.3547;306
20160122 131000;65.35;65.35;65.35;65.35;100
20160122 131600;65.41;65.45;65.41;65.45;200
20160122 131700;65.5;65.5;65.5;65.5;100
20160122 132400;65.7;65.71;65.63;65.71;500
20160122 132500;65.71;65.92;65.7;65.7;1200
20160122 132600;65.88;65.88;65.88;65.88;100
20160122 132800;65.86;65.86;65.86;65.86;100
20160122 132900;65.76;65.76;65.76;65.76;100
20160122 133100;65.61;65.61;65.61;65.61;100
20160122 133300;65.56;65.56;65.56;65.56;100
20160122 133600;65.49;65.52;65.49;65.52;200
20160122 133900;65.39;65.39;65.38;65.38;300
20160122 134000;65.42;65.42;65.42;65.42;200
20160122 140400;65.7;65.7;65.7;65.7;100
20160122 140500;65.7;65.7;65.7;65.7;100
20160122 140700;65.7;65.7;65.7;65.7;100
20160122 140800;65.73;65.73;65.73;65.73;100
20160122 141500;65.76;65.76;65.7;65.7;400
20160122 141700;65.7;65.7;65.7;65.7;200
20160122 141900;65.7;65.735;65.7;65.735;300
20160122 142200;65.7;65.71;65.7;65.71;200
20160122 143600;65.55;65.55;65.55;65.55;100
20160122 143800;65.54;65.56;65.51;65.52;1700
20160122 143900;65.53;65.53;65.53;65.53;100
20160122 144000;65.51;65.51;65.48;65.48;443
20160122 144100;65.48;65.48;65.48;65.48;100
20160122 144300;65.47;65.49;65.37;65.44;4494
20160122 144400;65.37;65.37;65.23;65.35;4974
20160122 144500;65.22;65.22;65.16;65.16;500
20160122 144600;65.225;65.225;65.225;65.225;100
20160122 144700;65.24;65.26;65.225;65.225;300
20160122 144900;65.24;65.24;65.24;65.24;100
20160122 145000;65.22;65.22;65.22;65.22;100
20160122 145100;65.24;65.25;65.22;65.25;500
20160122 145200;65.24;65.25;65.24;65.25;200
20160122 145400;65.25;65.27;65.25;65.27;200
20160122 145500;65.3;65.3;65.3;65.3;100
20160122 145900;65.3;65.3;65.25;65.25;200
20160122 150500;65.31;65.31;65.31;65.31;100
20160122 150700;65.31;65.31;65.31;65.31;200
20160122 150800;65.26;65.27;65.26;65.27;500
20160122 151100;65.26;65.26;65.26;65.26;100
20160122 151200;65.27;65.27;65.27;65.27;100
20160122 151300;65.27;65.27;65.27;65.27;200
20160122 151400;65.27;65.27;65.27;65.27;500
20160122 151500;65.27;65.27;65.27;65.27;100
20160122 151700;65.27;65.27;65.27;65.27;300
20160122 151800;65.27;65.27;65.27;65.27;100
20160122 151900;65.27;65.29;65.27;65.29;300
20160122 152000;65.31;65.31;65.31;65.31;400
20160122 152100;65.39;65.5;65.39;65.5;300
20160122 152200;65.49;65.49;65.48;65.48;300
20160122 152300;65.54;65.62;65.53;65.53;1600
20160122 152400;65.53;65.53;65.53;65.53;400
20160122 152600;65.64;65.64;65.64;65.64;100
20160122 152700;65.53;65.53;65.46;65.46;1100
20160122 152900;65.44;65.44;65.44;65.44;100
20160122 153100;65.48;65.48;65.43;65.47;300
20160122 153300;65.53;65.53;65.42;65.479;551
20160122 153400;65.46;65.46;65.46;65.46;100
20160122 153600;65.37;65.37;65.35;65.35;200
20160122 153800;65.45;65.49;65.45;65.49;200
20160122 154100;65.48;65.48;65.48;65.48;100
20160122 154200;65.47;65.47;65.47;65.47;200
20160122 154400;65.53;65.54;65.51;65.51;500
20160122 154500;65.5;65.53;65.5;65.53;401
20160122 154600;65.52;65.53;65.5;65.52;700
20160122 154800;65.51;65.51;65.51;65.51;300
20160122 155100;65.53;65.54;65.53;65.54;400
20160122 155400;65.54;65.54;65.54;65.54;100
20160122 155600;65.5;65.54;65.5;65.54;400
20160122 155700;65.52;65.52;65.45;65.46;700
20160122 155800;65.47;65.57;65.47;65.57;400
20160122 155900;65.56;65.56;65.56;65.56;400
20160122 160000;65.56;65.65;65.56;65.65;1694
20160125 093100;65.04;65.07;65.03;65.03;2300
20160125 093700;65.17;65.37;65.13;65.37;300
20160125 094200;65.55;65.55;65.47;65.47;200
20160125 094300;65.53;65.53;65.24;65.24;1999
20160125 094400;65.48;65.48;65.38;65.38;200
20160125 094700;65.49;65.49;65.36;65.36;200
20160125 094800;65.3786;65.3786;65.3786;65.3786;100
20160125 095900;65.44;65.44;65.39;65.39;300
20160125 100200;65.43;65.43;65.385;65.385;300
20160125 100500;65.49;65.49;65.49;65.49;100
20160125 101100;65.58;65.58;65.54;65.54;300
20160125 101900;65.45;65.46;65.45;65.46;300
20160125 102000;65.36;65.36;65.03;65.1;2650
20160125 102100;65.1;65.1;65.1;65.1;100
20160125 103400;65.1;65.1;65.1;65.1;200
20160125 103500;65.18;65.23;65.11;65.17;400
20160125 103600;65.09;65.09;65.09;65.09;100
20160125 103800;65.07;65.2;65.07;65.2;200
20160125 105300;65.13;65.13;65.13;65.13;100
20160125 105400;65.17;65.17;65.14;65.14;300
20160125 110900;65.1;65.1;65.1;65.1;200
20160125 111500;65.07;65.07;65.06;65.06;300
20160125 111700;65.03;65.07;65.03;65.03;300
20160125 112200;65.08;65.08;65.08;65.08;100
20160125 113000;65.11;65.11;65.11;65.11;100
20160125 113300;65.15;65.15;65.15;65.15;100
20160125 113700;65.2;65.2;65.2;65.2;100
20160125 113800;65.2;65.2;65.2;65.2;100
20160125 114300;65.15;65.19;65.15;65.19;300
20160125 114500;65.39;65.44;65.29;65.29;600
20160125 115100;65.32;65.33;65.29;65.29;600
20160125 115200;65.35;65.35;65.28;65.28;200
20160125 115900;65.19;65.19;65.19;65.19;100
20160125 120300;65.15;65.15;65.15;65.15;100
20160125 120700;65.2;65.2;65.2;65.2;100
20160125 121300;65.07;65.07;65.07;65.07;100
20160125 122100;65.24;65.24;65.24;65.24;200
20160125 123400;65.29;65.29;65.29;65.29;100
20160125 123900;65.24;65.31;65.24;65.31;200
20160125 124800;65.425;65.425;65.32;65.32;200
20160125 125000;65.39;65.39;65.39;65.39;100
20160125 125200;65.29;65.29;65.29;65.29;100
20160125 125900;65.36;65.36;65.36;65.36;200
20160125 130200;65.35;65.35;65.35;65.35;100
20160125 130600;65.39;65.39;65.39;65.39;100
20160125 131000;65.36;65.36;65.34;65.34;200
20160125 131200;65.35;65.35;65.35;65.35;100
20160125 131600;65.48;65.48;65.41;65.41;200
20160125 131700;65.41;65.41;65.41;65.41;100
20160125 131800;65.41;65.41;65.41;65.41;100
20160125 131900;65.49;65.49;65.49;65.49;100
20160125 132500;65.432;65.432;65.432;65.432;818
20160125 133000;65.52;65.52;65.52;65.52;100
20160125 133100;65.53;65.53;65.53;65.53;100
20160125 133300;65.53;65.53;65.53;65.53;100
20160125 134000;65.52;65.52;65.52;65.52;200
20160125 134100;65.45;65.45;65.45;65.45;200
20160125 135000;65.41;65.41;65.41;65.41;100
20160125 135200;65.34;65.34;65.34;65.34;100
20160125 135800;65.45;65.45;65.36;65.36;200
20160125 140700;65.34;65.34;65.34;65.34;100
20160125 141100;65.33;65.33;65.33;65.33;100
20160125 141300;65.33;65.33;65.33;65.33;100
20160125 141500;65.35;65.35;65.29;65.29;200
20160125 141600;65.26;65.26;65.26;65.26;100
20160125 142500;65.4;65.4;65.4;65.4;100
20160125 142600;65.29;65.29;65.29;65.29;100
20160125 143300;65.39;65.39;65.39;65.39;200
20160125 143900;65.38;65.38;65.38;65.38;100
20160125 144200;65.342;65.342;65.342;65.342;378
20160125 144300;65.39;65.39;65.31;65.31;200
20160125 144600;65.34;65.34;65.31;65.31;200
20160125 144900;65.28;65.28;65.26;65.26;200
20160125 145000;65.26;65.26;65.26;65.26;100
20160125 150300;65.31;65.31;65.31;65.31;200
20160125 150400;65.31;65.31;65.31;65.31;300
20160125 150500;65.31;65.31;65.31;65.31;100
20160125 150600;65.33;65.33;65.27;65.27;300
20160125 151000;65.26;65.26;65.19;65.19;300
20160125 151200;65.21;65.21;65.21;65.21;100
20160125 151500;65.23;65.23;65.23;65.23;100
20160125 152000;65.52;65.52;65.39;65.39;500
20160125 152100;65.38;65.38;65.38;65.38;100
20160125 152200;65.36;65.36;65.36;65.36;100
20160125 152700;65.4;65.4;65.4;65.4;200
20160125 152800;65.43;65.43;65.43;65.43;100
20160125 152900;65.52;65.52;65.52;65.52;100
20160125 153000;65.6;65.6;65.55;65.55;300
20160125 153200;65.47;65.49;65.47;65.49;200
20160125 153500;65.6;65.6;65.56;65.56;200
20160125 153600;65.61;65.61;65.61;65.61;100
20160125 153700;65.51;65.51;65.51;65.51;200
20160125 153900;65.3;65.3;65.3;65.3;100
20160125 154000;65.35;65.35;65.33;65.33;200
20160125 154100;65.29;65.29;65.29;65.29;100
20160125 154800;65.23;65.23;65.22;65.22;200
20160125 155100;65.17;65.17;65.17;65.17;100
20160125 155500;65.18;65.18;65.14;65.14;1100
20160125 155600;65.13;65.13;65.08;65.08;500
20160125 155700;65.09;65.22;65.09;65.19;1600
20160125 155800;65.17;65.21;65.09;65.17;1400
20160125 155900;65.18;65.28;65.12;65.12;1042
20160125 160000;65.16;65.25;65.1;65.11;1126
20160126 093200;65.58;65.58;65.58;65.58;100
20160126 093300;65.58;65.58;65.58;65.58;100
20160126 094400;65.35;65.41;65.35;65.41;300
20160126 094500;65.6;65.72;65.6;65.72;400
20160126 094600;65.56;65.56;65.56;65.56;100
20160126 100200;65.78;65.78;65.78;65.78;100
20160126 100500;65.79;65.83;65.79;65.83;200
20160126 101900;65.89;65.89;65.89;65.89;200
20160126 102900;65.99;65.99;65.99;65.99;100
20160126 103000;65.95;65.95;65.94;65.94;200
20160126 103100;65.99;66;65.99;66;500
20160126 103500;65.92;65.92;65.92;65.92;200
20160126 104900;66.1;66.1;66.1;66.1;100
20160126 105800;66.06;66.06;66;66.03;400
20160126 110000;65.95;65.95;65.95;65.95;100
20160126 110200;65.98;65.98;65.98;65.98;100
20160126 111600;65.77;65.77;65.77;65.77;100
20160126 111700;65.92;65.92;65.92;65.92;300
20160126 111900;65.92;65.92;65.92;65.92;100
20160126 112000;65.92;65.92;65.92;65.92;200
20160126 112500;66.02;66.08;66.02;66.08;1500
20160126 114100;65.88;65.88;65.88;65.88;100
20160126 115100;65.87;65.87;65.87;65.87;200
20160126 115500;65.84;65.84;65.84;65.84;100
20160126 120100;65.8;65.8;65.8;65.8;100
20160126 121100;65.82;65.82;65.82;65.82;100
20160126 121700;66.02;66.02;66.02;66.02;100
20160126 122800;66.01;66.01;66.01;66.01;100
20160126 122900;66.04;66.04;66.04;66.04;100
20160126 123700;66.01;66.08;66.01;66.08;1131
20160126 123800;66.03;66.03;66.03;66.03;700
20160126 125500;66;66;66;66;100
20160126 125600;65.95;65.95;65.95;65.95;100
20160126 130000;66.0299;66.03;66.0299;66.03;578
20160126 130700;65.94;65.94;65.94;65.94;100
20160126 131100;65.93;65.93;65.85;65.85;200
20160126 131800;65.99;66.08;65.99;66.08;200
20160126 133100;66.01;66.01;66.01;66.01;100
20160126 133600;65.96;65.96;65.96;65.96;100
20160126 133700;65.85;65.85;65.8;65.8;200
20160126 133800;65.75;65.75;65.73;65.74;510
20160126 134000;65.74;65.74;65.74;65.74;100
20160126 135100;65.7;65.7;65.7;65.7;100
20160126 135500;65.63;65.63;65.62;65.62;200
20160126 140300;65.52;65.52;65.52;65.52;100
20160126 141100;65.52;65.6;65.52;65.6;200
20160126 141400;65.54;65.54;65.54;65.54;100
20160126 141500;65.51;65.51;65.51;65.51;100
20160126 141700;65.45;65.45;65.45;65.45;100
20160126 143100;65.46;65.46;65.46;65.46;100
20160126 143700;65.54;65.54;65.51;65.51;300
20160126 144300;65.46;65.52;65.46;65.52;200
20160126 145500;65.56;65.56;65.56;65.56;100
20160126 150100;65.59;65.61;65.59;65.61;200
20160126 150800;65.62;65.62;65.62;65.62;100
20160126 151000;65.64;65.74;65.64;65.74;200
20160126 151900;65.69;65.69;65.69;65.69;298
20160126 152500;65.55;65.55;65.54;65.54;200
20160126 152800;65.6315;65.69;65.6315;65.69;400
20160126 153100;65.68;65.68;65.68;65.68;100
20160126 154200;65.81;65.82;65.81;65.82;200
20160126 154400;65.76;65.78;65.76;65.78;300
20160126 154600;65.78;65.78;65.78;65.78;100
20160126 154900;65.97;65.97;65.97;65.97;100
20160126 155100;65.96;65.96;65.95;65.95;300
20160126 155200;65.87;65.889;65.82;65.889;600
20160126 155300;65.87;65.87;65.87;65.87;100
20160126 155400;65.76;65.76;65.76;65.76;100
20160126 155500;65.76;65.76;65.67;65.67;200
20160126 155700;65.68;65.68;65.61;65.61;500
20160126 155800;65.69;65.69;65.69;65.69;100
20160126 155900;65.77;65.89;65.75;65.89;2131
20160126 160000;65.89;66;65.89;65.98;2700
20160126 162400;65.92;65.92;65.92;65.92;107
20160127 093600;65.91;65.91;65.91;65.91;100
20160127 093700;65.83;65.83;65.8;65.8;200
20160127 093900;65.9;65.9;65.9;65.9;100
20160127 094000;65.98;65.98;65.98;65.98;100
20160127 094800;66;66;66;66;100
20160127 095200;66.04;66.04;65.99;65.99;200
20160127 095600;66.05;66.05;66.05;66.05;100
20160127 100700;65.65;65.65;65.65;65.65;200
20160127 101100;65.69;65.69;65.69;65.69;100
20160127 101500;65.54;65.54;65.54;65.54;100
20160127 101700;65.52;65.57;65.52;65.57;200
20160127 102400;65.73;65.73;65.73;65.73;100
20160127 103200;65.67;65.67;65.67;65.67;100
20160127 103500;65.74;65.74;65.74;65.74;100
20160127 103600;65.81;65.81;65.81;65.81;200
20160127 104000;65.95;65.95;65.95;65.95;100
20160127 104400;65.89;65.89;65.89;65.89;100
20160127 104600;66.28;66.28;66.22;66.23;300
20160127 104700;66.21;66.21;66.21;66.21;100
20160127 104900;66.21;66.21;66.21;66.21;200
20160127 105200;66.05;66.05;65.97;65.97;200
20160127 105600;65.93;65.93;65.93;65.93;100
20160127 105800;65.94;65.94;65.94;65.94;100
20160127 105900;65.93;66.01;65.93;66.01;300
20160127 110400;66.28;66.28;66.23;66.23;200
20160127 110600;66.27;66.27;66.27;66.27;100
20160127 110700;66.18;66.18;66.18;66.18;100
20160127 110900;66.1;66.1;66.1;66.1;100
20160127 111600;66.32;66.32;66.32;66.32;100
20160127 111800;66.39;66.41;66.39;66.41;200
20160127 112200;66.36;66.36;66.36;66.36;200
20160127 112700;66.56;66.56;66.56;66.56;100
20160127 113300;66.46;66.58;66.46;66.58;400
20160127 113400;66.57;66.57;66.57;66.57;100
20160127 113500;66.62;66.62;66.62;66.62;200
20160127 113800;66.68;66.68;66.68;66.68;100
20160127 115100;66.85;66.88;66.82;66.88;700
20160127 115500;66.76;66.76;66.76;66.76;100
20160127 115800;66.75;66.75;66.75;66.75;100
20160127 115900;66.84;66.85;66.71;66.85;300
20160127 120000;66.8;66.8215;66.8;66.8215;200
20160127 120100;66.89;66.89;66.89;66.89;100
20160127 121200;66.76;66.82;66.76;66.82;200
20160127 121700;66.84;66.84;66.64;66.69;2000
20160127 121800;66.68;66.68;66.68;66.68;100
20160127 122000;66.68;66.68;66.68;66.68;300
20160127 122200;66.7;66.7;66.68;66.68;200
20160127 122300;66.66;66.66;66.66;66.66;100
20160127 122900;66.8;66.8;66.8;66.8;100
20160127 123300;66.73;66.73;66.73;66.73;100
20160127 123500;66.69;66.69;66.69;66.69;100
20160127 124800;66.63;66.63;66.63;66.63;500
20160127 124900;66.62;66.62;66.62;66.62;100
20160127 125400;66.54;66.54;66.53;66.53;300
20160127 125500;66.42;66.42;66.14;66.14;1100
20160127 125600;66.14;66.14;66.14;66.14;100
20160127 130000;66.0338;66.0338;66.0338;66.0338;461
20160127 130100;66.08;66.08;66.08;66.08;300
20160127 130200;66.06;66.06;66.06;66.06;100
20160127 131000;66.04;66.1;66;66;700
20160127 131100;66.18;66.18;66.18;66.18;100
20160127 131200;66.14;66.14;66.14;66.14;100
20160127 131900;65.93;65.93;65.78;65.86;1000
20160127 132100;65.91;65.91;65.91;65.91;100
20160127 132300;65.9;65.92;65.9;65.92;200
20160127 132400;65.91;65.91;65.91;65.91;200
20160127 132600;65.9;65.9;65.9;65.9;200
20160127 132800;65.9;65.9;65.9;65.9;100
20160127 132900;65.91;65.91;65.91;65.91;200
20160127 133500;65.98;65.98;65.98;65.98;100
20160127 133600;66.04;66.04;66.04;66.04;100
20160127 133700;65.985;65.985;65.985;65.985;100
20160127 133800;65.98;65.98;65.98;65.98;100
20160127 134700;65.83;65.83;65.83;65.83;100
20160127 134900;65.85;65.88;65.85;65.88;300
20160127 135000;65.9;65.9;65.86;65.87;400
20160127 135100;65.84;65.84;65.83;65.83;200
20160127 135200;65.79;65.85;65.79;65.85;200
20160127 135400;65.83;65.83;65.83;65.83;100
20160127 135900;65.85;65.85;65.85;65.85;100
20160127 140200;65.9;65.9;65.9;65.9;100
20160127 140300;65.76;65.76;65.76;65.76;100
20160127 140400;65.85;65.85;65.85;65.85;100
20160127 140600;65.6906;65.6906;65.6906;65.6906;276
20160127 140900;65.73;65.73;65.65;65.65;200
20160127 141000;65.6;65.6;65.31;65.31;400
20160127 141100;65.39;65.47;65.39;65.47;300
20160127 141200;65.44;65.44;65.44;65.44;100
20160127 141300;65.46;65.53;65.46;65.52;400
20160127 141400;65.58;65.58;65.44;65.44;200
20160127 141700;65.62;65.62;65.62;65.62;100
20160127 142100;65.87;65.87;65.87;65.87;100
20160127 142400;66.03;66.03;66.02;66.02;300
20160127 142500;65.95;65.95;65.95;65.95;100
20160127 143200;65.93;65.93;65.93;65.93;100
20160127 143800;65.79;65.8;65.79;65.8;300
20160127 143900;65.78;65.83;65.78;65.83;200
20160127 144000;65.64;65.64;65.64;65.64;100
20160127 144300;65.54;65.56;65.53;65.56;300
20160127 144400;65.5;65.5;65.5;65.5;100
20160127 144800;65.51;65.54;65.51;65.54;200
20160127 145500;65.54;65.54;65.54;65.54;100
20160127 145700;65.44;65.44;65.44;65.44;100
20160127 145800;65.33;65.33;65.33;65.33;200
20160127 150200;65.2;65.2;65.2;65.2;100
20160127 150300;65.09;65.09;65.09;65.09;100
20160127 150400;65.12;65.14;65.12;65.14;200
20160127 150500;65.22;65.22;65.22;65.22;100
20160127 150600;65.22;65.22;65.22;65.22;100
20160127 150900;65.29;65.29;65.29;65.29;100
20160127 151000;65.33;65.33;65.33;65.33;100
20160127 151100;65.3;65.3;65.3;65.3;100
20160127 151300;65.22;65.22;65.18;65.18;200
20160127 151500;65.11;65.11;65.11;65.11;100
20160127 151600;65.03;65.09;65.03;65.09;300
20160127 151800;65.14;65.14;65.14;65.14;200
20160127 152300;65.15;65.2;65.14;65.2;400
20160127 152500;65.19;65.2;65.19;65.2;200
20160127 152600;65.39;65.39;65.39;65.39;100
20160127 152700;65.21;65.21;65.21;65.21;100
20160127 153000;65.2;65.22;65.2;65.22;200
20160127 153100;65.28;65.28;65.28;65.28;100
20160127 153600;65.27;65.27;65.25;65.25;300
20160127 153700;65.26;65.26;65.25;65.25;200
20160127 153800;65.18;65.22;65.18;65.22;300
20160127 153900;65.23;65.26;65.23;65.26;500
20160127 154200;65.18;65.18;65.18;65.18;100
20160127 154300;65.27;65.31;65.27;65.31;200
20160127 154500;65.34;65.34;65.34;65.34;500
20160127 154600;65.38;65.5;65.38;65.5;400
20160127 154700;65.65;65.68;65.65;65.68;200
20160127 154800;65.62;65.62;65.62;65.62;100
20160127 154900;65.61;65.61;65.59;65.59;400
20160127 155000;65.555;65.59;65.555;65.59;200
20160127 155100;65.56;65.56;65.56;65.56;100
20160127 155200;65.56;65.56;65.56;65.56;100
20160127 155300;65.54;65.54;65.54;65.54;100
20160127 155400;65.45;65.45;65.43;65.43;300
20160127 155500;65.4;65.4;65.4;65.4;100
20160127 155600;65.38;65.38;65.38;65.38;100
20160127 155700;65.36;65.49;65.36;65.49;1600
20160127 155800;65.5;65.51;65.49;65.5;500
20160127 155900;65.55;65.55;65.52;65.52;300
20160127 160000;65.5;65.63;65.5;65.63;1059
20160128 093300;66.97;67.01;66.67;66.67;300
20160128 093400;66.51;66.51;66.51;66.51;678
20160128 093500;66.5237;66.5237;66.5237;66.5237;100
20160128 093700;66.64;66.64;66.64;66.64;100
20160128 093800;66.82;66.82;66.79;66.79;200
20160128 093900;66.91;66.91;66.91;66.91;200
20160128 094500;67.05;67.05;67.05;67.05;100
20160128 094900;67.24;67.24;67.22;67.22;200
20160128 095100;67.21;67.21;67.21;67.21;200
20160128 095600;67.16;67.16;67.16;67.16;100
20160128 095700;67.43;67.43;67.43;67.43;100
20160128 095800;67.34;67.34;67.31;67.31;300
20160128 095900;67.31;67.31;67.31;67.31;100
20160128 100300;67.23;67.23;67.2;67.2;200
20160128 100700;67.12;67.12;67.12;67.12;100
20160128 100800;67.22;67.22;67.22;67.22;100
20160128 101900;67.1;67.11;67.1;67.1;513
20160128 102300;67.04;67.04;67.03;67.03;200
20160128 102500;67.04;67.04;66.91;66.91;200
20160128 103300;66.6;66.75;66.6;66.75;500
20160128 103700;66.82;66.82;66.82;66.82;100
20160128 103800;66.89;66.89;66.86;66.86;200
20160128 103900;66.87;66.87;66.87;66.87;100
20160128 104600;66.97;66.99;66.97;66.99;250
20160128 105300;67.07;67.07;67.07;67.07;100
20160128 105500;67.07;67.07;67.07;67.07;100
20160128 105800;67.08;67.08;67.08;67.08;100
20160128 110000;67.1;67.1;67.1;67.1;100
20160128 110100;67.06;67.1;67.06;67.06;300
20160128 110600;67.06;67.06;67.04;67.04;300
20160128 111100;67.1503;67.1503;67.14;67.1503;324
20160128 112500;67.3;67.3;67.3;67.3;100
20160128 112600;67.32;67.32;67.25;67.25;200
20160128 112700;67.23;67.31;67.17;67.31;500
20160128 112900;67.26;67.26;67.26;67.26;100
20160128 113500;67.135;67.25;67.135;67.25;1817
20160128 113700;67.12;67.12;67.12;67.12;100
20160128 114500;67.1812;67.1812;67.1812;67.1812;148
20160128 115400;67.001;67.001;67.001;67.001;131
20160128 120500;67.27;67.27;67.27;67.27;100
20160128 121600;67.31;67.31;67.31;67.31;150
20160128 121800;67.22;67.22;67.22;67.22;200
20160128 122100;67.28;67.28;67.28;67.28;100
20160128 122400;67.2301;67.2301;67.2301;67.2301;318
20160128 122600;67.25;67.25;67.25;67.25;100
20160128 122900;67.32;67.32;67.32;67.32;100
20160128 123500;67.35;67.35;67.35;67.35;300
20160128 123900;67.25;67.2784;67.25;67.2784;296
20160128 124000;67.29;67.29;67.29;67.29;100
20160128 125000;67.34;67.34;67.34;67.34;100
20160128 130000;67.28;67.28;67.28;67.28;100
20160128 130200;67.27;67.27;67.25;67.25;400
20160128 130500;67.3;67.3;67.3;67.3;100
20160128 130700;67.28;67.28;67.28;67.28;100
20160128 131300;67.35;67.35;67.35;67.35;200
20160128 131800;67.44;67.44;67.44;67.44;100
20160128 132000;67.32;67.32;67.27;67.27;500
20160128 132300;67.27;67.27;67.27;67.27;100
20160128 132800;67.27;67.27;67.27;67.27;100
20160128 133600;67.32;67.37;67.32;67.37;200
20160128 133900;67.3;67.3;67.3;67.3;100
20160128 134000;67.23;67.23;67.23;67.23;100
20160128 134700;67.23;67.23;67.23;67.23;100
20160128 134900;67.22;67.22;67.22;67.22;200
20160128 135100;67.2;67.2;67.2;67.2;100
20160128 140000;67.2133;67.2133;67.2133;67.2133;150
20160128 141100;67.15;67.15;67.12;67.14;300
20160128 141300;67.175;67.175;67.175;67.175;251
20160128 141600;67.11;67.14;67.11;67.12;400
20160128 141800;67.07;67.07;67.07;67.07;100
20160128 142200;67.01;67.01;67.01;67.01;100
20160128 142400;67.055;67.055;67.025;67.025;200
20160128 144300;67.191;67.2;67.191;67.2;200
20160128 144400;67.23;67.23;67.23;67.23;300
20160128 145200;67.19;67.24;67.19;67.24;200
20160128 145400;67.17;67.17;67.17;67.17;100
20160128 145700;67.09;67.09;67.09;67.09;100
20160128 150100;67.12;67.12;67.12;67.12;100
20160128 151600;67.3;67.3;67.29;67.29;300
20160128 152000;67.33;67.33;67.33;67.33;100
20160128 152100;67.34;67.4;67.34;67.4;200
20160128 152200;67.3;67.3;67.3;67.3;200
20160128 152300;67.3;67.3;67.3;67.3;200
20160128 153200;67.17;67.2;67.17;67.18;400
20160128 153300;67.18;67.18;67.18;67.18;100
20160128 153700;67.2;67.21;67.17;67.19;1420
20160128 154100;67;67;66.99;66.99;300
20160128 154200;66.99;67.02;66.99;67;600
20160128 154400;67.02;67.02;67.02;67.02;200
20160128 154500;67.01;67.01;67.01;67.01;100
20160128 154600;67.12;67.12;67.12;67.12;100
20160128 154700;67.29;67.45;67.25;67.3;4290
20160128 154800;67.21;67.23;67.21;67.23;200
20160128 154900;67.22;67.295;67.22;67.295;500
20160128 155000;67.2;67.23;67.18;67.18;400
20160128 155100;67.15;67.15;67.06;67.06;400
20160128 155200;67.06;67.06;66.96;66.96;200
20160128 155300;66.92;66.93;66.84;66.84;900
20160128 155400;67.01;67.01;66.9;66.9;200
20160128 155500;66.88;66.89;66.88;66.89;200
20160128 155600;66.89;66.94;66.89;66.94;400
20160128 155700;66.92;66.92;66.91;66.91;400
20160128 155800;66.89;66.89;66.88;66.88;200
20160128 155900;66.89;66.89;66.89;66.89;766
20160128 160000;66.8801;67;66.88;67;1800
20160128 162100;66.93;66.93;66.93;66.93;2138
20160129 093100;67.24;67.24;67.24;67.24;100
20160129 093300;67.45;67.53;67.45;67.53;211
20160129 093600;67.48;67.48;67.45;67.48;500
20160129 094200;67.88;67.88;67.86;67.87;300
20160129 094600;67.87;67.87;67.87;67.87;100
20160129 094800;67.79;67.84;67.79;67.82;600
20160129 094900;67.73;67.73;67.73;67.73;100
20160129 095000;67.9;67.92;67.9;67.92;400
20160129 095200;68.08;68.08;68.08;68.08;100
20160129 095300;67.95;67.95;67.95;67.95;100
20160129 095400;67.71;67.71;67.71;67.71;200
20160129 095800;67.87;67.87;67.87;67.87;100
20160129 100200;67.78;67.78;67.78;67.78;200
20160129 100500;67.81;67.81;67.81;67.81;100
20160129 100600;67.89;67.89;67.89;67.89;100
20160129 101200;67.95;67.95;67.95;67.95;100
20160129 101600;67.94;67.94;67.89;67.89;200
20160129 102200;67.67;67.67;67.67;67.67;100
20160129 102400;67.66;67.66;67.54;67.54;200
20160129 102600;67.37;67.37;67.37;67.37;100
20160129 103300;67.36;67.36;67.35;67.36;300
20160129 103500;67.37;67.37;67.37;67.37;100
20160129 103800;67.25;67.25;67.25;67.25;100
20160129 104500;67.48;67.48;67.48;67.48;100
20160129 105800;67.45;67.61;67.45;67.59;600
20160129 110100;67.77;67.86;67.77;67.86;400
20160129 110500;67.87;67.95;67.87;67.95;200
20160129 110800;67.93;67.99;67.93;67.99;300
20160129 111600;67.85;67.85;67.85;67.85;100
20160129 111700;67.82;67.82;67.82;67.82;100
20160129 111900;67.76;67.76;67.71;67.71;200
20160129 112300;67.77;67.77;67.77;67.77;100
20160129 112500;67.81;67.81;67.81;67.81;100
20160129 113100;67.72;67.72;67.72;67.72;100
20160129 113800;67.7;67.7;67.7;67.7;100
20160129 114800;67.7;67.74;67.7;67.74;500
20160129 114900;67.73;67.73;67.73;67.73;100
20160129 115100;67.74;67.74;67.74;67.74;100
20160129 120600;67.83;67.83;67.83;67.83;100
20160129 121300;67.88;67.88;67.88;67.88;100
20160129 121400;67.96;67.96;67.96;67.96;200
20160129 121500;67.99;67.99;67.99;67.99;100
20160129 121700;68.07;68.07;68.07;68.07;200
20160129 121900;68.07;68.07;68.07;68.07;100
20160129 122100;68.17;68.17;68.17;68.17;100
20160129 122400;68.17;68.17;68.17;68.17;100
20160129 122700;68.2;68.2;68.2;68.2;100
20160129 124500;68.19;68.19;68.19;68.19;100
20160129 125200;68.18;68.18;68.18;68.18;100
20160129 125600;68.21;68.21;68.21;68.21;100
20160129 125700;68.25;68.25;68.25;68.25;100
20160129 125900;68.25;68.25;68.25;68.25;100
20160129 130000;68.3;68.3;68.3;68.3;100
20160129 130100;68.3;68.3;68.3;68.3;200
20160129 130300;68.25;68.27;68.25;68.27;200
20160129 130900;68.18;68.185;68.18;68.185;200
20160129 131000;68.18;68.18;68.18;68.18;200
20160129 131100;68.18;68.2;68.18;68.2;200
20160129 131200;68.25;68.25;68.25;68.25;100
20160129 131300;68.24;68.25;68.24;68.24;400
20160129 131600;68.44;68.44;68.44;68.44;100
20160129 131800;68.58;68.58;68.58;68.58;100
20160129 132200;68.565;68.565;68.565;68.565;100
20160129 132300;68.525;68.525;68.525;68.525;100
20160129 132600;68.51;68.51;68.51;68.51;100
20160129 133000;68.51;68.51;68.51;68.51;100
20160129 133200;68.58;68.58;68.58;68.58;100
20160129 133700;68.63;68.685;68.63;68.63;800
20160129 133900;68.695;68.695;68.695;68.695;100
20160129 134200;69.01;69.01;68.94;68.94;400
20160129 134500;68.99;69.03;68.99;69.03;300
20160129 135100;69.17;69.18;69.17;69.18;200
20160129 135200;69.13;69.13;69.13;69.13;100
20160129 135500;69.1225;69.19;69.1225;69.19;200
20160129 135700;69.14;69.37;69.14;69.37;1700
20160129 135800;69.27;69.27;69.27;69.27;100
20160129 140000;69.255;69.255;69.255;69.255;100
20160129 140100;69.24;69.24;69.24;69.24;200
20160129 140200;69.36;69.36;69.36;69.36;100
20160129 140300;69.3;69.3;69.3;69.3;100
20160129 140400;69.3;69.3;69.3;69.3;100
20160129 140900;69.36;69.36;69.36;69.36;100
20160129 141100;69.42;69.42;69.41;69.41;200
20160129 141500;69.48;69.48;69.48;69.48;100
20160129 141600;69.5;69.5;69.5;69.5;100
20160129 142100;69.555;69.57;69.555;69.57;200
20160129 142900;69.59;69.59;69.56;69.56;200
20160129 143000;69.605;69.61;69.56;69.56;500
20160129 143100;69.54;69.545;69.49;69.52;800
20160129 143200;69.51;69.51;69.51;69.51;100
20160129 143300;69.53;69.53;69.53;69.53;100
20160129 143400;69.54;69.54;69.54;69.54;100
20160129 143700;69.59;69.59;69.58;69.58;200
20160129 143800;69.75;69.75;69.702;69.702;400
20160129 143900;69.66;69.66;69.66;69.66;100
20160129 144000;69.72;69.72;69.67;69.67;300
20160129 144600;69.66;69.69;69.66;69.66;400
20160129 144700;69.61;69.61;69.6;69.6;400
20160129 144800;69.64;69.64;69.64;69.64;100
20160129 145000;69.65;69.65;69.65;69.65;100
20160129 145200;69.64;69.64;69.64;69.64;100
20160129 145600;69.58;69.59;69.52;69.52;600
20160129 150100;69.73;69.73;69.66;69.66;200
20160129 150300;69.68;69.68;69.68;69.68;100
20160129 150600;69.839;69.839;69.83;69.83;900
20160129 150800;69.72;69.75;69.72;69.75;400
20160129 151200;69.67;69.67;69.62;69.62;300
20160129 151300;69.6;69.6;69.6;69.6;100
20160129 151400;69.52;69.52;69.51;69.51;300
20160129 152000;69.35;69.35;69.35;69.35;100
20160129 152300;69.38;69.38;69.38;69.38;100
20160129 152500;69.43;69.43;69.43;69.43;100
20160129 152700;69.44;69.44;69.44;69.44;400
20160129 152900;69.54;69.61;69.53;69.61;400
20160129 153100;69.6;69.72;69.6;69.72;200
20160129 153300;69.74;69.78;69.74;69.775;700
20160129 153400;69.8;69.8;69.8;69.8;100
20160129 153500;69.78;69.815;69.78;69.78;800
20160129 153600;69.76;69.81;69.74;69.81;500
20160129 153800;69.81;69.81;69.81;69.81;100
20160129 153900;69.82;69.82;69.82;69.82;200
20160129 154000;69.84;69.85;69.84;69.85;288
20160129 154100;69.93;69.93;69.9;69.93;300
20160129 154200;70.03;70.03;70.03;70.03;100
20160129 154300;70.01;70.01;70.01;70.01;200
20160129 154500;70.18;70.22;70.18;70.22;800
20160129 154700;70.28;70.28;70.28;70.28;100
20160129 154800;70.19;70.21;70.18;70.18;600
20160129 155000;70.24;70.28;70.24;70.28;300
20160129 155100;70.34;70.34;70.34;70.34;100
20160129 155200;70.29;70.29;70.26;70.29;300
20160129 155300;70.26;70.27;70.24;70.24;500
20160129 155400;70.28;70.28;70.24;70.27;500
20160129 155500;70.28;70.29;70.28;70.29;200
20160129 155600;70.29;70.29;70.29;70.29;100
20160129 155700;70.29;70.36;70.29;70.31;2300
20160129 155800;70.36;70.43;70.32;70.43;2200
20160129 155900;70.41;70.44;70.41;70.43;1269
20160129 160000;70.42;70.52;70.3;70.32;3236
20160129 162500;70.14;70.14;70.14;70.14;330
20160201 094700;69.51;69.51;69.51;69.51;100
20160201 094800;69.64;69.64;69.64;69.64;100
20160201 095600;69.6;69.6;69.6;69.6;600
20160201 100300;69.42;69.42;69.42;69.42;100
20160201 105800;70;70;70;70;100
20160201 112700;69.849;69.849;69.849;69.849;100
20160201 113100;69.94;69.99;69.94;69.95;323
20160201 113200;70.09;70.09;70.09;70.09;100
20160201 114600;70.27;70.27;70.27;70.27;100
20160201 120700;70.14;70.14;70.14;70.14;100
20160201 120800;70.1;70.2;70.1;70.2;600
20160201 121700;70.16;70.16;70.16;70.16;100
20160201 121900;70.15;70.15;70.15;70.15;100
20160201 122400;70.16;70.16;70.16;70.16;100
20160201 122500;70.06;70.06;70.04;70.04;200
20160201 124000;70.08;70.08;70.08;70.08;100
20160201 124400;70;70;70;70;113
20160201 124600;69.99;69.99;69.99;69.99;100
20160201 124700;69.95;69.95;69.95;69.95;100
20160201 125200;70.07;70.07;70.07;70.07;100
20160201 125300;70.075;70.08;70.075;70.08;700
20160201 131100;69.9291;69.9291;69.9291;69.9291;186
20160201 131700;70.04;70.04;70.04;70.04;200
20160201 133000;70.06;70.1;70.06;70.1;600
20160201 134500;70.05;70.05;70.05;70.05;100
20160201 135400;70.23;70.23;70.23;70.23;100
20160201 141100;70.35;70.35;70.35;70.35;100
20160201 142000;70.3;70.3;70.3;70.3;100
20160201 142100;70.31;70.31;70.31;70.31;100
20160201 143200;70.32;70.32;70.31;70.32;400
20160201 143500;70.33;70.33;70.33;70.33;300
20160201 144000;70.3013;70.3013;70.3013;70.3013;351
20160201 144100;70.3;70.33;70.3;70.33;200
20160201 144200;70.33;70.33;70.33;70.33;300
20160201 144300;70.36;70.36;70.36;70.36;100
20160201 144400;70.42;70.42;70.42;70.42;100
20160201 145100;70.35;70.35;70.32;70.32;800
20160201 145400;70.3;70.3;70.28;70.28;200
20160201 150000;70.3;70.3;70.25;70.25;500
20160201 150900;70.125;70.125;70.125;70.125;100
20160201 151000;70.26;70.26;70.26;70.26;200
20160201 151200;70.24;70.24;70.24;70.24;200
20160201 151300;70.19;70.19;70.19;70.19;100
20160201 151500;70.21;70.21;70.21;70.21;100
20160201 151900;70.31;70.31;70.31;70.31;100
20160201 152000;70.31;70.32;70.31;70.32;200
20160201 152500;70.54;70.54;70.54;70.54;100
20160201 152800;70.62;70.62;70.61;70.62;300
20160201 153100;70.5;70.5;70.49;70.49;200
20160201 153400;70.58;70.58;70.58;70.58;100
20160201 153600;70.57;70.57;70.57;70.57;100
20160201 153800;70.38;70.38;70.38;70.38;100
20160201 154100;70.37;70.37;70.3383;70.3383;300
20160201 154200;70.28;70.29;70.28;70.29;200
20160201 154300;70.39;70.39;70.39;70.39;200
20160201 154400;70.39;70.39;70.39;70.39;100
20160201 154500;70.4;70.4;70.4;70.4;100
20160201 154600;70.38;70.38;70.38;70.38;100
20160201 155000;70.39;70.39;70.39;70.39;100
20160201 155100;70.31;70.31;70.31;70.31;100
20160201 155400;70.39;70.39;70.39;70.39;200
20160201 155500;70.33;70.33;70.33;70.33;100
20160201 155600;70.32;70.32;70.32;70.32;100
20160201 155700;70.38;70.4;70.38;70.4;400
20160201 155800;70.41;70.52;70.37;70.52;300
20160201 155900;70.42;70.53;70.41;70.46;2000
20160201 160000;70.51;70.53;70.41;70.48;2426
20160202 093300;69.61;69.62;69.61;69.62;300
20160202 093500;69.58;69.58;69.51;69.51;663
20160202 093700;69.2;69.2;69.2;69.2;200
20160202 093900;68.72;68.72;68.72;68.72;100
20160202 094000;68.34;68.49;68.34;68.49;400
20160202 094200;68.3041;68.3041;68.3041;68.3041;600
20160202 094300;68.34;68.34;68.34;68.34;200
20160202 094900;68.17;68.17;68.17;68.17;100
20160202 095200;68.08;68.08;68.08;68.08;100
20160202 095500;68.03;68.07;68.03;68.07;200
20160202 095600;68.09;68.09;68.09;68.09;100
20160202 095900;68.26;68.26;68.26;68.26;100
20160202 100800;68.16;68.16;67.92;68.1;900
20160202 100900;68.09;68.15;68.09;68.15;200
20160202 101200;68.05;68.06;68.03;68.03;400
20160202 101300;68.02;68.02;68.02;68.02;100
20160202 101600;67.99;68;67.99;68;200
20160202 102100;67.91;67.91;67.91;67.91;100
20160202 102300;67.75;67.75;67.75;67.75;100
20160202 102400;67.73;67.73;67.65;67.65;209
20160202 102500;67.555;67.555;67.555;67.555;100
20160202 102600;67.55;67.55;67.51;67.51;200
20160202 103000;67.75;67.75;67.75;67.75;100
20160202 103200;67.98;67.98;67.98;67.98;100
20160202 103300;67.98;67.98;67.98;67.98;100
20160202 103500;67.98;67.98;67.98;67.98;100
20160202 103700;67.97;67.97;67.97;67.97;100
20160202 105000;67.85;67.85;67.85;67.85;100
20160202 105500;67.92;67.92;67.92;67.92;200
20160202 105600;67.91;67.91;67.91;67.91;100
20160202 105700;67.89;67.89;67.89;67.89;100
20160202 105800;67.88;67.9;67.88;67.9;200
20160202 110100;67.93;67.93;67.93;67.93;100
20160202 110900;67.83;67.83;67.75;67.75;700
20160202 111000;67.65;67.65;67.64;67.64;200
20160202 111300;67.52;67.52;67.52;67.52;100
20160202 111500;67.5;67.5;67.5;67.5;100
20160202 112000;67.5;67.5;67.5;67.5;400
20160202 112100;67.58;67.58;67.58;67.58;100
20160202 112200;67.545;67.545;67.545;67.545;100
20160202 112400;67.54;67.54;67.54;67.54;100
20160202 112600;67.55;67.55;67.55;67.55;100
20160202 112700;67.5;67.5;67.48;67.48;400
20160202 112800;67.54;67.54;67.53;67.53;300
20160202 113000;67.57;67.57;67.48;67.55;700
20160202 113100;67.54;67.54;67.54;67.54;100
20160202 113200;67.53;67.56;67.53;67.56;300
20160202 113500;67.57;67.57;67.53;67.53;300
20160202 113600;67.57;67.57;67.57;67.57;100
20160202 114500;67.48;67.48;67.48;67.48;100
20160202 115700;67.6;67.6;67.55;67.59;300
20160202 120500;67.43;67.43;67.43;67.43;100
20160202 120600;67.4;67.4;67.4;67.4;400
20160202 120800;67.38;67.4;67.38;67.4;400
20160202 120900;67.37;67.42;67.37;67.42;200
20160202 121400;67.315;67.34;67.315;67.34;200
20160202 121700;67.33;67.33;67.32;67.32;200
20160202 122000;67.34;67.34;67.34;67.34;100
20160202 122900;67.39;67.39;67.39;67.39;100
20160202 123000;67.35;67.41;67.35;67.41;200
20160202 123500;67.4;67.4;67.4;67.4;100
20160202 123700;67.375;67.375;67.36;67.36;300
20160202 124000;67.41;67.41;67.41;67.41;100
20160202 124100;67.39;67.43;67.37;67.37;500
20160202 124400;67.38;67.38;67.38;67.38;100
20160202 124700;67.37;67.37;67.37;67.37;100
20160202 124900;67.38;67.41;67.38;67.41;200
20160202 125000;67.31;67.31;67.31;67.31;100
20160202 130300;67.35;67.37;67.35;67.37;200
20160202 131300;67.4;67.4;67.4;67.4;200
20160202 131500;67.35;67.35;67.35;67.35;100
20160202 131900;67.41;67.45;67.41;67.45;200
20160202 132300;67.43;67.43;67.43;67.43;705
20160202 133900;67.46;67.46;67.46;67.46;104
20160202 134000;67.4;67.4;67.4;67.4;200
20160202 134200;67.42;67.43;67.42;67.43;300
20160202 134300;67.41;67.41;67.41;67.41;100
20160202 134400;67.38;67.38;67.38;67.38;100
20160202 134500;67.35;67.37;67.35;67.37;200
20160202 135200;67.3;67.3;67.3;67.3;600
20160202 135500;67.27;67.27;67.27;67.27;100
20160202 135600;67.26;67.2799;67.22;67.2799;550
20160202 135700;67.24;67.24;67.18;67.18;200
20160202 135800;67.09;67.09;67.03;67.07;500
20160202 135900;67.01;67.07;66.97;67.07;400
20160202 140000;66.96;66.96;66.92;66.92;200
20160202 140100;66.87;66.95;66.85;66.95;500
20160202 140200;66.95;67.11;66.94;66.97;400
20160202 140300;67.04;67.04;67.03;67.03;500
20160202 140400;67.06;67.06;67.04;67.04;200
20160202 140500;66.82;66.83;66.75;66.775;500
20160202 140600;66.76;66.8;66.76;66.8;200
20160202 140700;66.82;66.82;66.82;66.82;100
20160202 140900;66.78;66.78;66.78;66.78;100
20160202 141000;66.8;66.8;66.8;66.8;100
20160202 142000;66.77;66.84;66.77;66.83;300
20160202 142300;66.84;66.84;66.84;66.84;100
20160202 142400;66.78;66.78;66.78;66.78;100
20160202 143100;66.69;66.69;66.69;66.69;100
20160202 143800;66.8;66.8;66.8;66.8;100
20160202 144000;66.85;66.87;66.85;66.87;200
20160202 144100;66.86;66.93;66.86;66.93;200
20160202 144200;66.84;66.87;66.77;66.77;700
20160202 144500;66.91;66.91;66.9;66.9;200
20160202 145300;66.79;66.79;66.79;66.79;100
20160202 145500;66.84;66.84;66.84;66.84;200
20160202 145600;66.82;66.82;66.81;66.81;300
20160202 145700;66.84;66.84;66.84;66.84;100
20160202 150000;66.865;66.865;66.865;66.865;100
20160202 150800;66.85;66.85;66.84;66.84;200
20160202 151000;66.8;66.8;66.79;66.79;200
20160202 151100;66.85;66.85;66.85;66.85;100
20160202 151500;66.815;66.89;66.815;66.89;500
20160202 151600;66.9;66.92;66.9;66.92;300
20160202 151900;66.84;66.89;66.84;66.85;300
20160202 152100;66.88;66.88;66.88;66.88;100
20160202 152400;66.89;66.89;66.89;66.89;100
20160202 152500;66.91;66.91;66.91;66.91;200
20160202 152600;66.89;66.89;66.89;66.89;200
20160202 152800;66.89;67;66.89;67;200
20160202 152900;66.85;66.85;66.85;66.85;100
20160202 153000;66.88;66.88;66.87;66.87;200
20160202 153100;66.94;66.94;66.94;66.94;100
20160202 153200;66.94;66.94;66.92;66.94;1400
20160202 153300;67.04;67.04;67.04;67.04;300
20160202 153600;67.1;67.34;67.07;67.34;500
20160202 153700;67.31;67.46;67.31;67.46;200
20160202 153900;67.35;67.38;67.34;67.34;392
20160202 154000;67.25;67.25;67.25;67.25;100
20160202 154300;67.23;67.23;67.23;67.23;200
20160202 154400;67.25;67.25;67.25;67.25;100
20160202 154500;67.21;67.21;67.11;67.17;700
20160202 154600;67;67.09;67;67.04;918
20160202 154800;67.06;67.06;67.06;67.06;100
20160202 155000;67.04;67.06;67.03;67.06;700
20160202 155300;67.17;67.18;67.17;67.18;279
20160202 155400;67.21;67.21;67.21;67.21;198
20160202 155500;67.19;67.24;67.19;67.24;400
20160202 155600;67.24;67.24;67.24;67.24;100
20160202 155700;67.21;67.24;67.18;67.18;552
20160202 155800;67.27;67.28;67.23;67.275;800
20160202 155900;67.215;67.23;67.215;67.23;200
20160202 160000;67.195;67.4;67.14;67.22;3549
20160203 093400;67.74;67.74;67.74;67.74;408
20160203 093500;67.59;67.59;67.59;67.59;100
20160203 093700;67.99;67.99;67.99;67.99;100
20160203 093900;67.975;67.975;67.975;67.975;100
20160203 094000;67.96;67.96;67.96;67.96;100
20160203 094200;67.97;67.97;67.97;67.97;100
20160203 094300;67.96;67.96;67.96;67.96;100
20160203 094400;67.96;67.96;67.96;67.96;100
20160203 094600;68.04;68.04;68.04;68.04;600
20160203 094700;68;68;68;68;100
20160203 095100;67.995;68.1;67.995;68.1;302
20160203 095800;68.01;68.04;68.01;68.04;600
20160203 100000;68.03;68.055;68.03;68.055;600
20160203 100100;68.06;68.06;67.97;67.97;400
20160203 100300;67.99;67.99;67.92;67.92;300
20160203 101000;67.83;67.83;67.83;67.83;100
20160203 101400;67.73;67.73;67.73;67.73;100
20160203 102100;67.79;67.79;67.79;67.79;100
20160203 102400;67.73;67.73;67.73;67.73;300
20160203 102600;67.68;67.68;67.64;67.64;200
20160203 102700;67.63;67.63;67.63;67.63;100
20160203 102900;67.64;67.64;67.64;67.64;100
20160203 103100;67.61;67.61;67.37;67.37;500
20160203 103200;67.25;67.25;67.25;67.25;100
20160203 103400;67.26;67.26;67.26;67.26;200
20160203 103800;67.21;67.21;67.21;67.21;100
20160203 104500;67.55;67.55;67.54;67.54;200
20160203 104900;67.71;67.71;67.66;67.66;500
20160203 105100;67.57;67.62;67.57;67.58;1000
20160203 105600;67.65;67.65;67.65;67.65;100
20160203 105800;67.62;67.62;67.61;67.61;300
20160203 110700;67.71;67.71;67.71;67.71;100
20160203 110800;67.62;67.62;67.61;67.61;200
20160203 111500;67.68;67.73;67.68;67.73;200
20160203 111700;67.76;67.76;67.76;67.76;100
20160203 112100;67.81;67.81;67.81;67.81;200
20160203 112200;67.85;67.85;67.85;67.85;300
20160203 112500;67.88;67.88;67.86;67.86;200
20160203 112800;67.94;67.94;67.94;67.94;100
20160203 113000;67.86;67.86;67.85;67.85;200
20160203 113200;67.78;67.78;67.78;67.78;100
20160203 113500;67.77;67.77;67.77;67.77;100
20160203 113700;67.775;67.775;67.775;67.775;100
20160203 113800;67.76;67.76;67.76;67.76;100
20160203 114100;67.92;67.93;67.92;67.93;200
20160203 114400;67.98;67.98;67.98;67.98;100
20160203 114500;67.98;67.98;67.98;67.98;100
20160203 114700;68.04;68.04;68;68;200
20160203 114900;68.09;68.09;68.09;68.09;100
20160203 115000;68.04;68.04;68.04;68.04;100
20160203 115100;68.05;68.05;68.05;68.05;100
20160203 115200;68.05;68.05;68.01;68.01;300
20160203 115400;68.07;68.07;68.07;68.07;200
20160203 115500;67.98;67.98;67.97;67.97;200
20160203 115700;68.02;68.02;68.02;68.02;100
20160203 115800;68.08;68.08;68.08;68.08;100
20160203 120000;68.13;68.17;68.13;68.17;200
20160203 120100;68.3;68.3;68.3;68.3;100
20160203 120200;68.455;68.455;68.455;68.455;100
20160203 120400;68.48;68.48;68.465;68.465;200
20160203 120700;68.4376;68.476;68.41;68.476;1000
20160203 120800;68.45;68.52;68.4;68.41;600
20160203 121100;68.44;68.44;68.44;68.44;100
20160203 121500;68.52;68.52;68.52;68.52;100
20160203 121700;68.54;68.56;68.54;68.56;300
20160203 121800;68.47;68.47;68.47;68.47;100
20160203 122000;68.43;68.43;68.43;68.43;100
20160203 122300;68.46;68.48;68.46;68.48;300
20160203 122400;68.49;68.49;68.49;68.49;100
20160203 122900;68.47;68.47;68.47;68.47;200
20160203 123100;68.43;68.43;68.43;68.43;200
20160203 123300;68.41;68.41;68.41;68.41;100
20160203 124000;68.4;68.4;68.4;68.4;100
20160203 124500;68.43;68.43;68.43;68.43;100
20160203 124600;68.46;68.46;68.46;68.46;100
20160203 125100;68.54;68.54;68.54;68.54;100
20160203 125500;68.53;68.53;68.52;68.52;500
20160203 125700;68.55;68.56;68.55;68.56;300
20160203 125800;68.56;68.56;68.56;68.56;100
20160203 130300;68.68;68.68;68.68;68.68;300
20160203 130400;68.72;68.72;68.72;68.72;200
20160203 131000;68.84;68.91;68.7959;68.7959;1600
20160203 131100;69.07;69.07;69.07;69.07;100
20160203 131500;68.99;69.07;68.99;69.018;1100
20160203 131700;68.97;69.01;68.97;69.01;500
20160203 132500;69.01;69.01;69.01;69.01;200
20160203 133000;68.96;69.01;68.96;69.01;610
20160203 133100;68.99;68.99;68.99;68.99;100
20160203 133400;68.93;68.93;68.93;68.93;100
20160203 133600;68.99;68.99;68.99;68.99;100
20160203 134100;68.99;69;68.99;69;300
20160203 134300;69.21;69.21;69.21;69.21;100
20160203 134700;69.17;69.17;69.17;69.17;100
20160203 134800;69.13;69.13;69.12;69.13;300
20160203 135000;69.11;69.11;69.11;69.11;100
20160203 135200;69.109;69.16;69.06;69.06;2481
20160203 135500;69.06;69.06;69.06;69.06;100
20160203 135700;69.07;69.08;69.07;69.08;500
20160203 140200;69.11;69.11;69.11;69.11;100
20160203 140300;69.03;69.03;69.01;69.03;500
20160203 140900;68.98;69.02;68.98;69.02;200
20160203 141300;69.04;69.04;69.04;69.04;100
20160203 141500;69.18;69.18;69.18;69.18;100
20160203 141600;69.34;69.34;69.25;69.25;200
20160203 141700;69.13;69.13;69.13;69.13;100
20160203 141800;69.12;69.12;69.12;69.12;100
20160203 142300;69.4;69.4;69.4;69.4;100
20160203 142500;69.47;69.47;69.47;69.47;100
20160203 142600;69.52;69.53;69.49;69.49;400
20160203 142700;69.49;69.49;69.48;69.49;500
20160203 143300;69.4;69.4;69.39;69.39;900
20160203 143800;69.4;69.4;69.4;69.4;100
20160203 144000;69.38;69.38;69.37;69.38;300
20160203 144100;69.35;69.35;69.28;69.28;300
20160203 144300;69.18;69.18;69.18;69.18;100
20160203 144500;69.3;69.35;69.3;69.35;200
20160203 144700;69.4;69.4;69.4;69.4;200
20160203 145200;69.3;69.3;69.22;69.22;500
20160203 145300;69.22;69.26;69.22;69.26;200
20160203 145700;69.17;69.17;69.17;69.17;100
20160203 145800;69.19;69.19;69.19;69.19;100
20160203 145900;69.17;69.17;69.17;69.17;100
20160203 150000;69.16;69.16;69.16;69.16;100
20160203 150100;69.08;69.08;69.08;69.08;100
20160203 150300;69.1;69.1;69.1;69.1;100
20160203 150400;69.11;69.11;69.11;69.11;100
20160203 150600;69.14;69.14;69.14;69.14;300
20160203 150800;69.18;69.18;69.18;69.18;100
20160203 151000;69.26;69.26;69.26;69.26;100
20160203 151400;69.34;69.34;69.33;69.33;200
20160203 151800;69.23;69.28;69.23;69.28;300
20160203 151900;69.13;69.13;69.13;69.13;200
20160203 152100;69.13;69.13;69.13;69.13;218
20160203 152700;69.08;69.08;69.08;69.08;200
20160203 152900;69.06;69.06;69.05;69.05;300
20160203 153100;69.05;69.05;69.05;69.05;100
20160203 153200;69.09;69.13;69.07;69.13;300
20160203 153500;69.13;69.13;69.13;69.13;100
20160203 153600;69.135;69.24;69.12;69.24;500
20160203 153700;69.16;69.16;69.15;69.15;400
20160203 154200;69.08;69.2;69.08;69.2;1100
20160203 154300;69.16;69.16;69.12;69.12;290
20160203 154400;69.15;69.15;69.15;69.15;100
20160203 154500;69.15;69.15;69.13;69.13;900
20160203 154600;69.15;69.15;69.15;69.15;100
20160203 155100;69.21;69.21;69.21;69.21;100
20160203 155200;69.22;69.36;69.22;69.36;600
20160203 155500;69.34;69.38;69.34;69.35;400
20160203 155600;69.34;69.34;69.29;69.32;1400
20160203 155700;69.32;69.35;69.32;69.35;200
20160203 155900;69.3;69.36;69.26;69.27;1200
20160203 160000;69.26;69.31;69.15;69.16;1054
20160204 093100;69.9;70.16;69.9;70.16;200
20160204 093300;70.37;70.37;70.37;70.37;100
20160204 093600;70.05;70.05;70.05;70.05;100
20160204 093700;69.81;69.81;69.81;69.81;100
20160204 093800;69.81;69.81;69.81;69.81;100
20160204 094000;69.82;69.82;69.82;69.82;100
20160204 094100;70.04;70.09;70.04;70.09;241
20160204 094200;70.1;70.1;70.1;70.1;100
20160204 094400;69.93;69.93;69.86;69.86;200
20160204 095200;70;70.16;70;70.16;300
20160204 095500;70.155;70.155;70.11;70.11;1300
20160204 095600;70.08;70.08;70.05;70.05;200
20160204 095800;70.06;70.06;70.06;70.06;100
20160204 095900;70.05;70.05;70.05;70.05;100
20160204 100600;69.86;69.86;69.86;69.86;100
20160204 100700;69.87;69.94;69.86;69.86;800
20160204 100900;69.85;69.85;69.82;69.82;600
20160204 101000;69.75;69.75;69.75;69.75;100
20160204 101200;69.91;69.91;69.87;69.91;300
20160204 101500;69.98;70.02;69.98;70.02;400
20160204 101600;70.17;70.17;69.95;69.95;200
20160204 101900;70.27;70.27;70.27;70.27;100
20160204 102200;70.08;70.08;70.03;70.03;900
20160204 102600;70.01;70.01;70.01;70.01;300
20160204 102700;70.05;70.05;70.05;70.05;100
20160204 103200;69.92;69.92;69.88;69.88;200
20160204 103400;70.05;70.08;70.05;70.08;200
20160204 103500;70.04;70.04;70.04;70.04;100
20160204 104000;70.06;70.06;70.06;70.06;100
20160204 104100;70.01;70.065;70.01;70.01;300
20160204 104200;69.98;69.98;69.98;69.98;181
20160204 104400;69.92;69.92;69.92;69.92;333
20160204 104700;69.87;69.87;69.87;69.87;400
20160204 104800;69.86;69.86;69.86;69.86;100
20160204 105200;69.94;69.94;69.94;69.94;100
20160204 105300;69.96;69.96;69.96;69.96;100
20160204 105500;69.9;69.9;69.9;69.9;100
20160204 110200;69.93;69.93;69.9;69.9;300
20160204 110400;69.86;69.86;69.86;69.86;200
20160204 110500;69.86;69.86;69.75;69.75;500
20160204 111100;69.88;69.88;69.88;69.88;200
20160204 111200;69.91;69.98;69.91;69.98;324
20160204 111400;69.87;69.87;69.87;69.87;100
20160204 111700;69.75;69.75;69.75;69.75;1000
20160204 111800;69.73;69.73;69.73;69.73;100
20160204 112000;69.69;69.69;69.69;69.69;100
20160204 112500;69.65;69.65;69.65;69.65;100
20160204 112600;69.7;69.7;69.7;69.7;100
20160204 112700;69.79;69.79;69.79;69.79;100
20160204 112800;69.83;69.84;69.83;69.84;200
20160204 113200;69.65;69.65;69.61;69.61;200
20160204 113400;69.55;69.55;69.55;69.55;100
20160204 113900;69.54;69.54;69.53;69.53;300
20160204 114000;69.58;69.58;69.58;69.58;100
20160204 114300;69.56;69.56;69.47;69.47;500
20160204 114400;69.5;69.5;69.5;69.5;100
20160204 115200;69.38;69.45;69.38;69.45;200
20160204 115300;69.48;69.48;69.48;69.48;200
20160204 115400;69.53;69.53;69.53;69.53;100
20160204 115700;69.58;69.58;69.58;69.58;100
20160204 115800;69.58;69.58;69.58;69.58;200
20160204 120100;69.68;69.68;69.68;69.68;100
20160204 120200;69.55;69.55;69.55;69.55;100
20160204 120400;69.51;69.51;69.51;69.51;340
20160204 121000;69.56;69.56;69.56;69.56;100
20160204 121600;69.44;69.44;69.4;69.4;200
20160204 121900;69.4;69.4;69.4;69.4;100
20160204 122300;69.42;69.42;69.42;69.42;100
20160204 122600;69.56;69.56;69.56;69.56;100
20160204 122700;69.36;69.36;69.36;69.36;100
20160204 122900;69.44;69.44;69.44;69.44;100
20160204 124000;69.46;69.46;69.46;69.46;200
20160204 124300;69.38;69.4;69.38;69.4;200
20160204 124500;69.37;69.37;69.34;69.34;300
20160204 125500;69.38;69.38;69.38;69.38;200
20160204 130000;69.33;69.33;69.33;69.33;122
20160204 130500;69.23;69.23;69.23;69.23;100
20160204 130600;69.34;69.39;69.34;69.38;300
20160204 131400;69.52;69.52;69.52;69.52;100
20160204 131900;69.35;69.35;69.34;69.34;200
20160204 133200;69.34;69.34;69.34;69.34;100
20160204 134000;69.39;69.39;69.39;69.39;200
20160204 134300;69.37;69.37;69.23;69.23;300
20160204 135400;69.34;69.34;69.34;69.34;100
20160204 135500;69.27;69.31;69.26;69.31;400
20160204 140100;69.32;69.32;69.32;69.32;100
20160204 140500;69.31;69.31;69.31;69.31;600
20160204 140600;69.31;69.31;69.3;69.3;800
20160204 140700;69.3;69.31;69.24;69.24;600
20160204 140900;69.25;69.27;69.25;69.27;300
20160204 141000;69.24;69.24;69.24;69.24;100
20160204 141100;69.27;69.27;69.27;69.27;100
20160204 141300;69.31;69.4;69.31;69.36;700
20160204 141600;69.31;69.31;69.31;69.31;100
20160204 141700;69.3;69.32;69.27;69.32;1400
20160204 141800;69.24;69.24;69.24;69.24;300
20160204 142000;69.13;69.13;69.07;69.07;500
20160204 142100;69.08;69.08;69.08;69.08;100
20160204 143000;69.02;69.02;68.9;68.9;300
20160204 143100;69.05;69.05;69.05;69.05;100
20160204 143900;68.97;68.97;68.97;68.97;100
20160204 144000;68.93;68.93;68.89;68.9;500
20160204 144100;68.92;68.92;68.92;68.92;200
20160204 144200;69.03;69.07;69.03;69.07;410
20160204 144300;69.09;69.09;69.09;69.09;100
20160204 144500;69.09;69.12;69.09;69.11;300
20160204 144600;69.1;69.1;68.85;68.87;1400
20160204 144700;68.85;68.85;68.85;68.85;700
20160204 145100;69;69.01;69;69.01;200
20160204 145200;68.98;68.98;68.98;68.98;100
20160204 145500;68.91;68.91;68.86;68.86;500
20160204 145600;68.96;69.03;68.96;69.03;1100
20160204 145700;69.03;69.04;69.03;69.04;400
20160204 150300;69.17;69.21;69.15;69.15;500
20160204 150400;69.24;69.24;69.24;69.24;100
20160204 150600;69.1;69.1;69.1;69.1;300
20160204 150900;69.07;69.07;69.07;69.07;100
20160204 151000;69.08;69.08;69.08;69.08;100
20160204 151300;69.12;69.12;69.11;69.11;200
20160204 151400;69.08;69.08;68.97;68.97;900
20160204 151500;69.09;69.11;69.09;69.11;310
20160204 151900;69.15;69.16;69.15;69.16;200
20160204 152000;69.16;69.16;69.16;69.16;100
20160204 152100;69.12;69.12;69.12;69.12;100
20160204 152500;69.15;69.15;69.12;69.12;500
20160204 152600;69.11;69.11;69.11;69.11;200
20160204 152800;69.09;69.09;68.995;68.995;300
20160204 153000;69.06;69.12;69.05;69.12;700
20160204 153300;69.075;69.08;69.075;69.08;300
20160204 153400;69.07;69.07;69.07;69.07;400
20160204 153500;68.93;68.93;68.93;68.93;100
20160204 153600;69.06;69.07;69.06;69.07;200
20160204 153700;69.05;69.05;69.05;69.05;100
20160204 153900;68.94;68.99;68.94;68.99;700
20160204 154000;69.05;69.05;69.05;69.05;215
20160204 154100;69.15;69.16;69.08;69.09;700
20160204 154200;69.13;69.14;69.13;69.14;200
20160204 154300;69.14;69.14;69.14;69.14;242
20160204 154400;69.19;69.19;69.15;69.15;200
20160204 154500;69.18;69.28;69.18;69.28;700
20160204 154600;69.29;69.29;69.29;69.29;100
20160204 154700;69.3;69.3;69.26;69.26;300
20160204 154800;69.3;69.3;69.26;69.26;200
20160204 155000;69.28;69.28;69.28;69.28;100
20160204 155100;69.35;69.35;69.3;69.3;900
20160204 155200;69.3;69.3;69.3;69.3;100
20160204 155300;69.3;69.3;69.3;69.3;100
20160204 155400;69.27;69.27;69.27;69.27;100
20160204 155500;69.31;69.31;69.28;69.28;200
20160204 155600;69.28;69.32;69.28;69.31;400
20160204 155700;69.37;69.38;69.37;69.38;500
20160204 155800;69.36;69.38;69.29;69.32;1800
20160204 155900;69.35;69.37;69.26;69.37;700
20160204 160000;69.35;69.44;69.26;69.44;1050
20160205 094500;68.82;68.82;68.82;68.82;100
20160205 094700;68.83;68.83;68.75;68.75;200
20160205 094800;68.6;68.64;68.6;68.64;200
20160205 095000;68.44;68.45;68.44;68.45;300
20160205 095100;68.025;68.29;68.025;68.29;700
20160205 100500;68.47;68.47;68.47;68.47;100
20160205 102400;68.49;68.49;68.45;68.45;300
20160205 102500;68.42;68.44;68.42;68.44;300
20160205 103400;68.49;68.49;68.49;68.49;200
20160205 103500;68.53;68.54;68.53;68.53;300
20160205 103800;68.57;68.57;68.51;68.51;200
20160205 104300;68.56;68.57;68.56;68.57;200
20160205 104500;68.65;68.65;68.65;68.65;100
20160205 105400;68.58;68.58;68.58;68.58;100
20160205 105500;68.69;68.69;68.69;68.69;100
20160205 110400;68.5898;68.5898;68.51;68.51;300
20160205 110600;68.56;68.56;68.56;68.56;100
20160205 111700;68.66;68.66;68.65;68.66;300
20160205 114500;68.52;68.52;68.52;68.52;100
20160205 114700;68.5;68.5;68.5;68.5;100
20160205 114800;68.52;68.52;68.52;68.52;100
20160205 120400;68.562;68.562;68.51;68.55;700
20160205 120600;68.55;68.55;68.55;68.55;300
20160205 120700;68.57;68.57;68.57;68.57;100
20160205 122100;68.6;68.6;68.6;68.6;200
20160205 122800;68.6742;68.6742;68.6742;68.6742;120
20160205 123600;68.5805;68.5805;68.5805;68.5805;100
20160205 123700;68.6;68.6;68.59;68.59;200
20160205 124100;68.59;68.59;68.59;68.59;1596
20160205 124200;68.59;68.59;68.59;68.59;100
20160205 125400;68.62;68.62;68.62;68.62;200
20160205 130400;68.76;68.76;68.76;68.76;100
20160205 130500;68.69;68.69;68.69;68.69;100
20160205 131200;68.7673;68.7673;68.7673;68.7673;600
20160205 132000;68.83;68.84;68.81;68.81;400
20160205 132100;68.85;68.85;68.85;68.85;100
20160205 133600;68.98;68.98;68.98;68.98;100
20160205 133900;68.94;68.94;68.94;68.94;100
20160205 134100;68.89;68.9;68.89;68.9;300
20160205 134400;68.92;68.92;68.92;68.92;100
20160205 134700;68.73;68.73;68.71;68.71;200
20160205 135000;68.58;68.58;68.58;68.58;100
20160205 135400;68.59;68.59;68.59;68.59;100
20160205 135600;68.68;68.68;68.68;68.68;100
20160205 141000;68.82;68.82;68.82;68.82;100
20160205 141200;68.68;68.68;68.68;68.68;100
20160205 141300;68.73;68.81;68.71;68.81;500
20160205 141600;68.6601;68.6601;68.6601;68.6601;150
20160205 142500;68.78;68.78;68.78;68.78;100
20160205 143200;68.62;68.62;68.62;68.62;100
20160205 143300;68.7;68.7;68.7;68.7;200
20160205 144800;68.51;68.57;68.49;68.57;400
20160205 150300;68.41;68.41;68.39;68.39;200
20160205 150400;68.39;68.39;68.39;68.39;100
20160205 150500;68.38;68.42;68.36;68.36;400
20160205 150900;68.39;68.4;68.38;68.38;500
20160205 151000;68.41;68.46;68.41;68.46;400
20160205 151100;68.55;68.55;68.55;68.55;100
20160205 151800;68.5;68.5;68.5;68.5;100
20160205 152100;68.5;68.68;68.5;68.68;600
20160205 152400;68.57;68.57;68.57;68.57;100
20160205 152800;68.53;68.53;68.53;68.53;300
20160205 152900;68.52;68.52;68.49;68.49;200
20160205 153200;68.5161;68.5161;68.5161;68.5161;162
20160205 153400;68.43;68.43;68.43;68.43;100
20160205 153700;68.28;68.28;68.28;68.28;100
20160205 153900;68.25;68.25;68.25;68.25;100
20160205 154400;68.21;68.21;68.21;68.21;100
20160205 154500;68.21;68.21;68.21;68.21;100
20160205 154600;68.21;68.21;68.21;68.21;100
20160205 154700;68.23;68.24;68.18;68.24;1300
20160205 155300;68.08;68.08;67.95;67.95;200
20160205 155400;67.93;68.04;67.93;68.04;1500
20160205 155500;68;68;68;68;100
20160205 155800;68.04;68.26;68.04;68.25;1600
20160205 155900;68.24;68.28;68.24;68.28;377
20160205 160000;68.4;68.4;68.34;68.34;841
20160205 160300;68.31;68.31;68.31;68.31;112
20160205 160400;68.31;68.31;68.31;68.31;1
