20160119 104600;3.3;3.311;3.3;3.3;500
20160119 105500;3.3;3.3;3.25;3.25;700
20160119 112500;3.27;3.27;3.25;3.25;1100
20160119 114600;3.0936;3.0936;3.0936;3.0936;200
20160119 123300;3.33;3.33;3.33;3.33;100
20160119 123500;3.1801;3.1801;3.17;3.17;200
20160119 123600;3.1501;3.1501;3.1501;3.1501;100
20160119 124000;3.09;3.09;3.09;3.09;200
20160119 124200;3.06;3.06;3.06;3.06;100
20160119 124300;3.08;3.14;3.08;3.14;1000
20160119 124500;3.35;3.35;3.35;3.35;200
20160119 124900;3.14;3.14;3.1301;3.14;600
20160119 125000;3.31;3.31;3.31;3.31;100
20160119 125100;3.1601;3.1601;3.15;3.15;200
20160119 125800;3.23;3.23;3.01;3.01;350
20160119 130100;3.3;3.3;3.17;3.17;200
20160119 130200;3.29;3.29;3.29;3.29;100
20160119 130300;3.16;3.26;3.16;3.26;200
20160119 130400;3.15;3.15;3.15;3.15;200
20160119 130600;3.04;3.063;3.04;3.063;800
20160119 130700;3.08;3.08;3.08;3.08;500
20160119 130900;3.18;3.18;3.18;3.18;302
20160119 131200;3.07;3.07;3.07;3.07;200
20160119 131500;3.02;3.02;3.01;3.01;553
20160119 131600;3.02;3.02;3.02;3.02;500
20160119 133000;3.1399;3.1399;3.1399;3.1399;500
20160119 140700;3.13;3.13;3.13;3.13;100
20160119 140800;3.13;3.13;3.13;3.13;100
20160119 140900;3.13;3.13;3.13;3.13;100
20160119 141200;3.1781;3.1781;3.1781;3.1781;700
20160119 141700;3.13;3.13;3.0801;3.0801;800
20160119 154900;3.0799;3.0799;3.07;3.0744;1650
20160119 155000;3.0001;3.0228;3.0001;3.0228;1800
20160119 155100;3.08;3.08;3.07;3.0799;3400
20160119 155300;3.0072;3.0504;3;3;2600
20160120 081700;3.8;3.8;3.8;3.8;800
20160120 081800;3.9;3.9;3.9;3.9;2300
20160120 081900;3.95;3.95;3.95;3.95;300
20160120 082000;4.01;4.01;4.01;4.01;1000
20160120 082100;4;4.01;4;4.01;700
20160120 082400;4.68;4.68;4.68;4.68;60
20160120 082500;4.05;4.05;4.05;4.05;200
20160120 082600;4.05;4.05;4.05;4.05;1000
20160120 083000;4.2;4.2;4.15;4.17;1347
20160120 083300;4.15;4.15;4.15;4.15;1200
20160120 083500;4.14;4.14;4.14;4.14;500
20160120 083600;4.15;4.15;4.15;4.15;2000
20160120 083700;4.1501;4.1501;4.15;4.15;400
20160120 084700;4.5;4.5;4.5;4.5;1000
20160120 084800;4.7;4.7;4.7;4.7;500
20160120 085400;4.38;4.38;4.35;4.35;550
20160120 085500;4.5;4.5;4.5;4.5;110
20160120 085700;4.3999;4.5;4.3999;4.5;1754
20160120 090300;4.65;4.65;4.65;4.65;300
20160120 090600;4.52;4.52;4.4;4.4;1946
20160120 091700;4.3;4.3;4.3;4.3;1700
20160120 092700;4.45;4.45;4.4;4.4;1000
20160120 092800;4.5;4.5;4.4;4.4;300
20160120 092900;4.6;4.81;4.6;4.81;340
20160120 093100;4.36;5.7;4.36;5.105;98400
20160120 093200;5.105;5.23;4.8;5.1599;42023
20160120 093300;5.08;5.196;4.8401;4.954;28534
20160120 093400;4.93;5;4.57;4.57;30241
20160120 093500;4.5;4.69;4.05;4.16;59475
20160120 093600;4.1501;4.28;4.058;4.2411;31558
20160120 093700;4.23;4.5;4.175;4.4368;40659
20160120 093800;4.416;4.44;4.03;4.03;33732
20160120 093900;4.01;4.14;3.9;4.08;28747
20160120 094000;4.067;4.1;4;4.012;8920
20160120 094100;4.03;4.04;3.92;3.985;17675
20160120 094200;4;4.25;3.99;4.13;18672
20160120 094300;4.15;4.2;4.1454;4.2;4380
20160120 094400;4.2;4.29;4.19;4.211;15695
20160120 094500;4.21;4.21;3.65;3.8;16004
20160120 094600;3.8;4;3.72;3.99;7121
20160120 094700;3.97;4.19;3.97;3.9901;29910
20160120 094800;4.07;4.1799;4.0117;4.0501;1025
20160120 094900;4.08;4.165;4;4;4451
20160120 095000;4.0466;4.0985;4;4.05;3163
20160120 095100;4;4.0478;4;4.0478;2733
20160120 095200;4;4.45;4;4.2185;33245
20160120 095300;4.36;4.36;4.1501;4.25;8530
20160120 095400;4.1148;4.3;4.1148;4.2999;10385
20160120 095500;4.2;4.35;4.2;4.314;8700
20160120 095600;4.3;4.31;4.0509;4.07;26078
20160120 095700;4.18;4.19;4.1;4.11;1590
20160120 095800;4.11;4.12;4.08;4.1001;587
20160120 095900;4.1;4.2231;4.1;4.2231;7000
20160120 100000;4.236;4.33;4.236;4.33;6583
20160120 100100;4.1601;4.35;4.1601;4.294;11016
20160120 100200;4.34;4.4;4.23;4.4;24210
20160120 100300;4.45;4.74;4.35;4.6;54255
20160120 100400;4.6;4.75;4.5;4.5;38793
20160120 100500;4.65;5;4.5;4.9;44190
20160120 100600;4.9;5.06;4.8701;5.06;8090
20160120 101100;5.12;5.4;5.07;5.3018;19014
20160120 101200;5.35;5.38;4.69;4.69;61746
20160120 101300;4.69;4.69;4.69;4.69;3000
20160120 101800;4.3;4.6;3.92;4.32;45956
20160120 101900;4.236;4.236;4.01;4.02;6859
20160120 102000;4.14;4.5;4.1;4.4;34150
20160120 102100;4.28;4.5;4.228;4.462;13320
20160120 102200;4.5;4.5;4.26;4.26;10530
20160120 102300;4.396;4.396;4.27;4.33;2950
20160120 102400;4.3001;4.3001;4.3001;4.3001;4100
20160120 102500;4.34;4.39;4.25;4.25;6577
20160120 102600;4.437;4.437;4.437;4.437;500
20160120 102700;4.35;4.35;4.35;4.35;200
20160120 102800;4.3;4.59;4.3;4.3728;6295
20160120 102900;4.37;4.37;4.15;4.22;26250
20160120 103000;4.296;4.48;4.296;4.48;5475
20160120 103200;4.4;4.49;4.4;4.49;2500
20160120 103300;4.4;4.4899;4.4;4.405;2000
20160120 103400;4.31;4.31;4.3;4.31;700
20160120 103500;4.3;4.3;4.3;4.3;200
20160120 103600;4.4414;4.4414;4.3;4.3015;2158
20160120 103700;4.3;4.31;4.3;4.31;2930
20160120 103900;4.32;4.32;4.306;4.31;5100
20160120 104000;4.32;4.32;4.3001;4.3101;600
20160120 104100;4.35;4.35;4.23;4.23;22198
20160120 104200;4.2412;4.2412;4.2412;4.2412;833
20160120 104300;4.3092;4.31;4.04;4.3;9684
20160120 104500;4.2032;4.2832;4.2032;4.2832;700
20160120 104600;4.18;4.2063;4.17;4.17;2846
20160120 104700;4.17;4.17;4.17;4.17;354
20160120 104800;4.21;4.59;4.21;4.338;22616
20160120 105000;4.2622;4.2622;4.2622;4.2622;500
20160120 105400;4.41;4.4785;4.41;4.4785;3200
20160120 105500;4.47;4.75;4.47;4.75;4690
20160120 105600;4.79;4.9;4.67;4.9;10760
20160120 105700;4.814;4.814;4.65;4.7;9080
20160120 105800;4.65;4.69;4.37;4.41;28532
20160120 105900;4.45;4.7099;4.45;4.7;1200
20160120 110000;4.508;4.55;4.508;4.55;1200
20160120 110100;4.6;4.64;4.56;4.64;2730
20160120 110200;4.64;4.64;4.64;4.64;361
20160120 110300;4.605;4.605;4.47;4.47;3798
20160120 110400;4.51;4.55;4.51;4.55;1200
20160120 110500;4.63;4.63;4.63;4.63;100
20160120 110700;4.55;4.55;4.47;4.51;4150
20160120 110800;4.5001;4.5001;4.5001;4.5001;500
20160120 110900;4.536;4.536;4.536;4.536;300
20160120 111000;4.5605;4.5605;4.5605;4.5605;145
20160120 111200;4.598;4.598;4.598;4.598;750
20160120 111300;4.64;4.6999;4.64;4.69;300
20160120 111400;4.6438;4.6438;4.6438;4.6438;1000
20160120 111500;4.67;4.68;4.67;4.6799;600
20160120 111800;4.63;4.6399;4.5023;4.6299;3894
20160120 111900;4.5;4.5;4.5;4.5;1000
20160120 112100;4.584;4.6199;4.584;4.6199;250
20160120 112200;4.5985;4.66;4.504;4.52;6460
20160120 112300;4.5;4.51;4.37;4.37;3905
20160120 112600;4.4;4.4001;4.37;4.37;4330
20160120 112700;4.3342;4.349;4.3342;4.349;200
20160120 112800;4.33;4.33;4.27;4.295;2000
20160120 113000;4.24;4.2415;4.24;4.2415;759
20160120 113200;4.2764;4.32;4.2764;4.32;850
20160120 113300;4.305;4.3599;4.305;4.32;1100
20160120 113400;4.32;4.36;4.32;4.35;2000
20160120 113500;4.25;4.3023;4.25;4.3023;1390
20160120 113600;4.2501;4.3;4.25;4.25;3566
20160120 113700;4.25;4.3295;4.25;4.3295;1237
20160120 113900;4.31;4.31;4.3;4.3;580
20160120 114000;4.28;4.32;4.28;4.32;2040
20160120 114200;4.3;4.3;4.3;4.3;400
20160120 114400;4.3;4.3;4.3;4.3;330
20160120 114500;4.34;4.34;4.32;4.32;835
20160120 114600;4.265;4.27;4.205;4.21;6372
20160120 114700;4.24;4.24;4.1;4.1172;7498
20160120 114800;4.12;4.19;4.1;4.12;2732
20160120 115000;4.1315;4.1315;4.1315;4.1315;2199
20160120 115200;4.1401;4.1401;4.1401;4.1401;1000
20160120 115400;4.15;4.221;4.1;4.116;12410
20160120 115500;4.1014;4.1014;4.1014;4.1014;1000
20160120 115600;4.074;4.0742;4.074;4.0742;200
20160120 115700;4.08;4.09;4.08;4.09;1500
20160120 115800;4.0701;4.0701;4.07;4.07;900
20160120 120000;4.07;4.0701;4.07;4.0701;200
20160120 120100;4.1;4.1;4.1;4.1;100
20160120 120200;4.09;4.12;4.09;4.1199;3400
20160120 120300;4.12;4.195;4.12;4.195;300
20160120 120600;4.2;4.2;4.2;4.2;125
20160120 120700;4.12;4.12;4.07;4.07;900
20160120 120800;4.05;4.08;4;4.01;4563
20160120 120900;4.01;4.0222;4;4.0005;7640
20160120 121000;4.03;4.0499;4.03;4.0499;300
20160120 121200;4.01;4.19;4;4.19;1850
20160120 121700;4.02;4.02;4;4;10735
20160120 121800;3.95;3.9525;3.8;3.8666;17984
20160120 121900;3.8;3.8;3.79;3.8;9839
20160120 122100;3.79;3.8;3.75;3.8;2283
20160120 122200;3.77;3.77;3.77;3.77;200
20160120 122300;3.7701;3.7701;3.75;3.75;1915
20160120 122400;3.75;3.75;3.65;3.65;4200
20160120 122600;3.71;3.72;3.71;3.72;500
20160120 123100;3.7115;3.7115;3.7115;3.7115;100
20160120 123300;3.82;3.8399;3.82;3.8399;300
20160120 123400;3.8878;3.9;3.845;3.9;3938
20160120 123600;3.9;3.9;3.8201;3.83;1700
20160120 123700;3.82;3.94;3.61;3.835;2980
20160120 123900;3.9799;3.9799;3.9799;3.9799;100
20160120 124100;3.78;3.8;3.78;3.8;2000
20160120 124300;3.93;3.93;3.93;3.93;235
20160120 124500;3.9326;3.9326;3.9326;3.9326;100
20160120 125000;3.9799;3.9799;3.97;3.97;200
20160120 125200;3.975;3.9799;3.975;3.9799;1500
20160120 125400;3.9001;3.9799;3.9;3.9799;539
20160120 130100;3.804;3.804;3.804;3.804;100
20160120 130400;3.93;3.93;3.93;3.93;100
20160120 130500;3.8;3.857;3.78;3.78;4600
20160120 130600;3.78;3.78;3.64;3.64;5010
20160120 130700;3.65;3.684;3.64;3.684;1800
20160120 130800;3.65;3.65;3.65;3.65;500
20160120 131000;3.6585;3.6585;3.6585;3.6585;220
20160120 131100;3.7999;3.7999;3.685;3.685;700
20160120 131200;3.7;3.7;3.7;3.7;200
20160120 131600;3.8;3.84;3.7501;3.7501;400
20160120 132200;3.8;3.8;3.71;3.8;3305
20160120 133900;3.68;3.68;3.66;3.66;2650
20160120 134100;3.85;3.8599;3.85;3.8599;400
20160120 140000;3.85;3.86;3.85;3.86;1800
20160120 140100;3.86;3.98;3.86;3.9699;1218
20160120 140200;3.96;3.9699;3.96;3.96;1500
20160120 140300;3.96;3.96;3.96;3.96;500
20160120 141400;3.7801;3.7801;3.7801;3.7801;100
20160120 142500;3.92;3.95;3.865;3.95;5946
20160120 142600;3.97;3.98;3.97;3.98;650
20160120 143000;3.89;3.89;3.89;3.89;100
20160120 143400;3.9599;3.9599;3.9599;3.9599;200
20160120 143500;3.96;3.96;3.96;3.96;200
20160120 143600;3.95;3.96;3.95;3.96;1600
20160120 143900;3.97;3.97;3.96;3.96;679
20160120 144000;3.98;3.98;3.98;3.98;500
20160120 144200;3.915;3.98;3.915;3.98;500
20160120 144300;3.95;3.98;3.95;3.98;788
20160120 144500;4;4;4;4;100
20160120 144900;4;4.1;3.895;3.895;6000
20160120 145200;3.9001;3.9001;3.9001;3.9001;1000
20160120 150000;3.94;3.94;3.94;3.94;200
20160120 150200;3.98;4.1;3.92;4.1;626
20160120 150600;4.01;4.01;3.91;3.91;1300
20160120 150700;3.9006;3.9006;3.9;3.9;2200
20160120 151000;3.9;3.9;3.9;3.9;400
20160120 151100;3.9;3.9;3.86;3.86;800
20160120 151300;3.75;3.75;3.75;3.75;100
20160120 151400;3.751;3.751;3.751;3.751;169
20160120 151600;3.755;3.755;3.755;3.755;100
20160120 151700;3.73;3.74;3.73;3.73;300
20160120 151800;3.73;3.73;3.73;3.73;200
20160120 152000;3.75;3.75;3.75;3.75;200
20160120 152100;3.75;3.75;3.75;3.75;249
20160120 152200;3.75;3.75;3.74;3.74;200
20160120 152300;3.74;3.74;3.74;3.74;300
20160120 152400;3.74;3.74;3.74;3.74;200
20160120 152500;3.76;3.76;3.75;3.75;300
20160120 152600;3.75;3.75;3.75;3.75;200
20160120 152700;3.75;3.75;3.75;3.75;600
20160120 152900;3.75;3.75;3.75;3.75;100
20160120 153000;3.75;3.75;3.74;3.74;788
20160120 153100;3.74;3.74;3.74;3.74;200
20160120 153200;3.74;3.74;3.74;3.74;300
20160120 153300;3.74;3.74;3.74;3.74;200
20160120 153400;3.74;3.74;3.74;3.74;300
20160120 153500;3.74;3.74;3.74;3.74;161
20160120 153600;3.73;3.73;3.65;3.65;300
20160120 153700;3.64;3.64;3.51;3.546;6900
20160120 153900;3.58;3.58;3.58;3.58;100
20160120 154000;3.6;3.68;3.51;3.51;1500
20160120 154100;3.52;3.52;3.5;3.5;600
20160120 154200;3.57;3.57;3.52;3.5628;500
20160120 154300;3.52;3.6099;3.52;3.58;1000
20160120 154400;3.55;3.55;3.55;3.55;200
20160120 154500;3.58;3.58;3.55;3.55;2912
20160120 154700;3.58;3.58;3.58;3.58;100
20160120 154800;3.58;3.61;3.55;3.604;1100
20160120 155100;3.61;3.61;3.55;3.556;800
20160120 155200;3.554;3.5899;3.55;3.5899;1883
20160120 155300;3.57;3.57;3.5501;3.5501;1923
20160120 155400;3.59;3.61;3.59;3.61;850
20160120 155600;3.621;3.621;3.58;3.58;715
20160120 155700;3.6391;3.6391;3.595;3.595;431
20160120 155800;3.59;3.59;3.59;3.59;100
20160120 155900;3.55;3.606;3.55;3.57;1000
20160120 160000;3.6;3.6;3.6;3.6;1303
20160120 195000;3.61;3.61;3.6;3.6;1000
20160121 080700;3.5;3.5;3.5;3.5;300
20160121 080900;3.5;3.5;3.5;3.5;2700
20160121 082300;3.5;3.5;3.5;3.5;150
20160121 085800;3.4;3.4;3.4;3.4;100
20160121 093100;3.3;3.4;3.3;3.4;358
20160121 093200;3.4001;3.4001;3.4001;3.4001;440
20160121 093900;3.4;3.5975;2.94;2.95;11365
20160121 094000;2.95;2.95;2.95;2.95;8986
20160121 094100;3.47;3.47;3.47;3.47;100
20160121 094400;3.4;3.4;3.4;3.4;100
20160121 094500;3.319;3.319;3.0601;3.0601;400
20160121 094700;3.103;3.103;3.103;3.103;150
20160121 094900;3.1142;3.348;3.1142;3.348;425
20160121 100100;3.248;3.248;3.248;3.248;100
20160121 100600;3.196;3.25;3.16;3.16;605
20160121 100700;3.1601;3.1601;3.1601;3.1601;200
20160121 100800;3.16;3.16;3.16;3.16;1100
20160121 101000;3.135;3.16;3.11;3.16;5800
20160121 101100;3.3488;3.3488;3.2;3.3;4300
20160121 101200;3.268;3.268;3.26;3.26;460
20160121 101400;3.2561;3.2561;3.2;3.2;382
20160121 101600;3.2;3.2;3.2;3.2;100
20160121 101700;3.2001;3.2001;3.2;3.2;1200
20160121 101800;3.21;3.21;3.21;3.21;100
20160121 102000;3.23;3.23;3.23;3.23;400
20160121 102100;3.25;3.26;3.25;3.26;1231
20160121 102200;3.32;3.3485;3.3;3.3;644
20160121 102300;3.25;3.25;3.25;3.25;995
20160121 102500;3.2559;3.2559;3.2559;3.2559;375
20160121 102600;3.269;3.27;3.269;3.27;200
20160121 102900;3.27;3.27;3.27;3.27;1200
20160121 103600;3.3;3.35;3.3;3.33;5900
20160121 103700;3.31;3.33;3.31;3.33;300
20160121 103800;3.29;3.29;3.29;3.29;200
20160121 103900;3.31;3.31;3.31;3.31;700
20160121 104700;3.3499;3.3499;3.3499;3.3499;500
20160121 105300;3.29;3.29;3.29;3.29;500
20160121 105400;3.29;3.325;3.29;3.325;700
20160121 110100;3.27;3.27;3.16;3.16;2000
20160121 110700;3.2001;3.2001;3.2;3.2;240
20160121 110900;3.3;3.4999;3.2;3.2;19623
20160121 111200;3.374;3.374;3.374;3.374;100
20160121 111300;3.21;3.21;3.21;3.21;150
20160121 112000;3.47;3.47;3.47;3.47;100
20160121 112900;3.3285;3.3285;3.3285;3.3285;250
20160121 114800;3.3706;3.3706;3.3706;3.3706;170
20160121 115800;3.395;3.395;3.395;3.395;145
20160121 115900;3.35;3.35;3.35;3.35;100
20160121 120400;3.395;3.395;3.3015;3.3015;8200
20160121 120500;3.33;3.33;3.33;3.33;100
20160121 120600;3.3001;3.3001;3.3001;3.3001;200
20160121 121500;3.35;3.35;3.35;3.35;100
20160121 122700;3.4946;3.4946;3.4946;3.4946;100
20160121 122900;3.4;3.4;3.4;3.4;700
20160121 124000;3.314;3.3142;3.314;3.3142;600
20160121 124100;3.489;3.489;3.489;3.489;100
20160121 124200;3.4709;3.4709;3.4342;3.4342;1950
20160121 124400;3.4864;3.4864;3.4864;3.4864;100
20160121 124500;3.4891;3.4891;3.4891;3.4891;100
20160121 124600;3.4891;3.4891;3.4891;3.4891;100
20160121 125300;3.39;3.39;3.3;3.3;1640
20160121 125400;3.4699;3.4699;3.4699;3.4699;200
20160121 125600;3.4684;3.4684;3.4684;3.4684;400
20160121 125700;3.436;3.436;3.436;3.436;200
20160121 125800;3.459;3.459;3.4499;3.4499;399
20160121 130000;3.4486;3.4486;3.4486;3.4486;300
20160121 130100;3.35;3.375;3.3;3.3;3100
20160121 130300;3.34;3.34;3.34;3.34;400
20160121 131200;3.35;3.43;3.25;3.4285;3366
20160121 132000;3.2501;3.2501;3.25;3.25;3000
20160121 132100;3.3391;3.3391;3.3391;3.3391;1450
20160121 132400;3.2554;3.26;3.2554;3.26;1550
20160121 132500;3.3166;3.339;3.3166;3.339;399
20160121 132600;3.3399;3.3399;3.3399;3.3399;200
20160121 132700;3.3391;3.3391;3.3391;3.3391;200
20160121 132800;3.3292;3.3292;3.3292;3.3292;200
20160121 132900;3.3092;3.3092;3.3092;3.3092;300
20160121 133200;3.2828;3.2828;3.25;3.25;1100
20160121 134300;3.25;3.25;3.07;3.1295;7400
20160121 135400;3.1063;3.1074;3.07;3.1074;1866
20160121 135900;3.0768;3.0768;3.0768;3.0768;2000
20160121 140100;3.11;3.12;3.11;3.12;600
20160121 140200;3.12;3.12;3.12;3.12;200
20160121 140300;3.09;3.09;3.09;3.09;100
20160121 140700;3.12;3.15;3.12;3.15;700
20160121 142500;3.16;3.16;3.1501;3.1501;600
20160121 142600;3.21;3.355;3.21;3.355;800
20160121 150000;3.2;3.2;3.2;3.2;100
20160121 152900;3.309;3.309;3.309;3.309;450
20160121 153500;3.2;3.23;3.0688;3.093;4860
20160121 153800;3.14;3.14;3.14;3.14;100
20160121 154900;3.105;3.105;3.084;3.084;900
20160121 155300;3.11;3.11;3.11;3.11;788
20160121 155800;3.11;3.2155;3.086;3.1;6134
20160121 155900;3.09;3.09;3.0728;3.0728;600
20160121 160000;3.09;3.19;3.09;3.19;1434
20160121 171500;3.01;3.01;3.01;3.01;350
20160122 095100;3.13;3.13;3.13;3.13;100
20160122 095300;3.12;3.12;3.12;3.12;100
20160122 095700;3.12;3.12;3.12;3.12;100
20160122 100400;3.12;3.123;3.12;3.123;1000
20160122 101800;3.14;3.15;3.14;3.15;1100
20160122 102100;3.14;3.14;3.14;3.14;200
20160122 102400;3.15;3.1899;3.15;3.1899;600
20160122 102500;3.1899;3.19;3.1899;3.19;1200
20160122 102600;3.21;3.21;3.21;3.21;100
20160122 102700;3.21;3.2142;3.21;3.21;1100
20160122 103100;3.21;3.21;3.21;3.21;600
20160122 104700;3.3099;3.3099;3.3099;3.3099;200
20160122 134200;3.16;3.16;3.16;3.16;1000
20160122 134400;3.1986;3.1986;3.1986;3.1986;100
20160122 140100;3.15;3.15;3.15;3.15;200
20160122 140300;3.12;3.12;3.12;3.12;481
20160122 140400;3.12;3.12;3.12;3.12;400
20160122 152300;3.12;3.162;3.12;3.162;460
20160122 153700;3.1599;3.1599;3.12;3.12;1130
20160122 154500;3.12;3.12;3.12;3.12;101
20160122 155500;3.16;3.16;3.16;3.16;200
20160122 155900;3.16;3.16;3.16;3.16;100
20160122 160000;3.19;3.19;3.19;3.19;1002
20160125 094700;3.16;3.16;3.16;3.16;650
20160125 100000;3.1756;3.1756;3.1756;3.1756;150
20160125 102900;3.1394;3.1394;3.1394;3.1394;200
20160125 104300;3.13;3.13;3.13;3.13;250
20160125 104400;3.134;3.134;3.134;3.134;250
20160125 105500;3.1384;3.1384;3.1384;3.1384;800
20160125 105900;3.1499;3.1499;3.1499;3.1499;200
20160125 110700;3.12;3.12;3.12;3.12;1795
20160125 122400;3.12;3.12;3.12;3.12;1130
20160125 131000;3.0999;3.0999;3.0999;3.0999;650
20160125 132800;3.08;3.08;3.08;3.08;100
20160125 134400;3.0533;3.0533;3.0533;3.0533;100
20160125 134600;3.03;3.03;3;3;1033
20160125 141300;2.93;2.93;2.9;2.9;900
20160125 141500;2.9001;2.92;2.9;2.92;600
20160125 142400;2.91;2.91;2.91;2.91;100
20160125 145800;2.98;2.98;2.9701;2.9701;200
20160125 150000;2.97;2.97;2.9501;2.9501;200
20160125 151600;2.93;2.93;2.93;2.93;100
20160125 152600;2.91;2.91;2.91;2.91;200
20160125 152900;2.91;2.91;2.91;2.91;450
20160125 153100;2.91;2.91;2.91;2.91;200
20160125 153700;2.9324;2.9324;2.9324;2.9324;200
20160125 154100;2.91;2.9466;2.9;2.9;1310
20160125 154600;2.91;2.9101;2.91;2.9101;400
20160125 160000;2.9;2.9;2.9;2.9;100
20160126 094600;2.9;2.9;2.9;2.9;1288
20160126 094700;2.85;2.85;2.85;2.85;400
20160126 094900;2.8504;2.8504;2.8504;2.8504;400
20160126 095200;2.85;2.8626;2.67;2.751;2834
20160126 095300;2.751;2.751;2.751;2.751;1000
20160126 100600;2.79;2.8;2.79;2.8;315
20160126 103500;2.7858;2.7858;2.7858;2.7858;1000
20160126 111400;2.78;2.78;2.78;2.78;200
20160126 111500;2.7501;2.7501;2.7501;2.7501;1000
20160126 120100;2.777;2.78;2.77;2.78;2200
20160126 120200;2.78;2.79;2.76;2.777;3672
20160126 120300;2.78;2.78;2.76;2.76;600
20160126 124300;2.79;2.79;2.79;2.79;100
20160126 125800;2.7998;2.7998;2.7998;2.7998;1500
20160126 133400;2.7999;2.7999;2.7999;2.7999;100
20160126 134000;2.77;2.77;2.77;2.77;700
20160126 153000;2.7464;2.7464;2.7464;2.7464;400
20160126 153700;2.7038;2.7038;2.7038;2.7038;333
20160126 155900;2.78;2.79;2.77;2.79;1600
20160126 160000;2.77;2.77;2.77;2.77;223
20160127 094500;3.1799;3.18;3.1799;3.18;200
20160127 103900;2.74;2.7499;2.74;2.7499;200
20160127 104200;2.749;2.749;2.749;2.749;2000
20160127 110500;2.74;2.7489;2.74;2.7489;300
20160127 111200;2.7368;2.7368;2.7368;2.7368;100
20160127 114000;2.71;2.74;2.71;2.74;600
20160127 114100;2.6701;2.6701;2.6701;2.6701;1700
20160127 114300;2.72;2.73;2.72;2.73;500
20160127 114500;2.7399;2.7399;2.7399;2.7399;300
20160127 121100;2.72;2.72;2.72;2.72;500
20160127 121300;2.72;2.72;2.72;2.72;100
20160127 123200;2.6701;2.6701;2.6701;2.6701;1600
20160127 133000;2.7;2.7;2.7;2.7;863
20160127 133600;2.6888;2.6888;2.6888;2.6888;400
20160127 135600;2.73;2.73;2.73;2.73;100
20160127 155900;2.7;2.71;2.7;2.71;300
20160127 160000;2.7;2.77;2.7;2.77;335
20160128 093100;2.77;2.77;2.77;2.77;100
20160128 093600;2.73;2.73;2.73;2.73;100
20160128 094200;2.73;2.73;2.67;2.67;755
20160128 094500;2.67;2.67;2.67;2.67;200
20160128 095100;2.67;2.67;2.67;2.67;123
20160128 095300;2.67;2.67;2.67;2.67;100
20160128 095500;2.67;2.67;2.67;2.67;100
20160128 100000;2.67;2.67;2.67;2.67;300
20160128 100200;2.68;2.68;2.67;2.67;900
20160128 100500;2.69;2.7;2.69;2.69;500
20160128 100900;2.68;2.68;2.68;2.68;400
20160128 101800;2.6522;2.6522;2.6;2.6;1300
20160128 102000;2.6425;2.6425;2.6;2.6;5400
20160128 102200;2.662;2.662;2.6;2.6;445
20160128 102800;2.6;2.6;2.6;2.6;155
20160128 103300;2.6;2.6001;2.6;2.6;2000
20160128 104000;2.6;2.6;2.6;2.6;500
20160128 104200;2.6;2.6;2.6;2.6;700
20160128 111400;2.63;2.63;2.63;2.63;200
20160128 111500;2.63;2.81;2.63;2.71;2400
20160128 113500;2.6;2.6;2.6;2.6;1211
20160128 115000;2.6001;2.6001;2.6001;2.6001;110
20160128 124000;2.67;2.6999;2.67;2.6999;920
20160128 125100;2.6001;2.6001;2.6001;2.6001;139
20160128 140300;2.64;2.64;2.64;2.64;100
20160128 144500;2.63;2.63;2.62;2.62;400
20160128 144600;2.63;2.63;2.63;2.63;200
20160128 154300;2.63;2.63;2.63;2.63;100
20160128 155000;2.62;2.62;2.62;2.62;200
20160128 155800;2.62;2.62;2.62;2.62;300
20160128 160000;2.61;2.62;2.61;2.62;479
20160129 094300;2.604;2.605;2.604;2.605;200
20160129 095000;2.602;2.602;2.602;2.602;300
20160129 100600;2.6;2.6;2.6;2.6;254
20160129 102800;2.61;2.61;2.61;2.61;300
20160129 102900;2.5868;2.5868;2.5868;2.5868;1600
20160129 110500;2.61;2.61;2.61;2.61;250
20160129 111000;2.61;2.61;2.6099;2.6099;1153
20160129 111100;2.61;2.61;2.61;2.61;100
20160129 112200;2.61;2.62;2.61;2.6199;500
20160129 112600;2.613;2.613;2.613;2.613;350
20160129 124200;2.62;2.62;2.62;2.62;100
20160129 124600;2.62;2.62;2.62;2.62;406
20160129 130200;2.62;2.675;2.62;2.675;800
20160129 130300;2.73;2.73;2.73;2.73;100
20160129 130400;2.71;2.71;2.71;2.71;100
20160129 130600;2.68;2.68;2.68;2.68;200
20160129 131200;2.68;2.68;2.68;2.68;200
20160129 134700;2.63;2.63;2.63;2.63;300
20160129 135800;2.62;2.62;2.62;2.62;100
20160129 142000;2.62;2.62;2.62;2.62;100
20160129 145900;2.65;2.65;2.65;2.65;300
20160129 150800;2.6799;2.6799;2.6799;2.6799;200
20160129 153900;2.6799;2.6799;2.6799;2.6799;1000
20160129 155000;2.67;2.68;2.67;2.68;700
20160129 155600;2.68;2.68;2.68;2.68;600
20160129 155900;2.68;2.68;2.68;2.68;100
20160129 160000;2.6196;2.69;2.6196;2.69;2241
20160201 093300;2.76;2.76;2.76;2.76;100
20160201 093400;2.96;2.96;2.96;2.96;100
20160201 093500;2.82;2.82;2.81;2.81;500
20160201 093600;2.89;2.89;2.89;2.89;200
20160201 093700;2.82;2.82;2.79;2.79;200
20160201 093800;2.89;2.89;2.89;2.89;200
20160201 093900;2.75;2.75;2.75;2.75;300
20160201 094000;2.86;2.86;2.86;2.86;100
20160201 094100;2.7501;2.7501;2.7501;2.7501;200
20160201 094400;2.62;2.62;2.62;2.62;100
20160201 094500;2.68;2.68;2.68;2.68;300
20160201 094600;2.69;2.69;2.69;2.69;500
20160201 094700;2.86;2.86;2.86;2.86;100
20160201 094800;2.78;2.78;2.78;2.78;100
20160201 094900;2.86;2.86;2.86;2.86;100
20160201 095000;2.7401;2.7401;2.7401;2.7401;200
20160201 095100;2.85;2.85;2.85;2.85;200
20160201 095200;2.75;2.75;2.75;2.75;100
20160201 095300;2.72;2.72;2.72;2.72;200
20160201 095400;2.86;2.86;2.86;2.86;200
20160201 095600;2.72;2.72;2.72;2.72;300
20160201 095900;2.72;2.72;2.68;2.68;600
20160201 100100;2.68;2.6899;2.68;2.6899;600
20160201 100700;2.83;2.83;2.7301;2.7301;300
20160201 101000;2.68;2.68;2.68;2.68;200
20160201 101200;2.83;2.83;2.74;2.74;300
20160201 101300;2.83;2.83;2.83;2.83;200
20160201 101400;2.75;2.75;2.75;2.75;100
20160201 101500;2.7101;2.7101;2.68;2.68;400
20160201 101700;2.67;2.7;2.67;2.7;200
20160201 101800;2.69;2.69;2.69;2.69;500
20160201 101900;2.815;2.815;2.72;2.8001;600
20160201 102100;2.83;2.83;2.7301;2.7301;400
20160201 102200;2.68;2.68;2.68;2.68;100
20160201 102300;2.66;2.66;2.66;2.66;100
20160201 102400;2.69;2.7;2.69;2.7;200
20160201 102500;2.71;2.71;2.71;2.71;200
20160201 102600;2.67;2.69;2.67;2.69;200
20160201 104600;2.79;2.79;2.79;2.79;301
20160201 104800;2.74;2.74;2.74;2.74;600
20160201 105000;2.66;2.69;2.66;2.68;700
20160201 105100;2.69;2.69;2.685;2.685;300
20160201 105200;2.67;2.67;2.67;2.67;100
20160201 105300;2.74;2.74;2.73;2.73;200
20160201 105400;2.82;2.82;2.82;2.82;200
20160201 105500;2.74;2.8;2.74;2.74;1400
20160201 110000;2.69;2.69;2.68;2.69;1300
20160201 110100;2.72;2.72;2.72;2.72;100
20160201 110200;2.79;2.79;2.79;2.79;100
20160201 110300;2.72;2.72;2.72;2.72;100
20160201 110400;2.77;2.77;2.77;2.77;100
20160201 110500;2.71;2.71;2.71;2.71;401
20160201 122500;2.71;2.71;2.71;2.71;100
20160201 124000;2.7189;2.72;2.7189;2.7199;800
20160201 133300;2.76;2.76;2.7501;2.756;300
20160201 134500;2.77;2.77;2.77;2.77;207
20160201 134700;2.77;2.77;2.77;2.77;193
20160201 135000;2.7885;2.7885;2.7885;2.7885;270
20160201 135500;2.7885;2.7885;2.7885;2.7885;272
20160201 135600;2.79;2.85;2.79;2.81;1000
20160201 135700;2.85;2.85;2.85;2.85;2500
20160201 135800;2.78;2.78;2.78;2.78;100
20160201 140800;2.75;2.75;2.75;2.75;100
20160201 150000;2.754;2.76;2.75;2.75;2700
20160201 154300;2.76;2.76;2.76;2.76;100
20160201 154400;2.77;2.77;2.77;2.77;100
20160201 155100;2.7601;2.7601;2.76;2.76;450
20160202 114500;2.68;2.68;2.68;2.68;200
20160202 115600;2.68;2.68;2.68;2.68;100
20160202 115900;2.6815;2.6815;2.61;2.6101;3694
20160202 125400;2.7192;2.7192;2.7192;2.7192;400
20160202 131600;2.6994;2.6999;2.64;2.64;1600
20160202 131700;2.6899;2.6899;2.6899;2.6899;1000
20160202 131900;2.6899;2.6899;2.6899;2.6899;500
20160202 132000;2.67;2.685;2.64;2.64;1200
20160202 133000;2.6999;2.6999;2.67;2.694;1000
20160202 133800;2.6999;2.6999;2.6999;2.6999;1000
20160202 134400;2.6999;2.6999;2.64;2.64;1100
20160202 134800;2.6864;2.6864;2.6864;2.6864;1500
20160202 135700;2.6899;2.6899;2.64;2.64;1600
20160202 142600;2.64;2.64;2.64;2.64;200
20160202 151200;2.67;2.67;2.64;2.667;4700
20160202 151400;2.6899;2.6899;2.6899;2.6899;700
20160202 153400;2.66;2.679;2.66;2.676;1500
20160202 155400;2.64;2.64;2.64;2.64;400
20160202 155600;2.61;2.61;2.61;2.61;250
20160202 155900;2.61;2.61;2.61;2.61;467
20160203 093400;2.79;2.79;2.77;2.77;1000
20160203 093500;2.91;2.91;2.91;2.91;200
20160203 093600;2.78;2.78;2.76;2.76;800
20160203 093800;2.63;2.68;2.63;2.68;1100
20160203 093900;2.63;2.71;2.63;2.71;600
20160203 094000;2.72;2.72;2.72;2.72;100
20160203 094100;2.73;2.73;2.66;2.66;300
20160203 094200;2.69;2.7;2.69;2.7;400
20160203 094300;2.72;2.72;2.72;2.72;200
20160203 094400;2.73;2.825;2.73;2.825;600
20160203 094600;2.77;2.77;2.75;2.75;1800
20160203 094800;2.67;2.71;2.67;2.71;900
20160203 094900;2.72;2.72;2.71;2.71;200
20160203 095000;2.71;2.71;2.71;2.71;100
20160203 095300;2.72;2.72;2.72;2.72;100
20160203 100200;2.72;2.72;2.72;2.72;200
20160203 101000;2.7;2.7;2.7;2.7;600
20160203 101100;2.655;2.655;2.655;2.655;100
20160203 101300;2.68;2.68;2.68;2.68;362
20160203 102700;2.67;2.67;2.67;2.67;1576
20160203 111400;2.61;2.61;2.61;2.61;200
20160203 111700;2.61;2.61;2.57;2.57;1432
20160203 112100;2.6;2.6;2.6;2.6;100
20160203 113200;2.58;2.59;2.58;2.59;700
20160203 120200;2.54;2.56;2.535;2.56;900
20160203 120300;2.56;2.56;2.56;2.56;100
20160203 124700;2.56;2.56;2.56;2.56;100
20160203 125300;2.5599;2.5599;2.5599;2.5599;500
20160203 125400;2.56;2.56;2.558;2.558;1140
20160203 130900;2.5599;2.5599;2.5599;2.5599;1500
20160203 132100;2.56;2.56;2.56;2.56;733
20160203 132200;2.535;2.535;2.535;2.535;1440
20160203 132300;2.56;2.56;2.56;2.56;1267
20160203 132400;2.56;2.56;2.56;2.56;300
20160203 132700;2.55;2.55;2.55;2.55;100
20160203 132800;2.5499;2.5499;2.54;2.54;1100
20160203 133000;2.53;2.53;2.52;2.52;2100
20160203 133100;2.53;2.53;2.53;2.53;100
20160203 133200;2.52;2.53;2.51;2.52;2800
20160203 133300;2.515;2.515;2.515;2.515;700
20160203 134400;2.51;2.51;2.51;2.51;100
20160203 135100;2.51;2.51;2.51;2.51;250
20160203 135700;2.515;2.515;2.515;2.515;100
20160203 140400;2.51;2.51;2.51;2.51;500
20160203 140700;2.5;2.5;2.42;2.46;5000
20160203 141900;2.44;2.44;2.43;2.43;500
20160203 142800;2.43;2.4301;2.42;2.42;1095
20160203 143700;2.42;2.42;2.42;2.42;400
20160203 144600;2.3912;2.3912;2.3912;2.3912;300
20160203 144700;2.41;2.41;2.4;2.4;2200
20160203 145200;2.37;2.37;2.37;2.37;570
20160203 145600;2.36;2.36;2.36;2.36;2400
20160203 150700;2.2;2.2;2.19;2.19;800
20160203 151400;2.1736;2.1736;2.1736;2.1736;500
20160203 151800;2.19;2.19;2.19;2.19;100
20160203 152000;2.13;2.13;2.13;2.13;100
20160203 152100;2.1;2.11;2.08;2.09;2800
20160203 152200;2.12;2.1999;2.05;2.1999;10414
20160203 152800;2.186;2.186;2.186;2.186;250
20160203 153100;2.19;2.19;2.19;2.19;1000
20160203 155200;2.17;2.18;2.17;2.18;600
20160203 155300;2.199;2.199;2.195;2.195;600
20160203 155400;2.198;2.198;2.198;2.198;400
20160203 155500;2.1999;2.2;2.1999;2.2;600
20160203 155600;2.2;2.2;2.2;2.2;200
20160204 094200;2.27;2.3;2.27;2.3;700
20160204 095100;2.3;2.3;2.3;2.3;100
20160204 095200;2.27;2.27;2.26;2.27;500
20160204 095300;2.27;2.27;2.27;2.27;100
20160204 095400;2.27;2.27;2.27;2.27;200
20160204 100000;2.2501;2.2501;2.2501;2.2501;300
20160204 100300;2.3;2.3;2.29;2.3;1000
20160204 104800;2.2999;2.2999;2.2999;2.2999;800
20160204 110500;2.2956;2.2956;2.2956;2.2956;350
20160204 131000;2.26;2.27;2.26;2.27;300
20160204 131100;2.27;2.27;2.27;2.27;300
20160204 142400;2.2527;2.2527;2.2527;2.2527;450
20160204 153900;2.29;2.29;2.29;2.29;200
20160205 100500;2.15;2.15;2.15;2.15;500
20160205 100600;2.122;2.122;2.12;2.12;2369
20160205 101300;2.19;2.19;2.19;2.19;100
20160205 110100;2.23;2.23;2.23;2.23;400
20160205 131900;2.2;2.2;2.2;2.2;100
20160205 132000;2.17;2.17;2.17;2.17;100
20160205 140900;2.13;2.13;2.13;2.13;100
20160205 142500;2.1508;2.1508;2.1508;2.1508;1000
20160205 143100;2.12;2.12;2.12;2.12;100
20160205 150300;2.1201;2.1201;2.1201;2.1201;1500
20160205 152700;2.2058;2.2058;2.2058;2.2058;471
20160205 160000;2.1201;2.1201;2.1201;2.1201;100
