20160119 093500;0.128;0.128;0.128;0.128;100
20160119 093600;0.14;0.14;0.14;0.14;100
20160119 093900;0.132;0.132;0.1279;0.1279;814
20160119 095200;0.13;0.13;0.13;0.13;1100
20160119 095400;0.13;0.13;0.13;0.13;100
20160119 095500;0.13;0.13;0.1281;0.1281;5100
20160119 100000;0.128;0.128;0.128;0.128;5000
20160119 100700;0.128;0.128;0.1279;0.1279;8580
20160119 101300;0.1299;0.1299;0.1299;0.1299;200
20160119 102200;0.1281;0.1281;0.1281;0.1281;12000
20160119 102400;0.1297;0.1297;0.1297;0.1297;200
20160119 102500;0.1297;0.1297;0.1297;0.1297;200
20160119 103200;0.1281;0.1281;0.1279;0.1279;10000
20160119 103600;0.1289;0.1289;0.1289;0.1289;125
20160119 104900;0.1288;0.1288;0.1288;0.1288;200
20160119 105300;0.128;0.128;0.128;0.128;438
20160119 105400;0.128;0.1283;0.128;0.1283;408
20160119 105500;0.128;0.128;0.128;0.128;190
20160119 110000;0.14;0.14;0.14;0.14;100
20160119 110600;0.128;0.128;0.128;0.128;300
20160119 110800;0.128;0.128;0.128;0.128;300
20160119 110900;0.128;0.128;0.128;0.128;300
20160119 111300;0.128;0.128;0.128;0.128;11200
20160119 111500;0.128;0.128;0.128;0.128;300
20160119 111600;0.134;0.134;0.134;0.134;300
20160119 111800;0.134;0.134;0.134;0.134;100
20160119 112300;0.1366;0.1366;0.1366;0.1366;600
20160119 112400;0.128;0.128;0.128;0.128;2500
20160119 112500;0.128;0.128;0.1279;0.1279;9968
20160119 112600;0.1339;0.1339;0.1339;0.1339;200
20160119 113000;0.1339;0.1339;0.1339;0.1339;200
20160119 114200;0.1398;0.1398;0.1398;0.1398;100
20160119 114400;0.1399;0.1399;0.1339;0.1339;4100
20160119 114600;0.1399;0.1399;0.1399;0.1399;100
20160119 115100;0.1399;0.1399;0.1399;0.1399;200
20160119 115400;0.128;0.128;0.128;0.128;2100
20160119 120500;0.134;0.134;0.134;0.134;100
20160119 120700;0.1399;0.1399;0.1399;0.1399;120
20160119 120800;0.128;0.128;0.128;0.128;2000
20160119 121800;0.1295;0.1295;0.128;0.128;10000
20160119 121900;0.134;0.14;0.128;0.128;1800
20160119 122000;0.134;0.134;0.134;0.134;300
20160119 122600;0.128;0.128;0.128;0.128;600
20160119 122700;0.128;0.128;0.128;0.128;500
20160119 122800;0.128;0.128;0.128;0.128;300
20160119 123600;0.128;0.128;0.128;0.128;700
20160119 123700;0.1386;0.1386;0.1386;0.1386;1000
20160119 124000;0.134;0.134;0.134;0.134;400
20160119 124200;0.134;0.14;0.134;0.1368;4950
20160119 125100;0.139;0.139;0.139;0.139;100
20160119 130600;0.139;0.139;0.139;0.139;100
20160119 130800;0.128;0.128;0.128;0.128;10000
20160119 130900;0.139;0.139;0.139;0.139;300
20160119 131000;0.139;0.15;0.139;0.15;200
20160119 131700;0.14;0.14;0.14;0.14;300
20160119 132500;0.14;0.14;0.14;0.14;300
20160119 133600;0.13;0.13;0.13;0.13;200
20160119 134700;0.13;0.1306;0.13;0.13;20300
20160119 134800;0.13;0.14;0.13;0.1302;52800
20160119 134900;0.131;0.14;0.1307;0.1307;51367
20160119 135000;0.13;0.135;0.12;0.1214;51600
20160119 135100;0.1275;0.1275;0.1275;0.1275;400
20160119 135300;0.1203;0.1203;0.1203;0.1203;100
20160119 140400;0.1499;0.1499;0.1499;0.1499;100
20160119 140700;0.12;0.12;0.12;0.12;1000
20160119 141600;0.15;0.15;0.15;0.15;100
20160119 142800;0.138;0.138;0.138;0.138;100
20160119 143400;0.138;0.138;0.138;0.138;100
20160119 144000;0.138;0.138;0.138;0.138;100
20160119 150000;0.12;0.1208;0.12;0.1208;10300
20160119 150500;0.12;0.12;0.12;0.12;14996
20160119 150600;0.1275;0.1275;0.1275;0.1275;300
20160119 150700;0.1275;0.1275;0.1275;0.1275;200
20160119 151700;0.1275;0.1275;0.1275;0.1275;30900
20160119 152400;0.1386;0.1386;0.1386;0.1386;100
20160119 153700;0.1496;0.1496;0.1496;0.1496;100
20160119 154300;0.1496;0.1496;0.1496;0.1496;100
20160119 155500;0.13;0.13;0.1277;0.1283;5200
20160119 155700;0.1275;0.1275;0.11;0.1237;15400
20160119 155800;0.1232;0.1232;0.1103;0.1103;7300
20160119 160000;0.14;0.14;0.14;0.14;500
20160120 093200;0.1275;0.14;0.12;0.12;6132
20160120 093300;0.12;0.12;0.12;0.12;3860
20160120 093900;0.147;0.147;0.147;0.147;100
20160120 094100;0.147;0.147;0.147;0.147;100
20160120 094500;0.1227;0.1227;0.1227;0.1227;1930
20160120 100600;0.1288;0.14;0.1201;0.1399;5805
20160120 102900;0.1395;0.1395;0.1395;0.1395;100
20160120 105300;0.1394;0.1394;0.1394;0.1394;500
20160120 111100;0.1394;0.1394;0.1394;0.1394;100
20160120 112300;0.1235;0.1235;0.12;0.12;27718
20160120 112900;0.1194;0.1194;0.1194;0.1194;100
20160120 113200;0.1254;0.1254;0.12;0.12;400
20160120 113300;0.1254;0.1254;0.1254;0.1254;300
20160120 115100;0.1102;0.115;0.1102;0.1102;5900
20160120 115800;0.1252;0.1255;0.1252;0.1255;9932
20160120 120100;0.1101;0.1101;0.1101;0.1101;5000
20160120 121900;0.1102;0.1102;0.1102;0.1102;9085
20160120 122200;0.1255;0.1255;0.1255;0.1255;100
20160120 122300;0.1255;0.1255;0.1255;0.1255;100
20160120 122600;0.1255;0.1255;0.1255;0.1255;200
20160120 123100;0.115;0.115;0.115;0.115;2300
20160120 123200;0.115;0.115;0.115;0.115;1400
20160120 123300;0.115;0.115;0.115;0.115;10000
20160120 123600;0.115;0.115;0.115;0.115;800
20160120 124200;0.115;0.115;0.115;0.115;20000
20160120 124600;0.115;0.115;0.115;0.115;10000
20160120 125300;0.116;0.116;0.116;0.116;1000
20160120 125400;0.116;0.116;0.116;0.116;400
20160120 130000;0.116;0.116;0.116;0.116;400
20160120 130100;0.116;0.116;0.116;0.116;200
20160120 131200;0.115;0.115;0.115;0.115;1000
20160120 131300;0.115;0.1223;0.115;0.1223;500
20160120 131700;0.12;0.1201;0.12;0.12;70600
20160120 131800;0.1199;0.1199;0.1197;0.1197;4700
20160120 132600;0.1177;0.1177;0.1177;0.1177;3000
20160120 133800;0.1151;0.1151;0.1151;0.1151;100
20160120 133900;0.13;0.13;0.1151;0.1151;200
20160120 135400;0.1151;0.1151;0.1151;0.1151;100
20160120 140300;0.1151;0.1151;0.1151;0.1151;100
20160120 140400;0.1151;0.1151;0.1151;0.1151;4000
20160120 140500;0.1151;0.1151;0.1151;0.1151;10100
20160120 140800;0.1151;0.1151;0.1151;0.1151;2200
20160120 140900;0.1151;0.1151;0.1151;0.1151;10000
20160120 141000;0.1166;0.1166;0.1151;0.1151;9800
20160120 141500;0.1198;0.1198;0.1158;0.1198;10000
20160120 141600;0.1158;0.1158;0.11;0.11;10000
20160120 143000;0.12;0.12;0.12;0.12;2500
20160120 143100;0.12;0.12;0.11;0.113;7550
20160120 143200;0.113;0.113;0.113;0.113;2300
20160120 143600;0.1129;0.1129;0.0927;0.0927;25600
20160120 143700;0.0969;0.0969;0.0969;0.0969;100
20160120 143900;0.0953;0.12;0.0953;0.12;16100
20160120 144200;0.1101;0.12;0.1101;0.12;300
20160120 144300;0.1002;0.1002;0.1;0.1;7400
20160120 144400;0.11;0.11;0.11;0.11;100
20160120 144600;0.1115;0.1182;0.1115;0.1182;300
20160120 150000;0.103;0.103;0.0927;0.0927;33058
20160120 150100;0.09;0.1;0.0819;0.1;10699
20160120 150500;0.0986;0.0986;0.0986;0.0986;100
20160120 150600;0.0985;0.0985;0.0985;0.0985;100
20160120 150900;0.099;0.099;0.099;0.099;100
20160120 151200;0.0986;0.1039;0.09;0.1039;30500
20160120 151300;0.1039;0.1039;0.1001;0.1039;2300
20160120 151400;0.1035;0.1039;0.1035;0.1039;300
20160120 151800;0.1069;0.1069;0.1069;0.1069;500
20160120 151900;0.1069;0.1069;0.1069;0.1069;600
20160120 152100;0.107;0.107;0.107;0.107;300
20160120 152200;0.107;0.107;0.107;0.107;300
20160120 152300;0.1069;0.1069;0.1069;0.1069;1699
20160120 152400;0.107;0.107;0.107;0.107;100
20160120 152900;0.107;0.107;0.107;0.107;9500
20160120 153000;0.1069;0.1069;0.1069;0.1069;100
20160120 153100;0.107;0.107;0.107;0.107;300
20160120 153300;0.107;0.107;0.107;0.107;5000
20160120 153400;0.107;0.107;0.1069;0.107;15400
20160120 153500;0.107;0.1071;0.107;0.1071;5531
20160120 153600;0.1071;0.1071;0.1071;0.1071;200
20160120 153800;0.1111;0.1111;0.1111;0.1111;100
20160120 153900;0.11;0.11;0.11;0.11;5000
20160120 154600;0.115;0.115;0.1101;0.1101;6100
20160120 155300;0.1101;0.115;0.1101;0.115;25800
20160120 155400;0.1126;0.115;0.1126;0.115;600
20160120 155700;0.1103;0.1103;0.1103;0.1103;200
20160120 155800;0.1103;0.1103;0.1103;0.1103;200
20160120 155900;0.1102;0.1102;0.11;0.1102;9900
20160120 160000;0.115;0.115;0.1111;0.1111;200
20160120 163700;0.1;0.1;0.1;0.1;100
20160121 093900;0.1177;0.1177;0.1176;0.1176;1002
20160121 094700;0.1198;0.1198;0.1198;0.1198;450
20160121 095600;0.1198;0.1198;0.1198;0.1198;100
20160121 100200;0.1198;0.1198;0.1198;0.1198;100
20160121 102000;0.11;0.11;0.11;0.11;100
20160121 102700;0.1172;0.1172;0.1172;0.1172;400
20160121 102800;0.12;0.12;0.12;0.12;100
20160121 105700;0.1101;0.1101;0.11;0.11;200
20160121 110000;0.11;0.11;0.11;0.11;8678
20160121 111300;0.1198;0.1198;0.1198;0.1198;100
20160121 111900;0.1199;0.1199;0.1199;0.1199;100
20160121 112300;0.1198;0.1198;0.1198;0.1198;100
20160121 112800;0.1199;0.1199;0.1199;0.1199;200
20160121 114100;0.1199;0.1199;0.1199;0.1199;100
20160121 115200;0.1157;0.1157;0.1157;0.1157;1000
20160121 120200;0.1199;0.13;0.1199;0.13;40000
20160121 120300;0.13;0.1348;0.13;0.1348;10700
20160121 120500;0.1347;0.1393;0.1347;0.1393;10608
20160121 120600;0.1392;0.1392;0.1306;0.1306;1200
20160121 120800;0.1363;0.15;0.135;0.1351;6800
20160121 121100;0.15;0.15;0.15;0.15;15742
20160121 121600;0.1431;0.1431;0.1431;0.1431;180
20160121 121800;0.1438;0.1438;0.1438;0.1438;200
20160121 122200;0.142;0.1439;0.142;0.142;5500
20160121 122300;0.1436;0.1439;0.14;0.14;10050
20160121 122400;0.14;0.1401;0.14;0.1401;3100
20160121 122600;0.1437;0.1437;0.14;0.1437;10300
20160121 123300;0.1437;0.1437;0.1437;0.1437;300
20160121 123900;0.1409;0.1409;0.1409;0.1409;100
20160121 124400;0.1409;0.1409;0.1408;0.1408;9507
20160121 124700;0.1408;0.1408;0.132;0.1347;5200
20160121 125300;0.1399;0.1399;0.1399;0.1399;200
20160121 125800;0.1312;0.1312;0.1312;0.1312;1000
20160121 130600;0.1354;0.1354;0.1354;0.1354;100
20160121 130900;0.1395;0.1395;0.1395;0.1395;2500
20160121 132400;0.1394;0.1394;0.1394;0.1394;500
20160121 132700;0.1394;0.1394;0.1394;0.1394;1000
20160121 133000;0.135;0.135;0.135;0.135;100
20160121 134500;0.135;0.135;0.135;0.135;200
20160121 134800;0.1312;0.1312;0.1312;0.1312;250
20160121 135400;0.1311;0.1311;0.1311;0.1311;400
20160121 135600;0.1311;0.1311;0.1311;0.1311;100
20160121 135700;0.135;0.1351;0.135;0.1351;200
20160121 144100;0.1311;0.1311;0.1311;0.1311;100
20160121 145400;0.1312;0.1312;0.1312;0.1312;2000
20160121 150100;0.139;0.139;0.1339;0.1339;200
20160121 150400;0.1359;0.1389;0.135;0.135;5200
20160121 151100;0.1309;0.1389;0.1309;0.1389;1300
20160121 151600;0.1351;0.1389;0.1351;0.1389;200
20160121 153600;0.1314;0.1314;0.1314;0.1314;3100
20160121 153800;0.1313;0.1313;0.1313;0.1313;100
20160121 154000;0.1313;0.1313;0.1313;0.1313;100
20160121 154500;0.1313;0.1313;0.1313;0.1313;100
20160121 155100;0.1313;0.1313;0.1313;0.1313;100
20160121 155500;0.1312;0.1312;0.106;0.106;11991
20160122 093600;0.1365;0.1365;0.1365;0.1365;500
20160122 094100;0.13;0.13;0.13;0.13;200
20160122 095400;0.13;0.13;0.13;0.13;100
20160122 095600;0.1299;0.1299;0.1299;0.1299;600
20160122 101600;0.13;0.13;0.118;0.118;800
20160122 101700;0.13;0.13;0.13;0.13;100
20160122 102200;0.126;0.126;0.126;0.126;1000
20160122 102600;0.13;0.13;0.13;0.13;27200
20160122 104900;0.1289;0.1295;0.1289;0.1295;6600
20160122 105000;0.1295;0.1295;0.1289;0.1295;5030
20160122 105100;0.1294;0.1294;0.1294;0.1294;1500
20160122 105600;0.1295;0.1295;0.1295;0.1295;300
20160122 110000;0.1295;0.1295;0.1295;0.1295;100
20160122 110300;0.1295;0.1295;0.1295;0.1295;2000
20160122 113000;0.13;0.13;0.13;0.13;9800
20160122 114500;0.13;0.13;0.13;0.13;200
20160122 114600;0.13;0.13;0.13;0.13;200
20160122 115400;0.1298;0.1298;0.1298;0.1298;1650
20160122 120400;0.13;0.13;0.13;0.13;100
20160122 121800;0.13;0.13;0.13;0.13;1800
20160122 124800;0.13;0.13;0.13;0.13;200
20160122 125700;0.1299;0.1299;0.1299;0.1299;600
20160122 125900;0.13;0.13;0.13;0.13;100
20160122 130900;0.1299;0.1299;0.1299;0.1299;3500
20160122 131300;0.13;0.13;0.13;0.13;4600
20160122 131400;0.13;0.13;0.13;0.13;100
20160122 131900;0.13;0.13;0.13;0.13;100
20160122 132300;0.13;0.13;0.13;0.13;200
20160122 132500;0.13;0.13;0.13;0.13;100
20160122 134100;0.13;0.1388;0.13;0.1388;3600
20160122 134200;0.1388;0.1388;0.1388;0.1388;100
20160122 134800;0.1388;0.1388;0.1388;0.1388;100
20160122 140100;0.1388;0.1388;0.1388;0.1388;100
20160122 144100;0.1375;0.1375;0.1375;0.1375;100
20160122 145500;0.1374;0.1375;0.1374;0.1375;10400
20160122 145600;0.1327;0.1327;0.1327;0.1327;1000
20160122 145900;0.1375;0.1375;0.1375;0.1375;100
20160122 150000;0.1375;0.1375;0.1375;0.1375;100
20160122 151100;0.1333;0.1333;0.1333;0.1333;1500
20160122 151400;0.1374;0.1374;0.1374;0.1374;100
20160122 151600;0.1375;0.1375;0.1375;0.1375;500
20160122 151800;0.1374;0.1375;0.1374;0.1375;5000
20160122 152100;0.1375;0.1375;0.1375;0.1375;400
20160122 152700;0.1373;0.1373;0.1373;0.1373;100
20160122 153100;0.1374;0.1375;0.1374;0.1375;3249
20160122 154200;0.1371;0.1372;0.1371;0.1372;11600
20160122 154300;0.1399;0.1399;0.1399;0.1399;1500
20160122 154800;0.14;0.14;0.14;0.14;200
20160122 154900;0.1494;0.1494;0.1494;0.1494;100
20160122 155600;0.1447;0.1447;0.1399;0.1414;3088
20160122 155700;0.1412;0.1412;0.1412;0.1412;2200
20160122 155800;0.1413;0.1413;0.14;0.14;1535
20160125 093100;0.12;0.12;0.12;0.12;24572
20160125 093400;0.12;0.12;0.12;0.12;1000
20160125 093600;0.127;0.127;0.127;0.127;600
20160125 093700;0.127;0.127;0.127;0.127;200
20160125 095300;0.126;0.126;0.126;0.126;250
20160125 095500;0.127;0.127;0.127;0.127;400
20160125 095700;0.13;0.13;0.13;0.13;100
20160125 100800;0.1296;0.13;0.1296;0.13;217
20160125 101400;0.131;0.136;0.131;0.131;300
20160125 101700;0.131;0.131;0.131;0.131;300
20160125 101800;0.13;0.13;0.13;0.13;5100
20160125 103100;0.1336;0.1336;0.1336;0.1336;200
20160125 103200;0.1335;0.1335;0.1335;0.1335;200
20160125 104400;0.1336;0.137;0.1336;0.137;715
20160125 105400;0.1336;0.1336;0.1336;0.1336;100
20160125 105500;0.1303;0.1303;0.1303;0.1303;5000
20160125 105700;0.1335;0.137;0.1335;0.137;200
20160125 110400;0.1336;0.1336;0.1336;0.1336;100
20160125 111100;0.1341;0.1369;0.1341;0.1369;300
20160125 111300;0.137;0.137;0.137;0.137;200
20160125 111400;0.137;0.137;0.137;0.137;100
20160125 111500;0.137;0.137;0.137;0.137;300
20160125 111600;0.137;0.137;0.137;0.137;100
20160125 111700;0.137;0.137;0.137;0.137;2400
20160125 111800;0.137;0.137;0.137;0.137;100
20160125 112200;0.1387;0.1387;0.1387;0.1387;1500
20160125 113000;0.1399;0.1399;0.1399;0.1399;380
20160125 113600;0.1397;0.1397;0.1397;0.1397;300
20160125 114500;0.1391;0.1391;0.1391;0.1391;200
20160125 114600;0.14;0.14;0.14;0.14;100
20160125 121400;0.1399;0.1399;0.1399;0.1399;200
20160125 121600;0.14;0.14;0.14;0.14;100
20160125 130200;0.14;0.14;0.14;0.14;100
20160125 130800;0.1347;0.1347;0.1347;0.1347;1000
20160125 132100;0.1399;0.1399;0.1399;0.1399;400
20160125 132600;0.1399;0.1399;0.1399;0.1399;2000
20160125 141800;0.139;0.1391;0.139;0.1391;2600
20160125 142200;0.1391;0.1391;0.1391;0.1391;345
20160125 143700;0.1398;0.1398;0.1398;0.1398;200
20160125 144000;0.1393;0.1393;0.139;0.139;4200
20160125 151000;0.137;0.137;0.137;0.137;5600
20160125 154100;0.12;0.12;0.12;0.12;500
20160125 154700;0.1267;0.1267;0.1267;0.1267;100
20160126 094500;0.1299;0.1299;0.1299;0.1299;2000
20160126 100200;0.13;0.13;0.13;0.13;2600
20160126 100600;0.13;0.13;0.13;0.13;100
20160126 104300;0.13;0.13;0.13;0.13;2700
20160126 111000;0.1303;0.1303;0.1303;0.1303;200
20160126 112400;0.1398;0.1398;0.1398;0.1398;200
20160126 113300;0.1336;0.1336;0.1336;0.1336;3500
20160126 120400;0.1398;0.1398;0.1398;0.1398;100
20160126 125400;0.1397;0.1397;0.1397;0.1397;600
20160126 132500;0.1398;0.1398;0.1398;0.1398;100
20160126 133100;0.1398;0.1398;0.1391;0.1391;3200
20160126 134400;0.1398;0.1398;0.1339;0.1339;1000
20160126 134800;0.1398;0.1398;0.1398;0.1398;200
20160126 135600;0.1398;0.1398;0.1398;0.1398;2500
20160126 142000;0.1397;0.1397;0.1397;0.1397;4000
20160126 142200;0.1398;0.1398;0.1398;0.1398;200
20160126 142500;0.1398;0.1398;0.1398;0.1398;100
20160126 143300;0.1397;0.1397;0.1391;0.1391;1800
20160126 143400;0.1394;0.1394;0.1394;0.1394;100
20160126 144200;0.1394;0.1398;0.1394;0.1398;1800
20160126 144300;0.1395;0.1395;0.1395;0.1395;100
20160126 144800;0.1391;0.1391;0.1391;0.1391;200
20160126 150400;0.1398;0.1398;0.1394;0.1396;3700
20160126 151800;0.139;0.139;0.139;0.139;2000
20160126 155800;0.1331;0.1331;0.1331;0.1331;300
20160127 093300;0.14;0.14;0.14;0.14;1000
20160127 093600;0.144;0.144;0.144;0.144;300
20160127 094100;0.1416;0.144;0.1416;0.144;1000
20160127 094200;0.144;0.145;0.144;0.145;1000
20160127 094300;0.1426;0.145;0.1426;0.145;1400
20160127 094400;0.145;0.145;0.145;0.145;2000
20160127 094600;0.1447;0.145;0.1447;0.145;11500
20160127 094800;0.1447;0.15;0.1447;0.15;10000
20160127 094900;0.15;0.15;0.15;0.15;40000
20160127 095300;0.15;0.15;0.15;0.15;13500
20160127 095600;0.16;0.16;0.16;0.16;380
20160127 095800;0.18;0.18;0.18;0.18;19975
20160127 100100;0.1601;0.1601;0.1601;0.1601;260
20160127 100200;0.179;0.18;0.16;0.16;49784
20160127 100300;0.1797;0.18;0.1797;0.18;3100
20160127 100500;0.18;0.18;0.1791;0.1791;400
20160127 100700;0.1714;0.1714;0.1714;0.1714;2300
20160127 101100;0.1797;0.18;0.1797;0.18;4125
20160127 101300;0.1801;0.1801;0.1801;0.1801;5000
20160127 101500;0.1813;0.1813;0.1813;0.1813;5000
20160127 102000;0.1889;0.195;0.1889;0.195;5249
20160127 102100;0.1949;0.1949;0.1949;0.1949;300
20160127 102500;0.1915;0.1915;0.1915;0.1915;500
20160127 102600;0.1936;0.1949;0.1936;0.1949;14500
20160127 102700;0.1949;0.1949;0.1815;0.1815;11300
20160127 102800;0.185;0.185;0.185;0.185;9850
20160127 102900;0.185;0.185;0.1802;0.1802;6600
20160127 103000;0.1802;0.1802;0.1801;0.1801;32375
20160127 103100;0.185;0.185;0.185;0.185;100
20160127 103200;0.1806;0.1806;0.1806;0.1806;400
20160127 103300;0.185;0.1851;0.185;0.185;12200
20160127 103400;0.185;0.185;0.185;0.185;1975
20160127 103800;0.1849;0.1849;0.1849;0.1849;500
20160127 104100;0.185;0.1899;0.185;0.1899;15000
20160127 104400;0.1802;0.1849;0.1802;0.1849;2000
20160127 104800;0.185;0.185;0.1843;0.1843;7255
20160127 104900;0.1801;0.1801;0.1751;0.1801;10200
20160127 105000;0.1846;0.1846;0.175;0.175;31651
20160127 105100;0.175;0.1842;0.175;0.1842;3100
20160127 105400;0.175;0.1764;0.17;0.1764;10493
20160127 105600;0.17;0.17;0.17;0.17;500
20160127 110100;0.1741;0.1741;0.174;0.174;538
20160127 110600;0.174;0.174;0.174;0.174;200
20160127 110700;0.174;0.174;0.174;0.174;1700
20160127 110800;0.1786;0.1786;0.1786;0.1786;650
20160127 111600;0.173;0.1842;0.173;0.1842;200
20160127 111700;0.18;0.18;0.18;0.18;200
20160127 112800;0.1841;0.1842;0.18;0.18;10100
20160127 112900;0.183;0.185;0.183;0.185;11000
20160127 113000;0.1825;0.185;0.18;0.18;5300
20160127 113200;0.1833;0.19;0.1833;0.19;10000
20160127 113300;0.18;0.18;0.18;0.18;300
20160127 113500;0.185;0.1881;0.185;0.185;1100
20160127 114200;0.188;0.188;0.188;0.188;7500
20160127 114400;0.188;0.1889;0.188;0.188;400
20160127 114500;0.1885;0.1885;0.188;0.188;3978
20160127 114600;0.1881;0.1881;0.1881;0.1881;1000
20160127 115000;0.1881;0.19;0.1881;0.19;30348
20160127 115200;0.19;0.19;0.19;0.19;100
20160127 115300;0.19;0.19;0.19;0.19;1700
20160127 115500;0.19;0.19;0.19;0.19;300
20160127 120100;0.19;0.19;0.19;0.19;10100
20160127 120200;0.1931;0.2;0.1805;0.1998;34830
20160127 120300;0.1999;0.1999;0.1998;0.1998;5500
20160127 120400;0.1929;0.1929;0.1929;0.1929;100
20160127 120500;0.1995;0.1995;0.1995;0.1995;4800
20160127 120600;0.1962;0.2;0.195;0.195;56899
20160127 120700;0.1999;0.201;0.1999;0.201;23357
20160127 120800;0.2083;0.22;0.2052;0.2121;29800
20160127 121000;0.2051;0.2051;0.205;0.2051;1500
20160127 121200;0.2099;0.21;0.2099;0.21;6100
20160127 121300;0.2144;0.2144;0.2144;0.2144;1100
20160127 121500;0.215;0.22;0.215;0.22;26375
20160127 121600;0.22;0.239;0.2169;0.227;11814
20160127 121700;0.2389;0.2389;0.2283;0.2283;4531
20160127 121800;0.235;0.239;0.2292;0.2292;24500
20160127 121900;0.2288;0.2288;0.2288;0.2288;1000
20160127 122000;0.235;0.235;0.235;0.235;510
20160127 122200;0.23;0.2302;0.225;0.23;11900
20160127 122300;0.225;0.23;0.2137;0.23;19900
20160127 122400;0.23;0.2348;0.225;0.2251;12817
20160127 122500;0.2298;0.2298;0.2298;0.2298;362
20160127 122600;0.225;0.2299;0.225;0.2299;10726
20160127 122800;0.225;0.225;0.225;0.225;400
20160127 122900;0.2251;0.2251;0.225;0.225;700
20160127 123000;0.225;0.227;0.225;0.227;600
20160127 123100;0.2299;0.2299;0.2299;0.2299;1000
20160127 123300;0.2275;0.2275;0.2275;0.2275;200
20160127 123400;0.2299;0.2319;0.2299;0.2308;2700
20160127 123500;0.2319;0.2319;0.2319;0.2319;600
20160127 123600;0.2388;0.2388;0.2388;0.2388;7000
20160127 123700;0.2389;0.2499;0.2388;0.2399;44700
20160127 123800;0.24;0.25;0.24;0.2499;56000
20160127 123900;0.235;0.24;0.235;0.2398;4000
20160127 124000;0.2399;0.252;0.2399;0.252;49772
20160127 124100;0.269;0.269;0.2641;0.2641;300
20160127 124200;0.2641;0.2699;0.2494;0.2698;20862
20160127 124300;0.2698;0.2698;0.2665;0.2665;740
20160127 124400;0.26;0.275;0.2598;0.275;49972
20160127 124500;0.275;0.299;0.25;0.279;117169
20160127 124600;0.2989;0.2998;0.279;0.2929;31579
20160127 124700;0.2803;0.2929;0.2555;0.2555;46600
20160127 124800;0.2664;0.29;0.2664;0.28;16398
20160127 124900;0.2835;0.29;0.2804;0.2899;17998
20160127 125000;0.2863;0.2899;0.28;0.2887;68840
20160127 125100;0.2803;0.281;0.2803;0.281;4400
20160127 125200;0.2806;0.2806;0.2605;0.2605;12980
20160127 125300;0.2605;0.265;0.2605;0.2605;11900
20160127 125400;0.2669;0.2669;0.2668;0.2668;2400
20160127 125500;0.2665;0.275;0.2605;0.275;12150
20160127 125600;0.275;0.2887;0.275;0.2887;48647
20160127 125700;0.2899;0.3;0.2899;0.3;49020
20160127 125800;0.3015;0.3199;0.3015;0.3198;2410
20160127 125900;0.3016;0.3197;0.3016;0.3195;6100
20160127 130000;0.3165;0.328;0.3165;0.328;21751
20160127 130100;0.3201;0.3201;0.29;0.3052;17919
20160127 130200;0.3099;0.3099;0.2999;0.2999;7200
20160127 130300;0.3;0.3;0.3;0.3;400
20160127 130500;0.2999;0.3;0.29;0.29;13700
20160127 130600;0.3;0.3;0.285;0.2875;21944
20160127 130700;0.2851;0.2851;0.2851;0.2851;2000
20160127 130900;0.2851;0.2851;0.2851;0.2851;2000
20160127 131000;0.2898;0.2899;0.2898;0.2899;500
20160127 131100;0.2899;0.2899;0.2898;0.2898;2690
20160127 131200;0.2919;0.3099;0.2919;0.3099;21801
20160127 131300;0.3089;0.3089;0.2902;0.3079;6000
20160127 131400;0.3063;0.31;0.3063;0.31;4200
20160127 131500;0.3049;0.32;0.3049;0.32;65937
20160127 131600;0.3181;0.32;0.3081;0.31;34894
20160127 131700;0.3103;0.3103;0.28;0.28;43935
20160127 131800;0.2873;0.294;0.2873;0.294;7500
20160127 131900;0.2998;0.2998;0.2916;0.2916;6190
20160127 132000;0.2975;0.2975;0.2974;0.2974;1300
20160127 132100;0.2975;0.2975;0.294;0.294;5600
20160127 132200;0.2948;0.2966;0.2938;0.2939;5000
20160127 132300;0.2965;0.2965;0.2964;0.2964;900
20160127 132400;0.2965;0.298;0.2965;0.2966;5500
20160127 132500;0.2979;0.2998;0.2915;0.2915;6385
20160127 132600;0.2915;0.2915;0.2915;0.2915;100
20160127 132700;0.2949;0.2999;0.2803;0.2964;32015
20160127 133700;0.295;0.299;0.295;0.299;4544
20160127 133800;0.29;0.2929;0.29;0.2929;6750
20160127 134100;0.299;0.299;0.2899;0.29;22000
20160127 134200;0.2899;0.29;0.2899;0.2899;3000
20160127 134300;0.2851;0.2851;0.2851;0.2851;650
20160127 134400;0.29;0.29;0.285;0.285;15150
20160127 134500;0.285;0.285;0.278;0.278;12400
20160127 134600;0.265;0.2652;0.252;0.252;51610
20160127 134700;0.2557;0.275;0.252;0.252;55986
20160127 134800;0.252;0.2646;0.252;0.2646;37066
20160127 135000;0.2599;0.26;0.252;0.2582;37158
20160127 135100;0.255;0.255;0.25;0.255;7825
20160127 135200;0.255;0.2599;0.255;0.2551;1108
20160127 135300;0.26;0.26;0.2575;0.2575;6883
20160127 135400;0.27;0.27;0.27;0.27;100
20160127 135500;0.2699;0.2699;0.2699;0.2699;100
20160127 135600;0.27;0.27;0.2661;0.2661;24304
20160127 135700;0.27;0.28;0.27;0.28;2218
20160127 135800;0.273;0.273;0.2721;0.2721;3000
20160127 135900;0.27;0.27;0.27;0.27;600
20160127 140000;0.27;0.29;0.27;0.29;5983
20160127 140100;0.2906;0.2906;0.2906;0.2906;2475
20160127 140200;0.299;0.3;0.299;0.3;12200
20160127 140300;0.2962;0.3;0.2903;0.3;14814
20160127 140600;0.2904;0.2927;0.29;0.29;28915
20160127 140700;0.2802;0.2849;0.2802;0.2802;1600
20160127 140900;0.2848;0.2848;0.28;0.28;22208
20160127 141000;0.28;0.2848;0.275;0.275;21375
20160127 141400;0.2782;0.2899;0.275;0.275;5400
20160127 141600;0.2799;0.28;0.2799;0.28;1400
20160127 141700;0.2805;0.2805;0.2805;0.2805;3500
20160127 141800;0.279;0.279;0.279;0.279;6900
20160127 141900;0.28;0.28;0.27;0.2705;27700
20160127 142000;0.2878;0.2884;0.2705;0.2713;10000
20160127 142100;0.272;0.2798;0.271;0.2714;10374
20160127 142200;0.2798;0.2798;0.2792;0.2792;700
20160127 142300;0.2797;0.2798;0.2791;0.2792;700
20160127 142400;0.2792;0.28;0.2792;0.28;800
20160127 142500;0.28;0.29;0.2799;0.29;35247
20160127 142600;0.28;0.29;0.28;0.29;2590
20160127 142700;0.29;0.29;0.29;0.29;700
20160127 142800;0.29;0.29;0.29;0.29;700
20160127 142900;0.29;0.29;0.29;0.29;700
20160127 143000;0.29;0.29;0.29;0.29;700
20160127 143100;0.29;0.29;0.2851;0.29;4300
20160127 143200;0.29;0.29;0.29;0.29;700
20160127 143300;0.29;0.29;0.29;0.29;700
20160127 143400;0.29;0.29;0.2806;0.29;6936
20160127 143500;0.29;0.29;0.29;0.29;1936
20160127 143600;0.29;0.29;0.29;0.29;700
20160127 143700;0.2899;0.29;0.2899;0.29;6000
20160127 143800;0.29;0.29;0.2818;0.29;2400
20160127 143900;0.29;0.29;0.29;0.29;700
20160127 144000;0.29;0.29;0.286;0.29;400
20160127 144100;0.281;0.29;0.281;0.29;500
20160127 144200;0.29;0.29;0.29;0.29;400
20160127 144300;0.29;0.29;0.29;0.29;300
20160127 144400;0.29;0.29;0.29;0.29;400
20160127 144500;0.29;0.29;0.29;0.29;300
20160127 144600;0.2899;0.29;0.2899;0.29;670
20160127 144700;0.29;0.29;0.2899;0.29;550
20160127 144800;0.29;0.3;0.29;0.3;2564
20160127 144900;0.3;0.3;0.295;0.295;30300
20160127 145000;0.2999;0.3;0.2999;0.3;13200
20160127 145100;0.3098;0.3182;0.3001;0.3001;14700
20160127 145200;0.3001;0.319;0.3001;0.3112;92465
20160127 145300;0.3173;0.32;0.3104;0.32;50350
20160127 145400;0.3105;0.32;0.3105;0.32;659
20160127 145500;0.3191;0.3191;0.3188;0.3188;400
20160127 145600;0.3109;0.3128;0.31;0.31;50913
20160127 145700;0.31;0.31;0.2715;0.2715;35170
20160127 145800;0.2978;0.299;0.2975;0.299;60100
20160127 145900;0.2949;0.2949;0.2949;0.2949;1960
20160127 150000;0.2801;0.29;0.25;0.25;104630
20160127 150100;0.2513;0.2535;0.251;0.251;43400
20160127 150200;0.2541;0.2715;0.2511;0.2715;24455
20160127 150300;0.2638;0.28;0.2601;0.2601;1896
20160127 150400;0.2661;0.2661;0.266;0.266;5088
20160127 150500;0.266;0.276;0.266;0.266;8056
20160127 150600;0.2601;0.2601;0.2601;0.2601;600
20160127 150700;0.2563;0.266;0.2563;0.266;9200
20160127 150800;0.2774;0.279;0.2771;0.279;5700
20160127 150900;0.28;0.2899;0.2788;0.2899;35085
20160127 151000;0.2801;0.2801;0.28;0.28;2144
20160127 151100;0.2795;0.2795;0.2795;0.2795;100
20160127 151200;0.2602;0.28;0.2602;0.28;300
20160127 151300;0.28;0.28;0.2799;0.2799;900
20160127 151400;0.28;0.2847;0.28;0.2847;5392
20160127 151700;0.2845;0.2845;0.2845;0.2845;856
20160127 152300;0.2842;0.2845;0.2842;0.2845;970
20160127 152500;0.2845;0.2845;0.2703;0.2717;5700
20160127 152800;0.2844;0.2845;0.2844;0.2845;6644
20160127 153000;0.28;0.2802;0.2749;0.28;38112
20160127 153100;0.2901;0.2901;0.29;0.29;10000
20160127 153300;0.3078;0.3089;0.3;0.3089;5500
20160127 153400;0.29;0.29;0.27;0.27;19350
20160127 153500;0.27;0.2704;0.27;0.27;23810
20160127 153700;0.2756;0.2756;0.2756;0.2756;500
20160127 153800;0.2761;0.2787;0.2761;0.2787;720
20160127 154000;0.2771;0.2778;0.2771;0.2771;2600
20160127 154100;0.2778;0.2778;0.2773;0.2773;1850
20160127 154200;0.277;0.277;0.2763;0.2763;3000
20160127 154300;0.2769;0.2769;0.2701;0.2701;4107
20160127 154400;0.2765;0.2765;0.2765;0.2765;700
20160127 154500;0.2764;0.2788;0.2764;0.2788;4500
20160127 154600;0.2788;0.2788;0.2788;0.2788;1000
20160127 154700;0.279;0.279;0.2789;0.279;15600
20160127 154800;0.2964;0.2964;0.288;0.288;3247
20160127 154900;0.2897;0.2897;0.2897;0.2897;350
20160127 155000;0.287;0.288;0.287;0.2879;11200
20160127 155100;0.2878;0.2878;0.2849;0.2857;8859
20160127 155200;0.2821;0.285;0.275;0.2798;51516
20160127 155300;0.2726;0.2799;0.2726;0.2799;11000
20160127 155400;0.2826;0.2999;0.2826;0.2999;7800
20160127 155500;0.2999;0.3;0.2999;0.3;8799
20160127 155600;0.3;0.31;0.2999;0.3095;13700
20160127 155700;0.3179;0.3185;0.3175;0.3175;4300
20160127 155800;0.3185;0.3185;0.3125;0.315;8514
20160127 155900;0.3105;0.315;0.31;0.3144;12131
20160127 160000;0.3086;0.315;0.3086;0.31;19592
20160127 161000;0.34;0.34;0.34;0.34;100
20160127 175100;0.34;0.34;0.34;0.34;550
20160128 081100;0.32;0.32;0.32;0.32;650
20160128 084200;0.32;0.32;0.32;0.32;1222
20160128 084300;0.3151;0.32;0.315;0.32;10478
20160128 093100;0.3194;0.32;0.31;0.3189;54947
20160128 093200;0.3101;0.3104;0.31;0.31;7500
20160128 093300;0.31;0.3101;0.255;0.255;106529
20160128 093400;0.2675;0.29;0.26;0.2799;5600
20160128 093500;0.2799;0.2799;0.2799;0.2799;1000
20160128 093600;0.2745;0.2799;0.2745;0.2799;17600
20160128 093700;0.28;0.3;0.28;0.3;24833
20160128 093800;0.291;0.291;0.291;0.291;100
20160128 093900;0.3055;0.3056;0.2999;0.2999;2342
20160128 094000;0.29;0.3;0.29;0.2985;18700
20160128 094100;0.2901;0.2922;0.29;0.2902;1850
20160128 094200;0.295;0.2999;0.29;0.29;11000
20160128 094300;0.295;0.2999;0.26;0.265;47338
20160128 094400;0.26;0.265;0.2262;0.23;27974
20160128 094500;0.225;0.2615;0.225;0.2615;46467
20160128 094600;0.2745;0.2831;0.2745;0.2745;10345
20160128 094800;0.2501;0.2551;0.2451;0.2451;4900
20160128 095100;0.2797;0.2848;0.2703;0.2703;23700
20160128 095200;0.2825;0.2848;0.28;0.2801;18833
20160128 095300;0.28;0.28;0.28;0.28;300
20160128 095400;0.2799;0.2799;0.2732;0.2732;1820
20160128 095500;0.28;0.28;0.2751;0.2752;11400
20160128 095600;0.2704;0.2704;0.2704;0.2704;2360
20160128 095700;0.2799;0.2799;0.2799;0.2799;173
20160128 095800;0.2743;0.2743;0.25;0.265;18390
20160128 095900;0.2649;0.2649;0.2649;0.2649;200
20160128 100000;0.2797;0.2797;0.2797;0.2797;950
20160128 100400;0.2797;0.2797;0.2797;0.2797;100
20160128 100600;0.27;0.2796;0.27;0.279;2450
20160128 100700;0.2797;0.2797;0.279;0.279;3100
20160128 101100;0.2789;0.279;0.2757;0.2757;2025
20160128 101300;0.27;0.2711;0.27;0.2701;6200
20160128 101800;0.27;0.27;0.27;0.27;3100
20160128 102000;0.2617;0.2617;0.2617;0.2617;200
20160128 102100;0.2698;0.2698;0.2698;0.2698;2000
20160128 102400;0.2692;0.2692;0.266;0.266;2990
20160128 102500;0.266;0.266;0.255;0.2557;21100
20160128 102600;0.2551;0.2551;0.255;0.255;1250
20160128 102900;0.26;0.26;0.255;0.2593;15800
20160128 103100;0.2587;0.2587;0.2551;0.2551;1550
20160128 103200;0.2649;0.2649;0.2649;0.2649;5000
20160128 103300;0.2551;0.2551;0.2551;0.2551;16000
20160128 103500;0.2555;0.2555;0.2555;0.2555;450
20160128 103700;0.2556;0.2556;0.2556;0.2556;100
20160128 103800;0.2557;0.2557;0.2555;0.2555;5896
20160128 104400;0.2601;0.2601;0.26;0.26;2910
20160128 104500;0.2649;0.265;0.2635;0.265;19169
20160128 104600;0.265;0.265;0.265;0.265;750
20160128 104700;0.26;0.265;0.26;0.265;2823
20160128 105000;0.2698;0.2699;0.2698;0.2699;2656
20160128 110300;0.2698;0.27;0.2698;0.27;5400
20160128 110700;0.27;0.27;0.2577;0.2577;2000
20160128 110900;0.27;0.27;0.27;0.27;6024
20160128 111200;0.2701;0.2701;0.2701;0.2701;4916
20160128 111400;0.2789;0.2797;0.2786;0.2797;11370
20160128 112300;0.27;0.27;0.27;0.27;172
20160128 112600;0.2701;0.2701;0.2701;0.2701;2900
20160128 113000;0.2796;0.2796;0.2796;0.2796;143
20160128 113700;0.275;0.275;0.275;0.275;850
20160128 114000;0.2798;0.2798;0.2798;0.2798;500
20160128 114100;0.2797;0.29;0.2753;0.2753;1152
20160128 114200;0.2751;0.2751;0.2751;0.2751;750
20160128 114600;0.275;0.2825;0.275;0.2825;20300
20160128 115500;0.2804;0.2804;0.2775;0.2775;1100
20160128 120600;0.2788;0.2788;0.2788;0.2788;100
20160128 121100;0.2799;0.2799;0.2799;0.2799;100
20160128 121400;0.2796;0.2799;0.2766;0.2795;5700
20160128 121600;0.2751;0.2751;0.2751;0.2751;3750
20160128 121800;0.2775;0.2775;0.276;0.276;400
20160128 122200;0.28;0.28;0.28;0.28;4400
20160128 122500;0.2815;0.2815;0.2815;0.2815;100
20160128 122800;0.2849;0.2849;0.2849;0.2849;2400
20160128 123000;0.2897;0.2978;0.2894;0.2939;24150
20160128 123100;0.3;0.3;0.3;0.3;100
20160128 123200;0.3;0.3003;0.3;0.3003;4000
20160128 123400;0.3024;0.3024;0.3017;0.3017;5300
20160128 123500;0.3015;0.31;0.3015;0.31;635
20160128 123800;0.3003;0.3003;0.28;0.2862;51134
20160128 123900;0.2833;0.2871;0.2803;0.2871;900
20160128 124000;0.2904;0.2904;0.2904;0.2904;100
20160128 124100;0.29;0.2901;0.2899;0.29;1600
20160128 124200;0.292;0.292;0.29;0.29;6100
20160128 124300;0.2976;0.2976;0.29;0.29;1350
20160128 124800;0.2901;0.2901;0.2895;0.2895;400
20160128 125300;0.2892;0.2892;0.2892;0.2892;100
20160128 125700;0.2872;0.2872;0.2872;0.2872;2000
20160128 130600;0.2981;0.2997;0.297;0.2997;33250
20160128 130900;0.2816;0.284;0.28;0.2806;21700
20160128 131200;0.2946;0.2946;0.2946;0.2946;256
20160128 132700;0.2811;0.2811;0.2811;0.2811;3000
20160128 133300;0.281;0.281;0.281;0.281;1960
20160128 133700;0.2801;0.2813;0.28;0.28;3921
20160128 134400;0.2801;0.2801;0.28;0.28;10000
20160128 135000;0.2801;0.2801;0.2801;0.2801;4586
20160128 140900;0.2886;0.2886;0.28;0.28;23046
20160128 141000;0.2801;0.2801;0.2801;0.2801;1300
20160128 141800;0.2863;0.2863;0.2863;0.2863;100
20160128 142800;0.2815;0.2815;0.2815;0.2815;2250
20160128 143300;0.28;0.2801;0.28;0.2801;16800
20160128 143400;0.28;0.28;0.28;0.28;1664
20160128 143500;0.2801;0.2801;0.2801;0.2801;100
20160128 143600;0.28;0.28;0.28;0.28;500
20160128 143700;0.28;0.28;0.28;0.28;100
20160128 144400;0.28;0.28;0.28;0.28;100
20160128 144500;0.28;0.28;0.28;0.28;100
20160128 144900;0.28;0.28;0.28;0.28;100
20160128 145000;0.2801;0.2801;0.28;0.28;3600
20160128 145100;0.28;0.2801;0.28;0.2801;1650
20160128 150100;0.28;0.28;0.28;0.28;600
20160128 150500;0.2801;0.2801;0.2801;0.2801;3600
20160128 150800;0.2801;0.2801;0.2801;0.2801;1400
20160128 151800;0.2839;0.2839;0.2839;0.2839;325
20160128 152200;0.2801;0.2801;0.2801;0.2801;500
20160128 152500;0.28;0.2801;0.28;0.2801;20206
20160128 152800;0.2801;0.2801;0.275;0.275;3100
20160128 153100;0.275;0.275;0.275;0.275;100
20160128 153500;0.275;0.275;0.275;0.275;200
20160128 153600;0.2751;0.2751;0.2751;0.2751;500
20160128 153800;0.275;0.2751;0.275;0.2751;10900
20160128 154500;0.2752;0.2752;0.2752;0.2752;325
20160128 155400;0.2812;0.2812;0.2812;0.2812;3000
20160128 155700;0.2835;0.2835;0.2835;0.2835;300
20160128 155800;0.2831;0.2831;0.2791;0.2829;2000
20160128 155900;0.282;0.2844;0.2752;0.2752;4286
20160128 160000;0.2846;0.285;0.2846;0.285;3932
20160128 183500;0.32;0.32;0.32;0.32;1500
20160128 192700;0.2513;0.2513;0.2513;0.2513;1000
20160129 093100;0.2649;0.2649;0.26;0.26;735
20160129 093200;0.2601;0.2602;0.2601;0.2602;722
20160129 093300;0.2649;0.2649;0.2649;0.2649;278
20160129 093800;0.2691;0.2691;0.2691;0.2691;10000
20160129 093900;0.267;0.267;0.265;0.2651;3100
20160129 094400;0.2651;0.2651;0.265;0.265;4220
20160129 094600;0.2699;0.28;0.2699;0.2785;10800
20160129 095200;0.2793;0.2793;0.2793;0.2793;3689
20160129 095900;0.2799;0.2799;0.2799;0.2799;5000
20160129 100100;0.28;0.28;0.28;0.28;5000
20160129 100400;0.28;0.28;0.28;0.28;1353
20160129 100500;0.28;0.28;0.28;0.28;328
20160129 100600;0.28;0.28;0.28;0.28;280
20160129 100700;0.28;0.28;0.28;0.28;1181
20160129 100800;0.28;0.28;0.28;0.28;10200
20160129 101000;0.2806;0.2806;0.2806;0.2806;2000
20160129 101200;0.2849;0.2849;0.2849;0.2849;500
20160129 101700;0.285;0.285;0.2821;0.2821;2650
20160129 102900;0.285;0.285;0.285;0.285;200
20160129 105100;0.2813;0.2813;0.2813;0.2813;600
20160129 105400;0.2816;0.2816;0.2816;0.2816;800
20160129 105500;0.2833;0.2833;0.2816;0.2816;700
20160129 105700;0.2815;0.285;0.2813;0.2815;20629
20160129 105800;0.2801;0.2822;0.2797;0.28;2346
20160129 110000;0.2797;0.2797;0.2797;0.2797;8154
20160129 110100;0.2847;0.285;0.2847;0.285;1000
20160129 110200;0.285;0.285;0.2797;0.2797;4000
20160129 111600;0.285;0.285;0.285;0.285;5800
20160129 113400;0.2811;0.2811;0.2811;0.2811;140
20160129 113800;0.2849;0.2849;0.2846;0.2849;1378
20160129 114300;0.2829;0.2829;0.2811;0.2811;200
20160129 120100;0.281;0.281;0.275;0.275;35000
20160129 120600;0.2809;0.2809;0.2809;0.2809;329
20160129 120800;0.2729;0.2729;0.2729;0.2729;2000
20160129 121400;0.273;0.273;0.273;0.273;850
20160129 121500;0.2794;0.2799;0.2794;0.2799;10000
20160129 121900;0.279;0.2791;0.279;0.2791;15000
20160129 122300;0.2765;0.2765;0.2765;0.2765;500
20160129 122500;0.2765;0.2765;0.2755;0.2755;15500
20160129 122600;0.2701;0.2701;0.2701;0.2701;200
20160129 125200;0.2702;0.2702;0.2702;0.2702;500
20160129 125300;0.2728;0.2728;0.2702;0.2703;7000
20160129 125700;0.2703;0.2703;0.2703;0.2703;2000
20160129 130000;0.2703;0.2703;0.2703;0.2703;100
20160129 130100;0.2702;0.2702;0.27;0.27;4876
20160129 130500;0.2701;0.2701;0.2701;0.2701;1900
20160129 130700;0.2701;0.2701;0.2701;0.2701;200
20160129 131100;0.2701;0.2701;0.2701;0.2701;100
20160129 132100;0.2728;0.2728;0.22;0.22;28352
20160129 132200;0.221;0.25;0.221;0.232;13598
20160129 132300;0.2498;0.25;0.2498;0.25;401
20160129 132400;0.2398;0.24;0.2398;0.24;1844
20160129 132600;0.25;0.25;0.245;0.25;1600
20160129 132800;0.25;0.25;0.25;0.25;100
20160129 133100;0.2499;0.2499;0.2499;0.2499;200
20160129 133300;0.24;0.246;0.24;0.246;7431
20160129 133400;0.2499;0.2499;0.2499;0.2499;100
20160129 134000;0.25;0.25;0.25;0.25;3989
20160129 134500;0.25;0.25;0.25;0.25;1100
20160129 134700;0.25;0.2551;0.25;0.2551;600
20160129 134800;0.2502;0.2502;0.2502;0.2502;400
20160129 141900;0.2552;0.2552;0.2552;0.2552;100
20160129 142400;0.2548;0.2552;0.2548;0.2552;2000
20160129 142600;0.2552;0.2552;0.2551;0.2551;893
20160129 142900;0.2552;0.2552;0.2552;0.2552;100
20160129 143000;0.2501;0.2552;0.2501;0.2552;2300
20160129 143200;0.2552;0.2552;0.2552;0.2552;1100
20160129 145000;0.258;0.258;0.2552;0.2552;700
20160129 150500;0.2599;0.2599;0.2598;0.2598;1000
20160129 151000;0.2553;0.2553;0.2553;0.2553;200
20160129 151500;0.2554;0.26;0.2554;0.26;320
20160129 151600;0.2554;0.2598;0.2554;0.2598;2456
20160129 153300;0.26;0.26;0.26;0.26;200
20160129 155000;0.2553;0.2553;0.2553;0.2553;1540
20160129 155200;0.2553;0.2553;0.2553;0.2553;500
20160129 155300;0.2552;0.2552;0.2552;0.2552;1000
20160129 155400;0.2552;0.2552;0.2552;0.2552;400
20160129 160000;0.2525;0.2551;0.24;0.2551;6241
20160129 161200;0.2528;0.2528;0.2528;0.2528;3576
20160201 093600;0.21;0.21;0.1901;0.2;36177
20160201 093700;0.2;0.2;0.2;0.2;35000
20160201 093800;0.2444;0.2444;0.2444;0.2444;100
20160201 093900;0.2288;0.2475;0.2288;0.2475;200
20160201 095000;0.21;0.21;0.21;0.21;435
20160201 100100;0.2444;0.2444;0.2444;0.2444;100
20160201 100400;0.22;0.2302;0.22;0.2302;1900
20160201 101200;0.24;0.24;0.24;0.24;100
20160201 103000;0.2201;0.2201;0.2201;0.2201;795
20160201 103900;0.2312;0.2312;0.2312;0.2312;173
20160201 104100;0.2312;0.2312;0.2312;0.2312;7000
20160201 104300;0.2346;0.2346;0.2346;0.2346;2000
20160201 105500;0.2312;0.2345;0.2312;0.2345;6000
20160201 110100;0.2311;0.2311;0.2311;0.2311;100
20160201 111000;0.231;0.231;0.224;0.224;900
20160201 111700;0.2201;0.2201;0.2201;0.2201;5000
20160201 111900;0.2201;0.2201;0.2201;0.2201;5000
20160201 112000;0.2201;0.2201;0.2201;0.2201;4600
20160201 112500;0.2201;0.2201;0.2201;0.2201;200
20160201 112600;0.2255;0.2311;0.2255;0.2311;1700
20160201 113100;0.2313;0.2313;0.23;0.2301;10000
20160201 113200;0.2302;0.2302;0.2302;0.2302;975
20160201 121100;0.2449;0.2449;0.2377;0.2377;10000
20160201 121700;0.235;0.235;0.235;0.235;7650
20160201 122000;0.2357;0.245;0.2357;0.2403;5673
20160201 122200;0.245;0.245;0.245;0.245;5000
20160201 122300;0.24;0.24;0.24;0.24;1668
20160201 122500;0.2401;0.2401;0.2401;0.2401;11000
20160201 122600;0.245;0.245;0.245;0.245;1500
20160201 123200;0.2402;0.2402;0.2402;0.2402;500
20160201 125900;0.2403;0.2403;0.2403;0.2403;1100
20160201 130300;0.2403;0.2403;0.2403;0.2403;2500
20160201 131100;0.2402;0.2402;0.24;0.24;10400
20160201 131200;0.2402;0.2402;0.2401;0.2402;2097
20160201 131700;0.2402;0.2402;0.2402;0.2402;9974
20160201 132600;0.2401;0.2401;0.2401;0.2401;100
20160201 132900;0.2401;0.2402;0.2401;0.2402;600
20160201 133200;0.2401;0.2401;0.2401;0.2401;1731
20160201 133400;0.2401;0.2401;0.2401;0.2401;109
20160201 134400;0.24;0.2401;0.24;0.24;1532
20160201 141300;0.2357;0.2357;0.2357;0.2357;113
20160201 142700;0.2357;0.2371;0.2357;0.2371;850
20160201 144800;0.2449;0.2449;0.2449;0.2449;174
20160201 152200;0.2356;0.2356;0.2356;0.2356;4485
20160201 152300;0.2357;0.2357;0.2357;0.2357;300
20160201 152600;0.2357;0.2357;0.2357;0.2357;200
20160201 152700;0.2357;0.2357;0.2357;0.2357;100
20160201 153700;0.2357;0.2357;0.235;0.2357;5500
20160201 155100;0.2355;0.2355;0.2355;0.2355;1520
20160201 155500;0.2378;0.2378;0.235;0.235;19500
20160201 155600;0.2351;0.2351;0.2351;0.2351;300
20160201 155900;0.235;0.235;0.235;0.235;300
20160202 093400;0.235;0.235;0.235;0.235;1000
20160202 093800;0.235;0.235;0.235;0.235;2600
20160202 093900;0.2398;0.2398;0.22;0.22;1021
20160202 094100;0.2201;0.2201;0.2201;0.2201;915
20160202 094700;0.2367;0.2367;0.2367;0.2367;5000
20160202 111800;0.2396;0.2396;0.2396;0.2396;100
20160202 113100;0.2398;0.2398;0.2398;0.2398;217
20160202 113200;0.2299;0.2299;0.22;0.2298;1000
20160202 113300;0.2397;0.2397;0.2397;0.2397;100
20160202 120200;0.2397;0.2397;0.2397;0.2397;200
20160202 120300;0.2396;0.2396;0.2305;0.2305;1100
20160202 121100;0.22;0.2223;0.22;0.2223;10100
20160202 121500;0.2351;0.2397;0.2351;0.2397;10833
20160202 121800;0.2276;0.2276;0.22;0.22;200
20160202 121900;0.22;0.22;0.22;0.22;10000
20160202 122300;0.2201;0.2201;0.2201;0.2201;100
20160202 123500;0.22;0.22;0.211;0.211;15284
20160202 124000;0.2118;0.2118;0.2118;0.2118;300
20160202 124400;0.2244;0.2244;0.2244;0.2244;200
20160202 132300;0.2126;0.2126;0.2126;0.2126;6000
20160202 133400;0.2343;0.2343;0.2133;0.2133;200
20160202 133800;0.2158;0.2158;0.2158;0.2158;100
20160202 134000;0.2323;0.2323;0.2323;0.2323;100
20160202 134500;0.2328;0.2328;0.2328;0.2328;100
20160202 135900;0.2121;0.2121;0.2121;0.2121;100
20160202 140900;0.2112;0.2112;0.2112;0.2112;800
20160202 141200;0.2112;0.2112;0.211;0.211;300
20160202 141900;0.21;0.2104;0.21;0.2104;700
20160202 142200;0.215;0.215;0.215;0.215;200
20160202 144300;0.215;0.215;0.2101;0.2101;7500
20160202 144600;0.2129;0.2129;0.2129;0.2129;190
20160202 144700;0.2103;0.2103;0.2103;0.2103;800
20160202 151400;0.2111;0.2111;0.2111;0.2111;2000
20160202 152300;0.2111;0.2111;0.2111;0.2111;1875
20160202 153200;0.2111;0.2111;0.2111;0.2111;200
20160202 154200;0.2112;0.2112;0.2112;0.2112;1501
20160202 154600;0.2111;0.2126;0.2111;0.2125;3600
20160202 155600;0.2111;0.2111;0.2111;0.2111;1000
20160202 155900;0.2111;0.2111;0.2111;0.2111;100
20160202 160000;0.2111;0.2111;0.2111;0.2111;200
20160203 075500;0.2377;0.2377;0.2377;0.2377;500
20160203 093100;0.2362;0.2362;0.2362;0.2362;400
20160203 093200;0.2375;0.2499;0.2375;0.2499;23000
20160203 093300;0.2469;0.2499;0.2469;0.2499;13150
20160203 093400;0.2499;0.27;0.2499;0.27;29912
20160203 093500;0.26;0.27;0.25;0.25;20381
20160203 093600;0.2499;0.2499;0.2499;0.2499;100
20160203 093700;0.25;0.25;0.2485;0.2485;29006
20160203 093900;0.2337;0.2399;0.2337;0.2399;5200
20160203 094100;0.2399;0.2399;0.2399;0.2399;6386
20160203 094200;0.24;0.24;0.24;0.24;200
20160203 094600;0.2399;0.2399;0.2399;0.2399;5333
20160203 094700;0.2352;0.2352;0.2352;0.2352;100
20160203 094900;0.2332;0.2332;0.2299;0.23;20317
20160203 095000;0.2368;0.2368;0.2368;0.2368;800
20160203 095100;0.2369;0.2369;0.2362;0.2362;1108
20160203 095200;0.2354;0.2369;0.2354;0.2369;2100
20160203 095400;0.23;0.23;0.23;0.23;4383
20160203 100400;0.2299;0.2299;0.2299;0.2299;500
20160203 100500;0.2251;0.2251;0.2251;0.2251;5700
20160203 100700;0.232;0.232;0.232;0.232;2500
20160203 101300;0.225;0.225;0.225;0.225;833
20160203 101700;0.225;0.2311;0.225;0.2311;2900
20160203 101900;0.2299;0.2309;0.2299;0.2299;357
20160203 102700;0.2298;0.2488;0.2217;0.2217;18600
20160203 103000;0.2339;0.2461;0.2339;0.2461;2000
20160203 103200;0.2339;0.2461;0.2217;0.2217;10300
20160203 103400;0.2317;0.2317;0.22;0.22;340
20160203 103500;0.2317;0.2317;0.2317;0.2317;100
20160203 104300;0.2201;0.2201;0.2201;0.2201;10400
20160203 104600;0.2211;0.2211;0.2211;0.2211;233
20160203 105700;0.2212;0.2212;0.2212;0.2212;1000
20160203 111700;0.2332;0.2332;0.2332;0.2332;100
20160203 113200;0.2301;0.2301;0.23;0.23;4400
20160203 113300;0.2489;0.2489;0.2489;0.2489;1500
20160203 113400;0.23;0.23;0.23;0.23;100
20160203 113600;0.2301;0.2301;0.2301;0.2301;441
20160203 113900;0.2301;0.2301;0.2301;0.2301;100
20160203 114600;0.2301;0.2306;0.2301;0.2301;3500
20160203 114700;0.2301;0.2302;0.2301;0.2302;1300
20160203 115000;0.2302;0.2302;0.2302;0.2302;7000
20160203 115200;0.2305;0.2305;0.2305;0.2305;800
20160203 115300;0.2302;0.2311;0.2302;0.2311;3800
20160203 115500;0.2308;0.2308;0.2303;0.2303;400
20160203 115700;0.2306;0.2306;0.2306;0.2306;200
20160203 120600;0.2303;0.2303;0.2302;0.2302;12111
20160203 120700;0.2299;0.2299;0.223;0.223;22500
20160203 122600;0.2299;0.2302;0.2299;0.2302;200
20160203 125700;0.2232;0.2232;0.2232;0.2232;10000
20160203 130800;0.2233;0.2233;0.2233;0.2233;100
20160203 131500;0.2245;0.2295;0.2245;0.2294;2800
20160203 132100;0.2294;0.2294;0.2294;0.2294;100
20160203 132200;0.2295;0.2302;0.2295;0.2299;4200
20160203 132300;0.2299;0.2301;0.2299;0.2301;5800
20160203 133500;0.2299;0.2299;0.2299;0.2299;2000
20160203 135200;0.2282;0.2282;0.2282;0.2282;1500
20160203 140300;0.2299;0.2299;0.2299;0.2299;100
20160203 142200;0.228;0.228;0.228;0.228;170
20160203 143100;0.226;0.226;0.224;0.224;6000
20160203 143600;0.2286;0.2286;0.2286;0.2286;2500
20160203 143800;0.23;0.23;0.23;0.23;200
20160203 144800;0.23;0.23;0.23;0.23;100
20160203 150400;0.2287;0.23;0.2287;0.2299;10000
20160203 151400;0.225;0.225;0.225;0.225;200
20160203 151500;0.23;0.23;0.23;0.23;100
20160203 151800;0.2296;0.2296;0.2296;0.2296;2273
20160203 154600;0.2283;0.2283;0.2283;0.2283;100
20160203 155300;0.2261;0.2261;0.2261;0.2261;2150
20160203 155600;0.2251;0.2251;0.225;0.225;13175
20160203 155700;0.225;0.2251;0.225;0.2251;10000
20160203 162900;0.24;0.26;0.24;0.26;600
20160203 173400;0.26;0.26;0.26;0.26;400
20160203 185400;0.2011;0.2011;0.2011;0.2011;1900
20160204 093800;0.243;0.243;0.243;0.243;2000
20160204 093900;0.243;0.2489;0.243;0.2489;3000
20160204 094300;0.2488;0.2488;0.2488;0.2488;5100
20160204 094700;0.2487;0.2487;0.2487;0.2487;100
20160204 095500;0.2487;0.2487;0.2487;0.2487;100
20160204 100000;0.2433;0.2433;0.2433;0.2433;100
20160204 100400;0.24;0.24;0.24;0.24;1480
20160204 100500;0.24;0.24;0.24;0.24;200
20160204 100900;0.239;0.239;0.23;0.23;14100
20160204 101200;0.2374;0.2374;0.2374;0.2374;100
20160204 101800;0.2374;0.2374;0.2374;0.2374;100
20160204 102100;0.2361;0.2361;0.2361;0.2361;1545
20160204 102900;0.235;0.235;0.235;0.235;100
20160204 103400;0.2309;0.234;0.2309;0.234;1700
20160204 103500;0.234;0.234;0.234;0.234;254
20160204 103600;0.234;0.2349;0.234;0.2349;300
20160204 103700;0.2342;0.2342;0.234;0.234;400
20160204 103800;0.234;0.234;0.234;0.234;200
20160204 104000;0.234;0.234;0.234;0.234;500
20160204 104100;0.234;0.234;0.234;0.234;200
20160204 104400;0.234;0.234;0.234;0.234;100
20160204 104600;0.234;0.234;0.234;0.234;100
20160204 104900;0.2343;0.2343;0.2343;0.2343;100
20160204 105000;0.234;0.234;0.234;0.234;5180
20160204 105100;0.2345;0.235;0.2342;0.2342;7400
20160204 105800;0.2342;0.2342;0.234;0.234;1100
20160204 105900;0.2343;0.2343;0.2343;0.2343;100
20160204 110100;0.2344;0.2344;0.2344;0.2344;100
20160204 110600;0.234;0.234;0.234;0.234;400
20160204 110700;0.234;0.234;0.234;0.234;500
20160204 110900;0.2344;0.2344;0.2344;0.2344;100
20160204 111800;0.2319;0.2319;0.2319;0.2319;100
20160204 112300;0.2299;0.2299;0.2299;0.2299;700
20160204 112600;0.2299;0.2299;0.2299;0.2299;1000
20160204 112700;0.2299;0.2299;0.2299;0.2299;1100
20160204 113300;0.2284;0.2284;0.2284;0.2284;100
20160204 113400;0.225;0.225;0.225;0.225;200
20160204 113500;0.2251;0.2251;0.2251;0.2251;100
20160204 113800;0.2299;0.2299;0.2299;0.2299;100
20160204 114600;0.2299;0.2299;0.2299;0.2299;200
20160204 115000;0.2299;0.23;0.2299;0.23;10000
20160204 115400;0.2299;0.2299;0.2299;0.2299;100
20160204 115700;0.2298;0.2298;0.2298;0.2298;1730
20160204 121400;0.2299;0.2299;0.2299;0.2299;100
20160204 121500;0.2299;0.2299;0.2299;0.2299;200
20160204 122400;0.2299;0.2299;0.2299;0.2299;9300
20160204 123800;0.235;0.235;0.2348;0.2348;3100
20160204 123900;0.2348;0.2348;0.2348;0.2348;800
20160204 124000;0.2349;0.2349;0.2349;0.2349;800
20160204 124100;0.2349;0.2349;0.2349;0.2349;800
20160204 124200;0.2349;0.2349;0.2349;0.2349;800
20160204 124600;0.2349;0.2349;0.2349;0.2349;100
20160204 125800;0.2348;0.2348;0.2348;0.2348;100
20160204 130300;0.235;0.235;0.235;0.235;300
20160204 131000;0.2349;0.2349;0.2349;0.2349;100
20160204 132200;0.2349;0.2349;0.2349;0.2349;100
20160204 133400;0.2349;0.2349;0.2349;0.2349;100
20160204 134500;0.2349;0.2349;0.2349;0.2349;100
20160204 135500;0.2349;0.2349;0.2349;0.2349;20100
20160204 140100;0.2346;0.2346;0.2346;0.2346;330
20160204 140500;0.2349;0.2349;0.2349;0.2349;100
20160204 140600;0.2316;0.2316;0.2316;0.2316;300
20160204 143800;0.2349;0.2349;0.2349;0.2349;100
20160204 144100;0.2333;0.2333;0.2333;0.2333;200
20160204 145000;0.2317;0.2317;0.2317;0.2317;100
20160204 150000;0.2326;0.2326;0.2326;0.2326;100
20160204 150600;0.2324;0.2324;0.2324;0.2324;100
20160204 151800;0.2338;0.2338;0.2316;0.2316;300
20160204 153200;0.2327;0.2327;0.2327;0.2327;100
20160204 153400;0.2322;0.2322;0.2322;0.2322;100
20160204 154100;0.2315;0.2317;0.2315;0.2317;200
20160204 154500;0.23;0.23;0.23;0.23;600
20160204 154700;0.225;0.225;0.225;0.225;3700
20160204 155000;0.2241;0.2241;0.2241;0.2241;100
20160204 155200;0.2241;0.2241;0.2241;0.2241;200
20160204 155300;0.2248;0.2248;0.2248;0.2248;2000
20160204 155400;0.2241;0.2241;0.2241;0.2241;100
20160204 155600;0.2201;0.2201;0.2201;0.2201;1700
20160204 155800;0.2248;0.2248;0.2248;0.2248;100
20160204 155900;0.225;0.225;0.2235;0.2235;2700
20160204 160000;0.2249;0.2249;0.2249;0.2249;100
20160205 094600;0.22;0.22;0.22;0.22;1553
20160205 094900;0.2001;0.2001;0.2001;0.2001;800
20160205 100400;0.2101;0.2101;0.2101;0.2101;1247
20160205 100700;0.225;0.225;0.225;0.225;200
20160205 105500;0.225;0.225;0.225;0.225;100
20160205 112000;0.21;0.21;0.2099;0.2099;4100
20160205 112100;0.2063;0.2063;0.2063;0.2063;3930
20160205 112400;0.2099;0.2099;0.2099;0.2099;1500
20160205 120400;0.2098;0.225;0.2098;0.225;2700
20160205 120700;0.225;0.23;0.225;0.23;17100
20160205 121400;0.2225;0.2225;0.2225;0.2225;600
20160205 121900;0.2447;0.2447;0.2447;0.2447;2500
20160205 122000;0.245;0.245;0.245;0.245;13000
20160205 122700;0.245;0.245;0.245;0.245;8000
20160205 124000;0.23;0.23;0.2251;0.2251;15400
20160205 124200;0.2251;0.2251;0.2251;0.2251;600
20160205 124400;0.232;0.232;0.232;0.232;200
20160205 125500;0.232;0.232;0.232;0.232;200
20160205 131100;0.2221;0.2221;0.22;0.22;1350
20160205 133700;0.232;0.232;0.232;0.232;100
20160205 135000;0.23;0.23;0.23;0.23;700
20160205 135200;0.23;0.23;0.23;0.23;100
20160205 135800;0.23;0.23;0.23;0.23;998
20160205 140100;0.23;0.23;0.23;0.23;3800
20160205 144400;0.232;0.232;0.232;0.232;100
20160205 144600;0.232;0.232;0.232;0.232;100
20160205 145200;0.232;0.232;0.232;0.232;100
20160205 153800;0.2201;0.2201;0.2201;0.2201;800
20160205 154000;0.2301;0.2301;0.2301;0.2301;100
20160205 154100;0.2301;0.2301;0.2301;0.2301;100
20160205 154400;0.2301;0.2301;0.2301;0.2301;100
20160205 154800;0.2201;0.2201;0.2201;0.2201;500
20160205 154900;0.23;0.23;0.23;0.23;300
20160205 155000;0.2301;0.2301;0.22;0.22;3500
20160205 155100;0.22;0.22;0.22;0.22;940
20160205 155800;0.2197;0.2197;0.2197;0.2197;300
20160205 160000;0.2201;0.2201;0.2201;0.2201;100
