20160119 094600;1.7501;1.7501;1.7501;1.7501;1000
20160119 100900;1.814;1.814;1.814;1.814;1300
20160119 112100;1.8359;1.8359;1.8359;1.8359;261
20160119 140700;1.8;1.8;1.7;1.7;2500
20160119 141300;1.7124;1.7124;1.7124;1.7124;1000
20160119 143400;1.75;1.75;1.75;1.75;200
20160119 145300;1.7;1.7;1.7;1.7;100
20160119 151000;1.74;1.75;1.74;1.7495;2800
20160119 151800;1.7;1.7;1.7;1.7;100
20160119 155800;1.71;1.71;1.7;1.7;2200
20160119 160000;1.66;1.66;1.66;1.66;100
20160120 102500;1.71;1.7914;1.7;1.7914;1600
20160120 102600;1.7;1.7;1.7;1.7;800
20160120 102900;1.65;1.65;1.65;1.65;1100
20160120 103100;1.6;1.6;1.6;1.6;2000
20160120 103600;1.6;1.6;1.6;1.6;2000
20160120 114400;1.56;1.6;1.51;1.6;3820
20160120 114800;1.54;1.54;1.54;1.54;200
20160120 120900;1.725;1.725;1.725;1.725;100
20160120 160000;1.7;1.7;1.7;1.7;100
20160122 093000;1.63;1.63;1.63;1.63;2
20160122 111500;1.694;1.694;1.694;1.694;500
20160122 114700;1.6899;1.6899;1.6899;1.6899;500
20160122 120900;1.55;1.55;1.55;1.55;100
20160122 130100;1.73;1.73;1.669;1.669;2500
20160122 132100;1.6775;1.6775;1.6755;1.6755;500
20160122 160000;1.65;1.65;1.65;1.65;100
20160125 112000;1.68;1.68;1.68;1.68;241
20160125 123800;1.58;1.58;1.58;1.58;300
20160125 124100;1.66;1.66;1.66;1.66;100
20160125 154600;1.7663;1.7663;1.68;1.68;1100
20160125 160000;1.62;1.62;1.62;1.62;100
20160126 150100;1.9;1.9;1.86;1.86;400
20160126 150200;1.84;1.84;1.84;1.84;200
20160126 150300;1.67;1.67;1.67;1.67;100
20160126 150400;1.69;1.7;1.69;1.7;500
20160126 150500;1.82;1.82;1.82;1.82;100
20160126 150600;1.81;1.81;1.81;1.81;100
20160126 150700;1.86;1.86;1.86;1.86;100
20160126 150800;1.8;1.8;1.8;1.8;400
20160126 150900;1.68;1.74;1.68;1.74;600
20160126 151000;1.82;1.82;1.82;1.82;391
20160126 151200;1.79;1.79;1.7801;1.7801;200
20160126 151300;1.85;1.85;1.85;1.85;199
20160126 151400;1.8;1.8;1.8;1.8;100
20160126 151600;1.69;1.69;1.69;1.69;100
20160126 151700;1.72;1.72;1.72;1.72;100
20160126 151800;1.78;1.78;1.78;1.78;247
20160127 101800;1.91;1.91;1.9001;1.9001;200
20160127 101900;1.87;1.87;1.87;1.87;100
20160127 102100;1.6495;1.66;1.6495;1.66;1200
20160127 102200;1.71;1.7299;1.71;1.7299;300
20160127 110200;1.6256;1.6256;1.6256;1.6256;600
20160127 111600;1.7;1.7;1.7;1.7;400
20160127 120600;1.65;1.65;1.65;1.65;100
20160127 123700;1.7345;1.7345;1.7345;1.7345;1030
20160127 124800;1.68;1.68;1.65;1.6536;1200
20160127 134800;1.9699;1.9699;1.9699;1.9699;250
20160127 140400;1.7448;1.7448;1.7448;1.7448;1030
20160127 144200;1.7709;1.7709;1.7709;1.7709;186
20160128 113500;1.92;1.92;1.9101;1.9101;200
20160128 113800;1.8;1.83;1.8;1.83;800
20160128 113900;1.9;1.9;1.87;1.87;400
20160128 114000;1.89;1.89;1.89;1.89;200
20160128 114300;1.79;1.79;1.78;1.78;300
20160128 114500;1.7;1.7;1.69;1.69;700
20160128 154400;1.66;1.66;1.6417;1.6417;1101
20160128 155900;1.63;1.63;1.63;1.63;100
20160129 093500;1.9999;1.9999;1.9999;1.9999;493
20160129 093800;1.9625;1.975;1.9625;1.975;2000
20160129 094000;1.9999;1.9999;1.9999;1.9999;175
20160129 094100;1.9748;1.9748;1.9748;1.9748;1000
20160129 100500;1.99;1.99;1.99;1.99;300
20160129 101800;1.9199;1.9199;1.9199;1.9199;150
20160129 102700;1.875;1.875;1.875;1.875;100
20160129 105000;1.88;1.88;1.88;1.88;600
20160129 120500;1.881;1.881;1.881;1.881;200
20160129 141100;1.88;1.88;1.88;1.88;100
20160129 142700;1.8784;1.8784;1.8784;1.8784;100
20160129 151600;1.87;1.87;1.87;1.87;800
20160129 154000;1.91;1.91;1.905;1.9089;1000
20160129 154100;1.905;1.91;1.9;1.91;1413
20160129 154200;1.905;1.905;1.905;1.905;100
20160129 155400;1.9086;1.9086;1.9086;1.9086;279
20160129 155600;1.954;1.954;1.954;1.954;100
20160129 155800;1.954;1.954;1.954;1.954;100
20160129 155900;1.954;1.954;1.954;1.954;200
20160129 160000;1.954;1.954;1.88;1.88;272
20160201 104000;1.9;1.9;1.9;1.9;100
20160201 111800;2.1368;2.1368;2.1368;2.1368;147
20160201 115900;2.0595;2.0595;2.0595;2.0595;147
20160201 120400;1.95;1.95;1.95;1.95;100
20160201 141500;2.0431;2.0431;2.0431;2.0431;100
20160201 143600;2.08;2.08;2.08;2.08;3322
20160201 155600;2.11;2.11;2.11;2.11;200
20160202 112400;1.958;1.958;1.958;1.958;150
20160202 114900;1.96;2.105;1.9301;1.9301;1500
20160202 122000;2.05;2.05;2.05;2.05;100
20160202 132000;1.99;2;1.99;2;600
20160202 135800;2;2;1.9989;1.9989;200
20160202 135900;2;2;2;2;400
20160202 140000;2;2;2;2;1583
20160202 140100;2;2;2;2;1000
20160202 140200;2;2.01;2;2;900
20160202 140300;2;2;2;2;600
20160203 093400;2;2;2;2;100
20160203 101200;2.01;2.01;2.01;2.01;200
20160203 102700;2.14;2.14;2.14;2.14;455
20160203 114200;2.0698;2.0698;2.0698;2.0698;1000
20160203 124500;2.05;2.053;2.05;2.053;700
20160203 124800;2.05;2.06;2.042;2.042;2363
20160203 144800;2.09;2.09;2.09;2.09;200
20160203 151000;2.01;2.02;2.01;2.02;500
20160203 153700;2.0254;2.0254;2.0254;2.0254;300
20160204 101800;2.05;2.05;2.05;2.05;1700
20160204 101900;2.05;2.05;2.05;2.05;100
20160204 102500;2.03;2.03;2.03;2.03;740
20160204 115100;2;2;2;2;470
20160204 115200;1.932;1.932;1.9253;1.9253;2530
20160204 150600;1.98;1.98;1.93;1.93;1181
20160204 160000;1.92;1.92;1.92;1.92;100
20160205 113100;2.0974;2.0974;2.0974;2.0974;100
20160205 131200;2.001;2.001;2.001;2.001;250
20160205 145900;2.01;2.02;2.01;2.02;400
20160205 150000;2.02;2.02;2.01;2.01;737
20160205 150100;2.01;2.01;2.01;2.01;400
20160205 150200;2.01;2.02;2.01;2.02;314
20160205 150300;2.03;2.03;2.03;2.03;1000
20160205 152900;2;2;2;2;100
20160205 153500;2.0299;2.0299;2.0299;2.0299;500
20160205 155800;2.01;2.02;2.01;2.02;800
20160205 155900;2.02;2.03;2.02;2.03;818
20160205 160000;2.04;2.04;2.04;2.04;164
