20160119 093600;11.34;11.34;11.34;11.34;200
20160119 093700;11.34;11.34;11.34;11.34;300
20160119 093800;11.43;11.43;11.43;11.43;100
20160119 101300;11.26;11.26;11.26;11.26;100
20160119 103000;11.41;11.41;11.41;11.41;300
20160119 103700;11.4;11.4;11.4;11.4;200
20160119 104000;11.4;11.4;11.35;11.39;500
20160119 104100;11.36;11.39;11.36;11.39;500
20160119 104500;11.4;11.4;11.4;11.4;100
20160119 104800;11.36;11.36;11.36;11.36;100
20160119 104900;11.35;11.4;11.35;11.39;300
20160119 105000;11.4;11.4;11.4;11.4;200
20160119 105200;11.4;11.4;11.4;11.4;100
20160119 105400;11.375;11.375;11.375;11.375;100
20160119 105600;11.375;11.4;11.375;11.4;500
20160119 105700;11.38;11.38;11.38;11.38;100
20160119 110100;11.4;11.4;11.4;11.4;100
20160119 110400;11.36;11.4;11.36;11.4;600
20160119 110500;11.4;11.4;11.375;11.375;200
20160119 110600;11.35;11.36;11.35;11.36;400
20160119 110700;11.35;11.35;11.35;11.35;100
20160119 111000;11.38;11.38;11.38;11.38;100
20160119 111300;11.375;11.375;11.35;11.35;400
20160119 111600;11.35;11.35;11.35;11.35;200
20160119 111800;11.35;11.35;11.34;11.34;300
20160119 111900;11.35;11.35;11.35;11.35;200
20160119 112000;11.35;11.35;11.33;11.35;700
20160119 112100;11.35;11.35;11.35;11.35;400
20160119 112200;11.32;11.38;11.32;11.38;300
20160119 112300;11.31;11.31;11.31;11.31;100
20160119 112500;11.27;11.37;11.27;11.37;200
20160119 112600;11.31;11.31;11.31;11.31;200
20160119 112800;11.26;11.26;11.26;11.26;100
20160119 113000;11.35;11.35;11.35;11.35;100
20160119 113200;11.27;11.27;11.27;11.27;100
20160119 113400;11.34;11.34;11.34;11.34;100
20160119 113700;11.23;11.23;11.23;11.23;100
20160119 113900;11.3;11.3;11.3;11.3;100
20160119 114300;11.23;11.3;11.23;11.3;200
20160119 114600;11.2;11.2;11.2;11.2;100
20160119 114800;11.29;11.29;11.22;11.22;200
20160119 115100;11.19;11.19;11.19;11.19;400
20160119 115200;11.23;11.23;11.23;11.23;100
20160119 115700;11.21;11.21;11.21;11.21;100
20160119 115800;11.19;11.19;11.19;11.19;200
20160119 120100;11.18;11.18;11.12;11.12;300
20160119 120500;11.04;11.04;11.04;11.04;100
20160119 120600;11.09;11.09;11.09;11.09;100
20160119 120800;11.07;11.07;11.07;11.07;100
20160119 121000;11.07;11.07;11.03;11.03;200
20160119 121100;10.95;10.95;10.95;10.95;100
20160119 121800;10.87;10.87;10.87;10.87;300
20160119 122700;10.82;10.8201;10.82;10.8201;1300
20160119 123400;10.88;10.88;10.88;10.88;100
20160119 125200;10.86;10.86;10.86;10.86;200
20160119 131400;10.86;10.86;10.86;10.86;100
20160119 132100;10.86;10.86;10.86;10.86;100
20160119 132400;10.85;10.85;10.85;10.85;200
20160119 132600;10.84;10.84;10.84;10.84;100
20160119 132700;10.84;10.88;10.84;10.88;300
20160119 133000;10.84;10.86;10.82;10.86;1600
20160119 133200;10.85;10.85;10.83;10.84;400
20160119 133300;10.87;10.87;10.87;10.87;100
20160119 133700;10.78;10.78;10.78;10.78;100
20160119 133800;10.78;10.78;10.78;10.78;100
20160119 134600;10.76;10.79;10.76;10.76;500
20160119 134800;10.8;10.84;10.8;10.84;2000
20160119 134900;10.85;10.85;10.84;10.84;200
20160119 135000;10.85;10.85;10.8;10.82;300
20160119 135100;10.81;10.83;10.81;10.83;200
20160119 135200;10.81;10.81;10.81;10.81;300
20160119 135300;10.82;10.9;10.82;10.85;1300
20160119 135400;10.81;10.85;10.81;10.85;400
20160119 135700;10.8;10.85;10.8;10.85;600
20160119 135800;10.85;10.86;10.83;10.85;1200
20160119 135900;10.8301;10.84;10.82;10.82;400
20160119 140100;10.81;10.85;10.81;10.81;300
20160119 140200;10.83;10.85;10.83;10.85;200
20160119 140300;10.8;10.8;10.8;10.8;100
20160119 140400;10.79;10.79;10.76;10.76;700
20160119 140900;10.75;10.79;10.75;10.79;300
20160119 141200;10.73;10.73;10.65;10.65;2000
20160119 142500;10.65;10.65;10.65;10.65;100
20160119 143700;10.66;10.66;10.66;10.66;100
20160119 143800;10.66;10.66;10.66;10.66;100
20160119 144500;10.66;10.66;10.66;10.66;100
20160119 145100;10.63;10.63;10.63;10.63;200
20160119 145400;10.589;10.64;10.589;10.64;300
20160119 150600;10.68;10.69;10.68;10.69;200
20160119 151200;10.75;10.75;10.74;10.74;300
20160119 151300;10.76;10.76;10.76;10.76;100
20160119 151400;10.76;10.76;10.76;10.76;250
20160119 152100;10.76;10.76;10.76;10.76;200
20160119 152200;10.7;10.71;10.7;10.7;400
20160119 152500;10.74;10.75;10.74;10.75;200
20160119 152600;10.71;10.71;10.7;10.7;1700
20160119 152700;10.7;10.72;10.7;10.72;200
20160119 152800;10.73;10.8;10.73;10.8;200
20160119 153000;10.7;10.71;10.7;10.7;1800
20160119 153100;10.7;10.78;10.7;10.78;400
20160119 153200;10.78;10.78;10.7;10.7;1800
20160119 153300;10.77;10.77;10.7;10.7;600
20160119 153700;10.64;10.64;10.64;10.64;100
20160119 154200;10.67;10.67;10.6;10.6;1500
20160119 154300;10.6;10.6;10.6;10.6;800
20160119 155200;10.58;10.6;10.5;10.6;1600
20160119 155400;10.51;10.51;10.51;10.51;400
20160119 155500;10.53;10.53;10.51;10.52;600
20160119 155600;10.5;10.51;10.5;10.51;500
20160119 155700;10.5;10.51;10.5;10.51;200
20160119 155800;10.49;10.49;10.45;10.45;1410
20160119 155900;10.45;10.51;10.43;10.5;1600
20160119 160000;10.54;10.64;10.49;10.49;4308
20160120 094500;10.855;11.69;10.8515;10.94;600
20160120 094600;10.89;10.89;10.89;10.89;100
20160120 094700;11.2;11.2;10.87;10.87;400
20160120 094800;10.71;10.71;10.67;10.67;700
20160120 095000;10.25;10.26;10.25;10.26;465
20160120 095100;10.2;10.2;10.2;10.2;100
20160120 095300;10.29;10.37;10.29;10.37;500
20160120 095400;10.4;10.4;10.4;10.4;100
20160120 095500;10.55;10.55;10.51;10.5499;677
20160120 095600;10.37;10.37;10.3;10.3;200
20160120 095700;10.31;10.32;10.31;10.32;200
20160120 095800;10.3;10.4;10.3;10.4;900
20160120 095900;10.47;10.47;10.45;10.45;300
20160120 100000;10.375;10.38;10.37;10.37;700
20160120 100200;10.5;10.6;10.5;10.6;600
20160120 100300;10.44;10.44;10.41;10.41;1000
20160120 100400;10.39;10.39;10.32;10.32;800
20160120 100500;10.32;10.32;10.215;10.215;800
20160120 100700;10.31;10.36;10.27;10.27;800
20160120 100800;10.22;10.22;10.04;10.205;2100
20160120 100900;10.44;10.44;10.44;10.44;400
20160120 101000;10.32;10.4;10.3;10.4;1200
20160120 101100;10.34;10.38;10.33;10.33;2000
20160120 101200;10.285;10.285;10.16;10.16;700
20160120 101300;10.205;10.2095;10.07;10.07;1500
20160120 101400;10.175;10.19;10.175;10.19;400
20160120 101500;10.205;10.26;10.2;10.26;2300
20160120 101600;10.4;10.4;10.28;10.28;900
20160120 101700;10.28;10.35;10.28;10.28;800
20160120 102000;10.3;10.3;10.1801;10.1801;300
20160120 102200;10.19;10.3;10.16;10.16;900
20160120 102300;10.26;10.26;10.26;10.26;100
20160120 102400;10.11;10.11;10.11;10.11;100
20160120 102500;10.05;10.1;10.0401;10.1;800
20160120 103700;10;10;10;10;284
20160120 104200;9.98;10;9.93;9.93;900
20160120 104800;10.12;10.12;10.12;10.12;100
20160120 105200;10.25;10.25;10.25;10.25;700
20160120 105300;10.25;10.25;10.23;10.23;200
20160120 105400;10.18;10.18;10.1;10.1;700
20160120 105500;10.1;10.11;10.04;10.04;300
20160120 105600;10.09;10.15;10.09;10.15;500
20160120 105700;10.29;10.3;10.24;10.3;1850
20160120 105800;10.19;10.2199;10.19;10.2199;1446
20160120 110100;10.28;10.29;10.26;10.29;700
20160120 110200;10.29;10.29;10.21;10.21;500
20160120 110300;10.15;10.16;10.15;10.16;400
20160120 110400;10.17;10.17;10.17;10.17;900
20160120 110500;10.05;10.11;10.01;10.01;900
20160120 110900;10.2;10.2;10.2;10.2;200
20160120 111100;10.16;10.16;10.16;10.16;100
20160120 111800;10.13;10.13;10.13;10.13;100
20160120 111900;10.15;10.1809;10.15;10.1809;395
20160120 112100;10.08;10.15;10.08;10.15;200
20160120 112200;10.2451;10.2451;10.18;10.18;395
20160120 112500;10.237;10.237;10.237;10.237;295
20160120 113300;10.28;10.28;10.28;10.28;200
20160120 115200;10.28;10.285;10.28;10.28;800
20160120 115300;10.28;10.28;10.26;10.28;600
20160120 115400;10.27;10.27;10.27;10.27;100
20160120 115700;10.25;10.25;10.25;10.25;100
20160120 115800;10.28;10.28;10.28;10.28;100
20160120 120500;10.28;10.28;10.28;10.28;200
20160120 120700;10.2699;10.27;10.2699;10.27;200
20160120 121800;10.24;10.24;10.23;10.23;500
20160120 121900;10.23;10.24;10.21;10.21;500
20160120 122400;10.21;10.21;10.21;10.21;100
20160120 122900;10.21;10.22;10.2;10.22;400
20160120 124300;10.21;10.21;10.21;10.21;100
20160120 124400;10.2;10.22;10.2;10.22;300
20160120 124700;10.22;10.22;10.22;10.22;100
20160120 125300;10.28;10.28;10.28;10.28;200
20160120 130300;10.29;10.29;10.29;10.29;100
20160120 131000;10.38;10.39;10.38;10.39;900
20160120 131400;10.39;10.39;10.39;10.39;200
20160120 132200;10.3;10.3;10.28;10.28;500
20160120 132400;10.3;10.3;10.3;10.3;100
20160120 133200;10.29;10.29;10.29;10.29;100
20160120 134000;10.29;10.3;10.29;10.3;700
20160120 134900;10.3;10.3;10.3;10.3;400
20160120 135200;10.3;10.3;10.3;10.3;200
20160120 141300;10.31;10.31;10.29;10.29;200
20160120 141400;10.29;10.29;10.29;10.29;100
20160120 142200;10.34;10.35;10.34;10.35;538
20160120 144200;10.35;10.35;10.35;10.35;300
20160120 144300;10.35;10.35;10.35;10.35;700
20160120 144500;10.351;10.351;10.351;10.351;100
20160120 145100;10.565;10.565;10.565;10.565;900
20160120 145500;10.6;10.6;10.6;10.6;100
20160120 151100;10.53;10.6;10.53;10.6;200
20160120 151500;10.555;10.555;10.555;10.555;100
20160120 152600;10.54;10.54;10.54;10.54;100
20160120 152800;10.55;10.55;10.55;10.55;200
20160120 152900;10.55;10.61;10.55;10.61;300
20160120 154400;10.545;10.55;10.545;10.545;300
20160120 155000;10.54;10.54;10.54;10.54;100
20160120 155100;10.545;10.55;10.54;10.55;975
20160120 155400;10.53;10.53;10.53;10.53;100
20160120 155900;10.51;10.51;10.51;10.51;200
20160121 093400;10.6;10.6;10.35;10.35;565
20160121 093500;10.3;10.3;10.3;10.3;500
20160121 093600;10.27;10.3;10.27;10.3;400
20160121 093700;10.37;10.45;10.37;10.45;200
20160121 093900;10.52;10.55;10.52;10.52;400
20160121 094000;10.42;10.61;10.42;10.61;500
20160121 094100;10.7;10.7;10.7;10.7;100
20160121 094200;10.7;10.7;10.66;10.69;300
20160121 094300;10.73;10.73;10.73;10.73;100
20160121 095000;10.75;10.75;10.75;10.75;100
20160121 095100;10.73;10.73;10.68;10.68;300
20160121 095600;10.64;10.64;10.64;10.64;900
20160121 100900;10.53;10.53;10.53;10.53;100
20160121 101100;10.53;10.56;10.53;10.56;300
20160121 101500;10.54;10.54;10.54;10.54;100
20160121 110500;10.43;10.43;10.41;10.41;200
20160121 110600;10.4;10.4;10.4;10.4;100
20160121 111700;10.4;10.4;10.4;10.4;3300
20160121 112200;10.43;10.43;10.42;10.42;200
20160121 113000;10.4;10.4;10.4;10.4;2300
20160121 113100;10.4;10.4;10.4;10.4;2300
20160121 114300;10.37;10.37;10.37;10.37;200
20160121 120200;10.385;10.44;10.385;10.41;3193
20160121 120300;10.47;10.47;10.47;10.47;100
20160121 121700;10.44;10.44;10.44;10.44;200
20160121 123000;10.445;10.445;10.445;10.445;100
20160121 123100;10.46;10.46;10.46;10.46;100
20160121 123400;10.4;10.4;10.4;10.4;200
20160121 124600;10.4;10.4;10.4;10.4;200
20160121 125600;10.4;10.4;10.4;10.4;200
20160121 130300;10.4;10.4;10.4;10.4;200
20160121 131600;10.4;10.4;10.4;10.4;300
20160121 132200;10.4;10.4;10.4;10.4;2046
20160121 133000;10.4;10.4;10.4;10.4;617
20160121 133100;10.4;10.4;10.4;10.4;600
20160121 133400;10.36;10.36;10.36;10.36;200
20160121 133900;10.35;10.35;10.35;10.35;100
20160121 134600;10.35;10.35;10.35;10.35;100
20160121 135200;10.35;10.35;10.35;10.35;100
20160121 135300;10.35;10.35;10.35;10.35;100
20160121 140100;10.35;10.35;10.35;10.35;100
20160121 140800;10.35;10.35;10.35;10.35;100
20160121 141100;10.35;10.35;10.35;10.35;800
20160121 141200;10.35;10.35;10.35;10.35;600
20160121 141300;10.35;10.35;10.35;10.35;800
20160121 141400;10.35;10.35;10.35;10.35;800
20160121 141500;10.35;10.35;10.35;10.35;300
20160121 141600;10.35;10.35;10.35;10.35;100
20160121 141700;10.35;10.35;10.35;10.35;500
20160121 141800;10.35;10.35;10.35;10.35;400
20160121 141900;10.35;10.35;10.32;10.32;299
20160121 142300;10.3;10.3;10.3;10.3;1000
20160121 142600;10.3;10.3;10.3;10.3;200
20160121 142700;10.3;10.3;10.3;10.3;200
20160121 143200;10.31;10.31;10.31;10.31;100
20160121 144200;10.31;10.31;10.31;10.31;200
20160121 145000;10.31;10.31;10.31;10.31;100
20160121 145200;10.3;10.3;10.3;10.3;187
20160121 145300;10.3;10.3;10.3;10.3;3287
20160121 145400;10.3;10.3;10.3;10.3;200
20160121 145700;10.31;10.31;10.31;10.31;300
20160121 150800;10.33;10.33;10.33;10.33;516
20160121 151600;10.33;10.33;10.33;10.33;100
20160121 151800;10.38;10.4864;10.38;10.4864;1000
20160121 152100;10.505;10.55;10.38;10.51;17700
20160121 152300;10.4;10.54;10.4;10.535;1513
20160121 152800;10.53;10.53;10.53;10.53;100
20160121 154000;10.5;10.5;10.5;10.5;100
20160121 154800;10.47;10.47;10.47;10.47;100
20160121 155100;10.51;10.51;10.51;10.51;100
20160121 155200;10.45;10.45;10.45;10.45;100
20160121 155500;10.44;10.44;10.44;10.44;100
20160121 155800;10.4;10.4;10.4;10.4;100
20160121 155900;10.4;10.4;10.4;10.4;300
20160121 160000;10.45;10.45;10.45;10.45;100
20160122 093900;10.95;11.51;10.72;10.72;300
20160122 095100;10.73;10.73;10.73;10.73;100
20160122 095200;10.53;10.53;10.53;10.53;100
20160122 102000;10.63;10.65;10.63;10.65;200
20160122 102600;10.51;10.51;10.5;10.5;200
20160122 104200;10.49;10.49;10.48;10.48;200
20160122 111600;10.486;10.486;10.482;10.482;1000
20160122 111900;10.48;10.49;10.48;10.49;423
20160122 114200;10.57;10.57;10.57;10.57;100
20160122 114800;10.69;10.69;10.69;10.69;100
20160122 114900;10.67;10.67;10.67;10.67;200
20160122 115500;10.73;10.81;10.73;10.81;200
20160122 115600;10.67;10.67;10.66;10.66;300
20160122 120300;10.69;10.69;10.69;10.69;100
20160122 120600;10.7;10.7;10.7;10.7;100
20160122 121000;10.69;10.705;10.68;10.705;400
20160122 121100;10.73;10.73;10.73;10.73;100
20160122 121200;10.76;10.76;10.76;10.76;200
20160122 121300;10.77;10.82;10.76;10.82;1000
20160122 121700;10.88;10.88;10.88;10.88;100
20160122 121900;10.83;10.83;10.83;10.83;100
20160122 122000;10.83;10.83;10.83;10.83;300
20160122 122100;10.83;10.83;10.83;10.83;100
20160122 122400;10.88;10.88;10.88;10.88;100
20160122 122500;10.88;10.88;10.88;10.88;100
20160122 122800;10.89;10.89;10.89;10.89;100
20160122 123200;10.91;10.91;10.7901;10.7901;400
20160122 123500;10.92;10.92;10.92;10.92;100
20160122 123900;10.93;10.93;10.93;10.93;100
20160122 124000;11;11;11;11;100
20160122 124200;11.05;11.05;11.05;11.05;100
20160122 124600;11.05;11.05;11.05;11.05;100
20160122 124800;11.05;11.05;11.05;11.05;100
20160122 125000;11.08;11.08;11.08;11.08;100
20160122 125300;11.01;11.01;11.01;11.01;100
20160122 125700;11.04;11.04;11.04;11.04;100
20160122 130000;11.07;11.07;11.07;11.07;100
20160122 130400;11.05;11.05;11.05;11.05;200
20160122 130700;11.07;11.07;11.07;11.07;100
20160122 131100;10.97;11;10.97;11;200
20160122 131500;11.04;11.04;11.04;11.04;100
20160122 131700;11.05;11.08;11.05;11.08;1100
20160122 131800;11.15;11.15;11.15;11.15;100
20160122 132200;11.21;11.22;11.21;11.22;300
20160122 132500;11.22;11.22;11.17;11.17;200
20160122 132600;11.08;11.08;11.08;11.08;100
20160122 132800;11.08;11.08;11.08;11.08;400
20160122 133300;11.14;11.14;11.14;11.14;100
20160122 133600;11.2;11.2;11.2;11.2;100
20160122 134000;11.2;11.2;11.2;11.2;100
20160122 134400;11.2;11.2;11.2;11.2;100
20160122 134700;11.25;11.25;11.25;11.25;200
20160122 135100;11.27;11.27;11.27;11.27;100
20160122 135200;11.27;11.27;11.27;11.27;100
20160122 135400;11.28;11.28;11.28;11.28;100
20160122 135800;11.33;11.33;11.33;11.33;100
20160122 135900;11.33;11.33;11.33;11.33;100
20160122 140100;11.37;11.37;11.37;11.37;100
20160122 140500;11.38;11.38;11.38;11.38;100
20160122 140700;11.32;11.32;11.3;11.3;200
20160122 141600;11.35;11.35;11.35;11.35;100
20160122 142000;11.35;11.35;11.26;11.26;400
20160122 142300;11.23;11.23;11.23;11.23;100
20160122 142700;11.295;11.295;11.295;11.295;100
20160122 143000;11.24;11.24;11.24;11.24;100
20160122 143400;11.25;11.25;11.25;11.25;100
20160122 143800;11.27;11.27;11.27;11.27;100
20160122 144100;11.25;11.25;11.25;11.25;100
20160122 144300;11.25;11.3;11.25;11.3;200
20160122 144500;11.3;11.3;11.3;11.3;100
20160122 144800;11.31;11.44;11.31;11.44;900
20160122 145000;11.44;11.49;11.44;11.46;600
20160122 145200;11.5;11.5;11.5;11.5;100
20160122 145600;11.605;11.605;11.605;11.605;100
20160122 150000;11.61;11.61;11.61;11.61;100
20160122 150200;11.51;11.51;11.46;11.46;600
20160122 150300;11.46;11.46;11.46;11.46;200
20160122 150400;11.46;11.46;11.46;11.46;200
20160122 150700;11.46;11.5;11.46;11.48;900
20160122 150800;11.46;11.48;11.46;11.48;500
20160122 150900;11.46;11.46;11.46;11.46;200
20160122 151100;11.48;11.48;11.48;11.48;100
20160122 151400;11.5;11.5;11.5;11.5;100
20160122 151600;11.5;11.5;11.5;11.5;100
20160122 151700;11.5;11.5;11.5;11.5;100
20160122 151900;11.5;11.5;11.5;11.5;2923
20160122 152100;11.5;11.5;11.5;11.5;100
20160122 152200;11.47;11.47;11.47;11.47;200
20160122 152300;11.45;11.45;11.45;11.45;100
20160122 154300;11.33;11.33;11.33;11.33;100
20160122 154500;11.32;11.42;11.32;11.42;400
20160122 154700;11.35;11.35;11.35;11.35;100
20160122 155900;11.32;11.32;11.32;11.32;100
20160122 160000;11.27;11.27;11.27;11.27;932
20160125 094100;11.22;11.22;11.22;11.22;100
20160125 094300;11.5;11.5;11.5;11.5;100
20160125 094600;11.25;11.3;11.24;11.3;365
20160125 094800;11.5;11.5;11.5;11.5;100
20160125 094900;11.47;11.6;11.46;11.6;700
20160125 095000;11.5;11.5;11.46;11.46;200
20160125 095100;11.25;11.25;11.25;11.25;100
20160125 095200;11.23;11.29;11.23;11.23;500
20160125 095600;11.24;11.24;11.24;11.24;100
20160125 095700;11.15;11.22;11.15;11.22;200
20160125 095900;11.4;11.4;11.4;11.4;100
20160125 100000;11.42;11.42;11.42;11.42;100
20160125 102600;11.2;11.2;11.16;11.16;300
20160125 102700;11.235;11.3;11.235;11.3;400
20160125 102800;11.35;11.4;11.35;11.4;600
20160125 102900;11.3;11.3;11.3;11.3;100
20160125 103000;11.28;11.43;11.28;11.43;600
20160125 104000;11.31;11.5;11.18;11.5;1600
20160125 110500;11.2;11.2;11.2;11.2;100
20160125 111000;11.26;11.32;11.26;11.32;200
20160125 111700;11.15;11.3;11.15;11.3;1100
20160125 112800;11.13;11.13;11.13;11.13;100
20160125 114500;11.12;11.12;11.12;11.12;100
20160125 114600;11.12;11.12;11.12;11.12;200
20160125 115900;11.11;11.11;11.11;11.11;200
20160125 122100;11.02;11.1;11.02;11.1;300
20160125 123500;11.11;11.11;11.11;11.11;100
20160125 124200;11.22;11.51;11.22;11.5;2440
20160125 124400;11.5;11.5;11.5;11.5;100
20160125 125400;11.39;11.39;11.39;11.39;400
20160125 125500;11.39;11.39;11.39;11.39;100
20160125 125600;11.4;11.46;11.4;11.46;300
20160125 125700;11.47;11.47;11.47;11.47;100
20160125 130000;11.48;11.48;11.48;11.48;100
20160125 130100;11.51;11.51;11.5001;11.5001;200
20160125 130600;11.55;11.55;11.55;11.55;100
20160125 130700;11.5;11.5;11.5;11.5;100
20160125 130800;11.5;11.515;11.5;11.515;200
20160125 131100;11.5;11.5;11.5;11.5;100
20160125 134600;11.5;11.5;11.5;11.5;3300
20160125 135200;11.5;11.5;11.43;11.5;1000
20160125 135300;11.49;11.5;11.49;11.5;1300
20160125 135900;11.595;11.6;11.525;11.6;1900
20160125 140000;11.6;11.6;11.6;11.6;100
20160125 140100;11.51;11.6;11.5;11.6;1500
20160125 140200;11.52;11.68;11.5;11.68;400
20160125 140300;11.53;11.7;11.52;11.7;912
20160125 140400;11.53;11.53;11.5;11.5;1000
20160125 140800;11.5;11.5;11.5;11.5;500
20160125 145000;11.42;11.42;11.41;11.41;200
20160125 145500;11.39;11.43;11.34;11.36;800
20160125 145800;11.41;11.41;11.41;11.41;100
20160125 150300;11.39;11.39;11.39;11.39;100
20160125 151000;11.29;11.32;11.29;11.32;300
20160125 152700;11.24;11.27;11.24;11.27;518
20160125 153300;11.27;11.27;11.27;11.27;100
20160125 153700;11.28;11.28;11.28;11.28;100
20160125 154100;11.3;11.3;11.3;11.3;100
20160125 154300;11.33;11.33;11.33;11.33;100
20160125 154500;11.35;11.35;11.35;11.35;100
20160125 154600;11.36;11.36;11.36;11.36;100
20160125 154800;11.37;11.37;11.37;11.37;100
20160125 154900;11.4;11.4;11.4;11.4;100
20160125 155100;11.44;11.44;11.44;11.44;100
20160125 155300;11.48;11.48;11.48;11.48;100
20160125 155400;11.48;11.48;11.48;11.48;100
20160125 155500;11.45;11.45;11.3;11.3;700
20160125 155600;11.51;11.51;11.51;11.51;100
20160125 155700;11.4;11.4;11.4;11.4;100
20160125 155800;11.4;11.4;11.26;11.26;600
20160125 155900;11.22;11.31;11.22;11.31;400
20160125 160000;11.21;11.37;11.21;11.37;600
20160126 095300;11.63;11.63;11.63;11.63;100
20160126 095500;11.77;11.77;11.37;11.37;499
20160126 095600;11.36;11.38;11.36;11.37;400
20160126 095700;11.37;11.37;11.36;11.36;200
20160126 095900;11.22;11.22;11.22;11.22;100
20160126 100200;11.33;11.33;11.33;11.33;100
20160126 100300;11.36;11.64;11.36;11.44;600
20160126 100400;11.35;11.37;11.35;11.37;700
20160126 100500;11.36;11.36;11.36;11.36;100
20160126 100600;11.36;11.36;11.36;11.36;100
20160126 100900;11.29;11.29;11.29;11.29;100
20160126 101400;11.4;11.4;11.4;11.4;334
20160126 101900;11.31;11.31;11.31;11.31;100
20160126 102300;11.18;11.18;11.05;11.05;1350
20160126 102400;11.18;11.18;11.18;11.18;100
20160126 103700;11.2;11.21;11.2;11.21;200
20160126 104900;11.19;11.19;11.19;11.19;100
20160126 110100;11.2;11.42;11.2;11.27;1100
20160126 110300;11.25;11.25;11.25;11.25;100
20160126 110700;11.23;11.42;11.23;11.42;200
20160126 111600;11.3;11.3;11.3;11.3;200
20160126 113300;11.22;11.22;11.22;11.22;200
20160126 113500;11.19;11.19;11.19;11.19;100
20160126 114100;11.11;11.11;11.11;11.11;100
20160126 114500;11.14;11.14;11.14;11.14;100
20160126 120200;11.2;11.2;11.2;11.2;100
20160126 120800;11.14;11.14;11.14;11.14;100
20160126 125000;11.16;11.16;11.1;11.1;500
20160126 131000;11.01;11.01;11.01;11.01;200
20160126 132000;11;11;10.9543;10.9543;1507
20160126 132600;10.96;10.96;10.96;10.96;100
20160126 132700;10.95;10.95;10.95;10.95;100
20160126 133400;11.01;11.03;11.01;11.03;400
20160126 133900;11.13;11.13;11.1;11.1;200
20160126 134900;11.288;11.288;11.1;11.1;450
20160126 135000;11.1;11.1;11.1;11.1;100
20160126 135600;11.11;11.11;11.11;11.11;100
20160126 140800;11.12;11.12;11.1;11.1;200
20160126 141100;11.1;11.1;11.1;11.1;300
20160126 141300;11.09;11.09;11.09;11.09;100
20160126 142200;11.1;11.1;11.1;11.1;100
20160126 142500;11.1;11.1;11.1;11.1;200
20160126 143200;11.08;11.08;11.08;11.08;100
20160126 150400;11.07;11.07;11.07;11.07;200
20160126 150800;11.07;11.07;11.07;11.07;1000
20160126 153200;10.94;10.94;10.94;10.94;100
20160126 154100;11;11;11;11;100
20160126 155100;10.99;10.99;10.99;10.99;100
20160126 155300;11.11;11.11;11.09;11.09;600
20160126 155900;11.0095;11.0095;11;11;310
20160126 160000;10.92;10.92;10.92;10.92;669
20160127 093400;11.965;11.965;11.965;11.965;100
20160127 093700;11.945;11.945;11.945;11.945;100
20160127 094000;11.9;11.9;11.9;11.9;100
20160127 094400;11.94;11.94;11.94;11.94;100
20160127 094700;11.93;11.93;11.93;11.93;100
20160127 095000;11.39;11.39;11.39;11.39;100
20160127 095400;11.74;11.74;11.74;11.74;100
20160127 095700;11.52;11.52;11.52;11.52;100
20160127 100000;11.01;11.055;11.01;11.055;252
20160127 100100;11.05;11.05;10.7;10.7;11300
20160127 101200;10.96;10.96;10.96;10.96;100
20160127 101300;10.93;10.93;10.93;10.93;100
20160127 101600;10.91;10.91;10.91;10.91;100
20160127 101800;10.87;10.87;10.87;10.87;100
20160127 102000;10.81;10.82;10.81;10.82;200
20160127 102100;10.73;10.73;10.7;10.7;200
20160127 102400;10.69;10.69;10.69;10.69;100
20160127 102600;10.69;10.69;10.69;10.69;100
20160127 102800;10.67;10.67;10.67;10.67;100
20160127 103000;10.67;10.67;10.67;10.67;100
20160127 103100;10.69;10.69;10.69;10.69;100
20160127 103200;10.69;10.7;10.69;10.7;1400
20160127 103300;10.95;10.95;10.95;10.95;100
20160127 103500;11;11;11;11;100
20160127 104200;11;11;11;11;300
20160127 104300;11;11;11;11;100
20160127 104500;11;11;11;11;100
20160127 104700;11;11;11;11;100
20160127 104900;11;11;11;11;100
20160127 105100;11;11;11;11;100
20160127 105300;11;11;11;11;100
20160127 105500;11;11;11;11;100
20160127 105800;11;11;11;11;100
20160127 110000;11;11;11;11;200
20160127 110200;11;11;11;11;100
20160127 110400;11;11;11;11;100
20160127 110600;11;11;11;11;100
20160127 110800;11;11;11;11;200
20160127 110900;11;11;11;11;100
20160127 111000;11;11;11;11;2700
20160127 111200;11;11;11;11;100
20160127 111300;11;11;11;11;100
20160127 111400;11;11;11;11;100
20160127 111500;11;11;11;11;100
20160127 111600;11;11;11;11;200
20160127 111800;11;11;11;11;100
20160127 112100;11;11;11;11;100
20160127 112300;11;11;11;11;100
20160127 112500;11;11;11;11;100
20160127 112700;11;11;11;11;100
20160127 113000;10.99;11;10.99;11;400
20160127 113200;11;11;11;11;200
20160127 113400;11;11;11;11;100
20160127 114000;11;11;11;11;100
20160127 114100;11;11;11;11;100
20160127 114200;11;11;11;11;100
20160127 114500;11.01;11.01;11.01;11.01;100
20160127 114600;11;11;11;11;100
20160127 114700;11;11;11;11;100
20160127 114800;11;11;11;11;100
20160127 115000;11;11;11;11;100
20160127 115100;11;11;11;11;100
20160127 115200;11;11;11;11;1500
20160127 115700;11;11;11;11;200
20160127 115800;11;11;11;11;100
20160127 115900;11;11;11;11;100
20160127 120000;11;11;11;11;100
20160127 120100;11;11;11;11;400
20160127 120200;11;11;11;11;200
20160127 120600;11;11;11;11;100
20160127 120700;11;11;11;11;100
20160127 120800;11;11;11;11;100
20160127 121100;11;11;11;11;100
20160127 121200;11;11;11;11;200
20160127 121400;11;11;11;11;100
20160127 121600;11;11;11;11;300
20160127 121900;11;11;11;11;100
20160127 122200;11;11;11;11;100
20160127 122500;11;11;11;11;100
20160127 123800;11;11;11;11;100
20160127 124000;11;11;11;11;100
20160127 124100;11;11;11;11;100
20160127 124200;11;11;11;11;100
20160127 124400;11.01;11.01;11.01;11.01;100
20160127 124500;11;11;11;11;100
20160127 124700;11.01;11.01;11.01;11.01;100
20160127 124800;11.01;11.01;11.01;11.01;100
20160127 124900;11;11;11;11;100
20160127 125100;11;11;11;11;200
20160127 125200;11;11;11;11;100
20160127 125400;11;11;11;11;200
20160127 125600;11;11;11;11;100
20160127 125800;11;11;11;11;100
20160127 130000;11;11;11;11;100
20160127 130100;11;11;11;11;300
20160127 130400;11;11;11;11;100
20160127 130600;11;11.065;11;11.065;200
20160127 130800;11;11;11;11;100
20160127 130900;11;11;11;11;100
20160127 131100;10.95;10.95;10.95;10.95;100
20160127 131200;11;11;11;11;100
20160127 131500;11;11;11;11;100
20160127 131800;11;11;11;11;100
20160127 132100;11;11;11;11;900
20160127 132400;11;11;11;11;400
20160127 132700;10.99;10.99;10.99;10.99;100
20160127 132900;11;11;11;11;100
20160127 133200;11;11;11;11;100
20160127 133500;10.99;10.99;10.99;10.99;100
20160127 133700;11;11;11;11;5900
20160127 133800;11;11;11;11;2900
20160127 134500;11;11;11;11;100
20160127 135400;10.9989;11;10.98;11;5100
20160127 140000;10.98;11;10.98;11;3165
20160127 140100;11;11.02;11;11.02;300
20160127 140300;10.98;11;10.98;11;950
20160127 140900;10.98;10.98;10.98;10.98;100
20160127 141100;10.98;10.98;10.98;10.98;1000
20160127 141300;10.98;10.98;10.98;10.98;150
20160127 141500;10.98;10.98;10.98;10.98;100
20160127 141600;11;11;11;11;100
20160127 142100;10.99;10.99;10.99;10.99;100
20160127 142900;11;11;11;11;400
20160127 143000;11;11;11;11;300
20160127 143200;11;11;11;11;100
20160127 143700;11;11;11;11;100
20160127 143900;11;11;11;11;100
20160127 144100;11;11;11;11;500
20160127 144200;10.98;11;10.98;11;600
20160127 144300;10.98;10.98;10.98;10.98;100
20160127 144400;10.99;10.99;10.99;10.99;100
20160127 145100;10.99;11;10.98;11;1100
20160127 145400;11;11;11;11;500
20160127 145500;11;11;11;11;200
20160127 150200;11;11;11;11;600
20160127 150300;11;11;11;11;500
20160127 150700;11;11;11;11;1000
20160127 150800;11;11;11;11;1500
20160127 151000;11;11;10.99;10.99;1300
20160127 151300;10.99;10.99;10.99;10.99;100
20160127 151500;10.99;10.99;10.99;10.99;873
20160127 151600;10.99;11;10.99;11;2200
20160127 151800;11;11;11;11;3000
20160127 151900;11;11;10.995;11;1700
20160127 152000;11;11;11;11;2000
20160127 152100;11;11;11;11;3000
20160127 152300;11;11;11;11;3000
20160127 152400;11;11.01;11;11;2877
20160127 152900;11;11;11;11;1300
20160127 153100;11;11;11;11;900
20160127 153500;11;11;11;11;100
20160127 153700;11;11;11;11;1000
20160127 154100;11;11;11;11;800
20160127 155000;11;11;10.97;10.97;1200
20160127 155200;11;11;11;11;907
20160127 155600;11;11;11;11;500
20160127 155900;11;11;11;11;1599
20160127 160000;11;11.19;11;11.19;1641
20160127 163400;11.19;11.19;11.19;11.19;186
20160128 094700;11;11;11;11;100
20160128 095200;10.99;11;10.99;11;200
20160128 095900;11;11;10.93;10.93;300
20160128 110100;10.9776;10.9776;10.9776;10.9776;105
20160128 110200;10.89;10.89;10.89;10.89;100
20160128 115600;10.84;10.84;10.84;10.84;100
20160128 130200;10.95;10.95;10.93;10.94;2100
20160128 132500;10.98;10.98;10.98;10.98;400
20160128 134300;10.77;10.77;10.77;10.77;100
20160128 134700;10.82;10.82;10.78;10.78;600
20160128 140200;10.67;10.67;10.67;10.67;100
20160128 141400;10.64;10.64;10.64;10.64;100
20160128 142900;10.64;10.64;10.64;10.64;100
20160128 143500;10.685;10.685;10.685;10.685;100
20160128 143600;10.75;10.75;10.75;10.75;700
20160128 150100;10.64;10.64;10.64;10.64;100
20160128 150600;10.71;10.71;10.65;10.65;7200
20160128 150700;10.69;10.69;10.625;10.625;200
20160128 151000;10.625;10.625;10.625;10.625;3200
20160128 151100;10.625;10.625;10.57;10.57;700
20160128 151400;10.55;10.55;10.51;10.51;900
20160128 152900;10.4;10.47;10.4;10.47;600
20160128 153300;10.55;10.57;10.55;10.57;500
20160128 154600;10.63;10.63;10.63;10.63;100
20160128 154800;10.63;10.63;10.63;10.63;100
20160128 155600;10.66;10.66;10.66;10.66;243
20160128 155900;10.68;10.68;10.68;10.68;100
20160128 160000;10.71;10.8;10.71;10.8;362
20160129 093400;10.9;10.9;10.76;10.76;800
20160129 093500;10.76;10.76;10.76;10.76;200
20160129 093600;10.8;10.9;10.8;10.9;200
20160129 093700;10.85;10.85;10.85;10.85;500
20160129 093800;11.03;11.17;11.03;11.17;400
20160129 094000;11.15;11.16;11.15;11.16;300
20160129 094100;11.13;11.16;11.13;11.16;400
20160129 094300;11.24;11.24;11.24;11.24;1100
20160129 094700;11.26;11.26;11.26;11.26;100
20160129 102500;11.057;11.057;11.057;11.057;500
20160129 105200;11.0122;11.09;10.93;11.01;2700
20160129 111300;11.12;11.12;11.12;11.12;100
20160129 113200;11.0999;11.0999;11.0999;11.0999;300
20160129 113400;11.099;11.099;11.099;11.099;155
20160129 124500;11.23;11.23;11.23;11.23;100
20160129 140000;11.07;11.07;11.07;11.07;100
20160129 140700;10.95;10.95;10.95;10.95;100
20160129 140800;10.95;10.995;10.95;10.99;300
20160129 140900;10.9;10.98;10.9;10.98;500
20160129 141100;11.08;11.17;11.08;11.17;400
20160129 141200;11.12;11.12;11.12;11.12;200
20160129 141300;11.12;11.12;11.1;11.1;700
20160129 141400;11.08;11.08;11.07;11.07;400
20160129 141500;11.01;11.01;10.95;10.95;400
20160129 141600;10.95;10.96;10.95;10.96;400
20160129 141700;10.91;10.975;10.91;10.975;200
20160129 141800;11.01;11.01;11.01;11.01;300
20160129 142000;10.94;11.02;10.94;11.02;400
20160129 142100;10.99;10.99;10.99;10.99;500
20160129 142200;11.01;11.01;11.01;11.01;200
20160129 142300;11.05;11.05;11.05;11.05;300
20160129 142400;11.06;11.2;11.06;11.2;1136
20160129 154500;11.01;11.01;11.01;11.01;100
20160129 155000;11.04;11.05;11.04;11.05;1400
20160129 155100;11.17;11.55;11.16;11.49;2800
20160129 155200;11.23;11.23;11.2;11.2;500
20160129 155300;11.2;11.22;11.2;11.22;300
20160129 155400;11.2;11.32;11.2;11.2;500
20160129 155500;11.2;11.26;11.2;11.25;909
20160129 155600;11.2;11.3;11.2;11.2;2915
20160129 155700;11.24;11.25;11.24;11.25;200
20160129 155800;11.34;11.35;11.34;11.35;200
20160129 155900;11.28;11.29;11.28;11.29;200
20160129 160000;11.46;11.46;11.46;11.46;6803
20160129 161200;11.4577;11.4577;11.4577;11.4577;6603
20160201 093200;11.7;11.7;11.7;11.7;100
20160201 093600;11.35;11.35;11.35;11.35;100
20160201 101200;11.11;11.16;11.11;11.16;600
20160201 101500;11.3;11.3;11.23;11.23;400
20160201 101800;11.25;11.25;11.22;11.22;400
20160201 102000;11.25;11.25;11.25;11.25;100
20160201 102100;11.25;11.25;11.25;11.25;100
20160201 102300;11.16;11.21;11.16;11.21;400
20160201 102400;11.17;11.17;11.17;11.17;100
20160201 102500;11.19;11.2;11.19;11.2;200
20160201 104700;10.98;10.98;10.98;10.98;100
20160201 105000;11.2;11.2;11.2;11.2;300
20160201 105300;11.05;11.05;11.04;11.04;500
20160201 105500;11.19;11.195;11.19;11.195;300
20160201 105600;11.19;11.19;11.19;11.19;100
20160201 105800;10.98;11.05;10.98;11.05;300
20160201 105900;11.06;11.06;11.06;11.06;100
20160201 110100;11.195;11.195;11.15;11.15;500
20160201 110200;11.105;11.105;10.99;10.99;300
20160201 110500;11.07;11.11;11.07;11.11;300
20160201 110700;11.19;11.19;11.18;11.18;600
20160201 110800;11.09;11.09;11.09;11.09;300
20160201 110900;11.1;11.1;11.1;11.1;100
20160201 111100;11.08;11.08;11.08;11.08;100
20160201 111200;11.11;11.12;11.11;11.12;300
20160201 111500;11.18;11.18;11.175;11.175;200
20160201 111700;11.04;11.0499;11.04;11.0499;200
20160201 111800;11.07;11.08;11.07;11.08;300
20160201 112000;11.17;11.17;11.17;11.17;200
20160201 112100;11.14;11.14;11.13;11.13;300
20160201 112200;11.08;11.08;11.08;11.08;100
20160201 112600;11.08;11.08;11.08;11.08;100
20160201 112700;11.1;11.1;11.1;11.1;100
20160201 112900;11.18;11.18;11.045;11.045;500
20160201 113100;11.08;11.08;11.08;11.08;400
20160201 113300;11.18;11.18;11.15;11.15;600
20160201 113400;11.12;11.12;11.12;11.12;100
20160201 113600;11.1;11.1;11.1;11.1;100
20160201 113700;11.14;11.14;11.14;11.14;100
20160201 114000;11.14;11.14;11.14;11.14;200
20160201 114200;11.15;11.18;11.15;11.18;200
20160201 114900;11.11;11.11;11.11;11.11;100
20160201 115100;11.08;11.08;11.08;11.08;100
20160201 115200;11.16;11.1699;11.16;11.1699;200
20160201 121600;11.1;11.1;11.1;11.1;100
20160201 122500;11.11;11.11;11.11;11.11;100
20160201 123300;11.06;11.08;11.06;11.08;200
20160201 123400;11.15;11.15;11.15;11.15;100
20160201 123500;11.13;11.13;11.13;11.13;100
20160201 123600;11.14;11.14;11.14;11.14;100
20160201 123700;11.11;11.11;11.08;11.08;200
20160201 123900;11.11;11.11;11.11;11.11;100
20160201 124000;11.14;11.14;11.14;11.14;200
20160201 124100;11.08;11.08;11.08;11.08;200
20160201 124200;11.1;11.1;11.1;11.1;200
20160201 124400;11.15;11.15;11.14;11.14;200
20160201 124500;11.1;11.1;11.1;11.1;200
20160201 124600;11.1;11.1;11.1;11.1;100
20160201 124800;11.15;11.15;11.15;11.15;200
20160201 125000;11.1;11.1;11.1;11.1;300
20160201 125100;11.2;11.2;11.2;11.2;200
20160201 125200;11.16;11.16;11.085;11.085;400
20160201 125300;11.14;11.14;11.1201;11.1201;200
20160201 125400;11.15;11.26;11.15;11.26;600
20160201 130300;11.33;11.35;11.33;11.35;1403
20160201 131100;11.34;11.34;11.34;11.34;100
20160201 131800;11.34;11.34;11.34;11.34;100
20160201 135400;11.34;11.34;11.34;11.34;100
20160201 141000;11.32;11.32;11.301;11.301;200
20160201 141100;11.24;11.24;11.24;11.24;100
20160201 141200;11.265;11.265;11.265;11.265;100
20160201 141300;11.27;11.2799;11.27;11.2799;200
20160201 141400;11.29;11.29;11.29;11.29;200
20160201 141600;11.35;11.35;11.35;11.35;100
20160201 141800;11.32;11.32;11.32;11.32;100
20160201 142000;11.3;11.3;11.3;11.3;100
20160201 144100;11.24;11.24;11.24;11.24;500
20160201 144200;11.24;11.24;11.18;11.24;700
20160201 144700;11.265;11.265;11.24;11.24;200
20160201 145000;11.24;11.24;11.24;11.24;200
20160201 145100;11.24;11.24;11.24;11.24;100
20160201 145700;11.24;11.24;11.24;11.24;100
20160201 150200;11.24;11.24;11.24;11.24;100
20160201 151500;11.305;11.305;11.305;11.305;100
20160201 152100;11.26;11.26;11.26;11.26;100
20160201 152400;11.24;11.24;11.24;11.24;100
20160201 152800;11.22;11.22;11.22;11.22;100
20160201 153300;11.22;11.22;11.22;11.22;100
20160201 153700;11.22;11.22;11.22;11.22;100
20160201 153800;11.22;11.22;11.22;11.22;100
20160201 154200;11.22;11.23;11.22;11.23;200
20160201 155000;11.31;11.31;11.31;11.31;200
20160201 155200;11.37;11.37;11.37;11.37;100
20160201 155300;11.4;11.4;11.4;11.4;100
20160201 155400;11.41;11.43;11.41;11.43;200
20160201 155500;11.41;11.47;11.41;11.47;200
20160201 155600;11.47;11.47;11.46;11.46;200
20160201 155700;11.46;11.46;11.46;11.46;200
20160201 155800;11.46;11.5;11.46;11.5;300
20160201 155900;11.5;11.5;11.5;11.5;400
20160201 160000;11.5;11.6;11.39;11.6;2389
20160202 094600;11.315;11.315;11.315;11.315;115
20160202 095000;11.29;11.29;11.2805;11.2805;200
20160202 095200;11.05;11.1;11.05;11.1;300
20160202 095300;11.31;11.31;11.31;11.31;100
20160202 095500;11.37;11.37;11.33;11.33;400
20160202 095600;11.27;11.27;11.27;11.27;300
20160202 103700;11.25;11.25;11.11;11.24;8875
20160202 104000;11.12;11.12;11.12;11.12;100
20160202 105600;11;11;11;11;400
20160202 113000;11.07;11.07;11.06;11.06;200
20160202 113100;11.06;11.06;11.06;11.06;100
20160202 113300;11.08;11.08;11.08;11.08;100
20160202 120000;11.01;11.01;10.95;10.95;200
20160202 123100;10.96;10.96;10.96;10.96;100
20160202 124200;11.08;11.09;11;11;400
20160202 124300;10.97;10.97;10.88;10.88;500
20160202 124400;10.77;10.9299;10.77;10.9299;1000
20160202 124500;10.8;10.8;10.8;10.8;100
20160202 124600;10.93;11.17;10.93;11.17;300
20160202 124700;11.045;11.19;11.02;11.02;500
20160202 124800;11;11;11;11;100
20160202 124900;10.84;11.05;10.83;11.05;1300
20160202 125300;10.87;10.95;10.87;10.95;200
20160202 125400;11.02;11.02;11.02;11.02;800
20160202 140200;11.05;11.05;11.04;11.04;200
20160202 142000;11.02;11.02;11.02;11.02;300
20160202 142300;11.0999;11.0999;11.0999;11.0999;200
20160202 145400;11.11;11.11;11.01;11.01;200
20160202 150900;11;11;11;11;200
20160202 151000;11;11;11;11;100
20160202 151500;11;11;11;11;400
20160202 154700;11.01;11.01;11.01;11.01;100
20160202 154800;11;11;11;11;200
20160202 155100;11;11;11;11;500
20160202 155800;11.02;11.02;11.02;11.02;100
20160202 160000;11.04;11.04;11.01;11.01;440
20160203 094600;10.915;11.45;10.58;10.58;1000
20160203 094700;10.43;11.18;10.43;11.18;600
20160203 094800;10.96;10.9699;10.96;10.9699;300
20160203 094900;11.12;11.12;11.12;11.12;100
20160203 095000;11.19;11.19;11.0801;11.0801;500
20160203 100000;11.29;11.74;11.29;11.74;850
20160203 100500;11.16;11.16;11.16;11.16;100
20160203 101100;11.01;11.01;11.01;11.01;101
20160203 103100;10.86;10.94;10.86;10.94;300
20160203 103800;10.9;11.1;10.89;11.1;300
20160203 105700;11.14;11.14;11.14;11.14;100
20160203 110400;11;11;11;11;900
20160203 110700;11.1;11.12;11.1;11.12;300
20160203 111700;11.11;11.11;11.11;11.11;100
20160203 113000;11.03;11.03;11.03;11.03;100
20160203 113400;11.01;11.01;11.01;11.01;100
20160203 114100;11.33;11.33;11.33;11.33;100
20160203 120600;11.18;11.18;11.18;11.18;100
20160203 122900;11.06;11.06;11.04;11.04;200
20160203 123600;11.13;11.13;11.13;11.13;100
20160203 124100;11.06;11.06;11.05;11.05;200
20160203 130800;11.1;11.1;11.1;11.1;100
20160203 131500;11.09;11.09;11.09;11.09;100
20160203 133500;11;11;11;11;200
20160203 133800;11;11;11;11;100
20160203 133900;11;11.02;11;11.02;200
20160203 134200;11.05;11.05;11.05;11.05;100
20160203 140000;11.0698;11.0698;11.0698;11.0698;397
20160203 140300;11.14;11.14;11.14;11.14;100
20160203 140700;11.18;11.18;11.18;11.18;100
20160203 140800;11.2;11.2;11.2;11.2;100
20160203 141500;11.2;11.2;11.2;11.2;100
20160203 141800;11.15;11.15;11.15;11.15;200
20160203 142200;11.145;11.145;11.145;11.145;100
20160203 142300;11.2;11.2;11.2;11.2;400
20160203 142400;11.2;11.52;11.2;11.52;1200
20160203 143000;11.4483;11.4483;11.4483;11.4483;1150
20160203 143100;11.41;11.425;11.41;11.425;300
20160203 143400;11.395;11.395;11.395;11.395;100
20160203 143900;11.38;11.485;11.38;11.4;1100
20160203 144000;11.4;11.4;11.4;11.4;400
20160203 144900;11.47;11.47;11.47;11.47;100
20160203 150100;11.26;11.355;11.26;11.355;269
20160203 151700;11.29;11.3;11.28;11.28;300
20160203 153200;11.25;11.2995;11.25;11.2995;210
20160203 153800;11.26;11.26;11.26;11.26;100
20160203 153900;11.25;11.25;11.25;11.25;300
20160203 154400;11.33;11.33;11.33;11.33;100
20160203 155400;11.28;11.28;11.28;11.28;100
20160203 155500;11.27;11.27;11.27;11.27;200
20160203 155900;11.28;11.3;11.27;11.27;400
20160203 160000;11.26;11.27;11.21;11.21;400
20160204 100300;11.22;11.24;11.22;11.24;300
20160204 100600;11.23;11.32;11.23;11.32;300
20160204 100700;11.33;11.33;11.28;11.28;200
20160204 100800;11.54;11.55;11.54;11.545;700
20160204 100900;11.45;11.45;11.45;11.45;200
20160204 101000;11.53;11.53;11.53;11.53;100
20160204 102100;12;12;12;12;100
20160204 103100;11.8;11.8;11.8;11.8;100
20160204 103600;11.74;11.74;11.74;11.74;200
20160204 104100;11.78;11.78;11.78;11.78;200
20160204 104200;11.8;11.8;11.8;11.8;100
20160204 104300;11.865;11.865;11.865;11.865;100
20160204 104600;11.91;11.91;11.91;11.91;100
20160204 105000;11.8;11.8;11.8;11.8;100
20160204 105100;11.89;11.92;11.89;11.92;200
20160204 105200;11.9;11.9;11.9;11.9;100
20160204 105600;11.95;11.95;11.95;11.95;100
20160204 110000;11.8;11.8;11.8;11.8;300
20160204 110100;11.97;11.97;11.97;11.97;100
20160204 110200;11.8405;11.85;11.8405;11.85;200
20160204 110600;11.9;11.9;11.9;11.9;100
20160204 111100;11.89;11.89;11.89;11.89;100
20160204 111600;11.87;11.91;11.87;11.91;200
20160204 111700;11.91;11.9972;11.91;11.9412;1720
20160204 112100;11.99;11.99;11.99;11.99;100
20160204 112600;11.98;11.98;11.98;11.98;100
20160204 113600;11.99;11.99;11.99;11.99;100
20160204 114100;11.99;11.99;11.99;11.99;100
20160204 114600;11.97;11.97;11.97;11.97;100
20160204 115100;12;12;12;12;200
20160204 115600;12;12;12;12;100
20160204 120000;12;12;12;12;100
20160204 120600;12;12;12;12;300
20160204 120800;11.94;11.94;11.94;11.94;100
20160204 121600;11.99;11.99;11.99;11.99;100
20160204 122100;11.99;11.99;11.99;11.99;100
20160204 122600;11.98;11.98;11.98;11.98;100
20160204 123600;12;12;12;12;100
20160204 124100;11.99;11.99;11.99;11.99;100
20160204 124600;12;12;12;12;100
20160204 125100;12;12;12;12;100
20160204 125600;11.97;11.97;11.97;11.97;100
20160204 130100;11.97;11.97;11.97;11.97;100
20160204 130300;11.74;11.86;11.74;11.86;200
20160204 130600;11.99;11.99;11.99;11.99;100
20160204 130800;11.7101;11.7101;11.7101;11.7101;100
20160204 131100;11.97;11.97;11.97;11.97;100
20160204 131600;12;12;12;12;100
20160204 132100;12;12;12;12;100
20160204 132300;11.95;11.95;11.95;11.95;100
20160204 133100;11.97;11.97;11.97;11.97;100
20160204 134100;12;12;12;12;100
20160204 134600;12;12;12;12;100
20160204 134700;11.97;11.97;11.97;11.97;200
20160204 134800;11.97;11.97;11.97;11.97;100
20160204 140100;11.79;11.79;11.79;11.79;100
20160204 140600;11.9;11.9;11.9;11.9;100
20160204 141100;11.88;11.88;11.88;11.88;300
20160204 141600;11.97;11.97;11.97;11.97;180
20160204 142100;11.95;11.97;11.95;11.97;400
20160204 143000;11.78;11.78;11.78;11.78;100
20160204 144100;11.96;11.96;11.96;11.96;100
20160204 144600;11.96;11.96;11.96;11.96;100
20160204 144800;11.87;11.87;11.87;11.87;100
20160204 145000;11.96;11.96;11.96;11.96;200
20160204 145200;11.94;11.94;11.94;11.94;100
20160204 145600;11.97;11.97;11.97;11.97;100
20160204 145700;11.97;11.97;11.97;11.97;260
20160204 145900;11.82;11.82;11.82;11.82;100
20160204 150100;11.97;11.97;11.97;11.97;137
20160204 150600;12;12;12;12;100
20160204 151100;11.97;11.97;11.97;11.97;100
20160204 151600;11.99;11.99;11.99;11.99;100
20160204 152100;12;12;12;12;200
20160204 152300;11.94;11.95;11.94;11.95;200
20160204 152600;12;12;12;12;100
20160204 153100;12;12;12;12;200
20160204 153600;12;12;12;12;200
20160204 153800;11.95;11.95;11.95;11.95;100
20160204 153900;11.94;11.94;11.94;11.94;100
20160204 154100;11.99;11.99;11.99;11.99;100
20160204 154500;11.96;11.97;11.96;11.97;200
20160204 154900;12;12;11.99;11.99;200
20160204 155200;11.98;11.99;11.98;11.99;200
20160204 155500;11.98;11.98;11.98;11.98;200
20160204 155600;11.98;11.98;11.98;11.98;200
20160204 155700;11.96;12;11.96;12;532
20160204 155800;11.95;11.95;11.95;11.95;200
20160204 155900;12;12;11.95;11.95;787
20160204 160000;11.94;11.95;11.89;11.95;1430
20160205 105900;11.78;11.78;11.78;11.78;100
20160205 110000;11.77;11.77;11.77;11.77;100
20160205 112200;11.77;11.78;11.77;11.78;400
20160205 112400;11.77;11.82;11.77;11.82;600
20160205 112700;11.9;11.9;11.9;11.9;100
20160205 140500;11.9;11.9;11.87;11.87;300
20160205 141700;11.83;11.83;11.83;11.83;100
20160205 142100;11.7601;11.7601;11.7601;11.7601;150
20160205 154200;11.9;11.9;11.88;11.9;500
20160205 154300;11.85;11.85;11.84;11.84;200
20160205 154400;11.87;11.875;11.87;11.87;500
20160205 154500;11.87;11.87;11.86;11.86;200
20160205 154900;11.8;11.8;11.8;11.8;100
20160205 155100;11.79;11.79;11.79;11.79;200
20160205 155700;11.82;11.87;11.82;11.85;900
20160205 160000;11.89;11.95;11.89;11.9;592
20160205 160100;11.9;11.9;11.9;11.9;80
