20160119 094600;13.38;13.38;13.38;13.38;100
20160119 095600;13.382;13.382;13.382;13.382;100
20160119 100700;13.4;13.4;13.36;13.36;4623
20160119 100800;13.32;13.32;13.32;13.32;300
20160119 101700;13.33;13.33;13.3;13.3;24640
20160119 101900;13.28;13.28;13.28;13.28;500
20160119 103200;13.29;13.29;13.28;13.28;500
20160119 104500;13.29;13.29;13.28;13.28;200
20160119 105700;13.3403;13.3403;13.3403;13.3403;580
20160119 110200;13.29;13.29;13.29;13.29;100
20160119 111800;13.29;13.29;13.29;13.29;100
20160119 113000;13.33;13.33;13.31;13.31;2270
20160119 113200;13.325;13.325;13.325;13.325;100
20160119 113700;13.33;13.33;13.33;13.33;500
20160119 113900;13.325;13.325;13.325;13.325;100
20160119 114800;13.33;13.33;13.33;13.33;100
20160119 115100;13.3258;13.3258;13.3258;13.3258;300
20160119 115800;13.33;13.33;13.33;13.33;200
20160119 120900;13.33;13.34;13.33;13.33;700
20160119 121200;13.325;13.325;13.325;13.325;100
20160119 121400;13.33;13.33;13.33;13.33;100
20160119 122000;13.33;13.33;13.33;13.33;400
20160119 122300;13.325;13.325;13.325;13.325;100
20160119 123000;13.325;13.325;13.325;13.325;100
20160119 124500;13.312;13.312;13.312;13.312;100
20160119 125300;13.312;13.312;13.312;13.312;100
20160119 130100;13.312;13.312;13.312;13.312;100
20160119 130800;13.3;13.3;13.3;13.3;100
20160119 131600;13.312;13.312;13.312;13.312;100
20160119 132400;13.31;13.31;13.31;13.31;100
20160119 132600;13.31;13.31;13.31;13.31;100
20160119 133000;13.32;13.32;13.3199;13.3199;300
20160119 134000;13.3;13.31;13.3;13.31;759
20160119 135500;13.31;13.31;13.31;13.31;100
20160119 140200;13.31;13.31;13.31;13.31;100
20160119 140400;13.3;13.3255;13.3;13.3;500
20160119 140900;13.3;13.3;13.3;13.3;100
20160119 141500;13.3;13.3;13.3;13.3;100
20160119 142200;13.3;13.3;13.3;13.3;100
20160119 142900;13.3;13.3;13.3;13.3;100
20160119 143500;13.31;13.31;13.31;13.31;100
20160119 144200;13.31;13.31;13.31;13.31;100
20160119 144700;13.31;13.31;13.31;13.31;100
20160119 145000;13.31;13.31;13.31;13.31;100
20160119 145700;13.31;13.31;13.31;13.31;100
20160119 150100;13.31;13.31;13.31;13.31;100
20160119 150300;13.3122;13.3122;13.3122;13.3122;514
20160119 151100;13.3;13.3;13.3;13.3;100
20160119 151400;13.31;13.31;13.31;13.31;100
20160119 151500;13.305;13.3099;13.305;13.3099;200
20160119 152100;13.3;13.3;13.3;13.3;100
20160119 152500;13.3;13.3;13.3;13.3;100
20160119 153000;13.3;13.3;13.3;13.3;100
20160119 153300;13.3;13.3;13.3;13.3;200
20160119 153400;13.3;13.3001;13.3;13.3001;214
20160119 153700;13.3;13.3;13.3;13.3;100
20160119 154000;13.3;13.3;13.3;13.3;100
20160119 154300;13.3;13.3;13.3;13.3;100
20160119 154600;13.3;13.3;13.3;13.3;200
20160119 154800;13.3;13.3;13.3;13.3;100
20160119 155000;13.3;13.3;13.3;13.3;100
20160119 155200;13.32;13.32;13.3;13.3;2830
20160119 155400;13.3;13.3;13.3;13.3;100
20160119 155600;13.3;13.3;13.3;13.3;100
20160119 155700;13.3;13.3;13.3;13.3;100
20160119 155800;13.3;13.3;13.3;13.3;100
20160119 155900;13.3;13.3;13.3;13.3;100
20160119 160000;13.3;13.3;13.3;13.3;100
20160120 101300;13.32;13.3201;13.3;13.3;462
20160120 103000;13.27;13.27;13.27;13.27;200
20160120 103400;13.2699;13.2699;13.255;13.255;1100
20160120 103700;13.27;13.27;13.27;13.27;300
20160120 104100;13.2583;13.2583;13.2583;13.2583;1500
20160120 104200;13.255;13.255;13.255;13.255;100
20160120 104500;13.27;13.27;13.27;13.27;700
20160120 105000;13.27;13.27;13.27;13.27;200
20160120 105300;13.3016;13.3097;13.26;13.26;802
20160120 111000;13.27;13.27;13.27;13.27;900
20160120 112600;13.26;13.26;13.26;13.26;200
20160120 112700;13.2399;13.2399;13.2399;13.2399;528
20160120 112800;13.22;13.22;13.22;13.22;100
20160120 112900;13.26;13.26;13.26;13.26;400
20160120 113200;13.21;13.21;13.21;13.21;200
20160120 113400;13.2;13.2;13.2;13.2;700
20160120 114300;13.1815;13.1815;13.18;13.18;800
20160120 114500;13.17;13.22;13.11;13.11;7122
20160120 114700;13.11;13.1352;13.11;13.1352;5054
20160120 115100;13.142;13.142;13.142;13.142;265
20160120 115900;13.12;13.12;13.12;13.12;200
20160120 121900;13.12;13.121;13.12;13.121;700
20160120 130000;13.12;13.1252;13.11;13.11;1652
20160120 131800;13.1;13.1;13.06;13.06;2200
20160120 134900;13.08;13.08;13.08;13.08;200
20160120 135600;13.09;13.09;13.09;13.09;3100
20160120 135700;13.1;13.1;13.1;13.1;200
20160120 140300;13.1;13.1;13.1;13.1;1000
20160120 140700;13.1;13.1;13.1;13.1;800
20160120 141700;13.09;13.09;13.09;13.09;400
20160120 141900;13.0973;13.0973;13.0973;13.0973;860
20160120 142400;13.1;13.1;13.1;13.1;800
20160120 144500;13.1;13.1;13.0881;13.0881;1600
20160120 150900;13.0969;13.0969;13.0969;13.0969;400
20160120 152800;13.1;13.1;13.1;13.1;100
20160120 153100;13.1;13.1;13.1;13.1;100
20160120 153200;13.09;13.09;13.09;13.09;2700
20160120 153400;13.1;13.1;13.1;13.1;100
20160120 153600;13.1;13.1;13.1;13.1;200
20160120 153800;13.1;13.1;13.1;13.1;100
20160120 153900;13.1;13.1;13.1;13.1;100
20160120 154000;13.1;13.1;13.1;13.1;400
20160120 154600;13.12;13.12;13.12;13.12;100
20160120 154700;13.12;13.13;13.12;13.13;300
20160120 154800;13.13;13.13;13.13;13.13;100
20160120 154900;13.13;13.13;13.13;13.13;100
20160120 155000;13.13;13.13;13.13;13.13;100
20160120 155100;13.13;13.13;13.13;13.13;100
20160120 155200;13.13;13.13;13.13;13.13;100
20160120 155300;13.13;13.13;13.13;13.13;200
20160120 155400;13.13;13.13;13.1299;13.1299;600
20160120 155500;13.13;13.13;13.13;13.13;100
20160120 155600;13.13;13.13;13.13;13.13;200
20160120 155700;13.13;13.13;13.13;13.13;200
20160120 155900;13.14;13.14;13.14;13.14;300
20160121 093300;13.1694;13.1694;13.1694;13.1694;800
20160121 094200;13.2;13.2;13.2;13.2;100
20160121 095100;13.18;13.18;13.18;13.18;100
20160121 102900;13.17;13.17;13.17;13.17;100
20160121 104400;13.17;13.17;13.17;13.17;100
20160121 105100;13.16;13.16;13.16;13.16;100
20160121 105400;13.16;13.16;13.16;13.16;100
20160121 110200;13.18;13.18;13.18;13.18;100
20160121 115900;13.2;13.2;13.2;13.2;400
20160121 120100;13.2;13.22;13.2;13.22;1200
20160121 120200;13.22;13.25;13.22;13.25;1629
20160121 121400;13.25;13.25;13.25;13.25;100
20160121 122000;13.24;13.24;13.24;13.24;100
20160121 123300;13.25;13.25;13.25;13.25;100
20160121 124200;13.25;13.25;13.25;13.25;100
20160121 130000;13.26;13.26;13.26;13.26;100
20160121 130500;13.26;13.26;13.26;13.26;100
20160121 132300;13.2414;13.2414;13.2414;13.2414;1000
20160121 132400;13.26;13.26;13.26;13.26;200
20160121 134200;13.24;13.25;13.24;13.25;300
20160121 140300;13.22;13.25;13.19;13.25;16327
20160121 140800;13.24;13.24;13.24;13.24;100
20160121 141600;13.22;13.22;13.2;13.2;2200
20160121 152200;13.23;13.23;13.23;13.23;100
20160121 152300;13.23;13.23;13.23;13.23;100
20160121 152500;13.22;13.22;13.22;13.22;100
20160121 152600;13.23;13.23;13.23;13.23;100
20160121 152900;13.24;13.24;13.24;13.24;100
20160121 153000;13.24;13.24;13.24;13.24;100
20160121 153100;13.24;13.24;13.24;13.24;100
20160121 153300;13.24;13.24;13.24;13.24;100
20160121 153400;13.24;13.24;13.24;13.24;100
20160121 155200;13.25;13.25;13.25;13.25;400
20160121 155300;13.25;13.25;13.25;13.25;314
20160122 094500;13.26;13.26;13.26;13.26;100
20160122 094700;13.26;13.26;13.26;13.26;230
20160122 102000;13.29;13.29;13.29;13.29;100
20160122 102200;13.2798;13.2798;13.2798;13.2798;600
20160122 102300;13.29;13.29;13.29;13.29;500
20160122 103200;13.2828;13.2828;13.2828;13.2828;700
20160122 103400;13.3;13.3;13.3;13.3;100
20160122 103500;13.29;13.29;13.29;13.29;100
20160122 103600;13.3;13.3;13.3;13.3;300
20160122 103900;13.37;13.37;13.37;13.37;100
20160122 105100;13.36;13.36;13.36;13.36;282
20160122 110100;13.36;13.36;13.36;13.36;300
20160122 110700;13.36;13.36;13.36;13.36;100
20160122 112600;13.36;13.36;13.36;13.36;130
20160122 113500;13.35;13.35;13.35;13.35;100
20160122 113900;13.33;13.33;13.33;13.33;300
20160122 114100;13.34;13.34;13.33;13.33;299
20160122 120700;13.37;13.37;13.37;13.37;100
20160122 123900;13.4;13.4;13.4;13.4;100
20160122 130100;13.38;13.38;13.38;13.38;100
20160122 131900;13.38;13.38;13.38;13.38;100
20160122 132000;13.37;13.38;13.37;13.38;1014
20160122 132500;13.38;13.38;13.38;13.38;100
20160122 132800;13.36;13.36;13.36;13.36;100
20160122 134100;13.38;13.38;13.38;13.38;100
20160122 140700;13.38;13.38;13.38;13.38;100
20160122 142700;13.38;13.38;13.38;13.38;100
20160122 144000;13.38;13.38;13.38;13.38;100
20160122 144500;13.38;13.38;13.38;13.38;100
20160122 144600;13.38;13.38;13.38;13.38;271
20160122 150200;13.38;13.38;13.38;13.38;100
20160122 151600;13.371;13.371;13.37;13.37;1140
20160122 152600;13.36;13.36;13.36;13.36;200
20160122 152700;13.36;13.36;13.36;13.36;100
20160122 152900;13.3483;13.37;13.3483;13.37;2361
20160122 153200;13.36;13.36;13.36;13.36;1468
20160122 154400;13.36;13.36;13.36;13.36;500
20160122 154800;13.358;13.36;13.358;13.36;1100
20160122 154900;13.36;13.36;13.36;13.36;200
20160122 155000;13.3663;13.37;13.3663;13.3663;899
20160122 155700;13.36;13.36;13.36;13.36;400
20160122 160000;13.36;13.36;13.36;13.36;100
20160125 095400;13.37;13.37;13.37;13.37;200
20160125 101100;13.38;13.38;13.3775;13.3775;280
20160125 102300;13.38;13.38;13.38;13.38;500
20160125 103300;13.38;13.38;13.3787;13.3787;280
20160125 104400;13.38;13.38;13.38;13.38;200
20160125 112700;13.38;13.38;13.38;13.38;200
20160125 131700;13.3674;13.3674;13.3674;13.3674;1000
20160125 131900;13.3599;13.3599;13.3599;13.3599;1000
20160125 151200;13.37;13.37;13.3601;13.3601;3266
20160125 152400;13.3604;13.3632;13.35;13.35;5660
20160125 152500;13.35;13.35;13.35;13.35;3700
20160125 153500;13.3201;13.3201;13.28;13.28;300
20160125 154600;13.2716;13.28;13.2716;13.28;400
20160125 155000;13.3;13.31;13.3;13.31;400
20160125 155100;13.2764;13.2764;13.2764;13.2764;200
20160125 155200;13.2832;13.2832;13.2801;13.2801;200
20160125 155300;13.2848;13.2848;13.2848;13.2848;100
20160125 155400;13.2764;13.2764;13.2764;13.2764;100
20160125 155500;13.2764;13.2764;13.2764;13.2764;100
20160126 093500;13.44;13.44;13.44;13.44;100
20160126 094600;13.3815;13.3815;13.3815;13.3815;100
20160126 101300;13.36;13.36;13.36;13.36;100
20160126 102200;13.35;13.35;13.35;13.35;100
20160126 103300;13.36;13.37;13.3599;13.37;668
20160126 103600;13.37;13.37;13.37;13.37;100
20160126 103800;13.37;13.37;13.37;13.37;400
20160126 104600;13.38;13.38;13.38;13.38;109
20160126 104700;13.4;13.4;13.4;13.4;100
20160126 111300;13.4;13.4;13.4;13.4;100
20160126 113400;13.4;13.4;13.4;13.4;100
20160126 113500;13.41;13.41;13.41;13.41;100
20160126 113800;13.41;13.41;13.41;13.41;100
20160126 114000;13.41;13.41;13.41;13.41;100
20160126 114200;13.41;13.41;13.41;13.41;100
20160126 114400;13.41;13.41;13.41;13.41;100
20160126 114700;13.42;13.42;13.42;13.42;100
20160126 121100;13.42;13.42;13.42;13.42;500
20160126 121300;13.47;13.47;13.47;13.47;100
20160126 122800;13.49;13.49;13.49;13.49;100
20160126 123100;13.49;13.49;13.49;13.49;100
20160126 123300;13.49;13.49;13.49;13.49;100
20160126 123500;13.49;13.49;13.49;13.49;100
20160126 123800;13.49;13.49;13.49;13.49;100
20160126 124100;13.51;13.51;13.51;13.51;100
20160126 133000;13.53;13.54;13.53;13.54;1805
20160126 133100;13.53;13.53;13.53;13.53;100
20160126 133300;13.54;13.54;13.54;13.54;200
20160126 133600;13.545;13.545;13.545;13.545;400
20160126 133700;13.54;13.54;13.54;13.54;500
20160126 133900;13.5391;13.5391;13.53;13.53;2100
20160126 134100;13.52;13.52;13.52;13.52;300
20160126 134400;13.5;13.5;13.5;13.5;900
20160126 134500;13.5;13.5;13.5;13.5;200
20160126 134700;13.5;13.5;13.48;13.48;700
20160126 134800;13.5;13.5;13.5;13.5;200
20160126 134900;13.5;13.5;13.5;13.5;200
20160126 135700;13.5;13.5;13.5;13.5;100
20160126 140500;13.49;13.49;13.49;13.49;100
20160126 140700;13.49;13.49;13.49;13.49;100
20160126 140900;13.49;13.49;13.4822;13.4893;1754
20160126 141100;13.49;13.49;13.49;13.49;100
20160126 141200;13.49;13.49;13.49;13.49;300
20160126 141400;13.49;13.49;13.49;13.49;100
20160126 141500;13.49;13.495;13.49;13.495;500
20160126 141700;13.48;13.481;13.48;13.481;1000
20160126 141900;13.4935;13.525;13.44;13.44;7583
20160126 142200;13.4676;13.4676;13.4676;13.4676;750
20160126 143400;13.44;13.44;13.44;13.44;100
20160126 143500;13.455;13.455;13.44;13.44;1600
20160126 144200;13.415;13.44;13.415;13.44;1373
20160126 144700;13.445;13.445;13.445;13.445;1000
20160126 145400;13.445;13.445;13.445;13.445;500
20160126 150000;13.44;13.44;13.44;13.44;500
20160126 152300;13.47;13.47;13.45;13.45;200
20160126 152400;13.47;13.47;13.45;13.45;200
20160126 152500;13.47;13.47;13.45;13.45;1200
20160126 152900;13.45;13.45;13.43;13.43;1200
20160126 153300;13.43;13.43;13.43;13.43;100
20160126 153900;13.43;13.43;13.43;13.43;100
20160126 154000;13.43;13.43;13.43;13.43;200
20160126 154100;13.43;13.43;13.43;13.43;100
20160126 154200;13.43;13.43;13.43;13.43;200
20160126 154900;13.44;13.44;13.44;13.44;100
20160126 155000;13.46;13.46;13.46;13.46;200
20160126 155100;13.46;13.46;13.46;13.46;300
20160126 155200;13.46;13.46;13.46;13.46;300
20160126 155300;13.46;13.46;13.46;13.46;300
20160126 155400;13.46;13.46;13.46;13.46;500
20160126 155500;13.46;13.46;13.46;13.46;300
20160126 155600;13.46;13.46;13.46;13.46;400
20160126 155700;13.46;13.46;13.46;13.46;400
20160126 155800;13.46;13.46;13.46;13.46;500
20160126 155900;13.47;13.47;13.47;13.47;400
20160126 160000;13.48;13.5;13.48;13.5;400
20160127 093600;13.5;13.5;13.5;13.5;100
20160127 101100;13.4108;13.44;13.41;13.4115;1026
20160127 101600;13.44;13.44;13.43;13.44;900
20160127 101700;13.44;13.44;13.44;13.44;200
20160127 102100;13.4669;13.4669;13.4669;13.4669;200
20160127 102200;13.44;13.44;13.44;13.44;100
20160127 102300;13.44;13.44;13.44;13.44;300
20160127 103300;13.45;13.4899;13.41;13.4899;1400
20160127 103700;13.44;13.44;13.43;13.43;500
20160127 105800;13.452;13.452;13.452;13.452;3500
20160127 110200;13.41;13.41;13.41;13.41;120
20160127 112100;13.4468;13.4468;13.4468;13.4468;700
20160127 112200;13.45;13.45;13.45;13.45;200
20160127 114900;13.41;13.41;13.41;13.41;200
20160127 115100;13.42;13.42;13.42;13.42;100
20160127 115200;13.41;13.41;13.41;13.41;1000
20160127 122200;13.4;13.4;13.4;13.4;100
20160127 125200;13.38;13.3894;13.35;13.35;10321
20160127 133800;13.3498;13.3498;13.33;13.33;2100
20160127 140400;13.33;13.33;13.33;13.33;1800
20160127 140800;13.3318;13.3318;13.3318;13.3318;432
20160127 142200;13.3355;13.3355;13.3355;13.3355;500
20160127 143000;13.34;13.34;13.31;13.3173;850
20160127 143300;13.34;13.38;13.3399;13.38;1306
20160127 143400;13.38;13.38;13.38;13.38;100
20160127 145000;13.3403;13.3403;13.34;13.34;366
20160128 095300;13.3758;13.3758;13.3758;13.3758;100
20160128 100600;13.34;13.34;13.34;13.34;100
20160128 100800;13.33;13.33;13.33;13.33;200
20160128 100900;13.33;13.33;13.33;13.33;200
20160128 102300;13.33;13.33;13.33;13.33;100
20160128 102500;13.33;13.33;13.33;13.33;100
20160128 110500;13.33;13.33;13.33;13.33;500
20160128 111400;13.33;13.33;13.33;13.33;200
20160128 111600;13.34;13.34;13.34;13.34;200
20160128 112000;13.33;13.33;13.33;13.33;400
20160128 112100;13.33;13.359;13.33;13.359;574
20160128 112900;13.34;13.34;13.34;13.34;300
20160128 113000;13.34;13.34;13.34;13.34;600
20160128 114400;13.36;13.36;13.36;13.36;100
20160128 115900;13.36;13.36;13.36;13.36;300
20160128 121100;13.38;13.38;13.38;13.38;100
20160128 122400;13.38;13.38;13.38;13.38;100
20160128 123200;13.36;13.36;13.36;13.36;400
20160128 123300;13.36;13.36;13.36;13.36;200
20160128 125800;13.36;13.36;13.36;13.36;200
20160128 150500;13.36;13.36;13.36;13.36;100
20160128 150800;13.36;13.36;13.36;13.36;100
20160128 151000;13.36;13.36;13.36;13.36;100
20160128 151300;13.36;13.36;13.36;13.36;100
20160128 151500;13.36;13.36;13.36;13.36;100
20160128 151800;13.36;13.36;13.36;13.36;100
20160128 152000;13.37;13.37;13.37;13.37;100
20160128 152100;13.37;13.38;13.355;13.38;1400
20160128 152200;13.38;13.38;13.38;13.38;100
20160128 152500;13.378;13.378;13.378;13.378;100
20160128 152700;13.378;13.378;13.378;13.378;100
20160128 152900;13.378;13.378;13.378;13.378;100
20160128 153100;13.37;13.37;13.37;13.37;100
20160128 153300;13.38;13.38;13.36;13.3678;2000
20160128 154400;13.388;13.388;13.388;13.388;100
20160128 154500;13.38;13.38;13.38;13.38;100
20160128 154700;13.37;13.37;13.37;13.37;100
20160128 154800;13.38;13.38;13.38;13.38;100
20160128 155000;13.38;13.38;13.38;13.38;100
20160128 155100;13.38;13.38;13.38;13.38;200
20160128 155200;13.39;13.39;13.39;13.39;100
20160128 155300;13.39;13.39;13.39;13.39;100
20160128 155400;13.39;13.39;13.39;13.39;100
20160128 155600;13.38;13.38;13.38;13.38;300
20160128 155700;13.38;13.38;13.378;13.378;200
20160128 155800;13.38;13.38;13.38;13.38;100
20160128 155900;13.38;13.38;13.37;13.38;500
20160129 093300;13.4973;13.4973;13.4973;13.4973;140
20160129 095800;13.491;13.491;13.491;13.491;212
20160129 100200;13.496;13.5;13.496;13.5;1500
20160129 101400;13.52;13.53;13.52;13.53;600
20160129 101900;13.52;13.52;13.47;13.52;500
20160129 111700;13.5199;13.5199;13.5199;13.5199;500
20160129 112000;13.5099;13.5099;13.5099;13.5099;500
20160129 112400;13.5099;13.5099;13.5099;13.5099;500
20160129 112600;13.508;13.508;13.508;13.508;100
20160129 112900;13.508;13.508;13.508;13.508;100
20160129 113600;13.508;13.508;13.508;13.508;100
20160129 113900;13.508;13.508;13.508;13.508;100
20160129 114300;13.508;13.508;13.508;13.508;100
20160129 114700;13.508;13.508;13.508;13.508;100
20160129 115100;13.508;13.51;13.508;13.51;200
20160129 115300;13.51;13.51;13.51;13.51;200
20160129 115500;13.508;13.508;13.508;13.508;100
20160129 115900;13.51;13.51;13.51;13.51;100
20160129 120300;13.51;13.51;13.51;13.51;100
20160129 120400;13.51;13.51;13.51;13.51;300
20160129 120700;13.51;13.51;13.51;13.51;100
20160129 121100;13.507;13.507;13.507;13.507;810
20160129 121200;13.51;13.51;13.51;13.51;100
20160129 121600;13.51;13.51;13.51;13.51;100
20160129 122100;13.51;13.51;13.51;13.51;100
20160129 122600;13.51;13.51;13.51;13.51;100
20160129 123100;13.51;13.51;13.51;13.51;100
20160129 123500;13.51;13.51;13.51;13.51;100
20160129 124000;13.53;13.53;13.53;13.53;200
20160129 124300;13.53;13.53;13.53;13.53;300
20160129 124400;13.52;13.52;13.52;13.52;230
20160129 124500;13.52;13.52;13.52;13.52;100
20160129 124600;13.51;13.51;13.51;13.51;200
20160129 124900;13.505;13.505;13.5;13.5;200
20160129 125500;13.498;13.498;13.498;13.498;100
20160129 130000;13.498;13.498;13.498;13.498;100
20160129 130500;13.498;13.498;13.498;13.498;100
20160129 130900;13.498;13.498;13.498;13.498;100
20160129 131400;13.498;13.498;13.498;13.498;100
20160129 131900;13.5;13.5;13.5;13.5;100
20160129 132400;13.5;13.5;13.5;13.5;100
20160129 132800;13.53;13.53;13.53;13.53;100
20160129 133300;13.53;13.53;13.53;13.53;100
20160129 133800;13.53;13.53;13.53;13.53;100
20160129 134000;13.53;13.53;13.53;13.53;100
20160129 134400;13.53;13.53;13.53;13.53;100
20160129 134700;13.53;13.53;13.53;13.53;100
20160129 135600;13.53;13.53;13.53;13.53;100
20160129 135900;13.5021;13.5021;13.501;13.501;1200
20160129 140000;13.5021;13.5021;13.5;13.5;1200
20160129 140400;13.53;13.53;13.53;13.53;200
20160129 140800;13.52;13.52;13.52;13.52;100
20160129 141200;13.518;13.518;13.518;13.518;100
20160129 141600;13.518;13.518;13.518;13.518;100
20160129 142000;13.518;13.518;13.518;13.518;100
20160129 142400;13.518;13.518;13.518;13.518;100
20160129 142800;13.518;13.518;13.518;13.518;100
20160129 143100;13.52;13.52;13.52;13.52;100
20160129 143500;13.52;13.52;13.52;13.52;100
20160129 143800;13.52;13.52;13.52;13.52;100
20160129 144200;13.52;13.52;13.52;13.52;100
20160129 144600;13.52;13.52;13.52;13.52;100
20160129 144900;13.52;13.52;13.52;13.52;100
20160129 145200;13.52;13.52;13.52;13.52;100
20160129 145500;13.52;13.52;13.52;13.52;100
20160129 145900;13.52;13.52;13.52;13.52;100
20160129 150200;13.52;13.52;13.52;13.52;100
20160129 150400;13.52;13.52;13.52;13.52;100
20160129 150700;13.52;13.52;13.52;13.52;100
20160129 151000;13.52;13.52;13.52;13.52;100
20160129 151300;13.52;13.52;13.52;13.52;100
20160129 151500;13.52;13.52;13.52;13.52;100
20160129 151800;13.52;13.52;13.52;13.52;100
20160129 152100;13.52;13.52;13.52;13.52;100
20160129 152300;13.52;13.52;13.52;13.52;200
20160129 152600;13.54;13.54;13.54;13.54;100
20160129 152800;13.52;13.52;13.52;13.52;100
20160129 153000;13.52;13.52;13.52;13.52;100
20160129 153200;13.52;13.52;13.52;13.52;100
20160129 153400;13.548;13.548;13.548;13.548;100
20160129 153600;13.55;13.55;13.55;13.55;100
20160129 153800;13.55;13.55;13.55;13.55;100
20160129 153900;13.55;13.55;13.55;13.55;100
20160129 154200;13.55;13.55;13.55;13.55;200
20160129 154500;13.55;13.55;13.55;13.55;200
20160129 154700;13.55;13.55;13.55;13.55;100
20160129 154800;13.55;13.55;13.55;13.55;100
20160129 155000;13.549;13.55;13.549;13.55;200
20160129 155100;13.55;13.55;13.55;13.55;100
20160129 155200;13.55;13.55;13.55;13.55;100
20160129 155300;13.6;13.625;13.595;13.625;500
20160129 155600;13.63;13.63;13.63;13.63;200
20160129 155700;13.63;13.64;13.63;13.64;300
20160129 155800;13.64;13.64;13.64;13.64;200
20160129 155900;13.64;13.64;13.64;13.64;400
20160129 160000;13.64;13.64;13.64;13.64;300
20160201 093200;13.63;13.63;13.63;13.63;400
20160201 093300;13.62;13.62;13.62;13.62;600
20160201 094600;13.5768;13.5768;13.5768;13.5768;305
20160201 094700;13.6;13.6;13.6;13.6;100
20160201 095100;13.6;13.6;13.6;13.6;100
20160201 095300;13.6;13.6;13.6;13.6;100
20160201 095700;13.6;13.6;13.6;13.6;100
20160201 100100;13.6;13.6;13.568;13.574;1508
20160201 100200;13.62;13.62;13.62;13.62;100
20160201 100700;13.62;13.62;13.62;13.62;100
20160201 101100;13.62;13.62;13.62;13.62;305
20160201 101200;13.62;13.62;13.62;13.62;100
20160201 101800;13.62;13.62;13.62;13.62;100
20160201 102300;13.62;13.62;13.62;13.62;100
20160201 102900;13.63;13.63;13.63;13.63;100
20160201 103500;13.63;13.63;13.63;13.63;100
20160201 103700;13.63;13.63;13.63;13.63;500
20160201 104100;13.63;13.63;13.63;13.63;100
20160201 104300;13.62;13.63;13.62;13.63;1100
20160201 104800;13.63;13.63;13.63;13.63;100
20160201 105200;13.6001;13.6001;13.6001;13.6001;750
20160201 105400;13.6216;13.6216;13.6216;13.6216;750
20160201 105500;13.6221;13.63;13.6221;13.63;900
20160201 105600;13.6111;13.6111;13.6111;13.6111;750
20160201 110200;13.63;13.63;13.63;13.63;100
20160201 110900;13.63;13.63;13.63;13.63;100
20160201 111700;13.63;13.63;13.63;13.63;100
20160201 112200;13.6081;13.63;13.6081;13.63;830
20160201 112400;13.63;13.63;13.63;13.63;100
20160201 113200;13.63;13.63;13.63;13.63;100
20160201 113800;13.6299;13.6299;13.6299;13.6299;383
20160201 114100;13.63;13.63;13.63;13.63;100
20160201 115000;13.63;13.63;13.63;13.63;100
20160201 115400;13.62;13.6228;13.6;13.6228;1000
20160201 120800;13.63;13.63;13.63;13.63;100
20160201 121800;13.63;13.63;13.63;13.63;100
20160201 122800;13.63;13.63;13.63;13.63;100
20160201 123700;13.62;13.62;13.62;13.62;100
20160201 124400;13.62;13.62;13.62;13.62;100
20160201 124900;13.62;13.62;13.62;13.62;100
20160201 125100;13.6185;13.6185;13.6185;13.6185;100
20160201 125200;13.62;13.62;13.62;13.62;100
20160201 131400;13.63;13.63;13.63;13.63;100
20160201 132600;13.63;13.63;13.63;13.63;100
20160201 133700;13.63;13.63;13.63;13.63;100
20160201 133900;13.629;13.63;13.624;13.63;2500
20160201 134400;13.63;13.63;13.63;13.63;100
20160201 135000;13.63;13.63;13.63;13.63;100
20160201 135400;13.63;13.63;13.6252;13.6252;2000
20160201 135500;13.63;13.63;13.63;13.63;100
20160201 140000;13.63;13.63;13.63;13.63;125
20160201 142500;13.6101;13.63;13.6101;13.63;2200
20160201 143200;13.62;13.62;13.61;13.61;1800
20160201 143300;13.6;13.6;13.59;13.59;1475
20160201 144100;13.59;13.59;13.59;13.59;100
20160201 155400;13.606;13.6096;13.605;13.6096;500
20160202 095000;13.55;13.55;13.55;13.55;100
20160202 095100;13.57;13.57;13.57;13.57;200
20160202 102400;13.57;13.57;13.57;13.57;100
20160202 102900;13.56;13.56;13.55;13.55;1500
20160202 103000;13.52;13.55;13.47;13.49;11349
20160202 103100;13.48;13.48;13.48;13.48;3000
20160202 103500;13.55;13.55;13.55;13.55;100
20160202 104300;13.52;13.52;13.52;13.52;100
20160202 104700;13.5385;13.539;13.5385;13.539;1500
20160202 105800;13.519;13.519;13.519;13.519;200
20160202 105900;13.54;13.54;13.5;13.5;900
20160202 110100;13.52;13.536;13.52;13.535;1000
20160202 110600;13.54;13.54;13.54;13.54;200
20160202 110900;13.54;13.54;13.54;13.54;200
20160202 111200;13.54;13.54;13.54;13.54;100
20160202 111300;13.54;13.54;13.54;13.54;200
20160202 111500;13.55;13.55;13.55;13.55;100
20160202 111600;13.55;13.55;13.55;13.55;400
20160202 112000;13.5485;13.55;13.5485;13.55;1200
20160202 112200;13.55;13.55;13.55;13.55;400
20160202 113000;13.55;13.55;13.55;13.55;300
20160202 114900;13.54;13.54;13.54;13.54;100
20160202 115000;13.54;13.54;13.54;13.54;400
20160202 115100;13.54;13.54;13.54;13.54;300
20160202 115200;13.54;13.54;13.54;13.54;700
20160202 115300;13.54;13.54;13.54;13.54;700
20160202 115400;13.54;13.54;13.54;13.54;600
20160202 115500;13.54;13.54;13.54;13.54;300
20160202 115800;13.54;13.54;13.54;13.54;100
20160202 115900;13.54;13.54;13.54;13.54;200
20160202 120900;13.5203;13.5203;13.5203;13.5203;1000
20160202 121100;13.527;13.527;13.527;13.527;1000
20160202 121400;13.52;13.53;13.506;13.527;1800
20160202 121700;13.518;13.518;13.518;13.518;1000
20160202 121900;13.5;13.515;13.5;13.5025;1320
20160202 124000;13.5069;13.5069;13.5069;13.5069;500
20160202 125900;13.51;13.51;13.51;13.51;100
20160202 133800;13.4801;13.5;13.48;13.4801;2968
20160202 134000;13.48;13.48;13.48;13.48;900
20160202 134100;13.47;13.47;13.47;13.47;100
20160202 134500;13.47;13.47;13.47;13.47;1000
20160202 134600;13.47;13.47;13.47;13.47;400
20160202 135100;13.47;13.48;13.47;13.47;4500
20160202 135200;13.46;13.47;13.46;13.46;600
20160202 140200;13.4728;13.4728;13.4728;13.4728;225
20160202 140300;13.48;13.48;13.48;13.48;100
20160202 140400;13.48;13.48;13.48;13.48;100
20160202 141500;13.48;13.48;13.48;13.48;100
20160202 142800;13.48;13.48;13.48;13.48;1000
20160202 143000;13.48;13.48;13.48;13.48;400
20160202 143500;13.49;13.49;13.49;13.49;100
20160202 152600;13.49;13.49;13.49;13.49;100
20160202 152900;13.5;13.5;13.4918;13.4918;1500
20160202 154600;13.5;13.5;13.49;13.49;1200
20160202 154700;13.505;13.505;13.5;13.5;300
20160202 154800;13.49;13.49;13.49;13.49;400
20160202 160000;13.5;13.5;13.5;13.5;100
20160203 094100;13.56;13.56;13.56;13.56;200
20160203 094400;13.53;13.545;13.53;13.53;1300
20160203 100700;13.52;13.52;13.52;13.52;200
20160203 101700;13.52;13.5201;13.52;13.5201;200
20160203 102400;13.53;13.53;13.521;13.53;300
20160203 111400;13.53;13.53;13.53;13.53;100
20160203 111600;13.54;13.61;13.54;13.61;10400
20160203 114400;13.61;13.61;13.61;13.61;100
20160203 114700;13.61;13.61;13.61;13.61;700
20160203 114800;13.61;13.61;13.61;13.61;100
20160203 114900;13.61;13.61;13.61;13.61;100
20160203 115100;13.61;13.61;13.61;13.61;400
20160203 121300;13.61;13.61;13.61;13.61;100
20160203 121800;13.61;13.61;13.61;13.61;100
20160203 122300;13.61;13.61;13.61;13.61;100
20160203 122900;13.61;13.61;13.61;13.61;100
20160203 123500;13.61;13.61;13.61;13.61;100
20160203 124100;13.61;13.61;13.61;13.61;100
20160203 135200;13.5801;13.5801;13.5801;13.5801;1750
20160203 141300;13.586;13.586;13.586;13.586;1750
20160203 141800;13.586;13.586;13.586;13.586;1000
20160203 144500;13.64;13.64;13.64;13.64;100
20160203 145300;13.64;13.64;13.64;13.64;100
20160203 145900;13.64;13.64;13.64;13.64;100
20160203 150100;13.64;13.64;13.64;13.64;100
20160203 150300;13.64;13.64;13.64;13.64;100
20160203 150400;13.64;13.64;13.64;13.64;100
20160203 150600;13.64;13.64;13.64;13.64;100
20160203 150800;13.64;13.64;13.64;13.64;100
20160203 151000;13.64;13.64;13.6;13.6;200
20160203 151300;13.64;13.64;13.64;13.64;100
20160203 151500;13.64;13.64;13.62;13.62;3986
20160203 151800;13.64;13.64;13.64;13.64;100
20160203 152000;13.64;13.64;13.64;13.64;100
20160203 152100;13.64;13.64;13.64;13.64;100
20160203 152200;13.6214;13.6214;13.61;13.61;1300
20160203 152400;13.64;13.64;13.64;13.64;100
20160203 152500;13.64;13.64;13.64;13.64;100
20160203 152600;13.64;13.64;13.64;13.64;100
20160203 152800;13.64;13.64;13.64;13.64;100
20160203 152900;13.64;13.64;13.64;13.64;100
20160203 153000;13.64;13.64;13.64;13.64;100
20160203 153500;13.64;13.64;13.6369;13.6369;3000
20160203 154200;13.64;13.64;13.64;13.64;100
20160203 154800;13.6401;13.67;13.62;13.62;3000
20160203 155000;13.64;13.64;13.64;13.64;200
20160203 155100;13.64;13.64;13.64;13.64;100
20160203 155200;13.64;13.64;13.64;13.64;100
20160203 155300;13.64;13.64;13.64;13.64;100
20160203 155700;13.625;13.625;13.625;13.625;293
20160203 160000;13.64;13.64;13.61;13.61;950
20160204 121400;13.63;13.63;13.63;13.63;200
20160204 121600;13.6566;13.6566;13.6566;13.6566;750
20160204 122700;13.6166;13.6166;13.6166;13.6166;1500
20160204 131100;13.65;13.65;13.65;13.65;450
20160204 131200;13.669;13.669;13.666;13.666;1000
20160204 131600;13.66;13.66;13.66;13.66;2060
20160204 131800;13.66;13.661;13.64;13.64;3300
20160204 132200;13.6311;13.6311;13.6311;13.6311;100
20160204 134400;13.66;13.66;13.66;13.66;1000
20160204 143400;13.6301;13.6301;13.6301;13.6301;1500
20160204 155500;13.6401;13.6401;13.6401;13.6401;7083
20160204 155900;13.65;13.65;13.65;13.65;100
20160205 100700;13.6;13.6;13.55;13.55;633
20160205 101000;13.63;13.63;13.63;13.63;100
20160205 101300;13.62;13.62;13.6199;13.62;3000
20160205 102000;13.65;13.65;13.65;13.65;100
20160205 102500;13.64;13.64;13.64;13.64;100
20160205 103200;13.6399;13.6399;13.61;13.61;2200
20160205 103300;13.637;13.64;13.6;13.6;1879
20160205 103400;13.62;13.62;13.61;13.61;1300
20160205 104200;13.64;13.64;13.64;13.64;100
20160205 104600;13.64;13.64;13.64;13.64;100
20160205 105000;13.64;13.64;13.64;13.64;654
20160205 105400;13.64;13.64;13.64;13.64;100
20160205 105800;13.64;13.64;13.64;13.64;100
20160205 110200;13.64;13.64;13.64;13.64;100
20160205 110600;13.64;13.64;13.64;13.64;100
20160205 111000;13.65;13.65;13.65;13.65;100
20160205 111400;13.65;13.65;13.65;13.65;100
20160205 111800;13.65;13.65;13.65;13.65;100
20160205 112300;13.6101;13.6101;13.6101;13.6101;1250
20160205 112600;13.64;13.64;13.64;13.64;100
20160205 113200;13.64;13.64;13.64;13.64;1873
20160205 120500;13.61;13.61;13.61;13.61;100
20160205 120800;13.625;13.625;13.625;13.625;134
20160205 123300;13.6214;13.6214;13.61;13.61;1100
20160205 132000;13.61;13.61;13.59;13.59;3700
20160205 132800;13.61;13.61;13.58;13.58;3000
20160205 140600;13.5855;13.5855;13.5855;13.5855;550
20160205 141600;13.585;13.585;13.56;13.56;397
20160205 151800;13.58;13.58;13.58;13.58;100
20160205 160000;13.58;13.58;13.58;13.58;300
