20160119 095400;10.1742;10.1742;10.1742;10.1742;200
20160119 095500;10.17;10.174;10.16;10.16;2525
20160119 101200;10.16;10.16;10.16;10.16;543
20160119 101800;10.16;10.16;10.16;10.16;1327
20160119 102100;10.15;10.15;10.09;10.14;1600
20160119 103100;10.14;10.14;10.14;10.14;100
20160119 103700;10.15;10.15;10.13;10.13;1000
20160119 105200;10.13;10.13;10.13;10.13;100
20160119 105800;10.1593;10.16;10.1593;10.16;200
20160119 114700;10.16;10.16;10.16;10.16;200
20160119 121700;10.155;10.157;10.15;10.157;588
20160119 123400;10.16;10.16;10.16;10.16;320
20160119 123700;10.16;10.16;10.16;10.16;400
20160119 141800;10.14;10.14;10.13;10.13;600
20160119 142400;10.13;10.15;10.09;10.14;4573
20160119 143000;10.09;10.09;10.09;10.09;100
20160119 145500;10.1;10.1;10.1;10.1;294
20160119 151000;10.1;10.1;10.1;10.1;400
20160119 153300;10.1057;10.1057;10.1057;10.1057;300
20160119 154700;10.1;10.12;10.1;10.12;700
20160119 155300;10.12;10.12;10.12;10.12;200
20160119 160000;10.11;10.11;10.11;10.11;900
20160120 094500;10.02;10.02;10.02;10.02;300
20160120 095200;10.01;10.02;10.01;10.01;5500
20160120 095300;10.01;10.01;10.01;10.01;500
20160120 100200;9.97;9.97;9.84;9.84;2800
20160120 104400;9.89;9.97;9.85;9.85;1800
20160120 105000;9.87;9.965;9.84;9.965;4600
20160120 105100;9.91;9.91;9.85;9.8878;612
20160120 110400;9.89;9.9;9.886;9.886;5281
20160120 110700;9.98;9.98;9.98;9.98;300
20160120 111700;9.89;9.89;9.89;9.89;150
20160120 112500;9.91;9.91;9.91;9.91;100
20160120 114700;9.9101;9.9101;9.9101;9.9101;1200
20160120 121300;9.91;9.91;9.91;9.91;750
20160120 130800;9.98;9.98;9.98;9.98;100
20160120 131000;9.9301;9.9301;9.9301;9.9301;144
20160120 132200;9.94;9.94;9.93;9.93;489
20160120 134800;9.95;9.96;9.95;9.96;2500
20160120 140800;9.96;9.96;9.96;9.96;500
20160120 143100;9.945;9.96;9.94;9.94;900
20160120 144900;9.97;9.97;9.97;9.97;100
20160120 145400;9.97;9.97;9.97;9.97;200
20160120 145500;9.97;9.98;9.97;9.98;1600
20160120 145700;9.98;9.98;9.98;9.98;300
20160120 153400;10.01;10.01;10.01;10.01;300
20160120 155900;10.02;10.02;10;10;985
20160120 160000;10;10;10;10;400
20160121 094800;10.142;10.142;10.142;10.142;200
20160121 100200;10.045;10.045;10.03;10.03;700
20160121 100300;10.02;10.02;10.02;10.02;300
20160121 100800;10.03;10.03;10.03;10.03;100
20160121 102000;10.0772;10.0772;10.0772;10.0772;500
20160121 104800;10.07;10.07;10.07;10.07;100
20160121 104900;10.06;10.06;10.06;10.06;209
20160121 105200;10.09;10.09;10.09;10.09;100
20160121 120700;10.11;10.11;10.11;10.11;100
20160121 123400;10.13;10.13;10.13;10.13;500
20160121 123500;10.13;10.13;10.13;10.13;400
20160121 141600;10.13;10.13;10.13;10.13;200
20160121 144400;10.13;10.13;10.13;10.13;100
20160121 152400;10.14;10.14;10.14;10.14;100
20160121 153900;10.14;10.14;10.14;10.14;100
20160121 154800;10.14;10.14;10.14;10.14;200
20160121 154900;10.14;10.14;10.14;10.14;100
20160122 105900;10.17;10.17;10.17;10.17;116
20160122 110700;10.197;10.2;10.197;10.2;1155
20160122 115700;10.1757;10.1757;10.1757;10.1757;200
20160122 130600;10.19;10.19;10.19;10.19;100
20160122 132900;10.19;10.19;10.19;10.19;371
20160122 134700;10.21;10.21;10.21;10.21;1600
20160122 134800;10.21;10.23;10.21;10.23;200
20160122 134900;10.21;10.21;10.21;10.21;400
20160122 135000;10.21;10.21;10.21;10.21;500
20160122 135300;10.21;10.21;10.21;10.21;800
20160122 135500;10.21;10.21;10.21;10.21;100
20160122 135600;10.21;10.22;10.21;10.22;700
20160122 135700;10.21;10.21;10.21;10.21;700
20160122 141100;10.19;10.19;10.19;10.19;600
20160122 150200;10.2;10.2;10.2;10.2;300
20160122 152000;10.21;10.21;10.21;10.21;100
20160122 152100;10.21;10.21;10.21;10.21;400
20160122 153500;10.21;10.21;10.21;10.21;200
20160122 154700;10.21;10.21;10.21;10.21;100
20160122 154900;10.21;10.21;10.21;10.21;100
20160122 155100;10.21;10.21;10.21;10.21;100
20160122 155300;10.21;10.21;10.21;10.21;100
20160122 155600;10.21;10.21;10.21;10.21;100
20160122 155900;10.21;10.21;10.21;10.21;300
20160125 114300;10.17;10.173;10.164;10.168;700
20160125 121300;10.16;10.16;10.16;10.16;400
20160125 121400;10.16;10.16;10.16;10.16;400
20160125 121900;10.16;10.17;10.16;10.17;900
20160125 122000;10.16;10.16;10.16;10.16;500
20160125 122300;10.16;10.16;10.15;10.15;200
20160125 122400;10.14;10.14;10.14;10.14;100
20160125 122500;10.11;10.11;10.11;10.11;300
20160125 123900;10.12;10.12;10.12;10.12;280
20160125 130400;10.13;10.13;10.13;10.13;196
20160125 135900;10.12;10.121;10.12;10.121;200
20160125 155200;10.12;10.12;10.12;10.12;200
20160126 093900;10.15;10.15;10.15;10.15;300
20160126 094600;10.27;10.27;10.27;10.27;100
20160126 105800;10.21;10.24;10.21;10.24;700
20160126 112900;10.21;10.21;10.21;10.21;900
20160126 113100;10.22;10.22;10.22;10.22;100
20160126 113200;10.21;10.21;10.21;10.21;200
20160126 113600;10.22;10.22;10.22;10.22;400
20160126 115300;10.21;10.21;10.21;10.21;1900
20160126 122800;10.21;10.21;10.21;10.21;1500
20160126 123900;10.21;10.21;10.21;10.21;678
20160126 124100;10.21;10.21;10.21;10.21;200
20160126 124500;10.21;10.21;10.21;10.21;200
20160126 124700;10.22;10.22;10.22;10.22;100
20160126 125100;10.21;10.21;10.21;10.21;822
20160126 125700;10.22;10.22;10.22;10.22;1100
20160126 125800;10.21;10.21;10.21;10.21;300
20160126 125900;10.21;10.21;10.21;10.21;600
20160126 130000;10.21;10.21;10.21;10.21;800
20160126 130100;10.21;10.21;10.21;10.21;1022
20160126 130200;10.22;10.22;10.22;10.22;200
20160126 130300;10.22;10.22;10.21;10.21;400
20160126 132200;10.22;10.22;10.22;10.22;800
20160126 143900;10.23;10.23;10.23;10.23;100
20160126 145600;10.23;10.23;10.23;10.23;108
20160126 151000;10.23;10.23;10.23;10.23;208
20160126 153400;10.26;10.26;10.26;10.26;300
20160126 154300;10.27;10.27;10.27;10.27;500
20160127 114100;10.28;10.28;10.26;10.26;700
20160127 114500;10.27;10.27;10.27;10.27;100
20160127 120200;10.26;10.26;10.26;10.26;600
20160127 124100;10.27;10.27;10.27;10.27;800
20160127 124200;10.27;10.27;10.25;10.25;2400
20160127 124300;10.24;10.24;10.24;10.24;4143
20160127 124500;10.25;10.25;10.24;10.24;4100
20160127 124900;10.26;10.37;10.26;10.37;5358
20160127 130200;10.27;10.27;10.27;10.27;200
20160127 130400;10.26;10.26;10.26;10.26;200
20160127 130500;10.275;10.275;10.275;10.275;100
20160127 131200;10.26;10.26;10.26;10.26;500
20160127 132700;10.26;10.26;10.26;10.26;1000
20160127 141000;10.24;10.24;10.17;10.17;3222
20160127 144300;10.2015;10.2015;10.2015;10.2015;809
20160127 145200;10.22;10.22;10.22;10.22;300
20160127 153000;10.23;10.23;10.23;10.23;100
20160127 154200;10.23;10.2499;10.23;10.2499;420
20160128 100200;10.31;10.31;10.31;10.31;100
20160128 100500;10.29;10.29;10.29;10.29;113
20160128 112800;10.3;10.3;10.3;10.3;100
20160128 123600;10.3;10.3;10.3;10.3;500
20160128 123900;10.31;10.31;10.31;10.31;200
20160128 124700;10.31;10.32;10.31;10.32;200
20160128 130000;10.305;10.305;10.305;10.305;100
20160128 130200;10.3;10.3;10.3;10.3;200
20160128 132100;10.29;10.29;10.29;10.29;418
20160128 132500;10.29;10.29;10.29;10.29;200
20160128 132800;10.29;10.29;10.29;10.29;200
20160128 133900;10.29;10.29;10.29;10.29;400
20160128 134200;10.3;10.3;10.3;10.3;200
20160128 143500;10.295;10.295;10.295;10.295;100
20160128 143700;10.295;10.295;10.295;10.295;200
20160128 143900;10.295;10.295;10.295;10.295;100
20160128 144200;10.295;10.295;10.295;10.295;200
20160128 144500;10.295;10.3;10.295;10.3;300
20160128 144900;10.295;10.295;10.295;10.295;300
20160128 145400;10.29;10.29;10.29;10.29;700
20160128 145600;10.29;10.295;10.29;10.295;500
20160128 150500;10.3;10.33;10.3;10.33;700
20160128 151000;10.29;10.29;10.29;10.29;100
20160128 151100;10.29;10.29;10.29;10.29;100
20160128 151300;10.29;10.29;10.29;10.29;100
20160128 151400;10.29;10.29;10.29;10.29;100
20160128 152800;10.29;10.29;10.29;10.29;1000
20160128 153000;10.29;10.29;10.29;10.29;100
20160128 154100;10.29;10.29;10.29;10.29;1100
20160128 154500;10.29;10.29;10.29;10.29;1000
20160128 154600;10.29;10.29;10.29;10.29;300
20160128 155100;10.29;10.29;10.29;10.29;100
20160128 155200;10.29;10.29;10.29;10.29;100
20160128 155300;10.29;10.32;10.29;10.29;1000
20160128 155500;10.29;10.29;10.29;10.29;200
20160128 155700;10.29;10.29;10.29;10.29;100
20160128 160000;10.29;10.29;10.29;10.29;1390
20160129 102300;10.33;10.33;10.33;10.33;200
20160129 102500;10.32;10.32;10.32;10.32;200
20160129 103700;10.32;10.32;10.32;10.32;600
20160129 111400;10.32;10.35;10.32;10.35;200
20160129 113000;10.32;10.32;10.32;10.32;100
20160129 130500;10.324;10.324;10.324;10.324;100
20160129 131700;10.34;10.34;10.34;10.34;500
20160129 131800;10.34;10.34;10.34;10.34;299
20160129 131900;10.34;10.34;10.34;10.34;100
20160129 132100;10.34;10.34;10.34;10.34;300
20160129 132300;10.35;10.35;10.35;10.35;200
20160129 132500;10.36;10.36;10.35;10.35;500
20160129 133000;10.35;10.35;10.35;10.35;200
20160129 133100;10.35;10.35;10.35;10.35;200
20160129 133700;10.35;10.35;10.35;10.35;400
20160129 133900;10.35;10.35;10.35;10.35;500
20160129 134200;10.35;10.35;10.35;10.35;100
20160129 134400;10.35;10.35;10.35;10.35;500
20160129 134700;10.35;10.35;10.35;10.35;400
20160129 134900;10.35;10.36;10.35;10.36;600
20160129 135000;10.35;10.35;10.35;10.35;500
20160129 135100;10.35;10.35;10.35;10.35;400
20160129 135200;10.35;10.35;10.35;10.35;700
20160129 135500;10.35;10.36;10.35;10.36;1200
20160129 135600;10.35;10.35;10.35;10.35;700
20160129 135700;10.35;10.35;10.35;10.35;1100
20160129 143900;10.36;10.36;10.36;10.36;300
20160129 144700;10.41;10.41;10.41;10.41;100
20160129 150800;10.38;10.3898;10.38;10.3898;600
20160129 155700;10.41;10.41;10.41;10.41;100
20160129 155800;10.41;10.41;10.41;10.41;100
20160129 155900;10.41;10.41;10.41;10.41;100
20160129 160000;10.41;10.41;10.41;10.41;200
20160201 100100;10.3723;10.3723;10.3723;10.3723;162
20160201 102000;10.34;10.35;10.34;10.35;500
20160201 104800;10.31;10.31;10.31;10.31;100
20160201 104900;10.32;10.32;10.32;10.32;100
20160201 110100;10.32;10.32;10.32;10.32;400
20160201 110400;10.32;10.32;10.32;10.32;840
20160201 112300;10.32;10.32;10.32;10.32;400
20160201 114000;10.32;10.32;10.32;10.32;691
20160201 115400;10.32;10.32;10.32;10.32;600
20160201 143500;10.32;10.32;10.32;10.32;200
20160201 152600;10.32;10.32;10.32;10.32;105
20160201 152900;10.32;10.32;10.32;10.32;500
20160201 153600;10.32;10.32;10.32;10.32;1000
20160201 155500;10.32;10.32;10.32;10.32;105
20160202 155900;10.29;10.29;10.29;10.29;100
20160203 093300;10.3;10.3;10.3;10.3;200
20160203 095600;10.29;10.2901;10.29;10.2901;400
20160203 103900;10.29;10.29;10.29;10.29;100
20160203 130900;10.29;10.29;10.29;10.29;200
20160203 131300;10.29;10.29;10.29;10.29;100
20160203 131600;10.29;10.29;10.29;10.29;100
20160203 131900;10.29;10.29;10.29;10.29;100
20160203 132200;10.29;10.29;10.29;10.29;100
20160203 132500;10.29;10.29;10.29;10.29;100
20160203 132800;10.29;10.29;10.29;10.29;100
20160203 133000;10.29;10.29;10.29;10.29;100
20160203 133600;10.28;10.28;10.28;10.28;395
20160203 133700;10.28;10.28;10.28;10.28;100
20160203 141800;10.28;10.28;10.28;10.28;100
20160203 144000;10.254;10.254;10.254;10.254;200
20160203 145600;10.29;10.29;10.2886;10.29;948
20160203 145800;10.29;10.29;10.29;10.29;205
20160203 151700;10.29;10.29;10.29;10.29;890
20160203 154900;10.29;10.29;10.29;10.29;105
20160203 160000;10.28;10.28;10.28;10.28;300
20160204 100800;10.29;10.29;10.29;10.29;200
20160204 110600;10.29;10.29;10.29;10.29;174
20160204 114900;10.3086;10.31;10.3086;10.31;600
20160204 120600;10.31;10.31;10.31;10.31;300
20160204 121400;10.31;10.31;10.31;10.31;300
20160204 122400;10.32;10.32;10.32;10.32;233
20160204 130600;10.31;10.31;10.31;10.31;300
20160204 132900;10.31;10.31;10.31;10.31;200
20160204 154800;10.3193;10.32;10.3193;10.32;600
20160204 155900;10.31;10.31;10.31;10.31;100
20160205 101700;10.29;10.29;10.29;10.29;100
20160205 102700;10.3;10.3;10.3;10.3;113
20160205 102900;10.3;10.32;10.3;10.32;300
20160205 121800;10.3086;10.3086;10.3086;10.3086;100
20160205 132000;10.31;10.31;10.31;10.31;700
20160205 155900;10.31;10.31;10.31;10.31;100
