20160119 100200;7.02;7.02;7.02;7.02;570
20160119 100800;6.9999;6.9999;6.9999;6.9999;1000
20160119 101100;6.9956;7;6.9956;6.9999;1860
20160119 101200;7;7;7;7;1725
20160119 102300;7;7;7;7;100
20160119 103000;7;7;7;7;600
20160119 103100;7;7;7;7;100
20160119 103900;7;7;7;7;100
20160119 104700;6.99;6.99;6.99;6.99;400
20160119 110900;7;7;7;7;100
20160119 111400;7;7;7;7;100
20160119 112000;6.96;6.96;6.96;6.96;200
20160119 112400;6.96;6.96;6.96;6.96;3219
20160119 113500;6.9301;6.9301;6.9;6.9;2100
20160119 114600;6.9;6.9;6.9;6.9;500
20160119 114900;6.9;6.9;6.9;6.9;200
20160119 115100;6.9;6.93;6.9;6.93;200
20160119 120700;6.95;6.95;6.95;6.95;100
20160119 123300;6.94;6.94;6.94;6.94;100
20160119 125300;6.94;6.94;6.94;6.94;100
20160119 125500;6.94;6.94;6.94;6.94;100
20160119 125900;6.94;6.94;6.94;6.94;100
20160119 130300;6.93;6.93;6.93;6.93;100
20160119 130500;6.93;6.93;6.93;6.93;100
20160119 134000;6.91;6.91;6.9;6.9;400
20160119 135200;6.9;6.9;6.9;6.9;100
20160119 135800;6.87;6.87;6.78;6.8;12189
20160119 140100;6.82;6.82;6.82;6.82;100
20160119 141800;6.79;6.79;6.78;6.78;1070
20160119 142000;6.78;6.78;6.78;6.78;100
20160119 143600;6.78;6.78;6.78;6.78;100
20160119 143900;6.78;6.7894;6.78;6.78;1340
20160119 145800;6.64;6.64;6.63;6.63;1400
20160119 145900;6.62;6.62;6.62;6.62;100
20160119 151600;6.6;6.6;6.6;6.6;100
20160119 152000;6.57;6.57;6.57;6.57;200
20160119 152100;6.6;6.6;6.6;6.6;100
20160119 153300;6.61;6.61;6.61;6.61;100
20160119 153500;6.6099;6.6099;6.6;6.6;800
20160119 153700;6.61;6.61;6.57;6.57;400
20160119 154400;6.56;6.57;6.5501;6.57;614
20160119 154600;6.57;6.57;6.57;6.57;100
20160119 154700;6.5639;6.5639;6.53;6.53;4086
20160119 154800;6.569;6.569;6.569;6.569;100
20160119 155000;6.55;6.55;6.55;6.55;100
20160119 155100;6.53;6.53;6.52;6.5201;472
20160119 155300;6.52;6.52;6.52;6.52;326
20160119 155500;6.53;6.53;6.52;6.52;272
20160119 155600;6.53;6.53;6.53;6.53;100
20160119 155800;6.56;6.56;6.56;6.56;100
20160119 155900;6.53;6.5301;6.53;6.5301;817
20160119 160000;6.53;6.55;6.53;6.55;367
20160120 093100;6.174;6.174;6.0942;6.0942;450
20160120 093200;7.04;7.04;7.04;7.04;100
20160120 095700;6.76;6.76;6.76;6.76;100
20160120 100100;6.71;6.71;6.55;6.55;400
20160120 100500;6.54;6.54;6.54;6.54;100
20160120 100600;6.5;6.5;6.5;6.5;5000
20160120 101100;6.54;6.56;6.54;6.56;300
20160120 101700;6.48;6.48;6.41;6.41;2000
20160120 102600;6.43;6.446;6.43;6.446;500
20160120 102800;6.438;6.45;6.438;6.45;500
20160120 102900;6.45;6.45;6.45;6.45;100
20160120 105200;6.45;6.45;6.45;6.45;100
20160120 110600;6.48;6.49;6.48;6.49;200
20160120 110700;6.5;6.5;6.5;6.5;100
20160120 111100;6.5;6.5;6.5;6.5;100
20160120 111200;6.4901;6.4901;6.4901;6.4901;300
20160120 112700;6.49;6.49;6.49;6.49;100
20160120 113000;6.4961;6.4961;6.4961;6.4961;1000
20160120 115200;6.5;6.5;6.5;6.5;363
20160120 115600;6.57;6.57;6.57;6.57;100
20160120 124600;6.55;6.55;6.55;6.55;100
20160120 124700;6.49;6.49;6.49;6.49;100
20160120 125300;6.5;6.5;6.5;6.5;580
20160120 125500;6.54;6.54;6.54;6.54;100
20160120 130900;6.45;6.45;6.44;6.44;2900
20160120 131100;6.52;6.52;6.52;6.52;100
20160120 131300;6.44;6.52;6.43;6.43;500
20160120 131400;6.42;6.42;6.42;6.42;350
20160120 131600;6.4154;6.4154;6.4154;6.4154;1350
20160120 132300;6.438;6.438;6.438;6.438;277
20160120 132700;6.41;6.41;6.41;6.41;100
20160120 133400;6.46;6.46;6.46;6.46;100
20160120 141100;6.48;6.48;6.48;6.48;100
20160120 141200;6.45;6.45;6.45;6.45;100
20160120 141400;6.47;6.47;6.47;6.47;100
20160120 142700;6.55;6.55;6.55;6.55;100
20160120 142800;6.55;6.55;6.55;6.55;100
20160120 143200;6.5;6.5;6.5;6.5;100
20160120 143400;6.46;6.465;6.44;6.44;3910
20160120 144700;6.4;6.4;6.4;6.4;100
20160120 145200;6.43;6.44;6.43;6.44;500
20160120 145700;6.44;6.465;6.44;6.465;518
20160120 150300;6.49;6.49;6.49;6.49;100
20160120 151500;6.4783;6.4783;6.4783;6.4783;167
20160120 151800;6.49;6.5;6.488;6.5;600
20160120 152100;6.5;6.5;6.5;6.5;300
20160120 152200;6.49;6.49;6.49;6.49;100
20160120 153700;6.49;6.49;6.49;6.49;225
20160120 154100;6.49;6.49;6.49;6.49;100
20160120 154700;6.49;6.49;6.44;6.44;589
20160120 154900;6.46;6.46;6.46;6.46;100
20160120 155500;6.47;6.47;6.47;6.47;100
20160120 155600;6.4401;6.4401;6.4401;6.4401;238
20160120 155700;6.45;6.45;6.45;6.45;300
20160120 155900;6.47;6.47;6.47;6.47;100
20160120 160000;6.45;6.47;6.45;6.47;615
20160121 093500;7.19;7.19;7.19;7.19;100
20160121 094700;6.63;6.63;6.47;6.47;600
20160121 100900;6.3558;6.3558;6.3027;6.3027;1220
20160121 101000;6.4;6.41;6.398;6.41;700
20160121 101600;6.4099;6.4099;6.4099;6.4099;1600
20160121 101700;6.39;6.41;6.32;6.32;1600
20160121 101800;6.32;6.38;6.32;6.32;300
20160121 102200;6.53;6.53;6.53;6.53;100
20160121 102300;6.41;6.41;6.41;6.41;300
20160121 102400;6.41;6.41;6.41;6.41;100
20160121 103100;6.42;6.42;6.42;6.42;100
20160121 104000;6.59;6.59;6.59;6.59;100
20160121 104100;6.63;6.63;6.6289;6.6289;250
20160121 104500;6.53;6.6;6.5;6.5;2805
20160121 104700;6.41;6.41;6.41;6.41;100
20160121 104800;6.43;6.43;6.43;6.43;100
20160121 105900;6.41;6.41;6.41;6.41;200
20160121 111400;6.46;6.47;6.46;6.47;200
20160121 112300;6.48;6.48;6.48;6.48;100
20160121 112400;6.48;6.48;6.48;6.48;300
20160121 114000;6.47;6.47;6.47;6.47;200
20160121 115900;6.47;6.47;6.45;6.45;600
20160121 120200;6.4;6.4;6.4;6.4;100
20160121 120400;6.45;6.45;6.45;6.45;100
20160121 122100;6.45;6.45;6.446;6.446;200
20160121 123800;6.5;6.5;6.5;6.5;100
20160121 123900;6.52;6.52;6.52;6.52;100
20160121 124300;6.49;6.49;6.49;6.49;200
20160121 124500;6.47;6.47;6.46;6.46;200
20160121 124900;6.45;6.45;6.45;6.45;600
20160121 131000;6.46;6.46;6.45;6.45;200
20160121 132400;6.45;6.45;6.45;6.45;167
20160121 132500;6.46;6.46;6.46;6.46;100
20160121 140800;6.46;6.46;6.46;6.46;100
20160121 141500;6.47;6.47;6.47;6.47;100
20160121 141600;6.53;6.53;6.53;6.53;100
20160121 145300;6.58;6.58;6.58;6.58;100
20160121 145500;6.5;6.5;6.5;6.5;200
20160121 150400;6.56;6.56;6.56;6.56;100
20160121 151800;6.51;6.51;6.51;6.51;100
20160121 151900;6.5;6.55;6.5;6.55;200
20160121 152200;6.51;6.51;6.5;6.5;200
20160121 152900;6.5299;6.53;6.5299;6.53;546
20160121 153300;6.53;6.53;6.5;6.5;300
20160121 153400;6.5;6.5;6.5;6.5;100
20160121 154700;6.51;6.51;6.5;6.5;300
20160121 155100;6.5;6.53;6.5;6.53;200
20160121 155200;6.5;6.5;6.5;6.5;100
20160121 155300;6.5;6.5;6.5;6.5;200
20160121 155800;6.5;6.5;6.5;6.5;100
20160121 160000;6.485;6.5;6.485;6.5;440
20160122 095000;6.5;6.5;6.5;6.5;200
20160122 100300;6.85;6.85;6.85;6.85;100
20160122 102100;6.695;6.695;6.695;6.695;100
20160122 102200;6.67;6.67;6.57;6.57;500
20160122 102700;6.88;6.88;6.88;6.88;100
20160122 103500;6.82;6.82;6.82;6.82;100
20160122 105900;6.51;6.51;6.49;6.49;200
20160122 110200;6.51;6.5195;6.51;6.51;300
20160122 110300;6.5;6.5;6.5;6.5;100
20160122 111400;6.5;6.5;6.5;6.5;100
20160122 112600;6.59;6.59;6.59;6.59;100
20160122 114500;6.66;6.66;6.66;6.66;100
20160122 115600;6.693;6.693;6.693;6.693;125
20160122 115900;6.7;6.7;6.7;6.7;199
20160122 120000;6.62;6.62;6.62;6.62;100
20160122 120200;6.6;6.6;6.6;6.6;250
20160122 120900;6.5289;6.53;6.52;6.52;373
20160122 121000;6.52;6.52;6.52;6.52;100
20160122 124900;6.51;6.51;6.51;6.51;100
20160122 125200;6.62;6.62;6.62;6.62;100
20160122 125500;6.6658;6.6658;6.6658;6.6658;710
20160122 130700;6.66;6.66;6.66;6.66;500
20160122 131900;6.59;6.59;6.54;6.54;200
20160122 132100;6.6033;6.6033;6.53;6.53;406
20160122 132600;6.52;6.52;6.52;6.52;100
20160122 134400;6.62;6.62;6.62;6.62;100
20160122 140200;6.61;6.61;6.522;6.522;1100
20160122 140600;6.6081;6.6081;6.51;6.51;1100
20160122 141900;6.65;6.65;6.65;6.65;100
20160122 143400;6.67;6.67;6.67;6.67;100
20160122 144000;6.615;6.615;6.615;6.615;7900
20160122 144500;6.56;6.56;6.56;6.56;100
20160122 150000;6.51;6.51;6.51;6.51;100
20160122 151400;6.51;6.51;6.51;6.51;100
20160122 151500;6.51;6.51;6.51;6.51;100
20160122 152400;6.65;6.65;6.65;6.65;100
20160122 153100;6.6499;6.6499;6.6499;6.6499;1000
20160122 153500;6.55;6.55;6.55;6.55;100
20160122 154500;6.53;6.53;6.53;6.53;100
20160122 154700;6.65;6.65;6.65;6.65;100
20160122 154800;6.55;6.55;6.55;6.55;100
20160122 155100;6.59;6.59;6.59;6.59;100
20160122 155300;6.59;6.59;6.58;6.59;300
20160122 155400;6.57;6.57;6.57;6.57;100
20160122 155500;6.59;6.59;6.59;6.59;300
20160122 155600;6.54;6.54;6.54;6.54;100
20160122 155700;6.585;6.585;6.585;6.585;100
20160122 155800;6.59;6.59;6.59;6.59;100
20160122 155900;6.63;6.63;6.63;6.63;100
20160122 160000;6.58;6.63;6.58;6.63;300
20160125 093300;6.82;6.82;6.82;6.82;100
20160125 093600;7.1;7.1;7.1;7.1;100
20160125 093900;7.06;7.0699;6.92;6.95;982
20160125 094000;6.82;6.82;6.82;6.82;100
20160125 094900;6.67;6.67;6.67;6.67;300
20160125 095500;6.521;6.521;6.521;6.521;100
20160125 095600;6.62;6.62;6.62;6.62;100
20160125 095700;6.522;6.522;6.522;6.522;100
20160125 101900;6.64;6.64;6.64;6.64;100
20160125 103400;6.62;6.62;6.62;6.62;200
20160125 105200;6.55;6.55;6.52;6.53;1500
20160125 105700;6.51;6.51;6.4957;6.4957;400
20160125 110600;6.45;6.45;6.45;6.45;200
20160125 110800;6.46;6.46;6.46;6.46;200
20160125 115700;6.49;6.49;6.49;6.49;100
20160125 120000;6.4798;6.4798;6.4798;6.4798;440
20160125 120100;6.5;6.5;6.472;6.5;400
20160125 120700;6.5;6.5;6.5;6.5;200
20160125 125100;6.66;6.66;6.66;6.66;100
20160125 131800;6.6;6.6;6.6;6.6;401
20160125 134300;6.47;6.47;6.47;6.47;100
20160125 135300;6.56;6.56;6.56;6.56;100
20160125 143300;6.56;6.56;6.56;6.56;100
20160125 143600;6.47;6.47;6.47;6.47;100
20160125 144400;6.47;6.47;6.47;6.47;100
20160125 145100;6.47;6.47;6.47;6.47;100
20160125 145800;6.47;6.47;6.47;6.47;100
20160125 150200;6.51;6.51;6.51;6.51;100
20160125 150500;6.49;6.49;6.49;6.49;100
20160125 151100;6.52;6.53;6.52;6.52;400
20160125 151200;6.47;6.5029;6.47;6.5029;438
20160125 151800;6.47;6.47;6.47;6.47;100
20160125 152300;6.52;6.52;6.47;6.47;200
20160125 152900;6.47;6.47;6.47;6.47;100
20160125 153300;6.47;6.47;6.47;6.47;100
20160125 153400;6.5;6.5005;6.451;6.451;2915
20160125 153600;6.476;6.48;6.476;6.477;1600
20160125 153800;6.465;6.465;6.45;6.45;10000
20160125 153900;6.46;6.4601;6.46;6.4601;2000
20160125 154100;6.45;6.45;6.45;6.45;200
20160125 154500;6.43;6.47;6.43;6.47;400
20160125 154800;6.42;6.42;6.42;6.42;100
20160125 155000;6.46;6.46;6.46;6.46;100
20160125 155100;6.43;6.43;6.43;6.43;200
20160125 155300;6.42;6.42;6.42;6.42;100
20160125 155500;6.47;6.47;6.47;6.47;100
20160125 155600;6.42;6.42;6.42;6.42;100
20160125 155700;6.42;6.42;6.42;6.42;100
20160125 155800;6.47;6.47;6.4395;6.4395;500
20160125 155900;6.48;6.48;6.43;6.48;300
20160125 160000;6.43;6.45;6.43;6.45;344
20160126 093500;6.59;6.59;6.59;6.59;100
20160126 105700;6.5512;6.5512;6.5512;6.5512;400
20160126 110200;6.54;6.54;6.54;6.54;100
20160126 110700;6.4901;6.4901;6.4901;6.4901;267
20160126 111100;6.52;6.52;6.52;6.52;450
20160126 111200;6.52;6.52;6.52;6.52;100
20160126 112300;6.51;6.51;6.51;6.51;100
20160126 112400;6.5;6.5;6.5;6.5;300
20160126 112900;6.484;6.52;6.48;6.52;700
20160126 115000;6.5199;6.54;6.5199;6.54;1200
20160126 115300;6.49;6.53;6.49;6.53;300
20160126 121400;6.53;6.58;6.53;6.58;1100
20160126 122000;6.57;6.57;6.57;6.57;100
20160126 122100;6.57;6.57;6.57;6.57;100
20160126 123000;6.575;6.575;6.575;6.575;150
20160126 123200;6.57;6.6;6.57;6.59;1750
20160126 123300;6.59;6.59;6.58;6.58;200
20160126 130200;6.58;6.58;6.57;6.57;400
20160126 131000;6.58;6.58;6.58;6.58;300
20160126 131400;6.6;6.6;6.6;6.6;100
20160126 132600;6.55;6.55;6.53;6.53;1200
20160126 134500;6.59;6.59;6.53;6.53;1300
20160126 134600;6.532;6.532;6.532;6.532;100
20160126 135500;6.59;6.59;6.59;6.59;100
20160126 135600;6.56;6.56;6.53;6.53;1100
20160126 135700;6.54;6.54;6.54;6.54;100
20160126 140000;6.5785;6.5785;6.56;6.56;1200
20160126 140100;6.56;6.56;6.56;6.56;100
20160126 140400;6.59;6.59;6.59;6.59;200
20160126 140500;6.59;6.6;6.59;6.6;200
20160126 140700;6.6;6.6;6.6;6.6;800
20160126 141400;6.6;6.6;6.57;6.57;2000
20160126 141500;6.572;6.572;6.57;6.572;300
20160126 141700;6.57;6.57;6.57;6.57;100
20160126 142000;6.57;6.57;6.57;6.57;500
20160126 143200;6.57;6.57;6.57;6.57;350
20160126 143300;6.6;6.6;6.6;6.6;100
20160126 143600;6.6;6.6;6.6;6.6;100
20160126 145100;6.5601;6.562;6.5601;6.562;1200
20160126 145200;6.6;6.6;6.582;6.6;300
20160126 145800;6.64;6.64;6.64;6.64;100
20160126 150300;6.63;6.63;6.63;6.63;100
20160126 150400;6.58;6.58;6.58;6.58;100
20160126 150700;6.6399;6.6399;6.6399;6.6399;250
20160126 151000;6.6433;6.6433;6.56;6.56;1100
20160126 151600;6.57;6.57;6.57;6.57;100
20160126 152600;6.57;6.57;6.57;6.57;100
20160126 153400;6.64;6.64;6.64;6.64;100
20160126 153600;6.65;6.65;6.65;6.65;619
20160126 153700;6.63;6.63;6.63;6.63;100
20160126 154300;6.59;6.59;6.59;6.59;100
20160126 154400;6.64;6.64;6.64;6.64;100
20160126 154600;6.64;6.64;6.64;6.64;100
20160126 154800;6.6499;6.65;6.57;6.57;1100
20160126 155000;6.57;6.57;6.57;6.57;200
20160126 155200;6.56;6.56;6.56;6.56;100
20160126 155300;6.62;6.62;6.57;6.57;400
20160126 155400;6.57;6.57;6.57;6.57;200
20160126 155500;6.57;6.57;6.57;6.57;300
20160126 155600;6.57;6.57;6.57;6.57;200
20160126 155700;6.57;6.57;6.57;6.57;200
20160126 155800;6.57;6.57;6.57;6.57;200
20160126 155900;6.57;6.57;6.57;6.57;300
20160126 160000;6.56;6.61;6.56;6.56;1324
20160126 160700;6.89;6.89;6.89;6.89;50
20160126 160900;6.93;6.96;6.93;6.96;100
20160126 163600;7.25;7.25;7.25;7.25;1
20160126 170800;7.78;7.78;7.78;7.78;1
20160127 093100;7.21;7.55;7.1045;7.2344;10456
20160127 093300;7.345;7.35;7.34;7.35;800
20160127 093400;7.35;7.35;7.35;7.35;100
20160127 093600;7.47;7.485;7.44;7.44;2200
20160127 093700;7.5;7.5;7.4001;7.5;12000
20160127 093900;7.428;7.51;7.428;7.5;2100
20160127 094000;7.46;7.5;7.44;7.44;500
20160127 094100;7.44;7.44;7.44;7.44;100
20160127 094200;7.44;7.44;7.44;7.44;100
20160127 094700;7.4885;7.4885;7.4885;7.4885;800
20160127 094800;7.49;7.49;7.49;7.49;100
20160127 095100;7.52;7.74;7.52;7.74;300
20160127 095200;7.6537;7.6537;7.6537;7.6537;500
20160127 095800;7.5999;7.5999;7.5999;7.5999;1500
20160127 100000;7.5;7.5001;7.5;7.5;5200
20160127 100100;7.51;7.51;7.5;7.5;7100
20160127 100200;7.5;7.52;7.47;7.52;600
20160127 100300;7.5;7.5007;7.5;7.5007;2200
20160127 100700;7.6;7.6;7.59;7.6;1996
20160127 100800;7.59;7.59;7.59;7.59;100
20160127 101200;7.5899;7.5899;7.53;7.5702;4200
20160127 101300;7.59;7.59;7.59;7.59;100
20160127 101500;7.566;7.566;7.566;7.566;750
20160127 101600;7.59;7.59;7.59;7.59;100
20160127 101700;7.59;7.59;7.59;7.59;100
20160127 101800;7.55;7.55;7.55;7.55;100
20160127 102200;7.53;7.53;7.51;7.51;300
20160127 102300;7.55;7.63;7.55;7.6;4926
20160127 102600;7.61;7.61;7.6;7.6;300
20160127 102800;7.61;7.61;7.6;7.6;500
20160127 102900;7.6;7.6;7.6;7.6;100
20160127 103100;7.56;7.56;7.5;7.5;12790
20160127 103200;7.5;7.5001;7.5;7.5;1100
20160127 104000;7.54;7.55;7.54;7.55;5500
20160127 104100;7.55;7.55;7.55;7.55;625
20160127 104200;7.55;7.55;7.55;7.55;100
20160127 104700;7.5499;7.55;7.5499;7.55;860
20160127 105000;7.55;7.55;7.55;7.55;100
20160127 105100;7.55;7.55;7.55;7.55;100
20160127 105200;7.52;7.52;7.52;7.52;200
20160127 105600;7.51;7.51;7.5;7.5;1700
20160127 105800;7.49;7.49;7.49;7.49;500
20160127 110100;7.45;7.45;7.41;7.41;500
20160127 110300;7.45;7.45;7.45;7.45;100
20160127 110500;7.48;7.48;7.48;7.48;200
20160127 110600;7.5;7.5;7.5;7.5;100
20160127 110700;7.48;7.48;7.48;7.48;100
20160127 110800;7.475;7.5;7.475;7.5;3353
20160127 111100;7.52;7.52;7.52;7.52;300
20160127 111400;7.53;7.55;7.5214;7.5214;3700
20160127 111600;7.5;7.5;7.5;7.5;100
20160127 112100;7.5445;7.55;7.5445;7.55;2450
20160127 112400;7.55;7.55;7.5343;7.5343;2000
20160127 113000;7.6;7.6;7.6;7.6;675
20160127 113200;7.6248;7.6248;7.6248;7.6248;500
20160127 113300;7.57;7.57;7.57;7.57;200
20160127 115200;7.6;7.6;7.59;7.59;3600
20160127 115400;7.6;7.6;7.6;7.6;206
20160127 115900;7.51;7.51;7.5;7.5;1000
20160127 120100;7.5;7.5;7.5;7.5;100
20160127 120600;7.5;7.5;7.5;7.5;458
20160127 120800;7.505;7.5193;7.505;7.5193;200
20160127 120900;7.5084;7.5084;7.5084;7.5084;135
20160127 121800;7.5;7.5;7.48;7.4999;400
20160127 121900;7.49;7.54;7.49;7.52;800
20160127 122000;7.53;7.53;7.53;7.53;100
20160127 122200;7.52;7.52;7.52;7.52;100
20160127 122600;7.48;7.48;7.48;7.48;100
20160127 123100;7.5;7.5;7.48;7.48;1700
20160127 123200;7.49;7.5;7.48;7.5;700
20160127 123400;7.53;7.53;7.53;7.53;100
20160127 123700;7.53;7.53;7.53;7.53;100
20160127 123900;7.555;7.555;7.555;7.555;100
20160127 124200;7.57;7.57;7.57;7.57;300
20160127 125100;7.49;7.49;7.49;7.49;100
20160127 125600;7.49;7.49;7.49;7.49;500
20160127 130600;7.54;7.54;7.52;7.52;200
20160127 132100;7.49;7.49;7.49;7.49;100
20160127 132600;7.5;7.5;7.49;7.49;16050
20160127 132700;7.49;7.49;7.49;7.49;1084
20160127 134400;7.49;7.49;7.49;7.49;600
20160127 134600;7.49;7.49;7.49;7.49;100
20160127 140700;7.5042;7.5042;7.5;7.5;1100
20160127 141100;7.5;7.5;7.5;7.5;100
20160127 141500;7.53;7.53;7.53;7.53;100
20160127 142500;7.5;7.5;7.49;7.49;7400
20160127 142900;7.5;7.5;7.5;7.5;5100
20160127 143100;7.495;7.495;7.495;7.495;100
20160127 143200;7.5;7.5;7.49;7.49;200
20160127 143300;7.5;7.5;7.4953;7.4953;800
20160127 143400;7.5;7.5;7.5;7.5;200
20160127 144100;7.49;7.49;7.49;7.49;100
20160127 144900;7.49;7.49;7.49;7.49;500
20160127 145000;7.49;7.5;7.49;7.5;200
20160127 145100;7.5;7.5;7.5;7.5;100
20160127 145300;7.4521;7.5;7.4521;7.5;900
20160127 145400;7.453;7.5;7.453;7.5;2798
20160127 145600;7.5;7.5;7.5;7.5;100
20160127 145700;7.5;7.5;7.5;7.5;700
20160127 150200;7.49;7.5;7.49;7.5;318
20160127 150300;7.5;7.5;7.5;7.5;500
20160127 151300;7.5;7.5;7.5;7.5;200
20160127 151600;7.515;7.53;7.5;7.53;700
20160127 151700;7.54;7.54;7.54;7.54;1000
20160127 151900;7.54;7.54;7.54;7.54;100
20160127 152300;7.54;7.54;7.54;7.54;100
20160127 152600;7.5;7.54;7.5;7.54;200
20160127 153000;7.5;7.54;7.5;7.54;1350
20160127 154100;7.5;7.5;7.5;7.5;100
20160127 154200;7.54;7.54;7.54;7.54;191
20160127 154400;7.54;7.54;7.54;7.54;500
20160127 154600;7.54;7.54;7.54;7.54;100
20160127 154800;7.54;7.54;7.54;7.54;100
20160127 155000;7.55;7.55;7.55;7.55;900
20160127 155100;7.55;7.55;7.54;7.55;400
20160127 155300;7.55;7.55;7.55;7.55;400
20160127 155400;7.55;7.55;7.55;7.55;1000
20160127 155500;7.55;7.55;7.55;7.55;600
20160127 155800;7.54;7.55;7.54;7.55;399
20160127 155900;7.55;7.55;7.55;7.55;200
20160127 160000;7.55;7.56;7.53;7.56;5274
20160128 094600;7.55;7.55;7.55;7.55;200
20160128 100000;7.62;7.62;7.62;7.62;100
20160128 100300;7.5396;7.5396;7.5396;7.5396;100
20160128 100500;7.525;7.525;7.4855;7.4855;446
20160128 100600;7.51;7.51;7.51;7.51;100
20160128 101500;7.51;7.51;7.37;7.37;600
20160128 101800;7.54;7.54;7.54;7.54;100
20160128 102900;7.52;7.54;7.52;7.54;500
20160128 104200;7.43;7.49;7.32;7.49;300
20160128 104300;7.35;7.35;7.35;7.35;100
20160128 104700;7.5;7.5;7.5;7.5;100
20160128 104800;7.45;7.45;7.45;7.45;100
20160128 105100;7.42;7.42;7.42;7.42;100
20160128 120400;7.494;7.494;7.494;7.494;135
20160128 122200;7.5;7.5;7.5;7.5;100
20160128 122300;7.4363;7.4363;7.4363;7.4363;187
20160128 124200;7.45;7.45;7.45;7.45;100
20160128 125500;7.49;7.49;7.49;7.49;100
20160128 133300;7.5;7.5;7.5;7.5;200
20160128 141300;7.5;7.5;7.5;7.5;300
20160128 142500;7.53;7.53;7.53;7.53;100
20160128 142800;7.5;7.5;7.495;7.495;1300
20160128 143300;7.46;7.46;7.46;7.46;225
20160128 144000;7.5;7.5;7.5;7.5;100
20160128 144200;7.48;7.48;7.47;7.47;600
20160128 144600;7.48;7.48;7.48;7.48;200
20160128 144700;7.48;7.48;7.47;7.47;300
20160128 145200;7.48;7.5;7.48;7.5;1900
20160128 151400;7.4701;7.4701;7.4701;7.4701;310
20160128 151500;7.47;7.47;7.47;7.47;300
20160128 152200;7.48;7.48;7.48;7.48;100
20160128 153100;7.48;7.48;7.48;7.48;100
20160128 153300;7.48;7.51;7.48;7.51;200
20160128 153400;7.55;7.55;7.55;7.55;100
20160128 153500;7.51;7.51;7.51;7.51;100
20160128 154800;7.5;7.5;7.5;7.5;200
20160128 155500;7.5;7.5;7.5;7.5;100
20160128 155600;7.5;7.5;7.48;7.48;639
20160128 155700;7.48;7.4803;7.48;7.4803;300
20160128 155800;7.48;7.48;7.48;7.48;100
20160128 155900;7.48;7.48;7.47;7.47;300
20160128 160000;7.48;7.53;7.48;7.48;2772
20160129 093600;7.58;7.58;7.4101;7.42;730
20160129 094200;7.5;7.5;7.5;7.5;100
20160129 094400;7.67;7.67;7.67;7.67;100
20160129 094600;7.68;7.68;7.63;7.63;200
20160129 094700;7.68;7.68;7.68;7.68;100
20160129 094900;7.658;7.658;7.658;7.658;175
20160129 095000;7.63;7.65;7.44;7.44;2150
20160129 095100;7.45;7.45;7.45;7.45;100
20160129 095200;7.46;7.51;7.41;7.41;1435
20160129 095400;7.46;7.46;7.46;7.46;100
20160129 095500;7.6;7.6;7.6;7.6;100
20160129 095900;7.62;7.62;7.62;7.62;100
20160129 100000;7.63;7.63;7.56;7.56;300
20160129 100300;7.58;7.58;7.58;7.58;100
20160129 100800;7.55;7.55;7.55;7.55;200
20160129 101000;7.56;7.56;7.53;7.53;300
20160129 101300;7.53;7.53;7.53;7.53;300
20160129 101400;7.54;7.54;7.54;7.54;100
20160129 102100;7.63;7.63;7.63;7.63;100
20160129 102200;7.62;7.62;7.54;7.54;200
20160129 102600;7.61;7.61;7.61;7.61;100
20160129 103000;7.6;7.6;7.6;7.6;100
20160129 103400;7.55;7.55;7.55;7.55;100
20160129 103500;7.53;7.53;7.53;7.53;250
20160129 103700;7.54;7.54;7.54;7.54;100
20160129 103900;7.5378;7.5378;7.53;7.53;1100
20160129 104400;7.54;7.54;7.54;7.54;100
20160129 104800;7.55;7.55;7.55;7.55;200
20160129 105300;7.63;7.63;7.63;7.63;100
20160129 105500;7.6236;7.6236;7.55;7.61;1200
20160129 110000;7.63;7.63;7.63;7.63;100
20160129 110500;7.63;7.63;7.62;7.62;200
20160129 111100;7.68;7.68;7.68;7.68;135
20160129 111200;7.6714;7.6714;7.67;7.67;900
20160129 112100;7.67;7.67;7.67;7.67;200
20160129 112300;7.67;7.67;7.42;7.43;6100
20160129 113000;7.4958;7.4958;7.4958;7.4958;875
20160129 113100;7.4999;7.4999;7.4999;7.4999;872
20160129 113200;7.49;7.49;7.49;7.49;100
20160129 113600;7.485;7.49;7.485;7.49;200
20160129 114400;7.49;7.49;7.49;7.49;100
20160129 114500;7.49;7.49;7.49;7.49;100
20160129 114600;7.49;7.49;7.49;7.49;100
20160129 115000;7.4604;7.4604;7.4604;7.4604;350
20160129 115700;7.49;7.49;7.49;7.49;100
20160129 120700;7.47;7.47;7.47;7.47;100
20160129 120800;7.485;7.5;7.485;7.5;5600
20160129 120900;7.5;7.5;7.5;7.5;100
20160129 121500;7.64;7.64;7.64;7.64;400
20160129 121600;7.64;7.64;7.64;7.64;100
20160129 121700;7.55;7.55;7.55;7.55;100
20160129 121900;7.49;7.5;7.42;7.4487;1100
20160129 122200;7.53;7.53;7.53;7.53;100
20160129 123300;7.6;7.62;7.6;7.62;300
20160129 124200;7.63;7.63;7.63;7.63;100
20160129 125100;7.63;7.63;7.63;7.63;100
20160129 125300;7.6201;7.64;7.5;7.51;3000
20160129 130100;7.56;7.56;7.56;7.56;100
20160129 130500;7.59;7.59;7.58;7.58;400
20160129 132500;7.59;7.59;7.59;7.59;200
20160129 132800;7.59;7.59;7.54;7.54;400
20160129 132900;7.58;7.58;7.58;7.58;100
20160129 135400;7.61;7.61;7.61;7.61;100
20160129 135900;7.61;7.61;7.61;7.61;100
20160129 140100;7.61;7.61;7.61;7.61;100
20160129 140300;7.6;7.61;7.6;7.6;1400
20160129 140900;7.6099;7.61;7.6;7.6;1200
20160129 141000;7.61;7.61;7.61;7.61;200
20160129 141800;7.63;7.63;7.63;7.63;100
20160129 142400;7.64;7.64;7.64;7.64;100
20160129 142800;7.66;7.66;7.66;7.66;100
20160129 142900;7.6626;7.6626;7.65;7.65;3200
20160129 143100;7.63;7.65;7.61;7.61;300
20160129 143200;7.64;7.64;7.6;7.625;5200
20160129 143300;7.6;7.6;7.6;7.6;100
20160129 145000;7.63;7.63;7.62;7.62;200
20160129 145100;7.625;7.625;7.62;7.62;6330
20160129 145700;7.62;7.62;7.62;7.62;100
20160129 145900;7.62;7.62;7.62;7.62;100
20160129 150100;7.56;7.56;7.56;7.56;200
20160129 150200;7.51;7.51;7.51;7.51;100
20160129 150400;7.5626;7.5626;7.5626;7.5626;400
20160129 150800;7.567;7.567;7.55;7.55;600
20160129 151300;7.571;7.571;7.571;7.571;120
20160129 151400;7.55;7.55;7.544;7.544;232
20160129 151500;7.56;7.56;7.5;7.5;300
20160129 152000;7.56;7.56;7.56;7.56;100
20160129 152400;7.57;7.57;7.57;7.57;200
20160129 152700;7.6;7.6;7.6;7.6;4000
20160129 152800;7.56;7.6;7.56;7.6;200
20160129 153000;7.6;7.6;7.6;7.6;100
20160129 153100;7.61;7.61;7.61;7.61;100
20160129 153300;7.61;7.62;7.61;7.62;373
20160129 153600;7.62;7.62;7.62;7.62;100
20160129 153700;7.62;7.62;7.62;7.62;193
20160129 153800;7.62;7.63;7.62;7.63;700
20160129 153900;7.6499;7.6499;7.6499;7.6499;107
20160129 154000;7.65;7.65;7.65;7.65;100
20160129 154100;7.67;7.67;7.67;7.67;119
20160129 154200;7.67;7.67;7.67;7.67;100
20160129 154300;7.67;7.67;7.61;7.61;1336
20160129 154600;7.6099;7.6099;7.54;7.54;1138
20160129 154700;7.6;7.61;7.6;7.61;300
20160129 154900;7.65;7.65;7.5;7.57;2533
20160129 155300;7.64;7.64;7.55;7.63;559
20160129 155400;7.61;7.62;7.55;7.62;300
20160129 155500;7.61;7.61;7.61;7.61;100
20160129 155600;7.62;7.62;7.55;7.62;300
20160129 155700;7.62;7.62;7.61;7.61;300
20160129 155800;7.61;7.64;7.61;7.64;722
20160129 155900;7.6101;7.62;7.57;7.57;1414
20160129 160000;7.6;7.63;7.57;7.58;2729
20160201 093100;7.67;7.67;7.6699;7.6699;439
20160201 093200;7.31;7.34;7.31;7.3101;1336
20160201 093300;7.31;7.31;7.31;7.31;300
20160201 093400;7.608;7.608;7.31;7.31;200
20160201 093500;7.4719;7.508;7.4719;7.508;2522
20160201 093600;7.31;7.499;7.31;7.35;1784
20160201 093900;7.39;7.58;7.368;7.38;2600
20160201 094700;7.6299;7.6299;7.6299;7.6299;1400
20160201 094800;7.55;7.55;7.55;7.55;100
20160201 095000;7.608;7.608;7.53;7.53;706
20160201 095100;7.418;7.418;7.418;7.418;303
20160201 095600;7.51;7.51;7.51;7.51;100
20160201 095900;7.6098;7.6098;7.6098;7.6098;523
20160201 100000;7.55;7.55;7.48;7.48;250
20160201 100100;7.514;7.514;7.514;7.514;323
20160201 100200;7.5594;7.5594;7.5594;7.5594;334
20160201 100700;7.6;7.6099;7.6;7.6099;589
20160201 101000;7.61;7.63;7.5836;7.61;4143
20160201 101400;7.575;7.63;7.51;7.51;1100
20160201 101600;7.6541;7.6541;7.6541;7.6541;1200
20160201 101700;7.558;7.558;7.55;7.55;300
20160201 101900;7.7381;7.7381;7.55;7.55;3845
20160201 102600;7.625;7.625;7.625;7.625;144
20160201 103000;7.6;7.625;7.6;7.625;1700
20160201 103100;7.55;7.57;7.55;7.56;400
20160201 103800;7.61;7.69;7.61;7.65;6500
20160201 104300;7.63;7.7;7.62;7.7;3619
20160201 104900;7.77;7.77;7.75;7.75;1131
20160201 105100;7.7;7.7;7.6901;7.7;1000
20160201 105300;7.71;7.71;7.69;7.69;500
20160201 105400;7.6908;7.6908;7.68;7.6901;5000
20160201 105500;7.71;7.71;7.71;7.71;100
20160201 110200;7.72;7.72;7.68;7.68;2100
20160201 110300;7.68;7.68;7.68;7.68;1000
20160201 110400;7.68;7.68;7.68;7.68;900
20160201 111000;7.68;7.69;7.68;7.69;200
20160201 111800;7.7;7.7;7.7;7.7;2842
20160201 111900;7.7;7.7;7.7;7.7;100
20160201 112000;7.69;7.7;7.69;7.7;900
20160201 112100;7.7;7.7;7.69;7.69;300
20160201 112200;7.68;7.68;7.68;7.68;1000
20160201 115400;7.59;7.59;7.59;7.59;100
20160201 120100;7.59;7.59;7.59;7.59;100
20160201 120900;7.65;7.65;7.61;7.61;400
20160201 121700;7.56;7.56;7.55;7.55;300
20160201 122800;7.61;7.64;7.61;7.64;2100
20160201 123100;7.6207;7.6207;7.6207;7.6207;450
20160201 123400;7.61;7.61;7.61;7.61;100
20160201 124100;7.6639;7.6699;7.661;7.661;926
20160201 130200;7.642;7.67;7.642;7.6699;2700
20160201 130300;7.67;7.67;7.67;7.67;100
20160201 130700;7.655;7.655;7.655;7.655;8800
20160201 130900;7.635;7.635;7.635;7.635;5800
20160201 131200;7.635;7.695;7.635;7.695;10247
20160201 132900;7.7;7.7;7.7;7.7;200
20160201 135900;7.7;7.7;7.7;7.7;1000
20160201 140200;7.7;7.7;7.7;7.7;300
20160201 140700;7.7099;7.7099;7.7099;7.7099;241
20160201 141500;7.708;7.708;7.708;7.708;120
20160201 142100;7.7;7.7;7.6975;7.7;1800
20160201 142900;7.66;7.66;7.66;7.66;100
20160201 143800;7.6657;7.708;7.6657;7.6943;460
20160201 144100;7.691;7.78;7.691;7.75;6649
20160201 144200;7.709;7.709;7.709;7.709;1500
20160201 144600;7.7;7.7;7.7;7.7;200
20160201 144700;7.71;7.72;7.71;7.72;400
20160201 145000;7.908;7.908;7.908;7.908;700
20160201 145700;7.91;7.91;7.91;7.91;2500
20160201 150000;7.9101;7.9101;7.9101;7.9101;2500
20160201 150100;7.91;7.912;7.91;7.91;5500
20160201 151200;7.913;7.913;7.913;7.913;300
20160201 152500;7.9133;7.93;7.9133;7.93;600
20160201 152900;7.91;7.91;7.91;7.91;100
20160201 153900;7.93;7.93;7.93;7.93;100
20160201 154200;7.914;7.914;7.914;7.914;3000
20160201 154300;7.949;7.96;7.94;7.96;1400
20160201 154800;7.9881;7.9899;7.9799;7.98;1040
20160201 154900;7.92;7.92;7.92;7.92;200
20160201 155000;7.955;7.955;7.955;7.955;100
20160201 155100;7.9899;7.9899;7.9899;7.9899;317
20160201 155300;7.955;7.955;7.95;7.95;300
20160201 155400;7.95;7.95;7.92;7.92;200
20160201 155500;7.9699;7.9699;7.9699;7.9699;250
20160201 155600;7.945;7.945;7.945;7.945;100
20160201 155700;7.9699;7.9699;7.9699;7.9699;295
20160201 155800;7.945;7.945;7.92;7.92;200
20160201 155900;7.92;7.945;7.92;7.92;600
20160201 160000;7.945;7.97;7.91;7.97;1567
20160202 094300;7.825;7.83;7.825;7.83;200
20160202 095100;7.89;7.89;7.89;7.89;100
20160202 095600;7.855;7.855;7.855;7.855;3000
20160202 100300;7.865;7.865;7.865;7.865;800
20160202 100600;7.89;7.89;7.89;7.89;400
20160202 100800;7.981;7.981;7.981;7.981;150
20160202 103300;7.986;7.989;7.92;7.92;900
20160202 103900;7.91;7.91;7.91;7.91;100
20160202 104500;7.92;7.92;7.92;7.92;2000
20160202 111300;7.92;7.92;7.92;7.92;100
20160202 120500;7.95;7.96;7.95;7.96;1100
20160202 120600;7.94;7.94;7.94;7.94;200
20160202 120800;7.95;7.95;7.94;7.94;300
20160202 123200;7.9;7.9;7.9;7.9;100
20160202 124900;7.92;7.92;7.92;7.92;100
20160202 125000;7.9499;7.9499;7.86;7.86;690
20160202 131000;7.78;7.78;7.77;7.77;673
20160202 131300;7.71;7.72;7.71;7.71;500
20160202 132000;7.81;7.81;7.81;7.81;100
20160202 135400;7.81;7.81;7.81;7.81;200
20160202 140700;7.9799;7.9799;7.9799;7.9799;118
20160202 143100;7.8909;7.8909;7.8909;7.8909;125
20160202 144200;7.8485;7.8485;7.8485;7.8485;760
20160202 145100;7.81;7.82;7.81;7.82;200
20160202 145800;7.81;7.81;7.81;7.81;100
20160202 151500;7.88;7.88;7.88;7.88;100
20160202 151600;7.93;7.94;7.93;7.94;2100
20160202 151700;7.94;7.945;7.92;7.92;800
20160202 152100;7.91;7.91;7.91;7.91;100
20160202 152300;7.92;7.92;7.92;7.92;100
20160202 152500;7.86;7.86;7.86;7.86;100
20160202 153400;7.9;7.9;7.88;7.88;3200
20160202 153800;7.91;7.91;7.87;7.87;400
20160202 154300;7.92;7.92;7.87;7.87;300
20160202 155500;7.89;7.89;7.89;7.89;200
20160202 155700;7.93;7.93;7.93;7.93;100
20160202 155900;7.93;7.95;7.93;7.95;900
20160202 160000;7.89;7.95;7.89;7.92;4100
20160203 093400;7.95;7.95;7.95;7.95;1000
20160203 093500;7.95;7.95;7.95;7.95;100
20160203 093800;7.93;7.93;7.93;7.93;200
20160203 095600;7.905;7.905;7.905;7.905;100
20160203 102200;7.86;7.86;7.86;7.86;300
20160203 102300;7.81;7.81;7.81;7.81;200
20160203 102700;7.81;7.81;7.81;7.81;100
20160203 104400;7.8699;7.8699;7.8699;7.8699;268
20160203 105500;7.88;7.88;7.872;7.872;900
20160203 110600;7.87;7.87;7.87;7.87;200
20160203 110900;7.86;7.9094;7.8;7.8;1790
20160203 112600;7.85;7.85;7.85;7.85;100
20160203 113400;7.8985;7.9186;7.85;7.85;1100
20160203 113500;7.86;7.86;7.86;7.86;100
20160203 114000;7.88;7.885;7.88;7.88;500
20160203 114100;7.88;7.88;7.88;7.88;100
20160203 114300;7.88;7.88;7.88;7.88;200
20160203 115100;7.86;7.86;7.86;7.86;100
20160203 120200;7.8601;7.8601;7.85;7.85;5200
20160203 120700;7.85;7.85;7.85;7.85;900
20160203 120800;7.85;7.85;7.85;7.85;400
20160203 120900;7.85;7.85;7.85;7.85;100
20160203 121000;7.85;7.85;7.85;7.85;400
20160203 122800;7.919;7.919;7.81;7.915;2881
20160203 130600;7.83;7.89;7.83;7.83;500
20160203 134900;7.88;7.88;7.88;7.88;200
20160203 135200;7.88;7.88;7.88;7.88;100
20160203 135400;7.88;7.88;7.85;7.88;300
20160203 135600;7.85;7.85;7.8;7.8;764
20160203 141300;7.8;7.8;7.76;7.76;1800
20160203 142900;7.81;7.842;7.78;7.78;1100
20160203 143000;7.82;7.82;7.82;7.82;100
20160203 145600;7.8;7.8;7.8;7.8;200
20160203 150800;7.82;7.845;7.78;7.78;1636
20160203 151900;7.816;7.816;7.78;7.78;1200
20160203 152200;7.78;7.78;7.78;7.78;100
20160203 152400;7.77;7.77;7.77;7.77;100
20160203 152500;7.83;7.83;7.83;7.83;100
20160203 153000;7.82;7.82;7.82;7.82;200
20160203 154100;7.77;7.805;7.77;7.77;300
20160203 154800;7.7901;7.7901;7.7901;7.7901;480
20160203 154900;7.81;7.82;7.81;7.82;200
20160203 155000;7.79;7.79;7.76;7.76;700
20160203 155100;7.76;7.76;7.76;7.76;100
20160203 155300;7.82;7.82;7.77;7.77;300
20160203 155700;7.8198;7.8198;7.8198;7.8198;200
20160203 155900;7.79;7.79;7.79;7.79;300
20160203 160000;7.8;7.82;7.79;7.79;4107
20160204 083600;7.88;7.9;7.88;7.9;200
20160204 083700;7.9;7.9;7.9;7.9;230
20160204 093200;7.99;7.99;7.98;7.98;300
20160204 093900;7.91;7.91;7.91;7.91;100
20160204 094000;7.802;7.802;7.802;7.802;125
20160204 102500;7.9184;7.9184;7.9184;7.9184;130
20160204 103500;7.9343;7.9343;7.9343;7.9343;300
20160204 104500;7.94;7.95;7.94;7.95;600
20160204 104600;7.98;7.98;7.98;7.98;100
20160204 104800;7.94;7.95;7.94;7.95;900
20160204 111600;7.8682;7.8682;7.8682;7.8682;800
20160204 121700;7.85;7.85;7.85;7.85;100
20160204 121900;7.9;7.9;7.9;7.9;100
20160204 122500;7.88;7.88;7.88;7.88;100
20160204 124800;7.89;7.89;7.89;7.89;100
20160204 125000;7.9;7.9;7.9;7.9;100
20160204 131900;7.95;7.95;7.92;7.94;300
20160204 132000;7.93;7.93;7.93;7.93;200
20160204 134100;7.913;7.913;7.913;7.913;1000
20160204 134900;7.92;7.9263;7.92;7.9263;631
20160204 140200;7.92;7.92;7.92;7.92;100
20160204 140400;7.935;7.935;7.935;7.935;100
20160204 141700;7.94;7.94;7.94;7.94;138
20160204 141900;7.935;7.935;7.935;7.935;100
20160204 142900;7.9224;7.9224;7.9224;7.9224;470
20160204 143000;7.9237;7.9237;7.9237;7.9237;525
20160204 143500;7.935;7.94;7.935;7.94;200
20160204 143700;7.93;8;7.88;7.89;10076
20160204 144600;7.92;7.935;7.92;7.935;1650
20160204 144700;7.94;7.94;7.94;7.94;100
20160204 144800;7.94;7.94;7.89;7.93;700
20160204 145000;7.94;8;7.94;7.99;1100
20160204 150300;7.98;7.98;7.98;7.98;200
20160204 150400;7.98;7.99;7.98;7.99;200
20160204 152200;8;8;8;8;100
20160204 152300;7.95;7.95;7.91;7.91;1500
20160204 152600;7.94;7.94;7.91;7.9107;2629
20160204 152700;7.92;7.9205;7.91;7.91;2800
20160204 152800;7.91;7.91;7.91;7.91;100
20160204 152900;7.9101;7.9101;7.89;7.89;2000
20160204 153900;7.9221;7.9221;7.9221;7.9221;1250
20160204 154100;7.93;7.93;7.93;7.93;100
20160204 154500;7.94;7.94;7.93;7.93;200
20160204 155500;7.8972;7.8972;7.8972;7.8972;950
20160204 155700;7.92;7.92;7.92;7.92;100
20160204 160000;7.87;7.97;7.87;7.97;2215
20160205 093900;7.95;7.95;7.95;7.95;100
20160205 101000;7.91;7.91;7.91;7.91;100
20160205 101100;7.91;7.91;7.91;7.91;100
20160205 102900;7.9001;7.91;7.9001;7.91;2100
20160205 103100;7.904;7.904;7.904;7.904;300
20160205 104400;7.91;7.91;7.91;7.91;100
20160205 110500;7.9;7.93;7.9;7.9217;989
20160205 110600;7.9;7.9;7.9;7.9;100
20160205 111900;7.89;7.9014;7.85;7.9014;1940
20160205 112000;7.85;7.85;7.85;7.85;100
20160205 113300;7.85;7.85;7.85;7.85;100
20160205 113400;7.85;7.85;7.85;7.85;100
20160205 113600;7.85;7.85;7.85;7.85;100
20160205 113800;7.86;7.86;7.86;7.86;200
20160205 122100;7.82;7.85;7.79;7.85;2039
20160205 131600;7.78;7.78;7.78;7.78;1000
20160205 132200;7.8;7.8;7.8;7.8;100
20160205 132300;7.75;7.75;7.75;7.75;1500
20160205 133100;7.77;7.77;7.77;7.77;100
20160205 133900;7.75;7.75;7.74;7.74;200
20160205 134000;7.74;7.74;7.74;7.74;1386
20160205 134100;7.64;7.64;7.64;7.64;300
20160205 134200;7.65;7.65;7.65;7.65;300
20160205 134300;7.65;7.66;7.65;7.66;400
20160205 134500;7.65;7.7;7.65;7.65;2200
20160205 134900;7.65;7.65;7.65;7.65;200
20160205 135100;7.63;7.63;7.63;7.63;100
20160205 140100;7.65;7.65;7.65;7.65;200
20160205 141000;7.64;7.64;7.64;7.64;200
20160205 141200;7.64;7.64;7.6399;7.6399;200
20160205 141400;7.65;7.65;7.65;7.65;200
20160205 141700;7.63;7.63;7.57;7.57;800
20160205 143000;7.57;7.57;7.57;7.57;200
20160205 143100;7.57;7.57;7.57;7.57;262
20160205 143200;7.579;7.579;7.57;7.57;1200
20160205 144700;7.57;7.57;7.57;7.57;1400
20160205 145900;7.5;7.5;7.5;7.5;100
20160205 150300;7.55;7.55;7.55;7.55;100
20160205 151300;7.57;7.65;7.51;7.52;2700
20160205 151400;7.51;7.51;7.51;7.51;192
20160205 151900;7.54;7.57;7.51;7.536;1600
20160205 152200;7.564;7.57;7.54;7.54;2835
20160205 154700;7.543;7.543;7.54;7.54;1100
20160205 155600;7.549;7.549;7.53;7.53;1200
20160205 155900;7.52;7.52;7.52;7.52;100
20160205 160000;7.55;7.55;7.52;7.53;1340
