20160119 103300;8.15;8.15;8.15;8.15;200
20160119 105300;8.5;8.5;8.5;8.5;100
20160119 105400;8.33;8.33;8.33;8.33;100
20160119 105500;8.18;8.18;8.18;8.18;100
20160119 105600;8.14;8.14;8.14;8.14;200
20160119 131600;8.17;8.17;8.15;8.15;1000
20160119 134700;8.12;8.12;8.12;8.12;100
20160119 135500;8.1;8.1;8.1;8.1;100
20160119 135700;8.09;8.09;8.09;8.09;100
20160119 141000;8.01;8.01;8.0005;8.0005;200
20160119 141100;8;8.01;8;8;826
20160119 141400;8;8;8;8;100
20160119 141700;8;8;8;8;650
20160119 142000;7.97;7.98;7.97;7.98;900
20160119 142100;7.98;7.98;7.96;7.97;2000
20160119 142200;7.97;7.97;7.97;7.97;388
20160119 142500;7.955;7.955;7.955;7.955;100
20160119 142600;7.95;7.98;7.95;7.98;1300
20160119 143800;7.35;7.35;7.35;7.35;100
20160119 143900;7.56;7.56;7.56;7.56;600
20160119 145600;7.85;7.86;7.85;7.86;500
20160119 150900;7.86;7.86;7.85;7.85;500
20160119 154500;7.81;7.81;7.81;7.81;200
20160119 154900;7.73;7.74;7.73;7.74;224
20160119 155100;7.75;7.75;7.75;7.75;400
20160119 160000;7.75;7.75;7.75;7.75;329
20160120 120100;7.8865;7.8865;7.8865;7.8865;100
20160120 122200;7.68;7.68;7.66;7.66;300
20160120 123600;7.81;7.81;7.8;7.8;200
20160120 124300;7.7;7.7;7.7;7.7;100
20160120 131800;7.654;7.8;7.5201;7.8;3216
20160120 131900;7.8;7.8;7.5;7.5;700
20160120 134100;7.5;7.58;7.5;7.58;1308
20160120 135300;7.58;7.58;7.58;7.58;1400
20160120 135700;7.52;7.52;7.52;7.52;300
20160120 135800;7.5;7.5;7.5;7.5;600
20160120 135900;7.51;7.51;7.51;7.51;300
20160120 140300;7.55;7.55;7.55;7.55;100
20160120 140500;7.554;7.554;7.554;7.554;131
20160120 140600;7.61;7.8;7.57;7.8;1278
20160120 140700;7.8;7.8;7.8;7.8;200
20160120 141000;7.67;7.67;7.67;7.67;100
20160120 141200;7.67;7.67;7.67;7.67;163
20160120 145100;7.54;7.8;7.54;7.8;1200
20160120 145200;7.8;7.8;7.8;7.8;100
20160120 150300;7.56;7.56;7.56;7.56;200
20160120 150700;7.33;7.65;7.33;7.65;600
20160120 151600;7.65;7.65;7.61;7.65;1400
20160120 151700;7.65;7.65;7.65;7.65;100
20160120 155900;7.5;7.5;7.5;7.5;1100
20160120 160000;7.6;7.65;7.5;7.5;1800
20160121 100600;7.1;7.1;7.1;7.1;100
20160121 100700;7.1;7.1;7.1;7.1;100
20160121 101300;7.05;7.05;7.05;7.05;200
20160121 123500;7.52;7.52;7.52;7.52;200
20160121 123600;7.54;7.54;7.5;7.5;200
20160121 123700;7.51;7.51;7.51;7.51;100
20160121 123800;7.51;7.51;7.51;7.51;100
20160121 124100;7.5;7.5;7.5;7.5;200
20160121 124200;7.5;7.5;7.5;7.5;200
20160121 124300;7.5;7.5;7.5;7.5;200
20160121 124400;7.5;7.5;7.5;7.5;200
20160121 124500;7.5;7.5;7.5;7.5;200
20160121 124700;7.5;7.5;7.5;7.5;200
20160121 124800;7.5;7.5;7.5;7.5;200
20160121 124900;7.5;7.5;7.5;7.5;200
20160121 125000;7.5;7.5;7.5;7.5;200
20160121 125100;7.51;7.51;7.5;7.5;300
20160121 125200;7.5;7.5;7.5;7.5;100
20160121 125300;7.5;7.5;7.5;7.5;200
20160121 125400;7.5;7.5;7.5;7.5;200
20160121 125500;7.5;7.5;7.5;7.5;200
20160121 125600;7.5;7.5;7.5;7.5;200
20160121 125700;7.5;7.5;7.5;7.5;1200
20160121 125800;7.5;7.5;7.5;7.5;100
20160121 125900;7.5;7.5;7.5;7.5;200
20160121 130000;7.5;7.5;7.5;7.5;200
20160121 130100;7.5;7.5;7.5;7.5;100
20160121 130400;7.62;7.62;7.62;7.62;100
20160121 135100;7.6299;7.6299;7.6299;7.6299;195
20160121 144100;7.63;7.63;7.63;7.63;100
20160121 145800;7.62;7.62;7.62;7.62;100
20160121 152300;7.31;7.31;7.31;7.31;100
20160122 100200;8.51;8.71;8.51;8.71;700
20160122 100500;8.1;8.2;8.1;8.2;200
20160122 100600;7.69;7.77;7.69;7.77;2400
20160122 101300;8.4;8.4;8.4;8.4;100
20160122 101400;8.4;8.4;8.4;8.4;200
20160122 101700;8.6;8.6;8.6;8.6;100
20160122 102400;7.7;7.7;7.7;7.7;100
20160122 102700;8.3;8.3;8.3;8.3;199
20160122 111900;7.6;7.6;7.6;7.6;100
20160122 112000;8.3;8.3;8.3;8.3;100
20160122 112100;7.61;7.63;7.54;7.54;300
20160122 112300;7.14;7.14;7.14;7.14;100
20160122 113700;7.8;7.8;7.8;7.8;195
20160122 160000;7.49;7.49;7.49;7.49;100
20160125 122300;7.52;7.52;7.52;7.52;290
20160125 124600;7.26;7.26;7.26;7.26;100
20160125 124700;7.16;7.5;7.11;7.5;1700
20160125 130300;7.14;7.48;7.13;7.48;600
20160125 131100;7.4201;7.5;7.4201;7.5;200
20160125 131200;7.16;7.35;7.12;7.35;700
20160125 131600;7.07;7.35;7.07;7.35;300
20160125 132000;7.07;7.5;7.07;7.5;300
20160125 133100;7.28;7.28;7.25;7.2785;500
20160125 135100;7.2;7.2;7.2;7.2;216
20160125 142700;7.3;7.3;7.3;7.3;100
20160125 142800;7.26;7.5;7.23;7.5;1000
20160125 142900;7.3;7.3;7.17;7.3;600
20160125 144100;7.36;7.36;7.36;7.36;100
20160125 144700;7.49;7.49;7.49;7.49;100
20160125 144800;7.49;7.4995;7.49;7.4995;200
20160125 144900;7.45;7.5;7.45;7.5;791
20160125 153700;7.35;7.4295;7.34;7.4295;700
20160125 154600;7.3;7.3;7.3;7.3;100
20160125 155100;7.47;7.48;7.47;7.48;400
20160125 160000;7.48;7.48;7.48;7.48;100
20160126 120600;8.21;8.21;8.21;8.21;300
20160127 121500;8.14;8.14;8.0908;8.0908;800
20160127 124400;8.04;8.04;8.04;8.04;100
20160127 125500;7.96;8;7.96;8;500
20160127 142200;8.0699;8.0699;8.0699;8.0699;400
20160127 142500;8.0399;8.0399;8.0399;8.0399;200
20160127 143100;7.9899;7.9899;7.9899;7.9899;200
20160127 143500;7.91;7.91;7.91;7.91;100
20160127 145200;7.95;7.95;7.95;7.95;100
20160127 150800;8.1899;8.19;8.13;8.18;1264
20160127 155700;8.115;8.115;8.115;8.115;100
20160128 105200;8.53;8.53;8.29;8.29;1400
20160128 105400;7.89;8.21;7.89;8.21;1000
20160128 105500;8.21;8.28;8.21;8.28;500
20160128 105800;8.45;8.45;8.45;8.45;300
20160128 105900;8.1401;8.1401;8.14;8.14;200
20160128 110800;7.82;7.82;7.82;7.82;150
20160129 131400;7.07;7.07;7.07;7.07;100
20160129 133600;7.68;7.68;7.68;7.68;100
20160129 134600;7.3;7.3;7.3;7.3;100
20160129 140700;7.5;7.51;7.5;7.51;1800
20160129 141700;7.5;7.5;7.5;7.5;700
20160129 150100;7.5;7.5;7.5;7.5;2200
20160129 151200;7.5;7.5;7.5;7.5;2200
20160129 160000;7.5;7.5;7.25;7.25;1252
20160201 094800;7.51;7.51;7.5;7.5;505
20160201 112600;7.51;7.51;7.51;7.51;100
20160202 102200;7.15;7.5;7.15;7.5;200
20160202 102400;8;8;8;8;100
20160202 102500;7.57;7.57;7.52;7.52;600
20160202 102600;7.2;7.2;7.2;7.2;100
20160202 102700;7.31;7.4599;7.31;7.4599;200
20160202 102900;7.75;7.75;7.75;7.75;200
20160202 105500;7.5;7.5;7.5;7.5;100
20160202 111800;7.4;7.46;7.4;7.46;200
20160203 115800;7.24;7.48;7.24;7.48;290
20160203 121000;7.45;7.45;7.45;7.45;100
20160205 091600;7.5;7.5;7.5;7.5;34
20160205 091700;7.5;7.5;7.5;7.5;60
20160205 092600;7.5;7.5;7.5;7.5;413
20160205 123900;8;8;8;8;100
20160205 150700;7.55;7.55;7.55;7.55;100
20160205 150900;7.55;7.56;7.55;7.56;200
20160205 152200;7.5;7.5;7.5;7.5;299
20160205 155500;7.54;7.54;7.54;7.54;200
