20160119 094500;0.7349;0.735;0.731;0.735;3300
20160119 095300;0.7348;0.7349;0.7348;0.7349;578
20160119 102200;0.7132;0.735;0.7132;0.735;2000
20160119 113400;0.7132;0.7132;0.7132;0.7132;100
20160119 114200;0.7128;0.7129;0.7128;0.7129;4000
20160119 114300;0.7132;0.7132;0.7132;0.7132;400
20160119 115500;0.7193;0.7193;0.7193;0.7193;100
20160119 121400;0.713;0.713;0.71;0.71;7000
20160119 121500;0.71;0.71;0.71;0.71;200
20160119 122200;0.7147;0.7147;0.71;0.71;300
20160119 152700;0.7;0.7;0.7;0.7;1600
20160119 154400;0.7101;0.7101;0.7101;0.7101;2000
20160119 154600;0.7019;0.7019;0.7019;0.7019;400
20160119 154700;0.7;0.7;0.7;0.7;200
20160119 154800;0.7018;0.7018;0.7018;0.7018;200
20160119 155000;0.7018;0.7018;0.7018;0.7018;200
20160119 155300;0.7018;0.7018;0.7018;0.7018;200
20160119 155400;0.7018;0.7018;0.7018;0.7018;200
20160119 155500;0.7;0.7;0.7;0.7;200
20160119 155600;0.7018;0.7018;0.7018;0.7018;100
20160119 160000;0.7001;0.7001;0.7;0.7;4125
20160120 102200;0.6999;0.7;0.6999;0.6999;7000
20160120 104500;0.7;0.7;0.7;0.7;100
20160120 113800;0.7;0.7;0.7;0.7;100
20160120 120700;0.671;0.671;0.671;0.671;2000
20160120 135200;0.68;0.68;0.68;0.68;1100
20160120 143800;0.6999;0.71;0.6999;0.7;7125
20160120 153000;0.6846;0.6846;0.6846;0.6846;2130
20160120 160000;0.681;0.681;0.681;0.681;100
20160121 095500;0.71;0.71;0.7;0.7;9614
20160121 095900;0.7;0.7;0.68;0.68;4150
20160121 100500;0.685;0.685;0.685;0.685;500
20160121 102600;0.6827;0.6827;0.6827;0.6827;5000
20160121 103900;0.6839;0.6839;0.6839;0.6839;1000
20160121 111400;0.6673;0.6673;0.6673;0.6673;5000
20160121 113300;0.65;0.65;0.65;0.65;400
20160121 122600;0.6758;0.6758;0.6689;0.6689;200
20160121 122700;0.6689;0.6689;0.6689;0.6689;200
20160121 141900;0.66;0.66;0.66;0.66;100
20160121 145500;0.6602;0.6602;0.6601;0.6601;8080
20160121 150500;0.66;0.66;0.66;0.66;100
20160121 151200;0.66;0.66;0.66;0.66;100
20160121 153000;0.66;0.66;0.66;0.66;100
20160121 153300;0.6675;0.6675;0.6675;0.6675;100
20160121 153900;0.6748;0.6748;0.66;0.66;5100
20160121 154300;0.6675;0.6726;0.6675;0.6726;200
20160121 154500;0.6726;0.6726;0.6726;0.6726;100
20160121 154800;0.6675;0.6675;0.6675;0.6675;100
20160121 155000;0.6726;0.6726;0.6726;0.6726;100
20160121 155100;0.6726;0.6726;0.6726;0.6726;200
20160121 155200;0.6726;0.6726;0.6726;0.6726;100
20160121 155300;0.6726;0.6726;0.6726;0.6726;100
20160121 155500;0.6726;0.6726;0.6726;0.6726;200
20160121 155600;0.6726;0.6726;0.6726;0.6726;100
20160121 155700;0.6726;0.6726;0.6726;0.6726;100
20160121 155800;0.6726;0.6726;0.6726;0.6726;100
20160121 155900;0.6726;0.6726;0.6726;0.6726;100
20160121 160000;0.6601;0.6601;0.6601;0.6601;100
20160122 095300;0.7999;0.7999;0.7996;0.7999;800
20160122 100500;0.7998;0.7998;0.7998;0.7998;350
20160122 104600;0.7535;0.7965;0.7535;0.7965;500
20160122 105100;0.755;0.769;0.755;0.7685;500
20160122 105300;0.7799;0.7799;0.7799;0.7799;500
20160122 110300;0.77;0.77;0.77;0.77;580
20160122 122000;0.77;0.77;0.77;0.77;100
20160122 124200;0.77;0.77;0.77;0.77;800
20160122 124300;0.7599;0.76;0.7599;0.76;14600
20160122 132500;0.7599;0.7599;0.7599;0.7599;100
20160122 150900;0.73;0.735;0.71;0.71;2004
20160122 155000;0.7325;0.7325;0.7325;0.7325;1000
20160122 155500;0.7301;0.7301;0.7301;0.7301;5000
20160122 155900;0.74;0.76;0.74;0.76;400
20160125 101000;0.7106;0.7106;0.7106;0.7106;2000
20160125 102400;0.731;0.731;0.731;0.731;280
20160125 110700;0.72;0.72;0.72;0.72;245
20160125 112700;0.7189;0.7198;0.7189;0.7198;980
20160125 125800;0.715;0.7151;0.71;0.7101;4593
20160125 130900;0.7099;0.7099;0.7099;0.7099;1136
20160126 092900;0.849;0.849;0.849;0.849;1
20160126 093000;1;1;1;1;1
20160126 110200;0.7;0.7003;0.7;0.7;11457
20160126 110600;0.6902;0.6902;0.6902;0.6902;1136
20160126 113600;0.6994;0.6994;0.6994;0.6994;1300
20160126 151300;0.6956;0.6956;0.6956;0.6956;1600
20160127 103100;0.68;0.68;0.66;0.66;4000
20160127 114200;0.6899;0.6899;0.6899;0.6899;1000
20160127 121500;0.7099;0.7099;0.7099;0.7099;9990
20160127 121700;0.72;0.72;0.72;0.72;989
20160127 122200;0.735;0.735;0.7181;0.7181;8989
20160127 122800;0.73;0.73;0.73;0.73;100
20160127 154700;0.68;0.683;0.68;0.683;400
20160127 154800;0.7;0.7;0.7;0.7;500
20160127 154900;0.6803;0.6803;0.6803;0.6803;1000
20160127 155600;0.68;0.68;0.68;0.68;1000
20160128 101200;0.6601;0.6601;0.6601;0.6601;500
20160128 101600;0.66;0.66;0.66;0.66;100
20160128 103200;0.6744;0.6744;0.6744;0.6744;9000
20160128 112100;0.66;0.6601;0.66;0.6601;5000
20160128 112300;0.6601;0.6601;0.6601;0.6601;9307
20160128 114700;0.6603;0.6603;0.66;0.66;5300
20160128 120800;0.67;0.67;0.67;0.67;200
20160128 120900;0.6699;0.6699;0.6699;0.6699;100
20160128 124100;0.65;0.65;0.65;0.65;2000
20160128 124300;0.67;0.67;0.67;0.67;5100
20160128 125000;0.7;0.7;0.7;0.7;400
20160128 131100;0.6999;0.6999;0.6999;0.6999;3000
20160128 134100;0.7;0.7;0.7;0.7;818
20160128 153700;0.6768;0.6768;0.67;0.67;1300
20160129 093200;0.66;0.66;0.655;0.655;3754
20160129 094000;0.6699;0.6699;0.6699;0.6699;1700
20160129 094100;0.6551;0.6551;0.6551;0.6551;350
20160129 100100;0.67;0.7;0.67;0.7;200
20160129 101400;0.7;0.7;0.7;0.7;1000
20160129 114600;0.6824;0.6824;0.6824;0.6824;1000
20160129 142900;0.6999;0.7;0.6993;0.6993;682
20160129 154400;0.7;0.7;0.7;0.7;100
20160129 160000;0.7;0.7;0.7;0.7;100
20160201 093100;0.89;0.92;0.89;0.92;18300
20160201 093200;0.98;0.98;0.959;0.979;907
20160201 093300;0.9201;0.9201;0.92;0.92;8580
20160201 093400;0.9081;0.9081;0.908;0.908;19500
20160201 093500;0.94;0.94;0.9;0.9;7000
20160201 093600;0.94;0.94;0.92;0.94;7088
20160201 093700;0.95;0.95;0.92;0.92;34400
20160201 093800;0.92;0.92;0.92;0.92;400
20160201 094200;0.92;0.92;0.92;0.92;9896
20160201 094300;0.92;0.92;0.92;0.92;5000
20160201 094400;0.9499;0.95;0.9499;0.95;10985
20160201 094700;0.945;0.945;0.92;0.925;17299
20160201 094800;0.925;0.925;0.92;0.921;8700
20160201 094900;0.9299;0.9299;0.92;0.92;9841
20160201 095000;0.92;0.93;0.92;0.93;18836
20160201 095100;0.93;0.93;0.9;0.9003;25000
20160201 095200;0.92;0.92;0.92;0.92;1184
20160201 095400;0.9296;0.9296;0.9296;0.9296;100
20160201 095700;0.91;0.91;0.91;0.91;1000
20160201 095800;0.91;0.91;0.91;0.91;2222
20160201 100000;0.9234;0.9234;0.9;0.9;2694
20160201 100100;0.904;0.905;0.9;0.9;5915
20160201 100200;0.91;0.91;0.9;0.9;2000
20160201 100300;0.91;0.91;0.91;0.91;2700
20160201 100400;0.9439;0.9461;0.9439;0.9461;3000
20160201 100500;0.9462;0.9462;0.9418;0.9418;4000
20160201 100700;0.9058;0.9058;0.9058;0.9058;600
20160201 101100;0.9178;0.92;0.9178;0.92;5800
20160201 101500;0.92;0.92;0.92;0.92;1100
20160201 101600;0.9198;0.92;0.9158;0.9158;9506
20160201 101800;0.9299;0.9299;0.91;0.91;15907
20160201 102000;0.93;0.93;0.93;0.93;237
20160201 102300;0.9104;0.93;0.9103;0.9298;9500
20160201 102500;0.9113;0.9113;0.89;0.89;25000
20160201 102600;0.89;0.89;0.89;0.89;100
20160201 102700;0.9082;0.9089;0.9082;0.9089;7000
20160201 102800;0.91;0.91;0.91;0.91;100
20160201 103200;0.9111;0.913;0.911;0.911;2800
20160201 103700;0.911;0.911;0.911;0.911;1600
20160201 103800;0.911;0.911;0.911;0.911;2300
20160201 104100;0.911;0.911;0.91;0.91;15000
20160201 104500;0.9123;0.9123;0.9123;0.9123;1100
20160201 104600;0.912;0.912;0.91;0.91;20000
20160201 105000;0.9175;0.9175;0.9101;0.9101;4000
20160201 105200;0.9112;0.9174;0.9112;0.9174;600
20160201 105800;0.915;0.915;0.915;0.915;100
20160201 105900;0.91;0.9101;0.91;0.9101;2000
20160201 110900;0.9101;0.9101;0.9;0.9;40093
20160201 111000;0.91;0.91;0.91;0.91;100
20160201 111500;0.915;0.915;0.9101;0.9101;200
20160201 111600;0.9199;0.9199;0.9199;0.9199;100
20160201 112200;0.91;0.91;0.91;0.91;420
20160201 112700;0.91;0.91;0.91;0.91;9400
20160201 113000;0.9001;0.902;0.9001;0.902;2700
20160201 114100;0.9001;0.9001;0.9;0.9;2900
20160201 114200;0.8999;0.8999;0.8999;0.8999;3160
20160201 114300;0.9001;0.9001;0.9;0.9001;2200
20160201 114500;0.9;0.9001;0.9;0.9001;19590
20160201 115900;0.9;0.9;0.9;0.9;500
20160201 120100;0.9;0.9;0.9;0.9;340
20160201 121000;0.8999;0.8999;0.8999;0.8999;509
20160201 121200;0.9;0.9;0.9;0.9;300
20160201 122400;0.9;0.9;0.9;0.9;1000
20160201 123200;0.8999;0.8999;0.89;0.8939;32700
20160201 130700;0.9;0.9;0.9;0.9;100
20160201 130800;0.8901;0.8901;0.89;0.89;8900
20160201 132100;0.8997;0.91;0.8997;0.91;3000
20160201 132600;0.8998;0.8998;0.8998;0.8998;100
20160201 133000;0.908;0.908;0.908;0.908;2000
20160201 134700;0.8942;0.8942;0.8942;0.8942;200
20160201 135100;0.8901;0.8901;0.8901;0.8901;1000
20160201 135600;0.89;0.89;0.89;0.89;15000
20160201 140300;0.892;0.892;0.892;0.892;100
20160201 142000;0.89;0.89;0.89;0.89;700
20160201 142100;0.89;0.89;0.89;0.89;5000
20160201 142200;0.89;0.89;0.89;0.89;5200
20160201 142400;0.89;0.892;0.88;0.88;8050
20160201 144600;0.88;0.88;0.88;0.88;100
20160201 145000;0.8801;0.8801;0.88;0.88;7264
20160201 150200;0.8893;0.8893;0.8893;0.8893;300
20160201 151300;0.8883;0.8883;0.8831;0.8831;1100
20160201 151400;0.8831;0.8831;0.8831;0.8831;6313
20160201 151800;0.8892;0.8892;0.8892;0.8892;250
20160201 152400;0.8887;0.8893;0.8831;0.8831;6938
20160201 152500;0.8831;0.8831;0.8831;0.8831;662
20160201 152900;0.881;0.881;0.881;0.881;200
20160201 153400;0.881;0.881;0.881;0.881;100
20160201 153800;0.88;0.88;0.88;0.88;100
20160201 153900;0.88;0.88;0.88;0.88;10500
20160201 154000;0.88;0.88;0.875;0.875;7624
20160201 154100;0.8699;0.8699;0.86;0.86;4681
20160201 154300;0.8614;0.8614;0.86;0.8604;4900
20160201 154400;0.86;0.86;0.86;0.86;300
20160201 155700;0.8603;0.8603;0.8603;0.8603;500
20160201 155900;0.86;0.8601;0.86;0.86;11400
20160201 160000;0.86;0.8603;0.86;0.86;9400
20160202 093100;0.9003;0.9003;0.9;0.9;20000
20160202 093200;0.9;0.9;0.9;0.9;251
20160202 093400;0.87;0.87;0.87;0.87;733
20160202 094600;0.9;0.9;0.8889;0.8889;5000
20160202 094700;0.871;0.871;0.871;0.871;10095
20160202 094900;0.8997;0.9;0.8997;0.9;5000
20160202 095600;0.897;0.897;0.897;0.897;100
20160202 100100;0.88;0.88;0.88;0.88;5000
20160202 100800;0.8797;0.88;0.87;0.87;7951
20160202 101000;0.8701;0.8967;0.8701;0.89;2000
20160202 101500;0.8753;0.8753;0.8701;0.8701;11427
20160202 101900;0.8704;0.8704;0.8704;0.8704;200
20160202 102200;0.8704;0.8704;0.8704;0.8704;200
20160202 102900;0.8704;0.8739;0.87;0.87;5757
20160202 103500;0.88;0.88;0.88;0.88;1000
20160202 103800;0.8721;0.8721;0.8721;0.8721;230
20160202 104000;0.872;0.88;0.8708;0.88;10200
20160202 104200;0.8711;0.8711;0.8711;0.8711;200
20160202 104500;0.8746;0.9;0.871;0.89;51200
20160202 105000;0.881;0.881;0.871;0.8715;26980
20160202 105100;0.8715;0.8715;0.8715;0.8715;161
20160202 105900;0.8711;0.8715;0.8711;0.8715;2520
20160202 111000;0.8715;0.8715;0.871;0.871;1100
20160202 111200;0.871;0.871;0.871;0.871;100
20160202 113200;0.871;0.871;0.8708;0.8708;10400
20160202 113600;0.8777;0.8777;0.8777;0.8777;100
20160202 121000;0.88;0.88;0.88;0.88;1200
20160202 121600;0.8709;0.8709;0.8709;0.8709;500
20160202 122700;0.8708;0.8708;0.87;0.87;10104
20160202 123200;0.8701;0.8701;0.87;0.87;16461
20160202 133500;0.8736;0.8736;0.8736;0.8736;500
20160202 134700;0.8719;0.8719;0.8719;0.8719;100
20160202 141800;0.8703;0.8703;0.8703;0.8703;100
20160202 152000;0.87;0.87;0.87;0.87;100
20160202 153900;0.87;0.8737;0.87;0.8737;212
20160202 154800;0.87;0.87;0.87;0.87;100
20160202 155000;0.87;0.87;0.87;0.87;100
20160202 155700;0.87;0.87;0.87;0.87;3800
20160202 155800;0.87;0.87;0.87;0.87;394
20160202 155900;0.87;0.87;0.87;0.87;501
20160202 160000;0.87;0.872;0.87;0.872;799
20160203 093400;0.87;0.87;0.87;0.87;10000
20160203 093500;0.88;0.8801;0.87;0.87;11318
20160203 093800;0.87;0.8701;0.87;0.87;14918
20160203 094000;0.8611;0.8611;0.8611;0.8611;500
20160203 094100;0.861;0.861;0.861;0.861;5000
20160203 095000;0.8697;0.87;0.8697;0.87;7418
20160203 095300;0.8763;0.88;0.87;0.87;2700
20160203 100500;0.8613;0.8615;0.86;0.86;24500
20160203 101600;0.86;0.86;0.86;0.86;9900
20160203 102000;0.86;0.86;0.86;0.86;18589
20160203 102300;0.855;0.855;0.855;0.855;200
20160203 102500;0.85;0.85;0.85;0.85;300
20160203 102700;0.85;0.85;0.85;0.85;15200
20160203 102800;0.84;0.84;0.84;0.84;100
20160203 102900;0.84;0.84;0.84;0.84;100
20160203 103000;0.84;0.84;0.84;0.84;100
20160203 103300;0.84;0.84;0.84;0.84;1600
20160203 103600;0.8491;0.8491;0.8418;0.8418;300
20160203 103900;0.8418;0.8418;0.8418;0.8418;200
20160203 104300;0.8451;0.8451;0.8408;0.8408;12300
20160203 104400;0.8408;0.8408;0.8408;0.8408;300
20160203 104600;0.8409;0.85;0.8409;0.85;5500
20160203 105100;0.8409;0.8409;0.8409;0.8409;100
20160203 105300;0.8409;0.85;0.8409;0.8409;1000
20160203 105900;0.85;0.85;0.85;0.85;100
20160203 111800;0.8499;0.87;0.8499;0.8639;2500
20160203 111900;0.8585;0.86;0.8585;0.86;3000
20160203 112000;0.86;0.86;0.86;0.86;2000
20160203 114900;0.8599;0.86;0.8596;0.86;1200
20160203 115500;0.8699;0.8699;0.8699;0.8699;4000
20160203 120400;0.8602;0.8602;0.86;0.86;11800
20160203 120700;0.86;0.86;0.86;0.86;400
20160203 120800;0.86;0.86;0.86;0.86;4000
20160203 121300;0.8501;0.8501;0.8501;0.8501;300
20160203 121500;0.85;0.85;0.85;0.85;500
20160203 122000;0.85;0.8501;0.85;0.85;700
20160203 122500;0.8501;0.8501;0.8501;0.8501;300
20160203 123000;0.8501;0.8501;0.8501;0.8501;200
20160203 123100;0.855;0.855;0.855;0.855;100
20160203 123400;0.855;0.855;0.855;0.855;600
20160203 123500;0.855;0.855;0.855;0.855;200
20160203 124400;0.85;0.853;0.85;0.853;10300
20160203 124600;0.851;0.853;0.851;0.851;10700
20160203 124700;0.851;0.851;0.851;0.851;800
20160203 125100;0.845;0.845;0.845;0.845;100
20160203 130200;0.8491;0.8491;0.8491;0.8491;200
20160203 131200;0.8499;0.8499;0.8499;0.8499;5000
20160203 131300;0.8499;0.8499;0.8499;0.8499;100
20160203 131700;0.8498;0.8498;0.8453;0.8453;700
20160203 131800;0.8458;0.8458;0.8458;0.8458;100
20160203 132900;0.8458;0.8458;0.8458;0.8458;100
20160203 135500;0.8458;0.855;0.8458;0.855;14100
20160203 135600;0.86;0.86;0.86;0.86;100
20160203 135700;0.85;0.86;0.85;0.86;500
20160203 140000;0.86;0.86;0.86;0.86;100
20160203 140600;0.86;0.86;0.86;0.86;600
20160203 140700;0.86;0.86;0.845;0.845;10300
20160203 140900;0.86;0.86;0.86;0.86;300
20160203 141100;0.8597;0.8597;0.8597;0.8597;600
20160203 141400;0.8597;0.8597;0.8597;0.8597;100
20160203 142000;0.845;0.845;0.845;0.845;100
20160203 142100;0.845;0.845;0.845;0.845;100
20160203 143400;0.86;0.86;0.86;0.86;800
20160203 150300;0.855;0.8575;0.855;0.855;1300
20160203 150400;0.855;0.8575;0.855;0.8575;200
20160203 150900;0.86;0.86;0.86;0.86;200
20160203 151300;0.86;0.86;0.86;0.86;100
20160203 152000;0.86;0.86;0.86;0.86;23011
20160203 153300;0.87;0.87;0.87;0.87;1000
20160203 153600;0.86;0.86;0.86;0.86;1811
20160203 154700;0.8501;0.8501;0.8501;0.8501;100
20160203 155200;0.8501;0.8501;0.8501;0.8501;200
20160203 155500;0.8502;0.8502;0.8502;0.8502;300
20160203 155800;0.8532;0.8532;0.8532;0.8532;100
20160203 155900;0.8505;0.8505;0.8505;0.8505;100
20160203 160000;0.8505;0.86;0.8505;0.86;4201
20160204 093100;0.905;0.91;0.88;0.8801;15800
20160204 093700;0.8872;0.8872;0.88;0.88;9300
20160204 094400;0.89;0.9;0.88;0.9;1719
20160204 100900;0.8809;0.8809;0.8809;0.8809;400
20160204 101000;0.8802;0.8802;0.8802;0.8802;2540
20160204 101300;0.8801;0.8801;0.88;0.88;10400
20160204 101500;0.8801;0.8802;0.88;0.88;18983
20160204 101600;0.88;0.88;0.88;0.88;100
20160204 102000;0.88;0.88;0.88;0.88;10500
20160204 102200;0.8801;0.8801;0.8801;0.8801;1500
20160204 102500;0.88;0.88;0.88;0.88;33400
20160204 102600;0.88;0.88;0.87;0.87;11772
20160204 104900;0.87;0.87;0.87;0.87;1500
20160204 105300;0.8613;0.8613;0.8613;0.8613;400
20160204 105400;0.8606;0.8606;0.86;0.86;11000
20160204 105500;0.86;0.86;0.8508;0.86;10200
20160204 105600;0.86;0.86;0.851;0.851;5599
20160204 113300;0.8599;0.8599;0.851;0.851;5100
20160204 120200;0.8599;0.86;0.8599;0.8599;6500
20160204 120500;0.86;0.86;0.86;0.86;100
20160204 132500;0.8616;0.8647;0.8616;0.8647;1000
20160204 140000;0.8785;0.8785;0.8785;0.8785;100
20160204 142100;0.8784;0.8784;0.8784;0.8784;2000
20160204 143000;0.86;0.86;0.851;0.851;3700
20160204 145100;0.8561;0.8561;0.8561;0.8561;100
20160204 154300;0.851;0.851;0.851;0.851;200
20160204 154500;0.851;0.851;0.851;0.851;400
20160204 154600;0.8518;0.8518;0.851;0.851;200
20160204 155000;0.8518;0.8518;0.8518;0.8518;200
20160204 155100;0.8518;0.8518;0.8518;0.8518;200
20160204 155200;0.8518;0.8518;0.8518;0.8518;200
20160204 155400;0.8518;0.8518;0.8518;0.8518;200
20160204 155500;0.8518;0.8518;0.8518;0.8518;200
20160204 155600;0.851;0.851;0.851;0.851;200
20160204 155700;0.851;0.851;0.851;0.851;200
20160204 155800;0.851;0.851;0.851;0.851;200
20160204 155900;0.851;0.851;0.851;0.851;100
20160204 160000;0.856;0.856;0.856;0.856;1000
20160205 094800;0.88;0.88;0.87;0.87;3000
20160205 100900;0.87;0.87;0.87;0.87;1000
20160205 101000;0.87;0.87;0.87;0.87;1000
20160205 101500;0.86;0.86;0.86;0.86;200
20160205 101700;0.86;0.86;0.86;0.86;3800
20160205 101800;0.86;0.86;0.86;0.86;700
20160205 102100;0.858;0.858;0.858;0.858;3870
20160205 102900;0.856;0.856;0.856;0.856;3000
20160205 103000;0.8574;0.8574;0.8574;0.8574;200
20160205 103600;0.8574;0.8574;0.8574;0.8574;300
20160205 103900;0.8574;0.8574;0.8574;0.8574;200
20160205 104000;0.857;0.857;0.851;0.851;1100
20160205 104600;0.8511;0.8511;0.8511;0.8511;100
20160205 104700;0.8511;0.8511;0.8511;0.8511;400
20160205 104800;0.8511;0.8516;0.851;0.8516;900
20160205 104900;0.851;0.851;0.851;0.851;5000
20160205 105000;0.851;0.8516;0.851;0.8516;10200
20160205 105100;0.8511;0.8516;0.851;0.851;5616
20160205 105200;0.85;0.85;0.84;0.84;41500
20160205 105500;0.842;0.842;0.842;0.842;1000
20160205 105600;0.842;0.842;0.842;0.842;4200
20160205 105800;0.841;0.841;0.81;0.8101;46798
20160205 105900;0.8101;0.8101;0.8101;0.8101;300
20160205 110600;0.84;0.84;0.84;0.84;100
20160205 110700;0.8409;0.8409;0.8409;0.8409;100
20160205 115400;0.8105;0.8108;0.81;0.81;12000
20160205 120300;0.83;0.83;0.83;0.83;200
20160205 122100;0.83;0.83;0.83;0.83;5000
20160205 123200;0.83;0.83;0.83;0.83;3100
20160205 123300;0.83;0.83;0.83;0.83;500
20160205 130600;0.83;0.83;0.81;0.81;5200
20160205 131200;0.8373;0.8373;0.8373;0.8373;100
20160205 132800;0.8373;0.8373;0.8373;0.8373;100
20160205 134600;0.8373;0.838;0.837;0.838;1800
20160205 143400;0.838;0.838;0.838;0.838;1700
20160205 144800;0.81;0.81;0.81;0.81;8302
20160205 145200;0.815;0.815;0.81;0.81;16000
20160205 145300;0.8101;0.8101;0.8101;0.8101;100
20160205 145800;0.8101;0.8407;0.8101;0.8101;6520
20160205 145900;0.8101;0.8101;0.8101;0.8101;400
