20160119 093200;8.24;8.24;8.24;8.24;100
20160119 093900;8.21;8.21;8.21;8.21;100
20160119 094400;8.2057;8.2057;8.2057;8.2057;125
20160119 100200;8.25;8.25;8.25;8.25;600
20160119 100500;8.2499;8.2499;8.2499;8.2499;575
20160119 101600;8.2;8.2;8.2;8.2;300
20160119 102100;8.25;8.25;8.25;8.25;100
20160119 102500;8.25;8.25;8.25;8.25;100
20160119 104000;8.2299;8.2299;8.2299;8.2299;500
20160119 104800;8.2199;8.2199;8.2199;8.2199;500
20160119 110100;8.17;8.1965;8.17;8.1965;500
20160119 110200;8.19;8.2;8.19;8.1999;900
20160119 110300;8.2;8.2;8.2;8.2;200
20160119 110600;8.25;8.25;8.25;8.25;100
20160119 110800;8.25;8.25;8.25;8.25;100
20160119 111000;8.25;8.25;8.22;8.22;1800
20160119 111300;8.2499;8.25;8.17;8.17;2200
20160119 112100;8.2;8.2;8.2;8.2;200
20160119 112300;8.2299;8.2299;8.2299;8.2299;300
20160119 112500;8.23;8.24;8.23;8.24;800
20160119 112600;8.24;8.24;8.24;8.24;100
20160119 112700;8.25;8.25;8.25;8.25;200
20160119 113800;8.25;8.25;8.25;8.25;100
20160119 115700;8.25;8.25;8.25;8.25;1000
20160119 120400;8.23;8.23;8.23;8.23;100
20160119 121500;8.2099;8.2099;8.2099;8.2099;2000
20160119 121700;8.21;8.24;8.208;8.24;900
20160119 121800;8.246;8.246;8.242;8.242;400
20160119 121900;8.2399;8.2399;8.22;8.22;2100
20160119 122000;8.22;8.22;8.215;8.215;1300
20160119 122400;8.25;8.25;8.25;8.25;300
20160119 122900;8.25;8.25;8.25;8.25;100
20160119 123300;8.25;8.25;8.25;8.25;200
20160119 123400;8.25;8.25;8.25;8.25;100
20160119 123800;8.25;8.25;8.24;8.24;5090
20160119 125900;8.2499;8.25;8.2499;8.25;1080
20160119 130000;8.2599;8.2599;8.2599;8.2599;2000
20160119 130400;8.25;8.25;8.24;8.24;442
20160119 130900;8.2489;8.25;8.2489;8.25;2100
20160119 131200;8.25;8.25;8.25;8.25;100
20160119 131300;8.25;8.25;8.25;8.25;100
20160119 132000;8.25;8.25;8.25;8.25;100
20160119 132300;8.25;8.26;8.23;8.23;3290
20160119 132400;8.24;8.24;8.24;8.24;100
20160119 133000;8.25;8.25;8.2498;8.25;2100
20160119 133200;8.25;8.265;8.25;8.25;500
20160119 133300;8.24;8.24;8.24;8.24;100
20160119 133400;8.2499;8.25;8.2499;8.25;2700
20160119 135000;8.26;8.26;8.26;8.26;1907
20160119 135100;8.25;8.25;8.25;8.25;100
20160119 135400;8.23;8.23;8.23;8.23;600
20160119 135800;8.2498;8.25;8.2478;8.25;6600
20160119 135900;8.25;8.25;8.25;8.25;100
20160119 140300;8.23;8.23;8.23;8.23;100
20160119 140400;8.2478;8.25;8.23;8.25;918
20160119 141100;8.23;8.23;8.23;8.23;200
20160119 142000;8.188;8.188;8.188;8.188;500
20160119 142100;8.188;8.19;8.1795;8.1796;1098
20160119 143600;8.23;8.23;8.23;8.23;100
20160119 143700;8.25;8.27;8.2421;8.27;1754
20160119 143800;8.25;8.25;8.25;8.25;100
20160119 143900;8.25;8.25;8.25;8.25;200
20160119 144100;8.25;8.25;8.25;8.25;200
20160119 144500;8.26;8.26;8.26;8.26;399
20160119 144600;8.26;8.26;8.26;8.26;100
20160119 145000;8.25;8.25;8.25;8.25;100
20160119 145200;8.25;8.25;8.25;8.25;100
20160119 145300;8.25;8.25;8.25;8.25;200
20160119 145400;8.25;8.25;8.25;8.25;200
20160119 145500;8.25;8.25;8.25;8.25;300
20160119 145600;8.25;8.25;8.25;8.25;300
20160119 145700;8.25;8.25;8.25;8.25;400
20160119 145800;8.25;8.25;8.23;8.23;300
20160119 145900;8.25;8.25;8.25;8.25;100
20160119 150000;8.25;8.25;8.25;8.25;200
20160119 150100;8.25;8.25;8.25;8.25;300
20160119 150200;8.25;8.28;8.2499;8.25;6728
20160119 150300;8.25;8.25;8.25;8.25;200
20160119 150500;8.25;8.25;8.25;8.25;100
20160119 150600;8.25;8.25;8.25;8.25;200
20160119 150700;8.25;8.25;8.25;8.25;100
20160119 150800;8.25;8.25;8.25;8.25;200
20160119 150900;8.25;8.25;8.25;8.25;252
20160119 151000;8.25;8.25;8.25;8.25;100
20160119 151100;8.25;8.25;8.25;8.25;100
20160119 151200;8.25;8.25;8.25;8.25;300
20160119 151300;8.25;8.25;8.25;8.25;200
20160119 151400;8.25;8.25;8.25;8.25;200
20160119 151600;8.25;8.25;8.25;8.25;300
20160119 151700;8.24;8.24;8.24;8.24;100
20160119 151800;8.25;8.25;8.25;8.25;100
20160119 151900;8.25;8.25;8.25;8.25;200
20160119 152000;8.25;8.25;8.25;8.25;100
20160119 152200;8.25;8.25;8.25;8.25;100
20160119 152400;8.25;8.25;8.25;8.25;100
20160119 152500;8.25;8.25;8.25;8.25;400
20160119 152600;8.25;8.25;8.25;8.25;100
20160119 152700;8.25;8.25;8.25;8.25;100
20160119 152800;8.25;8.25;8.25;8.25;400
20160119 152900;8.25;8.25;8.25;8.25;200
20160119 153000;8.25;8.25;8.25;8.25;100
20160119 153100;8.25;8.25;8.25;8.25;300
20160119 153200;8.25;8.25;8.25;8.25;200
20160119 153300;8.25;8.25;8.25;8.25;100
20160119 153400;8.25;8.25;8.25;8.25;100
20160119 153500;8.25;8.25;8.25;8.25;100
20160119 153600;8.25;8.25;8.25;8.25;300
20160119 153700;8.25;8.25;8.25;8.25;100
20160119 153800;8.25;8.25;8.25;8.25;100
20160119 153900;8.25;8.25;8.25;8.25;100
20160119 154000;8.25;8.25;8.25;8.25;800
20160119 154700;8.29;8.29;8.29;8.29;100
20160119 154800;8.29;8.29;8.29;8.29;200
20160119 155100;8.3;8.32;8.3;8.32;300
20160119 155500;8.282;8.282;8.282;8.282;627
20160119 155700;8.27;8.27;8.25;8.25;200
20160119 155800;8.25;8.25;8.25;8.25;100
20160119 155900;8.25;8.27;8.25;8.26;800
20160119 160000;8.27;8.29;8.26;8.27;5076
20160119 160100;8.27;8.27;8.27;8.27;2106
20160119 170600;8.27;8.27;8.27;8.27;55
20160120 093300;8.53;8.53;8.53;8.53;100
20160120 093400;8.27;8.27;8.27;8.27;100
20160120 093700;8.15;8.15;8.15;8.15;100
20160120 094000;8.131;8.131;8.131;8.131;100
20160120 094200;8.14;8.14;8.14;8.14;100
20160120 095300;8.092;8.092;8.092;8.092;100
20160120 101200;8.105;8.13;8.105;8.13;200
20160120 101300;8.15;8.15;8.1;8.12;1600
20160120 101600;8.13;8.13;8.13;8.13;100
20160120 102200;8.14;8.14;8.14;8.14;200
20160120 102700;8.16;8.16;8.16;8.16;100
20160120 103000;8.16;8.16;8.16;8.16;200
20160120 103100;8.15;8.15;8.15;8.15;1500
20160120 103400;8.15;8.15;8.12;8.145;400
20160120 103600;8.12;8.12;8.12;8.12;100
20160120 104700;8.09;8.115;8.09;8.115;200
20160120 104800;8.11;8.11;8.11;8.11;100
20160120 105200;8.13;8.13;8.13;8.13;200
20160120 110500;8.14;8.14;8.14;8.14;100
20160120 112800;8.145;8.145;8.145;8.145;100
20160120 113200;8.1528;8.16;8.13;8.13;1100
20160120 113300;8.18;8.18;8.18;8.18;100
20160120 113400;8.19;8.19;8.19;8.19;100
20160120 113500;8.2;8.2;8.2;8.2;100
20160120 113800;8.2599;8.2599;8.2599;8.2599;500
20160120 114400;8.26;8.26;8.25;8.26;800
20160120 114500;8.1801;8.25;8.1801;8.22;768
20160120 114800;8.25;8.25;8.245;8.245;5400
20160120 114900;8.27;8.27;8.23;8.23;400
20160120 115000;8.21;8.24;8.21;8.21;669
20160120 115100;8.23;8.28;8.23;8.28;300
20160120 115300;8.29;8.29;8.29;8.29;100
20160120 115700;8.3;8.31;8.28;8.28;400
20160120 120000;8.28;8.28;8.28;8.28;100
20160120 120700;8.27;8.27;8.18;8.18;1100
20160120 120800;8.16;8.16;8.16;8.16;200
20160120 121000;8.16;8.16;8.16;8.16;100
20160120 121100;8.16;8.16;8.14;8.14;4000
20160120 121200;8.15;8.15;8.09;8.09;3500
20160120 121600;8.0999;8.1;8.095;8.095;3500
20160120 121700;8.095;8.095;8.095;8.095;4500
20160120 121800;8.095;8.0999;8.09;8.09;4500
20160120 121900;8.09;8.09;8.09;8.09;100
20160120 122000;8.0999;8.0999;8.0999;8.0999;2000
20160120 122100;8.1;8.15;8.09;8.125;7700
20160120 122300;8.06;8.1;8.06;8.07;4000
20160120 122500;8.08;8.125;8.08;8.125;1300
20160120 122600;8.1201;8.1201;8.11;8.11;500
20160120 122800;8.11;8.11;8.105;8.105;200
20160120 122900;8.11;8.11;8.11;8.11;100
20160120 123200;8.0895;8.0895;8.0895;8.0895;2000
20160120 123400;8.06;8.0883;8.06;8.065;6187
20160120 123500;8.065;8.065;8.065;8.065;147
20160120 123600;8.02;8.02;8.02;8.02;200
20160120 123700;8.04;8.04;8.04;8.04;100
20160120 123800;8.025;8.03;8.025;8.025;400
20160120 124000;8.03;8.03;8.025;8.025;500
20160120 124900;8.025;8.025;8.02;8.02;200
20160120 125000;8.025;8.025;8.025;8.025;100
20160120 125100;8.025;8.025;8.02;8.02;200
20160120 125200;8.025;8.025;8.025;8.025;200
20160120 125300;8.025;8.025;8.02;8.02;200
20160120 125400;8.03;8.03;8.025;8.025;419
20160120 125500;8.02;8.025;8.02;8.025;200
20160120 125700;8.02;8.025;8.02;8.025;1100
20160120 125900;8.025;8.025;8.025;8.025;100
20160120 130000;8.02;8.02;8.02;8.02;100
20160120 130200;8.02;8.02;8.02;8.02;100
20160120 130400;8.02;8.02;8.02;8.02;100
20160120 130500;8.02;8.02;8.02;8.02;100
20160120 130600;8.025;8.025;8.025;8.025;400
20160120 130700;8.025;8.025;8.02;8.02;200
20160120 130900;8.02;8.02;8.02;8.02;200
20160120 131100;8.02;8.02;8.02;8.02;100
20160120 131200;8.02;8.02;8.02;8.02;100
20160120 131300;8.02;8.02;8.02;8.02;300
20160120 131800;8.01;8.01;8;8;532
20160120 131900;8;8;8;8;100
20160120 132000;8.035;8.035;8.035;8.035;105
20160120 132400;8.01;8.01;8.01;8.01;100
20160120 132900;8.01;8.01;8.01;8.01;300
20160120 133200;8.02;8.03;8.02;8.03;300
20160120 133800;8.1199;8.1199;8.07;8.1188;1100
20160120 134000;8.1;8.1;8.1;8.1;100
20160120 134300;8.14;8.14;8.105;8.105;200
20160120 134500;8.17;8.17;8.17;8.17;100
20160120 134700;8.19;8.19;8.19;8.19;300
20160120 135200;8.26;8.26;8.24;8.24;400
20160120 135600;8.28;8.28;8.24;8.24;200
20160120 135700;8.29;8.29;8.29;8.29;100
20160120 135800;8.2596;8.2864;8.1099;8.17;3156
20160120 140200;8.2;8.2;8.2;8.2;500
20160120 140300;8.2;8.205;8.2;8.2;1300
20160120 140400;8.2;8.2;8.2;8.2;1100
20160120 140500;8.2;8.2;8.2;8.2;100
20160120 140600;8.205;8.205;8.2;8.205;3100
20160120 140700;8.2;8.205;8.2;8.2;2600
20160120 140800;8.2;8.205;8.2;8.205;2200
20160120 140900;8.2;8.21;8.2;8.21;400
20160120 141000;8.21;8.21;8.21;8.21;500
20160120 141100;8.27;8.27;8.26;8.26;200
20160120 141200;8.26;8.27;8.25;8.27;400
20160120 141400;8.243;8.243;8.243;8.243;211
20160120 141500;8.24;8.265;8.24;8.2525;400
20160120 142000;8.25;8.25;8.25;8.25;100
20160120 142100;8.25;8.27;8.25;8.27;400
20160120 142300;8.255;8.255;8.255;8.255;100
20160120 142400;8.265;8.265;8.265;8.265;200
20160120 142700;8.28;8.28;8.28;8.28;100
20160120 142900;8.3;8.33;8.3;8.33;200
20160120 143000;8.35;8.35;8.35;8.35;100
20160120 144000;8.52;8.52;8.495;8.495;200
20160120 144400;8.51;8.51;8.51;8.51;300
20160120 145100;8.53;8.53;8.53;8.53;100
20160120 145500;8.52;8.52;8.52;8.52;100
20160120 145700;8.5;8.5;8.5;8.5;200
20160120 145800;8.46;8.46;8.46;8.46;100
20160120 145900;8.46;8.46;8.46;8.46;100
20160120 150100;8.5;8.5;8.5;8.5;300
20160120 150200;8.5;8.5;8.5;8.5;100
20160120 150300;8.5;8.5;8.5;8.5;3280
20160120 150600;8.5;8.5;8.5;8.5;100
20160120 151000;8.5;8.5;8.5;8.5;100
20160120 151100;8.5;8.5;8.5;8.5;100
20160120 151200;8.5;8.5;8.5;8.5;100
20160120 151300;8.5;8.5;8.5;8.5;100
20160120 151500;8.5;8.52;8.5;8.52;200
20160120 151600;8.5;8.5;8.5;8.5;100
20160120 151700;8.51;8.51;8.51;8.51;100
20160120 151800;8.51;8.51;8.51;8.51;100
20160120 151900;8.53;8.53;8.53;8.53;100
20160120 152000;8.525;8.53;8.525;8.53;200
20160120 152200;8.54;8.56;8.54;8.56;500
20160120 152600;8.62;8.62;8.62;8.62;100
20160120 152800;8.61;8.61;8.61;8.61;100
20160120 153100;8.68;8.68;8.68;8.68;100
20160120 153200;8.62;8.62;8.62;8.62;100
20160120 153400;8.62;8.62;8.62;8.62;300
20160120 153500;8.62;8.62;8.56;8.56;500
20160120 153700;8.52;8.53;8.52;8.53;200
20160120 153800;8.55;8.55;8.55;8.55;200
20160120 153900;8.58;8.58;8.58;8.58;100
20160120 154100;8.61;8.61;8.61;8.61;100
20160120 154200;8.61;8.61;8.61;8.61;600
20160120 154300;8.6;8.6;8.6;8.6;400
20160120 154600;8.6;8.6;8.6;8.6;100
20160120 154700;8.6;8.6;8.6;8.6;100
20160120 154800;8.6;8.6;8.6;8.6;200
20160120 154900;8.6;8.6;8.6;8.6;300
20160120 155000;8.61;8.61;8.61;8.61;100
20160120 155100;8.603;8.603;8.6;8.6001;1438
20160120 155400;8.6;8.6;8.6;8.6;100
20160120 155500;8.6;8.6;8.6;8.6;100
20160120 155600;8.61;8.61;8.6;8.6;300
20160120 155700;8.6;8.6;8.6;8.6;200
20160120 155800;8.6;8.6;8.6;8.6;400
20160120 155900;8.605;8.605;8.6;8.6;300
20160120 160000;8.6;8.6;8.59;8.6;10489
20160120 161700;8.6;8.6;8.6;8.6;217
20160121 090600;8.6;8.6;8.6;8.6;918
20160121 093300;8.14;8.14;8.14;8.14;100
20160121 093600;8.57;8.6;8.57;8.6;300
20160121 093900;8.58;8.58;8.56;8.56;400
20160121 094100;8.52;8.52;8.52;8.52;100
20160121 094500;8.55;8.55;8.55;8.55;100
20160121 095400;8.52;8.52;8.52;8.52;100
20160121 095500;8.495;8.495;8.495;8.495;100
20160121 100000;8.52;8.52;8.52;8.52;100
20160121 100200;8.5;8.5;8.5;8.5;100
20160121 100500;8.5;8.5;8.495;8.495;200
20160121 101100;8.505;8.505;8.505;8.505;200
20160121 101300;8.505;8.505;8.505;8.505;100
20160121 101500;8.45;8.45;8.45;8.45;100
20160121 101800;8.44;8.44;8.44;8.44;100
20160121 102200;8.44;8.44;8.44;8.44;100
20160121 102500;8.42;8.42;8.42;8.42;200
20160121 103000;8.48;8.48;8.48;8.48;100
20160121 103200;8.46;8.47;8.45;8.46;1500
20160121 103300;8.47;8.48;8.47;8.48;500
20160121 103400;8.5;8.5399;8.5;8.525;600
20160121 105100;8.6993;8.6993;8.6993;8.6993;425
20160121 105200;8.7;8.7;8.68;8.68;300
20160121 105400;8.65;8.65;8.65;8.65;100
20160121 105800;8.59;8.59;8.59;8.59;100
20160121 105900;8.58;8.58;8.58;8.58;100
20160121 110300;8.54;8.54;8.54;8.54;200
20160121 110400;8.53;8.53;8.53;8.53;100
20160121 110500;8.515;8.54;8.515;8.53;1400
20160121 110600;8.53;8.53;8.53;8.53;200
20160121 110700;8.53;8.53;8.53;8.53;300
20160121 110900;8.52;8.52;8.52;8.52;100
20160121 111000;8.565;8.565;8.565;8.565;100
20160121 111600;8.555;8.555;8.555;8.555;100
20160121 112100;8.54;8.54;8.54;8.54;300
20160121 112200;8.54;8.54;8.54;8.54;100
20160121 113100;8.54;8.54;8.54;8.54;100
20160121 113200;8.52;8.52;8.52;8.52;100
20160121 113400;8.53;8.53;8.53;8.53;200
20160121 113800;8.535;8.535;8.535;8.535;200
20160121 114400;8.5;8.5;8.5;8.5;100
20160121 115000;8.54;8.54;8.525;8.525;384
20160121 115300;8.54;8.54;8.525;8.525;200
20160121 115600;8.52;8.52;8.52;8.52;100
20160121 115700;8.557;8.557;8.557;8.557;359
20160121 120800;8.595;8.595;8.595;8.595;100
20160121 120900;8.61;8.61;8.59;8.605;300
20160121 121300;8.59;8.59;8.59;8.59;200
20160121 121700;8.6;8.6;8.6;8.6;100
20160121 121800;8.58;8.58;8.58;8.58;100
20160121 122200;8.55;8.55;8.55;8.55;100
20160121 122800;8.58;8.59;8.58;8.59;200
20160121 122900;8.575;8.575;8.575;8.575;100
20160121 123200;8.575;8.575;8.575;8.575;200
20160121 124100;8.57;8.58;8.57;8.58;300
20160121 125000;8.56;8.56;8.56;8.56;100
20160121 125500;8.56;8.56;8.56;8.56;100
20160121 130400;8.53;8.53;8.53;8.53;100
20160121 130900;8.54;8.54;8.54;8.54;100
20160121 131000;8.54;8.54;8.54;8.54;100
20160121 131100;8.54;8.54;8.54;8.54;100
20160121 131900;8.47;8.47;8.43;8.43;300
20160121 132500;8.46;8.46;8.46;8.46;100
20160121 133700;8.43;8.43;8.43;8.43;200
20160121 133800;8.43;8.43;8.43;8.43;200
20160121 133900;8.43;8.43;8.43;8.43;200
20160121 134000;8.43;8.43;8.41;8.41;300
20160121 134200;8.435;8.45;8.435;8.45;600
20160121 134600;8.44;8.44;8.425;8.425;200
20160121 134900;8.445;8.445;8.445;8.445;100
20160121 135800;8.445;8.445;8.445;8.445;200
20160121 135900;8.43;8.43;8.43;8.43;100
20160121 141000;8.445;8.445;8.445;8.445;300
20160121 141100;8.43;8.43;8.43;8.43;200
20160121 141200;8.36;8.36;8.36;8.36;100
20160121 142000;8.38;8.38;8.38;8.38;200
20160121 142100;8.4;8.4;8.4;8.4;100
20160121 143000;8.4;8.4;8.4;8.4;100
20160121 143600;8.425;8.425;8.425;8.425;100
20160121 143700;8.43;8.43;8.43;8.43;100
20160121 145400;8.425;8.425;8.425;8.425;200
20160121 145500;8.425;8.43;8.425;8.43;600
20160121 145600;8.43;8.43;8.43;8.43;300
20160121 145700;8.43;8.44;8.43;8.43;1690
20160121 150100;8.422;8.422;8.422;8.422;100
20160121 150400;8.43;8.43;8.42;8.42;600
20160121 151500;8.39;8.39;8.37;8.37;400
20160121 152500;8.36;8.36;8.36;8.36;200
20160121 153200;8.37;8.37;8.37;8.37;200
20160121 153800;8.4;8.4;8.4;8.4;300
20160121 154000;8.39;8.39;8.39;8.39;100
20160121 154300;8.4;8.4;8.4;8.4;100
20160121 154400;8.41;8.41;8.41;8.41;100
20160121 154600;8.4;8.4;8.4;8.4;100
20160121 155000;8.4;8.4;8.4;8.4;100
20160121 155200;8.4;8.4;8.39;8.39;200
20160121 155300;8.39;8.39;8.39;8.39;300
20160121 155400;8.36;8.36;8.36;8.36;211
20160121 155500;8.38;8.38;8.38;8.38;200
20160121 155600;8.38;8.39;8.38;8.39;200
20160121 160000;8.38;8.38;8.31;8.35;6881
20160121 160100;8.35;8.35;8.35;8.35;1620
20160122 093600;8.65;8.65;8.65;8.65;100
20160122 094300;8.37;8.37;8.32;8.32;200
20160122 094600;8.4;8.4;8.4;8.4;100
20160122 094800;8.4;8.4;8.4;8.4;100
20160122 095200;8.42;8.43;8.42;8.43;200
20160122 095400;8.39;8.39;8.39;8.39;500
20160122 100200;8.34;8.34;8.34;8.34;100
20160122 100300;8.33;8.33;8.33;8.33;100
20160122 100800;8.34;8.34;8.34;8.34;200
20160122 101100;8.35;8.35;8.35;8.35;200
20160122 101700;8.375;8.375;8.375;8.375;100
20160122 102500;8.44;8.44;8.44;8.44;200
20160122 102800;8.45;8.45;8.45;8.45;100
20160122 102900;8.45;8.45;8.45;8.45;100
20160122 104500;8.46;8.46;8.46;8.46;200
20160122 105600;8.46;8.46;8.46;8.46;100
20160122 110100;8.49;8.49;8.49;8.49;100
20160122 110300;8.515;8.515;8.515;8.515;200
20160122 110400;8.51;8.51;8.51;8.51;200
20160122 111200;8.51;8.51;8.51;8.51;200
20160122 112700;8.54;8.54;8.54;8.54;200
20160122 113000;8.53;8.53;8.52;8.52;400
20160122 115000;8.52;8.52;8.52;8.52;100
20160122 123200;8.52;8.52;8.52;8.52;100
20160122 123900;8.5;8.5;8.5;8.5;100
20160122 124800;8.52;8.52;8.52;8.52;100
20160122 130300;8.555;8.555;8.52;8.52;300
20160122 130700;8.52;8.52;8.5;8.5;1100
20160122 130800;8.5;8.5;8.5;8.5;1300
20160122 130900;8.485;8.5;8.485;8.485;3500
20160122 132500;8.4801;8.4801;8.4801;8.4801;573
20160122 132800;8.49;8.49;8.49;8.49;100
20160122 132900;8.48;8.48;8.48;8.48;100
20160122 133200;8.49;8.49;8.49;8.49;100
20160122 134300;8.49;8.49;8.49;8.49;100
20160122 134800;8.49;8.49;8.49;8.49;100
20160122 135000;8.49;8.49;8.49;8.49;100
20160122 135200;8.495;8.495;8.495;8.495;100
20160122 135500;8.495;8.495;8.495;8.495;200
20160122 140000;8.5;8.5;8.49;8.49;1000
20160122 140300;8.495;8.495;8.495;8.495;100
20160122 140900;8.48;8.495;8.48;8.495;709
20160122 141100;8.5;8.5;8.5;8.5;200
20160122 143100;8.495;8.495;8.495;8.495;300
20160122 143300;8.495;8.495;8.495;8.495;200
20160122 143400;8.49;8.49;8.49;8.49;500
20160122 144100;8.49;8.49;8.48;8.49;300
20160122 144400;8.49;8.49;8.49;8.49;200
20160122 144500;8.48;8.48;8.48;8.48;100
20160122 145000;8.49;8.49;8.49;8.49;200
20160122 145700;8.49;8.49;8.49;8.49;100
20160122 145900;8.49;8.49;8.49;8.49;322
20160122 150600;8.49;8.49;8.49;8.49;200
20160122 150900;8.49;8.49;8.48;8.48;200
20160122 151400;8.48;8.48;8.48;8.48;320
20160122 151600;8.49;8.49;8.49;8.49;100
20160122 152000;8.4841;8.4841;8.4841;8.4841;235
20160122 152100;8.485;8.485;8.485;8.485;100
20160122 152200;8.48;8.48;8.47;8.47;200
20160122 153000;8.465;8.465;8.465;8.465;200
20160122 153400;8.47;8.47;8.47;8.47;100
20160122 153500;8.47;8.47;8.47;8.47;200
20160122 153700;8.47;8.47;8.47;8.47;100
20160122 153900;8.47;8.47;8.47;8.47;100
20160122 154400;8.47;8.47;8.47;8.47;100
20160122 154500;8.48;8.48;8.47;8.47;300
20160122 154700;8.47;8.47;8.47;8.47;200
20160122 154900;8.47;8.47;8.47;8.47;200
20160122 155000;8.47;8.47;8.47;8.47;200
20160122 155100;8.47;8.47;8.47;8.47;400
20160122 155200;8.47;8.47;8.46;8.47;1495
20160122 155400;8.47;8.47;8.47;8.47;200
20160122 155500;8.47;8.47;8.47;8.47;300
20160122 155600;8.47;8.47;8.47;8.47;100
20160122 155700;8.47;8.47;8.46;8.47;1500
20160122 155800;8.47;8.475;8.47;8.475;300
20160122 155900;8.47;8.47;8.46;8.47;1200
20160122 160000;8.47;8.48;8.46;8.48;6138
20160122 161900;8.48;8.48;8.48;8.48;53
20160122 162600;8.48;8.48;8.48;8.48;1548
20160125 093700;8.44;8.44;8.44;8.44;100
20160125 093900;8.44;8.44;8.44;8.44;100
20160125 094100;8.42;8.42;8.42;8.42;100
20160125 094500;8.42;8.42;8.42;8.42;500
20160125 100800;8.38;8.405;8.38;8.405;200
20160125 101300;8.36;8.36;8.36;8.36;100
20160125 102500;8.37;8.37;8.37;8.37;100
20160125 103600;8.359;8.359;8.35;8.35;718
20160125 104900;8.42;8.42;8.4;8.4;300
20160125 105300;8.37;8.37;8.37;8.37;100
20160125 105400;8.37;8.37;8.37;8.37;100
20160125 110100;8.37;8.37;8.37;8.37;100
20160125 111800;8.39;8.39;8.39;8.39;100
20160125 113800;8.3823;8.3823;8.3823;8.3823;100
20160125 114100;8.4;8.4;8.4;8.4;200
20160125 115100;8.4;8.41;8.4;8.41;900
20160125 115400;8.41;8.41;8.4;8.4;1100
20160125 115500;8.4;8.4;8.4;8.4;1400
20160125 115600;8.4;8.4;8.4;8.4;200
20160125 115900;8.4;8.4;8.4;8.4;100
20160125 120500;8.4;8.4;8.4;8.4;900
20160125 120600;8.4;8.4;8.4;8.4;500
20160125 120800;8.41;8.41;8.4;8.4;8276
20160125 121700;8.4;8.4;8.4;8.4;400
20160125 122600;8.4;8.41;8.4;8.4;600
20160125 122700;8.4;8.4;8.4;8.4;700
20160125 122900;8.4;8.4;8.4;8.4;300
20160125 123000;8.4;8.4;8.4;8.4;100
20160125 123100;8.4;8.4;8.4;8.4;100
20160125 123800;8.4;8.4;8.4;8.4;100
20160125 124300;8.4;8.4;8.4;8.4;100
20160125 124400;8.4;8.405;8.4;8.405;200
20160125 124500;8.4;8.405;8.4;8.4;3000
20160125 124700;8.4;8.4;8.4;8.4;100
20160125 125100;8.4;8.4;8.4;8.4;300
20160125 125200;8.4;8.4;8.4;8.4;200
20160125 125500;8.4;8.4;8.4;8.4;200
20160125 130400;8.4;8.4;8.4;8.4;100
20160125 131000;8.4;8.4;8.4;8.4;100
20160125 131100;8.4;8.4;8.4;8.4;100
20160125 131200;8.4;8.4;8.4;8.4;100
20160125 131400;8.405;8.405;8.405;8.405;100
20160125 132900;8.4;8.4;8.4;8.4;100
20160125 133100;8.405;8.405;8.405;8.405;100
20160125 133200;8.41;8.41;8.41;8.41;100
20160125 133600;8.4;8.4198;8.4;8.4124;2027
20160125 134600;8.41;8.41;8.41;8.41;100
20160125 134800;8.41;8.41;8.4;8.4;1000
20160125 134900;8.4;8.4;8.4;8.4;300
20160125 135000;8.4;8.4;8.4;8.4;300
20160125 135100;8.4;8.4;8.4;8.4;200
20160125 135200;8.4;8.4;8.4;8.4;100
20160125 135800;8.4;8.4;8.4;8.4;200
20160125 135900;8.406;8.406;8.406;8.406;300
20160125 140100;8.4;8.4;8.4;8.4;1500
20160125 140500;8.4;8.4;8.4;8.4;300
20160125 140600;8.4;8.4;8.4;8.4;700
20160125 141200;8.4;8.405;8.4;8.4;1200
20160125 141300;8.4;8.4;8.4;8.4;100
20160125 142200;8.4;8.405;8.4;8.405;200
20160125 143800;8.4;8.4;8.4;8.4;100
20160125 144500;8.4;8.4;8.4;8.4;300
20160125 145000;8.4;8.4;8.4;8.4;500
20160125 145100;8.4;8.4;8.4;8.4;300
20160125 145400;8.4;8.4;8.4;8.4;100
20160125 145600;8.405;8.41;8.405;8.41;200
20160125 150100;8.4;8.405;8.4;8.405;300
20160125 150800;8.4;8.4;8.4;8.4;200
20160125 150900;8.4;8.4;8.4;8.4;100
20160125 151400;8.4;8.4;8.4;8.4;161
20160125 151800;8.4;8.4;8.4;8.4;192
20160125 151900;8.405;8.405;8.405;8.405;100
20160125 152100;8.4;8.4;8.4;8.4;100
20160125 152300;8.4;8.4;8.4;8.4;500
20160125 152900;8.4;8.4;8.4;8.4;100
20160125 153100;8.4;8.4;8.4;8.4;200
20160125 153300;8.4;8.4;8.4;8.4;100
20160125 153500;8.4;8.4;8.4;8.4;100
20160125 154100;8.4;8.4;8.4;8.4;304
20160125 154200;8.4;8.4;8.4;8.4;200
20160125 154300;8.4;8.4;8.4;8.4;100
20160125 154800;8.4;8.4;8.4;8.4;600
20160125 154900;8.4;8.4;8.4;8.4;300
20160125 155100;8.4;8.4;8.4;8.4;100
20160125 155200;8.41;8.41;8.41;8.41;100
20160125 155300;8.4;8.4;8.4;8.4;100
20160125 155400;8.4;8.4;8.4;8.4;100
20160125 155600;8.41;8.41;8.4;8.41;500
20160125 155700;8.4;8.4;8.4;8.4;400
20160125 155800;8.4;8.4;8.4;8.4;300
20160125 155900;8.4;8.4;8.4;8.4;400
20160125 160000;8.4;8.41;8.4;8.4;4071
20160125 160100;8.4;8.4;8.4;8.4;7
20160125 172600;8.4;8.4;8.4;8.4;546
20160126 093900;8.44;8.52;8.41;8.41;600
20160126 094000;8.43;8.43;8.34;8.34;577
20160126 094100;8.38;8.38;8.38;8.38;100
20160126 095800;8.44;8.44;8.42;8.42;400
20160126 100100;8.4;8.4;8.4;8.4;200
20160126 100200;8.41;8.41;8.4;8.4;400
20160126 100500;8.4;8.4;8.4;8.4;700
20160126 100900;8.48;8.5;8.46;8.5;800
20160126 101000;8.5;8.5;8.49;8.49;200
20160126 101100;8.49;8.49;8.4;8.44;1600
20160126 101200;8.43;8.43;8.4;8.4;400
20160126 101300;8.4;8.4;8.4;8.4;100
20160126 101400;8.47;8.47;8.47;8.47;100
20160126 101900;8.43;8.43;8.39;8.4;2000
20160126 102300;8.4;8.4;8.4;8.4;100
20160126 102600;8.43;8.43;8.41;8.41;900
20160126 103500;8.42;8.42;8.42;8.42;100
20160126 104800;8.4;8.42;8.4;8.4;300
20160126 105100;8.4;8.4;8.4;8.4;200
20160126 105400;8.4;8.4;8.4;8.4;300
20160126 105500;8.42;8.42;8.42;8.42;316
20160126 110000;8.405;8.405;8.405;8.405;100
20160126 110100;8.4;8.4;8.4;8.4;200
20160126 110200;8.405;8.405;8.405;8.405;600
20160126 110400;8.41;8.41;8.405;8.405;300
20160126 110500;8.41;8.41;8.405;8.405;300
20160126 111500;8.4;8.4;8.4;8.4;100
20160126 111700;8.4;8.41;8.4;8.4;1800
20160126 111800;8.41;8.41;8.4;8.4;400
20160126 112000;8.405;8.405;8.405;8.405;100
20160126 112300;8.405;8.41;8.4;8.4;500
20160126 113000;8.41;8.41;8.4;8.4;500
20160126 113200;8.4;8.4;8.4;8.4;100
20160126 113400;8.41;8.41;8.4;8.4;400
20160126 113600;8.41;8.41;8.4;8.4;4300
20160126 114100;8.405;8.405;8.405;8.405;100
20160126 114600;8.41;8.41;8.4;8.4;384
20160126 114900;8.41;8.41;8.4;8.4;400
20160126 115100;8.4;8.4;8.4;8.4;200
20160126 115200;8.41;8.41;8.4;8.405;1573
20160126 120100;8.41;8.41;8.4;8.4;800
20160126 120200;8.405;8.405;8.405;8.405;100
20160126 120300;8.405;8.405;8.405;8.405;100
20160126 120400;8.405;8.405;8.405;8.405;200
20160126 120500;8.4;8.4;8.4;8.4;200
20160126 120700;8.405;8.41;8.4;8.405;1238
20160126 120800;8.41;8.41;8.405;8.405;700
20160126 121000;8.405;8.405;8.405;8.405;100
20160126 121300;8.41;8.41;8.4;8.4001;1438
20160126 121400;8.4;8.4;8.4;8.4;100
20160126 121700;8.41;8.41;8.4;8.4;1600
20160126 122200;8.4;8.4;8.4;8.4;200
20160126 122500;8.4085;8.4085;8.4085;8.4085;800
20160126 122600;8.41;8.41;8.41;8.41;300
20160126 122700;8.41;8.42;8.41;8.42;300
20160126 123100;8.46;8.46;8.46;8.46;100
20160126 123600;8.49;8.49;8.49;8.49;200
20160126 123700;8.55;8.55;8.55;8.55;100
20160126 123800;8.5231;8.5231;8.5231;8.5231;500
20160126 125700;8.58;8.58;8.58;8.58;100
20160126 125900;8.62;8.62;8.62;8.62;100
20160126 130400;8.73;8.73;8.73;8.73;200
20160126 130500;8.68;8.68;8.68;8.68;300
20160126 130600;8.68;8.68;8.68;8.68;200
20160126 130700;8.66;8.66;8.66;8.66;100
20160126 131000;8.69;8.69;8.69;8.69;100
20160126 131200;8.72;8.73;8.72;8.73;500
20160126 132100;8.75;8.75;8.75;8.75;100
20160126 133300;8.75;8.81;8.75;8.81;400
20160126 133800;8.7899;8.79;8.7899;8.79;400
20160126 134000;8.77;8.77;8.77;8.77;200
20160126 134200;8.79;8.83;8.79;8.83;200
20160126 134500;8.81;8.81;8.81;8.81;100
20160126 134700;8.81;8.81;8.81;8.81;100
20160126 134800;8.81;8.81;8.81;8.81;100
20160126 135200;8.85;8.85;8.85;8.85;100
20160126 140100;8.82;8.82;8.82;8.82;200
20160126 140300;8.83;8.83;8.83;8.83;100
20160126 140500;8.89;8.89;8.84;8.84;200
20160126 141000;8.89;8.89;8.89;8.89;100
20160126 141100;8.86;8.86;8.86;8.86;100
20160126 142600;8.85;8.85;8.85;8.85;100
20160126 142900;8.85;8.85;8.85;8.85;300
20160126 143700;8.82;8.82;8.82;8.82;500
20160126 144300;8.78;8.78;8.78;8.78;100
20160126 144900;8.8;8.8;8.8;8.8;100
20160126 145600;8.81;8.81;8.81;8.81;100
20160126 150000;8.8;8.8;8.8;8.8;400
20160126 150200;8.8;8.8;8.8;8.8;200
20160126 150300;8.8;8.8;8.8;8.8;100
20160126 150600;8.8;8.8;8.8;8.8;900
20160126 150700;8.8;8.8;8.8;8.8;682
20160126 151000;8.8;8.8;8.8;8.8;200
20160126 151100;8.8;8.8;8.8;8.8;800
20160126 151500;8.82;8.82;8.82;8.82;100
20160126 151800;8.8;8.8;8.8;8.8;100
20160126 151900;8.81;8.81;8.81;8.81;200
20160126 152500;8.8;8.8;8.8;8.8;300
20160126 152600;8.8;8.8;8.8;8.8;200
20160126 152700;8.8;8.8;8.8;8.8;800
20160126 154100;8.81;8.81;8.81;8.81;200
20160126 154300;8.87;8.87;8.87;8.87;100
20160126 154900;8.9;8.9;8.9;8.9;100
20160126 155000;8.84;8.84;8.84;8.84;100
20160126 155200;8.86;8.86;8.86;8.86;100
20160126 155300;8.88;8.9;8.88;8.9;200
20160126 155400;8.89;8.89;8.89;8.89;100
20160126 155600;8.89;8.89;8.89;8.89;100
20160126 155700;8.89;8.89;8.89;8.89;100
20160126 155900;8.87;8.89;8.87;8.89;200
20160126 160000;8.88;8.88;8.87;8.87;4750
20160126 162800;8.87;8.87;8.87;8.87;375
20160126 163100;8.87;8.87;8.87;8.87;62
20160127 093500;8.78;8.78;8.78;8.78;800
20160127 093600;8.77;8.77;8.77;8.77;100
20160127 094300;8.83;8.83;8.83;8.83;100
20160127 094400;8.82;8.83;8.82;8.83;1500
20160127 094800;8.83;8.83;8.83;8.83;400
20160127 095200;8.85;8.85;8.85;8.85;100
20160127 095400;8.922;8.922;8.87;8.87;500
20160127 095800;8.9;8.9;8.9;8.9;100
20160127 100100;8.94;8.94;8.94;8.94;100
20160127 101200;8.87;8.87;8.87;8.87;100
20160127 101300;8.87;8.87;8.87;8.87;300
20160127 105100;8.92;8.92;8.92;8.92;300
20160127 105300;8.92;8.92;8.92;8.92;600
20160127 113400;8.99;8.99;8.99;8.99;300
20160127 113500;8.99;8.99;8.99;8.99;500
20160127 113900;9.02;9.08;9.02;9.08;200
20160127 114000;9.08;9.08;9.08;9.08;300
20160127 114700;9.13;9.13;9.11;9.11;700
20160127 114800;9.1;9.1;9.1;9.1;200
20160127 115300;9.05;9.05;9.05;9.05;300
20160127 115700;9.08;9.11;9.08;9.11;200
20160127 120900;9.09;9.09;9.09;9.09;100
20160127 121000;9.09;9.09;9.08;9.08;300
20160127 122600;9.06;9.06;9.06;9.06;100
20160127 122900;9.05;9.05;9.05;9.05;2351
20160127 123300;9.05;9.05;9.05;9.05;400
20160127 123400;9.07;9.07;9.07;9.07;100
20160127 123500;9.05;9.05;9.05;9.05;400
20160127 123600;9.05;9.05;9.05;9.05;700
20160127 123700;9.05;9.05;9.05;9.05;500
20160127 124400;9.05;9.05;9.05;9.05;3939
20160127 130100;9.05;9.05;9.05;9.05;500
20160127 130400;9.05;9.05;9.05;9.05;400
20160127 131100;9.05;9.05;9.05;9.05;100
20160127 131500;9.1;9.1;9.1;9.1;143
20160127 131600;9.05;9.05;9.05;9.05;100
20160127 131800;9.05;9.0501;9.05;9.05;400
20160127 133000;9.05;9.05;9.05;9.05;100
20160127 134100;9;9;9;9;300
20160127 134200;9;9;9;9;200
20160127 135200;9.01;9.01;9.01;9.01;100
20160127 140100;9.07;9.07;9.07;9.07;100
20160127 140300;9.07;9.07;9.07;9.07;500
20160127 140600;9;9;9;9;300
20160127 140700;9;9;9;9;100
20160127 140800;9;9;9;9;200
20160127 140900;9;9;9;9;100
20160127 141000;9;9.01;9;9.01;2800
20160127 141200;9.04;9.04;9.04;9.04;100
20160127 143500;9.07;9.07;9.06;9.06;300
20160127 143900;9.06;9.06;9.05;9.05;700
20160127 144000;9.01;9.01;9.01;9.01;100
20160127 144100;9;9;9;9;700
20160127 144700;9;9;9;9;100
20160127 145000;9.04;9.04;9.04;9.04;300
20160127 145700;9.02;9.02;9;9;500
20160127 150200;9;9;9;9;100
20160127 150300;9;9;9;9;300
20160127 150400;9;9;9;9;300
20160127 150600;9;9;9;9;100
20160127 151300;9;9;9;9;700
20160127 151500;9;9;9;9;300
20160127 151700;9;9;9;9;100
20160127 151800;9;9;9;9;800
20160127 151900;9;9;9;9;600
20160127 152000;9;9;9;9;800
20160127 152200;9;9;9;9;100
20160127 152300;9;9;9;9;100
20160127 152700;9.01;9.01;9.01;9.01;100
20160127 153000;9.01;9.01;9.01;9.01;100
20160127 153300;9.02;9.02;9;9;392
20160127 154000;9.01;9.01;9.01;9.01;100
20160127 154400;9.01;9.01;9;9;400
20160127 154600;9;9.01;9;9.01;500
20160127 155100;9;9;9;9;100
20160127 155600;9;9.01;9;9.01;3142
20160127 155700;8.99;8.99;8.99;8.99;100
20160127 155800;8.98;8.98;8.98;8.98;100
20160127 155900;8.98;8.98;8.98;8.98;100
20160127 160000;8.97;8.99;8.97;8.98;3174
20160127 161900;8.98;8.98;8.98;8.98;435
20160127 163100;8.98;8.98;8.98;8.98;427
20160128 093600;9.09;9.1;9.09;9.1;700
20160128 093900;9.15;9.15;9.15;9.15;100
20160128 094100;9.15;9.15;9.15;9.15;100
20160128 094200;9.09;9.12;9.09;9.12;200
20160128 094300;9.1;9.1;9.1;9.1;100
20160128 100200;9.15;9.15;9.15;9.15;200
20160128 102600;9.14;9.14;9.14;9.14;100
20160128 102700;9.14;9.14;9.14;9.14;100
20160128 103200;9.13;9.13;9.13;9.13;800
20160128 103300;9.13;9.13;9.13;9.13;100
20160128 103400;9.0989;9.0989;9.0989;9.0989;300
20160128 104000;9.11;9.11;9.11;9.11;100
20160128 105200;9.15;9.15;9.15;9.15;200
20160128 110000;9.15;9.21;9.15;9.21;1200
20160128 110700;9.21;9.21;9.21;9.21;100
20160128 111000;9.18;9.18;9.18;9.18;100
20160128 111100;9.21;9.21;9.21;9.21;100
20160128 111400;9.21;9.21;9.21;9.21;200
20160128 111500;9.17;9.17;9.14;9.14;200
20160128 112000;9.15;9.15;9.15;9.15;100
20160128 112400;9.15;9.15;9.15;9.15;400
20160128 112800;9.16;9.16;9.16;9.16;100
20160128 113000;9.16;9.16;9.16;9.16;100
20160128 113300;9.165;9.17;9.165;9.17;200
20160128 113400;9.16;9.16;9.16;9.16;500
20160128 113500;9.15;9.15;9.15;9.15;200
20160128 113700;9.15;9.15;9.15;9.15;900
20160128 114100;9.15;9.15;9.15;9.15;100
20160128 114200;9.15;9.15;9.15;9.15;100
20160128 115700;9.15;9.15;9.15;9.15;300
20160128 115800;9.15;9.15;9.15;9.15;200
20160128 120000;9.15;9.15;9.15;9.15;100
20160128 120100;9.155;9.155;9.155;9.155;200
20160128 120800;9.15;9.15;9.15;9.15;200
20160128 120900;9.15;9.15;9.15;9.15;100
20160128 121200;9.155;9.155;9.155;9.155;100
20160128 123200;9.15;9.15;9.15;9.15;400
20160128 123500;9.15;9.15;9.15;9.15;100
20160128 123600;9.16;9.16;9.16;9.16;500
20160128 125300;9.15;9.15;9.15;9.15;400
20160128 130400;9.15;9.15;9.15;9.15;100
20160128 130700;9.17;9.17;9.17;9.17;100
20160128 131300;9.15;9.15;9.15;9.15;100
20160128 131800;9.15;9.15;9.15;9.15;100
20160128 132000;9.15;9.15;9.15;9.15;100
20160128 132200;9.15;9.15;9.15;9.15;500
20160128 132300;9.15;9.15;9.15;9.15;300
20160128 132400;9.15;9.15;9.15;9.15;200
20160128 132500;9.15;9.15;9.15;9.15;100
20160128 133600;9.15;9.15;9.15;9.15;100
20160128 134500;9.1501;9.1501;9.15;9.15;306
20160128 134900;9.15;9.15;9.15;9.15;300
20160128 135200;9.15;9.15;9.15;9.15;100
20160128 135900;9.15;9.15;9.15;9.15;500
20160128 140000;9.15;9.15;9.15;9.15;400
20160128 141100;9.17;9.17;9.15;9.15;200
20160128 142600;9.15;9.15;9.15;9.15;100
20160128 143100;9.17;9.18;9.17;9.17;1000
20160128 143900;9.17;9.17;9.17;9.17;200
20160128 145400;9.15;9.15;9.15;9.15;200
20160128 145500;9.15;9.17;9.15;9.17;600
20160128 150200;9.16;9.16;9.16;9.16;100
20160128 150300;9.15;9.15;9.15;9.15;300
20160128 150400;9.15;9.15;9.15;9.15;300
20160128 150700;9.15;9.15;9.15;9.15;200
20160128 150800;9.15;9.15;9.15;9.15;300
20160128 150900;9.15;9.15;9.15;9.15;300
20160128 151100;9.15;9.15;9.15;9.15;100
20160128 151400;9.15;9.15;9.15;9.15;100
20160128 151900;9.16;9.16;9.16;9.16;100
20160128 152500;9.16;9.16;9.15;9.15;200
20160128 153700;9.15;9.16;9.15;9.16;300
20160128 153900;9.1575;9.1575;9.15;9.15;500
20160128 154000;9.15;9.15;9.15;9.15;1000
20160128 154100;9.15;9.15;9.15;9.15;200
20160128 154200;9.15;9.15;9.15;9.15;100
20160128 154300;9.155;9.155;9.155;9.155;100
20160128 154400;9.15;9.16;9.15;9.16;200
20160128 154500;9.15;9.15;9.15;9.15;300
20160128 154600;9.15;9.15;9.13;9.13;2797
20160128 155000;9.11;9.11;9.11;9.11;2375
20160128 155100;9.09;9.09;9.07;9.07;400
20160128 155200;9.07;9.07;9.07;9.07;100
20160128 155300;9.05;9.08;9.05;9.08;300
20160128 155400;9.04;9.04;9.04;9.04;100
20160128 155500;9.06;9.06;9.03;9.03;200
20160128 155700;9.03;9.03;9.03;9.03;100
20160128 155800;9.04;9.05;9.04;9.05;600
20160128 160000;9.07;9.07;9.05;9.07;16874
20160128 161100;9.07;9.07;9.07;9.07;6865
20160128 162200;9.07;9.07;9.07;9.07;6865
20160129 093300;9.28;9.28;9.28;9.28;200
20160129 093800;9.27;9.28;9.27;9.28;802
20160129 095500;9.4;9.4;9.4;9.4;200
20160129 100200;9.36;9.41;9.36;9.38;480
20160129 101300;9.41;9.46;9.41;9.46;200
20160129 101700;9.53;9.53;9.53;9.53;100
20160129 102200;9.53;9.53;9.53;9.53;300
20160129 102300;9.49;9.49;9.49;9.49;200
20160129 103600;9.42;9.42;9.42;9.42;200
20160129 103700;9.43;9.43;9.43;9.43;300
20160129 104300;9.47;9.535;9.47;9.535;2927
20160129 104600;9.545;9.56;9.545;9.56;200
20160129 104700;9.63;9.63;9.63;9.63;200
20160129 104900;9.59;9.59;9.59;9.59;200
20160129 105000;9.57;9.58;9.57;9.58;500
20160129 105100;9.62;9.62;9.62;9.62;163
20160129 105300;9.53;9.53;9.53;9.53;200
20160129 110100;9.46;9.46;9.46;9.46;100
20160129 110400;9.48;9.48;9.48;9.48;100
20160129 111400;9.4901;9.4901;9.4901;9.4901;931
20160129 111700;9.49;9.49;9.49;9.49;800
20160129 112700;9.5;9.5;9.5;9.5;100
20160129 112800;9.5;9.5;9.5;9.5;100
20160129 113700;9.52;9.52;9.52;9.52;100
20160129 113900;9.5;9.5;9.5;9.5;200
20160129 114000;9.5;9.5;9.5;9.5;200
20160129 114500;9.5;9.5;9.5;9.5;100
20160129 115400;9.55;9.55;9.55;9.55;200
20160129 115700;9.55;9.55;9.54;9.54;400
20160129 120100;9.53;9.53;9.53;9.53;600
20160129 120200;9.52;9.52;9.52;9.52;200
20160129 120300;9.51;9.51;9.51;9.51;100
20160129 121400;9.51;9.51;9.51;9.51;100
20160129 121600;9.51;9.51;9.51;9.51;100
20160129 122600;9.54;9.54;9.54;9.54;100
20160129 122800;9.5201;9.5333;9.52;9.52;455
20160129 123600;9.52;9.52;9.5;9.5;400
20160129 125000;9.5148;9.5148;9.5148;9.5148;233
20160129 125100;9.5;9.5;9.5;9.5;100
20160129 125300;9.5;9.54;9.5;9.54;200
20160129 125400;9.52;9.52;9.52;9.52;200
20160129 125500;9.52;9.52;9.52;9.52;100
20160129 130500;9.52;9.52;9.52;9.52;200
20160129 130600;9.52;9.52;9.5;9.5;300
20160129 130700;9.5;9.5;9.5;9.5;100
20160129 131900;9.55;9.55;9.55;9.55;100
20160129 132800;9.51;9.51;9.51;9.51;100
20160129 132900;9.51;9.51;9.51;9.51;100
20160129 133300;9.54;9.54;9.54;9.54;100
20160129 133400;9.5;9.5;9.5;9.5;100
20160129 134500;9.5;9.5;9.5;9.5;100
20160129 134700;9.52;9.5223;9.52;9.5221;449
20160129 134800;9.5;9.55;9.5;9.55;575
20160129 134900;9.5;9.5;9.5;9.5;100
20160129 135100;9.5325;9.5325;9.5325;9.5325;600
20160129 135200;9.5;9.5;9.5;9.5;200
20160129 140700;9.51;9.51;9.51;9.51;100
20160129 141700;9.55;9.55;9.55;9.55;100
20160129 141800;9.65;9.65;9.56;9.56;200
20160129 141900;9.605;9.605;9.605;9.605;100
20160129 142000;9.56;9.5601;9.56;9.5601;300
20160129 142100;9.56;9.56;9.56;9.56;200
20160129 142500;9.5601;9.5601;9.56;9.56;1088
20160129 143400;9.51;9.51;9.51;9.51;100
20160129 144100;9.55;9.55;9.55;9.55;100
20160129 144800;9.59;9.59;9.59;9.59;100
20160129 145700;9.59;9.59;9.59;9.59;100
20160129 150500;9.59;9.59;9.59;9.59;100
20160129 151000;9.59;9.59;9.59;9.59;200
20160129 151300;9.63;9.63;9.63;9.63;100
20160129 151700;9.55;9.61;9.55;9.61;200
20160129 152300;9.6;9.6;9.55;9.55;200
20160129 152400;9.575;9.575;9.575;9.575;100
20160129 152700;9.575;9.575;9.575;9.575;100
20160129 152800;9.57;9.6;9.57;9.6;300
20160129 152900;9.64;9.64;9.64;9.64;195
20160129 153100;9.58;9.58;9.57;9.57;300
20160129 153300;9.595;9.62;9.595;9.62;200
20160129 153600;9.6;9.61;9.58;9.59;2238
20160129 153800;9.6;9.6;9.6;9.6;100
20160129 154200;9.6;9.6;9.6;9.6;100
20160129 154300;9.6;9.6;9.57;9.57;300
20160129 154600;9.53;9.53;9.53;9.53;100
20160129 154700;9.57;9.58;9.57;9.58;1300
20160129 154800;9.6;9.6;9.55;9.55;2006
20160129 154900;9.61;9.61;9.605;9.605;200
20160129 155100;9.63;9.63;9.6;9.6;300
20160129 155200;9.63;9.63;9.6;9.6;200
20160129 155300;9.65;9.65;9.65;9.65;100
20160129 155400;9.605;9.605;9.605;9.605;100
20160129 155500;9.6;9.61;9.6;9.61;600
20160129 155600;9.64;9.64;9.6334;9.6334;300
20160129 155700;9.65;9.65;9.65;9.65;100
20160129 155800;9.65;9.65;9.65;9.65;400
20160129 155900;9.64;9.64;9.64;9.64;200
20160129 160000;9.6299;9.65;9.6299;9.65;9720
20160129 160100;9.65;9.65;9.65;9.65;1331
20160129 163500;9.65;9.65;9.65;9.65;896
20160129 163600;9.65;9.65;9.65;9.65;796
20160201 093200;9.59;9.59;9.59;9.59;300
20160201 093400;9.54;9.54;9.54;9.54;100
20160201 093900;9.47;9.47;9.47;9.47;100
20160201 095600;9.3396;9.3396;9.3396;9.3396;100
20160201 095900;9.33;9.33;9.33;9.33;100
20160201 100100;9.34;9.34;9.34;9.34;100
20160201 100400;9.274;9.361;9.27;9.27;2200
20160201 101400;9.41;9.41;9.41;9.41;100
20160201 103200;9.43;9.43;9.43;9.43;100
20160201 104300;9.35;9.35;9.35;9.35;100
20160201 104400;9.32;9.32;9.32;9.32;100
20160201 113300;9.38;9.38;9.38;9.38;100
20160201 113500;9.375;9.3799;9.375;9.3799;200
20160201 114700;9.36;9.36;9.35;9.35;200
20160201 115200;9.36;9.36;9.34;9.34;200
20160201 115800;9.4;9.4;9.4;9.4;200
20160201 120000;9.4;9.4;9.4;9.4;100
20160201 120200;9.385;9.385;9.385;9.385;600
20160201 120600;9.4;9.4;9.4;9.4;200
20160201 120700;9.36;9.36;9.36;9.36;300
20160201 120900;9.4;9.4;9.38;9.38;200
20160201 121600;9.3601;9.3601;9.3601;9.3601;188
20160201 123600;9.4;9.4;9.38;9.38;200
20160201 124800;9.45;9.45;9.45;9.45;100
20160201 125500;9.46;9.46;9.46;9.46;100
20160201 132400;9.4585;9.4585;9.4585;9.4585;140
20160201 134800;9.47;9.47;9.47;9.47;100
20160201 135800;9.49;9.49;9.49;9.49;192
20160201 140200;9.47;9.47;9.47;9.47;200
20160201 140800;9.45;9.47;9.41;9.41;400
20160201 141000;9.45;9.45;9.37;9.37;2100
20160201 141100;9.36;9.39;9.36;9.38;300
20160201 141400;9.38;9.38;9.38;9.38;100
20160201 145300;9.4;9.4;9.4;9.4;100
20160201 150000;9.41;9.46;9.41;9.46;300
20160201 150200;9.39;9.46;9.39;9.45;1916
20160201 151000;9.43;9.43;9.43;9.43;100
20160201 151300;9.43;9.43;9.43;9.43;100
20160201 151700;9.41;9.41;9.41;9.41;200
20160201 152000;9.42;9.43;9.42;9.43;500
20160201 153900;9.41;9.41;9.41;9.41;100
20160201 154200;9.43;9.43;9.43;9.43;100
20160201 154400;9.41;9.41;9.41;9.41;100
20160201 154600;9.41;9.41;9.41;9.41;100
20160201 154700;9.41;9.45;9.41;9.45;1694
20160201 155100;9.45;9.45;9.45;9.45;740
20160201 155800;9.47;9.47;9.41;9.41;3000
20160201 160000;9.41;9.41;9.4;9.4;2667
20160201 162200;9.4;9.4;9.4;9.4;456
20160202 100900;9.33;9.33;9.33;9.33;100
20160202 101000;9.38;9.38;9.38;9.38;100
20160202 101100;9.4;9.41;9.4;9.41;300
20160202 101300;9.4;9.4;9.4;9.4;200
20160202 104300;9.51;9.51;9.5;9.5;600
20160202 104500;9.51;9.51;9.51;9.51;100
20160202 111400;9.48;9.48;9.45;9.45;1200
20160202 111500;9.45;9.45;9.45;9.45;100
20160202 112500;9.45;9.45;9.45;9.45;100
20160202 112900;9.45;9.45;9.45;9.45;400
20160202 113600;9.43;9.43;9.43;9.43;400
20160202 114200;9.43;9.43;9.43;9.43;300
20160202 114400;9.46;9.46;9.46;9.46;200
20160202 114800;9.46;9.47;9.46;9.47;414
20160202 114900;9.48;9.48;9.48;9.48;200
20160202 115100;9.47;9.47;9.47;9.47;200
20160202 115200;9.48;9.48;9.48;9.48;300
20160202 115300;9.48;9.48;9.48;9.48;300
20160202 115400;9.48;9.48;9.48;9.48;200
20160202 115500;9.48;9.48;9.48;9.48;300
20160202 115600;9.49;9.49;9.49;9.49;300
20160202 115700;9.48;9.48;9.48;9.48;100
20160202 115800;9.48;9.48;9.48;9.48;100
20160202 115900;9.48;9.48;9.48;9.48;100
20160202 120000;9.5;9.5;9.5;9.5;100
20160202 120100;9.5;9.5;9.5;9.5;300
20160202 120500;9.43;9.43;9.37;9.37;400
20160202 120600;9.41;9.41;9.41;9.41;500
20160202 120800;9.43;9.43;9.43;9.43;1300
20160202 121000;9.43;9.43;9.43;9.43;200
20160202 121100;9.43;9.43;9.43;9.43;300
20160202 121400;9.43;9.43;9.43;9.43;100
20160202 125800;9.44;9.44;9.35;9.35;2506
20160202 130200;9.42;9.42;9.42;9.42;100
20160202 130700;9.44;9.44;9.44;9.44;200
20160202 131500;9.42;9.42;9.42;9.42;300
20160202 131800;9.42;9.42;9.42;9.42;100
20160202 133200;9.46;9.46;9.46;9.46;100
20160202 133600;9.44;9.44;9.44;9.44;100
20160202 135400;9.435;9.45;9.43;9.44;3740
20160202 140400;9.4;9.4;9.32;9.32;200
20160202 141400;9.28;9.28;9.28;9.28;100
20160202 142700;9.43;9.43;9.43;9.43;100
20160202 142800;9.44;9.44;9.44;9.44;100
20160202 143300;9.44;9.44;9.44;9.44;100
20160202 145300;9.44;9.44;9.42;9.42;200
20160202 145400;9.43;9.43;9.43;9.43;200
20160202 151700;9.2601;9.2601;9.2601;9.2601;238
20160202 152100;9.3957;9.3957;9.3957;9.3957;863
20160202 153600;9.32;9.32;9.32;9.32;100
20160202 153700;9.35;9.36;9.35;9.36;300
20160202 154600;9.35;9.35;9.35;9.35;388
20160202 154800;9.35;9.35;9.35;9.35;100
20160202 155000;9.35;9.35;9.35;9.35;100
20160202 155100;9.35;9.35;9.35;9.35;800
20160202 155400;9.35;9.35;9.3;9.3;700
20160202 155500;9.354;9.354;9.3001;9.3001;1000
20160202 155600;9.305;9.305;9.305;9.305;100
20160202 155700;9.33;9.34;9.33;9.34;357
20160202 155800;9.34;9.3401;9.33;9.33;827
20160202 155900;9.33;9.33;9.33;9.33;100
20160202 160000;9.35;9.36;9.35;9.36;8169
20160202 160100;9.36;9.36;9.36;9.36;88
20160202 162200;9.36;9.36;9.36;9.36;650
20160202 163200;9.36;9.36;9.36;9.36;573
20160203 093300;9.06;9.06;8.57;8.64;1500
20160203 093400;9.3;9.3;9.28;9.3;700
20160203 093500;9.615;9.615;9.615;9.615;100
20160203 093700;9.49;9.49;9.39;9.39;600
20160203 094800;9.39;9.39;9.39;9.39;200
20160203 100700;9.35;9.35;9.35;9.35;600
20160203 100800;9.33;9.33;9.33;9.33;100
20160203 101000;9.3;9.3;9.3;9.3;100
20160203 101400;9.3;9.3;9.3;9.3;100
20160203 101900;9.33;9.33;9.33;9.33;100
20160203 102300;9.34;9.34;9.34;9.34;100
20160203 102400;9.34;9.34;9.3;9.3;400
20160203 102900;9.32;9.32;9.32;9.32;100
20160203 103400;9.3;9.3;9.3;9.3;385
20160203 112200;9.4;9.4;9.4;9.4;100
20160203 112300;9.4;9.4;9.4;9.4;100
20160203 112800;9.41;9.41;9.41;9.41;100
20160203 113600;9.4;9.4;9.4;9.4;100
20160203 113900;9.41;9.41;9.41;9.41;100
20160203 114000;9.41;9.41;9.41;9.41;100
20160203 115000;9.4;9.4;9.4;9.4;200
20160203 115700;9.39;9.39;9.39;9.39;100
20160203 120200;9.39;9.39;9.39;9.39;100
20160203 122400;9.4;9.4;9.4;9.4;100
20160203 123400;9.4;9.4;9.4;9.4;100
20160203 123800;9.4;9.4;9.365;9.365;1000
20160203 124000;9.4;9.4;9.4;9.4;100
20160203 124100;9.4;9.4;9.4;9.4;500
20160203 124200;9.38;9.41;9.38;9.41;300
20160203 124600;9.4;9.4;9.4;9.4;200
20160203 125700;9.41;9.45;9.41;9.45;300
20160203 130100;9.43;9.43;9.43;9.43;100
20160203 130500;9.43;9.43;9.43;9.43;100
20160203 134000;9.4;9.4;9.4;9.4;400
20160203 134100;9.4;9.4;9.36;9.36;500
20160203 134200;9.4;9.4;9.36;9.36;200
20160203 134900;9.365;9.4;9.365;9.365;1000
20160203 135100;9.37;9.395;9.37;9.395;500
20160203 141100;9.435;9.435;9.435;9.435;100
20160203 141200;9.4;9.4;9.34;9.39;1200
20160203 141500;9.4;9.4;9.4;9.4;600
20160203 141600;9.42;9.42;9.42;9.42;100
20160203 142400;9.42;9.42;9.42;9.42;100
20160203 142600;9.44;9.44;9.44;9.44;100
20160203 144000;9.41;9.41;9.35;9.35;300
20160203 144700;9.4;9.4;9.4;9.4;200
20160203 150000;9.35;9.35;9.35;9.35;100
20160203 151300;9.41;9.41;9.41;9.41;100
20160203 152200;9.4;9.4;9.4;9.4;100
20160203 152600;9.4;9.4;9.4;9.4;100
20160203 152800;9.39;9.4;9.3;9.38;4324
20160203 152900;9.38;9.38;9.38;9.38;600
20160203 153000;9.38;9.38;9.37;9.37;600
20160203 153100;9.37;9.39;9.37;9.39;700
20160203 153200;9.39;9.39;9.31;9.39;700
20160203 153300;9.39;9.39;9.38;9.39;700
20160203 153400;9.39;9.4;9.39;9.4;700
20160203 153600;9.4;9.4;9.4;9.4;500
20160203 153700;9.4;9.4;9.35;9.4;600
20160203 153800;9.4;9.4;9.39;9.4;600
20160203 154800;9.34;9.34;9.34;9.34;100
20160203 154900;9.3;9.3;9.3;9.3;100
20160203 155200;9.334;9.336;9.334;9.336;900
20160203 155500;9.39;9.4;9.39;9.4;1100
20160203 155800;9.4;9.4;9.4;9.4;100
20160203 160000;9.37;9.38;9.36;9.38;1826
20160204 094400;9.48;9.53;9.48;9.53;300
20160204 094600;9.48;9.48;9.48;9.48;100
20160204 094900;9.47;9.47;9.47;9.47;200
20160204 095200;9.46;9.46;9.46;9.46;200
20160204 095500;9.49;9.49;9.49;9.49;100
20160204 100200;9.5;9.5;9.5;9.5;100
20160204 101100;9.52;9.52;9.52;9.52;200
20160204 101600;9.53;9.53;9.53;9.53;200
20160204 101800;9.53;9.53;9.53;9.53;100
20160204 105800;9.5;9.51;9.5;9.51;400
20160204 110000;9.5;9.5;9.5;9.5;100
20160204 111400;9.49;9.49;9.49;9.49;200
20160204 111900;9.49;9.49;9.49;9.49;100
20160204 114200;9.5;9.5;9.46;9.46;200
20160204 114400;9.45;9.45;9.45;9.45;100
20160204 115300;9.4;9.4;9.4;9.4;100
20160204 115400;9.39;9.39;9.39;9.39;100
20160204 115900;9.38;9.38;9.38;9.38;200
20160204 120900;9.37;9.37;9.37;9.37;100
20160204 121300;9.4;9.41;9.4;9.41;200
20160204 130000;9.45;9.46;9.45;9.46;200
20160204 130600;9.46;9.46;9.46;9.46;100
20160204 134400;9.47;9.47;9.47;9.47;100
20160204 134900;9.4383;9.4383;9.4383;9.4383;215
20160204 135300;9.41;9.41;9.41;9.41;100
20160204 140600;9.35;9.4;9.35;9.4;400
20160204 141100;9.35;9.35;9.35;9.35;600
20160204 141700;9.35;9.35;9.35;9.35;880
20160204 141800;9.35;9.36;9.35;9.36;500
20160204 142000;9.35;9.35;9.35;9.35;200
20160204 142400;9.35;9.35;9.35;9.35;100
20160204 142500;9.35;9.35;9.35;9.35;700
20160204 142700;9.35;9.35;9.35;9.35;500
20160204 144300;9.35;9.35;9.35;9.35;300
20160204 144400;9.35;9.35;9.35;9.35;500
20160204 145400;9.3788;9.3788;9.3788;9.3788;121
20160204 150200;9.35;9.35;9.35;9.35;100
20160204 150900;9.35;9.35;9.35;9.35;379
20160204 151400;9.37;9.37;9.37;9.37;100
20160204 152500;9.39;9.39;9.39;9.39;300
20160204 153600;9.4;9.4;9.4;9.4;200
20160204 153700;9.4;9.4;9.4;9.4;100
20160204 153800;9.38;9.38;9.38;9.38;100
20160204 154200;9.4;9.4;9.4;9.4;100
20160204 154300;9.39;9.39;9.39;9.39;100
20160204 154400;9.4;9.4;9.4;9.4;100
20160204 154600;9.4;9.4;9.38;9.4;600
20160204 154700;9.4;9.4;9.38;9.4;800
20160204 154800;9.4;9.4;9.39;9.39;400
20160204 154900;9.4;9.4;9.4;9.4;500
20160204 155000;9.4;9.4;9.4;9.4;400
20160204 155100;9.4;9.4;9.4;9.4;500
20160204 155200;9.4;9.4;9.4;9.4;400
20160204 155300;9.4;9.4;9.4;9.4;500
20160204 155400;9.4;9.4;9.38;9.38;600
20160204 155500;9.39;9.44;9.39;9.44;600
20160204 155600;9.44;9.44;9.43;9.44;400
20160204 155700;9.44;9.45;9.43;9.45;500
20160204 155800;9.44;9.44;9.44;9.44;100
20160204 155900;9.43;9.43;9.43;9.43;100
20160204 160000;9.42;9.43;9.41;9.43;4854
20160204 163000;9.43;9.43;9.43;9.43;54
20160204 163100;9.43;9.43;9.43;9.43;109
20160205 094700;9.35;9.35;9.34;9.34;300
20160205 101100;9.0601;9.0601;9.0601;9.0601;500
20160205 101600;9.22;9.22;9.22;9.22;100
20160205 103100;9.2;9.2;9.2;9.2;100
20160205 110300;9.34;9.35;9.34;9.35;200
20160205 113500;9.34;9.34;9.34;9.34;100
20160205 120400;9.35;9.35;9.35;9.35;100
20160205 121400;9.36;9.36;9.35;9.35;200
20160205 122400;9.38;9.38;9.38;9.38;100
20160205 124300;9.425;9.45;9.35;9.35;1000
20160205 130200;9.35;9.35;9.35;9.35;100
20160205 133500;9.36;9.36;9.35;9.35;942
20160205 133900;9.37;9.37;9.37;9.37;100
20160205 134900;9.37;9.37;9.37;9.37;100
20160205 140000;9.35;9.35;9.35;9.35;700
20160205 140100;9.35;9.35;9.35;9.35;300
20160205 140200;9.35;9.35;9.35;9.35;100
20160205 140300;9.35;9.35;9.35;9.35;100
20160205 140400;9.35;9.35;9.35;9.35;100
20160205 140500;9.35;9.35;9.35;9.35;500
20160205 140600;9.35;9.35;9.35;9.35;200
20160205 140800;9.35;9.35;9.35;9.35;100
20160205 140900;9.35;9.35;9.27;9.35;3159
20160205 141600;9.31;9.31;9.31;9.31;600
20160205 142100;9.31;9.31;9.31;9.31;300
20160205 142500;9.34;9.34;9.34;9.34;100
20160205 142800;9.31;9.34;9.31;9.3289;5438
20160205 150600;9.33;9.33;9.33;9.33;100
20160205 150700;9.33;9.33;9.33;9.33;100
20160205 150900;9.3;9.303;9.3;9.303;200
20160205 152300;9.275;9.275;9.25;9.273;400
20160205 152400;9.22;9.3;9.19;9.23;11730
20160205 152600;9.2;9.2;9.2;9.2;100
20160205 153800;9.2;9.2;9.19;9.19;200
20160205 154000;9.1901;9.1901;9.12;9.13;3220
20160205 154100;9.1;9.1;9.1;9.1;100
20160205 154200;9.11;9.11;9.11;9.11;100
20160205 154300;9.1;9.1;9.1;9.1;100
20160205 154600;9.1;9.1;9.1;9.1;100
20160205 154700;9.1065;9.1065;9.1065;9.1065;378
20160205 154800;9.05;9.05;9.02;9.02;300
20160205 154900;9.01;9.01;9;9;200
20160205 155000;9.01;9.01;9;9.01;1700
20160205 155100;8.99;8.99;8.93;8.93;800
20160205 155200;8.95;9;8.92;9;500
20160205 155300;9;9;9;9;826
20160205 155500;9;9.03;9;9.01;2900
20160205 155600;9;9;9;9;200
20160205 155700;9.04;9.04;9.02;9.02;1132
20160205 155800;9.05;9.05;9.05;9.05;582
20160205 155900;9.03;9.05;9.03;9.04;941
20160205 160000;9.05;9.05;9.0375;9.05;17036
20160205 161900;9.0489;9.0489;9.0489;9.0489;278
20160205 164400;9.167;9.167;9.167;9.167;1313
20160205 165000;9.05;9.05;9.05;9.05;444
