20160119 093500;71.83;71.83;71.83;71.83;100
20160119 093600;71.83;71.83;71.83;71.83;100
20160119 094100;71.17;71.17;71.15;71.15;331
20160119 094200;70.78;70.8;70.78;70.8;300
20160119 094300;70.8;70.85;70.8;70.85;404
20160119 094400;70.6874;70.6874;70.6874;70.6874;250
20160119 094600;70.73;70.8;70.71;70.71;300
20160119 100100;70.94;70.94;70.94;70.94;100
20160119 100500;70.76;70.76;70.76;70.76;100
20160119 101100;70.82;70.83;70.82;70.83;200
20160119 103300;70.99;70.99;70.99;70.99;100
20160119 103800;70.99;70.99;70.99;70.99;100
20160119 103900;71.01;71.01;70.99;70.99;200
20160119 104900;70.86;70.87;70.86;70.87;200
20160119 105000;70.88;70.88;70.88;70.88;300
20160119 105400;70.6;70.6;70.6;70.6;100
20160119 105500;70.45;70.45;70.45;70.45;100
20160119 105600;70.11;70.11;70.11;70.11;100
20160119 110400;70.34;70.38;70.34;70.38;300
20160119 111600;70.42;70.42;70.42;70.42;100
20160119 111700;70.395;70.395;70.365;70.365;200
20160119 111800;70.36;70.36;70.33;70.33;400
20160119 111900;70.4;70.4;70.3;70.3;400
20160119 112000;70.15;70.15;70.15;70.15;300
20160119 112100;70.19;70.2;70.1;70.1;800
20160119 112200;70.28;70.29;70.28;70.29;700
20160119 112300;70.31;70.45;70.2;70.45;500
20160119 112400;70.18;70.18;70.17;70.17;200
20160119 112500;70.2;70.2;70.2;70.2;122
20160119 112600;70.26;70.3;70.18;70.18;1400
20160119 112700;70.36;70.36;70.3225;70.36;600
20160119 112800;70.36;70.36;70.22;70.22;2163
20160119 112900;70.22;70.3;70.21;70.3;300
20160119 113000;70.51;70.51;70.09;70.09;1700
20160119 113100;70.195;70.195;70.1;70.12;510
20160119 113200;70.24;70.26;70.15;70.15;1700
20160119 113300;70.15;70.38;70.14;70.15;1100
20160119 113500;70.05;70.17;69.99;70.17;3468
20160119 113600;70.1;70.1;70.09;70.09;300
20160119 113700;70.08;70.08;70.08;70.08;1500
20160119 114500;70.09;70.09;70.09;70.09;100
20160119 114800;69.99;69.99;69.98;69.99;1200
20160119 114900;69.99;69.99;69.99;69.99;1000
20160119 115800;69.99;69.99;69.99;69.99;100
20160119 120000;70;70.13;70;70.13;300
20160119 120400;70.06;70.06;70.06;70.06;100
20160119 120500;70.01;70.01;70.01;70.01;100
20160119 120800;70;70;69.95;69.96;1800
20160119 121100;69.97;69.97;69.97;69.97;100
20160119 121200;70.08;70.08;70.08;70.08;100
20160119 121300;69.99;69.99;69.99;69.99;100
20160119 121400;70.09;70.09;70.09;70.09;100
20160119 121500;70.09;70.09;70.09;70.09;100
20160119 122300;69.99;69.99;69.99;69.99;700
20160119 122500;70.01;70.01;69.95;69.95;1600
20160119 122800;70.05;70.05;70.05;70.05;200
20160119 122900;70.05;70.05;70.05;70.05;200
20160119 123000;70.03;70.03;70.03;70.03;100
20160119 123500;70;70;70;70;100
20160119 123600;69.99;70.04;69.96;69.99;1700
20160119 123900;70.09;70.09;70.09;70.09;100
20160119 124300;70.17;70.21;70.17;70.17;400
20160119 124500;70.24;70.24;70.24;70.24;100
20160119 125400;69.99;70.06;69.99;70.06;1800
20160119 125800;70.26;70.26;70.26;70.26;100
20160119 130100;70.18;70.18;70.18;70.18;100
20160119 130400;70.32;70.33;70.32;70.33;200
20160119 131200;70.23;70.23;70.19;70.19;300
20160119 131500;70.16;70.16;69.99;69.99;500
20160119 132000;70.1;70.1;70.1;70.1;100
20160119 132400;70.11;70.11;70.11;70.11;300
20160119 132600;70.1;70.1;70.1;70.1;100
20160119 132800;70.06;70.06;70.06;70.06;200
20160119 132900;69.99;69.99;69.99;69.99;100
20160119 133000;69.99;70.06;69.99;70.06;2100
20160119 133100;70.07;70.07;70.07;70.07;200
20160119 133200;70.04;70.04;70.04;70.04;100
20160119 133300;69.99;69.99;69.99;69.99;800
20160119 133400;69.99;69.99;69.93;69.93;774
20160119 133500;69.93;69.93;69.86;69.89;544
20160119 133600;69.8;69.8;69.8;69.8;100
20160119 133800;69.8;69.8;69.8;69.8;100
20160119 133900;69.85;69.85;69.85;69.85;100
20160119 134000;69.95;70.19;69.9;70.19;800
20160119 134100;70.12;70.12;69.98;69.98;400
20160119 134300;69.87;69.87;69.87;69.87;100
20160119 134500;69.85;69.85;69.85;69.85;100
20160119 134800;69.85;69.85;69.85;69.85;100
20160119 134900;69.84;69.89;69.84;69.89;300
20160119 135000;69.98;69.98;69.98;69.98;300
20160119 135200;69.965;69.965;69.965;69.965;100
20160119 135300;69.96;69.99;69.96;69.99;200
20160119 135400;69.91;69.91;69.895;69.895;200
20160119 135500;69.92;69.93;69.835;69.87;600
20160119 135600;69.815;69.815;69.815;69.815;100
20160119 135900;69.81;69.81;69.53;69.53;200
20160119 140300;69.58;69.82;69.58;69.82;800
20160119 140400;69.92;69.92;69.92;69.92;100
20160119 140500;69.93;69.93;69.93;69.93;300
20160119 140800;69.93;69.93;69.8;69.81;1200
20160119 140900;69.79;69.79;69.79;69.79;300
20160119 141000;69.79;69.79;69.79;69.79;100
20160119 141200;69.79;69.79;69.79;69.79;100
20160119 141300;69.78;69.78;69.78;69.78;100
20160119 141400;69.73;69.73;69.73;69.73;100
20160119 141600;69.64;69.65;69.64;69.65;384
20160119 141700;69.63;69.63;69.44;69.44;400
20160119 141900;69.41;69.47;69.31;69.45;1057
20160119 142300;69.41;69.41;69.26;69.39;410
20160119 142500;69.42;69.43;69.42;69.43;300
20160119 142600;69.43;69.43;69.3;69.3;200
20160119 142800;69.39;69.39;69.3;69.3;200
20160119 142900;69.31;69.31;69.22;69.22;410
20160119 143000;69.23;69.23;69.23;69.23;100
20160119 143200;69.27;69.54;69.27;69.54;300
20160119 143400;69.54;69.54;69.54;69.54;100
20160119 143600;69.54;69.54;69.54;69.54;100
20160119 143700;69.41;69.54;69.39;69.54;800
20160119 143800;69.5;69.5;69.5;69.5;100
20160119 144000;69.53;69.53;69.53;69.53;200
20160119 144200;69.43;69.43;69.42;69.42;300
20160119 144300;69.42;69.42;69.39;69.39;400
20160119 144400;69.36;69.36;69.36;69.36;100
20160119 144600;69.13;69.15;69.13;69.13;900
20160119 144800;69.14;69.14;69.14;69.14;300
20160119 144900;69.14;69.14;69.14;69.14;100
20160119 145000;69.15;69.15;69.14;69.14;300
20160119 145300;69.14;69.14;69.1;69.1;300
20160119 145400;68.86;68.86;68.86;68.86;122
20160119 145700;69.13;69.17;69.13;69.17;781
20160119 145800;69.2399;69.2399;69.2399;69.2399;166
20160119 145900;69.17;69.17;69.17;69.17;300
20160119 150000;69.24;69.24;69.24;69.24;300
20160119 150100;69.21;69.21;69.15;69.15;400
20160119 150300;69.18;69.23;69.18;69.23;600
20160119 150400;69.35;69.35;69.35;69.35;400
20160119 150500;69.33;69.33;69.33;69.33;300
20160119 150600;69.33;69.41;69.33;69.41;600
20160119 150700;69.42;69.42;69.42;69.42;100
20160119 150800;69.42;69.42;69.42;69.42;100
20160119 151000;69.42;69.42;69.32;69.32;200
20160119 151100;69.16;69.16;69.16;69.16;100
20160119 151200;69.2;69.2;69.2;69.2;100
20160119 151300;69.2;69.2;69.2;69.2;100
20160119 151400;69.17;69.17;69.17;69.17;200
20160119 151800;69.21;69.21;69.19;69.19;500
20160119 152000;69.22;69.22;69.22;69.22;200
20160119 152100;69.26;69.31;69.26;69.31;800
20160119 152300;69.46;69.46;69.46;69.46;200
20160119 152400;69.54;69.54;69.53;69.53;200
20160119 152700;69.75;69.85;69.75;69.85;500
20160119 152800;69.89;69.9;69.89;69.9;200
20160119 153100;70.04;70.04;69.99;69.99;900
20160119 153200;69.99;69.99;69.98;69.98;400
20160119 153300;69.98;69.98;69.98;69.98;100
20160119 153400;69.98;69.98;69.98;69.98;100
20160119 153600;69.96;69.96;69.61;69.61;200
20160119 153700;69.96;70.02;69.96;69.98;1300
20160119 153800;69.92;69.92;69.89;69.89;200
20160119 153900;69.89;69.89;69.62;69.71;400
20160119 154000;69.77;69.82;69.77;69.82;600
20160119 154100;69.88;69.88;69.88;69.88;100
20160119 154200;69.88;69.88;69.88;69.88;100
20160119 154300;70.04;70.04;70.02;70.04;400
20160119 154400;70.0497;70.0497;70.0497;70.0497;120
20160119 154500;70.02;70.02;69.99;70;800
20160119 154600;69.99;69.99;69.99;69.99;300
20160119 154700;70.04;70.13;70.04;70.13;600
20160119 154800;70.19;70.19;70.19;70.19;100
20160119 155000;70.24;70.24;70.16;70.16;200
20160119 155100;70.01;70.02;70.01;70.01;600
20160119 155200;69.78;69.78;69.78;69.78;100
20160119 155300;69.81;69.81;69.81;69.81;200
20160119 155400;69.76;69.78;69.76;69.78;400
20160119 155500;69.78;69.78;69.66;69.77;1649
20160119 155600;69.81;69.83;69.79;69.79;600
20160119 155700;69.79;69.82;69.69;69.69;500
20160119 155800;69.65;69.72;69.65;69.72;350
20160119 155900;69.65;69.66;69.61;69.61;402
20160119 160000;69.65;69.65;69.59;69.59;500
20160119 160300;69.63;69.63;69.63;69.63;1755
20160120 093600;69.09;69.09;69.09;69.09;200
20160120 093700;68.96;68.96;68.95;68.95;300
20160120 093900;68.94;68.94;68.94;68.94;200
20160120 094100;68.68;68.68;68.68;68.68;100
20160120 094200;68.68;68.75;68.68;68.715;900
20160120 094300;68.6;68.6;68.6;68.6;100
20160120 095100;69.41;69.41;69.41;69.41;300
20160120 095200;69.4;69.4;69.4;69.4;200
20160120 095300;69.39;69.39;69.39;69.39;100
20160120 095400;69.4;69.4;69.4;69.4;200
20160120 095600;69.35;69.35;69.35;69.35;100
20160120 095700;69.21;69.21;69.21;69.21;100
20160120 100000;69.19;69.19;69.19;69.19;200
20160120 100100;69.2;69.2;69.2;69.2;200
20160120 100200;69.2;69.2;69.2;69.2;100
20160120 100400;69.2;69.21;69.2;69.21;300
20160120 100500;68.9;68.9;68.9;68.9;100
20160120 101000;68.97;69.06;68.97;68.97;600
20160120 101200;68.97;68.97;68.97;68.97;100
20160120 101500;69.14;69.14;69.14;69.14;100
20160120 101600;69.21;69.21;69.21;69.21;200
20160120 101900;69.21;69.21;69.16;69.16;500
20160120 102000;69.16;69.16;69.16;69.16;100
20160120 102100;69.16;69.16;69.16;69.16;100
20160120 102300;69.16;69.16;69.16;69.16;100
20160120 102400;69.16;69.17;69.16;69.17;400
20160120 102500;69.3;69.3;69.3;69.3;100
20160120 102600;69.56;69.56;69.54;69.54;200
20160120 102700;69.48;69.48;69.48;69.48;100
20160120 102900;69.42;69.42;69.42;69.42;100
20160120 103100;69.4;69.4;69.4;69.4;100
20160120 103500;69.23;69.23;69.23;69.23;100
20160120 103700;69.17;69.17;69.17;69.17;100
20160120 104000;69.035;69.06;69.03;69.03;700
20160120 104300;69.03;69.12;69.03;69.12;300
20160120 104700;69.12;69.12;69.07;69.07;200
20160120 104800;69.07;69.11;69.07;69.11;300
20160120 105000;69.11;69.11;69.11;69.11;100
20160120 105100;69.11;69.11;69.11;69.11;100
20160120 105300;69.21;69.21;69.21;69.21;100
20160120 105500;69.21;69.21;69.21;69.21;100
20160120 105700;69.11;69.11;69.11;69.11;200
20160120 105800;69.11;69.11;69.11;69.11;200
20160120 105900;69.11;69.11;69.11;69.11;100
20160120 110200;69.16;69.16;69.16;69.16;200
20160120 110300;69.17;69.22;69.17;69.22;500
20160120 110500;69.25;69.25;69.25;69.25;100
20160120 110600;69.3666;69.3666;69.33;69.33;508
20160120 110700;69.3;69.3;69.3;69.3;300
20160120 110800;69.3;69.3;69.3;69.3;100
20160120 111000;69.3;69.3;69.3;69.3;100
20160120 111200;69.43;69.52;69.3;69.3;1600
20160120 111500;69.3;69.3;69.3;69.3;100
20160120 111700;69.27;69.27;69.27;69.27;300
20160120 111800;69.39;69.39;69.3;69.39;500
20160120 111900;69.38;69.46;69.27;69.46;3200
20160120 112000;69.43;69.43;69.43;69.43;100
20160120 112700;69.7;69.7;69.7;69.7;100
20160120 112800;69.7;69.7;69.65;69.65;600
20160120 113000;69.65;69.65;69.65;69.65;100
20160120 113200;69.65;69.65;69.65;69.65;100
20160120 113400;69.38;69.38;69.38;69.38;100
20160120 113700;69.65;69.65;69.65;69.65;100
20160120 113900;69.74;69.74;69.74;69.74;400
20160120 114000;69.74;69.74;69.74;69.74;100
20160120 114200;69.85;69.85;69.74;69.74;200
20160120 114500;69.74;69.74;69.74;69.74;100
20160120 114800;69.7;69.7;69.7;69.7;100
20160120 114900;69.66;69.66;69.66;69.66;100
20160120 115000;69.44;69.44;69.44;69.44;300
20160120 115100;69.39;69.39;69.39;69.39;200
20160120 115300;69.38;69.38;69.38;69.38;100
20160120 115500;69.36;69.36;69.26;69.26;300
20160120 115800;69.18;69.18;69.18;69.18;100
20160120 115900;69.19;69.19;69.19;69.19;300
20160120 120700;69.19;69.19;69.19;69.19;400
20160120 120900;69.19;69.19;69.19;69.19;100
20160120 121200;69.19;69.19;69.19;69.19;100
20160120 121400;69.2;69.2;69.2;69.2;300
20160120 121500;69.05;69.09;69.05;69.06;1000
20160120 121600;69.06;69.06;69.06;69.06;100
20160120 121800;69.06;69.06;69.06;69.06;100
20160120 122000;69.06;69.06;69.06;69.06;200
20160120 122100;69.06;69.06;69.05;69.05;600
20160120 122200;69.06;69.06;69.06;69.06;1100
20160120 122300;69.06;69.06;69.06;69.06;400
20160120 122400;69.06;69.07;69.01;69.01;900
20160120 122500;69;69.04;69;69.04;600
20160120 122600;69.05;69.05;69.05;69.05;1000
20160120 122800;69.05;69.05;69.05;69.05;100
20160120 123100;69.05;69.07;69.05;69.07;200
20160120 123400;69.07;69.07;69.07;69.07;100
20160120 123500;69.082;69.082;69.082;69.082;100
20160120 123600;69.08;69.08;69.08;69.08;100
20160120 123900;69.08;69.08;69.08;69.08;100
20160120 124000;69.01;69.01;69.01;69.01;100
20160120 124100;69.12;69.12;69.05;69.05;400
20160120 124400;69.05;69.05;68.99;68.99;200
20160120 124600;68.99;68.99;68.99;68.99;100
20160120 124700;69.01;69.01;69.01;69.01;200
20160120 124800;68.99;68.99;68.99;68.99;100
20160120 124900;69.02;69.06;69.02;69.06;575
20160120 125400;69.36;69.36;69.36;69.36;100
20160120 125500;69.36;69.36;69.36;69.36;300
20160120 125700;69.58;69.61;69.58;69.61;200
20160120 130400;69.63;69.63;69.63;69.63;100
20160120 130800;69.65;69.65;69.65;69.65;500
20160120 130900;69.65;69.7;69.65;69.7;300
20160120 131200;69.69;69.71;69.69;69.71;200
20160120 131400;69.72;69.73;69.72;69.73;400
20160120 131500;69.77;69.77;69.77;69.77;100
20160120 131600;69.77;69.77;69.72;69.72;500
20160120 131700;69.68;69.68;69.68;69.68;100
20160120 132200;69.59;69.79;69.59;69.79;600
20160120 132300;69.8;69.83;69.8;69.83;200
20160120 132400;69.97;69.97;69.97;69.97;100
20160120 132700;70.02;70.19;69.88;69.88;1200
20160120 133900;70.11;70.12;70.11;70.12;200
20160120 134600;70.43;70.46;70.43;70.46;285
20160120 134700;70.48;70.48;70.48;70.48;100
20160120 134900;70.45;70.48;70.45;70.48;700
20160120 135100;70.5;70.5;70.5;70.5;100
20160120 135200;70.5;70.5;70.5;70.5;1900
20160120 135300;70.5;70.5;70.5;70.5;100
20160120 135600;70.48;70.48;70.43;70.43;300
20160120 135800;70.4;70.4;70.4;70.4;100
20160120 140400;70.23;70.32;70.23;70.32;200
20160120 140900;70.22;70.22;70.22;70.22;100
20160120 141100;70.56;70.67;70.51;70.67;700
20160120 141200;70.67;70.67;70.67;70.67;100
20160120 141800;70.59;70.59;70.5;70.5;200
20160120 143100;70.47;70.47;70.47;70.47;100
20160120 143200;70.42;70.42;70.38;70.38;200
20160120 143600;70.41;70.54;70.41;70.54;300
20160120 143900;70.53;70.53;70.43;70.43;200
20160120 144000;70.42;70.42;70.42;70.42;100
20160120 144300;70.64;70.65;70.64;70.65;200
20160120 144700;70.5;70.5;70.5;70.5;100
20160120 144800;70.41;70.46;70.4;70.4;600
20160120 145100;70.34;70.52;70.34;70.4;700
20160120 145700;70.51;70.51;70.51;70.51;100
20160120 150500;70.64;70.68;70.64;70.68;400
20160120 150700;70.99;70.99;70.71;70.71;300
20160120 151100;70.7;70.93;70.7;70.71;800
20160120 151300;70.7;70.7;70.7;70.7;100
20160120 151500;70.71;70.71;70.7;70.7;1200
20160120 151600;70.7;70.85;70.7;70.71;2700
20160120 151700;70.7;70.96;70.7;70.96;2906
20160120 151800;70.94;70.96;70.94;70.96;309
20160120 152300;71.21;71.21;71.2;71.2;300
20160120 152500;71.25;71.25;71.25;71.25;200
20160120 153100;71.36;71.38;71.36;71.38;300
20160120 153200;71.41;71.41;71.41;71.41;200
20160120 153300;71.47;71.63;71.47;71.63;200
20160120 153400;71.48;71.48;71.44;71.44;600
20160120 153800;71.26;71.26;71.25;71.25;200
20160120 154000;71.25;71.25;71.25;71.25;100
20160120 154100;71.3;71.32;70.9;70.9;900
20160120 154400;71.12;71.17;71.12;71.17;700
20160120 154600;71.03;71.04;70.94;70.94;300
20160120 154700;70.89;70.89;70.89;70.89;100
20160120 154900;70.79;70.82;70.79;70.82;1200
20160120 155100;70.94;70.94;70.94;70.94;100
20160120 155200;70.91;70.91;70.91;70.91;200
20160120 155300;71;71;70.955;71;300
20160120 155400;70.96;71.04;70.96;71.04;200
20160120 155500;71.11;71.11;71.1;71.1;448
20160120 155600;71.09;71.09;70.8;70.94;400
20160120 155700;70.9;70.95;70.885;70.91;800
20160120 155800;70.985;71.07;70.93;70.93;300
20160120 155900;70.97;71.14;70.97;71.13;1300
20160120 160000;71.07;71.07;70.91;70.96;673
20160121 090600;70.98;70.98;70.98;70.98;765
20160121 093900;70.97;70.97;70.97;70.97;100
20160121 095100;70.88;70.88;70.88;70.88;100
20160121 095200;70.81;70.81;70.81;70.81;100
20160121 095400;70.585;70.585;70.585;70.585;300
20160121 095500;70.825;70.825;70.825;70.825;100
20160121 100500;70.8;70.81;70.8;70.81;500
20160121 101700;70.884;70.884;70.884;70.884;100
20160121 102200;70.75;70.815;70.75;70.815;200
20160121 104000;70.38;70.39;70.34;70.39;400
20160121 105500;70.42;70.48;70.42;70.48;300
20160121 110100;70.205;70.205;70.205;70.205;500
20160121 110200;70.185;70.27;69.99;69.99;400
20160121 110300;70.2;70.2;70.2;70.2;100
20160121 110600;70.15;70.27;70.15;70.27;200
20160121 110800;70.2836;70.2836;70.2836;70.2836;131
20160121 111000;70.52;70.52;70.52;70.52;100
20160121 111500;70.19;70.24;70.19;70.24;400
20160121 111600;70.295;70.3;70.295;70.3;200
20160121 112000;70.32;70.32;70.32;70.32;100
20160121 112200;70.09;70.18;70.09;70.09;300
20160121 112900;70.08;70.08;69.65;69.65;1400
20160121 113100;69.92;70.26;69.92;70.22;800
20160121 113400;70.175;70.175;70.175;70.175;100
20160121 113700;70.26;70.26;70.26;70.26;200
20160121 114300;70.25;70.36;70.25;70.36;200
20160121 115100;70.57;70.57;70.57;70.57;100
20160121 115900;70.87;70.87;70.85;70.85;200
20160121 121200;70.81;70.87;70.75;70.75;500
20160121 121400;70.865;70.865;70.865;70.865;100
20160121 123400;70.86;70.87;70.86;70.87;300
20160121 123500;70.87;70.87;70.87;70.87;100
20160121 124900;70.86;70.86;70.86;70.86;200
20160121 125500;70.74;70.74;70.36;70.36;200
20160121 125800;70.5;70.5;70.5;70.5;100
20160121 130600;70.65;70.65;70.65;70.65;200
20160121 130700;70.655;70.655;70.655;70.655;100
20160121 130900;70.83;70.83;70.83;70.83;100
20160121 132700;70.33;70.33;70.33;70.33;100
20160121 132800;70.38;70.38;70.38;70.38;100
20160121 133800;70.4;70.4;70.4;70.4;100
20160121 134100;70.4;70.41;70.4;70.41;300
20160121 134500;70.46;70.5;70.46;70.5;400
20160121 134700;70.8119;70.8119;70.8119;70.8119;133
20160121 135800;70.31;70.31;70.31;70.31;100
20160121 140100;70.56;70.56;70.56;70.56;100
20160121 140200;70.605;70.605;70.19;70.19;700
20160121 140800;70.41;70.49;70.41;70.49;200
20160121 141200;70.19;70.19;70.19;70.19;100
20160121 141300;70.01;70.01;69.99;69.99;400
20160121 141500;70.085;70.085;70.085;70.085;100
20160121 142900;70.01;70.01;70.01;70.01;100
20160121 143100;70.18;70.23;70.18;70.23;901
20160121 143200;70.475;70.48;70.27;70.355;1400
20160121 143400;70.47;70.47;70.47;70.47;100
20160121 144000;70.555;70.555;70.45;70.45;200
20160121 145000;70.5;70.5;70.5;70.5;100
20160121 145700;70.45;70.77;70.45;70.77;700
20160121 145900;70.855;70.9;70.74;70.9;300
20160121 150100;70.77;70.77;70.77;70.77;100
20160121 150400;70.525;70.525;70.525;70.525;100
20160121 150600;70.37;70.51;70.35;70.35;400
20160121 151000;70.235;70.245;70.1;70.1;900
20160121 151400;70.38;70.38;70.38;70.38;100
20160121 151500;70.38;70.38;70.38;70.38;300
20160121 151600;70.35;70.35;70.35;70.35;100
20160121 152000;70.44;70.44;70.44;70.44;100
20160121 152300;70.27;70.345;70.26;70.26;400
20160121 153100;70.32;70.33;70.32;70.33;300
20160121 153200;70.37;70.42;70.37;70.42;400
20160121 153400;70.625;70.6651;70.62;70.6651;334
20160121 153600;70.54;70.635;70.51;70.51;800
20160121 154300;70.54;70.54;70.54;70.54;196
20160121 154400;70.63;70.63;70.48;70.48;600
20160121 154500;70.53;70.565;70.46;70.46;700
20160121 154800;70.365;70.365;70.27;70.33;400
20160121 154900;70.335;70.335;70.26;70.26;400
20160121 155000;70.315;70.315;70.23;70.23;200
20160121 155100;70.28;70.28;70.27;70.27;300
20160121 155200;70.27;70.27;70.27;70.27;200
20160121 155300;70.135;70.21;70.135;70.21;900
20160121 155400;70.22;70.22;70.14;70.15;1456
20160121 155500;70.14;70.16;70.14;70.16;300
20160121 155600;70.09;70.1;70.06;70.1;500
20160121 155700;70.085;70.09;70.05;70.05;546
20160121 155800;70.05;70.05;69.97;69.99;1200
20160121 155900;69.99;70.03;69.95;69.95;2104
20160121 160000;69.95;69.99;69.78;69.89;2500
20160121 160200;69.92;69.92;69.92;69.92;700
20160122 094300;71;71.12;71;71.12;700
20160122 094400;71.4;71.4;71.08;71.08;703
20160122 094500;71.25;71.5;71.24;71.5;500
20160122 094600;71.5;71.5;71.36;71.5;1400
20160122 094700;71.4;71.4;71.27;71.27;490
20160122 094800;71.49;71.49;71.49;71.49;100
20160122 095400;71.42;71.42;71.42;71.42;100
20160122 095500;71.86;71.86;71.86;71.86;200
20160122 095600;71.9;71.9;71.7501;71.78;1096
20160122 095700;71.81;71.81;71.5;71.5;700
20160122 095800;71.47;71.47;71.4;71.4;583
20160122 095900;71.5;71.5;71.26;71.29;500
20160122 100000;71.31;71.4;71.27;71.35;1300
20160122 100100;71.29;71.29;71.29;71.29;300
20160122 100200;71.275;71.275;71.2;71.2;200
20160122 100300;71.12;71.12;71.05;71.1;2205
20160122 100400;71.03;71.03;71.02;71.02;600
20160122 100500;71.2;71.3;71.2;71.2999;956
20160122 100600;71.2;71.2;71.2;71.2;4100
20160122 101100;71.58;71.72;71.58;71.72;800
20160122 101200;71.74;71.75;71.74;71.75;200
20160122 101500;71.71;71.71;71.45;71.46;1300
20160122 101700;71.65;71.65;71.65;71.65;100
20160122 101900;71.45;71.45;71.45;71.45;200
20160122 102200;71.35;71.36;71.35;71.36;1000
20160122 103200;71.45;71.45;71.45;71.45;100
20160122 103300;71.39;71.39;71.29;71.29;900
20160122 103500;71.35;71.35;71.26;71.26;200
20160122 103700;71.1;71.1;71.1;71.1;900
20160122 103900;71.12;71.12;71.12;71.12;100
20160122 104000;71.16;71.1799;71.16;71.17;600
20160122 104100;71.22;71.27;71.22;71.27;700
20160122 104200;71.4;71.44;71.34;71.34;5103
20160122 104400;71.3;71.3;71.15;71.15;400
20160122 104700;71.2;71.2;71.2;71.2;100
20160122 105000;71.3;71.365;71.15;71.15;3300
20160122 105100;71.15;71.3;71.15;71.2;3324
20160122 105500;71.25;71.25;71.2;71.2;200
20160122 105600;71.3;71.3;71.3;71.3;100
20160122 105700;71.37;71.37;71.37;71.37;100
20160122 105800;71.2805;71.2805;71.23;71.23;637
20160122 105900;71.36;71.36;71.36;71.36;100
20160122 110000;71.43;71.43;71.43;71.43;100
20160122 110100;71.43;71.45;71.31;71.3101;3000
20160122 110200;71.48;71.48;71.26;71.27;1100
20160122 110500;71.5;71.5;71.5;71.5;100
20160122 110600;71.48;71.48;71.45;71.45;201
20160122 110800;71.25;71.25;71.25;71.25;100
20160122 111400;71.2;71.2;71.2;71.2;100
20160122 111600;71.2;71.2;71.2;71.2;100
20160122 112000;71.45;71.45;71.32;71.32;200
20160122 112100;71.28;71.37;71.25;71.3699;2100
20160122 112200;71.3;71.3;71.3;71.3;186
20160122 112600;71.3;71.3;71.3;71.3;500
20160122 112800;71.3;71.5;71.3;71.5;600
20160122 113900;71.31;71.32;71.3;71.3;757
20160122 114000;71.3;71.3;71.3;71.3;100
20160122 114200;71.3;71.3;71.3;71.3;100
20160122 114300;71.48;71.48;71.48;71.48;200
20160122 115200;71.3;71.3;71.21;71.3;500
20160122 115600;71.21;71.3;71.21;71.3;200
20160122 115700;71.21;71.3;71.21;71.3;1020
20160122 115800;71.07;71.07;71.07;71.07;200
20160122 115900;71.16;71.28;71.1;71.1;1300
20160122 120000;71.23;71.23;71.23;71.23;100
20160122 120400;70.76;70.76;70.76;70.76;100
20160122 120500;70.58;70.58;70.58;70.58;100
20160122 120700;70.8;70.85;70.8;70.85;300
20160122 120800;71.16;71.16;71.16;71.16;400
20160122 120900;71.38;71.38;71.38;71.38;100
20160122 121000;71.41;71.41;71.17;71.17;800
20160122 121100;71.05;71.05;71.05;71.05;100
20160122 123000;71.31;71.31;71.31;71.31;100
20160122 123900;71.35;71.35;71.35;71.35;100
20160122 124000;71.76;71.76;71.34;71.34;800
20160122 130300;71.84;71.84;71.84;71.84;100
20160122 131500;71.91;71.91;71.91;71.91;100
20160122 132200;72.01;72.2;72;72;1093
20160122 132300;72;72;72;72;200
20160122 132400;72;72;72;72;900
20160122 132600;72;72;72;72;100
20160122 133600;72;72;71.9;71.9;672
20160122 134100;71.81;71.86;71.81;71.86;400
20160122 140500;71.83;71.83;71.83;71.83;100
20160122 140900;71.78;71.86;71.78;71.86;830
20160122 141900;71.95;71.95;71.95;71.95;100
20160122 142300;71.95;71.95;71.82;71.82;400
20160122 143000;71.56;71.56;71.56;71.56;200
20160122 143100;71.79;71.79;71.79;71.79;100
20160122 143800;71.7;71.7;71.7;71.7;400
20160122 144000;71.7;71.745;71.65;71.65;1600
20160122 144200;71.37;71.37;71.37;71.37;100
20160122 144500;71.53;71.53;71.53;71.53;200
20160122 145200;71.74;71.75;71.74;71.75;200
20160122 150100;71.7701;71.7701;71.7701;71.7701;133
20160122 150500;71.89;72.11;71.89;72.11;600
20160122 150600;71.9;71.9;71.85;71.85;200
20160122 151000;71.78;71.78;71.78;71.78;100
20160122 151200;71.75;71.75;71.75;71.75;100
20160122 151500;71.72;71.72;71.72;71.72;100
20160122 151700;71.73;71.73;71.73;71.73;100
20160122 151900;71.72;71.79;71.72;71.75;1300
20160122 152800;71.7;71.7;71.7;71.7;200
20160122 153000;71.71;71.71;71.71;71.71;200
20160122 153200;71.72;71.72;71.72;71.72;100
20160122 153300;71.73;71.76;71.73;71.76;400
20160122 153500;71.79;71.79;71.79;71.79;100
20160122 153600;72.02;72.02;72.02;72.02;100
20160122 153700;71.89;72.06;71.88;71.88;300
20160122 153800;71.88;71.88;71.88;71.88;200
20160122 154100;71.845;71.845;71.845;71.845;100
20160122 154200;71.89;71.89;71.89;71.89;100
20160122 154400;71.87;72;71.86;72;800
20160122 154500;72.01;72.13;72.01;72.13;300
20160122 154700;71.9969;72.37;71.9969;72.28;5300
20160122 154800;72.08;72.15;71.9492;72.15;6097
20160122 154900;72.13;72.39;72.13;72.39;2006
20160122 155000;72.591;72.65;72.386;72.65;8235
20160122 155100;72.391;72.391;71.94;71.94;1465
20160122 155200;72.05;72.26;72.05;72.185;8306
20160122 155300;72.2;72.23;72.0399;72.0399;1230
20160122 155400;71.935;72.18;71.89;72.1;8150
20160122 155500;72.18;72.42;72.18;72.35;1000
20160122 155600;72.3642;72.44;72.18;72.27;10286
20160122 155700;72.21;72.27;72.19;72.25;1800
20160122 155800;72.19;72.49;72.17;72.43;3901
20160122 155900;72.43;72.44;72.362;72.44;500
20160122 160000;72.34;72.43;72.33;72.42;519
20160122 160300;72.41;72.41;72.41;72.41;215
20160122 162600;72.41;72.41;72.41;72.41;1330
20160125 091800;72.41;72.41;72.41;72.41;5
20160125 092700;72.41;72.41;72.41;72.41;6
20160125 095000;71.77;71.77;71.77;71.77;100
20160125 095100;71.75;71.76;71.75;71.76;200
20160125 095200;71.75;71.75;71.75;71.75;100
20160125 095500;71.41;71.41;71.41;71.41;100
20160125 100100;71.83;71.86;71.63;71.63;400
20160125 100300;71.71;71.73;71.71;71.73;500
20160125 100700;71.95;71.95;71.95;71.95;200
20160125 100800;71.75;71.75;71.75;71.75;100
20160125 101100;71.71;71.71;71.62;71.62;200
20160125 102000;71.33;71.33;71.33;71.33;100
20160125 103100;71.38;71.38;71.38;71.38;100
20160125 103300;71.43;71.43;71.35;71.35;300
20160125 103800;71.23;71.23;71.23;71.23;200
20160125 104100;71.12;71.15;71.12;71.15;500
20160125 104500;70.915;70.915;70.915;70.915;100
20160125 104700;71.2;71.2;71.2;71.2;100
20160125 105300;71.07;71.08;71.07;71.08;200
20160125 105600;70.7501;70.7501;70.7501;70.7501;128
20160125 105900;70.9;70.9;70.9;70.9;100
20160125 110000;70.91;70.92;70.91;70.92;200
20160125 110100;70.81;70.81;70.81;70.81;100
20160125 111700;70.57;70.57;70.57;70.57;100
20160125 112600;70.58;70.58;70.58;70.58;100
20160125 114400;70.76;70.76;70.76;70.76;100
20160125 114500;70.61;70.61;70.61;70.61;300
20160125 115100;70.59;70.59;70.59;70.59;100
20160125 115500;70.83;70.83;70.83;70.83;100
20160125 120800;70.53;70.53;70.53;70.53;100
20160125 121000;70.66;70.66;70.66;70.66;100
20160125 121900;70.5172;70.5172;70.5172;70.5172;350
20160125 123000;70.46;70.46;70.46;70.46;100
20160125 123100;70.62;70.62;70.4401;70.4401;220
20160125 130300;70.62;70.82;70.62;70.82;600
20160125 130600;70.9;70.9;70.9;70.9;100
20160125 130900;70.91;70.91;70.91;70.91;100
20160125 131700;70.855;70.855;70.855;70.855;100
20160125 132400;70.99;71;70.99;71;200
20160125 132800;70.83;70.83;70.83;70.83;100
20160125 133500;70.86;70.86;70.86;70.86;100
20160125 133700;70.88;70.88;70.88;70.88;200
20160125 133800;70.7;70.76;70.6999;70.6999;900
20160125 133900;70.73;70.8;70.73;70.8;900
20160125 134100;70.76;70.76;70.7;70.7;800
20160125 134200;70.7;70.85;70.7;70.85;300
20160125 134400;70.69;70.79;70.64;70.71;1000
20160125 134700;70.64;70.64;70.63;70.63;200
20160125 134900;70.52;70.52;70.45;70.45;200
20160125 135300;70.32;70.32;70.32;70.32;100
20160125 135400;70.12;70.12;70.12;70.12;100
20160125 135600;70.45;70.45;70.45;70.45;100
20160125 135800;70.5;70.51;70.5;70.51;300
20160125 135900;70.73;70.73;70.73;70.73;100
20160125 140400;70.73;70.73;70.73;70.73;100
20160125 141300;70.27;70.27;70.27;70.27;100
20160125 141700;70.52;70.52;70.47;70.47;300
20160125 143100;70.35;70.35;70.35;70.35;100
20160125 143800;70.45;70.45;70.45;70.45;100
20160125 144500;70.44;70.44;70.44;70.44;100
20160125 144700;70.26;70.26;70.26;70.26;100
20160125 144900;70.45;70.45;70.45;70.45;200
20160125 145600;70.56;70.57;70.56;70.57;200
20160125 150300;70.63;70.68;70.63;70.68;400
20160125 150400;70.63;70.63;70.62;70.62;200
20160125 152100;70.17;70.17;70.17;70.17;100
20160125 152400;70.02;70.04;70.02;70.04;242
20160125 152600;70.215;70.215;70.215;70.215;100
20160125 152700;70.55;70.55;70.55;70.55;100
20160125 152800;70.2;70.2;70.2;70.2;100
20160125 153100;70.37;70.37;70.37;70.37;100
20160125 153500;70.01;70.01;70.01;70.01;100
20160125 154100;70.03;70.03;69.99;70;2276
20160125 154400;70.09;70.09;70.09;70.09;100
20160125 154500;70.1;70.14;70.09;70.14;500
20160125 154600;70.14;70.14;70.14;70.14;100
20160125 154700;70.14;70.14;70.14;70.14;100
20160125 154800;70.14;70.14;70.1;70.1;600
20160125 155000;70.13;70.13;70.13;70.13;200
20160125 155100;70.12;70.12;70.12;70.12;100
20160125 155400;70.1;70.1;70.1;70.1;100
20160125 155500;70.19;70.19;70.02;70.02;700
20160125 155600;69.95;69.95;69.95;69.95;100
20160125 155700;69.88;70.08;69.85;70.08;400
20160125 155800;69.97;69.97;69.84;69.84;700
20160125 155900;69.97;69.97;69.87;69.92;1600
20160125 160000;69.9101;70.12;69.9101;70.12;1777
20160125 163200;70.04;70.04;70.04;70.04;43
20160126 093500;71.9;71.9;71.9;71.9;100
20160126 093800;70.66;70.66;70.66;70.66;100
20160126 094000;70.51;70.51;70.43;70.43;500
20160126 094400;70.44;70.7;70.44;70.7;300
20160126 094500;70.79;70.79;70.79;70.79;100
20160126 094600;70.64;70.8;70.64;70.8;300
20160126 094700;70.65;70.65;70.65;70.65;100
20160126 095900;70.3;70.52;70.3;70.52;400
20160126 100100;70.8;70.8;70.8;70.8;100
20160126 100200;70.94;71.16;70.94;71.16;200
20160126 102000;71.0324;71.0324;71.0324;71.0324;400
20160126 102100;71.23;71.23;71.23;71.23;100
20160126 102300;71.03;71.03;71.03;71.03;100
20160126 102400;71.11;71.11;71.11;71.11;100
20160126 103700;71.2;71.2;71.2;71.2;100
20160126 104000;71.2212;71.2212;71.2212;71.2212;300
20160126 104100;71.43;71.43;71.32;71.32;200
20160126 104300;71.31;71.31;71.31;71.31;200
20160126 104400;71.37;71.37;71.37;71.37;100
20160126 105300;70.96;70.99;70.96;70.99;300
20160126 105400;71.1;71.1;71.1;71.1;100
20160126 105800;70.89;70.89;70.89;70.89;200
20160126 110700;71.14;71.22;71.14;71.22;300
20160126 110900;70.97;70.97;70.97;70.97;100
20160126 111300;70.94;71.03;70.94;71.03;200
20160126 112300;71.51;71.51;71.51;71.51;100
20160126 112400;71.2;71.2;71.2;71.2;100
20160126 112900;71.25;71.27;71.185;71.19;400
20160126 113000;71.31;71.51;71.31;71.315;1100
20160126 113100;71.38;71.38;71.38;71.38;100
20160126 113900;70.96;70.96;70.96;70.96;100
20160126 114500;70.93;70.93;70.93;70.93;100
20160126 114600;71;71;71;71;100
20160126 115000;70.95;70.95;70.95;70.95;100
20160126 115300;71.07;71.215;71.04;71.21;1000
20160126 115400;71.31;71.31;71.19;71.19;800
20160126 115500;71.04;71.04;71.04;71.04;100
20160126 115700;71.05;71.0788;71.05;71.055;900
20160126 115800;71.25;71.3;71.21;71.27;1600
20160126 115900;71.19;71.19;71.09;71.09;200
20160126 120000;71.18;71.18;71.18;71.18;100
20160126 121000;71.13;71.13;71.13;71.13;100
20160126 121400;71.24;71.34;71.24;71.34;700
20160126 121500;71.51;71.51;71.51;71.51;100
20160126 121600;71.35;71.35;71.35;71.35;100
20160126 121800;71.44;71.44;71.44;71.44;100
20160126 122000;71.5;71.5;71.43;71.43;300
20160126 122100;71.46;71.46;71.46;71.46;100
20160126 122300;71.35;71.35;71.35;71.35;100
20160126 122900;71.41;71.41;71.41;71.41;100
20160126 123000;71.41;71.41;71.41;71.41;100
20160126 123100;71.46;71.46;71.46;71.46;300
20160126 123300;71.83;71.83;71.83;71.83;100
20160126 124100;71.76;71.76;71.76;71.76;100
20160126 124200;71.83;71.83;71.83;71.83;100
20160126 124800;71.68;71.68;71.68;71.68;200
20160126 125100;71.52;71.52;71.52;71.52;100
20160126 125200;71.32;71.32;71.32;71.32;100
20160126 131100;71.41;71.45;71.41;71.45;200
20160126 132100;71.47;71.47;71.47;71.47;100
20160126 132900;71.55;71.56;71.43;71.43;1500
20160126 133100;71.28;71.28;71.28;71.28;100
20160126 133800;71.15;71.15;71.15;71.15;100
20160126 134000;71.27;71.27;71.27;71.27;100
20160126 134100;71.18;71.18;71.18;71.18;100
20160126 135000;71.33;71.33;71.32;71.32;390
20160126 135200;71.28;71.28;71.28;71.28;100
20160126 135300;71.31;71.31;71.31;71.31;100
20160126 135500;71.1;71.1;71.1;71.1;100
20160126 135600;71.27;71.27;71.27;71.27;100
20160126 140000;71.14;71.14;71.14;71.14;100
20160126 141000;71.03;71.03;71.03;71.03;100
20160126 141200;70.85;70.85;70.83;70.83;200
20160126 141500;70.85;70.85;70.84;70.84;300
20160126 141800;71.01;71.27;71.01;71.16;800
20160126 142600;71.13;71.13;71.13;71.13;100
20160126 143200;70.98;70.98;70.98;70.98;100
20160126 144100;71.22;71.22;71.22;71.22;100
20160126 144300;71.22;71.22;71.22;71.22;100
20160126 145100;71.22;71.22;71.22;71.22;100
20160126 145300;71.01;71.01;71.01;71.01;100
20160126 150400;71.15;71.15;71.15;71.15;100
20160126 150700;70.98;70.98;70.98;70.98;100
20160126 150800;71.16;71.16;71.16;71.16;100
20160126 151000;71.1;71.1;71.1;71.1;100
20160126 151100;70.97;70.97;70.96;70.96;300
20160126 151200;70.98;70.98;70.98;70.98;100
20160126 151300;70.99;71.03;70.99;71.03;300
20160126 151600;71.11;71.12;71.11;71.12;300
20160126 151900;71.21;71.43;71.1;71.1;600
20160126 152000;70.86;70.86;70.86;70.86;100
20160126 152200;70.8;70.8;70.8;70.8;100
20160126 152300;70.88;71.09;70.88;71.09;300
20160126 152400;71.07;71.07;71.07;71.07;200
20160126 152500;71.1;71.1;71.04;71.04;200
20160126 152600;71;71;71;71;500
20160126 152700;71.03;71.03;70.99;70.99;200
20160126 152800;71.145;71.145;71.145;71.145;100
20160126 153400;71.08;71.08;71.08;71.08;300
20160126 153500;71.17;71.17;71.01;71.01;600
20160126 153600;71.09;71.09;71.09;71.09;200
20160126 153700;71.08;71.09;71.08;71.09;200
20160126 153900;71.12;71.12;71.12;71.12;100
20160126 154000;71.13;71.13;71.13;71.13;100
20160126 154100;71.415;71.415;71.415;71.415;100
20160126 154300;71.42;71.42;71.42;71.42;100
20160126 154500;71.43;71.44;71.38;71.38;900
20160126 154600;71.43;71.43;71.43;71.43;100
20160126 154800;71.405;71.405;71.405;71.405;100
20160126 154900;71.41;71.41;71.41;71.41;100
20160126 155100;71.375;71.375;71.375;71.375;100
20160126 155200;71.35;71.35;71.35;71.35;100
20160126 155300;71.25;71.25;71.25;71.25;100
20160126 155400;71.345;71.345;71.345;71.345;100
20160126 155500;71.335;71.34;71.21;71.34;600
20160126 155600;71.27;71.27;71.27;71.27;100
20160126 155700;71.32;71.37;71.32;71.37;300
20160126 155800;71.3;71.3;71.23;71.23;500
20160126 155900;71.24;71.4;71.24;71.385;300
20160126 160000;71.27;71.42;71.27;71.42;500
20160126 160300;71.34;71.34;71.34;71.34;21
20160126 163100;71.34;71.34;71.34;71.34;58
20160127 092300;71.34;71.34;71.34;71.34;400
20160127 095300;70.83;70.83;70.83;70.83;200
20160127 101600;70.41;70.41;70.4;70.4;200
20160127 101900;70.36;70.36;70.36;70.36;200
20160127 102100;70.52;70.52;70.52;70.52;200
20160127 102700;70.54;70.54;70.54;70.54;100
20160127 103400;70.57;70.59;70.41;70.5;500
20160127 103600;70.59;70.59;70.59;70.59;100
20160127 103900;71.03;71.1;71.03;71.1;200
20160127 104000;70.96;71.01;70.95;71.01;500
20160127 104100;71;71;71;71;100
20160127 104200;71;71;71;71;200
20160127 104400;71.04;71.04;71.04;71.04;100
20160127 104500;71.22;71.23;71.22;71.23;200
20160127 104600;71.25;71.25;71.25;71.25;100
20160127 104700;71.23;71.23;71.23;71.23;100
20160127 111600;71.16;71.18;71.06;71.18;600
20160127 112200;71.26;71.27;71.26;71.26;300
20160127 113500;71.37;71.37;71.37;71.37;100
20160127 113600;71.59;71.67;71.59;71.67;200
20160127 114100;71.45;71.45;71.45;71.45;100
20160127 115400;71.29;71.29;71.29;71.29;400
20160127 122700;71.4;71.54;71.4;71.54;200
20160127 122900;71.43;71.43;71.43;71.43;100
20160127 123600;71.29;71.29;71.29;71.29;400
20160127 125300;71.47;71.47;71.47;71.47;100
20160127 125500;71.48;71.52;71.48;71.52;200
20160127 125700;71.53;71.53;71.53;71.53;100
20160127 125800;71.53;71.53;71.48;71.48;300
20160127 133000;71.51;71.51;71.5;71.5;300
20160127 133600;71.3;71.3;71.3;71.3;100
20160127 133800;71.37;71.38;71.37;71.38;300
20160127 134100;71.33;71.33;71.33;71.33;400
20160127 134200;71.15;71.15;71.15;71.15;600
20160127 134400;71.21;71.21;71.11;71.11;200
20160127 134500;71.34;71.34;71.34;71.34;100
20160127 134600;71.36;71.36;71.36;71.36;100
20160127 134700;71.4;71.4;71.4;71.4;100
20160127 134900;71.35;71.35;71.35;71.35;109
20160127 135900;71.45;71.45;71.45;71.45;300
20160127 140300;71.51;71.51;71.51;71.51;100
20160127 141100;71.05;71.06;71.045;71.06;600
20160127 141800;71.44;71.57;71.44;71.49;300
20160127 142200;71.6;71.6;71.6;71.6;190
20160127 142400;71.85;71.85;71.85;71.85;100
20160127 142500;71.5;71.5;71.34;71.5;400
20160127 143900;71.29;71.29;71.28;71.28;300
20160127 144000;70.97;70.97;70.97;70.97;100
20160127 144200;71.08;71.08;71.08;71.08;100
20160127 144600;70.95;70.96;70.95;70.95;300
20160127 144800;71.07;71.07;71.07;71.07;300
20160127 145500;71.09;71.09;71.09;71.09;100
20160127 145700;71.1205;71.1205;71.1205;71.1205;100
20160127 150000;71.09;71.09;71.04;71.04;200
20160127 150600;70.69;70.69;70.69;70.69;100
20160127 151000;70.79;70.8;70.79;70.8;400
20160127 151500;70.62;70.82;70.57;70.82;400
20160127 151800;70.435;70.44;70.435;70.44;200
20160127 152300;70.55;70.81;70.55;70.81;900
20160127 152600;71;71;71;71;100
20160127 152800;70.94;71.265;70.93;70.955;1300
20160127 153000;70.79;70.79;70.79;70.79;100
20160127 153100;70.78;70.78;70.78;70.78;200
20160127 153500;70.73;70.73;70.73;70.73;100
20160127 153600;70.78;70.78;70.78;70.78;100
20160127 153800;70.58;70.79;70.58;70.79;305
20160127 153900;70.82;70.83;70.82;70.83;200
20160127 154100;70.795;70.795;70.795;70.795;100
20160127 154200;70.79;70.79;70.79;70.79;100
20160127 154300;70.83;70.83;70.83;70.83;100
20160127 154400;70.68;70.68;70.67;70.67;200
20160127 155300;70.53;70.53;70.48;70.48;300
20160127 155400;70.58;70.62;70.58;70.62;300
20160127 155500;70.61;70.68;70.56;70.68;400
20160127 155600;70.68;70.68;70.66;70.66;500
20160127 155700;70.55;70.55;70.55;70.55;100
20160127 155800;70.58;70.59;70.53;70.53;311
20160127 155900;70.52;70.52;70.44;70.44;700
20160127 160000;70.49;70.64;70.49;70.6;1206
20160127 160800;70;70;70;70;41
20160127 163100;70.58;70.58;70.58;70.58;386
20160128 094200;71.47;71.47;71.43;71.47;300
20160128 095700;71.53;71.53;71.53;71.53;100
20160128 100400;71.74;71.74;71.74;71.74;100
20160128 101200;71.71;71.71;71.71;71.71;100
20160128 101600;71.72;71.72;71.72;71.72;100
20160128 101700;71.71;71.71;71.71;71.71;100
20160128 102100;71.38;71.38;71.38;71.38;100
20160128 102200;71.27;71.27;71.27;71.27;100
20160128 102500;71.45;71.55;71.45;71.55;200
20160128 102700;71.58;71.58;71.55;71.55;200
20160128 103000;71.19;71.19;71.19;71.19;100
20160128 104300;71.23;71.23;71.23;71.23;101
20160128 104400;71.31;71.31;71.31;71.31;200
20160128 104500;71.29;71.29;71.29;71.29;100
20160128 105600;71.34;71.35;71.34;71.35;200
20160128 112100;72.1747;72.1747;72.1747;72.1747;110
20160128 112400;71.975;72.17;71.975;72.17;1400
20160128 112500;72.17;72.17;72.17;72.17;200
20160128 112600;72.43;72.43;72.43;72.43;100
20160128 112700;72.22;72.22;72.17;72.17;900
20160128 112800;72.17;72.17;72.15;72.15;1200
20160128 113100;72.18;72.18;72.16;72.16;200
20160128 113300;72.17;72.17;72.17;72.17;1300
20160128 113500;72.1;72.1;72.08;72.08;400
20160128 113600;72.09;72.09;72.09;72.09;100
20160128 113700;72.09;72.09;72.01;72.02;600
20160128 114800;71.78;71.78;71.78;71.78;100
20160128 114900;71.77;71.77;71.77;71.77;100
20160128 115500;71.73;71.73;71.73;71.73;100
20160128 115700;71.73;71.73;71.68;71.68;200
20160128 120000;71.67;71.67;71.67;71.67;100
20160128 121000;71.54;71.54;71.54;71.54;100
20160128 121300;71.76;71.8;71.76;71.8;200
20160128 122200;71.86;71.86;71.86;71.86;200
20160128 123200;71.9;71.9;71.9;71.9;100
20160128 123600;72;72;71.81;71.81;200
20160128 124200;71.9;72;71.89;71.98;500
20160128 125800;71.83;71.83;71.83;71.83;100
20160128 130000;71.86;71.86;71.86;71.86;200
20160128 132100;71.58;71.62;71.58;71.61;300
20160128 132400;71.69;71.69;71.67;71.67;300
20160128 132700;71.74;71.74;71.74;71.74;100
20160128 133000;71.72;71.72;71.72;71.72;200
20160128 135400;71.81;71.81;71.81;71.81;100
20160128 140000;71.74;71.74;71.74;71.74;100
20160128 141100;71.66;71.66;71.66;71.66;100
20160128 141800;71.7;71.7;71.7;71.7;100
20160128 141900;71.7;71.7;71.7;71.7;100
20160128 144500;71.77;71.77;71.77;71.77;200
20160128 145400;71.74;71.74;71.74;71.74;100
20160128 145500;71.537;71.537;71.537;71.537;100
20160128 145700;71.74;71.74;71.7;71.7;300
20160128 150000;71.71;71.71;71.71;71.71;100
20160128 150300;71.64;71.64;71.64;71.64;100
20160128 150600;71.725;71.725;71.725;71.725;100
20160128 150900;71.72;71.72;71.72;71.72;100
20160128 151000;71.73;71.73;71.65;71.65;200
20160128 151400;72.04;72.04;72.04;72.04;100
20160128 151500;71.78;71.78;71.78;71.78;100
20160128 152400;71.8;71.8;71.8;71.8;100
20160128 152500;71.79;71.79;71.76;71.76;200
20160128 152800;71.68;71.81;71.68;71.81;200
20160128 153400;71.78;71.78;71.78;71.78;100
20160128 153600;71.76;71.78;71.76;71.78;400
20160128 153700;71.79;71.82;71.78;71.8;600
20160128 153900;71.81;71.81;71.8;71.8;400
20160128 154100;71.73;71.73;71.73;71.73;100
20160128 154200;71.7;71.7;71.7;71.7;100
20160128 154500;71.44;71.44;71.07;71.07;300
20160128 154600;71.35;71.4;71.35;71.38;400
20160128 154800;71.45;71.52;71.45;71.47;800
20160128 155000;71.5;71.5;71.5;71.5;100
20160128 155100;71.53;71.53;71.52;71.53;700
20160128 155200;71.52;71.52;71.52;71.52;200
20160128 155300;71.61;71.62;71.61;71.62;300
20160128 155400;71.53;71.72;71.53;71.69;1000
20160128 155500;71.56;71.57;71.515;71.515;600
20160128 155600;71.38;71.38;71.38;71.38;200
20160128 155700;71.55;71.77;71.55;71.71;900
20160128 155800;71.66;71.66;71.66;71.66;100
20160128 155900;71.8;71.8;71.78;71.78;400
20160128 160000;71.76;71.8;71.71;71.71;808
20160128 160300;71.8;71.8;71.8;71.8;2500
20160128 164400;71.8;71.8;71.8;71.8;3
20160129 093900;72.47;72.6001;72.47;72.6001;2528
20160129 094000;72.08;72.33;72.02;72.3299;2100
20160129 094100;72.34;72.6;72.34;72.6;1896
20160129 094200;72.81;72.81;72.81;72.81;100
20160129 100200;72.71;72.77;72.71;72.77;800
20160129 100300;72.76;72.76;72.76;72.76;100
20160129 100400;72.98;73.05;72.98;73.05;200
20160129 101700;73.0499;73.0499;73.0499;73.0499;100
20160129 101900;73.03;73.03;73.03;73.03;100
20160129 102200;73.09;73.1;73.09;73.1;400
20160129 103000;72.76;72.76;72.75;72.755;2500
20160129 103100;72.9699;72.9699;72.96;72.96;200
20160129 103200;72.9599;72.96;72.9599;72.96;400
20160129 103400;72.86;72.86;72.86;72.86;100
20160129 103500;72.86;72.87;72.75;72.87;1000
20160129 103600;72.87;72.87;72.87;72.87;200
20160129 103700;72.94;73.1;72.85;73.07;3098
20160129 105300;73.32;73.32;73.32;73.32;100
20160129 111700;73.36;73.36;73.31;73.31;1000
20160129 111800;73.28;73.28;73.28;73.28;100
20160129 112900;73.16;73.29;73.16;73.23;500
20160129 113800;73.43;73.43;73.32;73.32;200
20160129 113900;73.32;73.32;73.32;73.32;100
20160129 114100;73.37;73.37;73.37;73.37;100
20160129 115000;73.58;73.58;73.58;73.58;100
20160129 115100;73.59;73.59;73.59;73.59;100
20160129 115700;73.59;73.59;73.59;73.59;100
20160129 120100;73.94;73.94;73.6;73.6;300
20160129 121700;73.46;73.49;73.46;73.49;500
20160129 122000;73.07;73.07;73.07;73.07;100
20160129 122100;73.4;73.4;73.4;73.4;100
20160129 122500;73.54;73.54;73.54;73.54;200
20160129 123300;73.46;73.46;73.46;73.46;100
20160129 123500;73.44;73.44;73.44;73.44;100
20160129 125200;73.4;73.4;73.39;73.39;200
20160129 130000;73.04;73.04;73.04;73.04;400
20160129 130500;73.24;73.24;73.24;73.24;100
20160129 131300;73.27;73.27;73.27;73.27;100
20160129 131700;73.23;73.34;73.23;73.34;200
20160129 131900;73.44;73.44;73.44;73.44;100
20160129 132400;73.45;73.45;73.45;73.45;200
20160129 133600;73.34;73.34;73.34;73.34;100
20160129 140300;73.92;73.92;73.92;73.92;100
20160129 141200;73.6;73.6;73.6;73.6;100
20160129 142000;73.87;73.87;73.87;73.87;100
20160129 142100;73.87;74.08;73.87;74.08;200
20160129 145400;73.88;74.0999;73.87;74.0999;300
20160129 145800;74.06;74.06;74.06;74.06;100
20160129 150200;73.61;73.61;73.61;73.61;100
20160129 150700;73.8;73.8;73.8;73.8;100
20160129 151000;73.83;73.88;73.82;73.88;700
20160129 151500;74.09;74.09;74.09;74.09;100
20160129 151700;74.12;74.12;74.12;74.12;100
20160129 152000;73.91;73.91;73.91;73.91;100
20160129 152100;74.08;74.08;74.08;74.08;100
20160129 152300;74.08;74.1;74.08;74.1;317
20160129 152700;74.14;74.23;74.14;74.23;300
20160129 152900;74.57;74.57;74.57;74.57;100
20160129 153300;74.525;74.525;74.525;74.525;100
20160129 153400;74.52;74.52;74.47;74.51;300
20160129 153600;74.27;74.27;74.27;74.27;500
20160129 153700;74.22;74.22;74.21;74.21;500
20160129 153800;74.21;74.21;74.21;74.21;200
20160129 153900;74.24;74.3;74.24;74.3;1515
20160129 154000;74.3;74.39;74.3;74.39;300
20160129 154300;74.34;74.34;74.34;74.34;200
20160129 154400;74.24;74.24;74.24;74.24;100
20160129 154500;74.37;74.41;74.37;74.41;526
20160129 154600;74.44;74.44;74.44;74.44;100
20160129 154700;74.615;74.615;74.615;74.615;100
20160129 154800;74.48;74.48;74.48;74.48;100
20160129 154900;74.5;74.5;74.5;74.5;100
20160129 155000;74.62;74.67;74.62;74.67;400
20160129 155100;74.64;74.65;74.58;74.58;900
20160129 155200;74.51;74.64;74.51;74.52;300
20160129 155300;74.62;74.62;74.52;74.52;200
20160129 155400;74.56;74.6;74.56;74.6;506
20160129 155500;74.66;74.78;74.66;74.77;1006
20160129 155600;74.68;74.87;74.68;74.87;200
20160129 155700;74.86;74.87;74.75;74.87;500
20160129 155800;74.87;74.87;74.77;74.86;400
20160129 155900;74.86;74.86;74.86;74.86;500
20160129 160000;74.86;75.01;74.82;75.01;3316
20160129 160300;75.008;75.01;71.8;75.01;2347
20160129 160800;75.01;75.01;75.01;75.01;81
20160129 161300;75.0123;75.0123;75.0077;75.0077;1199
20160129 163500;75.01;75.01;75.01;75.01;2021
20160201 092500;75.01;75.01;75.01;75.01;800
20160201 095200;73.89;73.89;73.89;73.89;100
20160201 095300;73.77;73.77;73.72;73.72;200
20160201 100100;73.802;73.802;73.802;73.802;105
20160201 100600;73.84;73.84;73.84;73.84;100
20160201 101200;74.07;74.08;74.07;74.08;400
20160201 103400;73.86;74.29;73.85;74.29;700
20160201 103500;74.16;74.16;74.16;74.16;100
20160201 103600;73.99;73.99;73.99;73.99;100
20160201 103900;74.05;74.05;74.05;74.05;100
20160201 104400;74.12;74.12;73.765;73.765;200
20160201 104900;74.12;74.31;74.12;74.31;1299
20160201 105600;74.3766;74.56;74.2;74.2;800
20160201 110600;74.56;74.56;74.56;74.56;100
20160201 111600;74.62;74.62;74.48;74.48;462
20160201 111700;74.47;74.47;74.47;74.47;100
20160201 112300;74.53;74.53;74.48;74.48;300
20160201 112500;74.22;74.22;74.22;74.22;100
20160201 112600;74.43;74.43;74.43;74.43;100
20160201 114700;74.68;74.68;74.41;74.41;300
20160201 120600;74.3;74.3;74.3;74.3;100
20160201 120800;74.28;74.5;74.28;74.5;500
20160201 120900;74.45;74.45;74.45;74.45;100
20160201 121700;74.41;74.45;74.41;74.45;1700
20160201 122500;74.07;74.25;73.95;74.24;1800
20160201 122600;74.3;74.3;74.25;74.25;500
20160201 122800;74.13;74.13;74.13;74.13;200
20160201 122900;74.1;74.37;74.1;74.37;300
20160201 124700;74.41;74.46;74.41;74.46;200
20160201 125200;74.3;74.3;74.3;74.3;100
20160201 125300;74.3;74.43;74.29;74.43;400
20160201 125400;74.29;74.43;74.29;74.43;200
20160201 125500;74.45;74.45;74.45;74.45;100
20160201 130100;74.31;74.53;74.31;74.53;1800
20160201 130200;74.31;74.53;74.31;74.41;1900
20160201 130600;74.25;74.25;74.25;74.25;100
20160201 130900;74.46;74.46;74.46;74.46;100
20160201 131000;74.44;74.44;74.44;74.44;481
20160201 131200;74.3;74.3;74.3;74.3;100
20160201 133400;74.36;74.36;74.36;74.36;100
20160201 134500;74.19;74.38;74.19;74.38;300
20160201 134600;74.34;74.4;74.34;74.37;1200
20160201 134700;74.41;74.41;74.41;74.41;400
20160201 134800;74.66;74.66;74.66;74.66;100
20160201 140100;74.81;74.81;74.81;74.81;200
20160201 140700;74.41;74.41;74.41;74.41;100
20160201 140800;74.21;74.21;74.21;74.21;400
20160201 141000;74.08;74.08;74.08;74.08;200
20160201 141100;74.05;74.31;74.05;74.31;700
20160201 141200;74.27;74.36;74.27;74.28;1800
20160201 141400;74.18;74.35;74.18;74.35;700
20160201 141500;74.38;74.53;74.38;74.44;1000
20160201 141600;74.24;74.2495;74.23;74.23;600
20160201 141900;74.29;74.38;74.235;74.29;900
20160201 142000;74.38;74.4;74.315;74.315;1100
20160201 142100;74.28;74.28;74.28;74.28;200
20160201 142200;74.28;74.28;74.27;74.27;400
20160201 142500;74.32;74.32;74.32;74.32;100
20160201 142700;74.24;74.24;74.24;74.24;200
20160201 142900;74.23;74.23;74.23;74.23;100
20160201 143000;74.21;74.21;74.21;74.21;100
20160201 143100;74.21;74.21;74.21;74.21;370
20160201 143200;74.21;74.23;74.21;74.21;2500
20160201 143400;74.34;74.34;74.34;74.34;100
20160201 143500;74.21;74.21;74.21;74.21;300
20160201 144100;74.21;74.21;74.21;74.21;100
20160201 144200;74.21;74.21;74.21;74.21;100
20160201 144600;74.18;74.18;74.14;74.14;400
20160201 144700;74.09;74.09;74.09;74.09;100
20160201 145100;74.1;74.1;74.1;74.1;100
20160201 150100;74.2;74.2;74.2;74.2;100
20160201 150400;74.05;74.05;74.05;74.05;100
20160201 151200;74.01;74.01;74;74;600
20160201 151300;73.97;73.97;73.97;73.97;100
20160201 151500;74.18;74.18;74.18;74.18;200
20160201 151600;74.04;74.04;74.04;74.04;100
20160201 151700;74.02;74.02;73.99;74;1000
20160201 151800;74;74.07;73.97;74.07;2367
20160201 151900;74.16;74.1999;74.16;74.1999;200
20160201 152200;74.2;74.21;74.2;74.21;200
20160201 152400;74.37;74.37;74.2;74.2;1000
20160201 152500;74.16;74.7;74.16;74.7;200
20160201 152600;74.1;74.1;74.04;74.04;500
20160201 153000;74.1;74.1;74.1;74.1;100
20160201 153100;74.1;74.1;74.1;74.1;200
20160201 153400;73.89;73.89;73.89;73.89;100
20160201 153900;73.97;73.97;73.97;73.97;100
20160201 154100;74.01;74.01;74.01;74.01;1300
20160201 154500;73.98;73.98;73.98;73.98;300
20160201 154600;73.97;74.02;73.96;73.96;800
20160201 155000;73.98;74.04;73.98;74.04;521
20160201 155100;74.01;74.04;74;74;500
20160201 155300;73.81;73.81;73.67;73.81;2001
20160201 155400;73.64;73.79;73.64;73.79;900
20160201 155600;73.8;73.8;73.8;73.8;100
20160201 155700;73.74;73.74;73.65;73.65;900
20160201 155800;73.65;73.65;73.65;73.65;100
20160201 155900;73.64;73.64;73.63;73.63;200
20160201 160000;73.7;73.77;73.62;73.62;1116
20160201 162200;73.64;73.64;73.64;73.64;385
20160202 094700;72.89;72.89;72.89;72.89;100
20160202 101200;72.725;72.725;72.725;72.725;200
20160202 101700;72.94;72.94;72.94;72.94;100
20160202 102800;72.76;72.76;72.76;72.76;100
20160202 103500;72.58;72.59;72.57;72.58;700
20160202 103700;72.52;72.52;72.4001;72.465;600
20160202 103800;72.45;72.45;72.27;72.27;400
20160202 110300;72.24;72.24;72.24;72.24;200
20160202 110500;72.17;72.17;72.17;72.17;100
20160202 111500;72.18;72.2;72.18;72.2;200
20160202 111900;72.42;72.43;72.38;72.38;500
20160202 112600;72.47;72.47;72.47;72.47;100
20160202 112800;72.5099;72.5099;72.5099;72.5099;100
20160202 113100;72.52;72.69;72.52;72.69;700
20160202 113300;72.7;72.71;72.65;72.65;500
20160202 113500;72.71;72.71;72.71;72.71;156
20160202 113800;72.86;72.86;72.86;72.86;100
20160202 120400;72.53;72.53;72.48;72.48;300
20160202 120600;72.1;72.1;72.1;72.1;100
20160202 121100;72.38;72.38;72.38;72.38;100
20160202 124000;72.31;72.38;72.31;72.38;200
20160202 124200;72.38;72.38;72.38;72.38;100
20160202 124900;72.28;72.28;72.28;72.28;100
20160202 131500;72.25;72.25;72.25;72.25;200
20160202 135800;72.12;72.12;72.04;72.04;601
20160202 140100;72.29;72.29;72.29;72.29;100
20160202 142800;72.06;72.06;72.06;72.06;100
20160202 143700;72.31;72.31;72.31;72.31;100
20160202 143800;72.294;72.294;72.04;72.04;200
20160202 144500;72.174;72.174;72.174;72.174;100
20160202 144600;72.28;72.28;72.28;72.28;100
20160202 144700;72.06;72.06;72.06;72.06;100
20160202 145300;72.32;72.39;72.32;72.39;500
20160202 145500;72.4;72.626;72.35;72.626;400
20160202 145800;72.5;72.57;72.5;72.57;500
20160202 150100;72.37;72.5;72.34;72.5;400
20160202 150800;72.39;72.39;72.39;72.39;100
20160202 151700;72.336;72.336;72.336;72.336;100
20160202 153200;72.22;72.22;72.22;72.22;100
20160202 153600;72.15;72.15;72.15;72.15;300
20160202 154400;72.07;72.198;72.01;72.01;400
20160202 154500;72;72.04;72;72.04;200
20160202 154600;72;72.13;72;72.13;300
20160202 154700;71.895;71.895;71.895;71.895;100
20160202 154800;71.72;72.05;71.72;72.05;300
20160202 154900;72.04;72.2;72.04;72.14;300
20160202 155000;72.19;72.19;72.19;72.19;100
20160202 155100;72.06;72.06;72.06;72.06;200
20160202 155400;72.05;72.05;72.05;72.05;100
20160202 155500;72.2;72.2;72.2;72.2;100
20160202 155600;72.17;72.17;72.1;72.1;435
20160202 155700;72.09;72.1;72;72;598
20160202 155800;72.09;72.14;72.03;72.04;1300
20160202 155900;72.09;72.09;72.04;72.05;700
20160202 160000;72.08;72.21;72.06;72.15;1621
20160202 160300;72.1;72.1;72.1;72.1;81
20160202 163200;72.1;72.1;72.1;72.1;519
20160203 092800;72.1;72.1;72.1;72.1;100
20160203 094000;72.88;72.88;72.88;72.88;100
20160203 100500;71.44;71.48;71.44;71.48;400
20160203 101000;71.22;71.22;71.22;71.22;100
20160203 101100;71.16;71.16;71.16;71.16;200
20160203 102100;71.38;71.39;71.38;71.39;200
20160203 102900;71.16;71.16;71.16;71.16;100
20160203 103200;71.16;71.16;71.16;71.16;400
20160203 104000;70.94;70.94;70.94;70.94;100
20160203 105500;71.33;71.34;71.33;71.34;200
20160203 105700;71.62;71.62;71.6;71.6;400
20160203 105800;71.59;71.59;71.59;71.59;100
20160203 110500;71.9458;71.9458;71.9458;71.9458;148
20160203 112100;72.11;72.11;72.11;72.11;100
20160203 112200;72.14;72.14;72.14;72.14;200
20160203 113000;71.95;71.95;71.95;71.95;100
20160203 113500;72.33;72.33;72.33;72.33;100
20160203 114600;72.47;72.49;72.47;72.49;200
20160203 114700;72.68;72.68;72.68;72.68;200
20160203 114800;72.31;72.31;72.31;72.31;200
20160203 115300;72.28;72.28;72.28;72.28;400
20160203 115500;72.23;72.53;72.18;72.53;600
20160203 120200;72.17;72.17;72.17;72.17;200
20160203 120500;72.58;72.9;72.58;72.9;300
20160203 121100;72.73;72.73;72.73;72.73;100
20160203 121600;72.78;72.78;72.78;72.78;100
20160203 122000;72.73;72.73;72.73;72.73;100
20160203 122500;72.79;72.79;72.79;72.79;100
20160203 122800;72.97;72.97;72.97;72.97;100
20160203 123100;72.63;72.63;72.62;72.62;300
20160203 123500;72.54;72.54;72.54;72.54;100
20160203 125300;72.39;72.39;72.38;72.38;200
20160203 125600;72.54;72.54;72.54;72.54;100
20160203 125900;72.59;73.16;72.59;72.67;400
20160203 130800;72.52;72.52;72.52;72.52;100
20160203 131300;72.57;72.78;72.54;72.78;300
20160203 132200;72.73;72.73;72.73;72.73;100
20160203 132300;72.53;72.53;72.53;72.53;100
20160203 133600;72.17;72.17;72.13;72.13;200
20160203 134700;72.07;72.07;72.07;72.07;110
20160203 134800;71.87;71.87;71.87;71.87;100
20160203 135600;71.88;72.04;71.87;72.04;417
20160203 135900;72.04;72.04;72.04;72.04;100
20160203 140100;72.06;72.06;72.03;72.03;200
20160203 141800;72.75;72.75;72.75;72.75;100
20160203 142500;73.1;73.1;73.1;73.1;100
20160203 142700;73.11;73.11;73.11;73.11;100
20160203 143200;73.43;73.43;73.43;73.43;100
20160203 144000;73.15;73.15;73.14;73.14;700
20160203 144600;73.06;73.06;73.06;73.06;100
20160203 145300;73.46;73.46;73.46;73.46;100
20160203 145900;73.64;73.64;73.64;73.64;100
20160203 151700;73.53;73.53;73.24;73.24;200
20160203 152200;73.21;73.21;73.21;73.21;100
20160203 152400;73.4;73.46;73.4;73.46;500
20160203 152600;73.45;73.45;73.45;73.45;200
20160203 153000;73.4;73.4;73.4;73.4;100
20160203 153100;73.23;73.38;73.23;73.38;300
20160203 153300;73.12;73.12;73.12;73.12;200
20160203 153400;73.18;73.18;73.18;73.18;100
20160203 153600;73.22;73.61;73.22;73.61;700
20160203 153800;73.13;73.13;73.13;73.13;200
20160203 154000;72.91;72.91;72.91;72.91;100
20160203 154900;73.25;73.25;73.13;73.13;200
20160203 155000;73.04;73.04;73.04;73.04;100
20160203 155100;73.07;73.07;73.07;73.07;100
20160203 155300;73.23;73.23;73.23;73.23;100
20160203 155500;73.22;73.3;73.22;73.3;300
20160203 155600;73.23;73.23;73.07;73.07;1100
20160203 155700;73.05;73.22;73.05;73.22;200
20160203 155800;73.09;73.21;73.05;73.1;1892
20160203 155900;73.06;73.08;72.91;73.08;1000
20160203 160000;73.09;73.25;73.06;73.25;900
20160203 160300;73.25;73.25;73.25;73.25;507
20160204 093000;73.25;73.25;73.25;73.25;200
20160204 094900;73.34;73.34;73.34;73.34;100
20160204 100200;73.8;73.8;73.8;73.8;100
20160204 100300;74.16;74.16;74.14;74.14;200
20160204 101600;74.22;74.22;74.22;74.22;100
20160204 102300;74.26;74.26;74.26;74.26;100
20160204 103000;74.13;74.13;74.13;74.13;100
20160204 103800;74.22;74.22;74.21;74.21;200
20160204 104000;74.435;74.58;74.435;74.58;600
20160204 104100;74.66;74.66;74.66;74.66;100
20160204 105000;74.76;74.76;74.76;74.76;100
20160204 105100;74.74;74.74;74.59;74.59;300
20160204 105800;74.7;74.71;74.7;74.7;400
20160204 110000;74.67;74.67;74.67;74.67;100
20160204 110900;74.48;74.48;74.47;74.47;300
20160204 111300;74.65;74.65;74.565;74.565;200
20160204 111700;74.65;74.65;74.65;74.65;100
20160204 111900;74.45;74.45;74.22;74.22;400
20160204 112200;74.268;74.268;74.268;74.268;153
20160204 112800;74.43;74.45;74.43;74.45;300
20160204 113100;74.27;74.27;74.27;74.27;200
20160204 113200;74.365;74.365;74.365;74.365;100
20160204 113300;74.39;74.39;74.39;74.39;100
20160204 113400;74.23;74.23;74.23;74.23;100
20160204 113500;74.21;74.21;74.21;74.21;100
20160204 114100;74.31;74.55;74.31;74.55;500
20160204 114600;74.02;74.02;74.02;74.02;100
20160204 114700;74.01;74.27;73.9;74.27;300
20160204 115800;74.12;74.13;74.12;74.13;300
20160204 120600;73.99;73.99;73.99;73.99;100
20160204 121700;74.12;74.205;74.11;74.11;300
20160204 122200;74.11;74.11;74.11;74.11;100
20160204 122400;74.07;74.07;74.07;74.07;100
20160204 122700;74.05;74.13;74.05;74.13;300
20160204 123800;74.18;74.29;74.18;74.29;400
20160204 124400;74.04;74.04;73.99;73.99;400
20160204 124800;73.91;73.91;73.91;73.91;100
20160204 125400;73.71;73.8371;73.71;73.8371;300
20160204 130000;73.71;73.71;73.7;73.7;200
20160204 130300;73.59;73.59;73.59;73.59;100
20160204 131300;74;74;74;74;100
20160204 131500;74.03;74.03;73.91;73.91;600
20160204 132400;73.81;73.81;73.81;73.81;200
20160204 133500;73.89;73.89;73.89;73.89;130
20160204 133700;74.2;74.2;74.2;74.2;100
20160204 133900;73.97;73.97;73.96;73.96;200
20160204 134100;73.89;73.89;73.89;73.89;100
20160204 134700;73.53;73.53;73.53;73.53;200
20160204 135200;73.63;73.63;73.63;73.63;100
20160204 135600;73.61;73.71;73.45;73.45;600
20160204 140500;73.42;73.54;73.4;73.515;500
20160204 140900;73.44;73.6;73.4;73.6;500
20160204 142900;73.81;74.065;73.79;74.065;700
20160204 143100;73.665;73.82;73.665;73.82;200
20160204 144900;73.87;73.87;73.87;73.87;100
20160204 145300;73.94;73.94;73.94;73.94;100
20160204 145500;73.72;73.72;73.72;73.72;300
20160204 145700;73.84;73.86;73.815;73.815;300
20160204 150500;74.01;74.01;74.01;74.01;100
20160204 150600;74.02;74.115;73.56;73.56;1308
20160204 150800;73.66;74.025;73.66;74.025;500
20160204 151200;74.02;74.05;74.02;74.05;500
20160204 151900;74.14;74.14;74.13;74.13;200
20160204 152200;74.13;74.13;74.12;74.12;400
20160204 152300;73.97;73.97;73.97;73.97;100
20160204 153200;74.06;74.06;74.045;74.045;220
20160204 153300;74.11;74.11;74.11;74.11;200
20160204 153400;74.06;74.06;74.05;74.05;600
20160204 153600;73.96;73.97;73.96;73.97;300
20160204 153800;74;74;74;74;100
20160204 154200;74.15;74.16;74.12;74.12;700
20160204 154300;74.11;74.12;74.08;74.08;500
20160204 154500;74.06;74.06;74.05;74.05;400
20160204 154600;74.02;74.02;74.02;74.02;100
20160204 154700;74.07;74.07;74.07;74.07;100
20160204 154800;74.11;74.11;74.1;74.1;200
20160204 154900;74.11;74.17;74.11;74.16;400
20160204 155100;74.16;74.16;74.16;74.16;100
20160204 155200;74.14;74.14;74.14;74.14;200
20160204 155400;74;74;74;74;100
20160204 155500;74.01;74.01;74;74;233
20160204 155600;74.05;74.06;74.05;74.06;400
20160204 155700;74.06;74.06;74.06;74.06;100
20160204 155800;74.19;74.19;74.13;74.13;200
20160204 155900;74.11;74.11;74.11;74.11;100
20160204 160000;74.03;74.11;73.98;73.98;400
20160204 160300;74.05;74.05;74.05;74.05;622
20160204 163000;74.05;74.05;74.05;74.05;44
20160204 163100;74.05;74.05;74.05;74.05;102
20160205 092400;74.05;74.05;74.05;74.05;100
20160205 094900;74.03;74.03;74.03;74.03;100
20160205 103200;73.9;73.9;73.9;73.9;400
20160205 103500;73.5153;73.5153;73.5153;73.5153;191
20160205 103600;73.83;73.83;73.83;73.83;100
20160205 103900;73.73;73.73;73.73;73.73;100
20160205 110500;73.37;73.4;73.37;73.37;300
20160205 110800;73.23;73.23;73.23;73.23;100
20160205 113500;73.09;73.14;73.09;73.14;426
20160205 114000;73.19;73.19;73.19;73.19;100
20160205 114900;73.19;73.2;73.19;73.2;200
20160205 115300;73.14;73.14;73.14;73.14;100
20160205 115400;73.29;73.29;73.29;73.29;100
20160205 115600;73.22;73.22;73.16;73.16;200
20160205 115800;73.22;73.22;73.22;73.22;300
20160205 120300;73.31;73.31;73.31;73.31;200
20160205 120800;72.95;72.95;72.95;72.95;200
20160205 121900;72.93;72.93;72.93;72.93;100
20160205 122500;72.96;72.97;72.96;72.97;300
20160205 124200;73.22;73.24;73.22;73.24;200
20160205 125500;73.1;73.1;73.1;73.1;100
20160205 125700;73.09;73.09;73.09;73.09;100
20160205 130100;73.14;73.14;73.14;73.14;100
20160205 130700;73.02;73.02;73.02;73.02;100
20160205 131600;73.2;73.2;73.2;73.2;100
20160205 134900;72.74;72.74;72.74;72.74;200
20160205 135000;72.53;72.53;72.53;72.53;100
20160205 135300;72.48;72.48;72.48;72.48;100
20160205 140500;72.55;72.6;72.55;72.6;400
20160205 140600;72.67;72.73;72.67;72.73;400
20160205 140800;72.78;72.78;72.78;72.78;100
20160205 140900;72.88;72.94;72.88;72.92;300
20160205 141700;72.67;72.67;72.67;72.67;100
20160205 141900;72.74;72.74;72.74;72.74;100
20160205 142400;72.88;72.88;72.88;72.88;200
20160205 142500;72.65;72.65;72.65;72.65;100
20160205 142600;72.37;72.61;72.37;72.61;500
20160205 142700;72.71;72.71;72.71;72.71;100
20160205 142800;72.85;72.85;72.78;72.78;300
20160205 143000;72.89;72.89;72.89;72.89;221
20160205 143400;72.86;72.945;72.79;72.945;600
20160205 143500;72.905;72.905;72.905;72.905;100
20160205 143800;72.65;72.72;72.65;72.72;400
20160205 143900;72.94;72.94;72.94;72.94;100
20160205 144100;72.83;72.83;72.83;72.83;100
20160205 144200;72.89;72.89;72.89;72.89;201
20160205 152600;72.58;72.58;72.58;72.58;100
20160205 153200;72.67;72.67;72.67;72.67;100
20160205 154400;72.27;72.27;72.26;72.26;200
20160205 154500;72.28;72.28;72.28;72.28;200
20160205 154900;72.32;72.32;72.32;72.32;200
20160205 155100;72.33;72.33;72.31;72.31;200
20160205 155300;72.33;72.33;72.33;72.33;100
20160205 155500;72.28;72.28;72.26;72.26;400
20160205 155600;72.275;72.275;72.12;72.12;2300
20160205 155700;72.12;72.13;71.92;71.92;900
20160205 155800;71.92;72.05;71.92;72.05;500
20160205 155900;72.06;72.19;71.96;71.96;2060
20160205 160000;72.185;72.2;71.98;71.98;3129
20160205 160400;71.98;71.98;71.98;71.98;34
20160205 164400;72.3662;72.3662;72.3662;72.3662;1141
