20160119 093700;43.64;43.65;43.62;43.65;500
20160119 094500;43.74;43.74;43.74;43.74;500
20160119 102500;43.8;43.8;43.8;43.8;400
20160119 104100;43.75;43.75;43.75;43.75;220
20160119 104200;43.8;43.8;43.8;43.8;200
20160119 105000;43.834;43.834;43.834;43.834;100
20160119 111400;43.63;43.63;43.63;43.63;467
20160119 112000;43.5;43.5;43.48;43.48;200
20160119 112400;43.45;43.45;43.45;43.45;100
20160119 112800;43.48;43.48;43.48;43.48;200
20160119 113100;43.5;43.52;43.5;43.52;2200
20160119 113400;43.52;43.52;43.52;43.52;2060
20160119 113600;43.51;43.51;43.51;43.51;200
20160119 113900;43.52;43.52;43.51;43.51;1300
20160119 114000;43.52;43.52;43.52;43.52;1723
20160119 114100;43.51;43.51;43.51;43.51;100
20160119 114800;43.51;43.51;43.51;43.51;200
20160119 115200;43.52;43.52;43.52;43.52;400
20160119 115300;43.52;43.72;43.52;43.64;4820
20160119 115400;43.61;43.6356;43.55;43.57;4733
20160119 115500;43.57;43.57;43.57;43.57;100
20160119 123700;43.42;43.42;43.42;43.42;100
20160119 124900;43.25;43.26;43.25;43.26;702
20160119 125200;43.25;43.25;43.23;43.23;200
20160119 130100;43.3883;43.3883;43.3883;43.3883;115
20160119 130300;43.4477;43.4477;43.4477;43.4477;100
20160119 131800;43.4199;43.4199;43.36;43.36;461
20160119 133100;43.32;43.32;43.32;43.32;200
20160119 133800;43.346;43.346;43.346;43.346;250
20160119 134500;43.3;43.3;43.3;43.3;100
20160119 135300;43.3;43.3;43.3;43.3;100
20160119 140600;43.23;43.23;43.23;43.23;100
20160119 141500;43.17;43.17;43.17;43.17;200
20160119 142000;43.1702;43.1702;43.1702;43.1702;100
20160119 143500;43.203;43.203;43.203;43.203;1000
20160119 144400;43.16;43.16;43.16;43.16;100
20160119 144900;43.06;43.06;43.06;43.06;200
20160119 145000;43.04;43.04;43.04;43.04;200
20160119 145100;43.01;43.01;43.01;43.01;500
20160119 145200;43.02;43.02;43.02;43.02;100
20160119 145700;43.02;43.02;43.02;43.02;100
20160119 150700;43.22;43.22;43.22;43.22;100
20160119 151000;43.2205;43.2205;43.21;43.21;737
20160119 151200;43.16;43.16;43.16;43.16;168
20160119 152700;43.2031;43.39;43.2031;43.39;1127
20160119 152800;43.38;43.38;43.38;43.38;200
20160119 153800;43.432;43.432;43.432;43.432;232
20160119 154800;43.45;43.45;43.45;43.45;200
20160119 155400;43.47;43.49;43.47;43.4798;400
20160119 160000;43.44;43.44;43.44;43.44;100
20160120 095200;41.458;41.52;41.458;41.52;800
20160120 095400;41.49;41.49;41.35;41.35;900
20160120 095500;41.35;41.42;41.3;41.3;535
20160120 095700;41.26;41.26;41.26;41.26;100
20160120 100400;41.18;41.18;41.18;41.18;100
20160120 100700;41.32;41.32;41.32;41.32;100
20160120 102700;41.21;41.21;41.21;41.21;100
20160120 104300;41.13;41.13;41.13;41.13;100
20160120 104400;41.13;41.13;41.13;41.13;200
20160120 105000;41.07;41.07;41.02;41.02;656
20160120 105300;41.074;41.074;41.056;41.056;321
20160120 105600;41.03;41.03;41.03;41.03;540
20160120 105700;41;41;41;41;100
20160120 105800;40.98;40.98;40.905;40.914;1477
20160120 110400;40.89;40.94;40.87;40.892;1724
20160120 110800;40.96;41.01;40.8917;41.01;1365
20160120 111000;41.01;41.01;41.01;41.01;115
20160120 111100;40.86;40.86;40.84;40.84;376
20160120 111600;40.99;41.04;40.99;41.04;300
20160120 112000;41.079;41.08;41.079;41.08;270
20160120 114900;41.05;41.05;41.05;41.05;237
20160120 120000;40.92;40.92;40.805;40.805;445
20160120 120100;40.92;40.92;40.92;40.92;100
20160120 121100;40.879;40.879;40.879;40.879;500
20160120 121200;40.7801;40.7801;40.7801;40.7801;249
20160120 121400;40.8785;40.98;40.8785;40.895;703
20160120 122200;40.86;40.86;40.86;40.86;100
20160120 124600;40.7;40.7001;40.62;40.62;1375
20160120 125000;40.7;40.7;40.7;40.7;100
20160120 125200;40.69;40.69;40.69;40.69;100
20160120 130400;40.7801;40.7801;40.7801;40.7801;197
20160120 132300;40.82;40.82;40.82;40.82;100
20160120 132500;40.8738;40.8738;40.8738;40.8738;180
20160120 133200;40.89;40.89;40.89;40.89;100
20160120 134600;41.11;41.11;41.11;41.11;100
20160120 135100;41.2;41.2;41.2;41.2;100
20160120 140800;41.04;41.04;41.04;41.04;100
20160120 141900;41.145;41.145;41.145;41.145;100
20160120 142400;41.1;41.1;41.1;41.1;100
20160120 142700;41.065;41.065;41.065;41.065;100
20160120 144400;41.2099;41.2099;41.2099;41.2099;282
20160120 145600;41.269;41.35;41.269;41.35;300
20160120 150100;41.42;41.42;41.42;41.42;100
20160120 151500;41.469;41.469;41.469;41.469;151
20160120 152500;41.66;41.66;41.66;41.66;194
20160120 152800;41.69;41.69;41.6;41.6588;2869
20160120 153400;41.68;41.68;41.68;41.68;200
20160120 153700;41.66;41.66;41.66;41.66;200
20160120 153800;41.64;41.64;41.64;41.64;100
20160120 153900;41.63;41.63;41.63;41.63;100
20160120 154500;41.53;41.5458;41.53;41.5458;200
20160120 155500;41.54;41.54;41.54;41.54;100
20160120 155600;41.53;41.53;41.52;41.52;400
20160120 155800;41.51;41.51;41.51;41.51;200
20160121 092900;41.76;41.76;41.76;41.76;100
20160121 093600;42;42.1;42;42.02;300
20160121 093900;42.02;42.02;42.02;42.02;300
20160121 094000;42.04;42.04;41.93;41.93;700
20160121 094900;41.74;41.74;41.73;41.73;200
20160121 095000;41.74;41.74;41.74;41.74;100
20160121 095600;41.85;41.85;41.85;41.85;100
20160121 095900;41.86;41.86;41.86;41.86;400
20160121 100000;41.84;41.84;41.84;41.84;100
20160121 100200;41.94;41.94;41.94;41.94;200
20160121 100800;42.01;42.02;42.01;42.01;600
20160121 102100;42.2;42.2;42.2;42.2;243
20160121 102400;42.21;42.21;42.21;42.21;200
20160121 102600;42.17;42.17;42.17;42.17;100
20160121 103100;42.25;42.25;42.1863;42.1863;200
20160121 103600;42.27;42.27;42.27;42.27;100
20160121 103800;42.27;42.27;42.27;42.27;100
20160121 105300;42.38;42.38;42.38;42.38;100
20160121 105400;42.39;42.39;42.39;42.39;300
20160121 105900;42.39;42.39;42.39;42.39;100
20160121 110000;42.31;42.31;42.272;42.272;300
20160121 110600;42.49;42.49;42.49;42.49;100
20160121 110800;42.5701;42.5701;42.5701;42.5701;122
20160121 111000;42.53;42.53;42.53;42.53;200
20160121 111400;42.53;42.53;42.53;42.53;100
20160121 111500;42.53;42.54;42.53;42.54;300
20160121 111600;42.53;42.53;42.52;42.52;300
20160121 112200;42.52;42.52;42.52;42.52;100
20160121 112400;42.58;42.58;42.58;42.58;100
20160121 112700;42.54;42.54;42.54;42.54;100
20160121 112900;42.52;42.52;42.48;42.48;300
20160121 113100;42.54;42.54;42.54;42.54;100
20160121 113600;42.58;42.58;42.58;42.58;100
20160121 121200;42.73;42.73;42.73;42.73;100
20160121 121400;42.79;42.79;42.79;42.79;170
20160121 121500;42.7419;42.7419;42.7419;42.7419;200
20160121 123600;42.63;42.63;42.63;42.63;100
20160121 124200;42.68;42.68;42.68;42.68;100
20160121 124700;42.5768;42.5768;42.5768;42.5768;145
20160121 125100;42.6;42.6;42.6;42.6;100
20160121 125200;42.57;42.57;42.55;42.55;900
20160121 130000;42.6;42.6;42.6;42.6;200
20160121 130100;42.62;42.62;42.58;42.58;200
20160121 130400;42.69;42.69;42.69;42.69;100
20160121 131100;42.75;42.75;42.75;42.75;100
20160121 131200;42.7;42.7;42.7;42.7;100
20160121 133700;42.34;42.34;42.34;42.34;100
20160121 133900;42.46;42.46;42.46;42.46;300
20160121 134100;42.45;42.45;42.45;42.45;100
20160121 134200;42.45;42.45;42.44;42.44;800
20160121 134400;42.56;42.56;42.56;42.56;100
20160121 135200;42.43;42.43;42.39;42.39;200
20160121 140800;42.42;42.42;42.42;42.42;100
20160121 140900;42.45;42.45;42.45;42.45;400
20160121 141100;42.4;42.4;42.4;42.4;199
20160121 141200;42.3795;42.39;42.3795;42.39;200
20160121 142000;42.19;42.19;42.19;42.19;100
20160121 142500;42.21;42.24;42.21;42.24;500
20160121 142600;42.1996;42.1996;42.1996;42.1996;100
20160121 143100;42.23;42.23;42.23;42.23;100
20160121 143200;42.25;42.25;42.25;42.25;100
20160121 143300;42.25;42.26;42.25;42.26;300
20160121 144300;42.3;42.3;42.3;42.3;100
20160121 144400;42.3;42.3;42.3;42.3;146
20160121 144700;42.27;42.27;42.27;42.27;200
20160121 145000;42.25;42.25;42.25;42.25;100
20160121 145200;42.3;42.3;42.3;42.3;200
20160121 145600;42.295;42.295;42.295;42.295;100
20160121 145900;42.389;42.389;42.389;42.389;272
20160121 150400;42.39;42.39;42.36;42.36;300
20160121 150500;42.4042;42.4042;42.4042;42.4042;226
20160121 150600;42.35;42.35;42.35;42.35;100
20160121 151300;42.33;42.33;42.33;42.33;100
20160121 151600;42.31;42.31;42.31;42.31;100
20160121 151900;42.342;42.3517;42.342;42.3517;301
20160121 153100;42.37;42.37;42.37;42.37;200
20160121 153800;42.45;42.45;42.45;42.45;100
20160121 154000;42.4701;42.4701;42.4701;42.4701;129
20160121 154500;42.48;42.54;42.48;42.54;331
20160121 155400;42.46;42.46;42.46;42.46;100
20160121 155800;42.48;42.48;42.48;42.48;100
20160121 155900;42.46;42.46;42.46;42.46;100
20160121 160000;42.49;42.51;42.46;42.49;1200
20160122 100100;43.45;43.45;43.45;43.45;100
20160122 100400;43.47;43.47;43.47;43.47;100
20160122 100900;43.51;43.51;43.49;43.49;700
20160122 101100;43.6;43.6;43.6;43.6;100
20160122 103700;43.71;43.71;43.71;43.71;100
20160122 110200;43.69;43.69;43.69;43.69;100
20160122 110400;43.55;43.55;43.55;43.55;200
20160122 110700;43.57;43.57;43.57;43.57;100
20160122 111100;43.41;43.41;43.41;43.41;100
20160122 113200;43.6;43.6;43.6;43.6;100
20160122 114300;43.51;43.51;43.51;43.51;200
20160122 121100;43.705;43.705;43.705;43.705;100
20160122 124800;43.67;43.67;43.67;43.67;100
20160122 125600;43.67;43.67;43.67;43.67;376
20160122 125900;43.81;43.82;43.81;43.82;200
20160122 130800;43.75;43.75;43.75;43.75;100
20160122 135900;43.98;43.98;43.8895;43.8895;200
20160122 142300;43.98;44.05;43.98;44.05;200
20160122 150900;43.795;43.91;43.78;43.795;2084
20160122 151000;43.835;43.835;43.835;43.835;100
20160122 151900;43.878;43.878;43.878;43.878;126
20160122 152000;43.92;43.9508;43.92;43.9508;223
20160122 152400;43.85;43.85;43.85;43.85;100
20160122 154100;43.9;43.9;43.9;43.9;100
20160122 154500;43.92;43.98;43.92;43.98;495
20160122 154600;43.94;43.94;43.94;43.94;100
20160122 154800;44.0599;44.0599;44.0599;44.0599;122
20160122 155600;43.93;43.93;43.93;43.93;100
20160122 160000;44.01;44.04;44.01;44.04;400
20160125 093300;42.2;42.48;42.2;42.42;1201
20160125 094800;42.27;42.27;42.27;42.27;100
20160125 100200;42.26;42.26;42.26;42.26;659
20160125 100300;42.27;42.27;42.26;42.27;659
20160125 100900;42.25;42.25;42.25;42.25;600
20160125 101800;42.26;42.26;42.26;42.26;100
20160125 103600;42.2;42.2;42.2;42.2;100
20160125 104100;42.23;42.23;42.23;42.23;200
20160125 111300;42.18;42.18;42.18;42.18;200
20160125 112200;42.2;42.2;42.2;42.2;100
20160125 114600;42.32;42.32;42.32;42.32;100
20160125 120100;42.3;42.306;42.3;42.3001;800
20160125 120800;42.35;42.35;42.35;42.35;100
20160125 121700;42.32;42.32;42.32;42.32;200
20160125 124500;42.4;42.4;42.39;42.39;208
20160125 130100;42.46;42.46;42.46;42.46;100
20160125 134700;42.392;42.392;42.392;42.392;700
20160125 141800;42.29;42.29;42.29;42.29;1400
20160125 142200;42.33;42.33;42.33;42.33;300
20160125 142600;42.33;42.335;42.33;42.33;1800
20160125 142700;42.33;42.34;42.33;42.34;400
20160125 143600;42.37;42.37;42.37;42.37;100
20160125 143900;42.42;42.42;42.4;42.42;1100
20160125 144100;42.37;42.37;42.37;42.37;100
20160125 144200;42.37;42.37;42.37;42.37;200
20160125 150400;42.2826;42.2826;42.2826;42.2826;224
20160125 150900;42.2884;42.2884;42.2884;42.2884;124
20160125 151200;42.2;42.2;42.2;42.2;100
20160125 152000;42.1407;42.194;42.01;42.01;3816
20160125 152200;42.058;42.0585;42.02;42.02;738
20160125 152400;42.03;42.03;42.03;42.03;100
20160125 153100;42.02;42.02;42;42;200
20160125 154100;41.958;41.958;41.958;41.958;200
20160125 154200;41.97;41.97;41.97;41.97;100
20160125 154500;42.01;42.05;42;42.05;607
20160125 154700;42.0189;42.0189;42.0189;42.0189;386
20160125 154900;42.04;42.04;42.0258;42.0258;760
20160125 155000;42.0448;42.0448;42.0448;42.0448;355
20160125 155300;42.03;42.06;42.03;42.06;300
20160125 155700;42.04;42.05;42.03;42.03;504
20160125 155900;42;42;41.99;41.99;200
20160125 160000;41.99;42;41.98;42;600
20160125 160300;42.04;42.04;42.04;42.04;74
20160126 102400;42.07;42.07;42.05;42.05;500
20160126 103500;42.1201;42.1201;42.1201;42.1201;500
20160126 104300;42.1601;42.1601;42.1601;42.1601;500
20160126 105400;42.23;42.23;42.23;42.23;500
20160126 110100;42.17;42.256;42.17;42.2558;500
20160126 110300;42.276;42.276;42.232;42.232;300
20160126 110400;42.235;42.3;42.235;42.3;800
20160126 110600;42.309;42.309;42.304;42.304;1231
20160126 110700;42.29;42.29;42.29;42.29;300
20160126 110800;42.28;42.28;42.28;42.28;100
20160126 111200;42.24;42.24;42.24;42.24;213
20160126 111300;42.24;42.24;42.24;42.24;200
20160126 111500;42.2216;42.28;42.17;42.17;1102
20160126 111900;42.23;42.23;42.23;42.23;100
20160126 112100;42.3099;42.31;42.3099;42.31;226
20160126 112700;42.16;42.16;42.16;42.16;102
20160126 113000;42.23;42.23;42.23;42.23;100
20160126 114000;42.15;42.22;42.15;42.22;300
20160126 114400;42.26;42.26;42.26;42.26;100
20160126 114500;42.3;42.3;42.3;42.3;100
20160126 115400;42.4;42.4;42.4;42.4;100
20160126 122500;42.51;42.53;42.51;42.53;321
20160126 123100;42.479;42.54;42.479;42.54;600
20160126 125600;42.475;42.51;42.44;42.51;2010
20160126 125700;42.4792;42.4792;42.4792;42.4792;150
20160126 131800;42.5;42.5;42.5;42.5;300
20160126 132400;42.5003;42.5003;42.5003;42.5003;736
20160126 133300;42.47;42.47;42.47;42.47;200
20160126 133900;42.495;42.495;42.495;42.495;100
20160126 135200;42.435;42.435;42.3801;42.4039;1600
20160126 143100;42.39;42.39;42.39;42.39;100
20160126 144100;42.4;42.4;42.4;42.4;300
20160126 144200;42.44;42.44;42.44;42.44;100
20160126 150300;42.42;42.42;42.42;42.42;200
20160126 151600;42.35;42.35;42.35;42.35;100
20160126 153200;42.41;42.41;42.41;42.41;100
20160126 153400;42.4;42.4;42.4;42.4;100
20160126 153800;42.42;42.42;42.42;42.42;100
20160126 154000;42.4077;42.4077;42.4077;42.4077;171
20160126 154500;42.41;42.41;42.4;42.4;250
20160126 154600;42.45;42.45;42.45;42.45;100
20160126 154800;42.33;42.33;42.33;42.33;100
20160126 155000;42.33;42.33;42.33;42.33;100
20160126 155100;42.34;42.41;42.34;42.41;300
20160126 155200;42.29;42.29;42.29;42.29;100
20160126 155300;42.3;42.3;42.3;42.3;100
20160126 155400;42.3;42.3;42.3;42.3;100
20160126 155500;42.3;42.3;42.3;42.3;100
20160126 155600;42.3;42.33;42.3;42.32;300
20160126 155700;42.34;42.36;42.34;42.36;400
20160126 155900;42.38;42.38;42.38;42.38;100
20160126 160000;42.34;42.38;42.34;42.37;500
20160127 093700;41.6736;41.6736;41.63;41.63;200
20160127 101300;41.65;41.65;41.65;41.65;200
20160127 101700;41.66;41.66;41.66;41.66;100
20160127 102100;41.69;41.69;41.69;41.69;200
20160127 103500;41.65;41.65;41.65;41.65;100
20160127 104000;41.72;41.72;41.72;41.72;200
20160127 105500;41.81;41.81;41.81;41.81;200
20160127 111400;41.83;41.83;41.83;41.83;111
20160127 112100;41.86;41.86;41.86;41.86;200
20160127 113200;41.88;41.88;41.88;41.88;200
20160127 113300;41.88;41.88;41.88;41.88;100
20160127 113500;41.88;41.88;41.88;41.88;300
20160127 115500;42.01;42.01;42.01;42.01;100
20160127 115700;42.0225;42.0225;42.01;42.01;200
20160127 120100;42.0799;42.0799;42.0799;42.0799;183
20160127 120300;42.09;42.09;42.09;42.09;400
20160127 125000;42.1351;42.1351;42.1351;42.1351;113
20160127 130100;42.09;42.11;42.09;42.11;200
20160127 130200;42.1;42.1;42.09;42.09;300
20160127 130300;42.05;42.05;42.05;42.05;900
20160127 130400;42.05;42.05;42.05;42.05;100
20160127 130700;42.03;42.03;42.03;42.03;100
20160127 130900;42.03;42.03;42.03;42.03;200
20160127 131700;41.982;41.982;41.982;41.982;1000
20160127 133800;42;42;42;42;100
20160127 135100;41.93;41.93;41.93;41.93;300
20160127 135200;41.92;41.92;41.92;41.92;100
20160127 135600;41.9;41.9;41.9;41.9;100
20160127 140900;41.96;41.96;41.96;41.96;100
20160127 141000;41.94;41.94;41.9;41.9;800
20160127 141800;41.78;41.78;41.78;41.78;100
20160127 142000;41.8;41.8;41.8;41.8;200
20160127 143400;41.85;41.85;41.85;41.85;100
20160127 143500;41.89;41.89;41.89;41.89;100
20160127 144000;41.88;41.88;41.88;41.88;500
20160127 144100;41.88;41.88;41.85;41.85;200
20160127 145600;41.82;41.82;41.82;41.82;100
20160127 150200;41.46;41.46;41.46;41.46;200
20160127 150400;41.45;41.56;41.45;41.56;300
20160127 150600;41.56;41.57;41.56;41.56;300
20160127 151500;41.41;41.41;41.41;41.41;100
20160127 151800;41.305;41.305;41.305;41.305;200
20160127 152300;41.28;41.36;41.28;41.36;200
20160127 152500;41.5;41.5;41.5;41.5;100
20160127 152600;41.47;41.47;41.47;41.47;100
20160127 153400;41.543;41.543;41.543;41.543;400
20160127 153500;41.53;41.53;41.53;41.53;100
20160127 153700;41.5599;41.5599;41.5599;41.5599;169
20160127 154100;41.53;41.53;41.53;41.53;100
20160127 154400;41.55;41.55;41.55;41.55;100
20160127 154700;41.58;41.58;41.56;41.56;200
20160127 154800;41.58;41.58;41.57;41.57;300
20160127 154900;41.5999;41.5999;41.55;41.55;302
20160127 155300;41.54;41.54;41.54;41.54;200
20160127 155600;41.52;41.52;41.52;41.52;100
20160127 155800;41.54;41.54;41.54;41.54;458
20160127 155900;41.55;41.55;41.55;41.55;254
20160127 160000;41.57;41.57;41.55;41.55;200
20160128 094600;41.57;41.57;41.57;41.57;100
20160128 095400;41.57;41.57;41.57;41.57;100
20160128 095700;41.56;41.69;41.55;41.55;700
20160128 101900;41.34;41.34;41.34;41.34;100
20160128 102200;41.23;41.23;41.19;41.2;300
20160128 102300;41.2;41.2;41.2;41.2;200
20160128 102400;41.2;41.2;41.2;41.2;100
20160128 102700;41.19;41.19;41.19;41.19;100
20160128 103100;41.09;41.09;41.09;41.09;100
20160128 103200;41.11;41.11;41.11;41.11;100
20160128 104300;41.2;41.2;41.2;41.2;100
20160128 104500;41.2;41.2;41.2;41.2;100
20160128 110100;41.2;41.21;41.2;41.21;400
20160128 111500;41.2399;41.2399;41.13;41.14;654
20160128 111600;41.19;41.19;41.19;41.19;100
20160128 112300;41.24;41.24;41.24;41.24;100
20160128 112500;41.24;41.24;41.24;41.24;100
20160128 113400;41.17;41.17;41.16;41.16;300
20160128 113700;41.185;41.19;41.185;41.19;600
20160128 113800;41.1581;41.1581;41.1581;41.1581;156
20160128 115000;41.11;41.11;41.11;41.11;481
20160128 115400;41.1137;41.1137;41.1137;41.1137;185
20160128 115800;41.09;41.09;41.09;41.09;200
20160128 115900;41.09;41.09;41.09;41.09;100
20160128 120000;41.07;41.07;41.07;41.07;100
20160128 120500;41.11;41.11;41.11;41.11;200
20160128 120600;41.12;41.12;41.12;41.12;200
20160128 121300;41.12;41.12;41.11;41.11;300
20160128 121600;41.11;41.11;41.11;41.11;200
20160128 122200;41.14;41.14;41.14;41.14;300
20160128 122600;41.12;41.12;41.12;41.12;100
20160128 123600;41.21;41.21;41.21;41.21;100
20160128 124100;41.2;41.2;41.2;41.2;288
20160128 124400;41.19;41.19;41.19;41.19;100
20160128 124600;41.18;41.19;41.18;41.19;300
20160128 124900;41.2;41.22;41.2;41.22;400
20160128 130100;41.16;41.16;41.16;41.16;100
20160128 131300;41.16;41.16;41.16;41.16;100
20160128 131700;41.18;41.18;41.18;41.18;100
20160128 132000;41.16;41.16;41.08;41.08;200
20160128 132500;41.12;41.12;41.12;41.12;100
20160128 132600;41.111;41.111;41.111;41.111;1000
20160128 132800;41.0935;41.12;41.0935;41.12;500
20160128 134600;41.15;41.15;41.15;41.15;153
20160128 140100;41.09;41.09;41.09;41.09;100
20160128 140700;41.22;41.22;41.22;41.22;100
20160128 141300;41.2699;41.2699;41.2699;41.2699;597
20160128 141600;41.22;41.22;41.22;41.22;100
20160128 141800;41.27;41.27;41.27;41.27;100
20160128 142400;41.27;41.27;41.27;41.27;200
20160128 142900;41.27;41.27;41.27;41.27;100
20160128 143000;41.27;41.27;41.27;41.27;200
20160128 144000;41.37;41.3722;41.37;41.3722;1000
20160128 144400;41.38;41.38;41.38;41.38;100
20160128 144500;41.37;41.38;41.37;41.38;400
20160128 144700;41.37;41.37;41.37;41.37;100
20160128 144800;41.38;41.38;41.38;41.38;100
20160128 145100;41.38;41.38;41.38;41.38;100
20160128 145300;41.37;41.37;41.37;41.37;1000
20160128 145700;41.32;41.32;41.32;41.32;100
20160128 145800;41.32;41.32;41.32;41.32;100
20160128 150000;41.32;41.32;41.32;41.32;100
20160128 151100;41.31;41.32;41.31;41.32;400
20160128 151200;41.32;41.33;41.32;41.33;200
20160128 151300;41.35;41.35;41.35;41.35;100
20160128 151600;41.35;41.35;41.35;41.35;100
20160128 151800;41.35;41.35;41.35;41.35;100
20160128 152100;41.35;41.35;41.35;41.35;400
20160128 152200;41.35;41.35;41.34;41.34;200
20160128 153700;41.31;41.31;41.31;41.31;200
20160128 153800;41.31;41.31;41.31;41.31;200
20160128 154000;41.3014;41.3014;41.3014;41.3014;468
20160128 154100;41.31;41.31;41.31;41.31;100
20160128 154400;41.3;41.3;41.3;41.3;130
20160128 154500;41.3;41.3;41.29;41.29;300
20160128 155100;41.29;41.29;41.29;41.29;100
20160128 155500;41.32;41.32;41.32;41.32;200
20160128 155600;41.33;41.33;41.33;41.33;100
20160128 155900;41.33;41.33;41.33;41.33;100
20160128 160000;41.33;41.33;41.33;41.33;500
20160129 095700;40.26;40.26;39.94;39.94;2100
20160129 095800;40.62;40.62;40.62;40.62;100
20160129 100400;40.13;40.19;40.13;40.19;300
20160129 100600;40.2;40.2;40.2;40.2;400
20160129 100800;40.04;40.04;40.04;40.04;200
20160129 100900;40.035;40.035;39.87;39.87;900
20160129 101000;39.82;40.22;39.78;40.22;2602
20160129 101200;40.27;40.27;40.27;40.27;100
20160129 101600;40.52;40.52;40.52;40.52;100
20160129 101700;40.52;40.62;40.2;40.2;1565
20160129 102200;39.87;39.87;39.58;39.58;1300
20160129 102300;39.58;39.92;39.58;39.91;1846
20160129 102600;40.185;40.185;40.01;40.01;600
20160129 104100;39.7001;39.7001;39.7;39.7;204
20160129 104200;40.38;40.38;40.08;40.08;1600
20160129 104400;40.1;40.1;39.83;39.83;600
20160129 110100;40;40;39.77;39.77;1700
20160129 110300;39.77;39.77;39.71;39.71;500
20160129 110400;39.74;39.74;39.74;39.74;100
20160129 110600;39.76;39.79;39.76;39.79;300
20160129 110700;39.78;39.78;39.78;39.78;300
20160129 110800;39.8;39.83;39.8;39.83;2556
20160129 111900;39.95;39.96;39.81;39.81;742
20160129 113000;39.81;39.81;39.81;39.81;200
20160129 113100;39.82;39.82;39.68;39.68;800
20160129 113800;39.9;39.9;39.9;39.9;100
20160129 114000;39.922;39.922;39.922;39.922;400
20160129 114300;39.8426;39.8426;39.8426;39.8426;135
20160129 114600;40.1553;40.1553;40.1553;40.1553;300
20160129 120100;40.36;40.36;40.36;40.36;200
20160129 120300;40.01;40.01;39.99;39.99;1300
20160129 120400;39.66;39.66;39.66;39.66;100
20160129 120500;39.67;39.67;39.67;39.67;100
20160129 120600;39.67;39.68;39.67;39.68;400
20160129 121200;39.78;39.8;39.64;39.64;600
20160129 121300;39.78;39.78;39.72;39.78;1150
20160129 121600;39.76;39.76;39.76;39.76;100
20160129 121700;39.5;39.5;39.5;39.5;1930
20160129 124100;39.77;39.77;39.77;39.77;160
20160129 124400;39.7799;39.7799;39.7799;39.7799;200
20160129 124600;39.77;39.78;39.77;39.78;240
20160129 124700;39.7657;39.7657;39.7657;39.7657;200
20160129 124800;39.7657;39.7657;39.7657;39.7657;200
20160129 125000;39.8385;39.839;39.8385;39.839;200
20160129 125100;39.85;39.85;39.76;39.76;200
20160129 130700;39.85;39.85;39.85;39.85;100
20160129 130800;39.85;39.85;39.85;39.85;100
20160129 131400;39.86;39.89;39.86;39.89;400
20160129 131700;39.91;39.91;39.89;39.89;200
20160129 131800;39.88;39.88;39.88;39.88;300
20160129 132100;39.94;40.16;39.93;40.16;600
20160129 132200;40.32;40.32;40.32;40.32;100
20160129 132500;40.4;40.4;40.32;40.39;808
20160129 132900;40.276;40.276;40.276;40.276;138
20160129 133000;40.38;40.39;40.2;40.2;800
20160129 134100;40.2;40.2;40.2;40.2;100
20160129 134400;40.2;40.2;40.2;40.2;300
20160129 140200;40.166;40.166;40.166;40.166;110
20160129 140400;40.02;40.02;40.02;40.02;200
20160129 142600;40.2;40.2;40.2;40.2;100
20160129 142800;40.2;40.2;40.2;40.2;100
20160129 143100;40.2;40.2;40.2;40.2;1100
20160129 143400;40.17;40.2;40.17;40.2;591
20160129 143600;40.2;40.2;40.2;40.2;100
20160129 143800;40.2;40.2;40.12;40.12;200
20160129 143900;40.2;40.2;40.2;40.2;100
20160129 144400;40.2;40.2;40.2;40.2;100
20160129 144500;40.19;40.19;40.19;40.19;200
20160129 145300;40.1035;40.1035;40.1035;40.1035;2490
20160129 145500;40.01;40.01;39.91;39.91;1100
20160129 145800;39.9188;39.9188;39.9188;39.9188;201
20160129 145900;39.968;40;39.968;39.99;2100
20160129 150200;39.883;39.883;39.883;39.883;375
20160129 151300;40;40;40;40;200
20160129 152900;40;40.03;39.96;39.96;600
20160129 153500;39.92;39.92;39.92;39.92;100
20160129 154000;40.0599;40.0599;40.0599;40.0599;200
20160129 154400;39.97;39.97;39.97;39.97;100
20160129 154500;39.94;39.97;39.94;39.97;400
20160129 154700;39.97;39.97;39.97;39.97;300
20160129 154800;39.97;39.97;39.94;39.97;500
20160129 155000;39.97;39.97;39.97;39.97;200
20160129 155100;39.97;39.97;39.97;39.97;400
20160129 155200;40.12;40.12;40.12;40.12;100
20160129 155400;40.1;40.1;40.1;40.1;100
20160129 155700;40.14;40.14;40.14;40.14;100
20160129 160000;40;40;40;40;500
20160201 093700;40.0611;40.3099;40.0611;40.3099;200
20160201 094100;40.18;40.18;40.16;40.16;200
20160201 100300;40.16;40.16;40.09;40.09;300
20160201 100400;40.1;40.1;40.1;40.1;300
20160201 100700;40.1;40.15;40.1;40.15;300
20160201 101200;40.09;40.09;40.09;40.09;100
20160201 101300;40.15;40.15;40.15;40.15;200
20160201 103100;40.21;40.21;40.21;40.21;100
20160201 103800;40.26;40.34;40.2485;40.2485;2100
20160201 103900;40.2;40.2;40.2;40.2;100
20160201 105800;40.33;40.35;40.33;40.35;300
20160201 111600;40.2874;40.2874;40.2874;40.2874;154
20160201 113500;40.3285;40.3285;40.32;40.32;204
20160201 113800;40.4;40.4;40.4;40.4;100
20160201 122500;40.28;40.28;40.28;40.28;100
20160201 123000;40.26;40.26;40.26;40.26;100
20160201 123200;40.29;40.31;40.29;40.31;200
20160201 123700;40.28;40.28;40.28;40.28;100
20160201 123900;40.2799;40.28;40.2799;40.28;204
20160201 124000;40.27;40.27;40.27;40.27;100
20160201 124100;40.27;40.27;40.27;40.27;100
20160201 125200;40.33;40.33;40.33;40.33;100
20160201 125400;40.31;40.33;40.31;40.31;635
20160201 125500;40.28;40.28;40.28;40.28;100
20160201 130600;40.34;40.34;40.34;40.34;100
20160201 133600;40.35;40.35;40.35;40.35;100
20160201 134300;40.28;40.28;40.28;40.28;100
20160201 134700;40.36;40.36;40.27;40.36;1377
20160201 134900;40.36;40.36;40.36;40.36;100
20160201 135200;40.3865;40.3865;40.3865;40.3865;188
20160201 135700;40.38;40.38;40.38;40.38;100
20160201 140900;40.41;40.41;40.41;40.41;100
20160201 141200;40.44;40.44;40.44;40.44;100
20160201 141500;40.42;40.42;40.42;40.42;200
20160201 141600;40.42;40.42;40.42;40.42;100
20160201 143900;40.464;40.5;40.464;40.5;1167
20160201 144000;40.5;40.5;40.5;40.5;100
20160201 144300;40.51;40.51;40.49;40.5;1484
20160201 144500;40.55;40.55;40.55;40.55;100
20160201 145000;40.54;40.54;40.53;40.53;200
20160201 145200;40.525;40.54;40.52;40.53;1900
20160201 145300;40.52;40.52;40.52;40.52;100
20160201 145400;40.52;40.53;40.52;40.52;500
20160201 145500;40.53;40.53;40.53;40.53;300
20160201 145600;40.52;40.52;40.52;40.52;100
20160201 145700;40.52;40.52;40.51;40.51;200
20160201 145800;40.51;40.51;40.51;40.51;200
20160201 150200;40.4501;40.4501;40.4501;40.4501;386
20160201 150400;40.55;40.55;40.55;40.55;100
20160201 150500;40.525;40.525;40.525;40.525;200
20160201 150600;40.53;40.53;40.53;40.53;100
20160201 150700;40.53;40.53;40.53;40.53;100
20160201 150800;40.53;40.56;40.52;40.56;2900
20160201 151300;40.55;40.55;40.46;40.46;200
20160201 151400;40.47;40.47;40.47;40.47;100
20160201 151500;40.47;40.54;40.47;40.54;600
20160201 151600;40.56;40.56;40.56;40.56;600
20160201 152800;40.68;40.68;40.68;40.68;400
20160201 152900;40.7;40.71;40.7;40.71;1000
20160201 153100;40.74;40.78;40.74;40.78;2000
20160201 153300;41.02;41.02;41.02;41.02;100
20160201 153600;40.76;40.76;40.76;40.76;100
20160201 153800;40.995;40.995;40.88;40.88;400
20160201 154300;40.98;40.99;40.87;40.88;1000
20160201 154500;40.7982;40.83;40.7982;40.83;904
20160201 154800;40.77;40.77;40.77;40.77;200
20160201 154900;40.77;40.77;40.77;40.77;100
20160201 155400;40.74;40.74;40.71;40.71;200
20160201 155500;40.7;40.7;40.7;40.7;146
20160201 155600;40.63;40.63;40.57;40.59;1554
20160201 155700;40.6;40.64;40.59;40.64;2899
20160201 155800;40.65;40.755;40.55;40.56;3000
20160201 155900;40.63;40.65;40.63;40.65;300
20160201 160000;40.68;40.68;40.68;40.68;300
20160201 160300;40.625;40.625;40.625;40.625;1000
20160202 093100;40.95;40.95;40.95;40.95;100
20160202 093400;40.92;40.92;40.91;40.91;2600
20160202 093700;40.78;40.97;40.74;40.8;6262
20160202 093800;40.8;40.8;40.78;40.78;2300
20160202 093900;40.78;40.78;40.77;40.77;400
20160202 094000;40.83;40.84;40.83;40.84;300
20160202 094200;40.88;40.88;40.88;40.88;100
20160202 094300;40.88;40.88;40.88;40.88;100
20160202 095500;40.8589;40.8589;40.8589;40.8589;171
20160202 095600;40.85;40.85;40.85;40.85;100
20160202 100000;40.86;40.86;40.86;40.86;100
20160202 100200;40.79;40.7901;40.68;40.68;900
20160202 100400;40.84;40.84;40.84;40.84;200
20160202 100700;40.86;40.88;40.86;40.88;200
20160202 103000;40.87;40.87;40.87;40.87;300
20160202 105900;40.7;40.7;40.7;40.7;120
20160202 110100;40.76;40.76;40.6101;40.6101;1911
20160202 110300;40.63;40.719;40.57;40.57;1121
20160202 110400;40.71;40.71;40.69;40.71;600
20160202 110500;40.59;40.59;40.59;40.59;100
20160202 110600;40.642;40.71;40.58;40.58;1753
20160202 110900;40.73;40.75;40.73;40.75;446
20160202 111100;40.6;40.77;40.6;40.7059;870
20160202 111200;40.69;40.69;40.69;40.69;200
20160202 111300;40.61;40.61;40.61;40.61;100
20160202 111500;40.63;40.674;40.62;40.62;1200
20160202 111600;40.6908;40.6908;40.6908;40.6908;467
20160202 111700;40.66;40.66;40.66;40.66;100
20160202 111900;40.66;40.66;40.66;40.66;200
20160202 112000;40.62;40.62;40.62;40.62;200
20160202 112500;40.61;40.61;40.61;40.61;200
20160202 113400;40.63;40.79;40.63;40.72;1700
20160202 114100;40.7101;40.7101;40.7101;40.7101;569
20160202 114200;40.73;40.73;40.73;40.73;200
20160202 115200;40.6826;40.6826;40.6826;40.6826;234
20160202 115400;40.65;40.65;40.65;40.65;100
20160202 121400;40.5638;40.5638;40.5638;40.5638;450
20160202 121700;40.56;40.56;40.56;40.56;300
20160202 121800;40.51;40.51;40.51;40.51;100
20160202 123400;40.58;40.58;40.58;40.58;100
20160202 125500;40.7;40.7;40.7;40.7;200
20160202 131300;40.6423;40.6423;40.6423;40.6423;200
20160202 132600;40.69;40.69;40.69;40.69;200
20160202 132700;40.68;40.68;40.68;40.68;100
20160202 134200;40.6995;40.6995;40.63;40.63;593
20160202 134400;40.63;40.6489;40.63;40.6489;250
20160202 135700;40.62;40.62;40.62;40.62;100
20160202 140400;40.58;40.58;40.58;40.58;200
20160202 140600;40.58;40.5828;40.52;40.5828;1100
20160202 141000;40.55;40.55;40.55;40.55;100
20160202 141500;40.54;40.54;40.54;40.54;100
20160202 143900;40.5899;40.5899;40.58;40.58;1145
20160202 144100;40.61;40.64;40.585;40.585;1140
20160202 144300;40.64;40.64;40.64;40.64;100
20160202 144400;40.64;40.66;40.64;40.66;1600
20160202 144700;40.66;40.68;40.66;40.68;1926
20160202 145100;40.7;40.7;40.7;40.7;300
20160202 150000;40.65;40.65;40.65;40.65;400
20160202 151000;40.58;40.58;40.58;40.58;100
20160202 151200;40.58;40.58;40.55;40.58;4300
20160202 151600;40.57;40.6;40.57;40.6;200
20160202 151900;40.62;40.63;40.62;40.63;1000
20160202 152200;40.67;40.68;40.67;40.68;4900
20160202 152400;40.66;40.66;40.65;40.65;422
20160202 153200;40.66;40.66;40.64;40.64;400
20160202 153700;40.62;40.62;40.62;40.62;200
20160202 154500;40.7;40.7;40.7;40.7;300
20160202 154600;40.68;40.68;40.68;40.68;200
20160202 154700;40.68;40.68;40.68;40.68;100
20160202 155000;40.608;40.608;40.608;40.608;146
20160202 160000;40.685;40.76;40.685;40.7;1531
20160203 094000;39.74;39.75;39.74;39.74;3349
20160203 094100;39.96;39.96;39.84;39.84;300
20160203 094400;39.77;39.77;39.74;39.74;400
20160203 094500;39.74;39.75;39.7;39.74;3000
20160203 094600;39.74;39.74;39.7217;39.74;1450
20160203 095400;39.74;39.74;39.72;39.72;5107
20160203 095500;39.71;39.71;39.665;39.665;700
20160203 100300;39.51;39.51;39.51;39.51;100
20160203 100500;39.47;39.47;39.47;39.47;100
20160203 101000;39.575;39.59;39.575;39.59;1600
20160203 101100;39.64;39.64;39.64;39.64;700
20160203 101300;39.72;39.72;39.72;39.72;600
20160203 101700;39.72;39.82;39.72;39.82;600
20160203 101800;39.72;39.72;39.72;39.72;400
20160203 102100;39.72;39.72;39.69;39.71;700
20160203 102200;39.71;39.71;39.71;39.71;600
20160203 104800;39.52;39.52;39.52;39.52;200
20160203 104900;39.52;39.52;39.52;39.52;500
20160203 105100;39.57;39.57;39.57;39.57;200
20160203 105500;39.49;39.49;39.49;39.49;200
20160203 105600;39.51;39.51;39.51;39.51;300
20160203 105700;39.51;39.51;39.51;39.51;200
20160203 110500;39.49;39.53;39.49;39.49;500
20160203 110900;39.48;39.48;39.48;39.48;200
20160203 111100;39.48;39.48;39.48;39.48;665
20160203 111900;39.52;39.56;39.52;39.56;700
20160203 112100;39.56;39.56;39.56;39.56;100
20160203 115900;39.68;39.68;39.68;39.68;200
20160203 120900;39.58;39.58;39.58;39.58;100
20160203 122000;39.57;39.57;39.57;39.57;100
20160203 123900;39.49;39.49;39.49;39.49;200
20160203 124400;39.3211;39.37;39.17;39.27;3000
20160203 124700;39.24;39.25;39.24;39.25;400
20160203 125000;39.23;39.23;39.23;39.23;100
20160203 125400;39.26;39.26;39.26;39.26;100
20160203 125700;39.33;39.33;39.33;39.33;100
20160203 125800;39.34;39.34;39.33;39.33;400
20160203 130100;39.34;39.34;39.34;39.34;100
20160203 133300;39.3325;39.3325;39.3325;39.3325;100
20160203 134700;39.25;39.25;39.25;39.25;100
20160203 135700;39.25;39.28;39.25;39.25;400
20160203 135800;39.25;39.25;39.25;39.25;100
20160203 140700;39.26;39.26;39.26;39.26;100
20160203 140800;39.26;39.26;39.26;39.26;200
20160203 143200;39.666;39.666;39.51;39.51;300
20160203 143400;39.51;39.51;39.45;39.5;3600
20160203 143600;39.5;39.51;39.37;39.41;4745
20160203 143700;39.5;39.5;39.5;39.5;300
20160203 143800;39.45;39.45;39.45;39.45;200
20160203 144800;39.45;39.45;39.45;39.45;100
20160203 145100;39.5;39.5;39.5;39.5;1300
20160203 145200;39.5;39.5;39.47;39.47;800
20160203 145700;39.5;39.5;39.48;39.48;1000
20160203 145800;39.47;39.47;39.47;39.47;100
20160203 145900;39.47;39.47;39.41;39.41;1999
20160203 150000;39.414;39.414;39.41;39.41;1000
20160203 150400;39.41;39.41;39.41;39.41;100
20160203 150900;39.41;39.46;39.41;39.46;800
20160203 151000;39.46;39.46;39.46;39.46;400
20160203 151600;39.53;39.53;39.53;39.53;100
20160203 152100;39.66;39.66;39.66;39.66;100
20160203 153400;39.46;39.46;39.46;39.46;100
20160203 153600;39.47;39.47;39.45;39.45;800
20160203 153700;39.45;39.45;39.45;39.45;100
20160203 154200;39.41;39.41;39.41;39.41;310
20160203 154300;39.57;39.57;39.57;39.57;100
20160203 154900;39.58;39.58;39.58;39.58;100
20160203 155200;39.63;39.63;39.63;39.63;100
20160203 155300;39.63;39.63;39.63;39.63;100
20160203 155700;39.66;39.66;39.66;39.66;177
20160203 160000;39.53;39.53;39.49;39.49;200
20160204 093200;40.12;40.12;40.12;40.12;100
20160204 094200;40.22;40.22;40.22;40.22;100
20160204 100000;40.07;40.07;40.07;40.07;200
20160204 100300;40.06;40.06;40.06;40.06;100
20160204 101400;40.17;40.17;40.17;40.17;100
20160204 101500;40.24;40.25;40.24;40.25;600
20160204 102700;40.47;40.47;40.44;40.44;300
20160204 103500;40.56;40.56;40.56;40.56;400
20160204 103800;40.56;40.56;40.56;40.56;100
20160204 105700;40.63;40.63;40.63;40.63;134
20160204 112900;40.31;40.38;40.31;40.37;1035
20160204 113100;40.26;40.26;40.22;40.22;457
20160204 113800;40.29;40.29;40.29;40.29;100
20160204 114900;40.09;40.09;40.09;40.09;300
20160204 122200;40.2829;40.2829;40.2829;40.2829;178
20160204 122500;40.35;40.35;40.31;40.31;200
20160204 124100;40.32;40.32;40.32;40.32;100
20160204 130900;40.35;40.35;40.35;40.35;100
20160204 131400;40.376;40.376;40.376;40.376;123
20160204 134800;40.26;40.26;40.2499;40.2499;1294
20160204 134900;40.2399;40.2399;40.2399;40.2399;200
20160204 135700;40.22;40.22;40.22;40.22;100
20160204 140500;40.18;40.18;40.18;40.18;100
20160204 141800;40.11;40.17;40.11;40.17;300
20160204 143600;40.15;40.15;40.15;40.15;100
20160204 145700;40.11;40.11;40.11;40.11;100
20160204 150100;40.18;40.2;40.18;40.2;300
20160204 151400;40.19;40.19;40.19;40.19;200
20160204 151800;40.22;40.22;40.22;40.22;450
20160204 152700;40.2008;40.2008;40.1854;40.1854;203
20160204 153400;40.24;40.24;40.24;40.24;200
20160204 153600;40.21;40.21;40.21;40.21;100
20160204 155900;40.28;40.28;40.28;40.28;100
20160204 160000;40.29;40.29;40.29;40.29;796
20160205 094200;39.75;39.92;39.7201;39.7201;800
20160205 094400;39.69;39.69;39.69;39.69;100
20160205 101400;39.7;39.76;39.7;39.76;200
20160205 101700;39.79;39.79;39.79;39.79;100
20160205 102500;39.72;39.72;39.72;39.72;100
20160205 111800;39.5;39.5;39.5;39.5;200
20160205 112400;39.41;39.41;39.38;39.38;400
20160205 112900;39.38;39.38;39.38;39.38;100
20160205 113700;39.34;39.35;39.34;39.35;600
20160205 113800;39.4;39.4;39.4;39.4;100
20160205 121200;39.41;39.41;39.41;39.41;100
20160205 124100;39.43;39.43;39.43;39.43;200
20160205 124700;39.44;39.44;39.44;39.44;100
20160205 125700;39.37;39.37;39.37;39.37;100
20160205 131600;39.3684;39.3684;39.3684;39.3684;115
20160205 133600;39.44;39.45;39.44;39.45;200
20160205 133800;39.43;39.43;39.43;39.43;100
20160205 134200;39.41;39.41;39.41;39.41;100
20160205 135500;39.34;39.34;39.34;39.34;100
20160205 144300;39.3277;39.3277;39.32;39.32;668
20160205 151200;39.265;39.27;39.24;39.249;1000
20160205 151400;39.25;39.26;39.21;39.26;1100
20160205 151800;39.246;39.246;39.246;39.246;350
20160205 153200;39.27;39.27;39.26;39.26;200
20160205 153700;39.25;39.25;39.25;39.25;100
20160205 155100;39.27;39.28;39.27;39.28;200
20160205 155500;39.28;39.28;39.26;39.26;900
20160205 155600;39.27;39.27;39.27;39.27;300
20160205 155800;39.28;39.29;39.28;39.29;200
20160205 155900;39.28;39.28;39.28;39.28;100
20160205 160000;39.3;39.33;39.3;39.32;500
