20160119 093400;7.078;7.078;7.078;7.078;2000
20160119 093700;7.08;7.08;7.08;7.08;100
20160119 094200;7.03;7.03;7.03;7.03;100
20160119 094700;7.0554;7.0554;7.0501;7.0501;1500
20160119 094800;7.08;7.08;7.08;7.08;100
20160119 095300;7.07;7.07;7.07;7.07;2300
20160119 095400;7.05;7.05;7;7;2200
20160119 095600;7;7;7;7;400
20160119 095700;6.9999;6.9999;6.982;6.982;2700
20160119 095800;7;7;7;7;100
20160119 100200;7;7;7;7;100
20160119 100400;7.02;7.02;7.02;7.02;100
20160119 100700;7.04;7.04;7.04;7.04;100
20160119 100800;7.02;7.05;7.02;7.03;1600
20160119 101100;7.05;7.05;7.05;7.05;100
20160119 101300;7.02;7.022;7;7;3000
20160119 101500;7.01;7.01;7;7;200
20160119 101600;7.005;7.01;7.005;7.0092;4846
20160119 101700;7.01;7.0101;7.01;7.01;7200
20160119 101900;7.03;7.03;7.03;7.03;100
20160119 102300;7.04;7.04;7.04;7.04;100
20160119 102500;7.04;7.04;7.02;7.03;5200
20160119 102700;7.02;7.02;7.02;7.02;300
20160119 103100;7.04;7.04;7.0375;7.0375;900
20160119 103500;7.03;7.03;7.03;7.03;200
20160119 103900;7.02;7.02;7.02;7.02;100
20160119 104000;7.02;7.02;7.02;7.02;1700
20160119 104300;7.03;7.03;7.03;7.03;100
20160119 104800;7.038;7.038;7.038;7.038;100
20160119 105800;7.03;7.03;7.02;7.02;1400
20160119 111200;7.02;7.02;7.02;7.02;100
20160119 112400;7.02;7.02;7.02;7.02;1500
20160119 112500;7.02;7.02;7.02;7.02;100
20160119 113200;7.02;7.02;7.02;7.02;400
20160119 113500;7.02;7.02;7.02;7.02;200
20160119 113600;7.029;7.029;7.029;7.029;1210
20160119 113700;7.02;7.02;7.02;7.02;200
20160119 113900;7.02;7.025;7.02;7.025;2600
20160119 114100;7.01;7.01;7.01;7.01;500
20160119 114700;7.028;7.03;7.028;7.03;1000
20160119 114900;7.01;7.01;7.01;7.01;800
20160119 115100;7.01;7.01;7.01;7.01;100
20160119 115300;7.028;7.028;7.028;7.028;1400
20160119 115500;7.03;7.03;7.03;7.03;100
20160119 115900;7.01;7.01;7.01;7.01;500
20160119 120600;7.01;7.01;7.01;7.01;200
20160119 121600;7.03;7.03;7.03;7.03;100
20160119 122300;7.01;7.01;7.01;7.01;200
20160119 122400;7.02;7.03;7.019;7.0289;4700
20160119 123200;7.01;7.01;7.01;7.01;1754
20160119 124000;7;7;7;7;100
20160119 124200;7.02;7.02;7.002;7.002;800
20160119 124300;7.002;7.002;6.99;6.99;5400
20160119 124400;6.991;6.991;6.99;6.99;2000
20160119 125000;7;7;7;7;100
20160119 125700;7.02;7.02;7.02;7.02;100
20160119 130500;7.02;7.02;7.02;7.02;100
20160119 131000;7;7.01;7;7.01;300
20160119 131200;7.03;7.03;7.03;7.03;100
20160119 131800;7;7;7;7;600
20160119 132500;7.02;7.02;7;7;600
20160119 134000;7;7;7;7;100
20160119 134200;6.99;6.99;6.99;6.99;100
20160119 140000;7;7;7;7;100
20160119 140300;7;7;7;7;100
20160119 140400;6.99;6.99;6.99;6.99;200
20160119 140500;7;7;7;7;2200
20160119 140900;6.99;6.99;6.99;6.99;200
20160119 141000;7;7;7;7;100
20160119 141500;7;7;7;7;100
20160119 141600;6.99;6.99;6.99;6.99;300
20160119 142400;6.98;6.98;6.96;6.96;1700
20160119 143900;6.96;6.96;6.96;6.96;100
20160119 144000;6.98;6.98;6.98;6.98;100
20160119 145000;6.99;6.99;6.99;6.99;100
20160119 145600;6.9717;6.9717;6.9717;6.9717;1890
20160119 150000;6.98;6.98;6.98;6.98;200
20160119 150400;6.98;6.98;6.98;6.98;100
20160119 151000;6.99;6.99;6.99;6.99;100
20160119 151500;6.99;6.99;6.99;6.99;100
20160119 151800;6.97;6.98;6.97;6.98;200
20160119 153200;6.99;6.99;6.99;6.99;100
20160119 153500;6.99;6.99;6.99;6.99;200
20160119 153600;6.99;6.99;6.99;6.99;300
20160119 154000;7;7;7;7;100
20160119 154100;6.99;6.99;6.99;6.99;200
20160119 154400;6.99;7;6.99;7;300
20160119 154500;6.99;6.99;6.99;6.99;200
20160119 155000;7;7;7;7;100
20160119 155100;7;7;7;7;100
20160119 155300;7;7;7;7;100
20160119 155500;7;7;7;7;300
20160119 155600;6.99;6.99;6.99;6.99;400
20160119 155700;7;7;7;7;200
20160119 155800;7;7;7;7;200
20160119 155900;6.99;6.99;6.99;6.99;700
20160119 160000;6.99;6.99;6.97;6.97;1843
20160120 041300;6.95;6.95;6.95;6.95;100
20160120 093100;6.96;6.99;6.96;6.99;600
20160120 093200;6.95;6.96;6.95;6.955;1400
20160120 093800;7.02;7.03;7;7.03;4385
20160120 093900;7.02;7.02;7;7;4600
20160120 094000;7;7;7;7;6600
20160120 094100;7;7;7;7;100
20160120 094200;7;7;7;7;400
20160120 094300;7;7;7;7;714
20160120 094400;7;7;6.99;6.99;2800
20160120 094500;6.975;6.99;6.95;6.99;10332
20160120 094600;6.98;6.98;6.98;6.98;100
20160120 094700;6.98;7.005;6.95;6.95;300
20160120 094800;6.95;6.95;6.95;6.95;200
20160120 094900;6.95;6.95;6.95;6.95;200
20160120 095000;6.95;6.95;6.95;6.95;200
20160120 095100;6.95;6.95;6.95;6.95;200
20160120 095200;6.95;6.95;6.95;6.95;200
20160120 095300;6.95;6.95;6.95;6.95;100
20160120 095400;6.9501;6.9501;6.95;6.95;2300
20160120 095500;6.95;6.95;6.95;6.95;200
20160120 095600;6.95;6.95;6.95;6.95;200
20160120 095700;6.95;6.95;6.95;6.95;200
20160120 095800;6.95;6.95;6.95;6.95;200
20160120 095900;6.95;6.95;6.95;6.95;200
20160120 100000;6.95;6.95;6.93;6.935;4042
20160120 100100;6.935;6.935;6.9221;6.9221;6400
20160120 100200;6.92;6.92;6.92;6.92;1200
20160120 100300;6.92;6.9201;6.92;6.92;2500
20160120 100400;6.92;6.92;6.92;6.92;100
20160120 100500;6.92;6.92;6.92;6.92;200
20160120 100600;6.92;6.92;6.92;6.92;400
20160120 100700;6.92;6.92;6.92;6.92;300
20160120 100800;6.92;6.92;6.92;6.92;100
20160120 100900;6.92;6.92;6.92;6.92;200
20160120 101000;6.92;6.92;6.92;6.92;300
20160120 101100;6.92;6.92;6.92;6.92;200
20160120 101200;6.92;6.92;6.88;6.88;1300
20160120 101300;6.886;6.886;6.886;6.886;200
20160120 101400;6.88;6.88;6.88;6.88;200
20160120 101500;6.88;6.88;6.88;6.88;200
20160120 101600;6.88;6.8845;6.88;6.8845;400
20160120 101700;6.8801;6.8821;6.8801;6.8821;320
20160120 101800;6.88;6.88;6.88;6.88;200
20160120 101900;6.88;6.88;6.88;6.88;200
20160120 102000;6.8821;6.8821;6.8821;6.8821;200
20160120 102100;6.8821;6.8845;6.8821;6.8845;200
20160120 102200;6.88;6.88;6.88;6.88;400
20160120 102300;6.88;6.88;6.88;6.88;200
20160120 102400;6.88;6.8845;6.88;6.8845;300
20160120 102500;6.8821;6.8821;6.8821;6.8821;200
20160120 102600;6.91;6.91;6.89;6.89;200
20160120 102700;6.88;6.88;6.88;6.88;300
20160120 102800;6.88;6.88;6.88;6.88;200
20160120 102900;6.88;6.88;6.88;6.88;200
20160120 103000;6.881;6.881;6.84;6.84;9390
20160120 103100;6.87;6.87;6.86;6.86;400
20160120 103400;6.86;6.86;6.86;6.86;100
20160120 103700;6.8301;6.8301;6.81;6.81;800
20160120 103900;6.81;6.81;6.81;6.81;100
20160120 104200;6.83;6.83;6.83;6.83;100
20160120 105000;6.81;6.81;6.81;6.81;100
20160120 105100;6.82;6.82;6.82;6.82;100
20160120 105200;6.83;6.83;6.83;6.83;100
20160120 105500;6.8101;6.8101;6.8101;6.8101;100
20160120 105900;6.81;6.81;6.81;6.81;100
20160120 110100;6.82;6.82;6.82;6.82;100
20160120 110200;6.81;6.81;6.81;6.81;100
20160120 110300;6.81;6.81;6.81;6.81;100
20160120 110400;6.81;6.81;6.81;6.81;100
20160120 111200;6.81;6.81;6.81;6.81;100
20160120 111300;6.82;6.87;6.82;6.87;2900
20160120 112100;6.87;6.87;6.87;6.87;1924
20160120 112500;6.87;6.87;6.86;6.86;800
20160120 112600;6.853;6.853;6.853;6.853;500
20160120 113200;6.861;6.861;6.861;6.861;884
20160120 113600;6.86;6.86;6.86;6.86;100
20160120 113700;6.87;6.87;6.87;6.87;200
20160120 114100;6.89;6.89;6.89;6.89;100
20160120 114700;6.8843;6.888;6.8843;6.888;1114
20160120 115000;6.89;6.89;6.89;6.89;100
20160120 115100;6.8814;6.89;6.8814;6.89;7800
20160120 120600;6.88;6.88;6.88;6.88;100
20160120 120700;6.88;6.88;6.86;6.86;500
20160120 120900;6.85;6.85;6.82;6.82;2687
20160120 121000;6.82;6.82;6.8;6.8;10000
20160120 121900;6.86;6.86;6.86;6.86;100
20160120 122800;6.85;6.85;6.85;6.85;100
20160120 123100;6.83;6.83;6.83;6.83;100
20160120 123800;6.8;6.8;6.8;6.8;200
20160120 124000;6.8;6.8;6.8;6.8;300
20160120 124100;6.81;6.81;6.81;6.81;200
20160120 124200;6.81;6.81;6.81;6.81;1000
20160120 124300;6.8;6.81;6.8;6.81;400
20160120 124400;6.8;6.8;6.8;6.8;100
20160120 124500;6.81;6.81;6.81;6.81;200
20160120 124600;6.8;6.8;6.8;6.8;100
20160120 124700;6.81;6.81;6.8;6.8;300
20160120 124900;6.8;6.8;6.8;6.8;100
20160120 125000;6.8;6.8;6.8;6.8;100
20160120 125200;6.8;6.8;6.8;6.8;100
20160120 125300;6.8;6.8;6.8;6.8;100
20160120 125500;6.8;6.8;6.8;6.8;100
20160120 125600;6.8;6.8;6.8;6.8;100
20160120 125800;6.8;6.8;6.8;6.8;100
20160120 125900;6.8;6.82;6.8;6.82;1600
20160120 130200;6.83;6.83;6.83;6.83;100
20160120 130300;6.83;6.83;6.83;6.83;100
20160120 130500;6.83;6.83;6.83;6.83;400
20160120 130800;6.83;6.83;6.83;6.83;100
20160120 131500;6.83;6.8525;6.83;6.8525;500
20160120 131600;6.83;6.83;6.83;6.83;100
20160120 131700;6.83;6.83;6.83;6.83;100
20160120 131800;6.82;6.82;6.82;6.82;100
20160120 131900;6.81;6.82;6.81;6.82;200
20160120 132100;6.81;6.81;6.81;6.81;100
20160120 132300;6.81;6.81;6.8;6.8;200
20160120 132400;6.82;6.82;6.81;6.81;300
20160120 132600;6.81;6.81;6.81;6.81;100
20160120 132700;6.8;6.8;6.8;6.8;100
20160120 132800;6.8;6.8;6.8;6.8;100
20160120 132900;6.8;6.8;6.8;6.8;100
20160120 133100;6.8;6.8;6.8;6.8;100
20160120 133200;6.8;6.8;6.8;6.8;200
20160120 133300;6.8;6.8;6.8;6.8;100
20160120 133500;6.8;6.8;6.8;6.8;100
20160120 133600;6.8;6.8;6.8;6.8;100
20160120 133700;6.8;6.8;6.8;6.8;100
20160120 133800;6.81;6.81;6.81;6.81;200
20160120 133900;6.8;6.8;6.8;6.8;300
20160120 134100;6.8;6.8;6.8;6.8;100
20160120 134200;6.8;6.8;6.8;6.8;100
20160120 134300;6.8;6.8;6.8;6.8;100
20160120 134400;6.8;6.8;6.8;6.8;100
20160120 134600;6.8;6.81;6.8;6.81;900
20160120 134700;6.81;6.81;6.81;6.81;300
20160120 134800;6.8;6.8;6.8;6.8;600
20160120 135100;6.8;6.8;6.8;6.8;100
20160120 135400;6.8099;6.8099;6.8;6.8;6000
20160120 135500;6.8;6.8;6.8;6.8;100
20160120 135600;6.8;6.8;6.8;6.8;1803
20160120 135700;6.8;6.8;6.8;6.8;100
20160120 135800;6.8;6.8;6.8;6.8;100
20160120 135900;6.8;6.8;6.8;6.8;100
20160120 140100;6.8;6.8;6.8;6.8;200
20160120 140200;6.8;6.8;6.8;6.8;700
20160120 140300;6.8;6.8;6.8;6.8;300
20160120 140400;6.8;6.8;6.8;6.8;600
20160120 140500;6.8;6.8;6.8;6.8;800
20160120 140600;6.8;6.8;6.76;6.76;3397
20160120 140700;6.75;6.76;6.75;6.755;1000
20160120 140800;6.76;6.76;6.76;6.76;1700
20160120 141200;6.76;6.76;6.76;6.76;800
20160120 141600;6.77;6.77;6.76;6.76;1500
20160120 141700;6.72;6.75;6.72;6.75;1300
20160120 142000;6.74;6.75;6.74;6.75;400
20160120 142100;6.75;6.75;6.75;6.75;200
20160120 142400;6.76;6.76;6.76;6.76;100
20160120 142600;6.78;6.78;6.78;6.78;200
20160120 142800;6.78;6.78;6.78;6.78;200
20160120 142900;6.76;6.76;6.76;6.76;100
20160120 143000;6.77;6.77;6.77;6.77;100
20160120 143100;6.77;6.77;6.77;6.77;100
20160120 143200;6.77;6.77;6.77;6.77;100
20160120 143300;6.77;6.77;6.76;6.76;800
20160120 143500;6.75;6.75;6.75;6.75;100
20160120 143600;6.75;6.75;6.75;6.75;500
20160120 143700;6.75;6.75;6.75;6.75;100
20160120 143900;6.745;6.745;6.745;6.745;100
20160120 144100;6.73;6.77;6.73;6.76;3500
20160120 144900;6.79;6.79;6.79;6.79;100
20160120 145000;6.79;6.79;6.79;6.79;100
20160120 145300;6.79;6.79;6.78;6.78;200
20160120 145500;6.78;6.78;6.78;6.78;100
20160120 145600;6.79;6.79;6.79;6.79;100
20160120 145900;6.78;6.78;6.78;6.78;100
20160120 150000;6.78;6.78;6.78;6.78;100
20160120 150100;6.78;6.78;6.78;6.78;100
20160120 150300;6.79;6.79;6.79;6.79;100
20160120 150600;6.78;6.78;6.78;6.78;100
20160120 150800;6.78;6.78;6.78;6.78;100
20160120 150900;6.78;6.78;6.78;6.78;100
20160120 151000;6.78;6.78;6.78;6.78;400
20160120 151100;6.73;6.73;6.73;6.73;100
20160120 151300;6.77;6.77;6.77;6.77;200
20160120 151400;6.74;6.78;6.74;6.78;200
20160120 151600;6.73;6.73;6.73;6.73;100
20160120 151700;6.76;6.78;6.76;6.76;1200
20160120 151800;6.76;6.77;6.76;6.77;928
20160120 151900;6.77;6.77;6.76;6.76;1200
20160120 152000;6.77;6.77;6.77;6.77;200
20160120 152100;6.77;6.77;6.77;6.77;200
20160120 152300;6.78;6.78;6.78;6.78;400
20160120 152700;6.79;6.79;6.79;6.79;400
20160120 152800;6.78;6.78;6.78;6.78;700
20160120 152900;6.79;6.79;6.79;6.79;200
20160120 153100;6.78;6.83;6.78;6.83;2000
20160120 153500;6.83;6.83;6.82;6.825;900
20160120 154000;6.81;6.81;6.81;6.81;100
20160120 154200;6.82;6.82;6.82;6.82;100
20160120 154300;6.81;6.81;6.8;6.8;200
20160120 154400;6.8;6.8;6.8;6.8;100
20160120 154500;6.8;6.8;6.78;6.78;900
20160120 154600;6.79;6.8;6.79;6.79;500
20160120 154700;6.78;6.78;6.77;6.775;300
20160120 154800;6.77;6.84;6.77;6.81;5000
20160120 155000;6.84;6.84;6.84;6.84;200
20160120 155100;6.835;6.835;6.81;6.81;700
20160120 155400;6.84;6.84;6.84;6.84;100
20160120 155600;6.82;6.825;6.81;6.81;1200
20160120 155700;6.81;6.81;6.81;6.81;1300
20160120 155800;6.81;6.81;6.78;6.78;3400
20160120 155900;6.8;6.82;6.79;6.82;600
20160120 160000;6.81;6.82;6.8;6.8;4304
20160121 093200;6.84;6.85;6.84;6.845;3000
20160121 093300;6.85;6.88;6.85;6.85;900
20160121 093400;6.85;6.85;6.85;6.85;500
20160121 094000;6.82;6.82;6.81;6.81;200
20160121 094400;6.7999;6.7999;6.7999;6.7999;100
20160121 094600;6.79;6.8;6.79;6.8;1115
20160121 094700;6.8;6.8;6.8;6.8;4700
20160121 094800;6.8;6.8;6.8;6.8;1200
20160121 095000;6.8;6.81;6.8;6.81;300
20160121 095200;6.81;6.81;6.8;6.8;200
20160121 095700;6.81;6.81;6.81;6.81;200
20160121 095900;6.8;6.81;6.8;6.81;300
20160121 100100;6.8;6.8;6.8;6.8;400
20160121 100300;6.78;6.78;6.78;6.78;100
20160121 100400;6.82;6.82;6.8;6.8;1100
20160121 100600;6.82;6.87;6.82;6.87;1200
20160121 101200;6.87;6.87;6.86;6.86;800
20160121 101400;6.82;6.82;6.81;6.82;400
20160121 101500;6.87;6.92;6.865;6.92;1100
20160121 101900;6.87;6.96;6.86;6.96;3200
20160121 102200;6.94;6.94;6.91;6.94;1100
20160121 103300;6.96;6.96;6.93;6.93;200
20160121 104100;6.956;6.956;6.87;6.88;1900
20160121 104400;6.94;6.94;6.94;6.94;100
20160121 105100;6.98;6.98;6.98;6.98;100
20160121 105400;7;7;6.95;6.95;200
20160121 110900;7.01;7.01;7;7;200
20160121 111500;6.97;6.97;6.97;6.97;200
20160121 111600;6.974;6.974;6.974;6.974;1200
20160121 112100;7;7;7;7;100
20160121 112200;6.97;6.97;6.97;6.97;100
20160121 112300;6.97;6.97;6.97;6.97;300
20160121 112500;6.96;6.96;6.96;6.96;100
20160121 113200;6.96;6.96;6.96;6.96;119
20160121 113300;6.99;7.01;6.97;7.01;900
20160121 113400;7.01;7.01;7.01;7.01;271
20160121 114400;7.01;7.01;7.01;7.01;100
20160121 115200;6.98;6.98;6.98;6.98;100
20160121 115700;7.02;7.02;7.02;7.02;100
20160121 115800;7.01;7.03;7.01;7.02;3840
20160121 120700;7.02;7.02;7.02;7.02;300
20160121 121000;7;7;7;7;100
20160121 121600;6.98;6.98;6.98;6.98;100
20160121 122100;6.98;6.98;6.98;6.98;100
20160121 123300;7.02;7.02;7.02;7.02;100
20160121 124100;7.03;7.03;7.0075;7.0075;200
20160121 125000;7.017;7.017;7.017;7.017;1000
20160121 125200;7.02;7.02;7.005;7.005;2460
20160121 125300;7.026;7.026;7.026;7.026;1000
20160121 125400;7.03;7.03;7.028;7.03;600
20160121 125500;7.05;7.05;7.05;7.05;100
20160121 125600;7.03;7.03;7.03;7.03;100
20160121 125900;7.05;7.05;7.05;7.05;100
20160121 130100;7.05;7.05;7.03;7.03;1200
20160121 130900;7.02;7.02;7.02;7.02;100
20160121 131000;7.02;7.02;7.02;7.02;119
20160121 131900;7;7;7;7;100
20160121 132000;7.03;7.03;7.03;7.03;100
20160121 132600;7.02;7.02;7;7;200
20160121 133000;7;7;7;7;500
20160121 133800;6.99;6.99;6.99;6.99;100
20160121 135200;7;7;7;7;100
20160121 135400;7;7;6.98;6.98;2300
20160121 140800;6.98;7.01;6.98;7.01;1500
20160121 141000;7.02;7.02;7.02;7.02;100
20160121 141200;7.02;7.02;7.02;7.02;100
20160121 141300;7.015;7.015;7.015;7.015;100
20160121 141700;7;7;7;7;300
20160121 143100;7;7;7;7;100
20160121 143300;7.01;7.01;7;7;200
20160121 143400;7.01;7.01;7.01;7.01;200
20160121 144000;7.01;7.01;7.01;7.01;100
20160121 144100;7;7;7;7;100
20160121 144200;7;7;7;7;100
20160121 144500;7.0075;7.0075;7.0075;7.0075;100
20160121 145100;7.0075;7.0075;7;7;200
20160121 145900;7;7;7;7;100
20160121 151400;7;7.005;7;7.005;200
20160121 151800;7.0099;7.0099;7.0099;7.0099;200
20160121 151900;7.009;7.01;7.009;7.01;400
20160121 152200;7.01;7.01;7.005;7.005;600
20160121 152300;7.01;7.03;7.01;7.03;600
20160121 152400;7;7;7;7;619
20160121 152500;7.02;7.02;7.02;7.02;100
20160121 152800;7.03;7.03;7.0289;7.0289;500
20160121 153000;7.03;7.03;7.03;7.03;100
20160121 153200;7;7;7;7;200
20160121 153300;7.03;7.05;7.015;7.0292;2219
20160121 153400;7.03;7.05;7.015;7.05;1700
20160121 153600;7.04;7.04;7.03;7.03;200
20160121 153800;7.01;7.01;7.01;7.01;1000
20160121 153900;7.03;7.03;7.03;7.03;100
20160121 154100;7.01;7.01;7.01;7.01;404
20160121 154200;6.99;6.99;6.99;6.99;100
20160121 154700;7.02;7.02;7.005;7.005;631
20160121 155000;6.99;7.02;6.99;7.02;300
20160121 155500;7.02;7.02;6.99;6.99;400
20160121 155600;7.02;7.02;7;7;1300
20160121 155800;7.02;7.02;7.02;7.02;200
20160121 155900;7.02;7.02;7;7;1223
20160121 160000;7;7.02;6.99;7.02;1392
20160122 094200;7.04;7.06;7.04;7.06;500
20160122 094400;7.06;7.06;7.06;7.06;145
20160122 095000;7.0605;7.0605;7.0605;7.0605;200
20160122 095200;7.08;7.08;7.07;7.07;1410
20160122 095400;7.096;7.1;7.096;7.1;1100
20160122 095700;7.105;7.105;7.105;7.105;200
20160122 100200;7.09;7.1;7.09;7.1;300
20160122 100400;7.1499;7.1499;7.11;7.11;2100
20160122 100700;7.104;7.104;7.104;7.104;700
20160122 101100;7.11;7.11;7.11;7.11;200
20160122 101200;7.11;7.11;7.11;7.11;100
20160122 101900;7.14;7.14;7.11;7.11;400
20160122 102500;7.1;7.1;7.1;7.1;500
20160122 102700;7.1;7.1;7.1;7.1;200
20160122 103600;7.09;7.09;7.06;7.06;700
20160122 104100;7.08;7.096;7.05;7.05;9080
20160122 104400;7.09;7.09;7.09;7.09;100
20160122 104800;7.06;7.06;7.06;7.06;100
20160122 104900;7.08;7.08;7.07;7.07;200
20160122 105000;7.05;7.05;7.05;7.05;200
20160122 105200;7.08;7.08;7.08;7.08;100
20160122 105500;7.08;7.08;7.08;7.08;100
20160122 105900;7.0699;7.0699;7.05;7.05;5500
20160122 110000;7.05;7.05;7.05;7.05;100
20160122 110100;7.055;7.09;7.055;7.0592;2400
20160122 110600;7.1;7.1;7.09;7.09;300
20160122 110900;7.08;7.08;7.08;7.08;100
20160122 111800;7.06;7.06;7.06;7.06;800
20160122 112000;7.08;7.08;7.08;7.08;200
20160122 112400;7.0705;7.0705;7.0705;7.0705;500
20160122 112800;7.07;7.07;7.07;7.07;200
20160122 113600;7.05;7.05;7.05;7.05;100
20160122 113900;7.05;7.05;7.05;7.05;100
20160122 114900;7.07;7.07;7.07;7.07;100
20160122 115400;7.05;7.05;7.05;7.05;200
20160122 120900;7.05;7.06;7.05;7.06;900
20160122 121800;7.05;7.05;7.05;7.05;100
20160122 122300;7.07;7.07;7.07;7.07;600
20160122 122600;7.07;7.07;7.07;7.07;200
20160122 122800;7.07;7.07;7.07;7.07;200
20160122 130000;7.07;7.08;7.07;7.07;400
20160122 131000;7.05;7.05;7.05;7.05;100
20160122 131500;7.0505;7.0505;7.0505;7.0505;1400
20160122 131800;7.05;7.05;7.05;7.05;500
20160122 132600;7.05;7.05;7.05;7.05;100
20160122 132700;7.06;7.06;7.06;7.06;400
20160122 132800;7.05;7.06;7.05;7.06;200
20160122 135000;7.07;7.07;7.07;7.07;100
20160122 135100;7.05;7.05;7.05;7.05;100
20160122 135900;7.05;7.05;7.05;7.05;300
20160122 141800;7.05;7.05;7.05;7.05;100
20160122 143000;7.07;7.07;7.05;7.06;13298
20160122 143100;7.05;7.05;7.05;7.05;100
20160122 143200;7.06;7.06;7.05;7.05;300
20160122 143700;7.08;7.08;7.08;7.08;100
20160122 143800;7.07;7.07;7.07;7.07;100
20160122 144000;7.07;7.07;7.07;7.07;100
20160122 144200;7.07;7.07;7.07;7.07;100
20160122 144400;7.07;7.07;7.07;7.07;100
20160122 145600;7.07;7.07;7.07;7.07;100
20160122 145700;7.07;7.07;7.07;7.07;500
20160122 151900;7.04;7.04;7.04;7.04;100
20160122 152400;7.05;7.06;7.05;7.06;500
20160122 152700;7.06;7.06;7.06;7.06;200
20160122 152900;7.06;7.06;7.06;7.06;300
20160122 153000;7.07;7.07;7.07;7.07;100
20160122 153300;7.05;7.05;7.05;7.05;200
20160122 153600;7.07;7.07;7.07;7.07;100
20160122 153700;7.06;7.07;7.06;7.07;200
20160122 153800;7.05;7.07;7.05;7.07;200
20160122 154300;7.06;7.08;7.06;7.08;400
20160122 154800;7.06;7.06;7.06;7.06;200
20160122 155400;7.06;7.06;7.06;7.06;293
20160122 155800;7.08;7.08;7.08;7.08;300
20160122 155900;7.06;7.06;7.05;7.05;6300
20160122 160000;7.05;7.08;7.05;7.08;2564
20160125 094000;7.12;7.12;7.12;7.12;100
20160125 094600;7.12;7.12;7.12;7.12;100
20160125 095000;7.08;7.08;7.08;7.08;1300
20160125 095300;7.03;7.03;7.03;7.03;100
20160125 095500;7.0201;7.0201;7.0201;7.0201;200
20160125 100000;7.02;7.02;7.02;7.02;1900
20160125 100600;7.02;7.02;7.02;7.02;150
20160125 100800;7.02;7.02;7.01;7.02;5149
20160125 101000;7.01;7.01;7.01;7.01;3580
20160125 101100;7.0086;7.0086;7.0086;7.0086;1500
20160125 101800;7;7.0011;7;7.0011;1800
20160125 102200;7.01;7.01;7;7;200
20160125 102400;7;7;7;7;100
20160125 102600;7;7.05;7;7.05;1370
20160125 103100;7.05;7.05;7.05;7.05;100
20160125 115000;6.98;6.98;6.98;6.98;100
20160125 122900;6.9905;6.9905;6.9905;6.9905;100
20160125 123100;7;7;7;7;100
20160125 125900;7;7;7;7;100
20160125 133200;7.02;7.02;7.02;7.02;400
20160125 133300;7.03;7.04;7.01;7.01;300
20160125 135500;7;7;7;7;100
20160125 142700;6.99;6.99;6.99;6.99;470
20160125 142800;6.99;6.995;6.99;6.99;500
20160125 143000;7;7;7;7;6000
20160125 144200;7.01;7.01;7.01;7.01;100
20160125 145300;7.01;7.01;7;7.01;500
20160125 150000;7.01;7.01;7.01;7.01;100
20160125 150100;7;7;7;7;100
20160125 151200;7.01;7.01;7.01;7.01;100
20160125 152000;7.01;7.01;7.01;7.01;100
20160125 152200;7.01;7.01;7;7;4100
20160125 152400;7.01;7.01;7.01;7.01;200
20160125 152500;7.02;7.02;7.02;7.02;100
20160125 152800;7.02;7.02;7.02;7.02;100
20160125 153000;7;7;7;7;400
20160125 153100;6.99;6.99;6.99;6.99;300
20160125 153600;6.99;6.99;6.98;6.98;200
20160125 154000;6.98;6.98;6.98;6.98;400
20160125 154200;6.98;6.98;6.98;6.98;300
20160125 154300;7;7;7;7;100
20160125 154500;6.99;7;6.99;7;400
20160125 155400;7;7;7;7;100
20160125 155900;7;7;6.9901;7;600
20160125 160000;6.98;7.01;6.98;7.01;704
20160126 094100;6.93;6.93;6.93;6.93;200
20160126 094200;6.97;6.97;6.97;6.97;400
20160126 094500;6.96;6.96;6.96;6.96;100
20160126 095100;6.86;6.86;6.86;6.86;100
20160126 095800;6.903;6.905;6.9;6.9;2000
20160126 100800;6.9101;6.9101;6.9101;6.9101;1000
20160126 100900;6.92;6.92;6.92;6.92;100
20160126 101700;6.92;6.92;6.92;6.92;1000
20160126 103200;6.95;6.95;6.95;6.95;100
20160126 104600;6.95;6.95;6.95;6.95;600
20160126 104700;6.95;6.95;6.95;6.95;100
20160126 105400;6.9317;6.9317;6.9201;6.9201;2000
20160126 110800;6.9205;6.9205;6.9205;6.9205;300
20160126 113400;6.95;6.95;6.95;6.95;500
20160126 115400;6.95;6.95;6.95;6.95;200
20160126 122300;6.96;6.96;6.95;6.96;2585
20160126 123200;6.94;6.94;6.93;6.93;400
20160126 123300;6.94;6.94;6.92;6.94;1200
20160126 124200;6.92;6.92;6.92;6.92;200
20160126 132200;6.95;6.95;6.95;6.95;100
20160126 133300;6.92;6.92;6.92;6.92;200
20160126 142800;6.94;6.94;6.92;6.93;3700
20160126 142900;6.93;6.94;6.92;6.94;3100
20160126 143000;6.95;6.97;6.95;6.96;700
20160126 143100;6.98;6.98;6.97;6.97;2200
20160126 143200;6.97;6.97;6.97;6.97;400
20160126 143300;6.965;6.9701;6.96;6.96;8600
20160126 143400;6.92;6.93;6.92;6.93;700
20160126 143500;6.93;6.93;6.92;6.93;500
20160126 143600;6.93;6.94;6.92;6.94;1800
20160126 143800;6.94;6.94;6.93;6.94;900
20160126 143900;6.94;6.94;6.93;6.94;500
20160126 144000;6.94;6.95;6.94;6.95;10000
20160126 144100;6.98;6.98;6.975;6.98;5000
20160126 144200;7;7;6.98;6.98;3200
20160126 144300;6.98;6.98;6.98;6.98;500
20160126 144400;6.97;6.97;6.93;6.94;1200
20160126 144500;6.95;6.95;6.95;6.95;2900
20160126 144600;6.99;6.99;6.99;6.99;1600
20160126 144800;7;7;7;7;1200
20160126 144900;7;7.03;7;7.03;3500
20160126 145000;7.04;7.04;7.01;7.01;9100
20160126 145100;7;7;7;7;100
20160126 145600;7.04;7.04;7.04;7.04;100
20160126 145700;7.05;7.05;7.05;7.05;100
20160126 145800;7.04;7.04;7.04;7.04;100
20160126 145900;7.04;7.04;7.04;7.04;100
20160126 150000;7.04;7.04;7.04;7.04;100
20160126 151100;7.02;7.02;7.02;7.02;100
20160126 152400;7.01;7.02;7.01;7.02;300
20160126 154100;6.9967;6.9967;6.9967;6.9967;7000
20160126 155000;7;7;7;7;100
20160126 155500;7;7;7;7;100
20160126 155700;7;7;7;7;100
20160126 160000;6.95;6.96;6.95;6.96;988
20160127 094200;7;7;6.999;6.999;500
20160127 094300;7;7;6.99;6.99;2800
20160127 094400;7;7;7;7;100
20160127 094600;7.04;7.04;7.04;7.04;100
20160127 095000;7.019;7.02;7.015;7.02;1590
20160127 095200;7.02;7.02;7.02;7.02;100
20160127 095300;7.02;7.02;7.015;7.015;509
20160127 095400;7.02;7.02;7.02;7.02;100
20160127 095800;7.02;7.02;7.01;7.01;1400
20160127 100100;7.02;7.02;7.01;7.02;1300
20160127 100300;7.04;7.04;7.03;7.03;300
20160127 100400;7.0399;7.04;7.0399;7.04;850
20160127 100500;7.04;7.04;7.04;7.04;100
20160127 100800;7.04;7.04;7.02;7.03;2300
20160127 101500;7.04;7.04;7.04;7.04;200
20160127 101700;7.03;7.03;7.03;7.03;100
20160127 102000;7.04;7.04;7.04;7.04;100
20160127 102200;7.03;7.03;7.03;7.03;200
20160127 102300;7.04;7.04;7.04;7.04;100
20160127 102400;7.04;7.05;7.04;7.04;9969
20160127 103000;7.045;7.045;7.045;7.045;300
20160127 103100;7.05;7.07;7.05;7.05;1000
20160127 103200;7.07;7.07;7.07;7.07;100
20160127 103300;7.07;7.07;7.07;7.07;146
20160127 103400;7.07;7.08;7.07;7.08;7100
20160127 103500;7.09;7.09;7.09;7.09;100
20160127 103600;7.0701;7.09;7.0701;7.09;600
20160127 103700;7.1;7.1;7.1;7.1;100
20160127 103800;7.09;7.09;7.09;7.09;300
20160127 104100;7.1;7.1;7.1;7.1;100
20160127 104200;7.1;7.1;7.08;7.1;1100
20160127 104300;7.1;7.1;7.1;7.1;100
20160127 104600;7.1;7.1;7.1;7.1;200
20160127 104800;7.1;7.1;7.1;7.1;369
20160127 105000;7.11;7.11;7.11;7.11;100
20160127 105100;7.09;7.11;7.09;7.11;600
20160127 105300;7.11;7.11;7.11;7.11;100
20160127 105600;7.11;7.11;7.11;7.11;100
20160127 105900;7.09;7.09;7.09;7.09;100
20160127 110100;7.1;7.1;7.1;7.1;500
20160127 110200;7.1;7.1;7.09;7.1;500
20160127 110300;7.099;7.11;7.099;7.11;1000
20160127 110700;7.1;7.105;7.1;7.1;600
20160127 110900;7.13;7.13;7.13;7.13;100
20160127 111100;7.15;7.15;7.15;7.15;100
20160127 111500;7.17;7.17;7.14;7.14;800
20160127 111600;7.1301;7.135;7.1301;7.135;400
20160127 111700;7.13;7.13;7.13;7.13;400
20160127 112600;7.12;7.12;7.12;7.12;100
20160127 112800;7.14;7.14;7.14;7.14;100
20160127 113100;7.1389;7.14;7.13;7.14;2000
20160127 113300;7.12;7.12;7.12;7.12;700
20160127 113400;7.1302;7.1302;7.1302;7.1302;1000
20160127 113800;7.121;7.18;7.121;7.18;9600
20160127 113900;7.175;7.175;7.175;7.175;100
20160127 114300;7.17;7.175;7.16;7.16;2400
20160127 114400;7.17;7.17;7.17;7.17;100
20160127 114500;7.19;7.19;7.19;7.19;100
20160127 114900;7.18;7.18;7.18;7.18;100
20160127 115100;7.16;7.16;7.15;7.15;600
20160127 115800;7.12;7.12;7.12;7.12;800
20160127 120700;7.11;7.11;7.11;7.11;600
20160127 120800;7.11;7.11;7.11;7.11;300
20160127 121400;7.1;7.1;7.1;7.1;200
20160127 121500;7.1;7.1;7.1;7.1;200
20160127 121600;7.1;7.1;7.1;7.1;300
20160127 121900;7.1005;7.1005;7.1005;7.1005;600
20160127 122300;7.1;7.1;7.1;7.1;200
20160127 122400;7.1;7.1;7.1;7.1;200
20160127 122600;7.1;7.1;7.1;7.1;300
20160127 123300;7.15;7.15;7.15;7.15;100
20160127 123500;7.135;7.135;7.135;7.135;300
20160127 123600;7.12;7.12;7.12;7.12;100
20160127 124000;7.15;7.15;7.15;7.15;100
20160127 125400;7.135;7.135;7.12;7.12;300
20160127 130100;7.14;7.14;7.14;7.14;100
20160127 130300;7.12;7.12;7.12;7.12;100
20160127 130600;7.13;7.14;7.12;7.12;1200
20160127 131500;7.13;7.13;7.12;7.12;500
20160127 131600;7.14;7.14;7.14;7.14;100
20160127 132300;7.12;7.12;7.12;7.12;100
20160127 133200;7.13;7.13;7.13;7.13;100
20160127 133800;7.13;7.14;7.13;7.14;500
20160127 134300;7.13;7.13;7.13;7.13;400
20160127 134500;7.12;7.12;7.11;7.11;900
20160127 134800;7.1;7.1;7.1;7.1;700
20160127 135600;7.1;7.13;7.1;7.1;5300
20160127 140500;7.11;7.11;7.1;7.1;1000
20160127 140900;7.11;7.11;7.1;7.1;900
20160127 141000;7.1;7.1;7.1;7.1;100
20160127 141500;7.1;7.12;7.1;7.11;2500
20160127 141600;7.11;7.11;7.11;7.11;1300
20160127 142000;7.105;7.105;7.105;7.105;300
20160127 142100;7.11;7.11;7.11;7.11;200
20160127 142200;7.12;7.12;7.12;7.12;100
20160127 142400;7.1;7.115;7.1;7.11;2000
20160127 142800;7.13;7.13;7.13;7.13;100
20160127 143300;7.11;7.11;7.11;7.11;500
20160127 144300;7.12;7.13;7.11;7.11;1800
20160127 144900;7.1;7.1;7.1;7.1;500
20160127 145300;7.12;7.12;7.1;7.11;4100
20160127 145500;7.11;7.11;7.11;7.11;100
20160127 150100;7.1;7.1;7.1;7.1;200
20160127 150400;7.11;7.11;7.11;7.11;100
20160127 151000;7.11;7.12;7.1;7.12;1100
20160127 151300;7.1;7.1;7.1;7.1;300
20160127 151700;7.1;7.1;7.1;7.1;300
20160127 152000;7.1;7.11;7.1;7.11;500
20160127 152500;7.1;7.1;7.1;7.1;200
20160127 152700;7.1;7.1;7.1;7.1;200
20160127 152800;7.1005;7.1005;7.1005;7.1005;500
20160127 152900;7.11;7.11;7.11;7.11;800
20160127 153000;7.12;7.12;7.12;7.12;100
20160127 153600;7.1;7.12;7.1;7.1;2013
20160127 153900;7.1;7.1;7.1;7.1;100
20160127 154400;7.1;7.11;7.1;7.11;1500
20160127 154500;7.11;7.11;7.11;7.11;700
20160127 154700;7.11;7.11;7.11;7.11;600
20160127 154800;7.11;7.11;7.1;7.1001;986
20160127 154900;7.1;7.1;7.1;7.1;100
20160127 155000;7.1;7.1;7.1;7.1;100
20160127 155200;7.1;7.1;7.05;7.05;8354
20160127 155300;7.05;7.05;7.05;7.05;100
20160127 155400;7.05;7.05;7.03;7.03;1000
20160127 155600;7.03;7.03;7.03;7.03;200
20160127 155700;7.0362;7.0362;7.0362;7.0362;800
20160127 155800;7.04;7.04;7.03;7.03;400
20160127 155900;7.03;7.04;7.03;7.04;2185
20160127 160000;7.05;7.05;7.03;7.03;2280
20160128 093700;7.02;7.02;7.02;7.02;1400
20160128 093800;7.02;7.02;7.02;7.02;2787
20160128 094000;7.1199;7.1199;7.1199;7.1199;1000
20160128 094100;7.09;7.09;7.09;7.09;600
20160128 094200;7.06;7.06;7.06;7.06;100
20160128 094300;7.07;7.07;7.07;7.07;1000
20160128 094900;7.08;7.08;7.08;7.08;100
20160128 095000;7.08;7.08;7.08;7.08;200
20160128 095200;7.08;7.08;7.06;7.08;306
20160128 095300;7.08;7.08;7.06;7.08;2120
20160128 095500;7.07;7.08;7.07;7.08;1000
20160128 095600;7.0701;7.08;7.07;7.08;2006
20160128 100000;7.07;7.07;7.05;7.05;2300
20160128 100100;7.048;7.0499;7.048;7.0499;847
20160128 101100;7.0399;7.0399;7.02;7.02;1100
20160128 101500;7.04;7.05;7.02;7.02;3800
20160128 101600;7.02;7.03;7;7;6999
20160128 101700;7.01;7.02;7.01;7.02;2000
20160128 102400;7.01;7.02;7.01;7.02;200
20160128 102700;7.01;7.02;7.01;7.02;300
20160128 102800;7.01;7.0111;7.01;7.01;1500
20160128 103100;7.01;7.01;7.01;7.01;300
20160128 103200;7.01;7.01;6.95;6.96;6991
20160128 103400;6.95;6.95;6.95;6.95;200
20160128 103600;6.95;6.99;6.95;6.99;500
20160128 103700;7;7;7;7;5200
20160128 104100;7;7;7;7;900
20160128 104200;7;7;7;7;1300
20160128 104300;7.01;7.01;7;7;1000
20160128 104600;7.017;7.017;7.017;7.017;900
20160128 105100;7;7.01;7;7;2700
20160128 110100;7;7;6.9905;6.9905;500
20160128 110200;7;7;7;7;100
20160128 110300;7;7;7;7;1700
20160128 110600;6.9989;7;6.9989;7;3200
20160128 110700;7.01;7.01;7.0089;7.0089;300
20160128 110800;7.0189;7.02;7.0189;7.02;300
20160128 111300;7.02;7.02;7.02;7.02;300
20160128 111700;7.02;7.02;7.02;7.02;200
20160128 111900;7.02;7.02;7.02;7.02;100
20160128 112200;7.02;7.02;7.02;7.02;200
20160128 112500;7.02;7.02;7.02;7.02;100
20160128 112600;7.02;7.02;7.005;7.005;800
20160128 113000;7.02;7.02;7.02;7.02;300
20160128 113500;6.99;7.02;6.99;7.02;900
20160128 113900;7.02;7.02;7.02;7.02;200
20160128 114400;7.02;7.02;7.02;7.02;200
20160128 114800;7.02;7.02;7.02;7.02;300
20160128 115300;7.02;7.02;7.02;7.02;200
20160128 115500;6.9987;7.0011;6.9987;7.0011;1000
20160128 115700;7;7.02;7;7.02;4100
20160128 115800;7.02;7.02;7.02;7.02;200
20160128 120300;7;7.01;7;7.01;700
20160128 120500;7.005;7.005;7.005;7.005;100
20160128 120600;7;7.01;7;7.01;3200
20160128 120800;7.02;7.02;7.02;7.02;300
20160128 121300;7.02;7.02;7.02;7.02;100
20160128 121800;7.02;7.02;7.02;7.02;300
20160128 122300;7.02;7.02;7.02;7.02;1600
20160128 122800;7.04;7.04;7.01;7.04;1000
20160128 122900;7.03;7.03;7.03;7.03;200
20160128 123000;7.03;7.03;7.03;7.03;200
20160128 123700;7.02;7.02;7.02;7.02;100
20160128 124300;7.04;7.04;7.04;7.04;200
20160128 124600;7.01;7.01;7.01;7.01;100
20160128 124900;7.02;7.03;7.01;7.01;900
20160128 125100;7.04;7.04;7.04;7.04;100
20160128 125300;7.04;7.04;7.04;7.04;100
20160128 125800;7.01;7.04;7.01;7.04;200
20160128 125900;7.01;7.01;7.01;7.01;300
20160128 130400;7.01;7.01;7.01;7.01;400
20160128 130700;7.02;7.02;7.01;7.01;1000
20160128 131400;7.01;7.01;7.01;7.01;100
20160128 131600;7.01;7.01;7.01;7.01;100
20160128 131800;7.01;7.01;7.01;7.01;100
20160128 132100;7.01;7.01;7.01;7.01;100
20160128 132400;7.01;7.01;7.01;7.01;100
20160128 132500;7.01;7.025;7.01;7.025;300
20160128 133000;7.01;7.01;7.01;7.01;200
20160128 133500;7.01;7.01;7.01;7.01;100
20160128 133800;7.04;7.04;7.01;7.01;200
20160128 133900;7.03;7.03;7.025;7.025;300
20160128 134500;7.01;7.01;7.01;7.01;100
20160128 134900;7.01;7.01;7.01;7.01;100
20160128 135100;7.01;7.01;7.01;7.01;100
20160128 135500;7.01;7.01;7.01;7.01;100
20160128 140000;7.01;7.01;7.01;7.01;100
20160128 140300;7.025;7.025;7.01;7.01;1200
20160128 141300;7.04;7.04;7.04;7.04;100
20160128 141800;7.04;7.04;7.01;7.01;600
20160128 141900;7.025;7.025;7.025;7.025;165
20160128 142300;7.04;7.04;7.04;7.04;100
20160128 142800;7.05;7.05;7.05;7.05;100
20160128 143200;7.02;7.02;7.02;7.02;100
20160128 143700;7.02;7.03;7.01;7.03;400
20160128 144700;7.02;7.02;7.02;7.02;100
20160128 144800;7.05;7.05;7.05;7.05;100
20160128 145300;7.05;7.05;7.02;7.02;300
20160128 145400;7.04;7.04;7.02;7.02;800
20160128 145800;7.04;7.04;7;7;4200
20160128 150200;7;7.02;7;7;32600
20160128 150300;7.01;7.01;7.01;7.01;335
20160128 150800;7.02;7.02;7.02;7.02;100
20160128 150900;7.03;7.03;7.03;7.03;200
20160128 151000;7.04;7.04;7.04;7.04;100
20160128 151100;7.04;7.04;7.02;7.02;300
20160128 151200;7.05;7.05;7.05;7.05;100
20160128 151300;7.05;7.05;7.05;7.05;100
20160128 151400;7.05;7.05;7.05;7.05;100
20160128 151500;7.05;7.05;7.05;7.05;100
20160128 151600;7.05;7.05;7.05;7.05;100
20160128 151800;7.05;7.05;7.05;7.05;100
20160128 152000;7.06;7.06;7.04;7.04;300
20160128 152200;7.08;7.08;7.08;7.08;100
20160128 152300;7.08;7.08;7.08;7.08;100
20160128 152400;7.08;7.08;7.08;7.08;100
20160128 152600;7.07;7.07;7.07;7.07;100
20160128 152800;7.07;7.07;7.07;7.07;300
20160128 152900;7.05;7.05;7.03;7.035;900
20160128 153000;7.04;7.04;7.04;7.04;100
20160128 154000;7.06;7.06;7.06;7.06;100
20160128 154300;7.07;7.07;7.04;7.04;300
20160128 154800;7.07;7.07;7.07;7.07;100
20160128 155300;7.07;7.07;7.055;7.055;1100
20160128 155400;7.04;7.055;7.04;7.055;300
20160128 155600;7.07;7.07;7.07;7.07;300
20160128 155700;7.07;7.07;7.07;7.07;200
20160128 155800;7.07;7.07;7.07;7.07;400
20160128 155900;7.05;7.07;7.01;7.01;4700
20160128 160000;7.04;7.07;7.01;7.06;3354
20160129 094500;7.07;7.07;7.07;7.07;100
20160129 094600;7.07;7.08;7.07;7.08;400
20160129 095200;7.08;7.08;7.08;7.08;400
20160129 095300;7.0789;7.15;7.0789;7.15;6857
20160129 095600;7.11;7.15;7.06;7.06;20538
20160129 100000;7.06;7.06;7.06;7.06;100
20160129 100300;7.0689;7.07;7.0689;7.07;11256
20160129 100500;7.148;7.148;7.1389;7.1389;900
20160129 102800;7.12;7.12;7.1;7.1;900
20160129 103100;7.1325;7.1325;7.1325;7.1325;900
20160129 103200;7.115;7.115;7.115;7.115;300
20160129 103300;7.11;7.11;7.11;7.11;119
20160129 104900;7.11;7.11;7.1;7.1;8500
20160129 112300;7.1;7.1;7.1;7.1;1000
20160129 112600;7.11;7.11;7.108;7.11;9400
20160129 112700;7.11;7.11;7.11;7.11;100
20160129 112800;7.12;7.12;7.12;7.12;3100
20160129 113100;7.13;7.13;7.13;7.13;100
20160129 113200;7.13;7.13;7.13;7.13;5400
20160129 113300;7.13;7.135;7.13;7.13;900
20160129 113500;7.14;7.14;7.14;7.14;1600
20160129 113600;7.139;7.14;7.139;7.14;3300
20160129 114200;7.145;7.145;7.14;7.14;500
20160129 115000;7.13;7.13;7.13;7.13;300
20160129 115200;7.13;7.14;7.13;7.14;2900
20160129 115300;7.14;7.14;7.14;7.14;136
20160129 130700;7.14;7.14;7.14;7.14;100
20160129 130900;7.145;7.145;7.145;7.145;400
20160129 133100;7.14;7.15;7.11;7.11;19659
20160129 133200;7.13;7.13;7.13;7.13;100
20160129 133300;7.11;7.11;7.09;7.11;400
20160129 134600;7.13;7.13;7.13;7.13;100
20160129 134900;7.13;7.14;7.13;7.14;1100
20160129 135400;7.14;7.14;7.14;7.14;100
20160129 135900;7.14;7.14;7.14;7.14;100
20160129 140400;7.13;7.13;7.13;7.13;200
20160129 141500;7.14;7.14;7.13;7.13;200
20160129 142400;7.13;7.13;7.13;7.13;100
20160129 142500;7.12;7.12;7.12;7.12;100
20160129 142900;7.12;7.12;7.12;7.12;300
20160129 143300;7.125;7.125;7.125;7.125;100
20160129 144600;7.12;7.12;7.12;7.12;500
20160129 145200;7.13;7.14;7.13;7.13;911
20160129 150400;7.13;7.14;7.13;7.14;300
20160129 150500;7.12;7.12;7.12;7.12;500
20160129 150800;7.12;7.12;7.12;7.12;500
20160129 150900;7.14;7.14;7.12;7.12;200
20160129 151100;7.13;7.13;7.13;7.13;200
20160129 151400;7.14;7.14;7.13;7.13;200
20160129 151700;7.14;7.14;7.14;7.14;100
20160129 151800;7.135;7.135;7.13;7.13;500
20160129 152000;7.14;7.14;7.14;7.14;100
20160129 152200;7.1325;7.1325;7.13;7.13;600
20160129 152400;7.14;7.14;7.13;7.13;200
20160129 152600;7.14;7.14;7.14;7.14;400
20160129 152800;7.14;7.14;7.13;7.13;1000
20160129 153100;7.14;7.14;7.14;7.14;100
20160129 153200;7.135;7.135;7.135;7.135;124
20160129 153300;7.14;7.14;7.14;7.14;100
20160129 153500;7.14;7.14;7.13;7.13;200
20160129 153800;7.14;7.14;7.14;7.14;100
20160129 154000;7.14;7.14;7.13;7.13;200
20160129 154300;7.14;7.14;7.14;7.14;100
20160129 154600;7.14;7.14;7.14;7.14;100
20160129 154800;7.14;7.14;7.14;7.14;100
20160129 154900;7.13;7.13;7.13;7.13;100
20160129 155000;7.135;7.14;7.13;7.13;2400
20160129 155100;7.14;7.14;7.14;7.14;180
20160129 155200;7.14;7.145;7.13;7.14;9500
20160129 155300;7.14;7.145;7.14;7.145;200
20160129 155400;7.15;7.15;7.13;7.13;3565
20160129 155600;7.12;7.12;7.12;7.12;100
20160129 155700;7.12;7.12;7.12;7.12;100
20160129 155900;7.1;7.12;7.1;7.12;1300
20160129 160000;7.12;7.12;7.1;7.12;4220
20160201 093400;7.13;7.15;7.1108;7.15;2300
20160201 093600;7.13;7.14;7.13;7.14;200
20160201 094500;7.145;7.15;7.145;7.145;10100
20160201 094700;7.145;7.145;7.1;7.1;1400
20160201 095300;7.145;7.145;7.14;7.1402;1400
20160201 095400;7.15;7.15;7.15;7.15;100
20160201 095500;7.15;7.15;7.15;7.15;100
20160201 100000;7.15;7.15;7.15;7.15;100
20160201 100100;7.14;7.15;7.14;7.15;600
20160201 100400;7.14;7.15;7.13;7.13;4600
20160201 100500;7.12;7.12;7.12;7.12;100
20160201 101400;7.13;7.13;7.13;7.13;200
20160201 101600;7.14;7.14;7.14;7.14;200
20160201 102400;7.15;7.15;7.15;7.15;100
20160201 103200;7.15;7.15;7.15;7.15;100
20160201 103300;7.14;7.15;7.14;7.15;38094
20160201 103400;7.15;7.15;7.15;7.15;100
20160201 103900;7.15;7.15;7.15;7.15;2200
20160201 104800;7.16;7.16;7.16;7.16;100
20160201 104900;7.15;7.15;7.15;7.15;100
20160201 105000;7.155;7.155;7.155;7.155;100
20160201 105700;7.16;7.17;7.15;7.17;12399
20160201 105800;7.15;7.16;7.15;7.15;500
20160201 111700;7.1544;7.1544;7.15;7.15;1100
20160201 112500;7.17;7.17;7.17;7.17;100
20160201 112600;7.15;7.15;7.15;7.15;200
20160201 113300;7.16;7.16;7.16;7.16;100
20160201 113400;7.15;7.15;7.15;7.15;100
20160201 113600;7.17;7.17;7.17;7.17;200
20160201 113900;7.17;7.17;7.17;7.17;100
20160201 114100;7.165;7.19;7.165;7.19;26478
20160201 114200;7.1692;7.19;7.1692;7.19;1500
20160201 114300;7.185;7.185;7.185;7.185;100
20160201 114600;7.19;7.21;7.19;7.21;2700
20160201 114800;7.25;7.25;7.24;7.24;200
20160201 114900;7.23;7.2301;7.23;7.23;1000
20160201 115000;7.23;7.23;7.23;7.23;100
20160201 115100;7.22;7.22;7.22;7.22;100
20160201 115400;7.22;7.22;7.21;7.2101;600
20160201 115800;7.21;7.21;7.2;7.2;300
20160201 115900;7.2;7.21;7.2;7.21;400
20160201 120000;7.2;7.2;7.2;7.2;100
20160201 120600;7.2;7.2;7.2;7.2;500
20160201 120700;7.2;7.2;7.2;7.2;100
20160201 120800;7.19;7.19;7.19;7.19;200
20160201 121700;7.21;7.21;7.21;7.21;100
20160201 121800;7.21;7.21;7.21;7.21;100
20160201 122100;7.21;7.21;7.2;7.2;1000
20160201 122600;7.2;7.2;7.2;7.2;500
20160201 122700;7.19;7.19;7.19;7.19;100
20160201 122900;7.16;7.16;7.16;7.16;100
20160201 123000;7.16;7.16;7.16;7.16;100
20160201 123500;7.17;7.17;7.17;7.17;100
20160201 123600;7.16;7.17;7.16;7.17;1800
20160201 123700;7.16;7.16;7.16;7.16;900
20160201 124500;7.16;7.16;7.16;7.16;2000
20160201 132100;7.18;7.18;7.18;7.18;100
20160201 133000;7.17;7.1814;7.17;7.18;2500
20160201 133100;7.18;7.18;7.18;7.18;100
20160201 133300;7.18;7.18;7.16;7.16;1127
20160201 134500;7.159;7.16;7.159;7.16;1073
20160201 134600;7.16;7.17;7.16;7.17;300
20160201 134700;7.18;7.185;7.17;7.17;1500
20160201 135200;7.16;7.16;7.16;7.16;1102
20160201 135700;7.16;7.16;7.16;7.16;200
20160201 141000;7.16;7.16;7.15;7.15;3800
20160201 141100;7.16;7.16;7.16;7.16;300
20160201 142600;7.17;7.17;7.17;7.17;400
20160201 142700;7.17;7.19;7.16;7.17;12400
20160201 142800;7.18;7.19;7.16;7.18;7300
20160201 142900;7.19;7.19;7.17;7.18;1700
20160201 143000;7.18;7.19;7.17;7.18;2400
20160201 143100;7.18;7.19;7.16;7.18;2800
20160201 143200;7.18;7.18;7.17;7.17;300
20160201 143300;7.18;7.18;7.18;7.18;4000
20160201 143400;7.18;7.18;7.18;7.18;1000
20160201 143500;7.18;7.18;7.18;7.18;1800
20160201 143600;7.18;7.18;7.18;7.18;1500
20160201 143700;7.17;7.18;7.17;7.18;1800
20160201 143800;7.18;7.18;7.17;7.17;5800
20160201 144000;7.17;7.17;7.17;7.17;1900
20160201 144100;7.16;7.18;7.16;7.16;5700
20160201 144200;7.17;7.18;7.16;7.18;11200
20160201 144300;7.18;7.18;7.18;7.18;3100
20160201 144400;7.18;7.19;7.18;7.19;5800
20160201 144500;7.18;7.19;7.16;7.19;5100
20160201 144600;7.19;7.2;7.18;7.19;2100
20160201 144700;7.19;7.19;7.18;7.18;2900
20160201 144800;7.18;7.18;7.18;7.18;8500
20160201 145000;7.17;7.17;7.16;7.1689;4200
20160201 150300;7.17;7.17;7.17;7.17;200
20160201 150500;7.18;7.18;7.18;7.18;100
20160201 152500;7.2;7.2;7.18;7.18;7000
20160201 153100;7.17;7.17;7.161;7.161;1600
20160201 153200;7.17;7.17;7.17;7.17;200
20160201 154500;7.175;7.175;7.175;7.175;100
20160201 155000;7.18;7.18;7.17;7.17;1100
20160201 155500;7.18;7.18;7.18;7.18;100
20160201 155600;7.18;7.19;7.17;7.18;6400
20160201 155700;7.17;7.17;7.17;7.17;4251
20160201 155900;7.17;7.17;7.17;7.17;1800
20160201 160000;7.17;7.19;7.16;7.19;5238
20160202 093100;7.15;7.15;7.15;7.15;400
20160202 093900;7.16;7.202;7.16;7.202;5200
20160202 095000;7.15;7.15;7.14;7.14;200
20160202 100300;7.19;7.19;7.19;7.19;109
20160202 100700;7.15;7.15;7.145;7.15;6100
20160202 100800;7.13;7.13;7.13;7.13;200
20160202 103000;7.13;7.13;7.13;7.13;100
20160202 103100;7.18;7.18;7.18;7.18;500
20160202 104300;7.16;7.16;7.16;7.16;100
20160202 105500;7.15;7.15;7.14;7.15;800
20160202 105900;7.14;7.15;7.12;7.136;4100
20160202 110000;7.19;7.19;7.13;7.13;3100
20160202 110100;7.142;7.144;7.1411;7.1411;1900
20160202 111600;7.15;7.18;7.15;7.18;2100
20160202 112300;7.18;7.18;7.18;7.18;100
20160202 112400;7.18;7.18;7.18;7.18;400
20160202 113900;7.18;7.18;7.16;7.16;3181
20160202 114400;7.1989;7.2;7.182;7.182;3500
20160202 114800;7.18;7.19;7.18;7.19;1400
20160202 115000;7.2;7.2;7.2;7.2;100
20160202 115100;7.2;7.2;7.2;7.2;100
20160202 115200;7.2;7.2;7.2;7.2;100
20160202 115300;7.2;7.2;7.2;7.2;100
20160202 115500;7.2;7.2;7.2;7.2;100
20160202 115600;7.2;7.2;7.19;7.19;200
20160202 115700;7.19;7.19;7.19;7.19;100
20160202 120400;7.19;7.19;7.19;7.19;100
20160202 120900;7.18;7.18;7.18;7.18;639
20160202 121300;7.18;7.18;7.18;7.18;500
20160202 121400;7.18;7.18;7.18;7.18;200
20160202 121800;7.18;7.1801;7.18;7.18;1400
20160202 121900;7.18;7.18;7.18;7.18;800
20160202 122000;7.18;7.18;7.18;7.18;804
20160202 123100;7.15;7.15;7.15;7.15;100
20160202 124800;7.15;7.15;7.15;7.15;100
20160202 130100;7.16;7.16;7.15;7.15;200
20160202 130600;7.15;7.15;7.15;7.15;100
20160202 132300;7.15;7.15;7.15;7.15;100
20160202 133400;7.16;7.16;7.15;7.15;200
20160202 134700;7.15;7.15;7.15;7.15;1840
20160202 135200;7.15;7.15;7.15;7.15;2971
20160202 135500;7.15;7.15;7.14;7.14;1200
20160202 141000;7.14;7.14;7.14;7.14;100
20160202 141500;7.1444;7.1444;7.1401;7.1401;1600
20160202 142100;7.15;7.15;7.15;7.15;2600
20160202 142400;7.15;7.15;7.15;7.15;100
20160202 143000;7.15;7.15;7.15;7.15;800
20160202 143300;7.15;7.15;7.15;7.15;100
20160202 143400;7.15;7.15;7.15;7.15;100
20160202 143600;7.151;7.151;7.151;7.151;300
20160202 143800;7.15;7.15;7.15;7.15;100
20160202 143900;7.15;7.15;7.15;7.15;300
20160202 144000;7.15;7.15;7.15;7.15;300
20160202 144700;7.15;7.15;7.15;7.15;100
20160202 145100;7.15;7.15;7.15;7.15;100
20160202 145800;7.15;7.155;7.15;7.155;3700
20160202 150300;7.15;7.15;7.15;7.15;100
20160202 150400;7.16;7.16;7.155;7.155;400
20160202 150800;7.15;7.15;7.15;7.15;500
20160202 152400;7.14;7.14;7.14;7.14;100
20160202 153200;7.14;7.14;7.14;7.14;100
20160202 153400;7.14;7.14;7.14;7.14;100
20160202 153700;7.15;7.16;7.14;7.16;2600
20160202 153800;7.155;7.155;7.155;7.155;100
20160202 154200;7.15;7.15;7.15;7.15;100
20160202 154300;7.16;7.16;7.16;7.16;200
20160202 154500;7.15;7.15;7.15;7.15;200
20160202 154600;7.16;7.16;7.16;7.16;100
20160202 154700;7.15;7.15;7.15;7.15;300
20160202 154800;7.15;7.15;7.15;7.15;100
20160202 154900;7.15;7.155;7.15;7.155;500
20160202 155100;7.15;7.16;7.15;7.16;400
20160202 155300;7.16;7.16;7.15;7.15;2600
20160202 155500;7.155;7.155;7.15;7.15;300
20160202 155600;7.155;7.155;7.15;7.15;300
20160202 155700;7.155;7.16;7.155;7.16;200
20160202 155800;7.155;7.16;7.15;7.16;500
20160202 155900;7.16;7.16;7.15;7.15;400
20160202 160000;7.16;7.18;7.15;7.18;8719
20160203 093100;7.15;7.15;7.14;7.14;300
20160203 093600;7.2;7.2;7.2;7.2;2965
20160203 093700;7.19;7.2;7.19;7.1999;3000
20160203 093800;7.2;7.2001;7.2;7.2;4000
20160203 094000;7.2;7.2;7.1999;7.2;3400
20160203 095000;7.2;7.22;7.19;7.2;6700
20160203 095100;7.19;7.19;7.19;7.19;200
20160203 095500;7.19;7.2;7.19;7.2;2300
20160203 095600;7.2;7.22;7.195;7.21;4091
20160203 100400;7.21;7.21;7.21;7.21;200
20160203 100900;7.2;7.22;7.2;7.21;5100
20160203 101300;7.19;7.19;7.19;7.19;1100
20160203 102400;7.18;7.18;7.15;7.165;3100
20160203 102500;7.1511;7.1511;7.1511;7.1511;200
20160203 103400;7.17;7.17;7.17;7.17;200
20160203 103500;7.1701;7.185;7.1701;7.185;1400
20160203 103700;7.17;7.17;7.16;7.16;800
20160203 103800;7.15;7.15;7.15;7.15;500
20160203 103900;7.145;7.16;7.13;7.16;14600
20160203 104300;7.13;7.145;7.13;7.1308;1300
20160203 104400;7.13;7.16;7.13;7.16;6200
20160203 104500;7.145;7.155;7.13;7.145;7000
20160203 104600;7.1308;7.155;7.1308;7.15;1800
20160203 104800;7.14;7.14;7.14;7.14;100
20160203 111700;7.15;7.16;7.15;7.16;700
20160203 111800;7.15;7.15;7.15;7.15;200
20160203 111900;7.15;7.16;7.15;7.16;400
20160203 112000;7.155;7.17;7.155;7.17;5500
20160203 112700;7.17;7.17;7.17;7.17;200
20160203 113300;7.17;7.17;7.17;7.17;100
20160203 113700;7.17;7.17;7.17;7.17;200
20160203 114500;7.17;7.17;7.17;7.17;200
20160203 115400;7.17;7.19;7.15;7.16;11894
20160203 115700;7.17;7.17;7.16;7.16;500
20160203 120500;7.17;7.17;7.17;7.17;100
20160203 121700;7.18;7.19;7.18;7.19;2400
20160203 121800;7.19;7.2;7.19;7.19;900
20160203 122400;7.2;7.2;7.195;7.2;3200
20160203 122600;7.2;7.2;7.19;7.2;1100
20160203 122800;7.18;7.18;7.18;7.18;300
20160203 123000;7.18;7.19;7.18;7.18;300
20160203 123100;7.19;7.2;7.189;7.2;21400
20160203 123200;7.2;7.2;7.2;7.2;100
20160203 123500;7.2;7.2;7.2;7.2;100
20160203 123600;7.19;7.19;7.19;7.19;2800
20160203 123700;7.2;7.2;7.18;7.2;16100
20160203 124000;7.19;7.19;7.19;7.19;600
20160203 124600;7.19;7.19;7.19;7.19;100
20160203 124800;7.19;7.19;7.19;7.19;402
20160203 125100;7.195;7.21;7.195;7.1992;2900
20160203 125300;7.2;7.21;7.2;7.2;1873
20160203 125900;7.2;7.2;7.2;7.2;100
20160203 130300;7.19;7.19;7.19;7.19;1300
20160203 130900;7.19;7.19;7.19;7.19;200
20160203 131100;7.191;7.191;7.191;7.191;500
20160203 131200;7.19;7.19;7.19;7.19;300
20160203 131600;7.2;7.2;7.2;7.2;100
20160203 131700;7.2;7.2;7.2;7.2;800
20160203 131800;7.21;7.21;7.21;7.21;200
20160203 132100;7.21;7.21;7.2;7.2;700
20160203 132800;7.21;7.21;7.21;7.21;100
20160203 133100;7.2;7.21;7.2;7.2;300
20160203 133300;7.205;7.205;7.205;7.205;100
20160203 133500;7.21;7.21;7.205;7.205;200
20160203 133800;7.21;7.21;7.21;7.21;200
20160203 134000;7.2;7.2;7.2;7.2;200
20160203 134300;7.21;7.21;7.21;7.21;200
20160203 134500;7.21;7.21;7.205;7.205;300
20160203 134700;7.21;7.21;7.205;7.205;400
20160203 135000;7.21;7.21;7.2;7.2;600
20160203 135200;7.205;7.205;7.205;7.205;100
20160203 135400;7.21;7.21;7.205;7.205;200
20160203 135700;7.21;7.21;7.2;7.2;400
20160203 135800;7.205;7.21;7.2008;7.2008;1516
20160203 135900;7.2;7.2;7.2;7.2;500
20160203 140500;7.2;7.2;7.2;7.2;695
20160203 141200;7.205;7.205;7.205;7.205;100
20160203 141300;7.2;7.2;7.2;7.2;100
20160203 141400;7.21;7.21;7.205;7.205;200
20160203 141600;7.205;7.205;7.205;7.205;200
20160203 141900;7.21;7.21;7.205;7.205;300
20160203 142000;7.2;7.2;7.2;7.2;200
20160203 142200;7.201;7.201;7.201;7.201;700
20160203 142300;7.21;7.21;7.205;7.205;2300
20160203 142500;7.21;7.21;7.205;7.205;200
20160203 142700;7.21;7.21;7.205;7.205;2800
20160203 142800;7.2;7.21;7.2;7.21;2100
20160203 143500;7.2;7.205;7.2;7.205;300
20160203 143700;7.2;7.2;7.2;7.2;300
20160203 144000;7.205;7.205;7.205;7.205;100
20160203 144200;7.21;7.21;7.205;7.205;200
20160203 144400;7.21;7.21;7.205;7.205;200
20160203 144600;7.21;7.21;7.2;7.2;500
20160203 144800;7.21;7.21;7.205;7.205;300
20160203 145000;7.21;7.21;7.205;7.205;200
20160203 145100;7.21;7.21;7.205;7.205;700
20160203 145200;7.21;7.21;7.205;7.205;300
20160203 145300;7.2;7.2;7.2;7.2;100
20160203 145400;7.21;7.21;7.2;7.2;1000
20160203 145500;7.2;7.2;7.2;7.2;100
20160203 145600;7.205;7.205;7.205;7.205;100
20160203 145800;7.21;7.21;7.2;7.2;300
20160203 150000;7.21;7.21;7.205;7.205;200
20160203 150200;7.205;7.205;7.205;7.205;100
20160203 150400;7.21;7.21;7.2;7.2;503
20160203 150700;7.21;7.21;7.21;7.21;100
20160203 150800;7.2;7.2;7.2;7.2;100
20160203 150900;7.21;7.21;7.205;7.205;200
20160203 151100;7.21;7.21;7.2;7.205;3300
20160203 151500;7.21;7.21;7.21;7.21;200
20160203 151600;7.21;7.21;7.2;7.2;7703
20160203 151800;7.2;7.2;7.2;7.2;300
20160203 152100;7.21;7.21;7.21;7.21;100
20160203 152300;7.2;7.21;7.2;7.2;500
20160203 152500;7.21;7.215;7.205;7.215;5310
20160203 152600;7.215;7.22;7.215;7.22;300
20160203 152700;7.22;7.22;7.22;7.22;300
20160203 152900;7.22;7.22;7.215;7.215;300
20160203 153000;7.22;7.22;7.215;7.215;200
20160203 153200;7.215;7.22;7.21;7.21;700
20160203 153300;7.22;7.22;7.21;7.21;700
20160203 153400;7.2148;7.22;7.2148;7.215;2400
20160203 153500;7.22;7.22;7.21;7.21;200
20160203 153600;7.215;7.22;7.215;7.22;200
20160203 153700;7.22;7.22;7.22;7.22;300
20160203 153800;7.22;7.22;7.22;7.22;200
20160203 153900;7.215;7.22;7.21;7.21;1200
20160203 154100;7.22;7.22;7.22;7.22;100
20160203 154200;7.22;7.22;7.22;7.22;300
20160203 154300;7.21;7.215;7.21;7.215;200
20160203 154400;7.22;7.22;7.215;7.215;200
20160203 154500;7.22;7.22;7.22;7.22;300
20160203 154600;7.215;7.22;7.215;7.22;400
20160203 154700;7.215;7.215;7.215;7.215;200
20160203 154800;7.22;7.22;7.215;7.215;700
20160203 154900;7.21;7.22;7.21;7.215;1253
20160203 155100;7.22;7.22;7.215;7.215;200
20160203 155200;7.22;7.22;7.215;7.22;400
20160203 155300;7.215;7.22;7.215;7.215;300
20160203 155400;7.22;7.22;7.215;7.215;500
20160203 155500;7.22;7.22;7.215;7.22;500
20160203 155600;7.215;7.22;7.215;7.215;2100
20160203 155700;7.22;7.23;7.215;7.22;15900
20160203 155800;7.22;7.23;7.21;7.225;1700
20160203 155900;7.225;7.25;7.225;7.25;2350
20160203 160000;7.24;7.24;7.22;7.24;7030
20160204 094400;7.18;7.18;7.18;7.18;900
20160204 101800;7.17;7.17;7.17;7.17;200
20160204 102000;7.16;7.1611;7.16;7.1611;200
20160204 103000;7.22;7.22;7.22;7.22;391
20160204 103100;7.24;7.24;7.24;7.24;1213
20160204 103200;7.24;7.24;7.24;7.24;600
20160204 103300;7.24;7.24;7.24;7.24;500
20160204 103400;7.24;7.24;7.24;7.24;200
20160204 104100;7.245;7.245;7.24;7.2408;500
20160204 104800;7.24;7.24;7.24;7.24;100
20160204 105300;7.24;7.27;7.24;7.27;4300
20160204 105600;7.28;7.3;7.28;7.3;12600
20160204 105800;7.29;7.29;7.29;7.29;100
20160204 110000;7.2989;7.32;7.2989;7.31;12800
20160204 110200;7.31;7.31;7.31;7.31;100
20160204 110400;7.31;7.31;7.31;7.31;1200
20160204 111400;7.31;7.31;7.31;7.31;100
20160204 113600;7.31;7.31;7.3;7.3;2100
20160204 113800;7.31;7.31;7.31;7.31;100
20160204 114300;7.31;7.31;7.31;7.31;500
20160204 114600;7.31;7.31;7.31;7.31;200
20160204 115300;7.31;7.3101;7.31;7.3101;600
20160204 121600;7.31;7.31;7.31;7.31;100
20160204 122400;7.3;7.31;7.3;7.31;5600
20160204 124200;7.3;7.3;7.3;7.3;13800
20160204 124400;7.3;7.3;7.3;7.3;1000
20160204 125100;7.3;7.301;7.3;7.3;8100
20160204 125200;7.3;7.3;7.3;7.3;100
20160204 125300;7.3;7.3;7.3;7.3;4112
20160204 131700;7.3;7.3;7.3;7.3;100
20160204 133100;7.31;7.31;7.31;7.31;700
20160204 133300;7.33;7.34;7.33;7.34;200
20160204 133800;7.32;7.33;7.32;7.33;400
20160204 133900;7.34;7.34;7.339;7.339;700
20160204 140200;7.34;7.34;7.34;7.34;129
20160204 140300;7.34;7.34;7.34;7.34;100
20160204 142200;7.34;7.34;7.34;7.34;4171
20160204 143300;7.32;7.32;7.32;7.32;145
20160204 150500;7.31;7.32;7.31;7.32;200
20160204 153200;7.31;7.31;7.31;7.31;100
20160204 154000;7.32;7.32;7.32;7.32;700
20160204 154100;7.31;7.31;7.31;7.31;100
20160204 154500;7.32;7.32;7.3199;7.32;1632
20160204 155200;7.32;7.32;7.32;7.32;692
20160204 155900;7.34;7.34;7.32;7.32;300
20160204 160000;7.31;7.31;7.31;7.31;1273
20160205 091500;7.36;7.37;7.36;7.37;2000
20160205 094500;7.245;7.245;7.245;7.245;200
20160205 095200;7.24;7.36;7.24;7.29;6800
20160205 095300;7.29;7.29;7.26;7.26;400
20160205 095600;7.25;7.25;7.25;7.25;100
20160205 100100;7.27;7.27;7.27;7.27;100
20160205 100400;7.26;7.26;7.26;7.26;100
20160205 101300;7.23;7.232;7.22;7.232;11850
20160205 101400;7.214;7.23;7.2;7.2;4600
20160205 101500;7.19;7.19;7.19;7.19;100
20160205 101700;7.19;7.19;7.19;7.19;1400
20160205 101900;7.19;7.2;7.19;7.2;5100
20160205 102000;7.21;7.21;7.2;7.2;2200
20160205 102100;7.2;7.2;7.2;7.2;5000
20160205 102200;7.2;7.2;7.2;7.2;6000
20160205 102400;7.2;7.2;7.2;7.2;700
20160205 103100;7.22;7.22;7.22;7.22;800
20160205 103300;7.22;7.22;7.22;7.22;100
20160205 103700;7.22;7.22;7.22;7.22;100
20160205 104000;7.2;7.2;7.2;7.2;900
20160205 104300;7.2;7.2;7.2;7.2;100
20160205 104400;7.22;7.22;7.22;7.22;200
20160205 104600;7.21;7.21;7.21;7.21;100
20160205 105000;7.22;7.22;7.22;7.22;100
20160205 105300;7.2;7.2;7.2;7.2;6100
20160205 110000;7.22;7.22;7.22;7.22;100
20160205 110200;7.22;7.22;7.22;7.22;100
20160205 110300;7.23;7.23;7.23;7.23;100
20160205 111200;7.22;7.2201;7.22;7.2201;1500
20160205 111400;7.21;7.21;7.21;7.21;100
20160205 111700;7.201;7.205;7.2;7.2008;1600
20160205 111900;7.2;7.2;7.2;7.2;4100
20160205 112000;7.2;7.2;7.1989;7.2;4600
20160205 112100;7.21;7.21;7.21;7.21;200
20160205 112200;7.2;7.2;7.2;7.2;200
20160205 112800;7.21;7.21;7.21;7.21;2211
20160205 113300;7.22;7.22;7.22;7.22;100
20160205 113800;7.22;7.22;7.22;7.22;200
20160205 115000;7.221;7.221;7.221;7.221;100
20160205 115200;7.23;7.23;7.23;7.23;100
20160205 115700;7.23;7.23;7.23;7.23;100
20160205 120200;7.23;7.23;7.23;7.23;100
20160205 120700;7.23;7.23;7.23;7.23;100
20160205 121200;7.23;7.23;7.23;7.23;100
20160205 121500;7.2201;7.23;7.2201;7.23;1800
20160205 121700;7.23;7.23;7.23;7.23;100
20160205 122200;7.23;7.23;7.23;7.23;100
20160205 122800;7.23;7.23;7.23;7.23;100
20160205 123800;7.2361;7.2361;7.2361;7.2361;100
20160205 124300;7.24;7.24;7.24;7.24;200
20160205 125400;7.231;7.231;7.231;7.231;250
20160205 125500;7.24;7.24;7.24;7.24;200
20160205 125800;7.23;7.23;7.23;7.23;200
20160205 130300;7.24;7.24;7.24;7.24;100
20160205 130700;7.24;7.24;7.24;7.24;200
20160205 131800;7.24;7.24;7.24;7.24;200
20160205 132900;7.24;7.24;7.24;7.24;200
20160205 133200;7.24;7.24;7.24;7.24;171
20160205 134000;7.24;7.24;7.24;7.24;200
20160205 134600;7.235;7.235;7.235;7.235;100
20160205 134800;7.23;7.235;7.23;7.2308;900
20160205 135000;7.24;7.24;7.24;7.24;200
20160205 135300;7.239;7.24;7.2389;7.24;2957
20160205 135700;7.28;7.28;7.28;7.28;600
20160205 140500;7.27;7.27;7.27;7.27;100
20160205 140600;7.28;7.28;7.28;7.28;200
20160205 140800;7.28;7.29;7.28;7.28;500
20160205 141800;7.28;7.28;7.28;7.28;100
20160205 141900;7.27;7.27;7.27;7.27;100
20160205 142000;7.28;7.28;7.28;7.28;100
20160205 142600;7.27;7.28;7.27;7.28;200
20160205 144300;7.28;7.28;7.28;7.28;100
20160205 144500;7.28;7.28;7.28;7.28;100
20160205 145000;7.28;7.28;7.28;7.28;100
20160205 145400;7.28;7.28;7.28;7.28;100
20160205 150800;7.29;7.29;7.2781;7.2781;1100
20160205 151400;7.29;7.29;7.29;7.29;200
20160205 152100;7.29;7.29;7.29;7.29;100
20160205 152300;7.28;7.28;7.28;7.28;200
20160205 152700;7.29;7.29;7.29;7.29;100
20160205 152900;7.29;7.29;7.29;7.29;100
20160205 153100;7.28;7.28;7.28;7.28;1000
20160205 153400;7.28;7.28;7.27;7.27;200
20160205 153600;7.28;7.28;7.27;7.27;200
20160205 153900;7.29;7.29;7.29;7.29;132
20160205 154000;7.28;7.28;7.28;7.28;100
20160205 154300;7.27;7.27;7.27;7.27;300
20160205 154600;7.27;7.27;7.25;7.26;4100
20160205 154700;7.25;7.25;7.25;7.25;200
20160205 155100;7.26;7.26;7.26;7.26;100
20160205 155200;7.25;7.25;7.25;7.25;300
20160205 155300;7.26;7.26;7.25;7.25;200
20160205 155400;7.25;7.26;7.25;7.26;200
20160205 155500;7.25;7.25;7.25;7.25;500
20160205 155700;7.26;7.26;7.26;7.26;100
20160205 155800;7.25;7.26;7.24;7.25;3143
20160205 155900;7.24;7.25;7.24;7.25;591
20160205 160000;7.25;7.25;7.24;7.25;1611
