20160119 090700;471.28;471.28;471.28;471.28;5
20160119 092300;471.28;471.28;471.28;471.28;500
20160119 093800;471.9901;471.9901;471.9901;471.9901;100
20160119 100500;473.33;473.33;473.33;473.33;300
20160119 100900;473.33;474.54;473.33;474.39;625
20160119 101000;473.33;473.33;473.33;473.33;125
20160119 101300;471.98;473.46;471.98;473.46;400
20160119 101400;473.94;474.11;473.94;474.11;200
20160119 102300;472.56;472.56;472.56;472.56;100
20160119 104000;474.07;474.07;474.07;474.07;121
20160119 104200;473.4;473.4;473.4;473.4;100
20160119 104300;473.35;473.35;473.35;473.35;100
20160119 104800;472.02;472.058;472.02;472.058;200
20160119 105000;473.02;473.06;472.8;473.06;400
20160119 105100;472.78;472.78;472.78;472.78;100
20160119 105300;471.3;471.51;470.99;470.99;1300
20160119 105400;470.97;470.97;470.856;470.856;200
20160119 105700;470.11;470.11;470.11;470.11;100
20160119 110000;470.07;470.07;470;470;230
20160119 110100;470;470.38;469.95;469.95;1270
20160119 111400;468.975;469.56;468.975;469.56;400
20160119 111500;469.8683;469.8683;469.8683;469.8683;150
20160119 111900;468.92;468.92;468.81;468.81;500
20160119 112000;468.5;468.5;468.5;468.5;100
20160119 112200;468.39;468.39;468.39;468.39;100
20160119 112300;468.31;468.31;468.31;468.31;100
20160119 113000;469.442;469.442;469.442;469.442;100
20160119 113200;469.48;469.48;469.48;469.48;300
20160119 113900;469.7;469.7;469.01;469.01;500
20160119 114200;468.51;468.51;468.48;468.48;300
20160119 114300;468.96;468.96;467.86;468.82;1100
20160119 114700;469.32;469.32;468.92;468.92;400
20160119 115000;468.27;468.3775;467.15;467.15;300
20160119 115100;467.465;467.6313;467.465;467.51;500
20160119 115200;467.51;467.89;467.37;467.89;300
20160119 120000;467.84;467.84;467.84;467.84;100
20160119 120300;467.75;467.75;467.7;467.7;300
20160119 120400;467.4;467.9;467.4;467.9;200
20160119 120900;467.19;467.19;465.71;465.71;500
20160119 121600;465.78;465.78;465.78;465.78;300
20160119 121700;465.88;465.88;465.88;465.88;100
20160119 121800;465.7801;465.7801;465.7801;465.7801;100
20160119 122300;465.23;465.23;465.23;465.23;100
20160119 122800;465.58;465.58;465.58;465.58;100
20160119 123200;465;465;465;465;100
20160119 123500;465.96;466.01;465.96;466.01;343
20160119 123800;466.56;468.1;466.56;468.1;500
20160119 124200;467.08;467.08;467.03;467.08;400
20160119 124300;466.005;466.005;466.005;466.005;100
20160119 124600;465.98;465.98;465.98;465.98;100
20160119 125600;465.505;465.505;465.505;465.505;100
20160119 130000;465.66;465.66;465.66;465.66;100
20160119 130300;466.49;466.7;466.49;466.7;300
20160119 130400;467.77;467.77;467.6085;467.77;400
20160119 131100;466.74;466.74;466.74;466.74;100
20160119 131200;466.73;466.73;466.73;466.73;100
20160119 132500;466.97;466.97;466.97;466.97;100
20160119 134800;466.97;466.99;466.97;466.99;200
20160119 134900;466.8;466.8;466.8;466.8;100
20160119 135000;467;467;466.34;466.34;400
20160119 135100;467.53;467.53;467.4065;467.4065;396
20160119 135400;466.59;467.07;466.53;466.97;600
20160119 140100;466.64;466.64;466.64;466.64;100
20160119 141500;463.62;463.62;463.62;463.62;100
20160119 142000;464.06;464.06;463.62;463.62;400
20160119 142100;463.51;463.51;460.9;460.9;200
20160119 142300;461.43;461.43;461.43;461.43;100
20160119 142800;460.74;460.74;460.74;460.74;100
20160119 143200;463.04;463.5;463.04;463.04;800
20160119 143300;463.5;463.5;463.5;463.5;100
20160119 143500;463.04;463.059;463.04;463.059;400
20160119 143600;462.55;462.55;462.55;462.55;100
20160119 143700;462.63;462.63;462.3;462.3;500
20160119 144100;462.18;463.28;462.18;463.28;200
20160119 144300;461.84;461.84;461.84;461.84;100
20160119 144400;461.79;461.79;461.79;461.79;100
20160119 144600;462.2905;463;462.2905;463;374
20160119 145300;462.87;462.87;462.87;462.87;100
20160119 145400;463.2;463.3;462.54;463.3;600
20160119 145800;462.79;462.99;462.74;462.99;400
20160119 145900;462.74;462.74;462.74;462.74;100
20160119 150400;461.26;461.26;461.26;461.26;189
20160119 152200;462.97;463;462.8;463;2200
20160119 152700;463;463;463;463;500
20160119 152800;462.395;462.395;462.395;462.395;100
20160119 152900;463;463.05;463;463;1000
20160119 153000;462.99;462.99;462.99;462.99;200
20160119 153100;462.99;463.97;462.99;463.97;1315
20160119 153200;463.38;464.94;463.38;464.94;200
20160119 153400;464.045;464.045;464.045;464.045;100
20160119 153500;464.045;464.045;464.045;464.045;100
20160119 153800;464.26;464.26;464.26;464.26;793
20160119 154000;463.72;463.72;463.3;463.3;275
20160119 154100;464.37;464.39;464.37;464.39;300
20160119 154500;463.2;465.11;463.2;465.11;300
20160119 155300;463.3;464.23;463.3;464.23;200
20160119 155500;464.18;464.18;464.18;464.18;100
20160119 155600;463.76;463.76;463.34;463.34;200
20160119 155700;463.34;464.225;463.34;464.225;300
20160119 155800;464.2799;464.2799;462.06;462.06;1925
20160119 155900;462.16;462.52;462.07;462.51;1210
20160119 160000;463.605;463.7;462.2;462.2;1500
20160119 162800;463.2;463.2;463.2;463.2;14
20160120 093100;458.86;459.45;458.86;459.45;300
20160120 093300;458.3;458.3;458.3;458.3;100
20160120 093500;455.92;455.92;455.92;455.92;100
20160120 093600;455.485;455.485;455.485;455.485;100
20160120 094700;456.8;456.8;456.8;456.8;100
20160120 094800;457.65;458.16;456.35;458.16;300
20160120 095100;456.95;457;456.17;456.17;300
20160120 095400;459.09;459.09;459.09;459.09;100
20160120 095900;456.61;456.61;456.61;456.61;100
20160120 101100;459.26;459.26;459.26;459.26;100
20160120 101900;458.0005;458.01;458.0005;458.01;200
20160120 103400;457.89;458.005;457.8805;457.9905;400
20160120 103600;457.21;457.476;457.145;457.145;628
20160120 103700;457.17;457.17;457.132;457.132;200
20160120 103800;456.54;456.54;456.1;456.1;300
20160120 104900;454.8301;455;453;453;469
20160120 110500;453.2;453.2;453.2;453.2;100
20160120 110700;453.19;453.19;452.99;452.99;200
20160120 110900;453.93;453.93;452.98;452.98;300
20160120 112100;453.94;453.94;453.94;453.94;151
20160120 112500;452.16;452.16;452.16;452.16;100
20160120 112900;453.78;453.78;453.78;453.78;100
20160120 114800;452.09;452.21;452;452;1100
20160120 114900;450.55;450.98;450.55;450.97;400
20160120 115800;450.19;450.19;450.19;450.19;200
20160120 120500;450.185;450.185;450.185;450.185;100
20160120 120700;450.11;450.11;446.865;446.865;500
20160120 121400;450.7;450.7;450.7;450.7;100
20160120 122100;450.15;450.15;449.18;449.18;300
20160120 122200;448.5864;448.5864;448.5864;448.5864;125
20160120 122400;449;449;449;449;100
20160120 123100;449.18;449.18;449.17;449.17;300
20160120 125200;447.11;447.13;447.11;447.13;300
20160120 125300;447.26;447.26;447.26;447.26;100
20160120 125400;448.68;448.68;448.68;448.68;100
20160120 125500;447.46;447.46;447.46;447.46;100
20160120 125600;448.01;448.01;448;448;400
20160120 125900;448.5;449.43;448.5;449.43;1749
20160120 130400;450.6;450.6;450.5;450.5;200
20160120 130900;450.841;450.841;450.841;450.841;100
20160120 131700;451.38;451.88;450.01;450.1;1100
20160120 131900;450;450;449.74;449.74;500
20160120 132300;449.85;449.85;449.85;449.85;100
20160120 132500;448.015;448.015;448.015;448.015;100
20160120 132700;449.7;451.78;449.7;450.01;2239
20160120 133600;451.8599;451.8599;451.8599;451.8599;100
20160120 133700;451.85;451.85;450.02;450.02;200
20160120 133800;450.01;450.01;450.01;450.01;100
20160120 134100;451.09;451.85;451.09;451.85;400
20160120 134300;452.43;452.43;452.43;452.43;100
20160120 134500;450.055;450.055;450.055;450.055;100
20160120 134900;456.37;456.37;456.37;456.37;100
20160120 135500;454.4;454.4;454.4;454.4;100
20160120 135800;454.3;454.3;454.3;454.3;100
20160120 140100;455.33;455.33;455.33;455.33;100
20160120 140500;456.76;456.76;456.23;456.23;200
20160120 140700;455.47;456.75;454.99;456.75;500
20160120 141100;456.73;456.73;456.73;456.73;100
20160120 141200;455.0095;455.0095;455;455;410
20160120 141300;455.0095;455.98;455;455.9;900
20160120 141400;455.0195;455.8;455.01;455.8;300
20160120 141800;456.7;456.7;456.7;456.7;100
20160120 142300;455.68;455.74;455.68;455.74;200
20160120 142600;455.59;455.59;455.59;455.59;100
20160120 142800;454.88;455.56;454.88;455.56;200
20160120 143000;455.49;455.95;455.49;455.95;300
20160120 143200;455.47;455.47;455.47;455.47;100
20160120 143600;455.2495;455.74;455.02;455.02;500
20160120 143700;455.0195;455.99;455;455.0095;2463
20160120 143800;455.01;455.029;455.01;455.029;200
20160120 143900;455;455.0095;455;455.0095;200
20160120 144000;455.045;455.0973;455.045;455.0973;200
20160120 144200;455.04;455.04;455.04;455.04;100
20160120 144300;453.48;453.48;453.48;453.48;100
20160120 144500;453.63;453.63;453.63;453.63;100
20160120 144600;454.06;454.06;454.06;454.06;100
20160120 144800;454.28;455.3;454.28;455;400
20160120 144900;455.02;455.02;454.58;454.95;2110
20160120 145100;454.5995;454.5995;454.59;454.59;200
20160120 145300;454.66;455.02;453.48;455;1600
20160120 145900;455.02;455.02;455.02;455.02;100
20160120 150000;455.01;455.54;455.01;455.54;300
20160120 150100;455.93;456.42;455.125;455.99;1700
20160120 150200;455.12;455.139;455.12;455.139;200
20160120 150500;455.78;455.78;455.78;455.78;100
20160120 151000;455.345;455.3498;455.345;455.345;300
20160120 151300;456.44;456.44;456.44;456.44;100
20160120 151500;455.65;455.65;455.65;455.65;100
20160120 151600;455.415;455.415;455.415;455.415;100
20160120 151700;456.14;456.18;455.9725;456.18;700
20160120 151800;456.185;456.185;456.185;456.185;100
20160120 151900;459.14;459.14;459.14;459.14;100
20160120 152100;457.87;458.01;457.66;457.66;400
20160120 152200;457.66;457.66;456.265;456.265;200
20160120 152300;457.66;457.66;457.2705;457.2705;200
20160120 152500;456.27;456.27;456.27;456.27;100
20160120 152600;457.05;457.05;457.05;457.05;100
20160120 152700;457.05;457.05;457.05;457.05;100
20160120 152900;457.05;457.05;457.05;457.05;100
20160120 153000;457.05;458.095;457.05;458.095;300
20160120 153100;458.095;458.095;457.055;457.055;200
20160120 153200;459.12;459.12;458.0045;458.09;400
20160120 153300;458.09;458.44;458.09;458.44;300
20160120 153400;458.34;458.34;457.53;457.53;500
20160120 153900;458.01;458.01;457.64;457.9;700
20160120 154000;457.49;457.57;457.24;457.57;500
20160120 154100;457.31;457.31;457.31;457.31;100
20160120 154200;456.7;456.7;456.7;456.7;100
20160120 154500;454.41;454.42;454.41;454.41;753
20160120 154600;454.24;454.24;454.0055;454.1;800
20160120 154700;454.08;454.33;454.08;454.33;300
20160120 154800;453.525;453.525;453.525;453.525;100
20160120 154900;454.04;454.16;453.69;453.69;400
20160120 155200;454.404;454.48;454.404;454.48;200
20160120 155300;454.8;455.33;454.8;455.33;400
20160120 155400;455.74;455.74;455;455;200
20160120 155500;455.74;455.74;455.57;455.57;200
20160120 155600;455.48;455.48;454.5;454.5;400
20160120 155700;454.05;454.75;454.05;454.21;300
20160120 155800;454.44;454.475;453.46;453.48;1525
20160120 155900;453.99;454.99;453.67;454.99;462
20160120 160000;454.48;454.81;453.525;454.65;1000
20160120 160200;453.52;453.52;453.52;453.52;223
20160120 160300;449.118;449.118;449.118;449.118;2010
20160120 162000;453.52;453.52;453.52;453.52;6
20160120 174400;453.52;453.52;453.52;453.52;72
20160121 093500;456.51;456.51;456.51;456.51;200
20160121 093700;459.912;460.14;459.912;460.14;200
20160121 094500;456.52;459.8;456.51;459.8;300
20160121 101100;458.7;458.7;458.7;458.7;100
20160121 101500;457.52;457.52;457.52;457.52;100
20160121 101700;455.29;456.705;455.29;456.705;300
20160121 101800;456.63;456.7915;456.63;456.63;400
20160121 102000;455.26;455.26;455.26;455.26;100
20160121 102400;453.2;453.2;453.2;453.2;100
20160121 103000;452.4;452.4;452.4;452.4;100
20160121 103200;451.83;454.99;451.83;454.99;500
20160121 104100;450.33;450.33;450.33;450.33;100
20160121 104800;455.9;456.8;455.9;456.8;200
20160121 105300;456;456;456;456;100
20160121 105700;455.69;455.69;455;455.0095;300
20160121 105800;454.5;454.5;454.12;454.12;353
20160121 105900;453.89;453.89;453.89;453.89;100
20160121 111600;454.75;454.75;454.75;454.75;100
20160121 111700;453.05;453.05;453.05;453.05;100
20160121 112100;452.75;452.75;452.75;452.75;200
20160121 112600;452.9;452.9;451.97;451.97;200
20160121 112900;452.17;452.17;452.17;452.17;100
20160121 113300;450.49;450.49;450.49;450.49;100
20160121 113500;452.48;452.48;451.97;451.97;200
20160121 113800;452.47;452.47;452.181;452.181;200
20160121 113900;452.53;453.97;452.53;453.97;200
20160121 114700;456.9899;456.9899;452.26;452.26;230
20160121 115100;454.82;454.82;454.82;454.82;100
20160121 115300;454.88;454.88;454.2;454.2;200
20160121 115400;453.1;453.2;453.1;453.2;300
20160121 115500;453.09;453.565;452.56;453.565;1000
20160121 115800;453.7888;453.7888;453.03;453.03;300
20160121 115900;454.59;454.65;453.3;454.65;300
20160121 120500;453.52;453.52;453.52;453.52;100
20160121 120700;453.57;453.57;453.57;453.57;100
20160121 121000;453.65;453.65;453.65;453.65;100
20160121 121200;453.42;453.42;453.42;453.42;100
20160121 121300;453.5245;453.99;453.5245;453.99;200
20160121 121700;453.99;454.43;453.99;454.43;700
20160121 121800;454.78;454.78;454.78;454.78;100
20160121 122500;454.11;454.11;454.01;454.01;300
20160121 122600;454.06;454.06;454.05;454.05;200
20160121 122800;454.21;454.21;454.21;454.21;100
20160121 122900;454.01;454.565;454.01;454.565;200
20160121 123100;454.82;454.82;454.8;454.8;200
20160121 123500;456.0356;456.0356;456.0356;456.0356;200
20160121 123700;456.2628;456.2628;456.2628;456.2628;200
20160121 123800;456.2628;456.2628;456.2628;456.2628;200
20160121 125300;454.04;454.515;454.04;454.515;300
20160121 125800;454.99;454.99;454.99;454.99;100
20160121 130000;454.8921;454.8921;454.8921;454.8921;179
20160121 130500;454.9;454.9;454.9;454.9;100
20160121 130600;455;455.48;454.94;455.135;1400
20160121 130800;454.5975;454.5975;454.5975;454.5975;100
20160121 132200;455.57;455.57;455.57;455.57;100
20160121 132500;454.27;455.17;454.27;455.17;200
20160121 132600;454.098;454.098;454.098;454.098;100
20160121 132900;454.31;454.31;454.31;454.31;100
20160121 133100;454.04;454.04;453.42;453.42;1100
20160121 135000;452.5;453.75;452.44;453.75;300
20160121 140200;452.69;453;452.69;453;200
20160121 141000;452.6;452.6;452.6;452.6;100
20160121 141100;453.84;453.84;452.29;452.29;300
20160121 141200;452.55;452.56;452.55;452.56;200
20160121 142100;450.73;450.96;450.63;450.96;300
20160121 143100;451.355;451.4263;451.355;451.4263;200
20160121 143200;451.98;452.29;451.98;452.29;700
20160121 143300;451.32;454.69;451.32;454.69;200
20160121 143400;451.56;451.56;451.56;451.56;100
20160121 143500;451.65;452.0775;451.5835;452.0775;300
20160121 144500;452.54;452.55;452.54;452.55;200
20160121 144600;452.28;452.28;452.28;452.28;100
20160121 144800;451.755;451.755;451.755;451.755;100
20160121 145500;452.615;452.615;452.615;452.615;100
20160121 145600;452.77;452.77;452.77;452.77;100
20160121 150200;453.18;453.18;453.18;453.18;100
20160121 150400;453.36;453.36;453.36;453.36;100
20160121 150700;453.45;453.45;453.45;453.45;100
20160121 150800;452.16;452.76;452.16;452.76;400
20160121 151400;453.46;453.46;452.855;452.855;200
20160121 151600;453.51;453.51;453;453;200
20160121 151700;453.79;453.79;453.79;453.79;100
20160121 152000;453.42;453.42;453.42;453.42;100
20160121 153000;454.47;454.47;454.47;454.47;100
20160121 154000;454.2999;454.2999;454.2999;454.2999;100
20160121 154400;454.45;454.79;454.45;454.79;200
20160121 154500;454.025;454.025;453.09;453.25;1100
20160121 154600;453.9062;454.96;453.21;453.2625;1900
20160121 154700;454.025;454.025;454.025;454.025;700
20160121 154800;453.09;453.14;453.05;453.09;1100
20160121 154900;452.7;453.135;452.7;453.135;200
20160121 155200;453.29;453.29;453.2;453.29;500
20160121 155300;453.93;454.02;453.93;454.02;400
20160121 155400;454.11;454.47;453.62;453.62;300
20160121 155500;454.55;454.55;454.55;454.55;100
20160121 155600;453.2;454.57;453.2;454.375;400
20160121 155700;453.6;454.5;453.04;454.5;600
20160121 155800;453.85;454.47;453.05;454.47;300
20160121 155900;453.75;454.2;453.75;454.2;200
20160121 160000;453.3;453.3;452.33;452.33;1727
20160121 160200;452.33;452.33;452.33;452.33;103
20160121 161200;453.6022;453.6022;453.6022;453.6022;500
20160121 162700;452.33;452.33;452.33;452.33;13
20160122 083100;452.33;452.33;452.33;452.33;1
20160122 083600;452.33;452.33;452.33;452.33;1
20160122 094200;456.105;456.105;456.105;456.105;100
20160122 094300;456;456;455.4;455.4;1973
20160122 094500;455.685;457.12;455.685;457.12;327
20160122 094600;455.69;457.12;455.69;457.12;200
20160122 094800;455;456;455;455.73;2019
20160122 094900;455.01;455.01;455.01;455.01;200
20160122 095100;456.11;456.11;456.11;456.11;100
20160122 095300;455.9025;457.365;455.9025;457.365;500
20160122 095900;457.025;457.0488;457.025;457.0488;200
20160122 100000;457.0488;457.0488;457.025;457.025;200
20160122 100100;457.025;457.55;457.025;457.03;300
20160122 100500;456.3;456.3;455;455;2148
20160122 100700;455;455;455;455;100
20160122 100800;455.2;455.2;454.17;454.17;200
20160122 101000;454.02;454.02;454.02;454.02;100
20160122 101200;455.26;455.49;455.045;455.045;1300
20160122 101300;455;455.4;454.9905;455.4;1373
20160122 101900;456.01;456.03;455.761;456.03;1300
20160122 103100;456.395;456.395;455.685;455.685;2200
20160122 103200;455.2;455.2;455.2;455.2;100
20160122 103300;455.07;455.2;454.26;455.01;1366
20160122 103400;453.75;455.01;453.75;454.97;900
20160122 103600;455.67;455.67;455.67;455.67;100
20160122 104200;456.015;456.0388;456.015;456.0388;200
20160122 104400;456.6;456.6;456.6;456.6;200
20160122 104500;455.29;455.29;455.19;455.19;200
20160122 104600;456.1;456.1;456.1;456.1;100
20160122 111100;455.43;455.43;455.43;455.43;200
20160122 111300;455.085;455.2;455.085;455.2;1625
20160122 111500;455;455;455;455;275
20160122 111600;454.815;454.815;454.815;454.815;100
20160122 111800;455;455;455;455;100
20160122 111900;455;455.9749;453.56;453.56;779
20160122 112700;455.75;455.75;455.75;455.75;100
20160122 112800;455.73;456.35;455.7;456.35;900
20160122 113500;458.285;458.285;458.285;458.285;100
20160122 113600;457.5405;458.12;456.72;457.66;1324
20160122 114300;457.07;457.07;457.07;457.07;100
20160122 114400;457.13;457.13;457.06;457.07;300
20160122 114500;458.42;458.74;457.5005;458.74;1400
20160122 114800;458.18;458.1801;458.18;458.1801;200
20160122 114900;458.14;458.14;458.14;458.14;201
20160122 120000;458.36;458.36;458.36;458.36;100
20160122 121400;459.18;459.18;459.18;459.18;100
20160122 121500;459.3;459.4;459.24;459.4;400
20160122 123600;460.16;460.16;460.16;460.16;100
20160122 124300;459.47;459.47;459.47;459.47;100
20160122 124400;459.29;459.29;459.28;459.28;400
20160122 124700;458.77;458.77;458.77;458.77;100
20160122 130000;460.07;460.07;460.07;460.07;100
20160122 130200;459.45;459.45;459.45;459.45;100
20160122 132400;460.11;460.11;459.46;459.46;400
20160122 140300;459.12;459.12;459.12;459.12;100
20160122 140400;458.145;458.145;458.145;458.145;100
20160122 140700;458.155;458.155;458.155;458.155;100
20160122 141200;458.14;459.38;458.14;458.14;300
20160122 141900;458.89;459.745;458.89;459.745;300
20160122 144700;459.13;459.13;458.065;458.065;200
20160122 145200;458.06;458.06;458.06;458.06;100
20160122 145300;458.06;459.11;458.06;459.11;200
20160122 150200;457.94;457.94;457.94;457.94;109
20160122 150400;458.87;458.87;458.87;458.87;200
20160122 150800;457.6;457.6;457.6;457.6;100
20160122 151800;458.79;458.81;457.925;457.925;700
20160122 152200;458.59;458.59;457.8;457.8;200
20160122 152500;457.8;457.8;457.19;457.8;400
20160122 152900;458.47;458.64;458.47;458.64;200
20160122 153500;459.16;459.16;459.16;459.16;100
20160122 153600;458.52;458.79;458.41;458.79;300
20160122 154000;459.94;461.33;459.94;461.32;1000
20160122 154400;463.63;463.63;461.32;463.55;1500
20160122 154700;461.47;463.315;461.47;463.315;400
20160122 154900;464.11;464.11;462.635;462.635;1100
20160122 155200;462.61;462.61;462.61;462.61;100
20160122 155300;461.54;462.508;461.54;462.47;550
20160122 155400;461.68;461.68;461.49;461.49;200
20160122 155500;462;462;461.9905;461.9905;220
20160122 155700;462.92;462.92;462.92;462.92;100
20160122 155800;462.62;462.79;462.405;462.405;605
20160122 155900;462.605;463.12;462.605;462.79;690
20160122 160000;463.01;463.24;462.53;462.53;1415
20160122 160200;461.83;461.83;461.83;461.83;146
20160122 160700;458.034;458.034;458.034;458.034;600
20160122 162600;461.83;461.83;461.83;461.83;106
20160125 093900;461.9;461.9;461.9;461.9;100
20160125 094000;459.5101;462.08;459.5101;462.08;550
20160125 094100;462.08;462.09;462.08;462.09;300
20160125 094300;460.4;461.04;460.3;461.04;300
20160125 094400;460;460;460;460;100
20160125 094500;460.68;460.84;460.68;460.84;200
20160125 094600;460.6;460.6;460.6;460.6;100
20160125 095900;461.94;461.94;461.29;461.29;200
20160125 100600;461.14;461.14;461.14;461.14;100
20160125 101400;460.1;460.74;459.5;459.5;1081
20160125 102000;458.5;458.5;458.5;458.5;100
20160125 103800;458.78;459.18;458.78;459.18;205
20160125 104200;458.01;458.01;457.5;457.5;1190
20160125 105200;457.94;457.94;457.94;457.94;100
20160125 105700;458.02;458.02;458.02;458.02;100
20160125 110200;458.3;458.3095;458.3;458.3095;300
20160125 110400;457.56;457.56;455.68;455.68;500
20160125 110500;455.93;456.34;455.93;456.34;600
20160125 110600;455.78;455.78;455.78;455.78;100
20160125 110800;455.78;455.78;455.78;455.78;100
20160125 111600;455.9;456.0045;455.9;456.0045;200
20160125 111700;455.15;455.15;455.15;455.15;100
20160125 113700;456.73;456.73;456.73;456.73;100
20160125 114300;455.5;455.5;455.5;455.5;100
20160125 114800;456.6;456.6;456.6;456.6;100
20160125 115000;455.565;455.565;455.565;455.565;100
20160125 115400;456.2;456.2;456.2;456.2;100
20160125 115600;456.09;456.09;456.09;456.09;100
20160125 120000;456.12;456.12;456.12;456.12;100
20160125 120600;456.29;456.29;456.29;456.29;100
20160125 121100;456.1;456.1;456.1;456.1;100
20160125 122200;456.22;456.22;456.22;456.22;100
20160125 122800;456.7;457.22;456.7;457.22;400
20160125 123500;456.42;456.42;456.42;456.42;100
20160125 123900;456.33;456.33;456.33;456.33;100
20160125 124100;457.05;457.65;457.05;457.65;200
20160125 124300;457.69;457.69;457.69;457.69;409
20160125 125300;457.69;457.75;457.67;457.67;1003
20160125 125400;457.88;457.88;457.88;457.88;100
20160125 130000;457.68;457.71;456.92;456.92;400
20160125 130200;458.64;459.91;458.64;459.91;200
20160125 131200;459.22;459.22;458.65;458.65;1000
20160125 131300;456.9768;456.9768;456.535;456.535;200
20160125 131500;456.54;456.54;456.54;456.54;200
20160125 131600;457.41;457.41;457.41;457.41;100
20160125 131700;457.18;457.33;457.18;457.33;400
20160125 131800;456.27;458.215;456.27;457.84;989
20160125 133700;456.5;456.5;456.5;456.5;100
20160125 133900;457.3436;457.3436;457.3436;457.3436;548
20160125 134100;457.6;457.6;457.6;457.6;100
20160125 134300;457.76;457.86;457.76;457.86;400
20160125 135400;457.73;457.73;457.73;457.73;200
20160125 140500;456.22;456.22;456.22;456.22;100
20160125 141500;457.41;457.45;456.2;456.9;500
20160125 141700;457.24;457.24;456.86;456.86;200
20160125 141800;456.799;456.799;456.25;456.25;300
20160125 141900;456.752;456.79;456.752;456.79;200
20160125 142000;456.3;456.3;456.3;456.3;100
20160125 142100;456.23;456.23;456.23;456.23;100
20160125 142200;456.35;456.35;455.16;455.16;400
20160125 142500;453.17;453.17;453.17;453.17;100
20160125 143100;454.2;454.2;454.2;454.2;100
20160125 143700;455.66;455.66;455.66;455.66;100
20160125 143800;454.365;455.34;454.365;455.34;300
20160125 143900;453.62;453.62;453.62;453.62;100
20160125 144000;454.05;455.28;454.05;455.28;300
20160125 144100;455.54;455.54;455.23;455.44;300
20160125 144400;455.44;455.44;455.44;455.44;100
20160125 144500;455.54;455.54;455.54;455.54;100
20160125 144700;454.15;454.15;454.15;454.15;100
20160125 144800;454.69;454.69;454.69;454.69;100
20160125 145000;453.38;453.38;453.38;453.38;100
20160125 145100;452;452;452;452;100
20160125 145500;453.33;453.33;453.33;453.33;100
20160125 145800;453.68;453.68;453.68;453.68;100
20160125 150000;453.12;453.13;453.12;453.13;400
20160125 150100;453.14;453.14;453.14;453.14;100
20160125 150200;451.77;451.77;451.77;451.77;100
20160125 150300;452.12;452.12;452.12;452.12;100
20160125 150600;453.34;453.34;453.075;453.075;200
20160125 150700;453.2;453.2;453.2;453.2;100
20160125 150900;453.15;453.15;453.15;453.15;100
20160125 151000;452.715;452.715;452.715;452.715;100
20160125 151200;452.634;453.28;452.634;453.28;200
20160125 151500;453.8;453.8;453.8;453.8;100
20160125 151700;452.71;453.89;452.71;453.6405;700
20160125 152000;453.42;453.42;453.42;453.42;100
20160125 152100;452.87;452.87;452.65;452.65;200
20160125 152200;452.64;453.31;452.4902;452.685;1000
20160125 152300;452.73;452.73;452.73;452.73;100
20160125 152700;451.41;451.54;451.41;451.54;200
20160125 153000;451.28;451.28;450.27;450.27;200
20160125 153100;450.36;450.36;450.36;450.36;100
20160125 153200;449.68;451.375;449.68;451.375;200
20160125 153300;451.44;451.44;451.44;451.44;100
20160125 153500;451.85;452.09;451.85;452.08;300
20160125 153600;453.345;453.345;450.7;452.45;300
20160125 153700;452.52;452.52;452.44;452.44;200
20160125 153800;452.15;452.15;452.15;452.15;200
20160125 154000;452.08;454.37;452.08;454.37;400
20160125 154100;454.49;454.55;451.51;451.51;1200
20160125 154200;452.59;452.59;452.5045;452.59;400
20160125 154300;453.58;453.8;453.58;453.79;300
20160125 154400;453.8;453.8;453.8;453.8;100
20160125 154500;452.34;454.18;452.34;454.18;400
20160125 154700;451.22;453;451.22;453;330
20160125 154800;452.955;452.955;452.5;452.5;500
20160125 154900;451.86;452.563;451.86;452.563;200
20160125 155000;452.23;452.59;452.23;452.59;200
20160125 155100;454.67;454.67;454.665;454.665;200
20160125 155300;455.04;455.04;452.23;453.47;900
20160125 155400;454.32;454.32;453.4005;453.41;600
20160125 155500;453.335;453.335;453.335;453.335;100
20160125 155600;452.25;453.305;452.25;452.75;414
20160125 155700;453.085;453.085;453.085;453.085;100
20160125 155900;453.185;453.8;450.87;450.87;900
20160125 160000;450.95;452.23;450.94;450.97;1000
20160125 160300;450.94;450.94;450.94;450.94;122
20160125 161400;455.1151;455.1151;455.1151;455.1151;400
20160125 163200;450.94;450.94;450.94;450.94;74
20160126 094000;454.48;454.48;454.48;454.48;660
20160126 101000;451.2843;451.2843;451.2843;451.2843;222
20160126 101100;457.04;457.04;457.04;457.04;100
20160126 103100;451.75;451.75;451.75;451.75;100
20160126 103300;454.18;456.96;454.18;456.96;200
20160126 103400;454.25;454.25;454.0125;454.0125;200
20160126 104500;453.69;455.63;453.53;455.63;1200
20160126 104800;456.505;456.9199;456.505;456.51;500
20160126 105800;456.74;457.54;456.74;457.54;400
20160126 110000;456.54;456.54;456.54;456.54;100
20160126 111300;455.75;456.55;455.75;456.55;300
20160126 111800;455.56;455.56;455.56;455.56;100
20160126 112400;455.72;455.72;455.72;455.72;100
20160126 113000;455.8;455.8;455.8;455.8;100
20160126 113300;455.63;455.63;455.63;455.63;100
20160126 113500;455.57;456.535;455.57;456.535;400
20160126 113600;455.56;455.56;452.77;452.77;500
20160126 113800;452.78;457.475;452.78;457.475;200
20160126 114400;455.13;455.206;455.13;455.206;300
20160126 115000;453.1;453.1;453.1;453.1;100
20160126 115700;452.8;452.8;452.8;452.8;100
20160126 120000;452.8;452.8;452.8;452.8;100
20160126 120200;452.8;453.175;452.8;453.175;200
20160126 120600;454.295;455.21;452.82;453.55;2000
20160126 120700;454.021;454.42;454.021;454.42;200
20160126 120800;453.93;453.93;453.93;453.93;100
20160126 120900;453.33;453.33;453.33;453.33;100
20160126 121000;454.95;454.95;453.32;453.42;400
20160126 121100;453.93;453.93;453.41;453.41;200
20160126 121200;453.4622;453.505;453.33;453.33;300
20160126 121400;454.335;454.335;454.335;454.335;100
20160126 121500;453.58;454.93;453.58;454.57;1300
20160126 121600;454.58;454.58;454.02;454.02;200
20160126 121700;453.84;454.37;453.84;454.2465;300
20160126 121800;454.77;454.805;454.275;454.275;700
20160126 121900;454.7;454.7;454.595;454.675;900
20160126 122000;454.25;454.25;453.75;453.75;300
20160126 122100;455.28;455.28;454.26;454.26;200
20160126 122300;454.3;454.3;454.3;454.3;100
20160126 122600;454.46;454.46;454.46;454.46;100
20160126 122900;454.54;455.06;454.54;455.06;200
20160126 123000;455.52;455.78;455.52;455.78;200
20160126 123100;456.28;456.28;456.28;456.28;103
20160126 123200;455.99;457.2;455.3;455.3;1910
20160126 123300;455.4;455.4;455.4;455.4;200
20160126 123400;455.6;456.72;455.6;456.72;1100
20160126 123800;455.3;455.3;455.3;455.3;200
20160126 124100;455.8;455.8;455.8;455.8;100
20160126 124200;456.02;456.02;456.02;456.02;100
20160126 124400;456.03;456.03;456.03;456.03;100
20160126 124700;455.47;455.47;455.47;455.47;100
20160126 124800;455.62;455.62;455.62;455.62;100
20160126 125100;455.73;455.73;455.73;455.73;100
20160126 125200;455.73;455.73;455.73;455.73;100
20160126 125400;454.5;454.5;454.5;454.5;100
20160126 125600;452.88;452.88;452.88;452.88;100
20160126 125700;452.88;452.88;452.88;452.88;100
20160126 130100;452.88;456.58;452.88;454.935;500
20160126 130300;453.37;453.37;453.04;453.04;200
20160126 130600;456.99;456.99;456.99;456.99;100
20160126 130800;453;453;453;453;100
20160126 130900;453;454.01;453;453;400
20160126 131200;453.1;453.1;453.1;453.1;100
20160126 131300;454.0065;454.13;454.0065;454.13;200
20160126 131600;453.15;453.15;453.15;453.15;100
20160126 131800;453.81;453.81;453.81;453.81;100
20160126 131900;453.065;453.065;453.065;453.065;100
20160126 132100;455;455;455;455;100
20160126 132200;454.99;454.99;453.165;454.03;400
20160126 132300;453.9812;454.005;453.9812;454.005;200
20160126 132500;453.21;453.21;453.21;453.21;100
20160126 132700;453.32;453.32;453.32;453.32;100
20160126 132800;453.19;454.49;453.19;454.025;300
20160126 132900;453.05;454.02;453.05;454.001;300
20160126 133100;453.05;453.255;453.05;453.255;200
20160126 133200;453.69;453.69;453.69;453.69;100
20160126 133400;453.17;454.14;453.05;454.14;700
20160126 133800;453.4;453.4;453.4;453.4;100
20160126 134000;453.28;453.28;453.28;453.28;100
20160126 134100;453.86;453.91;453.86;453.91;400
20160126 134200;455.23;455.23;455.23;455.23;100
20160126 134600;453.455;453.455;453.455;453.455;100
20160126 134800;453.08;454.055;453.08;454.055;200
20160126 135000;454.77;454.77;453.6;453.6;200
20160126 135200;454.48;454.72;453.49;453.49;400
20160126 135500;453.49;453.49;453.49;453.49;100
20160126 135600;454.82;454.82;454.82;454.82;100
20160126 135800;453.825;453.825;453.825;453.825;100
20160126 135900;453.49;453.49;453.49;453.49;100
20160126 140100;453.81;454.03;453.81;454.0205;300
20160126 140200;454.78;455.22;454.78;455.22;500
20160126 140600;454.64;454.64;454.355;454.355;500
20160126 140700;454.27;454.7485;454.27;454.7485;300
20160126 140800;455.17;455.17;455.17;455.17;100
20160126 141000;456.5;456.5;456.5;456.5;100
20160126 141200;454.475;454.475;454.475;454.475;100
20160126 141400;454.4;454.4;454.4;454.4;100
20160126 141500;454.93;454.93;454.92;454.93;300
20160126 141600;454.33;455.23;454.33;455.23;300
20160126 141700;454.52;454.52;454.52;454.52;100
20160126 141900;454.515;454.515;454.515;454.515;100
20160126 142100;454.74;454.74;454.74;454.74;100
20160126 142200;457.28;457.28;455.17;455.17;200
20160126 142300;457.27;457.27;457.27;457.27;100
20160126 142400;455.015;455.015;455.015;455.015;100
20160126 142700;455.02;455.02;454.95;454.95;700
20160126 142900;451.265;451.265;451.265;451.265;100
20160126 143200;451.59;451.59;451.59;451.59;100
20160126 143500;451.78;454.45;451.78;453.182;400
20160126 143600;452.11;452.11;452.11;452.11;100
20160126 143700;452.59;452.59;452.35;452.56;300
20160126 143800;453.64;453.64;453.64;453.64;100
20160126 144000;452.38;452.4;451.46;452.4;300
20160126 144100;453.58;453.58;451.14;451.14;200
20160126 144300;451.725;453.48;451.725;453.48;200
20160126 144400;451.17;451.17;451.17;451.17;100
20160126 144600;451.665;452.44;451.665;452.39;300
20160126 144700;452.35;452.35;452.331;452.331;200
20160126 144800;451.575;452.36;451.575;452.36;300
20160126 144900;452.5;452.5;452.5;452.5;100
20160126 145000;451.55;451.55;451.55;451.55;100
20160126 145100;452.93;452.94;452.71;452.94;500
20160126 145400;451.63;451.63;451.63;451.63;100
20160126 145500;451.975;451.975;451.975;451.975;100
20160126 145600;451.64;451.64;451.64;451.64;100
20160126 145800;451.91;452.6;451.91;452.6;400
20160126 145900;453.65;453.65;453.65;453.65;100
20160126 150000;452.18;453.34;451.96;453.34;400
20160126 150100;451.92;451.92;451.92;451.92;100
20160126 150200;453.18;453.18;452.29;452.29;200
20160126 150400;453.0791;453.0791;452.155;452.155;338
20160126 150500;453.16;453.16;453.16;453.16;100
20160126 150600;451.93;451.93;451.93;451.93;100
20160126 150700;452.285;452.285;452.11;452.11;200
20160126 150900;452.2;452.2;452.2;452.2;100
20160126 151100;452.165;452.165;452.165;452.165;100
20160126 151200;452.52;452.52;452.52;452.52;300
20160126 151300;452.9;453.09;452.61;452.61;300
20160126 151400;453.09;453.09;452.86;452.86;700
20160126 151500;453.65;453.65;453.65;453.65;100
20160126 151600;451.88;451.88;451.6;451.6;200
20160126 151700;451.6;451.6;451.6;451.6;100
20160126 151800;452.01;452.01;452.01;452.01;100
20160126 152000;451.89;452.23;451.89;452.23;300
20160126 152200;452.04;452.04;452.04;452.04;100
20160126 152300;452.39;452.39;452.39;452.39;100
20160126 152400;452.19;452.47;452.19;452.47;200
20160126 152500;452.4292;453.65;452.4292;453.4;415
20160126 152600;452.43;453.2;452.43;453;500
20160126 152800;452.77;452.77;452.245;452.245;367
20160126 153100;451.91;451.91;451.91;451.91;100
20160126 153200;451.9;452.89;451.9;452.89;300
20160126 153400;452.11;452.11;452.11;452.11;100
20160126 153500;453.65;453.65;452.65;452.65;200
20160126 153600;452.085;452.81;452.085;452.6;300
20160126 153700;452.8;452.8;452.78;452.78;200
20160126 153800;453.67;453.67;453.67;453.67;100
20160126 153900;452.155;452.155;452.155;452.155;100
20160126 154000;452.63;452.7938;452.34;452.34;400
20160126 154100;453.68;453.68;453.68;453.68;100
20160126 154200;452.6;453.68;452.6;453.68;400
20160126 154300;454.5;454.5;454.23;454.23;300
20160126 154400;453.71;453.71;453.71;453.71;100
20160126 154500;454.07;455.29;453.73;455.29;900
20160126 154600;450.95;450.95;450.95;450.95;100
20160126 154700;452.0425;452.0425;452.0425;452.0425;100
20160126 154800;453.605;454.77;452.83;454.77;400
20160126 154900;452.82;455.14;452.82;453.595;400
20160126 155000;452.825;452.825;452.825;452.825;100
20160126 155100;452.775;453.59;452.69;452.69;300
20160126 155200;453.59;453.59;452.84;453;400
20160126 155300;453.45;454.26;453.45;454.26;300
20160126 155400;454.6686;454.7075;454.66;454.7075;339
20160126 155500;455.1;455.1;454.27;454.27;200
20160126 155600;454.1;454.61;454.1;454.37;696
20160126 155700;452.8925;453.685;452.4;452.4;573
20160126 155800;452.565;453.39;452.505;453.181;600
20160126 155900;453.21;454.37;453.21;454.37;800
20160126 160000;454.37;454.91;453.14;454;2076
20160126 160200;455.13;455.13;455.13;455.13;664
20160126 162400;455.13;455.13;455.13;455.13;2
20160127 100600;451.95;451.95;451.95;451.95;100
20160127 100700;451.8;451.8;451.8;451.8;100
20160127 100800;453.85;453.85;453.85;453.85;100
20160127 101800;450.39;450.39;450.39;450.39;100
20160127 102200;450.4;450.4;450.4;450.4;100
20160127 103500;453.93;453.93;453.93;453.93;100
20160127 103600;452.18;452.4365;452.18;452.4365;200
20160127 104200;450.95;452.2948;450.95;452.2948;300
20160127 110600;452.195;452.195;452.195;452.195;200
20160127 110800;451.31;451.31;451.31;451.31;100
20160127 112300;453.47;453.508;453.47;453.508;200
20160127 113400;453.82;453.91;452.05;452.05;701
20160127 120200;455.71;455.71;455.71;455.71;100
20160127 120300;455.76;455.76;455.76;455.76;100
20160127 120600;456.01;456.01;456.01;456.01;100
20160127 120700;456.05;456.41;456.05;456.41;200
20160127 120800;456.44;456.44;456.44;456.44;100
20160127 122600;457.49;457.49;457.49;457.49;100
20160127 131700;455.18;455.18;455.18;455.18;100
20160127 134800;457.28;457.28;457.28;457.28;100
20160127 135100;455.24;455.24;455.24;455.24;100
20160127 135500;455.43;455.43;455.43;455.43;100
20160127 135700;457.27;457.27;457.27;457.27;100
20160127 140100;457.29;457.29;457.29;457.29;100
20160127 141000;455.35;455.35;455.27;455.27;400
20160127 141100;455.28;455.28;455.28;455.28;200
20160127 141200;453.03;453.03;453.03;453.03;100
20160127 141400;450.65;450.65;450.65;450.65;100
20160127 141900;454.24;454.29;454.23;454.29;500
20160127 143700;454.56;454.56;454.56;454.56;215
20160127 144000;455.15;455.49;454.05;454.05;300
20160127 144100;454.43;454.43;454.43;454.43;100
20160127 145800;453.85;453.85;453.85;453.85;200
20160127 150100;454.7;454.7;454.7;454.7;100
20160127 151400;452.13;452.4;452.13;452.26;500
20160127 151500;450.28;450.28;450.28;450.28;100
20160127 151900;450.27;450.27;450.27;450.27;100
20160127 153300;451.99;451.99;451.99;451.99;100
20160127 154100;450.757;451.37;450.757;451.37;300
20160127 154200;450.67;450.67;450.23;450.23;500
20160127 154300;451.29;451.83;451.19;451.83;500
20160127 155100;452.54;452.54;452.54;452.54;100
20160127 155500;451.52;451.52;451.52;451.52;100
20160127 155600;453.14;453.14;453.14;453.14;179
20160127 155800;451.33;451.33;451.33;451.33;100
20160127 155900;451.53;451.53;451.53;451.53;100
20160127 160000;452.75;452.75;451.435;451.435;300
20160127 160400;452.22;452.22;452.22;452.22;426
20160127 160800;452.8602;452.8602;452.8602;452.8602;600
20160127 163700;454.2288;454.2288;454.2288;454.2288;2015
20160128 094300;456.49;456.81;456.49;456.81;200
20160128 094400;455.5;455.5;455;455.5;500
20160128 094500;456;456.37;456;456;300
20160128 094600;455.5;456;455;456;400
20160128 094700;455.44;455.51;455.44;455.51;800
20160128 094800;454.05;454.11;453.72;453.72;400
20160128 094900;453.01;453.01;453.01;453.01;105
20160128 095000;453.01;453.5099;453.01;453.5099;400
20160128 095100;451.9;451.9;451.9;451.9;105
20160128 095200;453.75;453.8099;453;453;490
20160128 095300;454.68;455;453.85;453.85;1100
20160128 095400;455;456.5;455;456.45;500
20160128 095600;457.06;457.41;457.06;457.41;200
20160128 095700;457;457;457;457;300
20160128 095800;455;455.365;455;455.25;600
20160128 100100;454.9;454.9;454.82;454.82;200
20160128 100200;454.11;454.11;454.11;454.11;200
20160128 100600;453.75;453.75;453.75;453.75;100
20160128 100800;453.38;453.38;453.12;453.12;200
20160128 101100;452;455;452;455;1700
20160128 101300;455.43;456.01;455.43;456.01;500
20160128 101400;455.89;455.89;455.89;455.89;100
20160128 101600;455.89;455.89;455.89;455.89;200
20160128 101700;456;456;455.77;455.77;200
20160128 101800;456.01;456.01;454.5;454.5;1001
20160128 101900;455.16;455.35;453.5;453.5;1105
20160128 102200;453.26;453.26;452.98;452.98;200
20160128 102300;452.475;454;452.475;454;822
20160128 102400;453.78;453.78;453.35;453.35;300
20160128 102500;453.86;454.5;453.86;453.94;1500
20160128 102600;454.62;455;454.21;455;700
20160128 102700;454.49;455.49;454.49;455;800
20160128 102800;455.68;455.68;455.68;455.68;100
20160128 103100;455.75;455.75;455.75;455.75;100
20160128 103200;455.0101;455.11;454.62;455.11;500
20160128 103300;454;454.6;454;454.6;1710
20160128 103400;454.33;454.33;453.56;453.56;306
20160128 103900;454.5222;454.5222;454.5222;454.5222;153
20160128 104000;454.61;455.1379;454.61;455.1379;490
20160128 104700;454.67;455.09;454.67;455.09;200
20160128 104900;455.1;455.1;455.1;455.1;100
20160128 110100;455.71;455.71;455.71;455.71;100
20160128 110700;456.4;456.4;456.4;456.4;100
20160128 113000;454.35;454.35;454.35;454.35;100
20160128 114200;454.32;454.32;454.32;454.32;100
20160128 114400;456.84;456.84;456.84;456.84;100
20160128 114500;453.97;453.97;453.97;453.97;100
20160128 115500;453.995;453.995;453.995;453.995;100
20160128 121500;456.85;456.85;456.68;456.68;200
20160128 122500;456.81;457.21;456.81;457.21;500
20160128 123600;457.058;457.058;457.058;457.058;100
20160128 130600;458.47;458.47;458.47;458.47;100
20160128 131000;458.44;458.45;458.44;458.45;200
20160128 131500;459.03;459.08;454.99;455.73;417
20160128 131900;459.31;459.46;459.31;459.46;200
20160128 132000;458.51;459.0295;458.03;459.0295;880
20160128 132300;457.15;457.15;457.15;457.15;100
20160128 133000;457.78;458.5;457.63;457.63;941
20160128 133100;458.65;459.5;458.65;459.5;700
20160128 133200;460.49;460.49;458.32;460.28;1900
20160128 133300;460.61;461.08;460.61;461.08;300
20160128 133500;461.23;461.44;461.23;461.44;215
20160128 133600;462.67;462.67;462.67;462.67;106
20160128 133900;460.8;461.48;459.5;461.48;705
20160128 134400;459.51;459.51;459;459.01;600
20160128 134500;458.49;458.56;458.4;458.56;500
20160128 134800;458.78;459.49;458.054;459.49;600
20160128 134900;459.78;459.78;459.78;459.78;106
20160128 135000;458.59;458.989;457.6;457.6;300
20160128 135200;458.77;459.01;458.77;459.01;200
20160128 135500;458.59;458.59;458.59;458.59;100
20160128 135600;458.5;458.5;458.5;458.5;100
20160128 140200;458;458.24;457.76;457.76;400
20160128 140300;457.5;459.52;457.5;459.52;400
20160128 141100;459.52;459.52;459.52;459.52;300
20160128 141200;458.5005;458.51;458.5005;458.51;400
20160128 141400;458.92;459.14;458.92;459.14;200
20160128 142200;459;459.52;459;459.52;300
20160128 143000;460.27;460.27;460.27;460.27;200
20160128 143700;460.9;460.9;460.9;460.9;100
20160128 144000;462.27;462.27;462.27;462.27;100
20160128 144700;459.5;459.5;459.5;459.5;100
20160128 145000;460.9;460.9;460.9;460.9;100
20160128 145800;458.5;458.5;458.5;458.5;100
20160128 145900;460.13;460.13;460.13;460.13;100
20160128 150500;461.2;461.2;461.2;461.2;100
20160128 152300;459.38;460.65;459.38;460.65;200
20160128 152500;461.08;461.08;461.08;461.08;100
20160128 152700;460.39;460.4;460.39;460.4;600
20160128 153000;461;461;460.37;460.37;300
20160128 153100;460.56;460.69;460.56;460.69;200
20160128 153200;460.155;460.155;460.155;460.155;500
20160128 153300;460.87;461.29;459.5;459.5;400
20160128 153400;460.3;460.3;459;459;200
20160128 153500;459.5;461.11;459.18;461.11;537
20160128 154600;458.74;460.42;458.74;460.42;200
20160128 155300;459.15;459.56;459.15;459.56;200
20160128 155400;459.2;459.55;459.2;459.55;200
20160128 155500;457.5;457.5;457.5;457.5;100
20160128 155600;459.5;459.54;459.23;459.27;500
20160128 155700;459.43;459.53;459.43;459.53;701
20160128 155800;459.53;459.53;459.17;459.17;600
20160128 160000;460.01;461.02;459.25;461.02;2455
20160128 164200;459.54;459.54;459.54;459.54;2
20160129 093500;460.55;460.55;460.55;460.55;100
20160129 095000;465.34;465.34;465.34;465.34;100
20160129 095700;465.27;465.27;465.27;465.27;100
20160129 100000;465.79;465.79;465.79;465.79;100
20160129 101500;465.545;465.545;465.545;465.545;100
20160129 103000;465.475;465.475;465.0142;465.0142;300
20160129 103900;465.445;465.445;465.445;465.445;100
20160129 104100;465.44;465.44;465.44;465.44;100
20160129 104200;465.43;465.43;465.43;465.43;100
20160129 104500;465.42;465.42;465.42;465.42;100
20160129 104600;466.4;466.4;466.4;466.4;100
20160129 105500;469.35;469.69;469.35;469.69;400
20160129 105600;468.94;468.94;468.94;468.94;100
20160129 110000;467.655;467.655;467.655;467.655;100
20160129 111100;467.6488;467.6488;467.625;467.625;200
20160129 111500;467.6;467.6;467.6;467.6;100
20160129 111600;469;469;468.84;468.84;200
20160129 112000;467.55;469.05;467.55;467.625;1500
20160129 112100;468.4943;468.5;468.385;468.5;500
20160129 112200;468.8;468.8;468.8;468.8;100
20160129 112300;468.23;468.23;468.23;468.23;200
20160129 112400;468.5;469.05;468.5;469;500
20160129 112500;467.55;469.46;467.55;469.46;600
20160129 112600;468.485;469.13;467.59;467.59;600
20160129 112700;468.99;468.99;468.99;468.99;100
20160129 112800;468.95;468.95;468.95;468.95;100
20160129 112900;469.25;469.25;468.8;468.8;230
20160129 113000;469.36;469.36;469.36;469.36;100
20160129 115300;469.44;469.44;469.44;469.44;100
20160129 115600;471.26;471.26;471.26;471.26;100
20160129 115700;467.87;467.87;467.87;467.87;100
20160129 120400;471.26;471.26;471.26;471.26;300
20160129 121500;471.26;471.26;471.26;471.26;300
20160129 122000;470.1425;470.1425;470.1425;470.1425;100
20160129 123000;471.24;471.24;471.24;471.24;100
20160129 123200;469.56;469.56;469.56;469.56;200
20160129 124000;469.555;469.6928;469.555;469.6928;200
20160129 130000;470.73;470.73;470.73;470.73;100
20160129 130600;471.2;471.2;471.2;471.2;100
20160129 131000;471.2;471.2;471.2;471.2;200
20160129 131500;471.21;471.21;471.21;471.21;300
20160129 132500;471.21;471.21;469.55;469.55;200
20160129 134200;467.9001;467.9001;467.9001;467.9001;174
20160129 134500;471.19;471.19;471.19;471.19;100
20160129 134700;470.99;471.32;470.99;471.32;1000
20160129 135100;475.76;475.76;475.76;475.76;100
20160129 140000;471.89;471.89;471.8425;471.8425;500
20160129 141200;470.47;472.19;470.47;472.0095;400
20160129 141300;473.99;473.99;473.99;473.99;200
20160129 141500;473.98;473.98;473.98;473.98;100
20160129 142000;471.12;471.12;471.12;471.12;100
20160129 142200;473.84;473.84;472.495;472.5473;300
20160129 142800;471.52;471.52;471.52;471.52;100
20160129 143700;473.99;473.99;473.99;473.99;200
20160129 143800;473.63;473.63;473.63;473.63;100
20160129 144700;472.495;472.6043;472.495;472.495;400
20160129 144800;471.81;471.81;471.81;471.81;100
20160129 145800;473.98;473.98;473.98;473.98;200
20160129 145900;472.495;473.76;472.495;473.76;300
20160129 150000;473.69;473.69;473.69;473.69;100
20160129 150200;473.39;473.39;473.39;473.39;100
20160129 150600;471.33;471.33;471.33;471.33;100
20160129 151000;471.44;471.44;471.12;471.12;200
20160129 151300;471.51;472.425;471.51;472.425;200
20160129 151500;471.64;471.64;471.64;471.64;100
20160129 151700;473.2;473.2;473.2;473.2;100
20160129 151800;472.455;472.455;472.455;472.455;100
20160129 152100;473.28;473.28;473.28;473.28;100
20160129 152300;471.56;471.56;471.56;471.56;100
20160129 152500;472.92;472.92;472.92;472.92;100
20160129 152700;473.31;473.31;473.31;473.31;100
20160129 152800;473.69;474;473.51;473.51;1100
20160129 152900;474.98;474.98;474.75;474.75;200
20160129 153000;474.89;474.89;474.89;474.89;100
20160129 153100;473.71;474.95;473.71;474.95;200
20160129 153300;474;474;474;474;100
20160129 153700;474.165;474.78;474.165;474.78;200
20160129 154000;473.86;473.86;473.85;473.85;200
20160129 154100;473.56;473.95;472.41;472.41;700
20160129 154200;474.19;474.19;474.19;474.19;100
20160129 154300;473.97;473.97;473.68;473.68;200
20160129 154500;473.68;475.57;473.68;475.57;800
20160129 154900;477.7;477.7;477.7;477.7;100
20160129 155200;478.1;478.1;474.85;474.85;300
20160129 155300;477.66;477.66;477.66;477.66;100
20160129 155400;478;478.1;478;478.1;300
20160129 155500;478.1;478.1;478.095;478.1;850
20160129 155600;478.1;478.1;478.1;478.1;150
20160129 155700;478.08;478.08;477.08;478.01;1253
20160129 155800;478.1;478.1;477;477.96;900
20160129 155900;478.2;478.2;476.19;477.91;1508
20160129 160000;477.55;477.91;477.55;477.91;667
20160129 160300;477.92;477.92;477.918;477.918;422
20160129 161000;477.92;477.92;477.92;477.92;748
20160129 161200;477.92;477.9223;477.9177;477.9223;2400
20160129 163100;477.92;477.92;477.92;477.92;174
20160129 163500;477.92;477.92;477.92;477.92;72
20160129 163600;477.92;477.92;477.92;477.92;444
20160201 090700;477.92;477.92;477.92;477.92;7
20160201 092500;477.92;477.92;477.92;477.92;100
20160201 093700;487.38;488.64;487.38;488.64;300
20160201 094000;480.3899;480.3899;480.3899;480.3899;100
20160201 094300;481.8;481.8;481.8;481.8;100
20160201 094600;478.11;478.11;477.23;477.23;200
20160201 094700;481.4;486.625;481.4;486.625;200
20160201 095600;478.12;483.705;477.28;477.28;400
20160201 095700;483.57;483.57;483.57;483.57;100
20160201 095800;477.31;480.13;477.31;477.31;1195
20160201 095900;478.7205;480.13;477.31;478.725;700
20160201 100200;480.13;480.13;477.32;477.32;200
20160201 100400;477.6;477.6;477.6;477.6;100
20160201 100700;478.65;479.5;477.53;479;700
20160201 100800;478.505;478.75;478.505;478.75;200
20160201 100900;478.0001;478.15;478.0001;478.15;200
20160201 101000;479.5;479.5;478;479.5;500
20160201 101100;479.5;480.075;478.75;479.27;1000
20160201 101200;480.07;480.37;479.98;479.98;1099
20160201 101300;480.98;481.5;480.98;480.987;1000
20160201 101400;482.68;482.96;482.68;482.96;500
20160201 101500;483.52;483.52;483.52;483.52;112
20160201 101600;483.56;483.6;483.56;483.6;200
20160201 101800;483.38;484.064;483.38;484.064;200
20160201 102000;482;482.73;482;482.73;200
20160201 102100;482.05;482.05;481.49;481.5;600
20160201 102200;481.76;481.76;481.76;481.76;100
20160201 102300;481.42;481.496;481.42;481.496;200
20160201 102700;480.94;480.98;479.8;480.98;400
20160201 102800;479.5;479.5;479.5;479.5;100
20160201 102900;480.5;480.74;479;479;700
20160201 103000;480.23;480.48;480.23;480.48;200
20160201 103100;481.64;481.64;479.41;479.41;206
20160201 103900;481.3;481.3;479.8;479.8;200
20160201 104000;481.02;481.02;479.8;479.8;400
20160201 104100;480.72;480.89;479.8;479.8;300
20160201 104200;479.81;479.9;479.81;479.9;200
20160201 104300;479.41;481.31;479.41;481.31;500
20160201 104400;480.5;480.82;479.42;480.82;700
20160201 105600;479.92;479.92;479.89;479.89;200
20160201 105700;480.75;480.95;480.75;480.95;200
20160201 110200;480.33;480.66;480.33;480.66;200
20160201 110300;480.1;480.1;480.1;480.1;400
20160201 110500;479.26;479.64;479.26;479.57;300
20160201 110800;479.98;479.98;479.98;479.98;200
20160201 111600;479.98;479.98;479.98;479.98;200
20160201 111900;478.8;479.05;478.33;478.7;3000
20160201 112000;479.41;479.5;479.41;479.5;200
20160201 112100;478.9;478.9;478.07;478.9;1000
20160201 112200;478.38;478.38;477.725;477.725;700
20160201 112300;477.17;477.17;476.765;476.765;200
20160201 112500;476.58;476.58;476.5;476.5;400
20160201 112600;475.83;475.83;475.83;475.83;105
20160201 112700;476.84;477.49;476.51;477.005;2100
20160201 112800;476.585;476.585;476.585;476.585;100
20160201 112900;477.27;477.78;477.27;477.78;400
20160201 113000;478.2;478.77;478.2;478.77;1900
20160201 113100;478.77;479.12;478.77;479.12;300
20160201 113300;479.36;479.72;479.36;479.72;200
20160201 113400;478.51;480.01;478.51;480.01;300
20160201 113500;479.63;479.63;479.63;479.63;100
20160201 113600;480.54;480.72;480.54;480.72;200
20160201 114400;479.81;479.82;479.002;479.1;1300
20160201 114500;478.71;478.71;478.05;478.55;500
20160201 114600;478.35;479.0999;478.08;478.345;809
20160201 114800;478.49;478.586;478.026;478.026;300
20160201 114900;477.23;477.23;477.23;477.23;100
20160201 115500;477.215;477.215;477.215;477.215;100
20160201 121000;477.21;478.265;476.07;478.265;900
20160201 121100;477.21;477.21;477.21;477.21;100
20160201 121600;479.18;479.18;479.18;479.18;100
20160201 122600;481.82;481.82;481.82;481.82;100
20160201 123400;481.495;481.495;479.395;479.395;200
20160201 123500;478.13;478.13;478.13;478.13;100
20160201 123600;480.44;481.01;478.3;481.01;400
20160201 123700;476.6;479.91;476.6;477.5005;400
20160201 123800;479.02;479.02;479.02;479.02;100
20160201 124100;478.98;479.8;478.98;479.8;200
20160201 124200;478.01;481.1;478.01;478.01;1500
20160201 124300;477.64;477.64;477.47;477.57;400
20160201 124500;476.79;476.79;476.79;476.79;105
20160201 124600;477.98;478.23;477.98;478.23;800
20160201 124700;477.53;477.53;477.53;477.53;200
20160201 125400;477.82;477.82;477.66;477.66;200
20160201 125700;476.8;476.8;476.8;476.8;200
20160201 125800;477.16;477.16;477.16;477.16;100
20160201 130000;477.15;477.15;477.15;477.15;100
20160201 130100;476.72;476.72;476.72;476.72;100
20160201 130300;477.9;478.5;477.85;478.5;500
20160201 130400;479.23;479.23;479.23;479.23;100
20160201 131800;478.87;478.87;478.87;478.87;100
20160201 131900;479.58;479.59;479.58;479.59;300
20160201 132400;479.58;479.58;479.58;479.58;100
20160201 132700;478.5;478.5;478.5;478.5;100
20160201 134900;477.26;477.26;477.26;477.26;100
20160201 140300;479.6135;479.6135;476.77;476.775;1219
20160201 140400;477.02;477.02;477.02;477.02;100
20160201 141100;476.83;476.83;476.78;476.78;200
20160201 141400;476.81;476.81;476.81;476.81;180
20160201 141500;476.8126;476.8126;476.81;476.81;559
20160201 142200;476.92;476.92;476.92;476.92;100
20160201 142700;478.57;478.57;478.57;478.57;100
20160201 143100;477.22;478.4;477.22;478.4;200
20160201 143200;477.99;477.99;477.6;477.61;300
20160201 143800;477.23;477.23;475.4;476.437;1400
20160201 144100;476.04;476.45;476.04;476.04;300
20160201 144300;475.36;475.36;474.25;474.25;300
20160201 144800;475.94;475.94;475.94;475.94;100
20160201 145200;474.39;474.39;474.39;474.39;100
20160201 150000;474.3;475.36;474.3;475.36;200
20160201 151200;475;475;475;475;100
20160201 151400;474.51;474.51;474.51;474.51;100
20160201 151500;475.65;476.39;475.65;476.19;300
20160201 151600;475.01;475.01;475.01;475.01;100
20160201 151900;475.47;476.4;475.47;476.4;500
20160201 152300;476.23;476.23;476.23;476.23;100
20160201 152500;474.37;474.37;474.37;474.37;100
20160201 152800;474.37;474.37;474.37;474.37;100
20160201 153000;475.3;475.3;475.3;475.3;100
20160201 153400;474.375;474.375;474.375;474.375;100
20160201 153900;477.2;477.2;477.2;477.2;100
20160201 154400;475.41;475.41;475.41;475.41;200
20160201 154500;476.74;477.08;476.72;477.08;750
20160201 154600;477.09;479.56;477.09;479.56;1900
20160201 154700;478.36;478.36;478.36;478.36;200
20160201 154900;478.07;478.21;477.9;477.9;1111
20160201 155000;478;478;478;478;100
20160201 155100;478.01;478.12;478.01;478.03;400
20160201 155200;478.03;478.25;477.87;477.87;398
20160201 155300;477;477.5;477;477.12;400
20160201 155500;476.66;477.13;476.66;476.71;700
20160201 155600;476.72;477.73;476.5;476.7;700
20160201 155700;476.49;476.51;476.49;476.49;400
20160201 155800;475.49;476.12;475.21;475.4;1224
20160201 155900;475.81;475.81;475.21;475.21;265
20160201 160000;474.94;475.4;474.59;474.59;2287
20160201 160200;474.34;474.34;474.34;474.34;25
20160201 160900;477.6379;477.6379;477.6379;477.6379;400
20160202 093900;471.21;471.21;471.21;471.21;100
20160202 100100;480.135;481.465;479.754;479.754;300
20160202 100200;470.2501;470.2501;470.2501;470.2501;125
20160202 101300;471.56;474.29;468.25;474.29;2270
20160202 104300;471.225;471.4863;471.225;471.4863;200
20160202 111000;473.02;473.02;473.02;473.02;100
20160202 112300;473.48;473.48;473.48;473.48;100
20160202 120100;471.06;471.288;471.06;471.288;200
20160202 120500;472.46;472.46;472.46;472.46;100
20160202 120600;470.825;470.825;470.825;470.825;100
20160202 121200;469.49;469.49;469.49;469.49;100
20160202 121900;472.42;472.42;472.42;472.42;100
20160202 122000;469.4;469.4;469.4;469.4;100
20160202 122300;470.95;470.95;470.95;470.95;100
20160202 123000;471.04;471.04;469.64;469.64;200
20160202 123800;471.2495;471.2495;471.24;471.24;200
20160202 124300;469.64;469.64;469.64;469.64;100
20160202 124900;469.56;469.56;469.56;469.56;100
20160202 125500;471.2355;471.2355;471.2355;471.2355;144
20160202 130300;470.4;470.4;470.4;470.4;100
20160202 131100;471.7325;471.7325;471.7325;471.7325;100
20160202 132300;470;470;470;470;100
20160202 132400;469.93;470;469.93;470;400
20160202 140200;469.91;469.91;469.91;469.91;100
20160202 140700;468.08;469.61;468.08;469.61;400
20160202 141200;469.5999;469.5999;469.56;469.56;200
20160202 141900;469.0063;469.0063;468.935;468.935;200
20160202 144800;469.0488;469.096;469.02;469.02;400
20160202 144900;469.02;469.02;469.02;469.02;100
20160202 145100;469.3;469.3;468.71;468.71;200
20160202 145200;469.51;470.61;469.205;470.61;300
20160202 145400;471.19;471.19;471.19;471.19;100
20160202 145600;470.5;471.26;470.5;471.26;500
20160202 145700;470.365;470.365;469.8;469.8;600
20160202 145800;470.12;470.12;469.555;470.045;500
20160202 150000;469.32;469.39;469.02;469.39;500
20160202 150100;468.5;468.51;468.0395;468.215;800
20160202 150400;467.1;467.1;467.1;467.1;100
20160202 150800;468.005;468.59;468.005;468.59;800
20160202 150900;467.26;467.57;466.7;466.7;300
20160202 151000;467.07;467.07;467.07;467.07;449
20160202 151400;466.1;466.1;466.1;466.1;100
20160202 151500;467.9;467.9;467.9;467.9;100
20160202 151600;468.81;468.81;467;467;400
20160202 151700;467.51;468.49;467.04;468.49;500
20160202 151800;467.5;468.14;467.28;468.14;1368
20160202 152200;467.8;467.8;467.41;467.53;600
20160202 152300;466.01;467.6;466.01;467.6;300
20160202 152400;468.34;468.34;468.34;468.34;100
20160202 152500;467.47;467.91;466.8;467.91;1200
20160202 152600;467.01;467.01;466.01;466.01;700
20160202 152700;466.06;466.06;465.4875;465.4875;1300
20160202 152800;465.47;465.508;465.47;465.508;400
20160202 152900;465.94;466.8;465.3;466.8;400
20160202 153000;466.8;467.61;466.8;467.61;205
20160202 153100;466.04;466.04;465.8201;465.8201;356
20160202 153200;467.23;467.23;467.23;467.23;278
20160202 153500;469.885;469.885;469.885;469.885;100
20160202 153600;466.34;466.34;466.34;466.34;100
20160202 153800;467;467.23;466.46;467.23;1516
20160202 154000;466.46;466.46;466.46;466.46;100
20160202 154200;466.46;466.46;466.46;466.46;100
20160202 154400;466.4;466.4;466.4;466.4;100
20160202 154500;466.6;466.6;466.6;466.6;100
20160202 154600;466.4;466.4;466.4;466.4;100
20160202 154800;464.16;464.16;464.16;464.16;100
20160202 154900;463.9;463.9;463.9;463.9;100
20160202 155000;464.3;466.9;464.3;466.9;200
20160202 155200;463.81;463.81;463.81;463.81;100
20160202 155400;465.49;465.49;465.49;465.49;100
20160202 155500;465.08;465.08;465.08;465.08;100
20160202 155600;465.12;465.2;464.83;464.85;2900
20160202 155800;464.36;464.36;464.3;464.3;200
20160202 155900;464.51;466.24;464.29;464.42;1500
20160202 160000;464.38;465.295;463.49;463.61;4064
20160202 160700;465;465;465;465;7
20160202 160900;463.51;463.51;463.51;463.51;340
20160202 161200;466.9544;466.9544;466.9544;466.9544;600
20160202 163900;463.51;463.51;463.51;463.51;100
20160203 092800;463.51;463.51;463.51;463.51;100
20160203 093700;464.6;464.6;464.15;464.15;300
20160203 094200;464.56;464.56;464.56;464.56;100
20160203 095000;464.99;465;464.455;465;800
20160203 100000;466.73;466.73;466.73;466.73;100
20160203 100100;464.52;464.64;463.82;463.82;1738
20160203 100200;462.13;462.13;461.49;461.985;400
20160203 100300;461.985;461.985;461.305;461.305;1000
20160203 100500;462.57;462.57;460.5;460.5;500
20160203 100600;460;460.82;460;460.82;700
20160203 100700;460.0001;460.0001;459.06;459.1;700
20160203 100800;458.4;458.4;458.4;458.4;100
20160203 100900;458.08;460.49;456.65;456.65;700
20160203 101100;458.47;458.47;456.89;456.89;600
20160203 101300;459;459;459;459;100
20160203 101400;457.0001;457.0001;457.0001;457.0001;200
20160203 101500;458.99;459;458.99;459;200
20160203 101600;458.7;459;457.5;458.31;1200
20160203 101700;457.47;457.47;456.89;456.89;300
20160203 101900;455.93;455.93;455.93;455.93;103
20160203 102000;457.1;458.5;457.1;458.5;2100
20160203 102200;458.72;459.23;458.72;459.23;500
20160203 102400;460;460;460;460;200
20160203 102500;459.15;459.31;458.3;458.3;1000
20160203 102700;459.05;459.05;458.5;458.5;400
20160203 102800;458.01;458.01;457.6;457.6;500
20160203 102900;458.12;459.02;457;457;952
20160203 103000;457.1;457.1;457;457;600
20160203 103100;458.005;458.005;458.005;458.005;100
20160203 103200;456.12;456.12;456.12;456.12;100
20160203 103300;457.05;458;457.05;458;700
20160203 103400;457.93;460.02;457.93;460.02;1300
20160203 103500;459.8;459.8;459.5005;459.8;400
20160203 103600;459.77;459.77;458.6;459.54;1003
20160203 103700;458.57;458.88;458.1;458.1;900
20160203 103800;460.13;460.13;460.13;460.13;100
20160203 103900;458.3;458.3;458.3;458.3;100
20160203 104500;459.36;459.3995;459.36;459.39;300
20160203 104600;459.62;459.62;459.62;459.62;100
20160203 104800;460.0095;460.0095;460;460;200
20160203 105400;459.5401;459.5401;459.5401;459.5401;100
20160203 105500;460.85;461;460.27;461;1200
20160203 105600;460.5;460.86;460.35;460.86;700
20160203 105900;461.22;461.55;461.22;461.55;300
20160203 110100;460.4101;460.4101;460.4101;460.4101;100
20160203 110200;460.41;460.42;459.99;459.99;500
20160203 110300;460.17;460.5;460.17;460.5;200
20160203 111900;459.4801;460.88;459.4801;460.88;300
20160203 112000;460.6;460.93;460.25;460.2975;600
20160203 112100;460.29;460.2995;460.29;460.2995;400
20160203 112300;460.6;460.9915;460.155;460.9915;1300
20160203 112400;460.345;460.345;460.345;460.345;100
20160203 112500;460.6;460.8;460.6;460.8;500
20160203 112600;460.53;460.53;460.53;460.53;100
20160203 112800;460.49;460.89;460.49;460.515;500
20160203 113500;460.12;460.12;460.12;460.12;100
20160203 113800;459.38;459.38;459.38;459.38;100
20160203 114000;460.3;460.3;460.3;460.3;100
20160203 114100;460.64;460.76;460.01;460.66;400
20160203 114200;460.035;460.035;460.035;460.035;100
20160203 114400;460.64;460.64;460.03;460.03;400
20160203 114600;459.51;460.5;459.51;460.5;200
20160203 114700;460.4;460.48;460.045;460.0498;400
20160203 115000;460.32;461.13;460.32;461.13;200
20160203 115100;460.47;460.58;460.125;460.5799;700
20160203 115300;461;461;460.37;460.6128;500
20160203 115600;461.45;461.45;461.45;461.45;100
20160203 120500;462.25;462.25;462.25;462.25;105
20160203 120800;461.24;461.24;461.24;461.24;100
20160203 120900;461.29;461.29;461.01;461.29;766
20160203 121000;461.13;461.49;461.13;461.49;200
20160203 121100;461.49;461.49;460.34;460.34;900
20160203 121200;460.24;460.24;460.24;460.24;100
20160203 121300;460.24;460.24;460.24;460.24;100
20160203 121500;460.63;460.69;460.63;460.69;300
20160203 121600;460.475;460.4893;460.475;460.4893;200
20160203 121800;461.49;461.49;461.49;461.49;100
20160203 122500;461.49;461.49;461.49;461.49;490
20160203 122800;461.12;462.4099;461.12;462.4099;300
20160203 124400;461.42;461.42;461.306;461.306;200
20160203 124500;461.36;461.36;461.36;461.36;300
20160203 124600;461.32;461.32;461.32;461.32;100
20160203 124700;461.36;461.36;461.36;461.36;226
20160203 125800;462.355;462.355;461.4095;461.4095;343
20160203 130500;461.4;461.4;461.2;461.2;413
20160203 130600;459.47;459.47;459.47;459.47;100
20160203 130900;460.92;460.92;460.92;460.92;100
20160203 131400;459.04;459.04;459.04;459.04;100
20160203 132100;461.4;461.4;461.4;461.4;100
20160203 132200;460.5;460.5;460.5;460.5;100
20160203 132700;460.48;460.63;460.39;460.63;1700
20160203 133100;460.535;460.535;460.535;460.535;100
20160203 133800;459.67;459.67;459.67;459.67;100
20160203 140100;459.8;459.8;459.8;459.8;100
20160203 140200;460.81;460.82;460.74;460.82;2300
20160203 140700;462.25;462.25;462.25;462.25;100
20160203 142000;463.04;463.04;461.14;461.14;200
20160203 142300;462.39;463.04;462.39;462.65;600
20160203 142500;464.01;464.01;464.01;464.01;100
20160203 142600;464.27;464.55;464.27;464.55;400
20160203 143300;465.77;465.94;464.26;464.26;5349
20160203 143500;464.11;465;464.11;465;1100
20160203 143600;464.54;465;464.54;465;300
20160203 143700;464.545;464.545;464.545;464.545;100
20160203 143800;465;465;464.99;465;400
20160203 144200;464.99;465;464.0901;464.0901;500
20160203 144700;465;465.34;465;465.34;1000
20160203 145700;464.56;464.56;464.56;464.56;100
20160203 145900;465.69;465.7185;465.69;465.69;500
20160203 150000;465.7;466.4375;465.7;466.4375;200
20160203 151100;466.605;466.605;465.02;465.02;300
20160203 151400;465.78;465.78;465.78;465.78;100
20160203 151700;466.1;466.1;466.1;466.1;100
20160203 152300;465.66;465.66;465.66;465.66;100
20160203 152700;465.63;465.63;465.32;465.32;500
20160203 152800;464.68;464.68;464.68;464.68;100
20160203 153300;464.58;464.76;464.58;464.76;300
20160203 153700;465.05;466.12;465.0301;465.0301;400
20160203 153800;467.17;467.17;467.17;467.17;100
20160203 153900;467.11;467.11;467.11;467.11;100
20160203 154000;466.11;466.11;466.11;466.11;100
20160203 154100;465.35;465.35;464.42;464.42;200
20160203 154200;465.84;465.84;465.84;465.84;100
20160203 154300;465.77;465.77;465.77;465.77;100
20160203 154400;465.61;465.61;465.61;465.61;100
20160203 154500;465.39;465.63;464.785;465.63;1500
20160203 154800;467;468;467;468;320
20160203 155000;467.065;467.065;467.065;467.065;100
20160203 155200;467.065;467.065;467.065;467.065;100
20160203 155300;466.18;466.2;466.13;466.13;1250
20160203 155400;466.13;467.08;465.73;465.73;900
20160203 155500;467.025;467.025;465;465.31;800
20160203 155600;465.44;465.44;465.28;465.28;200
20160203 155700;465.01;465.02;465.01;465.02;400
20160203 155800;465.705;465.705;465.01;465.01;200
20160203 155900;465.43;465.43;465.01;465.05;1100
20160203 160000;464.99;465.6;464.11;464.54;902
20160203 160400;465.79;465.79;465.79;465.79;320
20160203 161000;462.2858;462.2858;462.2858;462.2858;500
20160203 163000;465.79;465.79;465.79;465.79;10
20160204 095300;466.09;466.09;466.09;466.09;100
20160204 095700;466.86;466.86;466.86;466.86;200
20160204 100500;467.45;467.45;467.45;467.45;100
20160204 100600;467.74;467.74;467.73;467.73;500
20160204 100700;467.73;467.74;467.73;467.74;200
20160204 101000;468.67;468.67;468.67;468.67;100
20160204 101500;468.69;468.69;468.69;468.69;100
20160204 103600;472.59;472.59;472.59;472.59;100
20160204 103800;472.1;472.1;472.1;472.1;164
20160204 105300;469.8;469.8;469.8;469.8;100
20160204 110500;467.12;467.12;467.12;467.12;200
20160204 110700;467.13;467.13;467.13;467.13;100
20160204 111400;466.23;466.23;466.23;466.23;100
20160204 112500;468.17;468.17;468.17;468.17;100
20160204 113000;466.54;466.54;466.54;466.54;100
20160204 113100;468.98;468.98;468.98;468.98;100
20160204 115500;469.035;469.035;466.56;466.56;200
20160204 120600;466.75;466.75;466.15;466.15;700
20160204 121900;466.58;466.58;466.58;466.58;100
20160204 122000;465.31;465.31;465.31;465.31;100
20160204 124300;464.41;464.41;464.41;464.41;100
20160204 131700;466.3;466.3;466.3;466.3;100
20160204 131900;465.4;465.4;465.4;465.4;100
20160204 132500;466.53;466.53;466.53;466.53;100
20160204 132700;465.43;465.43;465.12;465.12;200
20160204 133100;465.2;465.2;465.2;465.2;100
20160204 133200;465.87;465.87;465.87;465.87;100
20160204 133700;464.58;464.58;464.58;464.58;100
20160204 133800;465.95;466.27;465.95;466.27;300
20160204 133900;464.59;464.59;464.59;464.59;100
20160204 134100;465.08;465.08;464.5;464.5;496
20160204 134200;463.38;463.38;463.38;463.38;100
20160204 134300;462.67;463.38;462.67;463.38;400
20160204 134400;462.55;462.55;462.33;462.33;300
20160204 135000;463.1;463.1;463.1;463.1;100
20160204 135200;461.475;461.7838;461.475;461.7838;200
20160204 135300;460.9965;461.29;460.93;461.29;300
20160204 135500;461.3;461.99;461.3;461.99;200
20160204 135900;459.88;459.88;459.88;459.88;100
20160204 140000;460.635;460.635;460.635;460.635;100
20160204 140200;460.7;460.7;460.26;460.26;200
20160204 140800;460.3;460.3;460.11;460.11;467
20160204 141000;459.86;459.89;459.86;459.89;200
20160204 141100;458.5095;458.5095;458.226;458.226;200
20160204 143700;460.8726;460.8726;460.8726;460.8726;141
20160204 144600;460.5;460.5;460.5;460.5;100
20160204 144700;460.505;460.505;460.505;460.505;100
20160204 144800;460.5999;461.5;460.28;460.28;936
20160204 144900;461.97;461.97;461.97;461.97;100
20160204 145000;461.97;461.97;461.97;461.97;100
20160204 145100;462.455;462.455;462.455;462.455;100
20160204 145300;463.05;463.05;461.12;461.12;205
20160204 145500;463.99;463.99;463.99;463.99;105
20160204 145600;461.51;461.51;461;461;1000
20160204 145700;461.6;461.6;461.6;461.6;100
20160204 145800;461.41;461.41;461.41;461.41;100
20160204 145900;461.82;461.82;461.82;461.82;235
20160204 150300;462.13;462.13;462.13;462.13;100
20160204 151400;461.91;463.13;461.78;463.13;300
20160204 151600;461.55;461.55;461.55;461.55;100
20160204 151700;463.75;463.75;463.75;463.75;100
20160204 151800;462.585;462.585;462.585;462.585;100
20160204 152000;463.13;463.13;463.13;463.13;100
20160204 152100;461.83;461.83;461.83;461.83;100
20160204 152600;463.395;463.395;463.395;463.395;100
20160204 152900;461.56;463.165;461.56;463.165;200
20160204 153200;462.28;462.28;462.28;462.28;100
20160204 153300;461.95;462.99;461.95;462.99;200
20160204 153400;461.75;463.25;461.75;463.25;500
20160204 153700;463.21;463.21;461.66;462.885;400
20160204 154100;463.9;463.9;463.89;463.89;200
20160204 154400;464.94;466.16;464.94;466.16;200
20160204 154500;464.0413;466.16;463.875;466.16;300
20160204 154600;465.59;466.04;464.52;464.905;700
20160204 155100;464.17;464.17;464.17;464.17;110
20160204 155300;464.97;464.97;464.92;464.92;300
20160204 155400;463.33;463.33;463.33;463.33;100
20160204 155500;466.45;466.45;466.45;466.45;100
20160204 155700;463.63;463.63;463.63;463.63;300
20160204 155900;463.55;463.55;463.55;463.55;100
20160204 160000;464.12;464.52;463.32;463.65;1000
20160204 160300;463.32;463.32;463.32;463.32;355
20160204 160600;463.32;463.32;463.32;463.32;84
20160204 161700;463.7099;463.7099;463.7099;463.7099;800
20160204 163100;463.32;463.32;463.32;463.32;55
20160205 092400;463.32;463.32;463.32;463.32;100
20160205 093600;463.35;463.35;463.32;463.32;500
20160205 095000;464.01;464.01;464.01;464.01;100
20160205 095100;462.15;465;461;461.5;1300
20160205 095200;463.32;463.32;462.3;463.26;400
20160205 095400;461;462.935;459.91;462.935;500
20160205 095500;461.19;461.19;460.28;460.28;300
20160205 095700;460.13;460.13;459.21;459.21;205
20160205 095800;461.995;461.995;460.42;460.42;300
20160205 095900;459.7;459.7;459.7;459.7;100
20160205 100100;461.51;463.5;461.03;461.03;1600
20160205 100200;463.17;463.17;462.3;462.3;200
20160205 100300;463.09;465;462.79;465;3200
20160205 100400;465.515;466.4;465.515;466;500
20160205 100500;466.33;466.33;466.33;466.33;100
20160205 100600;466.33;466.64;466.33;466.64;400
20160205 100700;466.9;467.16;466.9;467.16;200
20160205 100800;467;467.27;467;467.27;588
20160205 100900;465.5;465.5;465.5;465.5;100
20160205 101000;465;465.02;464.5;464.5005;1999
20160205 101600;463.62;463.62;463.62;463.62;100
20160205 101700;464.13;464.13;464.13;464.13;100
20160205 102600;464.33;464.33;462.04;462.04;400
20160205 102700;462.3;462.3;462.3;462.3;100
20160205 103400;464.14;464.22;464.14;464.22;200
20160205 103600;463.33;463.33;463.33;463.33;100
20160205 104300;465.245;465.4873;464.915;465.0095;516
20160205 104600;463.74;463.74;463.74;463.74;100
20160205 110700;463.32;463.32;463.32;463.32;100
20160205 111100;461;461;461;461;100
20160205 111200;460.99;460.99;460.99;460.99;100
20160205 112000;460.99;460.99;460.99;460.99;100
20160205 112300;461.94;461.94;461.94;461.94;100
20160205 112700;461.36;461.36;461.36;461.36;100
20160205 113000;461;461;461;461;100
20160205 113800;461.05;461.05;461.05;461.05;100
20160205 114000;460.99;460.99;460.99;460.99;100
20160205 114700;462.69;462.69;462.69;462.69;100
20160205 115000;462.74;462.74;462.74;462.74;100
20160205 115100;460.98;462.16;460.98;461.095;300
20160205 115600;462.95;462.95;462.95;462.95;100
20160205 120100;461.57;461.57;461.57;461.57;100
20160205 121700;463.02;463.02;461.21;461.21;300
20160205 122100;462.005;462.005;462.005;462.005;100
20160205 122300;462.005;462.005;462.005;462.005;100
20160205 122500;460.99;460.99;460.99;460.99;100
20160205 123000;461.665;461.665;461.665;461.665;204
20160205 123400;461.595;461.595;461.5902;461.595;300
20160205 123500;461;461;461;461;100
20160205 123800;462.09;462.09;462.09;462.09;100
20160205 124000;462.19;463.36;462.19;463.36;300
20160205 124400;462.93;462.93;462.8052;462.905;800
20160205 124500;462.9002;462.905;462.9002;462.905;200
20160205 125600;460.96;463.185;460.96;463.18;500
20160205 125700;463.1042;463.185;463.1042;463.185;200
20160205 130500;464.65;464.65;464.65;464.65;100
20160205 130900;464.79;464.79;464.79;464.79;200
20160205 131000;464.21;464.21;464.21;464.21;100
20160205 131800;465.79;465.79;464.21;464.21;200
20160205 132400;465.58;465.58;465.58;465.58;100
20160205 133600;464.64;464.64;464.64;464.64;100
20160205 134000;463.24;463.24;463.24;463.24;100
20160205 134100;463.74;464.54;463.74;464.54;200
20160205 134600;464.41;464.41;464.41;464.41;100
20160205 135100;464.46;464.46;464.46;464.46;100
20160205 135400;463.24;463.24;463.24;463.24;100
20160205 135500;458.43;458.43;458.43;458.43;100
20160205 140200;464.44;464.44;464.44;464.44;200
20160205 140400;460.48;460.48;460.48;460.48;100
20160205 141500;463.9;463.9;463.05;463.05;200
20160205 141700;461.02;461.02;461.02;461.02;100
20160205 141800;462.84;462.84;462.84;462.84;100
20160205 142100;462.795;462.795;462.795;462.795;100
20160205 142600;463.61;463.61;463.61;463.61;200
20160205 142900;460.24;460.24;460.24;460.24;100
20160205 143300;460.24;460.24;460.24;460.24;100
20160205 143700;460.24;460.24;460.24;460.24;100
20160205 144100;460.31;460.31;460.31;460.31;100
20160205 144600;462.37;462.37;462.37;462.37;100
20160205 145200;465.55;465.55;465.55;465.55;100
20160205 145400;460.98;460.98;460.98;460.98;100
20160205 150300;462.81;462.81;462.81;462.81;100
20160205 150800;462.89;462.89;462.89;462.89;100
20160205 150900;462.91;462.92;462.91;462.92;300
20160205 151100;463.53;463.53;463.48;463.48;200
20160205 151400;463.5;463.5;463.37;463.37;200
20160205 151600;463.13;463.13;463.13;463.13;100
20160205 151900;464.32;464.32;464.32;464.32;100
20160205 152000;464.32;464.32;464.32;464.32;100
20160205 152100;463.73;463.73;463.68;463.68;200
20160205 152200;462.8;462.81;462.8;462.81;219
20160205 152300;462.86;462.87;462.26;462.86;900
20160205 152500;463.935;463.935;463.39;463.7037;400
20160205 152600;463.33;463.33;458.4;458.4;300
20160205 152800;462.49;462.49;462.49;462.49;100
20160205 152900;464.09;464.09;464.09;464.09;100
20160205 153000;460.72;462;460.72;462;200
20160205 153100;463.22;463.22;463.22;463.22;100
20160205 153200;463.29;463.29;463.29;463.29;100
20160205 153300;462.59;462.59;462.59;462.59;100
20160205 153400;461.4;461.4;461.4;461.4;100
20160205 153500;462.18;463.44;461.95;461.95;300
20160205 153600;459.04;459.04;459.04;459.04;100
20160205 153700;462.23;462.23;459.33;459.33;200
20160205 153900;462.2;462.2;462.2;462.2;100
20160205 154000;462.57;462.57;462.57;462.57;100
20160205 154100;460.3;460.3;460.3;460.3;100
20160205 154200;461.63;461.63;461.63;461.63;100
20160205 154300;462.52;462.52;462.52;462.52;100
20160205 154400;464.3;464.31;461.48;461.48;400
20160205 154500;463.16;463.16;463.16;463.16;100
20160205 154700;462.28;462.28;461.72;461.72;200
20160205 154800;462.15;462.15;460.55;461.4;300
20160205 154900;462.58;462.815;462.58;462.815;200
20160205 155000;462.4;462.79;462.4;462.79;200
20160205 155100;461.065;461.065;460.4;460.4;200
20160205 155200;461.43;462.77;461.43;462.77;200
20160205 155300;462.76;462.76;462.76;462.76;100
20160205 155400;459.57;462.75;459.57;462.21;950
20160205 155500;461.68;461.68;458.42;460.2;300
20160205 155600;459.45;460.44;459.45;460.44;400
20160205 155700;460.99;460.99;459.9;459.9;400
20160205 155800;460.54;460.54;459.47;459.47;1100
20160205 155900;460.19;461.39;460.19;461.39;878
20160205 160000;459.98;461.01;459.95;460.51;2114
20160205 160300;459.54;459.54;459.54;459.54;24
20160205 160400;459.54;459.54;459.54;459.54;20
20160205 160600;461.067;461.067;461.067;461.067;600
20160205 160900;461.8582;461.8582;461.8582;461.8582;600
20160205 161200;462.0524;462.0524;462.0524;462.0524;200
20160205 164400;462.0348;462.0348;462.0348;462.0348;111
