20160119 100000;14.325;14.39;14.25;14.31;14100
20160119 100700;14.27;14.41;14.26;14.275;3200
20160119 100900;14.28;14.36;14.28;14.36;3248
20160119 102300;14.31;14.31;14.281;14.2842;4300
20160119 102900;14.271;14.365;14.27;14.365;2320
20160119 103400;14.29;14.29;14.29;14.29;3719
20160119 103500;14.346;14.346;14.346;14.346;1468
20160119 104300;14.3;14.3;14.3;14.3;2282
20160119 104600;14.3;14.415;14.3;14.415;783
20160119 104700;14.3;14.32;14.3;14.32;200
20160119 104800;14.32;14.42;14.32;14.42;6100
20160119 104900;14.345;14.345;14.345;14.345;100
20160119 111900;14.24;14.24;14.24;14.24;997
20160119 112200;14.2;14.21;14.2;14.21;600
20160119 112300;14.27;14.3074;14.2;14.299;4311
20160119 112400;14.3;14.3;14.3;14.3;100
20160119 112500;14.2;14.205;14.182;14.205;7608
20160119 112700;14.195;14.1951;14.19;14.19;3000
20160119 114600;14.41;14.43;14.325;14.375;7799
20160119 114700;14.36;14.46;14.34;14.41;3000
20160119 123800;14.43;14.45;14.43;14.45;400
20160119 131600;14.28;14.4;14.28;14.4;1246
20160119 134400;14.3;14.43;14.27;14.285;3000
20160119 134800;14.39;14.39;14.39;14.39;300
20160119 135500;14.3772;14.3772;14.3772;14.3772;4441
20160119 145600;14.51;14.54;14.42;14.54;14460
20160119 150800;14.26;14.408;14.241;14.408;5400
20160119 151000;14.32;14.32;14.25;14.26;900
20160119 151600;14.241;14.245;14.241;14.245;500
20160119 155900;14.27;14.28;14.27;14.28;532
20160119 160000;14.28;14.28;14.28;14.28;200
20160120 142500;14.2498;14.39;14.2498;14.39;200
20160120 150100;14.39;14.4;14.39;14.4;1100
20160120 152100;14.48;14.48;14.47;14.48;3400
20160121 114000;13.9452;13.9452;13.9452;13.9452;1107
20160121 124100;14.5072;14.5072;14.5072;14.5072;130
20160121 124400;14.5316;14.5316;14.5316;14.5316;104
20160121 125500;14.5242;14.5242;14.5242;14.5242;123
20160121 133500;14;14.29;13.94;13.94;24859
20160121 133600;14.02;14.1;13.95;14.1;25428
20160121 133700;14.0983;14.1;14.06;14.06;4800
20160121 133800;14.14;14.2;14.14;14.2;5500
20160121 134000;14.3;14.3;14.3;14.3;4800
20160121 154000;14.25;14.25;14.25;14.25;1062
20160121 155700;14.25;14.25;14.192;14.192;4213
20160121 155900;14.3053;14.3053;14.3053;14.3053;1953
20160121 160000;14.23;14.23;14.23;14.23;100
20160122 123100;14.72;14.72;14.69;14.69;2600
20160122 130600;14.66;14.66;14.66;14.66;4100
20160122 130700;14.79;14.79;14.79;14.79;4100
20160122 141900;14.61;14.61;14.61;14.61;1391
20160122 143200;14.57;14.62;14.55;14.56;13500
20160122 143300;14.55;14.62;14.55;14.62;500
20160122 143400;14.6101;14.62;14.6101;14.615;4100
20160122 143500;14.64;14.64;14.61;14.63;5065
20160122 143600;14.61;14.61;14.61;14.61;900
20160122 145900;14.52;14.5456;14.446;14.53;18036
20160122 150000;14.54;14.54;14.48;14.52;1900
20160122 150100;14.545;14.545;14.5305;14.545;2800
20160122 150200;14.495;14.52;14.495;14.52;500
20160122 150300;14.535;14.535;14.535;14.535;100
20160122 150500;14.495;14.55;14.47;14.55;2432
20160122 150600;14.5;14.5;14.5;14.5;200
20160122 150700;14.54;14.65;14.54;14.65;700
20160122 150800;14.65;14.65;14.6405;14.6408;5304
20160122 150900;14.64;14.64;14.62;14.62;400
20160122 152400;14.54;14.54;14.54;14.54;2865
20160122 154900;14.54;14.62;14.51;14.53;30561
20160125 094600;14.48;14.68;14.46;14.68;3034
20160125 095400;14.6133;14.6133;14.6133;14.6133;392
20160125 095600;14.48;14.48;14.48;14.48;694
20160125 095700;14.465;14.63;14.461;14.63;3342
20160125 095900;14.5;14.5;14.49;14.49;1300
20160125 100400;14.51;14.51;14.5;14.502;1367
20160125 100700;14.52;14.5734;14.47;14.5734;1754
20160125 101400;14.51;14.51;14.51;14.51;660
20160125 101600;14.62;14.62;14.62;14.62;834
20160125 101700;14.63;14.64;14.61;14.61;2100
20160125 101800;14.52;14.685;14.52;14.685;1000
20160125 102200;14.6645;14.6645;14.6645;14.6645;479
20160125 102700;14.7399;14.7399;14.7399;14.7399;270
20160125 104400;14.59;14.59;14.59;14.59;100
20160125 112100;14.48;14.492;14.48;14.492;4951
20160125 112200;14.6;14.6;14.6;14.6;1000
20160125 113500;14.55;14.55;14.55;14.55;35183
20160125 133300;14.57;14.57;14.57;14.57;400
20160125 133600;14.59;14.59;14.59;14.59;200
20160125 143100;14.55;14.55;14.55;14.55;200
20160125 145300;14.51;14.51;14.48;14.48;2467
20160125 145400;14.595;14.6;14.59;14.59;4600
20160125 145500;14.49;14.59;14.49;14.5796;1326
20160125 152500;14.475;14.4775;14.475;14.4775;300
20160125 152600;14.48;14.48;14.48;14.48;100
20160125 153000;14.465;14.465;14.465;14.465;100
20160125 153200;14.53;14.53;14.53;14.53;100
20160125 153500;14.5;14.53;14.5;14.5201;300
20160125 154900;14.47;14.47;14.47;14.47;100
20160125 155000;14.57;14.57;14.5501;14.5501;200
20160125 155100;14.53;14.53;14.53;14.53;100
20160125 155400;14.53;14.53;14.51;14.52;1400
20160125 155500;14.53;14.53;14.53;14.53;1400
20160125 155600;14.56;14.56;14.555;14.56;2300
20160126 130300;14.6;14.605;14.6;14.605;700
20160126 134900;14.61;14.61;14.61;14.61;3119
20160126 140300;14.61;14.77;14.5701;14.595;3700
20160126 141800;14.695;14.7175;14.695;14.7175;400
20160126 143800;14.68;14.68;14.68;14.68;100
20160126 144100;14.71;14.71;14.71;14.71;400
20160126 144300;14.75;14.75;14.75;14.75;100
20160126 144800;14.75;14.75;14.75;14.75;100
20160126 145600;14.9076;14.9076;14.9076;14.9076;1500
20160126 153500;14.72;14.72;14.72;14.72;100
20160126 153600;14.72;14.85;14.72;14.85;1300
20160127 102900;14.84;14.84;14.84;14.84;1015
20160127 104500;14.7401;14.7401;14.7401;14.7401;467
20160127 143200;14.76;14.79;14.76;14.79;200
20160127 143300;14.78;14.78;14.78;14.78;100
20160127 143400;14.78;14.78;14.78;14.78;100
20160127 143500;14.83;14.83;14.8101;14.8101;200
20160127 143600;14.8;14.8;14.8;14.8;100
20160127 150300;14.8899;14.8899;14.8899;14.8899;1301
20160127 154100;14.8499;14.8499;14.8499;14.8499;698
20160127 160000;14.64;14.64;14.64;14.64;100
20160128 104500;14.8866;14.8866;14.8866;14.8866;226
20160128 114000;14.8;14.8;14.772;14.786;7551
20160128 114200;14.83;14.85;14.83;14.84;1000
20160128 114500;14.83;14.83;14.82;14.82;1000
20160128 124200;14.915;14.915;14.915;14.915;150
20160128 145500;14.855;14.87;14.855;14.87;300
20160128 150100;14.9;14.9;14.9;14.9;150
20160128 150600;14.87;14.87;14.87;14.87;100
20160129 150000;15.2404;15.2404;15.2404;15.2404;1631
20160129 160000;15.2599;15.2599;15.2599;15.2599;500
20160201 115500;15.13;15.265;15.13;15.13;2130
20160201 124100;15.1001;15.1001;15.1001;15.1001;500
20160201 151100;15.162;15.162;15.162;15.162;500
20160201 152400;15.21;15.315;15.18;15.19;9083
20160201 153300;15.22;15.22;15.11;15.11;10243
20160201 153800;15.13;15.135;15.13;15.135;2741
20160201 153900;15.115;15.1151;15.112;15.1121;3054
20160201 154400;15.13;15.13;15.13;15.13;1165
20160201 154900;15.13;15.13;15.13;15.13;100
20160201 160000;15.12;15.12;15.12;15.12;300
20160202 104100;14.905;14.905;14.905;14.905;751
20160202 104700;15.1199;15.1199;15.1199;15.1199;1005
20160202 110900;14.96;14.96;14.96;14.96;100
20160202 120700;14.96;14.96;14.96;14.96;100
20160202 121400;14.9;14.9;14.9;14.9;600
20160202 121900;14.895;14.895;14.895;14.895;300
20160202 122300;14.9;14.9;14.9;14.9;200
20160202 125000;14.8501;14.8501;14.8501;14.8501;250
20160202 125700;14.9;14.9;14.89;14.89;1100
20160202 134200;14.88;14.88;14.88;14.88;100
20160202 140800;14.87;15.02;14.86;14.89;6470
20160202 140900;14.89;14.89;14.89;14.89;100
20160202 141500;14.91;14.91;14.91;14.91;100
20160202 142400;14.87;14.88;14.87;14.87;500
20160202 143400;14.91;14.95;14.905;14.95;1900
20160202 143500;14.95;14.95;14.95;14.95;400
20160202 154300;14.94;14.94;14.94;14.94;200
20160203 095100;15.12;15.12;15.12;15.12;100
20160203 095200;15.12;15.12;15.1;15.12;400
20160203 095300;15.12;15.12;15.12;15.12;100
20160203 095400;15.1;15.1;15.1;15.1;100
20160203 095500;15.11;15.11;15.1;15.11;451
20160203 131800;15.01;15.01;15.01;15.01;2541
20160203 132300;15.02;15.115;15.01;15.01;2462
20160203 133000;15.035;15.0545;15.035;15.0545;544
20160203 143000;15.14;15.14;15.14;15.14;200
20160203 150300;15.15;15.15;15.13;15.13;27500
20160203 152600;15.152;15.155;15.1514;15.1514;620
20160203 160000;15.27;15.27;15.195;15.195;200
20160204 094600;15.21;15.21;15.21;15.21;100
20160204 094700;15.22;15.22;15.22;15.22;100
20160204 094800;15.23;15.23;15.23;15.23;100
20160204 094900;15.26;15.26;15.26;15.26;100
20160204 095200;15.24;15.24;15.24;15.24;100
20160204 095400;15.26;15.26;15.26;15.26;100
20160204 095600;15.28;15.28;15.28;15.28;100
20160204 095800;15.27;15.27;15.27;15.27;1100
20160204 100100;15.28;15.28;15.28;15.28;300
20160204 100500;15.28;15.28;15.28;15.28;300
20160204 100800;15.32;15.32;15.32;15.32;700
20160204 102700;15.32;15.32;15.32;15.32;100
20160204 103000;15.32;15.32;15.32;15.32;100
20160204 103200;15.32;15.32;15.32;15.32;100
20160204 103300;15.32;15.32;15.32;15.32;100
20160204 103500;15.34;15.34;15.34;15.34;100
20160204 103700;15.35;15.35;15.35;15.35;100
20160204 104000;15.35;15.35;15.35;15.35;100
20160204 104200;15.34;15.34;15.34;15.34;100
20160204 104400;15.33;15.33;15.33;15.33;100
20160204 104600;15.32;15.32;15.32;15.32;100
20160204 104800;15.34;15.34;15.34;15.34;100
20160204 104900;15.36;15.36;15.36;15.36;200
20160204 105100;15.31;15.31;15.31;15.31;100
20160204 105300;15.31;15.31;15.31;15.31;100
20160204 105500;15.31;15.31;15.31;15.31;100
20160204 105700;15.31;15.31;15.31;15.31;100
20160204 110000;15.31;15.31;15.31;15.31;100
20160204 110200;15.31;15.31;15.31;15.31;100
20160204 110300;15.36;15.36;15.35;15.35;700
20160204 110400;15.31;15.31;15.31;15.31;100
20160204 110600;15.29;15.29;15.29;15.29;100
20160204 110800;15.29;15.29;15.29;15.29;100
20160204 111000;15.29;15.29;15.29;15.29;100
20160204 111300;15.29;15.29;15.29;15.29;100
20160204 111500;15.29;15.29;15.29;15.29;100
20160204 111700;15.29;15.29;15.29;15.29;100
20160204 111800;15.32;15.32;15.32;15.32;500
20160204 111900;15.4599;15.4599;15.27;15.27;295
20160204 112300;15.27;15.27;15.27;15.27;100
20160204 112500;15.27;15.27;15.27;15.27;100
20160204 112700;15.28;15.28;15.28;15.28;100
20160204 112900;15.29;15.29;15.29;15.29;100
20160204 113100;15.27;15.27;15.27;15.27;100
20160204 113300;15.26;15.26;15.26;15.26;100
20160204 113600;15.28;15.28;15.28;15.28;100
20160204 113700;15.31;15.31;15.31;15.31;600
20160204 113800;15.27;15.27;15.27;15.27;100
20160204 114000;15.27;15.27;15.27;15.27;100
20160204 114300;15.26;15.26;15.26;15.26;100
20160204 114500;15.26;15.26;15.26;15.26;100
20160204 114800;15.24;15.24;15.24;15.24;100
20160204 115000;15.27;15.27;15.27;15.27;500
20160204 115100;15.24;15.24;15.24;15.24;100
20160204 115400;15.25;15.25;15.25;15.25;100
20160204 115500;15.29;15.29;15.29;15.29;100
20160204 115600;15.26;15.26;15.26;15.26;100
20160204 115900;15.26;15.26;15.26;15.26;100
20160204 120000;15.24;15.24;15.24;15.24;100
20160204 120300;15.24;15.24;15.24;15.24;100
20160204 120600;15.25;15.25;15.25;15.25;100
20160204 120800;15.24;15.24;15.24;15.24;100
20160204 121100;15.27;15.27;15.27;15.27;100
20160204 121200;15.29;15.29;15.29;15.29;200
20160204 121400;15.27;15.27;15.27;15.27;100
20160204 121500;15.31;15.31;15.31;15.31;100
20160204 121600;15.27;15.31;15.27;15.31;200
20160204 121900;15.27;15.27;15.27;15.27;100
20160204 122100;15.27;15.27;15.27;15.27;100
20160204 122400;15.26;15.26;15.26;15.26;100
20160204 122700;15.26;15.26;15.26;15.26;100
20160204 122900;15.26;15.26;15.26;15.26;100
20160204 123000;15.31;15.31;15.2905;15.3;700
20160204 123200;15.26;15.26;15.26;15.26;100
20160204 123400;15.26;15.26;15.26;15.26;100
20160204 123700;15.27;15.27;15.27;15.27;100
20160204 124000;15.28;15.28;15.28;15.28;100
20160204 124300;15.28;15.33;15.28;15.33;200
20160204 124400;15.34;15.34;15.34;15.34;400
20160204 124500;15.29;15.29;15.29;15.29;100
20160204 124800;15.29;15.29;15.29;15.29;100
20160204 125100;15.29;15.29;15.29;15.29;100
20160204 125200;15.32;15.32;15.32;15.32;300
20160204 125400;15.31;15.31;15.31;15.31;100
20160204 125600;15.29;15.29;15.29;15.29;100
20160204 125900;15.29;15.29;15.29;15.29;100
20160204 130200;15.29;15.29;15.29;15.29;100
20160204 130400;15.29;15.29;15.29;15.29;100
20160204 130700;15.31;15.31;15.31;15.31;100
20160204 130900;15.31;15.31;15.31;15.31;100
20160204 131200;15.32;15.32;15.32;15.32;100
20160204 131400;15.34;15.34;15.34;15.34;600
20160204 131500;15.4199;15.4199;15.35;15.35;1100
20160204 133000;15.28;15.28;15.28;15.28;100
20160204 133300;15.29;15.29;15.29;15.29;100
20160204 133500;15.29;15.29;15.29;15.29;100
20160204 133800;15.3;15.33;15.3;15.33;390
20160204 134000;15.29;15.29;15.29;15.29;100
20160204 134300;15.28;15.28;15.28;15.28;100
20160204 134400;15.29;15.29;15.29;15.29;100
20160204 134500;15.27;15.27;15.27;15.27;100
20160204 134700;15.27;15.27;15.27;15.27;100
20160204 134800;15.3;15.3;15.3;15.3;200
20160204 135000;15.26;15.26;15.26;15.26;100
20160204 135200;15.26;15.26;15.26;15.26;100
20160204 135400;15.27;15.27;15.27;15.27;100
20160204 135700;15.27;15.27;15.27;15.27;100
20160204 135900;15.28;15.28;15.28;15.28;100
20160204 140000;15.28;15.28;15.28;15.28;100
20160204 140100;15.27;15.27;15.27;15.27;100
20160204 140300;15.285;15.3;15.285;15.3;400
20160204 140400;15.29;15.29;15.29;15.29;100
20160204 140500;15.28;15.28;15.27;15.27;200
20160204 140700;15.24;15.24;15.24;15.24;100
20160204 140800;15.26;15.26;15.26;15.26;600
20160204 140900;15.24;15.25;15.23;15.25;300
20160204 141100;15.25;15.25;15.25;15.25;200
20160204 141300;15.25;15.25;15.25;15.25;100
20160204 141500;15.26;15.26;15.26;15.26;100
20160204 141700;15.26;15.26;15.26;15.26;100
20160204 141900;15.27;15.27;15.27;15.27;100
20160204 142100;15.26;15.26;15.26;15.26;100
20160204 142300;15.28;15.3;15.28;15.3;200
20160204 142500;15.27;15.27;15.27;15.27;100
20160204 142700;15.25;15.25;15.25;15.25;100
20160204 142800;15.29;15.29;15.29;15.29;200
20160204 142900;15.27;15.27;15.27;15.27;100
20160204 143100;15.25;15.25;15.25;15.25;100
20160204 143200;15.27;15.27;15.27;15.27;100
20160204 143300;15.24;15.24;15.24;15.24;100
20160204 143500;15.25;15.25;15.232;15.232;300
20160204 143700;15.25;15.25;15.25;15.25;100
20160204 143900;15.26;15.28;15.26;15.28;300
20160204 144100;15.24;15.24;15.24;15.24;100
20160204 144200;15.25;15.25;15.25;15.25;100
20160204 144400;15.27;15.27;15.27;15.27;100
20160204 144600;15.27;15.27;15.27;15.27;100
20160204 144800;15.27;15.27;15.27;15.27;100
20160204 145000;15.25;15.25;15.25;15.25;100
20160204 145200;15.25;15.25;15.25;15.25;100
20160204 145300;15.224;15.25;15.224;15.25;600
20160204 145500;15.24;15.24;15.24;15.24;100
20160204 145700;15.24;15.24;15.24;15.24;100
20160204 145900;15.25;15.26;15.25;15.26;200
20160204 150000;15.26;15.26;15.26;15.26;100
20160204 150200;15.3;15.32;15.3;15.32;200
20160204 150300;15.32;15.32;15.28;15.28;500
20160204 150500;15.3;15.31;15.3;15.31;700
20160204 150600;15.31;15.31;15.31;15.31;100
20160204 150700;15.28;15.28;15.28;15.28;100
20160204 150800;15.26;15.26;15.26;15.26;100
20160204 151000;15.225;15.24;15.225;15.24;814
20160204 151100;15.26;15.26;15.26;15.26;100
20160204 151300;15.26;15.26;15.26;15.26;100
20160204 151400;15.27;15.27;15.27;15.27;100
20160204 151600;15.28;15.28;15.28;15.28;100
20160204 151700;15.29;15.29;15.29;15.29;100
20160204 151800;15.3;15.3;15.3;15.3;100
20160204 151900;15.3;15.31;15.3;15.31;200
20160204 152000;15.31;15.31;15.31;15.31;100
20160204 152100;15.31;15.31;15.3;15.3;400
20160204 152300;15.28;15.28;15.28;15.28;100
20160204 152400;15.28;15.28;15.28;15.28;100
20160204 152500;15.33;15.33;15.29;15.29;900
20160204 152700;15.26;15.3;15.26;15.3;200
20160204 152800;15.3;15.31;15.3;15.31;200
20160204 152900;15.3;15.3;15.27;15.27;300
20160204 153000;15.27;15.27;15.27;15.27;100
20160204 153200;15.27;15.27;15.27;15.27;100
20160204 153300;15.27;15.27;15.27;15.27;100
20160204 153400;15.27;15.27;15.27;15.27;100
20160204 153500;15.28;15.28;15.28;15.28;100
20160204 153600;15.24;15.24;15.24;15.24;100
20160204 153700;15.25;15.25;15.25;15.25;100
20160204 153800;15.25;15.28;15.25;15.28;1000
20160204 153900;15.28;15.28;15.28;15.28;100
20160204 154000;15.28;15.28;15.28;15.28;100
20160204 154100;15.29;15.29;15.29;15.29;100
20160204 154200;15.25;15.25;15.25;15.25;100
20160204 154300;15.26;15.26;15.25;15.25;200
20160204 154400;15.26;15.26;15.26;15.26;100
20160204 154500;15.25;15.25;15.25;15.25;100
20160204 154600;15.26;15.31;15.26;15.31;600
20160204 154700;15.26;15.26;15.26;15.26;100
20160204 154800;15.27;15.27;15.27;15.27;100
20160204 154900;15.27;15.27;15.27;15.27;200
20160204 155000;15.31;15.31;15.27;15.27;500
20160204 155100;15.262;15.27;15.262;15.27;200
20160204 155200;15.27;15.27;15.27;15.27;100
20160204 155300;15.27;15.31;15.27;15.31;300
20160204 155400;15.31;15.31;15.26;15.26;200
20160204 155500;15.26;15.3;15.26;15.3;1000
20160204 155600;15.26;15.27;15.26;15.27;200
20160204 155700;15.27;15.3;15.26;15.26;300
20160204 155800;15.3;15.3;15.26;15.26;700
20160204 155900;15.31;15.31;15.31;15.31;200
20160204 160000;15.25;15.25;15.25;15.25;100
20160205 152800;15.11;15.11;15.087;15.087;1080
20160205 153000;15.14;15.14;15.1305;15.1305;200
20160205 153100;15.14;15.14;15.1305;15.1305;200
20160205 154500;15.12;15.12;15.12;15.12;100
20160205 154600;15.12;15.12;15.12;15.12;580
20160205 160000;15.08;15.08;15.08;15.08;100
