20160119 111000;3.1301;3.1301;3.1301;3.1301;2672
20160119 111900;3.44;3.44;3.44;3.44;660
20160119 120900;3.22;3.22;3.22;3.22;2000
20160119 124000;3.1701;3.1701;3.1701;3.1701;800
20160119 131200;3.49;3.49;3.49;3.49;270
20160119 131800;3.32;3.32;3.32;3.32;200
20160119 140500;3.174;3.22;3.17;3.17;3920
20160119 155600;3.3151;3.317;3.3;3.317;1600
20160120 104800;3.35;3.35;3.35;3.35;400
20160120 104900;3.35;3.35;3.32;3.32;800
20160120 105000;3.32;3.32;3.32;3.32;300
20160120 105100;3.32;3.32;3.32;3.32;200
20160120 105300;3.32;3.32;3.32;3.32;300
20160120 105600;3.32;3.32;3.32;3.32;200
20160120 121300;3.32;3.32;3.32;3.32;520
20160120 131000;3.32;3.32;3.32;3.32;280
20160120 152200;3.3;3.3;3.3;3.3;980
20160120 152400;3.3;3.3;3.3;3.3;1000
20160120 152800;3.13;3.13;3.12;3.12;200
20160121 114400;3.21;3.21;3.1701;3.1701;300
20160121 114500;3.34;3.34;3.1901;3.1901;500
20160121 114600;3.31;3.31;3.31;3.31;100
20160121 114700;3.21;3.21;3.21;3.21;300
20160121 114800;3.04;3.15;3.04;3.15;300
20160121 114900;3.14;3.15;3.14;3.15;400
20160121 115000;3.07;3.07;3.07;3.07;300
20160121 115100;3.13;3.13;3.13;3.13;100
20160121 115200;3.28;3.28;3.28;3.28;100
20160121 145000;3.16;3.16;3.01;3.16;800
20160121 155800;3.35;3.35;3.35;3.35;1351
20160121 170200;3.6;3.6;3.6;3.6;400
20160122 145700;3.5;3.5;3.5;3.5;300
20160122 151300;3.16;3.16;3.15;3.15;700
20160122 155700;3.3;3.3;3.2501;3.2501;300
20160125 101800;3.9;3.9;3.7;3.7;700
20160125 101900;3.62;3.62;3.62;3.62;100
20160125 102000;3.61;3.61;3.6005;3.6005;200
20160125 102100;3.56;3.56;3.56;3.56;700
20160125 140200;3.36;3.36;3.36;3.36;100
20160125 140300;3.3795;3.3795;3.37;3.37;402
20160125 154500;3.16;3.16;3.0575;3.0575;800
20160125 155800;3.45;3.45;3.45;3.45;200
20160126 155000;3.16;3.16;3.16;3.16;200
20160126 155800;3.09;3.09;3.06;3.06;300
20160127 105500;2.96;2.96;2.96;2.96;200
20160128 103500;2.9;2.9;2.9;2.9;500
20160128 103600;3.2;3.2;3.2;3.2;301
20160128 103800;3.09;3.09;3.07;3.07;200
20160128 103900;3.28;3.28;3.28;3.28;200
20160128 104000;3.3;3.3;3.3;3.3;100
20160128 104100;2.99;2.99;2.99;2.99;300
20160128 104200;2.99;2.99;2.9701;2.9701;200
20160128 104300;3.27;3.27;3.27;3.27;399
20160128 111800;3.32;3.32;3.01;3.01;251
20160128 112200;3.014;3.02;3;3;800
20160128 135500;3;3;3;3;100
20160128 143000;3;3;3;3;300
20160128 151200;2.98;2.98;2.98;2.98;100
20160128 160000;2.52;2.52;2.51;2.51;200
20160129 154100;2.969;2.969;2.969;2.969;400
20160201 101500;2.97;2.97;2.97;2.97;100
20160201 101600;2.91;2.91;2.91;2.91;100
20160201 101700;2.98;2.98;2.98;2.98;200
20160201 102300;2.83;2.83;2.83;2.83;100
20160201 112100;2.53;2.53;2.5;2.5;200
20160201 113800;2.55;2.858;2.49;2.858;1400
20160201 121500;2.58;2.58;2.58;2.58;100
20160201 133900;2.89;2.89;2.89;2.89;100
20160201 134000;2.65;2.65;2.65;2.65;100
20160201 143900;2.7;2.7;2.7;2.7;400
20160201 160000;2.71;2.92;2.7;2.7;1300
20160202 104500;3.05;3.05;3.05;3.05;200
20160202 110700;3.05;3.05;3.05;3.05;200
20160202 112500;3.18;3.2;3.18;3.185;600
20160202 113300;3.5001;3.5001;3.5;3.5;800
20160202 113400;3.5;3.5;3.5;3.5;600
20160202 113500;3.5;3.5099;3.5;3.5;400
20160202 113900;3.5;3.5;3.5;3.5;1245
20160202 114000;3.51;3.51;3.5;3.5;300
20160202 114400;3.5;3.5;3.5;3.5;1655
20160202 115700;3.42;3.4399;3.4001;3.4001;300
20160202 123800;3.405;3.673;3.4;3.673;800
20160202 124000;3.4;3.4;3.4;3.4;100
20160202 124200;3.3;3.35;3.3;3.35;400
20160202 132300;3.17;3.17;3.17;3.17;1300
20160202 153700;3.15;3.15;3.15;3.15;111
20160202 154200;3.1015;3.15;3.1015;3.11;3160
20160202 155900;3.13;3.13;3.13;3.13;100
20160203 110600;3.34;3.34;3.28;3.28;500
20160203 110700;3.26;3.26;3.22;3.23;300
20160203 110800;3.34;3.34;3.34;3.34;400
20160203 111400;3.11;3.11;3.1;3.1;628
20160203 123900;3.35;3.5652;3.35;3.42;3082
20160203 124000;3.5636;3.5636;3.5636;3.5636;200
20160203 124700;3.51;3.51;3.51;3.51;100
20160203 130400;3.6699;3.6699;3.6699;3.6699;1000
20160203 133300;3.5;3.5001;3.5;3.5;3892
20160203 133400;3.5;3.5;3.5;3.5;100
20160203 133900;3.5;3.5;3.5;3.5;1400
20160203 134000;3.5;3.5;3.5;3.5;400
20160203 155800;3.55;3.5599;3.53;3.53;900
20160203 155900;3.53;3.53;3.53;3.53;100
20160203 160000;3.55;3.62;3.55;3.62;3100
20160204 094100;3.7321;3.7321;3.1;3.1;2578
20160204 104000;3.43;3.43;3.43;3.43;300
20160204 104700;3.1001;3.1001;3.1;3.1;1600
20160204 113900;3.2628;3.2628;3.2628;3.2628;700
20160204 144500;3.54;3.54;3.54;3.54;200
20160204 144700;3.5901;3.6;3.5901;3.6;400
20160204 144800;3.61;3.61;3.61;3.61;100
20160204 144900;3.35;3.35;3.35;3.35;400
20160204 145000;3.39;3.39;3.39;3.39;100
20160204 145100;3.16;3.4;3.16;3.4;600
20160204 145400;3.69;3.69;3.69;3.69;200
20160204 145600;3.55;3.55;3.55;3.55;200
20160204 145800;3.5001;3.51;3.5001;3.5005;600
20160204 150000;3.31;3.31;3.31;3.31;100
20160204 150100;3.19;3.36;3.19;3.36;500
20160204 150200;3.37;3.37;3.37;3.37;200
20160204 150400;3.72;3.72;3.55;3.55;200
20160204 150500;3.53;3.53;3.53;3.53;100
20160204 150700;3.65;3.65;3.65;3.65;374
20160205 093800;3.4901;3.5;3.49;3.49;600
20160205 093900;3.66;3.66;3.66;3.66;200
20160205 094000;3.46;3.46;3.4501;3.4501;600
20160205 094300;3.05;3.05;3.05;3.05;100
20160205 094500;3.18;3.19;3.18;3.19;1000
20160205 095700;3.45;3.45;3.45;3.45;400
20160205 095800;3.37;3.37;3.37;3.37;800
20160205 104200;3.2;3.2;3.08;3.08;562
20160205 144900;3.42;3.42;3.42;3.42;100
20160205 145400;3.73;3.73;3.55;3.55;1100
20160205 154500;3.6;3.6;3.6;3.6;100
20160205 160000;3.74;3.7495;3.74;3.7495;200
