20160119 093100;3.5;3.5;3.4999;3.5;1502
20160119 093300;3.5;3.61;3.5;3.61;2080
20160119 093400;3.65;3.65;3.64;3.64;300
20160119 093600;3.61;3.61;3.61;3.61;100
20160119 093700;3.47;3.47;3.41;3.41;3450
20160119 093800;3.42;3.43;3.42;3.43;200
20160119 093900;3.43;3.43;3.4299;3.4299;400
20160119 094000;3.4299;3.4299;3.4299;3.4299;300
20160119 094100;3.4299;3.4299;3.4299;3.4299;400
20160119 094200;3.43;3.43;3.4299;3.4299;2300
20160119 094500;3.43;3.43;3.43;3.43;100
20160119 094800;3.4;3.4;3.4;3.4;1960
20160119 094900;3.4299;3.4299;3.4299;3.4299;150
20160119 095000;3.43;3.43;3.43;3.43;300
20160119 095100;3.43;3.44;3.4001;3.44;2676
20160119 095400;3.465;3.465;3.45;3.465;1882
20160119 095600;3.45;3.45;3.45;3.45;900
20160119 095800;3.4115;3.439;3.4115;3.439;4714
20160119 100700;3.45;3.45;3.45;3.45;1184
20160119 101300;3.437;3.4389;3.437;3.4389;200
20160119 101400;3.422;3.422;3.422;3.422;495
20160119 101500;3.44;3.44;3.44;3.44;100
20160119 101900;3.416;3.416;3.416;3.416;100
20160119 102000;3.416;3.416;3.4001;3.4001;381
20160119 102100;3.4399;3.4399;3.4399;3.4399;625
20160119 102800;3.4283;3.44;3.4;3.4;11470
20160119 102900;3.39;3.39;3.39;3.39;925
20160119 103700;3.418;3.418;3.418;3.418;1000
20160119 104000;3.4299;3.4299;3.4299;3.4299;200
20160119 104600;3.42;3.42;3.42;3.42;1000
20160119 105400;3.42;3.42;3.42;3.42;1200
20160119 110500;3.42;3.42;3.42;3.42;400
20160119 111800;3.42;3.42;3.42;3.42;100
20160119 112600;3.4299;3.4299;3.4299;3.4299;400
20160119 113000;3.4101;3.4101;3.4101;3.4101;300
20160119 113200;3.41;3.41;3.41;3.41;100
20160119 113300;3.41;3.41;3.41;3.41;100
20160119 113500;3.41;3.41;3.41;3.41;200
20160119 114800;3.418;3.418;3.418;3.418;166
20160119 115500;3.41;3.41;3.41;3.41;488
20160119 120200;3.4199;3.4199;3.39;3.39;2579
20160119 121600;3.42;3.42;3.4189;3.4189;400
20160119 122300;3.4026;3.4026;3.4;3.4;2300
20160119 123800;3.39;3.39;3.39;3.39;100
20160119 124800;3.4;3.4;3.4;3.4;427
20160119 125400;3.4;3.4085;3.4;3.4085;200
20160119 131500;3.4;3.4;3.4;3.4;473
20160119 131800;3.402;3.402;3.402;3.402;150
20160119 132000;3.41;3.41;3.4;3.4;200
20160119 132200;3.4099;3.4099;3.4099;3.4099;540
20160119 132300;3.4;3.4;3.4;3.4;100
20160119 133000;3.3922;3.3922;3.3922;3.3922;100
20160119 133400;3.4022;3.4022;3.4022;3.4022;200
20160119 134900;3.4099;3.41;3.3982;3.41;509
20160119 135000;3.4;3.4;3.4;3.4;100
20160119 135100;3.39;3.39;3.38;3.38;1580
20160119 135400;3.38;3.38;3.36;3.36;1400
20160119 135500;3.36;3.36;3.36;3.36;100
20160119 140500;3.35;3.35;3.35;3.35;750
20160119 140900;3.33;3.33;3.33;3.33;100
20160119 143200;3.31;3.31;3.3;3.3;1300
20160119 143300;3.3;3.3;3.3;3.3;100
20160119 143400;3.3;3.3;3.3;3.3;400
20160119 143700;3.2929;3.2929;3.2929;3.2929;100
20160119 144700;3.3;3.3;3.3;3.3;100
20160119 144800;3.3054;3.3054;3.28;3.28;6100
20160119 145300;3.31;3.31;3.295;3.295;200
20160119 145600;3.3;3.3;3.3;3.3;100
20160119 150100;3.3;3.3;3.3;3.3;225
20160119 150200;3.2999;3.2999;3.291;3.291;219
20160119 150700;3.29;3.29;3.29;3.29;2400
20160119 150800;3.29;3.29;3.29;3.29;600
20160119 151000;3.2901;3.2999;3.29;3.2999;1751
20160119 151100;3.29;3.29;3.29;3.29;200
20160119 151200;3.29;3.29;3.29;3.29;711
20160119 151400;3.28;3.29;3.26;3.26;6700
20160119 151800;3.26;3.26;3.26;3.26;500
20160119 152000;3.27;3.27;3.27;3.27;100
20160119 152500;3.2799;3.2799;3.2799;3.2799;1000
20160119 153100;3.27;3.28;3.27;3.28;2000
20160119 153300;3.28;3.28;3.28;3.28;400
20160119 153600;3.28;3.28;3.28;3.28;523
20160119 154600;3.2716;3.2716;3.2716;3.2716;200
20160119 154700;3.27;3.277;3.27;3.277;200
20160119 154800;3.2716;3.2716;3.2716;3.2716;100
20160119 155000;3.2716;3.2716;3.2716;3.2716;100
20160119 155100;3.27;3.27;3.25;3.25;2760
20160119 155200;3.25;3.25;3.25;3.25;380
20160119 155300;3.2516;3.2516;3.2516;3.2516;100
20160119 155400;3.25;3.25;3.21;3.22;5457
20160119 155500;3.22;3.2216;3.22;3.22;400
20160119 155600;3.215;3.22;3.2116;3.2116;1200
20160119 155700;3.21;3.21;3.21;3.21;100
20160119 155800;3.21;3.21;3.21;3.21;100
20160119 155900;3.205;3.22;3.205;3.22;800
20160119 160000;3.22;3.22;3.21;3.21;865
20160119 171700;3.21;3.21;3.21;3.21;2000
20160120 091000;3.49;3.49;3.49;3.49;1
20160120 093100;3.12;3.16;3.11;3.11;1702
20160120 093200;3.11;3.1101;3.08;3.1;6602
20160120 093300;3.11;3.11;3.11;3.11;100
20160120 093900;3.18;3.18;3.18;3.18;100
20160120 094100;3.16;3.16;3.15;3.15;450
20160120 094200;3.14;3.14;3.14;3.14;900
20160120 094600;3.12;3.1299;3.1199;3.1199;500
20160120 094700;3.12;3.12;3.12;3.12;500
20160120 094800;3.1229;3.1229;3.1229;3.1229;100
20160120 094900;3.1211;3.1211;3.11;3.12;2200
20160120 095000;3.113;3.113;3.113;3.113;100
20160120 095100;3.1111;3.1111;3.11;3.11;700
20160120 095200;3.12;3.12;3.12;3.12;1240
20160120 095300;3.1101;3.1101;3.1101;3.1101;100
20160120 095400;3.12;3.12;3.1101;3.1101;200
20160120 095500;3.1299;3.1299;3.1299;3.1299;800
20160120 095700;3.125;3.125;3.12;3.12;3900
20160120 100000;3.1101;3.12;3.11;3.12;560
20160120 100100;3.12;3.13;3.12;3.13;800
20160120 100200;3.1101;3.1101;3.1101;3.1101;200
20160120 100400;3.118;3.118;3.11;3.11;600
20160120 100700;3.11;3.11;3.0799;3.0799;1890
20160120 100900;3.0715;3.0715;3.0715;3.0715;100
20160120 101000;3.07;3.07;3.07;3.07;100
20160120 101100;3.031;3.0311;3.03;3.0311;2200
20160120 101500;3.04;3.05;3.04;3.05;400
20160120 101600;3.07;3.07;3.07;3.07;100
20160120 101800;3.068;3.068;3.04;3.05;1399
20160120 101900;3.05;3.05;3.04;3.04;300
20160120 102200;3.04;3.04;3.04;3.04;300
20160120 102300;3.0405;3.0405;3.04;3.0405;500
20160120 102400;3.0401;3.0401;3.04;3.04;700
20160120 102500;3.04;3.04;3.02;3.02;4308
20160120 102600;3.03;3.03;3.03;3.03;1200
20160120 102800;3.0399;3.0399;3.0399;3.0399;500
20160120 103200;3.03;3.03;3.0299;3.0299;600
20160120 103400;3.02;3.02;3.01;3.01;3090
20160120 103500;3.01;3.01;3;3.0099;7010
20160120 103700;3.01;3.01;3.01;3.01;100
20160120 103800;3.0075;3.0075;3.0075;3.0075;800
20160120 103900;3.006;3.006;3;3;400
20160120 104100;3;3.0001;3;3;4777
20160120 104200;3.009;3.009;2.97;2.97;2711
20160120 104300;2.97;2.98;2.97;2.98;800
20160120 104600;2.98;2.98;2.975;2.975;1200
20160120 104700;2.9711;2.972;2.9711;2.972;1600
20160120 104800;2.98;2.99;2.98;2.98;2049
20160120 105000;2.99;2.99;2.99;2.99;300
20160120 105100;3;3.018;3;3.018;325
20160120 105200;3.0051;3.0051;3.0051;3.0051;1000
20160120 105600;3;3;2.97;2.97;4400
20160120 105700;2.97;2.9712;2.95;2.96;5350
20160120 105800;2.97;2.98;2.97;2.9799;600
20160120 105900;2.9663;2.9684;2.96;2.96;1690
20160120 110200;2.955;2.955;2.955;2.955;100
20160120 110300;2.96;2.96;2.95;2.95;700
20160120 110500;2.9699;2.9699;2.9699;2.9699;100
20160120 110600;2.97;3;2.96;3;2000
20160120 111300;2.9999;2.9999;2.9999;2.9999;200
20160120 112800;3;3;3;3;145
20160120 113500;2.99;3;2.99;3;200
20160120 113600;2.99;2.99;2.98;2.98;1200
20160120 113700;2.97;2.98;2.97;2.98;300
20160120 113800;2.98;2.981;2.97;2.97;3220
20160120 114200;2.97;2.97;2.95;2.95;5200
20160120 114400;2.95;2.9501;2.95;2.9501;3200
20160120 114700;2.93;2.9344;2.93;2.93;2028
20160120 114800;2.94;2.95;2.94;2.95;600
20160120 115900;2.95;2.95;2.95;2.95;500
20160120 120300;2.95;2.9511;2.93;2.93;2300
20160120 121400;2.943;2.96;2.943;2.95;500
20160120 121600;2.9595;2.9595;2.9595;2.9595;5000
20160120 121700;2.9599;2.9599;2.9599;2.9599;300
20160120 121800;2.95;2.96;2.95;2.95;1600
20160120 122000;2.96;2.96;2.96;2.96;200
20160120 122100;2.97;2.98;2.97;2.98;400
20160120 123200;2.98;2.98;2.98;2.98;100
20160120 123400;2.97;2.97;2.97;2.97;100
20160120 123700;2.98;2.98;2.97;2.97;200
20160120 123800;2.98;2.98;2.98;2.98;500
20160120 124000;2.97;2.97;2.97;2.97;800
20160120 125200;2.98;2.99;2.98;2.99;400
20160120 125300;2.985;3;2.985;2.99;6238
20160120 125400;3;3;3;3;300
20160120 130000;3;3;3;3;200
20160120 130200;2.991;2.991;2.991;2.991;320
20160120 130600;3;3;2.99;3;17922
20160120 131000;3;3;3;3;2291
20160120 131800;2.9993;2.9993;2.9993;2.9993;800
20160120 132200;3;3;3;3;100
20160120 132300;3;3;3;3;100
20160120 132500;3.01;3.01;3.01;3.01;100
20160120 132900;3.02;3.02;3.02;3.02;200
20160120 133200;3.02;3.02;3.02;3.02;100
20160120 133400;3.02;3.02;3.02;3.02;1100
20160120 133600;3.02;3.02;3.02;3.02;600
20160120 133700;3.05;3.06;3.05;3.06;200
20160120 133900;3.09;3.09;3.09;3.09;200
20160120 134200;3.1;3.1;3.1;3.1;100
20160120 134300;3.1;3.1;3.1;3.1;300
20160120 134500;3.1;3.1;3.1;3.1;350
20160120 134600;3.1;3.1;3.1;3.1;100
20160120 134900;3.0801;3.0801;3.0801;3.0801;3086
20160120 135200;3.1;3.13;3.1;3.13;1250
20160120 135300;3.17;3.18;3.17;3.18;200
20160120 135700;3.21;3.21;3.21;3.21;599
20160120 140300;3.205;3.205;3.16;3.16;1566
20160120 141000;3.15;3.15;3.15;3.15;100
20160120 141200;3.15;3.15;3.15;3.15;100
20160120 141300;3.15;3.15;3.15;3.15;200
20160120 141900;3.151;3.151;3.151;3.151;100
20160120 142300;3.15;3.15;3.12;3.12;400
20160120 142400;3.11;3.11;3.1;3.1;200
20160120 142500;3.1142;3.1142;3.1142;3.1142;100
20160120 142600;3.0901;3.0901;3.09;3.09;3000
20160120 142700;3.0939;3.0939;3.0939;3.0939;600
20160120 143000;3.09;3.1;3.09;3.1;1100
20160120 143100;3.12;3.12;3.12;3.12;200
20160120 143400;3.115;3.13;3.115;3.13;899
20160120 143500;3.13;3.13;3.13;3.13;100
20160120 144100;3.14;3.14;3.14;3.14;500
20160120 144300;3.15;3.15;3.15;3.15;100
20160120 144400;3.15;3.1501;3.15;3.1501;200
20160120 144500;3.15;3.15;3.15;3.15;400
20160120 145600;3.16;3.17;3.16;3.17;700
20160120 150700;3.18;3.19;3.18;3.19;600
20160120 151600;3.21;3.21;3.21;3.21;300
20160120 151800;3.23;3.24;3.23;3.24;3300
20160120 152100;3.25;3.29;3.25;3.29;400
20160120 152200;3.29;3.3;3.29;3.3;400
20160120 152600;3.31;3.31;3.307;3.307;2100
20160120 152900;3.31;3.31;3.31;3.31;100
20160120 153800;3.31;3.31;3.291;3.291;2089
20160120 153900;3.2918;3.2918;3.2916;3.2916;5988
20160120 154200;3.29;3.29;3.28;3.28;200
20160120 154500;3.28;3.28;3.28;3.28;100
20160120 154600;3.27;3.27;3.24;3.25;929
20160120 154700;3.2411;3.2411;3.2411;3.2411;200
20160120 154800;3.2401;3.2401;3.2401;3.2401;200
20160120 155100;3.25;3.26;3.25;3.26;671
20160120 155300;3.27;3.27;3.27;3.27;300
20160120 155600;3.28;3.29;3.24;3.27;10328
20160120 155700;3.275;3.28;3.27;3.28;1800
20160120 155800;3.27;3.32;3.24;3.27;10678
20160120 155900;3.26;3.32;3.26;3.26;5899
20160120 160000;3.25;3.31;3.25;3.29;4100
20160121 093200;3.33;3.33;3.29;3.29;5100
20160121 093400;3.2666;3.2666;3.2666;3.2666;5000
20160121 093600;3.2392;3.2392;3.2392;3.2392;5000
20160121 093700;3.2214;3.23;3.2204;3.2204;5400
20160121 093900;3.25;3.25;3.2499;3.2499;8017
20160121 094200;3.2804;3.31;3.2804;3.31;9200
20160121 094300;3.29;3.31;3.275;3.275;2576
20160121 094400;3.31;3.39;3.3028;3.33;18200
20160121 094500;3.32;3.32;3.32;3.32;5400
20160121 094600;3.3;3.3;3.3;3.3;100
20160121 094700;3.284;3.3199;3.2811;3.3199;4500
20160121 094900;3.31;3.32;3.31;3.32;900
20160121 095200;3.2999;3.2999;3.2999;3.2999;100
20160121 095400;3.3;3.32;3.2999;3.32;9070
20160121 095700;3.32;3.34;3.3199;3.3199;2800
20160121 095800;3.34;3.37;3.3201;3.3201;1200
20160121 095900;3.3201;3.3201;3.3201;3.3201;200
20160121 100000;3.3201;3.3499;3.3201;3.3499;1000
20160121 100100;3.3201;3.3201;3.3201;3.3201;100
20160121 100200;3.35;3.359;3.35;3.359;1613
20160121 100400;3.3401;3.3601;3.3401;3.3601;300
20160121 100500;3.3801;3.3801;3.3801;3.3801;100
20160121 100600;3.42;3.43;3.4;3.4;1113
20160121 100700;3.44;3.5;3.42;3.5;5006
20160121 100800;3.485;3.5385;3.47;3.5385;5095
20160121 100900;3.56;3.58;3.55;3.55;2400
20160121 101100;3.577;3.59;3.577;3.59;3388
20160121 101200;3.59;3.59;3.585;3.585;1100
20160121 101300;3.585;3.585;3.58;3.5801;1000
20160121 101400;3.59;3.59;3.5899;3.5899;1732
20160121 101500;3.5801;3.5801;3.5801;3.5801;900
20160121 101600;3.58;3.59;3.58;3.59;4912
20160121 101700;3.5899;3.5899;3.581;3.581;370
20160121 101800;3.585;3.59;3.58;3.59;1600
20160121 101900;3.59;3.59;3.58;3.58;900
20160121 102200;3.57;3.57;3.56;3.56;550
20160121 102300;3.547;3.5599;3.5401;3.5401;2100
20160121 102400;3.5401;3.57;3.54;3.55;1300
20160121 102500;3.5401;3.56;3.5401;3.5401;1400
20160121 102600;3.56;3.56;3.56;3.56;400
20160121 102700;3.56;3.56;3.55;3.555;2550
20160121 102800;3.56;3.57;3.56;3.57;1200
20160121 102900;3.585;3.585;3.56;3.56;1200
20160121 103100;3.57;3.58;3.57;3.57;1000
20160121 103200;3.57;3.57;3.57;3.57;100
20160121 103300;3.5659;3.5659;3.5659;3.5659;100
20160121 103600;3.5601;3.57;3.5601;3.57;3700
20160121 103900;3.57;3.57;3.565;3.565;500
20160121 104000;3.57;3.58;3.57;3.58;400
20160121 104300;3.59;3.6;3.59;3.59;1350
20160121 104400;3.58;3.58;3.58;3.58;600
20160121 104500;3.58;3.58;3.575;3.575;639
20160121 104800;3.58;3.6;3.5795;3.6;1000
20160121 105000;3.5925;3.5925;3.59;3.59;900
20160121 105200;3.59;3.6;3.59;3.6;1357
20160121 105400;3.62;3.62;3.61;3.62;4928
20160121 105600;3.62;3.62;3.62;3.62;900
20160121 105700;3.64;3.64;3.64;3.64;100
20160121 110000;3.6302;3.64;3.6302;3.64;4100
20160121 110100;3.63;3.6356;3.628;3.628;600
20160121 110300;3.62;3.62;3.62;3.62;100
20160121 110500;3.616;3.63;3.616;3.63;1073
20160121 110600;3.67;3.7;3.66;3.7;1357
20160121 110700;3.7;3.73;3.7;3.7001;3680
20160121 110800;3.73;3.76;3.73;3.76;1000
20160121 110900;3.7412;3.788;3.7412;3.788;5400
20160121 111100;3.776;3.776;3.776;3.776;1000
20160121 111200;3.78;3.78;3.76;3.76;1600
20160121 111300;3.74;3.77;3.68;3.68;3800
20160121 111600;3.695;3.695;3.68;3.6801;1000
20160121 112000;3.7;3.71;3.7;3.71;540
20160121 112900;3.687;3.687;3.687;3.687;200
20160121 113100;3.7;3.72;3.7;3.72;1500
20160121 113300;3.73;3.73;3.73;3.73;100
20160121 113400;3.7201;3.7201;3.7201;3.7201;100
20160121 113600;3.72;3.72;3.69;3.69;780
20160121 113700;3.7;3.73;3.7;3.73;1100
20160121 113800;3.73;3.74;3.73;3.74;1000
20160121 114200;3.73;3.75;3.73;3.74;2040
20160121 114300;3.74;3.74;3.74;3.74;500
20160121 114600;3.72;3.72;3.72;3.72;100
20160121 114700;3.7001;3.7156;3.7001;3.7156;2698
20160121 114900;3.71;3.7301;3.71;3.72;2200
20160121 115300;3.72;3.77;3.72;3.77;1225
20160121 115400;3.77;3.77;3.77;3.77;100
20160121 115600;3.76;3.76;3.73;3.75;3800
20160121 115700;3.73;3.75;3.73;3.75;400
20160121 115800;3.76;3.76;3.76;3.76;100
20160121 120100;3.76;3.76;3.76;3.76;200
20160121 120700;3.78;3.81;3.78;3.81;2400
20160121 120800;3.82;3.838;3.82;3.83;300
20160121 120900;3.844;3.844;3.844;3.844;200
20160121 121100;3.85;3.86;3.85;3.85;1000
20160121 121200;3.8725;3.8725;3.8725;3.8725;284
20160121 121400;3.88;3.88;3.8686;3.8686;500
20160121 121500;3.88;3.92;3.88;3.92;1600
20160121 121600;3.95;3.95;3.926;3.9471;3388
20160121 121700;3.926;3.926;3.926;3.926;500
20160121 122000;3.9301;3.9301;3.9301;3.9301;200
20160121 122100;3.9238;3.9238;3.9238;3.9238;1000
20160121 122200;3.922;3.922;3.9214;3.9214;450
20160121 122500;3.9007;3.91;3.89;3.91;2478
20160121 122600;3.91;3.937;3.91;3.937;1300
20160121 122700;3.9304;3.9304;3.9304;3.9304;200
20160121 123100;3.93;3.93;3.93;3.93;1000
20160121 123300;3.9101;3.9101;3.9002;3.9002;2211
20160121 123500;3.91;3.91;3.88;3.89;1700
20160121 123800;3.88;3.88;3.88;3.88;100
20160121 123900;3.8492;3.8492;3.8492;3.8492;1000
20160121 124500;3.88;3.88;3.875;3.875;600
20160121 124600;3.88;3.88;3.88;3.88;500
20160121 124900;3.8501;3.8501;3.8501;3.8501;3000
20160121 125000;3.88;3.88;3.88;3.88;100
20160121 125300;3.8756;3.8756;3.8756;3.8756;500
20160121 125500;3.8644;3.8644;3.8644;3.8644;500
20160121 130400;3.872;3.872;3.872;3.872;130
20160121 130800;3.88;3.88;3.88;3.88;100
20160121 130900;3.878;3.878;3.878;3.878;200
20160121 131000;3.881;3.881;3.881;3.881;1000
20160121 132100;3.8799;3.8799;3.8799;3.8799;380
20160121 132200;3.86;3.86;3.86;3.86;850
20160121 132400;3.81;3.81;3.81;3.81;1200
20160121 132600;3.8399;3.8399;3.8399;3.8399;142
20160121 133400;3.81;3.81;3.81;3.81;450
20160121 133500;3.82;3.82;3.82;3.82;100
20160121 134200;3.82;3.82;3.82;3.82;100
20160121 135600;3.805;3.81;3.805;3.81;610
20160121 141100;3.81;3.81;3.81;3.81;303
20160121 141500;3.82;3.82;3.82;3.82;300
20160121 142000;3.8;3.8;3.78;3.8;1900
20160121 144200;3.805;3.805;3.805;3.805;160
20160121 144300;3.826;3.826;3.826;3.826;300
20160121 144400;3.805;3.805;3.805;3.805;200
20160121 144600;3.817;3.817;3.817;3.817;200
20160121 144900;3.805;3.805;3.805;3.805;100
20160121 145100;3.81;3.81;3.795;3.795;300
20160121 145200;3.8;3.81;3.8;3.81;200
20160121 145300;3.84;3.84;3.84;3.84;500
20160121 145400;3.86;3.86;3.86;3.86;500
20160121 150500;3.88;3.88;3.88;3.88;100
20160121 150600;3.87;3.89;3.87;3.89;400
20160121 150700;3.89;3.89;3.89;3.89;500
20160121 150800;3.8755;3.8755;3.8734;3.8734;1300
20160121 150900;3.88;3.88;3.88;3.88;100
20160121 151200;3.88;3.88;3.88;3.88;100
20160121 152200;3.88;3.88;3.88;3.88;1111
20160121 152300;3.88;3.88;3.88;3.88;200
20160121 152600;3.89;3.89;3.89;3.89;500
20160121 153100;3.92;3.92;3.92;3.92;200
20160121 153200;3.93;3.96;3.93;3.96;1857
20160121 153400;3.97;3.97;3.97;3.97;1000
20160121 153500;3.9775;3.9775;3.9775;3.9775;200
20160121 153900;3.98;3.98;3.98;3.98;800
20160121 154000;3.98;3.98;3.9706;3.9706;1150
20160121 154200;3.98;3.98;3.98;3.98;3050
20160121 154300;3.985;3.99;3.985;3.9899;1400
20160121 154500;3.99;3.99;3.99;3.99;100
20160121 154600;3.99;3.99;3.99;3.99;400
20160121 154800;3.9813;3.9813;3.9813;3.9813;100
20160121 154900;3.99;3.99;3.9839;3.985;800
20160121 155100;3.99;3.995;3.99;3.995;649
20160121 155200;3.9902;3.995;3.9902;3.995;200
20160121 155500;4;4;3.995;4;2947
20160121 155600;4;4.0001;4;4.0001;200
20160121 155800;4;4.01;3.999;4.0001;1750
20160121 155900;4.005;4.005;4;4;2000
20160121 160000;4.01;4.01;4;4.01;1107
20160122 074600;4.1;4.1;4.1;4.1;1500
20160122 074700;4.1;4.1;4.1;4.1;1000
20160122 093100;4.04;4.11;4.04;4.11;400
20160122 093200;4.116;4.1199;4.116;4.1199;1600
20160122 093300;4.1199;4.12;4.01;4.092;5020
20160122 093400;4.1099;4.1099;4.1099;4.1099;239
20160122 093500;4.0701;4.0701;4.0701;4.0701;625
20160122 093600;4.08;4.08;4.08;4.08;100
20160122 093700;4.11;4.12;4.11;4.12;1940
20160122 093800;4.12;4.19;4.12;4.185;2455
20160122 093900;4.2;4.2;4.2;4.2;4200
20160122 094000;4.2;4.25;4.2;4.25;1900
20160122 094100;4.25;4.27;4.245;4.249;3559
20160122 094200;4.22;4.22;4.06;4.06;3674
20160122 094300;4.1524;4.1524;4.1524;4.1524;1400
20160122 094600;4.16;4.16;4.15;4.15;1400
20160122 094700;4.17;4.24;4.17;4.24;800
20160122 094800;4.22;4.2343;4.21;4.2343;1100
20160122 094900;4.2;4.2094;4.2;4.2094;1800
20160122 095000;4.2001;4.2001;4.18;4.2;9750
20160122 095400;4.1717;4.1717;4.1717;4.1717;200
20160122 095800;4.1646;4.1646;4.1646;4.1646;1500
20160122 095900;4.18;4.1899;4.18;4.1899;1000
20160122 100000;4.1615;4.189;4.13;4.13;3236
20160122 100200;4.14;4.14;4.1301;4.1301;500
20160122 100300;4.15;4.15;4.15;4.15;500
20160122 100500;4.1699;4.1699;4.1699;4.1699;200
20160122 100600;4.17;4.17;4.17;4.17;965
20160122 100700;4.1699;4.1699;4.1699;4.1699;1000
20160122 100800;4.13;4.17;4.13;4.17;1740
20160122 101000;4.16;4.23;4.16;4.23;1280
20160122 101100;4.24;4.24;4.24;4.24;200
20160122 101200;4.24;4.25;4.24;4.25;2340
20160122 101300;4.27;4.28;4.27;4.28;1200
20160122 101700;4.28;4.28;4.28;4.28;1200
20160122 102100;4.28;4.29;4.27;4.27;500
20160122 102400;4.26;4.26;4.25;4.25;776
20160122 102500;4.27;4.27;4.27;4.27;100
20160122 102800;4.27;4.29;4.27;4.2801;2700
20160122 102900;4.28;4.33;4.28;4.3299;3253
20160122 103000;4.33;4.3332;4.3;4.3;3490
20160122 103100;4.29;4.29;4.29;4.29;153
20160122 103200;4.29;4.34;4.29;4.34;6600
20160122 103400;4.3685;4.4;4.3685;4.3999;5690
20160122 103500;4.4;4.45;4.396;4.45;8800
20160122 103600;4.44;4.44;4.39;4.39;4776
20160122 103700;4.37;4.38;4.35;4.35;1000
20160122 103800;4.34;4.36;4.33;4.3599;1500
20160122 103900;4.36;4.4;4.36;4.4;300
20160122 104400;4.47;4.49;4.47;4.49;356
20160122 104600;4.49;4.49;4.49;4.49;465
20160122 104700;4.49;4.54;4.49;4.54;1000
20160122 104800;4.5201;4.63;4.5201;4.63;7700
20160122 104900;4.63;4.6376;4.62;4.6301;3620
20160122 105000;4.66;4.66;4.576;4.576;3120
20160122 105100;4.52;4.5352;4.5;4.5;1800
20160122 105200;4.5;4.5288;4.48;4.5;4300
20160122 105300;4.38;4.38;4.38;4.38;100
20160122 105500;4.3001;4.3001;4.29;4.29;2400
20160122 105600;4.2999;4.2999;4.2811;4.2811;1300
20160122 105700;4.28;4.31;4.28;4.309;8000
20160122 105800;4.309;4.316;4.309;4.316;3500
20160122 105900;4.33;4.33;4.33;4.33;100
20160122 110200;4.355;4.362;4.32;4.362;9000
20160122 110300;4.36;4.36;4.36;4.36;100
20160122 110400;4.3423;4.3423;4.3423;4.3423;400
20160122 110600;4.376;4.376;4.376;4.376;100
20160122 110700;4.38;4.43;4.38;4.4285;6696
20160122 110800;4.37;4.3701;4.37;4.37;1600
20160122 110900;4.4099;4.4099;4.37;4.37;450
20160122 111000;4.38;4.38;4.38;4.38;400
20160122 111100;4.3999;4.3999;4.3999;4.3999;1500
20160122 111300;4.39;4.39;4.39;4.39;100
20160122 111400;4.388;4.388;4.388;4.388;1000
20160122 111500;4.4;4.4;4.3956;4.3956;1600
20160122 111700;4.4646;4.4646;4.4646;4.4646;300
20160122 111900;4.4101;4.474;4.4101;4.474;2200
20160122 112100;4.48;4.5;4.48;4.4899;4745
20160122 112200;4.49;4.51;4.49;4.51;2300
20160122 112300;4.52;4.52;4.52;4.52;100
20160122 112400;4.5624;4.59;4.5624;4.5899;1415
20160122 112800;4.5;4.51;4.5;4.51;500
20160122 113100;4.4566;4.4566;4.4566;4.4566;150
20160122 113500;4.53;4.53;4.53;4.53;500
20160122 113600;4.5299;4.53;4.5299;4.53;852
20160122 113700;4.51;4.52;4.51;4.52;300
20160122 114000;4.5062;4.5062;4.5062;4.5062;100
20160122 114200;4.51;4.51;4.51;4.51;100
20160122 114300;4.51;4.53;4.4802;4.53;1464
20160122 114400;4.5068;4.52;4.5068;4.52;600
20160122 114500;4.52;4.52;4.52;4.52;100
20160122 115000;4.54;4.55;4.52;4.545;650
20160122 115200;4.5201;4.5201;4.5201;4.5201;2000
20160122 115400;4.56;4.56;4.56;4.56;286
20160122 115500;4.58;4.58;4.58;4.58;200
20160122 120000;4.58;4.59;4.58;4.59;700
20160122 120300;4.59;4.59;4.59;4.59;100
20160122 120500;4.59;4.59;4.59;4.59;100
20160122 120600;4.59;4.59;4.55;4.55;300
20160122 120700;4.54;4.55;4.54;4.54;700
20160122 121000;4.503;4.503;4.503;4.503;400
20160122 121100;4.535;4.55;4.5001;4.54;3608
20160122 121200;4.5138;4.53;4.5138;4.53;600
20160122 121300;4.5021;4.5021;4.5021;4.5021;150
20160122 121800;4.56;4.56;4.56;4.56;100
20160122 122100;4.56;4.56;4.56;4.56;100
20160122 122200;4.55;4.55;4.55;4.55;109
20160122 122600;4.55;4.55;4.55;4.55;555
20160122 122700;4.54;4.54;4.54;4.54;600
20160122 123000;4.54;4.54;4.54;4.54;100
20160122 123800;4.53;4.535;4.53;4.535;200
20160122 124000;4.53;4.53;4.53;4.53;1045
20160122 124100;4.5301;4.5301;4.53;4.5301;1420
20160122 124300;4.53;4.53;4.53;4.53;200
20160122 124600;4.522;4.54;4.5166;4.5166;1500
20160122 124900;4.51;4.51;4.51;4.51;200
20160122 125000;4.53;4.53;4.518;4.518;1900
20160122 125200;4.51;4.51;4.51;4.51;200
20160122 125600;4.509;4.52;4.509;4.52;1600
20160122 125700;4.53;4.53;4.53;4.53;100
20160122 130000;4.5334;4.5334;4.5334;4.5334;500
20160122 130400;4.54;4.54;4.5358;4.54;1760
20160122 130500;4.54;4.54;4.54;4.54;200
20160122 130600;4.54;4.54;4.54;4.54;100
20160122 130700;4.5;4.5;4.5;4.5;300
20160122 131800;4.51;4.51;4.51;4.51;300
20160122 132100;4.515;4.515;4.515;4.515;100
20160122 132300;4.5299;4.53;4.5156;4.53;4848
20160122 132400;4.54;4.5458;4.5385;4.5385;900
20160122 132500;4.55;4.55;4.55;4.55;1100
20160122 132700;4.53;4.53;4.53;4.53;1267
20160122 132800;4.54;4.54;4.54;4.54;200
20160122 132900;4.54;4.54;4.54;4.54;100
20160122 133100;4.54;4.54;4.5;4.5137;1200
20160122 133300;4.54;4.54;4.54;4.54;100
20160122 133500;4.54;4.54;4.54;4.54;100
20160122 133800;4.52;4.52;4.5;4.5;2426
20160122 134000;4.51;4.51;4.51;4.51;1000
20160122 134100;4.5;4.5;4.5;4.5;200
20160122 134300;4.48;4.48;4.48;4.48;100
20160122 135400;4.5;4.5;4.5;4.5;500
20160122 135500;4.51;4.51;4.51;4.51;1000
20160122 135900;4.5;4.5;4.5;4.5;400
20160122 140400;4.49;4.495;4.49;4.495;400
20160122 140500;4.48;4.48;4.48;4.48;100
20160122 140600;4.48;4.48;4.46;4.46;2044
20160122 140700;4.46;4.46;4.46;4.46;100
20160122 140900;4.42;4.42;4.41;4.41;1000
20160122 141000;4.41;4.41;4.41;4.41;100
20160122 141500;4.41;4.422;4.41;4.4215;7100
20160122 141600;4.44;4.44;4.44;4.44;138
20160122 141700;4.45;4.45;4.45;4.45;700
20160122 141900;4.48;4.48;4.477;4.477;1100
20160122 142300;4.45;4.45;4.45;4.45;400
20160122 142400;4.45;4.45;4.4377;4.44;800
20160122 142500;4.44;4.44;4.43;4.43;900
20160122 142600;4.42;4.42;4.42;4.42;110
20160122 142900;4.45;4.45;4.45;4.45;400
20160122 143400;4.48;4.48;4.48;4.48;100
20160122 144000;4.45;4.45;4.42;4.42;1000
20160122 144200;4.42;4.48;4.42;4.48;1500
20160122 144500;4.5;4.5;4.5;4.5;100
20160122 145400;4.5;4.5;4.5;4.5;421
20160122 150000;4.52;4.52;4.51;4.51;510
20160122 150200;4.512;4.512;4.512;4.512;900
20160122 150300;4.53;4.53;4.52;4.52;500
20160122 150400;4.51;4.51;4.45;4.49;1962
20160122 150700;4.4499;4.4499;4.4499;4.4499;500
20160122 150900;4.4266;4.44;4.4266;4.44;1688
20160122 151000;4.43;4.435;4.43;4.435;400
20160122 151300;4.42;4.46;4.42;4.45;800
20160122 151400;4.49;4.49;4.49;4.49;100
20160122 151800;4.49;4.49;4.49;4.49;100
20160122 152000;4.51;4.55;4.49;4.49;13000
20160122 152100;4.49;4.51;4.49;4.49;500
20160122 152200;4.5;4.5;4.5;4.5;200
20160122 152300;4.49;4.5;4.49;4.5;200
20160122 152700;4.4855;4.4855;4.48;4.48;3600
20160122 152800;4.48;4.49;4.48;4.49;500
20160122 152900;4.51;4.54;4.51;4.53;800
20160122 153100;4.53;4.53;4.52;4.52;600
20160122 153200;4.52;4.52;4.52;4.52;400
20160122 153300;4.5146;4.5146;4.5146;4.5146;500
20160122 153500;4.53;4.55;4.53;4.55;3108
20160122 153600;4.545;4.55;4.545;4.55;200
20160122 153700;4.54;4.54;4.54;4.54;1040
20160122 153800;4.54;4.54;4.51;4.51;1412
20160122 154000;4.52;4.52;4.515;4.515;200
20160122 154100;4.52;4.53;4.52;4.53;200
20160122 154500;4.5216;4.5216;4.5216;4.5216;100
20160122 154600;4.5216;4.5216;4.5216;4.5216;100
20160122 154800;4.53;4.54;4.53;4.54;400
20160122 154900;4.5316;4.55;4.5316;4.55;300
20160122 155000;4.541;4.541;4.52;4.52;2621
20160122 155100;4.52;4.52;4.5016;4.5016;300
20160122 155300;4.5016;4.5016;4.5016;4.5016;100
20160122 155400;4.505;4.53;4.5;4.5216;1100
20160122 155500;4.53;4.5359;4.51;4.52;2293
20160122 155600;4.5116;4.5116;4.5116;4.5116;100
20160122 155700;4.52;4.52;4.52;4.52;100
20160122 155800;4.51;4.5101;4.51;4.5101;1000
20160122 155900;4.5116;4.54;4.5;4.54;5539
20160122 160000;4.55;4.55;4.5459;4.55;1094
20160125 084300;4.55;4.55;4.55;4.55;500
20160125 093200;4.63;4.63;4.591;4.591;1300
20160125 093300;4.61;4.61;4.59;4.59;2070
20160125 093500;4.55;4.55;4.31;4.32;11357
20160125 093600;4.3058;4.309;4.17;4.174;4200
20160125 093700;4.17;4.17;4.16;4.16;1722
20160125 093800;4.19;4.19;4.16;4.1614;987
20160125 093900;4.185;4.185;4.16;4.17;1871
20160125 094000;4.19;4.19;4.19;4.19;100
20160125 094100;4.2099;4.22;4.2099;4.22;3423
20160125 094200;4.227;4.38;4.227;4.3411;4800
20160125 094800;4.34;4.34;4.32;4.32;1894
20160125 094900;4.32;4.32;4.32;4.32;100
20160125 095000;4.32;4.323;4.32;4.323;479
20160125 095100;4.32;4.33;4.32;4.32;489
20160125 095300;4.3201;4.3201;4.3201;4.3201;2000
20160125 095600;4.3499;4.3499;4.3499;4.3499;1000
20160125 095700;4.347;4.347;4.347;4.347;888
20160125 100200;4.347;4.3489;4.347;4.3489;1000
20160125 100300;4.3399;4.3399;4.3399;4.3399;270
20160125 100600;4.33;4.33;4.3278;4.33;1700
20160125 100700;4.34;4.35;4.34;4.35;3700
20160125 101600;4.3699;4.3699;4.3699;4.3699;2000
20160125 101800;4.3584;4.359;4.3584;4.359;1450
20160125 101900;4.358;4.358;4.358;4.358;200
20160125 102000;4.34;4.342;4.34;4.342;200
20160125 102200;4.37;4.37;4.37;4.37;200
20160125 102800;4.33;4.33;4.33;4.33;100
20160125 103400;4.37;4.37;4.37;4.37;400
20160125 103900;4.375;4.375;4.375;4.375;500
20160125 104000;4.369;4.369;4.369;4.369;112
20160125 105400;4.33;4.33;4.32;4.32;1200
20160125 105500;4.32;4.3432;4.32;4.3432;511
20160125 110100;4.3696;4.3696;4.3696;4.3696;707
20160125 110200;4.3501;4.3501;4.3501;4.3501;272
20160125 110400;4.35;4.35;4.35;4.35;200
20160125 110600;4.37;4.38;4.37;4.37;1010
20160125 110700;4.35;4.38;4.35;4.38;2600
20160125 111000;4.3501;4.3899;4.35;4.3899;1400
20160125 111500;4.379;4.379;4.374;4.374;800
20160125 112800;4.378;4.378;4.378;4.378;1000
20160125 113600;4.39;4.39;4.33;4.39;3515
20160125 113900;4.38;4.38;4.38;4.38;100
20160125 114400;4.3558;4.3558;4.3558;4.3558;1100
20160125 115000;4.36;4.44;4.36;4.44;600
20160125 120100;4.369;4.369;4.369;4.369;500
20160125 120500;4.3606;4.3606;4.3606;4.3606;479
20160125 122400;4.39;4.39;4.39;4.39;100
20160125 122700;4.348;4.348;4.348;4.348;100
20160125 125200;4.3889;4.3889;4.3889;4.3889;300
20160125 125300;4.35;4.35;4.35;4.35;600
20160125 131200;4.36;4.36;4.36;4.36;100
20160125 131800;4.35;4.35;4.35;4.35;300
20160125 131900;4.35;4.35;4.35;4.35;300
20160125 132300;4.35;4.35;4.35;4.35;100
20160125 132500;4.35;4.35;4.35;4.35;100
20160125 132600;4.35;4.35;4.35;4.35;400
20160125 133300;4.33;4.3698;4.33;4.3698;3501
20160125 134900;4.32;4.32;4.31;4.31;300
20160125 135100;4.3;4.3;4.29;4.2928;827
20160125 135300;4.3;4.3;4.3;4.3;100
20160125 135500;4.32;4.32;4.32;4.32;100
20160125 142100;4.31;4.31;4.31;4.31;100
20160125 143300;4.301;4.301;4.23;4.231;17212
20160125 143400;4.26;4.26;4.26;4.26;300
20160125 144100;4.2553;4.2553;4.2553;4.2553;325
20160125 144800;4.22;4.23;4.21;4.23;1550
20160125 150200;4.21;4.21;4.21;4.21;100
20160125 150700;4.2;4.203;4.2;4.203;1400
20160125 151000;4.2;4.2;4.2;4.2;1808
20160125 151300;4.19;4.19;4.19;4.19;100
20160125 152500;4.19;4.19;4.16;4.16;1677
20160125 152600;4.16;4.175;4.16;4.16;500
20160125 153000;4.18;4.2;4.18;4.2;5600
20160125 153400;4.15;4.15;4.15;4.15;100
20160125 153600;4.15;4.16;4.04;4.06;5101
20160125 153700;4.05;4.0501;4.04;4.05;1100
20160125 153900;4.0501;4.0501;4.0501;4.0501;587
20160125 154300;4.055;4.11;4.055;4.1;2600
20160125 155000;4.089;4.1;4.089;4.1;2000
20160125 155100;4.1;4.1;4.1;4.1;100
20160125 155900;4.109;4.11;4.109;4.11;1100
20160125 160000;4.1;4.1;4.1;4.1;100
20160126 093100;4.06;4.06;4.04;4.04;230
20160126 093200;4.22;4.22;4.22;4.22;100
20160126 093300;4.17;4.17;4.17;4.17;200
20160126 093700;4.1;4.1;4.1;4.1;1331
20160126 093900;4.11;4.11;4.11;4.11;100
20160126 094200;4.109;4.109;4.109;4.109;100
20160126 094500;4.1099;4.1099;4.1099;4.1099;110
20160126 094600;4.11;4.11;4.11;4.11;900
20160126 094700;4.14;4.14;4.11;4.11;1600
20160126 094800;4.105;4.11;4.105;4.11;400
20160126 094900;4.1;4.1;4.01;4.02;1100
20160126 095100;4;4;3.95;3.95;2000
20160126 095200;3.863;3.8863;3.863;3.88;498
20160126 095300;3.85;3.865;3.85;3.8501;3911
20160126 095400;3.89;3.89;3.89;3.89;100
20160126 095500;3.91;3.91;3.91;3.91;650
20160126 095600;3.96;3.96;3.96;3.96;100
20160126 095800;3.91;3.91;3.9;3.9;1903
20160126 100100;3.9;3.9;3.9;3.9;100
20160126 100200;3.9076;3.9076;3.891;3.894;3300
20160126 100300;3.89;3.89;3.89;3.89;200
20160126 100700;3.911;3.911;3.911;3.911;500
20160126 101000;4.0288;4.0288;4.0288;4.0288;200
20160126 101200;4.08;4.08;4.08;4.08;100
20160126 101400;4.09;4.09;4.09;4.09;1101
20160126 101600;4.09;4.09;4.09;4.09;600
20160126 101800;4.084;4.0842;4.084;4.0842;3200
20160126 102100;4.0959;4.0959;4.0959;4.0959;100
20160126 102600;4.1;4.11;4.1;4.11;2000
20160126 103000;4.17;4.17;4.165;4.17;800
20160126 103100;4.169;4.169;4.169;4.169;100
20160126 103500;4.16;4.17;4.16;4.17;800
20160126 103700;4.17;4.17;4.17;4.17;200
20160126 103800;4.1924;4.1924;4.1924;4.1924;200
20160126 103900;4.1863;4.21;4.1863;4.2;1000
20160126 104100;4.2699;4.2699;4.2699;4.2699;600
20160126 104800;4.24;4.24;4.24;4.24;400
20160126 104900;4.24;4.3;4.24;4.3;19925
20160126 105300;4.24;4.24;4.23;4.23;1000
20160126 105800;4.23;4.23;4.161;4.161;1360
20160126 105900;4.17;4.17;4.13;4.17;1300
20160126 110600;4.165;4.165;4.165;4.165;100
20160126 110800;4.1846;4.19;4.1846;4.19;700
20160126 111600;4.19;4.19;4.15;4.16;400
20160126 113800;4.21;4.21;4.21;4.21;400
20160126 114000;4.22;4.22;4.22;4.22;100
20160126 114200;4.2101;4.2101;4.2101;4.2101;2000
20160126 115300;4.24;4.25;4.24;4.25;589
20160126 115500;4.28;4.28;4.28;4.28;100
20160126 115700;4.2799;4.2799;4.2799;4.2799;3000
20160126 115800;4.2722;4.2722;4.2722;4.2722;200
20160126 120000;4.28;4.2899;4.28;4.2899;2200
20160126 120700;4.3;4.31;4.3;4.31;1600
20160126 121000;4.3901;4.3901;4.3901;4.3901;1000
20160126 121100;4.4;4.4;4.4;4.4;800
20160126 123500;4.3999;4.3999;4.3999;4.3999;911
20160126 123600;4.3254;4.3254;4.3254;4.3254;200
20160126 123800;4.32;4.34;4.32;4.34;400
20160126 124600;4.191;4.191;4.191;4.191;100
20160126 124800;4.21;4.21;4.21;4.21;100
20160126 130600;4.25;4.25;4.25;4.25;235
20160126 130700;4.26;4.26;4.26;4.26;500
20160126 131000;4.29;4.29;4.28;4.28;5200
20160126 131200;4.3;4.3;4.3;4.3;600
20160126 132100;4.3271;4.3271;4.3271;4.3271;200
20160126 132300;4.34;4.34;4.34;4.34;100
20160126 132500;4.35;4.35;4.35;4.35;300
20160126 134900;4.37;4.37;4.37;4.37;300
20160126 135000;4.35;4.3799;4.35;4.375;400
20160126 140900;4.32;4.34;4.32;4.335;500
20160126 141100;4.33;4.33;4.33;4.33;100
20160126 142100;4.3168;4.3168;4.3168;4.3168;500
20160126 142200;4.312;4.349;4.301;4.349;2000
20160126 142700;4.36;4.38;4.36;4.38;700
20160126 143500;4.4;4.4;4.4;4.4;800
20160126 143800;4.395;4.395;4.395;4.395;100
20160126 144000;4.4;4.4;4.4;4.4;100
20160126 144400;4.39;4.39;4.36;4.39;1600
20160126 145000;4.31;4.31;4.31;4.31;100
20160126 151100;4.35;4.35;4.35;4.35;100
20160126 151700;4.3524;4.3524;4.3524;4.3524;1150
20160126 151800;4.38;4.38;4.38;4.38;400
20160126 152100;4.35;4.35;4.35;4.35;200
20160126 152200;4.35;4.35;4.35;4.35;100
20160126 152500;4.33;4.35;4.33;4.35;400
20160126 152700;4.36;4.36;4.36;4.36;100
20160126 152800;4.35;4.35;4.35;4.35;100
20160126 153100;4.3322;4.3322;4.32;4.32;700
20160126 153200;4.32;4.32;4.32;4.32;100
20160126 153500;4.33;4.39;4.32;4.39;400
20160126 153700;4.38;4.38;4.38;4.38;100
20160126 153900;4.38;4.38;4.38;4.38;100
20160126 154200;4.312;4.37;4.312;4.37;200
20160126 154800;4.3636;4.3636;4.3636;4.3636;5957
20160126 155000;4.35;4.35;4.35;4.35;100
20160126 155600;4.34;4.34;4.34;4.34;100
20160126 155800;4.34;4.35;4.34;4.34;400
20160126 155900;4.33;4.35;4.33;4.35;400
20160126 160000;4.34;4.34;4.33;4.33;800
20160126 163300;4.33;4.4;4.33;4.4;400
20160126 193600;4.4;4.4;4.4;4.4;300
20160127 094400;4.31;4.31;4.19;4.19;7000
20160127 094700;4.28;4.28;4.24;4.24;400
20160127 095100;4.2793;4.2793;4.2793;4.2793;3000
20160127 095400;4.24;4.24;4.2;4.2;1700
20160127 095500;4.21;4.21;4.21;4.21;300
20160127 101800;4.309;4.309;4.309;4.309;140
20160127 102000;4.31;4.44;4.31;4.44;700
20160127 102800;4.512;4.512;4.512;4.512;250
20160127 103100;4.4966;4.4999;4.4966;4.4999;850
20160127 103300;4.43;4.43;4.38;4.39;1100
20160127 103500;4.39;4.39;4.39;4.39;190
20160127 105000;4.38;4.38;4.38;4.38;850
20160127 105300;4.37;4.37;4.37;4.37;209
20160127 110600;4.35;4.35;4.35;4.35;100
20160127 111100;4.35;4.35;4.35;4.35;300
20160127 111400;4.32;4.37;4.32;4.37;4000
20160127 111700;4.3;4.34;4.3;4.34;1000
20160127 111900;4.33;4.33;4.33;4.33;138
20160127 112100;4.35;4.35;4.35;4.35;100
20160127 112400;4.39;4.42;4.35;4.36;3450
20160127 112500;4.31;4.31;4.3;4.3;2601
20160127 112700;4.23;4.23;4.2;4.2;2999
20160127 113400;4.235;4.235;4.235;4.235;225
20160127 113700;4.27;4.28;4.27;4.28;400
20160127 121400;4.41;4.44;4.41;4.44;200
20160127 122000;4.45;4.45;4.45;4.45;600
20160127 122500;4.45;4.45;4.45;4.45;220
20160127 123000;4.4101;4.4101;4.4101;4.4101;132
20160127 123300;4.414;4.414;4.414;4.414;1000
20160127 130000;4.47;4.48;4.47;4.48;200
20160127 132300;4.445;4.445;4.445;4.445;275
20160127 135200;4.48;4.48;4.48;4.48;2400
20160127 135300;4.46;4.46;4.45;4.45;1200
20160127 135800;4.4666;4.4666;4.4666;4.4666;600
20160127 140100;4.4799;4.4799;4.4799;4.4799;195
20160127 140200;4.49;4.49;4.49;4.49;875
20160127 140500;4.489;4.489;4.489;4.489;994
20160127 140700;4.45;4.45;4.45;4.45;700
20160127 140800;4.42;4.42;4.42;4.42;100
20160127 142300;4.37;4.37;4.3699;4.37;1600
20160127 142500;4.37;4.37;4.37;4.37;100
20160127 142700;4.38;4.39;4.38;4.39;1100
20160127 142800;4.4;4.4;4.397;4.3989;1000
20160127 143100;4.37;4.37;4.37;4.37;100
20160127 143300;4.3761;4.3761;4.3761;4.3761;450
20160127 143500;4.38;4.38;4.38;4.38;100
20160127 143700;4.41;4.41;4.41;4.41;600
20160127 143800;4.42;4.42;4.4;4.4;2600
20160127 144000;4.39;4.43;4.38;4.38;300
20160127 144300;4.3501;4.38;4.3501;4.38;1700
20160127 144500;4.35;4.35;4.35;4.35;300
20160127 145000;4.376;4.376;4.376;4.376;1000
20160127 151000;4.32;4.33;4.32;4.33;600
20160127 151500;4.3436;4.3436;4.29;4.29;680
20160127 152800;4.31;4.318;4.31;4.318;700
20160127 153100;4.3;4.3;4.29;4.3;603
20160127 153900;4.31;4.31;4.31;4.31;700
20160127 154400;4.3;4.3;4.3;4.3;300
20160127 154700;4.3;4.3;4.3;4.3;100
20160127 154800;4.3013;4.31;4.3013;4.31;699
20160127 154900;4.33;4.35;4.33;4.35;300
20160127 155100;4.35;4.35;4.35;4.35;200
20160127 155400;4.35;4.35;4.35;4.35;100
20160127 155600;4.34;4.34;4.34;4.34;400
20160127 155700;4.33;4.33;4.32;4.32;2300
20160127 155800;4.3;4.3;4.29;4.3;500
20160128 093600;4.685;4.74;4.6301;4.74;2601
20160128 093700;4.69;4.69;4.69;4.69;100
20160128 093800;4.66;4.68;4.65;4.65;800
20160128 093900;4.63;4.64;4.63;4.63;600
20160128 094000;4.58;4.58;4.54;4.54;1309
20160128 094100;4.53;4.54;4.53;4.54;1200
20160128 094500;4.54;4.59;4.54;4.56;1000
20160128 095000;4.61;4.63;4.61;4.63;1100
20160128 095100;4.63;4.67;4.607;4.67;700
20160128 095800;4.64;4.65;4.62;4.65;800
20160128 100100;4.62;4.65;4.62;4.65;1000
20160128 100200;4.6;4.66;4.6;4.651;6500
20160128 100800;4.62;4.62;4.62;4.62;100
20160128 100900;4.61;4.61;4.56;4.56;600
20160128 101000;4.541;4.541;4.541;4.541;500
20160128 101600;4.54;4.54;4.54;4.54;100
20160128 101900;4.527;4.527;4.527;4.527;100
20160128 102100;4.5;4.5;4.47;4.47;600
20160128 102200;4.46;4.46;4.46;4.46;800
20160128 102400;4.46;4.46;4.46;4.46;200
20160128 102500;4.48;4.53;4.48;4.5285;1100
20160128 102700;4.52;4.52;4.48;4.48;600
20160128 103000;4.4799;4.48;4.4799;4.48;1199
20160128 104100;4.49;4.54;4.49;4.52;1200
20160128 104400;4.5;4.5;4.5;4.5;100
20160128 104600;4.51;4.51;4.51;4.51;100
20160128 104900;4.5249;4.5249;4.5249;4.5249;500
20160128 105500;4.52;4.52;4.51;4.51;1400
20160128 110400;4.501;4.52;4.501;4.52;500
20160128 110700;4.52;4.54;4.52;4.54;600
20160128 111000;4.56;4.59;4.56;4.5885;1000
20160128 111200;4.59;4.6;4.59;4.6;400
20160128 111300;4.6;4.6;4.6;4.6;400
20160128 111400;4.6;4.6;4.5985;4.6;1800
20160128 111800;4.6001;4.62;4.6001;4.62;1200
20160128 113300;4.6;4.6;4.59;4.59;400
20160128 114200;4.56;4.56;4.55;4.55;300
20160128 115400;4.54;4.54;4.54;4.54;200
20160128 120400;4.55;4.58;4.55;4.57;1200
20160128 123400;4.578;4.578;4.578;4.578;1000
20160128 123800;4.58;4.6;4.58;4.6;200
20160128 124500;4.6;4.6;4.6;4.6;100
20160128 125400;4.59;4.59;4.58;4.58;200
20160128 125600;4.5799;4.58;4.5799;4.58;1400
20160128 130200;4.58;4.58;4.57;4.57;1100
20160128 132200;4.57;4.57;4.57;4.57;400
20160128 132400;4.55;4.55;4.55;4.55;200
20160128 133800;4.5499;4.5499;4.5484;4.5484;1150
20160128 133900;4.55;4.59;4.53;4.58;1400
20160128 134400;4.59;4.59;4.59;4.59;200
20160128 134900;4.59;4.59;4.5762;4.5762;1000
20160128 135500;4.582;4.582;4.582;4.582;200
20160128 140900;4.58;4.58;4.57;4.57;492
20160128 141300;4.59;4.59;4.59;4.59;100
20160128 141400;4.6;4.62;4.59;4.61;2800
20160128 141500;4.61;4.62;4.61;4.62;1200
20160128 141900;4.62;4.62;4.62;4.62;100
20160128 142100;4.61;4.61;4.6;4.6;500
20160128 143500;4.59;4.59;4.58;4.58;1480
20160128 143600;4.59;4.59;4.59;4.59;100
20160128 145400;4.6;4.62;4.6;4.61;1610
20160128 145500;4.6137;4.6137;4.6112;4.6112;300
20160128 145800;4.62;4.62;4.62;4.62;100
20160128 150000;4.6312;4.6312;4.631;4.631;800
20160128 150300;4.63;4.64;4.63;4.64;400
20160128 150400;4.64;4.64;4.64;4.64;500
20160128 150600;4.66;4.66;4.66;4.66;400
20160128 151100;4.67;4.73;4.67;4.72;2960
20160128 151300;4.73;4.73;4.72;4.72;1100
20160128 151400;4.72;4.7226;4.72;4.7226;700
20160128 151600;4.73;4.73;4.73;4.73;100
20160128 151700;4.7201;4.7213;4.7201;4.721;1100
20160128 151900;4.71;4.72;4.66;4.66;7000
20160128 152000;4.67;4.67;4.67;4.67;200
20160128 152200;4.68;4.68;4.68;4.68;100
20160128 152400;4.67;4.69;4.67;4.69;300
20160128 152600;4.69;4.69;4.69;4.69;100
20160128 152700;4.7;4.71;4.7;4.71;200
20160128 152900;4.71;4.71;4.71;4.71;300
20160128 153000;4.72;4.72;4.71;4.71;1680
20160128 153100;4.69;4.69;4.69;4.69;100
20160128 153200;4.67;4.68;4.67;4.68;200
20160128 153300;4.66;4.66;4.64;4.64;400
20160128 153500;4.67;4.67;4.67;4.67;100
20160128 153600;4.66;4.6626;4.65;4.66;1120
20160128 153800;4.66;4.66;4.66;4.66;100
20160128 153900;4.66;4.66;4.66;4.66;100
20160128 154000;4.67;4.68;4.67;4.68;300
20160128 154100;4.67;4.67;4.67;4.67;300
20160128 154400;4.67;4.68;4.67;4.68;300
20160128 154500;4.68;4.68;4.66;4.66;400
20160128 154700;4.638;4.65;4.638;4.65;600
20160128 154900;4.65;4.66;4.65;4.66;400
20160128 155000;4.68;4.68;4.68;4.68;300
20160128 155100;4.68;4.68;4.68;4.68;200
20160128 155200;4.66;4.6601;4.61;4.62;2200
20160128 155300;4.64;4.65;4.64;4.65;800
20160128 155400;4.6468;4.65;4.64;4.64;1799
20160128 155500;4.64;4.64;4.64;4.64;100
20160128 155600;4.65;4.65;4.65;4.65;100
20160128 155700;4.64;4.64;4.64;4.64;100
20160128 155800;4.64;4.64;4.64;4.64;200
20160128 155900;4.64;4.64;4.64;4.64;1698
20160128 160000;4.67;4.67;4.64;4.65;4300
20160129 093200;4.74;4.74;4.74;4.74;100
20160129 093400;4.7364;4.75;4.73;4.75;1018
20160129 093500;4.77;4.77;4.71;4.71;700
20160129 093600;4.73;4.74;4.73;4.74;300
20160129 093800;4.764;4.764;4.764;4.764;440
20160129 093900;4.78;4.78;4.78;4.78;100
20160129 094000;4.798;4.7999;4.798;4.7999;2150
20160129 094100;4.788;4.788;4.76;4.76;600
20160129 094200;4.72;4.72;4.71;4.71;500
20160129 094600;4.72;4.72;4.71;4.71;600
20160129 094700;4.71;4.71;4.71;4.71;270
20160129 095100;4.73;4.73;4.73;4.73;100
20160129 095600;4.7233;4.76;4.72;4.76;2500
20160129 100300;4.79;4.85;4.79;4.8489;3310
20160129 100400;4.87;4.88;4.85;4.87;1400
20160129 100800;4.8734;4.8734;4.8734;4.8734;500
20160129 101200;4.8699;4.8699;4.8699;4.8699;106
20160129 101800;4.8634;4.8634;4.8634;4.8634;500
20160129 101900;4.87;4.87;4.87;4.87;200
20160129 102000;4.87;4.87;4.87;4.87;200
20160129 102500;4.85;4.85;4.85;4.85;120
20160129 103000;4.855;4.855;4.85;4.85;799
20160129 103900;4.801;4.801;4.801;4.801;200
20160129 104000;4.8425;4.8467;4.81;4.8467;1550
20160129 104900;4.8003;4.8003;4.8003;4.8003;340
20160129 105200;4.8499;4.8499;4.8499;4.8499;200
20160129 105500;4.81;4.81;4.75;4.75;4210
20160129 105900;4.75;4.75;4.51;4.51;18490
20160129 110300;4.64;4.66;4.64;4.6524;1408
20160129 110400;4.59;4.5915;4.59;4.591;900
20160129 110500;4.663;4.663;4.663;4.663;2000
20160129 110600;4.665;4.665;4.665;4.665;1500
20160129 112400;4.63;4.63;4.625;4.625;300
20160129 112500;4.6399;4.6399;4.6399;4.6399;1000
20160129 113900;4.621;4.621;4.62;4.62;1200
20160129 114100;4.6;4.603;4.6;4.603;1000
20160129 114200;4.6299;4.6299;4.6299;4.6299;300
20160129 114800;4.611;4.612;4.61;4.61;1700
20160129 115000;4.623;4.623;4.623;4.623;200
20160129 115100;4.61;4.61;4.6;4.6;1244
20160129 115400;4.6;4.6;4.6;4.6;100
20160129 115700;4.6;4.6;4.6;4.6;100
20160129 120500;4.59;4.6;4.59;4.6;694
20160129 121700;4.6;4.6;4.6;4.6;100
20160129 123400;4.62;4.62;4.62;4.62;100
20160129 124000;4.599;4.599;4.599;4.599;100
20160129 133100;4.62;4.62;4.62;4.62;100
20160129 135400;4.6;4.6;4.6;4.6;500
20160129 140200;4.6047;4.6047;4.6047;4.6047;200
20160129 140300;4.62;4.62;4.62;4.62;100
20160129 140600;4.62;4.62;4.62;4.62;100
20160129 142500;4.618;4.618;4.618;4.618;200
20160129 143700;4.61;4.61;4.61;4.61;200
20160129 144500;4.6;4.6;4.6;4.6;130
20160129 144800;4.62;4.62;4.62;4.62;100
20160129 151700;4.61;4.62;4.61;4.62;400
20160129 152800;4.62;4.62;4.62;4.62;200
20160129 153200;4.61;4.61;4.6;4.6;200
20160129 153300;4.605;4.605;4.605;4.605;100
20160129 153400;4.6;4.6;4.6;4.6;353
20160129 153700;4.61;4.61;4.61;4.61;204
20160129 154200;4.61;4.61;4.61;4.61;100
20160129 154700;4.6;4.605;4.59;4.59;8781
20160129 154800;4.58;4.58;4.58;4.58;100
20160129 155000;4.57;4.57;4.56;4.56;538
20160129 155200;4.56;4.56;4.5501;4.5501;800
20160129 155400;4.56;4.57;4.56;4.5601;900
20160129 155700;4.57;4.57;4.57;4.57;100
20160129 155800;4.5687;4.59;4.5687;4.58;1100
20160129 160000;4.5834;4.6;4.5834;4.6;789
20160201 093500;4.46;4.46;4.46;4.46;200
20160201 093600;4.4754;4.4754;4.41;4.42;1500
20160201 093700;4.42;4.42;4.4;4.4;300
20160201 094300;4.4;4.4111;4.4;4.411;1278
20160201 094500;4.3;4.3;4.3;4.3;100
20160201 095000;4.31;4.31;4.3;4.3;200
20160201 095100;4.3;4.35;4.3;4.35;4480
20160201 095200;4.4;4.4;4.4;4.4;876
20160201 095300;4.4;4.4;4.4;4.4;2424
20160201 095400;4.42;4.42;4.41;4.41;500
20160201 095500;4.41;4.41;4.41;4.41;1300
20160201 095600;4.4;4.4;4.37;4.37;800
20160201 095800;4.41;4.41;4.41;4.41;800
20160201 095900;4.41;4.41;4.41;4.41;2300
20160201 100000;4.43;4.43;4.41;4.41;2200
20160201 100100;4.31;4.31;4.3;4.3;600
20160201 100200;4.3;4.3;4.3;4.3;1500
20160201 100300;4.3;4.3099;4.3;4.3;2880
20160201 100400;4.31;4.34;4.31;4.34;1300
20160201 100500;4.337;4.337;4.31;4.31;400
20160201 100600;4.31;4.32;4.31;4.31;900
20160201 100700;4.31;4.32;4.31;4.32;300
20160201 100800;4.32;4.32;4.31;4.31;800
20160201 101000;4.35;4.35;4.35;4.35;200
20160201 101100;4.35;4.35;4.35;4.35;3000
20160201 101200;4.36;4.39;4.36;4.39;900
20160201 101600;4.32;4.32;4.32;4.32;200
20160201 101700;4.32;4.33;4.32;4.32;400
20160201 101800;4.3199;4.3199;4.3199;4.3199;1000
20160201 101900;4.32;4.33;4.32;4.33;600
20160201 102200;4.37;4.47;4.37;4.47;2000
20160201 103000;4.49;4.4929;4.49;4.4929;2500
20160201 103600;4.51;4.51;4.506;4.506;4000
20160201 103700;4.485;4.51;4.485;4.51;400
20160201 103800;4.5;4.5;4.5;4.5;200
20160201 104800;4.5099;4.5099;4.5099;4.5099;100
20160201 104900;4.51;4.51;4.51;4.51;400
20160201 105300;4.5389;4.5389;4.5201;4.5201;596
20160201 105700;4.45;4.45;4.4401;4.4401;2000
20160201 111300;4.45;4.45;4.45;4.45;200
20160201 111900;4.39;4.39;4.39;4.39;100
20160201 112600;4.391;4.391;4.391;4.391;200
20160201 113500;4.4;4.4;4.39;4.39;700
20160201 122600;4.39;4.39;4.39;4.39;400
20160201 123000;4.3852;4.3852;4.3852;4.3852;400
20160201 124400;4.36;4.36;4.36;4.36;100
20160201 133700;4.35;4.35;4.35;4.35;100
20160201 135600;4.3496;4.3496;4.3496;4.3496;1392
20160201 135800;4.334;4.37;4.334;4.37;1100
20160201 140200;4.355;4.355;4.35;4.35;1200
20160201 141300;4.33;4.33;4.33;4.33;106
20160201 141900;4.37;4.37;4.37;4.37;100
20160201 142400;4.37;4.39;4.3699;4.39;1274
20160201 144100;4.3766;4.42;4.3766;4.42;1100
20160201 150500;4.425;4.44;4.41;4.41;900
20160201 152100;4.44;4.44;4.44;4.44;400
20160201 152200;4.46;4.46;4.46;4.46;300
20160201 152900;4.453;4.454;4.45;4.454;500
20160201 153100;4.42;4.46;4.41;4.46;1800
20160201 153200;4.4701;4.4701;4.4701;4.4701;900
20160201 153300;4.49;4.49;4.49;4.49;250
20160201 153600;4.47;4.47;4.47;4.47;300
20160201 153900;4.46;4.46;4.43;4.43;200
20160201 154000;4.45;4.45;4.45;4.45;100
20160201 154500;4.46;4.46;4.46;4.46;100
20160201 154600;4.46;4.46;4.46;4.46;100
20160201 154900;4.4691;4.4691;4.4691;4.4691;100
20160201 155100;4.469;4.4699;4.46;4.46;1100
20160201 155400;4.45;4.45;4.42;4.42;1456
20160201 155500;4.4;4.4;4.39;4.39;1300
20160201 155700;4.39;4.39;4.39;4.39;100
20160201 155800;4.38;4.38;4.35;4.35;900
20160201 155900;4.3599;4.38;4.3599;4.38;1011
20160201 160000;4.38;4.38;4.36;4.36;800
20160202 093100;4.32;4.32;4.03;4.03;1900
20160202 093200;4.05;4.23;4.05;4.23;3498
20160202 093300;4.14;4.14;4.14;4.14;200
20160202 093400;4.14;4.19;4.14;4.19;800
20160202 093500;4.16;4.2748;4.16;4.2748;1100
20160202 093700;4.3;4.31;4.26;4.26;1800
20160202 093800;4.27;4.27;4.268;4.27;1500
20160202 094200;4.329;4.33;4.2;4.32;3680
20160202 095100;4.41;4.41;4.41;4.41;100
20160202 095700;4.4;4.41;4.4;4.41;700
20160202 100000;4.3999;4.3999;4.3999;4.3999;100
20160202 100300;4.3794;4.3794;4.3794;4.3794;4000
20160202 100400;4.4;4.41;4.4;4.41;945
20160202 100700;4.43;4.45;4.43;4.45;200
20160202 101300;4.44;4.46;4.43;4.43;700
20160202 101400;4.4;4.4;4.4;4.4;1600
20160202 101500;4.3632;4.3632;4.3632;4.3632;400
20160202 101600;4.34;4.34;4.34;4.34;170
20160202 102000;4.3799;4.3799;4.34;4.34;1216
20160202 102100;4.3301;4.3301;4.3301;4.3301;200
20160202 102600;4.34;4.34;4.33;4.335;1655
20160202 102800;4.3275;4.3275;4.3275;4.3275;2000
20160202 102900;4.32;4.32;4.3028;4.3028;1900
20160202 103000;4.34;4.34;4.34;4.34;100
20160202 103100;4.34;4.34;4.335;4.34;610
20160202 103200;4.3697;4.3697;4.3697;4.3697;2800
20160202 103300;4.3699;4.3699;4.3699;4.3699;153
20160202 104100;4.37;4.39;4.37;4.39;300
20160202 105200;4.34;4.34;4.34;4.34;200
20160202 105300;4.32;4.32;4.3;4.3;700
20160202 105400;4.3;4.32;4.3;4.32;3400
20160202 105500;4.3;4.35;4.3;4.35;2400
20160202 105600;4.39;4.39;4.39;4.39;570
20160202 105700;4.36;4.4;4.36;4.39;520
20160202 110800;4.4;4.4;4.4;4.4;300
20160202 112100;4.4;4.43;4.4;4.43;3028
20160202 112200;4.45;4.45;4.45;4.45;200
20160202 112300;4.48;4.48;4.48;4.48;183
20160202 112800;4.47;4.47;4.47;4.47;1000
20160202 113000;4.4997;4.4997;4.4997;4.4997;1000
20160202 113800;4.49;4.49;4.49;4.49;420
20160202 113900;4.5;4.5;4.5;4.5;1000
20160202 114900;4.5201;4.5201;4.52;4.52;200
20160202 115400;4.52;4.53;4.52;4.52;2983
20160202 115600;4.5001;4.5001;4.5001;4.5001;150
20160202 115800;4.5;4.5;4.47;4.47;1200
20160202 120600;4.3401;4.3401;4.34;4.34;3100
20160202 120800;4.36;4.52;4.36;4.458;12988
20160202 122600;4.4394;4.4394;4.4394;4.4394;1000
20160202 123600;4.41;4.44;4.38;4.44;800
20160202 124600;4.4;4.4;4.39;4.39;300
20160202 124700;4.37;4.37;4.36;4.36;400
20160202 124800;4.36;4.38;4.36;4.38;1600
20160202 124900;4.41;4.49;4.4099;4.49;2600
20160202 125100;4.49;4.5;4.49;4.49;1600
20160202 125200;4.49;4.51;4.49;4.51;1200
20160202 133100;4.5;4.5;4.5;4.5;100
20160202 133400;4.4757;4.4757;4.4757;4.4757;900
20160202 133500;4.472;4.472;4.472;4.472;300
20160202 135100;4.4855;4.4855;4.4855;4.4855;200
20160202 135300;4.46;4.46;4.46;4.46;1100
20160202 135500;4.5;4.5;4.5;4.5;100
20160202 135800;4.46;4.46;4.4;4.42;1242
20160202 141000;4.3401;4.3401;4.3401;4.3401;300
20160202 141700;4.345;4.345;4.345;4.345;100
20160202 142400;4.34;4.34;4.34;4.34;100
20160202 142800;4.34;4.34;4.34;4.34;100
20160202 142900;4.34;4.34;4.34;4.34;100
20160202 143800;4.36;4.41;4.36;4.41;1200
20160202 144100;4.45;4.45;4.45;4.45;100
20160202 144500;4.4599;4.4599;4.4599;4.4599;1100
20160202 150500;4.3688;4.3688;4.3501;4.3501;2203
20160202 151100;4.34;4.34;4.34;4.34;100
20160202 153100;4.36;4.38;4.36;4.38;400
20160202 153200;4.38;4.4;4.38;4.4;1000
20160202 153300;4.4;4.43;4.4;4.43;700
20160202 153800;4.44;4.45;4.44;4.44;1100
20160202 154200;4.44;4.44;4.44;4.44;100
20160202 154600;4.39;4.4;4.39;4.4;301
20160202 154700;4.39;4.41;4.39;4.41;700
20160202 154800;4.42;4.43;4.42;4.43;200
20160202 154900;4.45;4.46;4.45;4.46;300
20160202 155400;4.44;4.44;4.44;4.44;200
20160202 155600;4.44;4.44;4.44;4.44;200
20160202 155800;4.45;4.48;4.45;4.47;900
20160202 155900;4.48;4.48;4.48;4.48;451
20160202 160000;4.49;4.49;4.47;4.48;1000
20160203 093400;4.33;4.33;4.33;4.33;300
20160203 093500;4.33;4.39;4.33;4.33;2400
20160203 093600;4.33;4.33;4.33;4.33;5900
20160203 093700;4.37;4.44;4.356;4.356;1400
20160203 093800;4.33;4.33;4.33;4.33;100
20160203 094000;4.44;4.44;4.44;4.44;500
20160203 094100;4.47;4.47;4.47;4.47;3800
20160203 094200;4.47;4.47;4.47;4.47;200
20160203 094300;4.46;4.46;4.46;4.46;100
20160203 094400;4.38;4.38;4.38;4.38;200
20160203 094500;4.38;4.38;4.38;4.38;600
20160203 094600;4.38;4.38;4.38;4.38;3800
20160203 094700;4.38;4.4;4.38;4.4;1500
20160203 094800;4.45;4.5;4.45;4.5;500
20160203 094900;4.5;4.54;4.5;4.54;4250
20160203 095000;4.54;4.54;4.54;4.54;200
20160203 095100;4.54;4.54;4.47;4.47;400
20160203 100100;4.42;4.42;4.42;4.42;100
20160203 100200;4.41;4.41;4.41;4.41;100
20160203 100300;4.4;4.4;4.4;4.4;600
20160203 100400;4.4;4.42;4.4;4.42;2600
20160203 100500;4.4001;4.4001;4.4001;4.4001;200
20160203 100600;4.49;4.5;4.49;4.5;300
20160203 100700;4.5;4.5;4.5;4.5;1800
20160203 100800;4.5;4.5;4.4962;4.4962;2274
20160203 100900;4.47;4.47;4.47;4.47;200
20160203 101000;4.43;4.43;4.43;4.43;200
20160203 101100;4.49;4.5;4.49;4.5;300
20160203 101200;4.5;4.5;4.5;4.5;300
20160203 101300;4.5;4.5;4.5;4.5;1600
20160203 101400;4.5;4.5;4.46;4.46;2200
20160203 101500;4.46;4.47;4.45;4.47;600
20160203 101600;4.47;4.47;4.46;4.46;326
20160203 102700;4.39;4.39;4.39;4.39;100
20160203 103000;4.38;4.38;4.38;4.38;400
20160203 103100;4.38;4.38;4.38;4.38;4600
20160203 103600;4.34;4.34;4.34;4.34;600
20160203 103700;4.32;4.33;4.32;4.33;200
20160203 103800;4.33;4.33;4.3;4.3;200
20160203 104000;4.32;4.33;4.32;4.33;300
20160203 104200;4.33;4.33;4.33;4.33;100
20160203 105200;4.37;4.37;4.37;4.37;700
20160203 105300;4.38;4.41;4.38;4.41;7400
20160203 105400;4.41;4.45;4.41;4.45;5500
20160203 105500;4.45;4.46;4.45;4.46;1400
20160203 105600;4.46;4.46;4.46;4.46;400
20160203 105700;4.48;4.48;4.47;4.47;300
20160203 105800;4.46;4.46;4.46;4.46;1200
20160203 105900;4.42;4.42;4.42;4.42;100
20160203 111500;4.4033;4.4899;4.4;4.42;3602
20160203 113500;4.46;4.46;4.46;4.46;100
20160203 113700;4.47;4.47;4.47;4.47;100
20160203 113900;4.48;4.49;4.48;4.49;1100
20160203 115400;4.4604;4.4604;4.4604;4.4604;2000
20160203 120200;4.48;4.48;4.48;4.48;800
20160203 121000;4.48;4.48;4.48;4.48;100
20160203 122300;4.452;4.452;4.452;4.452;100
20160203 122500;4.458;4.458;4.458;4.458;100
20160203 123100;4.4544;4.4544;4.4544;4.4544;500
20160203 123400;4.45;4.45;4.45;4.45;350
20160203 124500;4.45;4.45;4.45;4.45;200
20160203 124700;4.44;4.44;4.44;4.44;200
20160203 124900;4.45;4.45;4.45;4.45;100
20160203 125300;4.45;4.45;4.45;4.45;100
20160203 125500;4.45;4.45;4.45;4.45;200
20160203 130400;4.47;4.47;4.47;4.47;100
20160203 130600;4.477;4.477;4.477;4.477;1478
20160203 131400;4.48;4.48;4.48;4.48;100
20160203 132600;4.48;4.48;4.48;4.48;100
20160203 133500;4.48;4.48;4.48;4.48;300
20160203 134600;4.4401;4.4401;4.4401;4.4401;200
20160203 134700;4.446;4.446;4.446;4.446;115
20160203 135100;4.45;4.45;4.45;4.45;400
20160203 135700;4.4401;4.4401;4.4401;4.4401;500
20160203 135900;4.445;4.445;4.445;4.445;100
20160203 140300;4.44;4.4401;4.44;4.4401;1600
20160203 140700;4.44;4.44;4.44;4.44;300
20160203 141000;4.4211;4.423;4.4211;4.423;1000
20160203 143400;4.431;4.431;4.431;4.431;100
20160203 145700;4.4499;4.45;4.4499;4.45;2100
20160203 151200;4.42;4.45;4.42;4.45;900
20160203 153100;4.45;4.45;4.45;4.45;17700
20160203 153500;4.45;4.45;4.45;4.45;200
20160203 154100;4.445;4.445;4.445;4.445;100
20160203 154200;4.45;4.45;4.45;4.45;200
20160203 154300;4.45;4.45;4.45;4.45;100
20160203 154400;4.45;4.45;4.45;4.45;200
20160203 154700;4.45;4.45;4.44;4.44;450
20160203 154900;4.45;4.45;4.45;4.45;100
20160203 155200;4.45;4.47;4.45;4.47;200
20160203 155400;4.48;4.48;4.48;4.48;1506
20160203 155500;4.471;4.48;4.471;4.48;2788
20160203 155600;4.47;4.475;4.47;4.47;1094
20160203 155800;4.49;4.5;4.48;4.48;1480
20160203 155900;4.47;4.47;4.46;4.46;500
20160203 160000;4.46;4.48;4.46;4.48;500
20160204 093100;4.65;4.65;4.65;4.65;100
20160204 093300;4.59;4.62;4.57;4.62;2700
20160204 093400;4.55;4.55;4.52;4.52;600
20160204 093500;4.52;4.52;4.52;4.52;3501
20160204 093600;4.52;4.52;4.51;4.52;3008
20160204 093700;4.53;4.72;4.53;4.71;2152
20160204 093800;4.71;4.72;4.71;4.72;1900
20160204 093900;4.72;4.72;4.694;4.71;3900
20160204 094000;4.75;4.75;4.75;4.75;100
20160204 094100;4.74;4.7425;4.73;4.7425;2800
20160204 094200;4.74;4.74;4.69;4.69;1100
20160204 094300;4.65;4.65;4.56;4.56;600
20160204 094500;4.58;4.58;4.58;4.58;200
20160204 094600;4.58;4.62;4.58;4.58;700
20160204 094900;4.6599;4.6599;4.6599;4.6599;470
20160204 095200;4.65;4.65;4.65;4.65;400
20160204 100000;4.7;4.7;4.6301;4.6301;2900
20160204 100400;4.63;4.63;4.6;4.6;900
20160204 100700;4.57;4.6;4.57;4.6;1000
20160204 100800;4.571;4.5855;4.54;4.54;3100
20160204 101100;4.6;4.6;4.57;4.6;5900
20160204 101200;4.6;4.67;4.6;4.67;12500
20160204 101300;4.68;4.68;4.67;4.68;1100
20160204 101400;4.68;4.7;4.68;4.69;5300
20160204 101500;4.67;4.67;4.66;4.66;700
20160204 101600;4.68;4.68;4.67;4.68;3547
20160204 101700;4.68;4.68;4.68;4.68;2847
20160204 101800;4.68;4.68;4.68;4.68;200
20160204 101900;4.68;4.68;4.68;4.68;100
20160204 102000;4.68;4.698;4.68;4.698;1700
20160204 102100;4.68;4.68;4.63;4.67;1800
20160204 102200;4.67;4.69;4.67;4.67;500
20160204 102400;4.65;4.65;4.65;4.65;300
20160204 102800;4.66;4.67;4.66;4.67;300
20160204 102900;4.67;4.67;4.67;4.67;700
20160204 103000;4.67;4.67;4.67;4.67;600
20160204 103100;4.67;4.67;4.67;4.67;500
20160204 103200;4.67;4.67;4.67;4.67;600
20160204 103300;4.669;4.67;4.669;4.67;1700
20160204 103400;4.67;4.67;4.66;4.6685;3580
20160204 104400;4.66;4.66;4.66;4.66;100
20160204 105100;4.64;4.64;4.64;4.64;100
20160204 105900;4.64;4.64;4.64;4.64;100
20160204 110300;4.61;4.61;4.61;4.61;200
20160204 110500;4.6;4.6;4.6;4.6;400
20160204 110800;4.582;4.582;4.52;4.5408;2700
20160204 111000;4.53;4.53;4.53;4.53;100
20160204 111200;4.58;4.58;4.58;4.58;100
20160204 112800;4.566;4.566;4.566;4.566;150
20160204 113000;4.54;4.54;4.53;4.53;3200
20160204 113100;4.53;4.53;4.52;4.52;400
20160204 113200;4.53;4.57;4.53;4.57;900
20160204 113300;4.57;4.57;4.57;4.57;2600
20160204 113400;4.59;4.59;4.58;4.58;333
20160204 113500;4.57;4.57;4.57;4.57;100
20160204 113600;4.57;4.57;4.54;4.54;3067
20160204 114300;4.54;4.56;4.54;4.56;400
20160204 114400;4.57;4.57;4.57;4.57;100
20160204 114500;4.57;4.57;4.57;4.57;800
20160204 114600;4.57;4.57;4.57;4.57;700
20160204 114700;4.57;4.57;4.57;4.57;1700
20160204 114800;4.57;4.57;4.53;4.53;700
20160204 120300;4.5499;4.5499;4.5499;4.5499;2000
20160204 121000;4.5428;4.5428;4.5428;4.5428;500
20160204 123400;4.59;4.59;4.59;4.59;100
20160204 124600;4.59;4.59;4.59;4.59;100
20160204 124900;4.56;4.57;4.56;4.57;1100
20160204 125300;4.51;4.51;4.51;4.51;100
20160204 130300;4.56;4.56;4.56;4.56;100
20160204 131000;4.56;4.5699;4.56;4.5699;900
20160204 134200;4.54;4.54;4.54;4.54;100
20160204 135800;4.55;4.55;4.55;4.55;100
20160204 143100;4.56;4.56;4.56;4.56;100
20160204 143900;4.54;4.54;4.54;4.54;100
20160204 144000;4.54;4.54;4.54;4.54;100
20160204 144700;4.5001;4.5001;4.5001;4.5001;161
20160204 145700;4.54;4.54;4.5399;4.5399;1600
20160204 150700;4.54;4.54;4.52;4.52;200
20160204 151200;4.5227;4.5227;4.5227;4.5227;1000
20160204 153000;4.5399;4.5399;4.5399;4.5399;800
20160204 153200;4.54;4.54;4.531;4.531;2300
20160204 153400;4.53;4.53;4.53;4.53;600
20160204 153900;4.53;4.56;4.53;4.56;3004
20160204 154500;4.5575;4.5575;4.5575;4.5575;1800
20160204 154800;4.56;4.58;4.5599;4.58;3310
20160204 155100;4.5822;4.5822;4.5822;4.5822;4000
20160204 155400;4.58;4.58;4.58;4.58;300
20160204 155600;4.58;4.58;4.58;4.58;300
20160204 155800;4.5838;4.5838;4.5801;4.5801;290
20160204 155900;4.59;4.59;4.59;4.59;200
20160204 160000;4.61;4.61;4.6;4.6;1300
20160204 181100;4.65;4.65;4.65;4.65;200
20160205 093200;4.7;4.7;4.6;4.6;1700
20160205 093300;4.55;4.55;4.42;4.44;900
20160205 093400;4.42;4.44;4.42;4.42;2300
20160205 093500;4.42;4.42;4.42;4.42;3800
20160205 093600;4.41;4.42;4.4;4.42;1500
20160205 093700;4.42;4.6;4.42;4.6;5000
20160205 093800;4.63;4.73;4.63;4.71;500
20160205 093900;4.73;4.73;4.71;4.71;1500
20160205 094000;4.71;4.73;4.71;4.73;3100
20160205 094100;4.73;4.73;4.68;4.68;2400
20160205 094200;4.67;4.67;4.67;4.67;650
20160205 094300;4.67;4.67;4.66;4.67;800
20160205 094400;4.66;4.67;4.66;4.67;1400
20160205 094500;4.67;4.67;4.67;4.67;700
20160205 094600;4.67;4.68;4.6601;4.68;3351
20160205 094700;4.7;4.7;4.69;4.69;400
20160205 094800;4.67;4.68;4.67;4.68;700
20160205 094900;4.68;4.68;4.68;4.68;100
20160205 095300;4.69;4.7;4.69;4.7;1700
20160205 095600;4.693;4.693;4.693;4.693;200
20160205 095700;4.69;4.69;4.69;4.69;500
20160205 095800;4.6701;4.72;4.67;4.67;1176
20160205 095900;4.6833;4.69;4.6833;4.69;4689
20160205 100100;4.68;4.72;4.68;4.72;1600
20160205 100500;4.69;4.69;4.69;4.69;2300
20160205 100800;4.68;4.69;4.68;4.69;700
20160205 100900;4.72;4.72;4.72;4.72;200
20160205 101000;4.72;4.72;4.72;4.72;200
20160205 101200;4.6837;4.6837;4.6837;4.6837;1500
20160205 101300;4.68;4.68;4.68;4.68;365
20160205 101500;4.67;4.67;4.67;4.67;100
20160205 101800;4.67;4.67;4.57;4.58;1915
20160205 101900;4.65;4.67;4.65;4.67;200
20160205 102000;4.64;4.64;4.5536;4.57;2400
20160205 102100;4.63;4.63;4.62;4.62;500
20160205 102300;4.55;4.55;4.55;4.55;500
20160205 102500;4.58;4.58;4.55;4.55;6041
20160205 103200;4.53;4.53;4.5299;4.5299;500
20160205 103500;4.56;4.57;4.56;4.57;1200
20160205 105900;4.5468;4.5468;4.5468;4.5468;200
20160205 111800;4.5218;4.5218;4.5218;4.5218;200
20160205 112000;4.5;4.506;4.49;4.506;589
20160205 112600;4.49;4.49;4.49;4.49;880
20160205 114000;4.493;4.493;4.493;4.493;500
20160205 114400;4.45;4.45;4.44;4.44;300
20160205 114500;4.42;4.42;4.42;4.42;200
20160205 115200;4.43;4.43;4.43;4.43;100
20160205 115800;4.4599;4.4599;4.4599;4.4599;500
20160205 120300;4.458;4.458;4.458;4.458;880
20160205 122000;4.45;4.45;4.44;4.44;1586
20160205 122800;4.433;4.433;4.433;4.433;200
20160205 123000;4.4599;4.4599;4.44;4.44;1400
20160205 123900;4.46;4.46;4.46;4.46;100
20160205 124400;4.4535;4.4535;4.4535;4.4535;500
20160205 125400;4.45;4.45;4.43;4.44;1408
20160205 125600;4.43;4.45;4.42;4.45;10000
20160205 125700;4.43;4.43;4.42;4.42;600
20160205 131200;4.46;4.46;4.46;4.46;100
20160205 132500;4.45;4.45;4.45;4.45;100
20160205 135100;4.4422;4.4422;4.4422;4.4422;2000
20160205 135400;4.42;4.42;4.42;4.42;400
20160205 140400;4.426;4.426;4.426;4.426;200
20160205 141100;4.41;4.41;4.31;4.32;2530
20160205 141500;4.3101;4.3101;4.3101;4.3101;1000
20160205 141600;4.32;4.32;4.32;4.32;100
20160205 142700;4.3201;4.3201;4.3201;4.3201;142
20160205 143400;4.34;4.34;4.34;4.34;100
20160205 144100;4.35;4.35;4.35;4.35;100
20160205 144300;4.3746;4.3746;4.3746;4.3746;200
20160205 144500;4.41;4.41;4.41;4.41;100
20160205 150500;4.3601;4.3601;4.3601;4.3601;1000
20160205 152100;4.39;4.39;4.39;4.39;100
20160205 153100;4.37;4.37;4.36;4.36;1700
20160205 153200;4.35;4.35;4.35;4.35;100
20160205 153400;4.34;4.34;4.34;4.34;200
20160205 153700;4.342;4.342;4.342;4.342;140
20160205 153900;4.35;4.35;4.35;4.35;100
20160205 154100;4.34;4.34;4.34;4.34;200
20160205 154400;4.35;4.35;4.345;4.35;500
20160205 155100;4.36;4.36;4.36;4.36;100
20160205 155400;4.36;4.36;4.36;4.36;100
20160205 155700;4.352;4.36;4.352;4.36;280
20160205 155800;4.36;4.37;4.3578;4.37;5800
20160205 155900;4.37;4.37;4.32;4.33;5920
20160205 160000;4.33;4.35;4.33;4.35;1445
