20160121 092900;9.28;9.75;9.28;9.75;1510
20160121 093000;9.44;9.44;9.3;9.3;2100
20160121 093100;9.23;9.24;9.23;9.24;700
20160121 093900;9.222;9.36;9.2205;9.26;17432
20160121 094000;9.24;9.24;9.24;9.24;200
20160121 100400;9.245;9.25;9.09;9.25;14959
20160121 102600;9.37;9.38;9.12;9.37;10387
20160121 102700;9.38;9.38;9.34;9.34;2427
20160121 105200;9.345;9.38;9.22;9.38;12347
20160121 105500;9.36;9.36;9.36;9.36;1565
20160121 110800;9.356;9.425;9.2;9.3208;8363
20160121 113600;9.35;9.37;9.2;9.37;11609
20160121 141000;9.3;9.3;9.3;9.3;100
20160121 155500;9.395;9.395;9.3312;9.3312;459
20160122 102000;9.69;9.7;9.69;9.69;7360
20160122 105500;9.6;9.6;9.6;9.6;400
20160122 144200;9.572;9.572;9.572;9.572;380
20160125 104800;9.5813;9.5813;9.5813;9.5813;175
20160125 160000;9.43;9.43;9.43;9.43;100
20160126 144700;9.64;9.65;9.64;9.65;1100
20160126 152700;9.61;9.61;9.61;9.61;496
20160127 105900;9.758;9.76;9.75;9.76;4400
20160127 110000;9.75;9.75;9.75;9.75;1050
20160127 110200;9.74;9.74;9.74;9.74;100
20160127 141000;9.8;9.8;9.8;9.8;100
20160127 141700;9.8;9.8;9.8;9.8;900
20160127 150100;9.8;9.8;9.8;9.8;125
20160127 150700;9.751;9.751;9.751;9.751;391
20160128 100700;9.9401;9.9401;9.9401;9.9401;600
20160128 113300;9.94;9.94;9.94;9.94;600
20160128 114300;9.9099;9.9099;9.9099;9.9099;200
20160128 114800;9.9099;9.9099;9.9099;9.9099;200
20160128 115300;9.91;9.91;9.91;9.91;200
20160128 120300;9.92;9.92;9.92;9.92;200
20160128 120400;9.92;9.92;9.92;9.92;200
20160128 135900;9.94;9.94;9.94;9.94;200
20160128 140000;9.94;9.95;9.94;9.95;500
20160128 142000;9.9899;9.9899;9.9899;9.9899;200
20160128 142400;9.99;9.99;9.99;9.99;2538
20160128 143900;9.9999;9.9999;9.9999;9.9999;200
20160128 145700;9.9899;9.9899;9.9899;9.9899;200
20160128 151400;9.99;9.99;9.99;9.99;200
20160128 153000;9.9899;9.9899;9.9899;9.9899;100
20160128 155300;9.9752;9.98;9.97;9.9779;1900
20160128 155400;9.98;9.98;9.97;9.98;4400
20160128 155500;9.98;9.98;9.97;9.97;2600
20160128 155600;9.99;9.99;9.97;9.97;2000
20160128 155700;9.99;9.99;9.97;9.97;939
20160129 095400;10.12;10.12;10.12;10.12;100
20160129 102200;10.17;10.17;10.17;10.17;100
20160129 103500;10.08;10.1095;10.08;10.1095;500
20160129 104300;10.12;10.12;10.115;10.115;800
20160129 111200;10.16;10.16;10.16;10.16;200
20160129 112400;10.07;10.07;10.07;10.07;100
20160129 114200;10.08;10.09;10.07;10.07;2216
20160129 115000;10;10;10;10;278
20160129 115400;10.1099;10.1099;10.1099;10.1099;300
20160129 133300;10.07;10.07;10.07;10.07;1200
20160129 133500;10;10;10;10;500
20160129 144100;10.0472;10.0472;10.0472;10.0472;1000
20160129 145300;10.06;10.06;10.06;10.06;200
20160129 153200;10.07;10.07;10.07;10.07;101
20160129 154700;10.08;10.08;10.08;10.08;100
20160129 155000;10.08;10.08;10.08;10.08;372
20160129 155700;10.09;10.09;10.09;10.09;100
20160201 093000;10.09;10.09;10.09;10.09;2
20160201 130300;9.9799;9.9799;9.9799;9.9799;100
20160201 140600;9.9768;9.99;9.9175;9.9175;1000
20160202 093000;10.02;10.02;10.02;10.02;108
20160202 135300;9.769;9.769;9.769;9.769;200
20160202 155300;9.7599;9.7599;9.7599;9.7599;100
20160204 102800;10.214;10.214;10.214;10.214;300
20160204 104700;10.25;10.27;10.25;10.27;200
20160204 112700;10.16;10.16;10.16;10.16;100
20160204 121100;10.19;10.19;10.19;10.19;100
20160204 121200;10.19;10.19;10.19;10.19;100
20160204 122300;10.19;10.19;10.19;10.19;100
20160204 134700;10.17;10.17;10.17;10.17;100
20160204 152000;10.1599;10.1599;10.1599;10.1599;496
20160205 093000;10.08;10.08;10.06;10.06;105
20160205 093100;10.11;10.12;10.11;10.12;200
20160205 101800;9.99;9.99;9.99;9.99;200
20160205 101900;9.99;9.99;9.99;9.99;100
20160205 104300;9.91;9.9101;9.87;9.87;1100
20160205 110300;9.96;9.96;9.96;9.96;200
20160205 110400;9.96;9.97;9.96;9.97;200
20160205 110500;9.96;9.96;9.96;9.96;100
20160205 120800;9.97;9.97;9.97;9.97;200
20160205 120900;9.96;9.96;9.96;9.96;900
20160205 123200;9.9899;9.9899;9.9899;9.9899;400
20160205 124900;9.99;9.99;9.99;9.99;1100
20160205 131700;9.99;9.99;9.99;9.99;400
20160205 133000;9.98;9.98;9.98;9.98;100
20160205 135100;9.97;9.97;9.97;9.97;100
20160205 152800;9.97;9.97;9.9454;9.97;2600
20160205 153100;9.97;9.97;9.96;9.96;3000
20160205 154700;9.969;9.969;9.959;9.959;1000
