20160119 093400;1.35;1.35;1.3439;1.3439;3473
20160119 095200;1.34;1.44;1.33;1.44;1000
20160119 100100;1.33;1.3975;1.33;1.3975;800
20160119 105000;1.336;1.336;1.33;1.33;1900
20160119 111900;1.33;1.3301;1.33;1.33;2204
20160119 130400;1.33;1.3301;1.33;1.3301;1140
20160119 133400;1.33;1.33;1.33;1.33;2105
20160119 140000;1.331;1.331;1.331;1.331;963
20160119 144900;1.34;1.34;1.33;1.33;800
20160119 145600;1.34;1.34;1.34;1.34;400
20160119 151100;1.34;1.34;1.34;1.34;1000
20160119 151800;1.34;1.34;1.34;1.34;100
20160119 154700;1.36;1.36;1.36;1.36;400
20160119 155900;1.37;1.37;1.37;1.37;100
20160120 094400;1.444;1.45;1.444;1.4489;6000
20160120 094700;1.39;1.39;1.39;1.39;100
20160120 094800;1.43;1.43;1.43;1.43;500
20160120 094900;1.43;1.43;1.43;1.43;100
20160120 095900;1.3901;1.3901;1.3901;1.3901;1150
20160120 100800;1.39;1.39;1.39;1.39;8200
20160120 100900;1.37;1.37;1.37;1.37;100
20160120 101400;1.3518;1.3518;1.3518;1.3518;1303
20160120 103700;1.37;1.37;1.369;1.37;700
20160120 103900;1.37;1.38;1.37;1.38;300
20160120 110000;1.38;1.39;1.38;1.39;200
20160120 112200;1.369;1.369;1.369;1.369;500
20160120 112500;1.363;1.363;1.36;1.36;4100
20160120 112600;1.36;1.36;1.36;1.36;200
20160120 132000;1.36;1.36;1.36;1.36;1800
20160120 132100;1.34;1.34;1.23;1.23;18200
20160120 132500;1.24;1.24;1.24;1.24;100
20160120 132600;1.24;1.28;1.22;1.22;2600
20160120 135000;1.29;1.29;1.28;1.29;1600
20160120 135300;1.28;1.28;1.28;1.28;1000
20160120 140600;1.3;1.3;1.3;1.3;5000
20160120 141300;1.3;1.3;1.3;1.3;2700
20160120 142300;1.29;1.29;1.29;1.29;100
20160120 142500;1.28;1.28;1.28;1.28;911
20160120 151400;1.3;1.3;1.3;1.3;600
20160120 151600;1.3;1.3;1.295;1.295;1800
20160120 151700;1.3;1.3;1.3;1.3;1089
20160120 151900;1.295;1.295;1.28;1.28;8170
20160120 152900;1.3;1.3;1.3;1.3;500
20160120 153100;1.3;1.3;1.3;1.3;100
20160120 153500;1.31;1.31;1.3;1.31;6300
20160120 154400;1.31;1.31;1.31;1.31;100
20160120 154700;1.31;1.31;1.3011;1.302;700
20160120 155300;1.31;1.31;1.31;1.31;200
20160120 155400;1.32;1.32;1.32;1.32;1100
20160120 155900;1.32;1.32;1.3;1.32;2251
20160120 160000;1.32;1.32;1.32;1.32;300
20160121 111200;1.42;1.42;1.42;1.42;1000
20160121 112900;1.44;1.44;1.44;1.44;250
20160121 123500;1.4338;1.4338;1.4338;1.4338;1100
20160121 130500;1.4349;1.4349;1.4349;1.4349;267
20160121 135700;1.4301;1.4301;1.4301;1.4301;200
20160121 135900;1.4301;1.4301;1.43;1.43;600
20160121 140000;1.4301;1.44;1.4301;1.44;200
20160121 140800;1.44;1.44;1.44;1.44;200
20160121 145700;1.44;1.44;1.44;1.44;100
20160121 154300;1.4316;1.4316;1.4316;1.4316;200
20160121 154500;1.4316;1.4316;1.4316;1.4316;100
20160121 154800;1.4316;1.4316;1.4316;1.4316;100
20160121 155000;1.4316;1.4316;1.4316;1.4316;100
20160121 155100;1.4316;1.4316;1.4316;1.4316;200
20160121 155200;1.4316;1.4316;1.4316;1.4316;100
20160121 155300;1.4316;1.4316;1.4316;1.4316;100
20160121 155500;1.4316;1.44;1.4316;1.4316;400
20160121 155600;1.4316;1.4316;1.4316;1.4316;100
20160121 155700;1.4316;1.4316;1.4316;1.4316;100
20160121 155800;1.435;1.44;1.4316;1.4316;700
20160121 155900;1.4339;1.4339;1.43;1.4316;400
20160121 161600;1.43;1.43;1.43;1.43;59
20160122 100200;1.43;1.43;1.43;1.43;350
20160122 100600;1.44;1.44;1.43;1.43;3650
20160122 101600;1.43;1.43;1.43;1.43;300
20160122 102700;1.42;1.42;1.42;1.42;991
20160122 103400;1.42;1.42;1.42;1.42;100
20160122 103500;1.42;1.42;1.4;1.4;609
20160122 104500;1.42;1.42;1.42;1.42;100
20160122 104900;1.43;1.44;1.43;1.44;3200
20160122 110600;1.442;1.442;1.442;1.442;1000
20160122 122500;1.4418;1.4418;1.4418;1.4418;170
20160122 132300;1.44;1.45;1.44;1.45;300
20160122 140900;1.45;1.45;1.45;1.45;100
20160122 141400;1.45;1.45;1.45;1.45;100
20160122 141500;1.45;1.45;1.45;1.45;100
20160122 150800;1.43;1.43;1.43;1.43;100
20160122 150900;1.44;1.44;1.44;1.44;300
20160122 154100;1.43;1.43;1.43;1.43;3170
20160122 154900;1.44;1.44;1.44;1.44;100
20160122 155100;1.4499;1.4499;1.4499;1.4499;2000
20160122 155900;1.45;1.45;1.44;1.44;400
20160125 101800;1.45;1.45;1.45;1.45;100
20160125 110700;1.447;1.45;1.447;1.4489;800
20160125 112000;1.458;1.46;1.458;1.46;1250
20160125 112200;1.48;1.48;1.48;1.48;200
20160125 112800;1.48;1.48;1.48;1.48;200
20160125 120500;1.47;1.4701;1.46;1.46;5300
20160125 120600;1.46;1.463;1.46;1.463;200
20160125 120700;1.4676;1.4676;1.4676;1.4676;500
20160125 123100;1.47;1.471;1.45;1.471;2176
20160125 142200;1.48;1.48;1.48;1.48;100
20160125 155900;1.46;1.46;1.46;1.46;100
20160126 113300;1.52;1.52;1.5;1.5;3200
20160126 115400;1.51;1.52;1.51;1.52;1580
20160126 115500;1.53;1.56;1.53;1.56;4100
20160126 115600;1.67;1.67;1.63;1.63;550
20160126 115800;1.67;1.67;1.65;1.65;700
20160126 115900;1.65;1.65;1.64;1.64;200
20160126 120000;1.69;1.7356;1.65;1.7356;3044
20160126 120100;1.67;1.67;1.67;1.67;100
20160126 120300;1.63;1.63;1.63;1.63;500
20160126 134000;1.6799;1.68;1.6799;1.6799;3000
20160126 134100;1.66;1.66;1.6599;1.6599;10100
20160126 140700;1.66;1.69;1.66;1.669;4066
20160126 154700;1.63;1.63;1.63;1.63;100
20160126 155600;1.65;1.65;1.65;1.65;400
20160126 155800;1.64;1.64;1.64;1.64;300
20160126 160000;1.65;1.65;1.65;1.65;100
20160127 112900;1.76;1.76;1.76;1.76;250
20160127 113300;1.7004;1.7004;1.7004;1.7004;800
20160127 114900;1.7259;1.7259;1.7259;1.7259;100
20160127 120100;1.76;1.76;1.76;1.76;1903
20160127 120200;1.7275;1.7275;1.7275;1.7275;400
20160127 123100;1.73;1.7301;1.73;1.7301;1500
20160127 131500;1.75;1.75;1.75;1.75;800
20160127 132500;1.7375;1.7375;1.7375;1.7375;200
20160127 141600;1.7001;1.73;1.69;1.7;15000
20160127 141700;1.66;1.66;1.6566;1.6566;444
20160127 144300;1.6568;1.6568;1.6568;1.6568;500
20160127 144800;1.6201;1.6201;1.6201;1.6201;100
20160127 155000;1.66;1.66;1.66;1.66;100
20160127 155500;1.64;1.64;1.64;1.64;100
20160127 155900;1.6401;1.6415;1.64;1.641;816
20160127 180800;1.6;1.6;1.6;1.6;140
20160128 101500;1.6501;1.6501;1.65;1.6501;2700
20160128 103500;1.65;1.6847;1.65;1.6847;6980
20160128 104900;1.7285;1.7285;1.7285;1.7285;135
20160128 110200;1.7;1.7;1.7;1.7;2900
20160128 110400;1.7;1.7;1.7;1.7;11400
20160128 110500;1.68;1.68;1.68;1.68;200
20160128 112700;1.69;1.69;1.69;1.69;2500
20160128 124600;1.712;1.712;1.712;1.712;300
20160128 131000;1.7;1.7;1.7;1.7;100
20160128 131500;1.7203;1.7203;1.7203;1.7203;200
20160128 132400;1.7;1.7053;1.7;1.7053;4766
20160128 151700;1.73;1.73;1.73;1.73;200
20160128 154500;1.73;1.73;1.727;1.7289;4000
20160128 154600;1.7289;1.73;1.7289;1.73;3512
20160128 155000;1.738;1.7401;1.71;1.74;3100
20160128 155800;1.72;1.72;1.72;1.72;100
20160128 155900;1.72;1.72;1.72;1.72;140
20160129 100000;1.74;1.75;1.74;1.7489;2800
20160129 100300;1.7489;1.75;1.745;1.745;2200
20160129 102500;1.7338;1.7338;1.7338;1.7338;135
20160129 104900;1.7101;1.7101;1.71;1.7101;2100
20160129 105000;1.7;1.7001;1.7;1.7;4100
20160129 122100;1.7;1.7;1.7;1.7;3000
20160129 123300;1.7;1.7;1.7;1.7;100
20160129 134300;1.687;1.687;1.687;1.687;200
20160129 142400;1.68;1.7;1.68;1.7;5000
20160129 142500;1.7;1.76;1.7;1.76;5000
20160129 143700;1.699;1.699;1.699;1.699;500
20160129 152100;1.6701;1.6787;1.6701;1.6787;2000
20160129 160000;1.7;1.74;1.7;1.72;1840
20160201 100700;1.7699;1.7699;1.7699;1.7699;2000
20160201 101400;1.74;1.74;1.74;1.74;500
20160201 101700;1.76;1.76;1.76;1.76;500
20160201 102800;1.7571;1.7571;1.7571;1.7571;700
20160201 104300;1.75;1.75;1.75;1.75;3200
20160201 113000;1.75;1.75;1.75;1.75;980
20160201 113900;1.76;1.77;1.76;1.77;1500
20160201 115900;1.77;1.7701;1.77;1.7701;5100
20160201 120200;1.77;1.77;1.77;1.77;500
20160201 151200;1.76;1.76;1.76;1.76;100
20160201 151500;1.75;1.77;1.75;1.77;9396
20160201 152700;1.75;1.75;1.75;1.75;100
20160201 154400;1.77;1.77;1.77;1.77;800
20160201 154900;1.77;1.77;1.77;1.77;400
20160201 155400;1.77;1.77;1.768;1.77;5444
20160201 155500;1.77;1.77;1.77;1.77;1200
20160201 155700;1.77;1.77;1.77;1.77;952
20160201 160000;1.77;1.79;1.77;1.79;3532
20160202 093200;1.776;1.776;1.776;1.776;649
20160202 094700;1.7702;1.7702;1.7702;1.7702;2000
20160202 100100;1.77;1.77;1.77;1.77;100
20160202 100400;1.7701;1.7701;1.7701;1.7701;785
20160202 101700;1.77;1.77;1.77;1.77;500
20160202 113700;1.77;1.77;1.77;1.77;200
20160202 120200;1.79;1.8;1.7899;1.8;4364
20160202 120900;1.808;1.808;1.808;1.808;400
20160202 130100;1.8031;1.8031;1.8031;1.8031;600
20160202 135300;1.8;1.8;1.8;1.8;100
20160202 144400;1.805;1.82;1.8;1.82;4699
20160202 144600;1.8071;1.8071;1.8071;1.8071;1340
20160202 145100;1.8;1.8;1.75;1.771;2000
20160202 151400;1.773;1.773;1.773;1.773;300
20160202 151700;1.8;1.8;1.8;1.8;700
20160202 151800;1.8;1.8;1.8;1.8;100
20160202 151900;1.8;1.8;1.8;1.8;100
20160202 152100;1.8;1.8;1.8;1.8;100
20160202 152200;1.8;1.8;1.8;1.8;100
20160202 152700;1.7878;1.7878;1.7878;1.7878;500
20160202 155200;1.77;1.78;1.77;1.7744;4000
20160203 112700;1.69;1.695;1.68;1.695;1000
20160203 114800;1.72;1.72;1.67;1.7015;3000
20160203 115000;1.69;1.69;1.65;1.6885;12500
20160203 121400;1.6701;1.6701;1.6701;1.6701;2000
20160203 121700;1.7599;1.7599;1.7599;1.7599;100
20160203 124200;1.68;1.68;1.68;1.68;4350
20160203 131000;1.6612;1.6612;1.6612;1.6612;1850
20160203 134900;1.73;1.73;1.72;1.72;700
20160203 143100;1.75;1.75;1.75;1.75;150
20160203 152100;1.7;1.7;1.69;1.69;800
20160203 155600;1.67;1.67;1.67;1.67;100
20160203 160000;1.6894;1.69;1.6894;1.69;1200
20160204 114300;1.71;1.71;1.71;1.71;100
20160204 122600;1.7175;1.7175;1.7175;1.7175;250
20160204 142500;1.69;1.69;1.69;1.69;100
20160204 144200;1.67;1.67;1.67;1.67;100
20160204 154100;1.72;1.72;1.7;1.7;800
20160204 154200;1.7;1.7;1.7;1.7;300
20160204 154700;1.67;1.67;1.67;1.67;100
20160204 154900;1.69;1.69;1.69;1.69;100
20160205 093900;1.48;1.48;1.48;1.48;100
20160205 095600;1.6182;1.6182;1.6182;1.6182;500
20160205 101300;1.66;1.66;1.65;1.66;800
20160205 103400;1.67;1.67;1.67;1.67;100
20160205 103500;1.67;1.67;1.67;1.67;100
20160205 125700;1.69;1.69;1.63;1.63;2188
20160205 125800;1.63;1.63;1.63;1.63;2000
20160205 131300;1.6784;1.6784;1.6784;1.6784;350
20160205 140100;1.64;1.64;1.64;1.64;100
20160205 142000;1.614;1.614;1.614;1.614;300
20160205 153100;1.6499;1.65;1.6499;1.65;2100
20160205 153200;1.64;1.64;1.64;1.64;100
20160205 153300;1.65;1.65;1.65;1.65;100
20160205 153500;1.65;1.65;1.65;1.65;100
20160205 153600;1.65;1.65;1.65;1.65;100
20160205 153700;1.65;1.65;1.65;1.65;100
20160205 153800;1.65;1.65;1.65;1.65;100
20160205 154000;1.65;1.65;1.65;1.65;100
20160205 154100;1.65;1.65;1.65;1.65;100
20160205 154200;1.65;1.65;1.65;1.65;100
20160205 154300;1.65;1.65;1.65;1.65;100
20160205 154400;1.65;1.65;1.65;1.65;100
20160205 154600;1.65;1.65;1.65;1.65;200
20160205 155900;1.62;1.62;1.62;1.62;850
