20160119 092800;24.88;24.88;24.88;24.88;600
20160119 093000;24.81;24.81;24.81;24.81;100
20160119 093100;24.458;24.458;24.458;24.458;2000
20160119 093800;24.71;24.7699;24.71;24.7699;399
20160119 094200;24.87;24.87;24.87;24.87;100
20160119 094500;24.93;24.93;24.93;24.93;100
20160119 095000;25.03;25.08;25.03;25.08;200
20160119 095500;24.99;25;24.99;25;200
20160119 100100;24.95;25.099;24.83;25.099;983
20160119 101200;25;25;25;25;100
20160119 101300;25.05;25.05;25.05;25.05;100
20160119 101400;25.082;25.082;25.082;25.082;200
20160119 102900;24.9;24.9;24.9;24.9;850
20160119 103000;24.9201;24.9201;24.9201;24.9201;250
20160119 103100;24.9401;24.95;24.9401;24.9401;1500
20160119 103200;24.9401;24.9401;24.9401;24.9401;1000
20160119 103700;24.94;24.94;24.94;24.94;245
20160119 103800;24.94;24.95;24.94;24.95;225
20160119 103900;24.9401;24.9401;24.9401;24.9401;250
20160119 104000;24.9401;24.9401;24.9401;24.9401;278
20160119 104100;24.94;24.9401;24.94;24.9401;300
20160119 104200;24.9501;24.9501;24.9501;24.9501;300
20160119 104300;24.9501;24.9501;24.9501;24.9501;300
20160119 104400;24.96;24.98;24.91;24.95;652
20160119 104500;25.11;25.11;24.95;24.95;679
20160119 104600;24.9501;24.9501;24.9501;24.9501;150
20160119 104700;24.96;24.96;24.95;24.95;200
20160119 104800;24.95;24.97;24.95;24.95;550
20160119 104900;24.95;24.95;24.95;24.95;150
20160119 105000;24.95;24.9501;24.95;24.9501;450
20160119 105200;24.96;24.96;24.96;24.96;400
20160119 105400;24.89;24.89;24.89;24.89;100
20160119 105600;24.85;24.85;24.83;24.83;200
20160119 110000;24.82;24.82;24.82;24.82;100
20160119 110200;24.9;24.9;24.82;24.82;200
20160119 110300;24.88;24.9;24.88;24.9;200
20160119 110900;24.9;24.9;24.9;24.9;120
20160119 111200;24.8101;24.8101;24.8101;24.8101;227
20160119 112300;24.8999;24.9;24.8999;24.9;729
20160119 112700;24.82;24.82;24.5113;24.5113;1300
20160119 115700;24.69;24.69;24.69;24.69;100
20160119 120200;24.732;24.732;24.665;24.665;2100
20160119 121000;24.64;24.64;24.64;24.64;100
20160119 123000;24.6462;24.6462;24.6462;24.6462;326
20160119 124200;24.7;24.74;24.64;24.74;1050
20160119 124500;24.75;24.75;24.75;24.75;200
20160119 125200;24.7802;24.8;24.7502;24.7502;3550
20160119 125300;24.73;24.73;24.73;24.73;100
20160119 125400;24.73;24.73;24.73;24.73;100
20160119 130100;24.7436;24.7436;24.7436;24.7436;100
20160119 130300;24.77;24.77;24.77;24.77;100
20160119 133700;24.8;24.8;24.8;24.8;200
20160119 134200;24.81;24.81;24.81;24.81;100
20160119 134300;24.78;24.78;24.78;24.78;200
20160119 135400;24.777;24.8;24.777;24.8;500
20160119 140500;24.81;24.81;24.81;24.81;200
20160119 142100;24.8;24.8;24.8;24.8;100
20160119 143200;24.81;24.81;24.81;24.81;100
20160119 144200;24.71;24.71;24.71;24.71;100
20160119 144500;24.71;24.71;24.71;24.71;100
20160119 144700;24.7;24.7;24.7;24.7;100
20160119 144900;24.7;24.7;24.7;24.7;100
20160119 145000;24.7;24.7;24.7;24.7;100
20160119 145900;24.75;24.75;24.75;24.75;600
20160119 150100;24.65;24.65;24.65;24.65;100
20160119 150800;24.78;24.8;24.78;24.8;730
20160119 151400;24.66;24.8;24.66;24.8;200
20160119 152200;24.81;24.81;24.81;24.81;100
20160119 152600;24.81;24.81;24.81;24.81;200
20160119 152700;24.81;24.81;24.81;24.81;100
20160119 152800;24.81;24.89;24.81;24.89;725
20160119 153000;24.9;24.9;24.9;24.9;200
20160119 153100;24.9;24.9;24.9;24.9;100
20160119 153200;25;25;25;25;100
20160119 153500;24.98;24.98;24.98;24.98;200
20160119 153700;25;25;25;25;100
20160119 153900;25;25;25;25;100
20160119 154100;24.97;24.97;24.96;24.96;275
20160119 154200;24.9601;24.9601;24.96;24.96;275
20160119 154300;24.96;24.96;24.91;24.91;713
20160119 154400;24.9001;24.91;24.9;24.9;823
20160119 154500;24.9;24.9;24.9;24.9;600
20160119 154700;24.9;24.9;24.9;24.9;450
20160119 154800;24.9;24.9001;24.9;24.9;1200
20160119 154900;24.9;24.9001;24.9;24.9001;1325
20160119 155000;24.9001;24.9001;24.9;24.9;800
20160119 155100;24.9001;24.97;24.9;24.97;700
20160119 155400;24.78;24.78;24.78;24.78;100
20160119 155500;24.8;24.8;24.8;24.8;109
20160119 155600;24.807;24.807;24.807;24.807;200
20160119 155800;24.81;24.82;24.81;24.82;200
20160119 155900;24.85;24.85;24.85;24.85;200
20160119 160000;24.8;24.85;24.8;24.85;3257
20160119 160100;24.85;24.85;24.85;24.85;1677
20160119 170700;24.85;24.85;24.85;24.85;44
20160120 093400;24.703;24.703;24.703;24.703;733
20160120 093600;24.75;24.75;24.75;24.75;100
20160120 093700;24.88;24.89;24.88;24.89;537
20160120 093800;24.66;24.66;24.66;24.66;100
20160120 093900;24.66;24.66;24.66;24.66;100
20160120 094100;24.82;24.82;24.82;24.82;267
20160120 094700;24.72;24.72;24.72;24.72;300
20160120 094800;24.77;24.77;24.77;24.77;150
20160120 095500;24.8048;24.8048;24.8048;24.8048;150
20160120 095900;24.78;24.78;24.78;24.78;174
20160120 100400;24.7179;24.7179;24.7179;24.7179;1000
20160120 101700;24.71;24.71;24.71;24.71;200
20160120 101800;24.71;24.71;24.71;24.71;103
20160120 102400;24.72;24.72;24.72;24.72;100
20160120 103000;24.72;24.72;24.72;24.72;725
20160120 104300;24.565;24.565;24.565;24.565;344
20160120 104600;24.56;24.56;24.56;24.56;100
20160120 105400;24.5967;24.5967;24.5967;24.5967;200
20160120 105700;24.59;24.59;24.59;24.59;100
20160120 105900;24.59;24.59;24.59;24.59;200
20160120 110300;24.55;24.55;24.55;24.55;100
20160120 111100;24.6309;24.6309;24.6309;24.6309;100
20160120 111800;24.66;24.66;24.66;24.66;300
20160120 111900;24.66;24.66;24.66;24.66;200
20160120 113300;24.66;24.66;24.66;24.66;200
20160120 113400;24.7;24.7;24.7;24.7;200
20160120 113600;24.6536;24.6536;24.6536;24.6536;245
20160120 114700;24.59;24.59;24.59;24.59;100
20160120 114900;24.59;24.59;24.59;24.59;100
20160120 115600;24.54;24.54;24.51;24.51;412
20160120 120100;24.62;24.62;24.62;24.62;114
20160120 120700;24.49;24.49;24.47;24.47;700
20160120 121800;24.277;24.37;24.24;24.24;2704
20160120 123100;24.06;24.06;24.06;24.06;263
20160120 123600;24.0446;24.0446;24.0446;24.0446;120
20160120 123800;24.07;24.07;24.07;24.07;100
20160120 124100;24.1;24.1;24.1;24.1;100
20160120 125600;24.14;24.16;24.14;24.16;500
20160120 125700;24.24;24.25;24.24;24.25;500
20160120 125900;24.217;24.217;24.217;24.217;250
20160120 130000;24.25;24.25;24.25;24.25;100
20160120 131900;24.212;24.212;24.212;24.212;150
20160120 133700;24.3;24.32;24.3;24.32;700
20160120 134200;24.38;24.38;24.38;24.38;100
20160120 134500;24.4;24.47;24.4;24.47;500
20160120 140800;24.4;24.4;24.4;24.4;100
20160120 141000;24.47;24.47;24.47;24.47;168
20160120 141500;24.49;24.49;24.49;24.49;100
20160120 141900;24.6;24.6;24.6;24.6;100
20160120 142100;24.52;24.52;24.52;24.52;300
20160120 143300;24.57;24.57;24.57;24.57;100
20160120 143800;24.69;24.69;24.69;24.69;100
20160120 144900;24.76;24.76;24.76;24.76;100
20160120 145500;24.82;24.82;24.82;24.82;200
20160120 145600;24.8256;24.8256;24.8256;24.8256;300
20160120 150500;24.91;24.91;24.91;24.91;100
20160120 150600;24.94;24.94;24.94;24.94;100
20160120 150900;24.93;24.93;24.93;24.93;100
20160120 151600;24.96;24.96;24.91;24.91;500
20160120 151700;24.9;24.9;24.9;24.9;300
20160120 151800;24.94;24.94;24.9;24.9;300
20160120 151900;24.9;24.95;24.9;24.95;500
20160120 152000;24.914;24.9142;24.9101;24.9105;600
20160120 152100;24.9242;24.9401;24.9242;24.93;925
20160120 152200;24.93;24.93;24.9;24.9;500
20160120 152700;24.88;24.89;24.88;24.89;1600
20160120 153200;24.9;24.94;24.9;24.94;500
20160120 153300;24.9;24.9;24.9;24.9;100
20160120 153400;24.9;24.9;24.9;24.9;127
20160120 153500;24.87;24.87;24.87;24.87;100
20160120 153900;24.9;24.9;24.9;24.9;606
20160120 154200;24.9;24.9;24.9;24.9;100
20160120 154700;24.85;24.85;24.85;24.85;200
20160120 154900;24.75;24.75;24.75;24.75;100
20160120 155100;24.89;24.89;24.87;24.87;200
20160120 155300;24.8799;24.8799;24.8799;24.8799;277
20160120 155600;24.87;24.87;24.87;24.87;100
20160120 155700;24.82;24.82;24.82;24.82;100
20160120 155900;24.82;24.84;24.82;24.84;300
20160120 160000;24.84;24.84;24.78;24.83;4419
20160120 161700;24.83;24.83;24.83;24.83;174
20160121 090600;24.83;24.83;24.83;24.83;731
20160121 093900;24.96;24.96;24.96;24.96;100
20160121 095000;24.83;24.84;24.83;24.84;250
20160121 095400;24.58;24.58;24.57;24.58;300
20160121 095700;24.57;24.57;24.56;24.56;300
20160121 100000;24.51;24.51;24.5;24.5;200
20160121 100400;24.5396;24.5396;24.5396;24.5396;200
20160121 100900;24.61;24.61;24.61;24.61;100
20160121 101200;24.62;24.62;24.62;24.62;100
20160121 101300;24.63;24.63;24.63;24.63;100
20160121 101700;24.565;24.565;24.565;24.565;1000
20160121 102200;24.67;24.67;24.67;24.67;100
20160121 103400;24.68;24.68;24.68;24.68;100
20160121 103500;24.69;24.69;24.69;24.69;400
20160121 104300;24.75;24.75;24.75;24.75;100
20160121 104600;24.67;24.7039;24.67;24.7039;700
20160121 110500;24.64;24.64;24.64;24.64;100
20160121 111500;24.66;24.66;24.66;24.66;200
20160121 112000;24.6387;24.6387;24.6387;24.6387;1000
20160121 112200;24.578;24.578;24.578;24.578;100
20160121 112400;24.55;24.55;24.55;24.55;100
20160121 113100;24.51;24.51;24.5;24.5;300
20160121 114100;24.71;24.71;24.71;24.71;100
20160121 114800;24.69;24.69;24.69;24.69;100
20160121 115000;24.69;24.69;24.69;24.69;100
20160121 120200;24.83;24.83;24.83;24.83;100
20160121 120400;24.85;24.85;24.85;24.85;132
20160121 120600;24.84;24.84;24.84;24.84;100
20160121 121000;24.85;24.85;24.85;24.85;600
20160121 121100;24.85;24.85;24.76;24.76;300
20160121 121500;24.82;24.82;24.82;24.82;100
20160121 124400;24.85;24.85;24.85;24.85;238
20160121 125200;24.85;24.85;24.85;24.85;100
20160121 125400;24.83;24.85;24.82;24.82;500
20160121 125600;24.79;24.79;24.79;24.79;100
20160121 130400;24.778;24.85;24.778;24.85;300
20160121 131600;24.8;24.8;24.79;24.79;300
20160121 131800;24.79;24.79;24.79;24.79;100
20160121 131900;24.79;24.79;24.79;24.79;200
20160121 132100;24.84;24.84;24.84;24.84;1000
20160121 133000;24.85;24.85;24.85;24.85;268
20160121 133100;24.81;24.81;24.81;24.81;100
20160121 133200;24.7826;24.7826;24.7826;24.7826;250
20160121 133300;24.76;24.8;24.76;24.8;200
20160121 134600;24.783;24.783;24.783;24.783;500
20160121 135000;24.82;24.85;24.82;24.85;621
20160121 135600;24.85;24.85;24.85;24.85;200
20160121 135800;24.85;24.85;24.85;24.85;100
20160121 140700;24.85;24.94;24.85;24.94;483
20160121 141100;24.77;24.77;24.77;24.77;100
20160121 141200;24.76;24.76;24.76;24.76;100
20160121 141300;24.75;24.75;24.75;24.75;1900
20160121 142100;24.76;24.76;24.76;24.76;100
20160121 144200;24.85;24.85;24.85;24.85;200
20160121 144300;24.85;24.85;24.85;24.85;100
20160121 144500;24.85;24.85;24.85;24.85;100
20160121 145100;24.8446;24.85;24.8446;24.85;312
20160121 145200;24.85;24.85;24.85;24.85;300
20160121 145300;24.85;24.85;24.85;24.85;100
20160121 145500;24.85;24.85;24.85;24.85;248
20160121 145700;24.85;24.85;24.85;24.85;298
20160121 145800;24.85;24.8501;24.85;24.8501;650
20160121 145900;24.8501;24.8501;24.8501;24.8501;400
20160121 150000;24.85;24.85;24.85;24.85;200
20160121 152700;24.85;24.85;24.85;24.85;100
20160121 153200;24.85;24.85;24.85;24.85;201
20160121 153300;24.85;24.85;24.85;24.85;200
20160121 153600;24.9;24.9;24.9;24.9;100
20160121 155400;24.81;24.81;24.8;24.8;200
20160121 155800;24.83;24.84;24.83;24.84;400
20160121 155900;24.82;24.82;24.82;24.82;500
20160121 160000;24.8;24.83;24.8;24.81;3328
20160122 094200;24.85;24.85;24.85;24.85;600
20160122 095200;24.78;24.78;24.78;24.78;100
20160122 095700;24.79;24.79;24.79;24.79;100
20160122 095800;24.84;24.85;24.84;24.85;200
20160122 095900;24.85;24.85;24.85;24.85;200
20160122 100000;24.85;24.85;24.85;24.85;100
20160122 100100;24.85;24.85;24.85;24.85;300
20160122 100200;24.8;24.85;24.8;24.85;300
20160122 100300;24.85;24.85;24.85;24.85;100
20160122 100400;24.85;24.85;24.85;24.85;800
20160122 100500;24.84;24.84;24.84;24.84;100
20160122 100900;24.75;24.75;24.75;24.75;500
20160122 101600;24.82;24.82;24.82;24.82;100
20160122 102200;24.825;24.825;24.8;24.8;200
20160122 102400;24.8;24.8;24.79;24.79;400
20160122 102500;24.77;24.77;24.77;24.77;100
20160122 102600;24.76;24.7669;24.76;24.7669;450
20160122 102800;24.78;24.78;24.78;24.78;100
20160122 102900;24.77;24.77;24.77;24.77;100
20160122 103000;24.8499;24.8499;24.8499;24.8499;100
20160122 103100;24.78;24.78;24.78;24.78;100
20160122 103200;24.77;24.77;24.73;24.73;200
20160122 103300;24.75;24.75;24.75;24.75;207
20160122 103400;24.78;24.78;24.78;24.78;100
20160122 103500;24.77;24.77;24.75;24.75;600
20160122 103700;24.8128;24.8128;24.79;24.79;225
20160122 103800;24.77;24.77;24.72;24.75;1100
20160122 103900;24.74;24.74;24.74;24.74;100
20160122 104000;24.84;24.85;24.84;24.85;461
20160122 105100;24.85;24.85;24.85;24.85;400
20160122 105300;24.85;24.85;24.85;24.85;400
20160122 105800;24.85;24.85;24.85;24.85;100
20160122 110200;24.81;24.81;24.81;24.81;200
20160122 110500;24.85;24.85;24.85;24.85;200
20160122 110600;24.85;25.09;24.85;25.09;800
20160122 110700;25.03;25.03;24.95;24.95;1200
20160122 110800;24.9001;24.9001;24.85;24.85;800
20160122 110900;24.8601;24.8601;24.8601;24.8601;900
20160122 111000;24.86;25.06;24.85;24.85;1043
20160122 112700;24.78;24.78;24.78;24.78;100
20160122 113000;24.76;24.76;24.76;24.76;100
20160122 113900;24.77;24.77;24.77;24.77;100
20160122 114400;24.79;24.79;24.79;24.79;100
20160122 114500;24.841;24.85;24.841;24.85;700
20160122 114900;24.82;24.82;24.82;24.82;300
20160122 115700;24.89;24.89;24.89;24.89;200
20160122 115800;24.89;24.89;24.89;24.89;100
20160122 120200;24.89;24.89;24.89;24.89;300
20160122 120400;24.89;24.89;24.89;24.89;100
20160122 120600;24.89;24.89;24.89;24.89;100
20160122 120900;24.89;24.89;24.89;24.89;970
20160122 121000;24.89;24.89;24.89;24.89;200
20160122 121200;24.89;24.89;24.89;24.89;400
20160122 121300;24.8901;24.8901;24.8901;24.8901;500
20160122 121400;24.89;24.89;24.89;24.89;100
20160122 121500;24.89;24.89;24.89;24.89;100
20160122 122600;24.89;24.89;24.89;24.89;100
20160122 123500;24.89;24.89;24.89;24.89;100
20160122 123600;24.89;24.89;24.89;24.89;490
20160122 124100;24.9501;24.97;24.9501;24.96;900
20160122 124200;24.89;24.89;24.89;24.89;500
20160122 124300;24.89;24.89;24.88;24.88;250
20160122 124600;24.88;24.88;24.88;24.88;425
20160122 125000;24.89;24.89;24.89;24.89;400
20160122 125100;24.91;24.91;24.8;24.8;600
20160122 125200;24.9;24.9;24.9;24.9;200
20160122 125500;24.9;24.9;24.87;24.87;200
20160122 125700;24.9;24.9;24.9;24.9;200
20160122 130200;24.8801;24.89;24.8801;24.89;200
20160122 130500;24.88;24.88;24.88;24.88;100
20160122 130600;24.9;24.9;24.9;24.9;300
20160122 130700;24.9;25.01;24.9;25.01;700
20160122 130900;24.9;24.9;24.9;24.9;100
20160122 131100;24.9;24.9;24.9;24.9;481
20160122 131200;24.98;24.98;24.9;24.9;1181
20160122 131300;24.94;24.94;24.93;24.93;1000
20160122 131400;24.92;24.95;24.89;24.95;1800
20160122 131500;24.9001;24.95;24.9001;24.95;1000
20160122 131600;24.91;24.91;24.88;24.88;900
20160122 131700;24.9;24.9;24.87;24.87;926
20160122 132100;24.9;24.9;24.9;24.9;744
20160122 132200;25.0022;25.0022;25.0022;25.0022;250
20160122 132300;24.92;24.92;24.9;24.9;1250
20160122 132400;24.9;24.9;24.9;24.9;350
20160122 132700;24.9;24.9;24.9;24.9;200
20160122 132900;24.9;24.9;24.9;24.9;423
20160122 133000;24.95;24.95;24.89;24.89;700
20160122 133100;24.87;24.87;24.87;24.87;800
20160122 133400;24.9;24.9;24.9;24.9;350
20160122 133600;24.9;24.95;24.9;24.95;878
20160122 133700;24.93;24.93;24.9;24.9;1150
20160122 133800;24.9;24.95;24.9;24.9;1800
20160122 133900;24.91;24.95;24.9;24.95;1187
20160122 134000;24.9;24.9;24.9;24.9;100
20160122 134100;24.9;24.96;24.9;24.96;1050
20160122 134200;24.9;24.9;24.9;24.9;500
20160122 134300;24.9;24.95;24.9;24.95;1600
20160122 134400;24.91;24.96;24.9;24.9;2000
20160122 134500;24.9;24.94;24.89;24.9;2500
20160122 134700;24.9;24.9;24.9;24.9;600
20160122 134800;24.93;24.93;24.89;24.89;500
20160122 134900;24.9;24.93;24.9;24.93;1200
20160122 135000;24.9;24.93;24.9;24.93;1100
20160122 135100;24.94;24.94;24.9001;24.91;2600
20160122 135200;24.92;24.9201;24.87;24.9;2517
20160122 135600;24.89;24.89;24.89;24.89;300
20160122 135700;24.89;24.89;24.89;24.89;100
20160122 140000;24.9;24.91;24.9;24.91;1400
20160122 140100;24.9;24.9;24.9;24.9;300
20160122 140500;24.9;24.9;24.9;24.9;400
20160122 140600;24.9;24.92;24.9;24.9;600
20160122 141300;24.87;24.87;24.87;24.87;232
20160122 142500;24.82;24.82;24.82;24.82;300
20160122 142800;24.81;24.81;24.81;24.81;100
20160122 142900;24.81;24.81;24.79;24.79;300
20160122 143000;24.8275;24.8275;24.78;24.78;800
20160122 143200;24.78;24.79;24.78;24.78;700
20160122 143700;24.86;24.86;24.86;24.86;100
20160122 144400;24.846;24.846;24.846;24.846;240
20160122 144600;24.89;24.89;24.8169;24.88;1578
20160122 150500;24.88;24.88;24.88;24.88;100
20160122 151000;24.83;24.83;24.8;24.8;708
20160122 151100;24.79;24.79;24.79;24.79;100
20160122 151500;24.76;24.76;24.76;24.76;100
20160122 152700;24.76;24.76;24.76;24.76;100
20160122 153100;24.81;24.81;24.81;24.81;300
20160122 153200;24.81;24.81;24.81;24.81;200
20160122 154500;24.87;24.9;24.87;24.9;300
20160122 154600;24.9;24.9;24.9;24.9;100
20160122 155000;24.9;24.9;24.9;24.9;540
20160122 155100;24.9;24.9;24.9;24.9;300
20160122 155200;24.91;24.91;24.9;24.9;1300
20160122 155400;24.8999;24.9;24.8999;24.9;200
20160122 155700;24.85;24.85;24.85;24.85;100
20160122 155800;24.88;24.88;24.88;24.88;200
20160122 155900;24.9;24.9;24.88;24.88;304
20160122 160000;24.9;24.9;24.9;24.9;5093
20160122 161900;24.9;24.9;24.9;24.9;43
20160122 162600;24.9;24.9;24.9;24.9;1238
20160125 093400;24.85;24.85;24.85;24.85;600
20160125 093500;24.81;24.81;24.81;24.81;1160
20160125 093600;24.73;24.73;24.73;24.73;100
20160125 093800;24.8299;24.8299;24.79;24.79;433
20160125 094100;24.75;24.75;24.75;24.75;200
20160125 094200;24.8;24.8;24.79;24.79;400
20160125 094500;24.72;24.72;24.72;24.72;500
20160125 094600;24.78;24.78;24.78;24.78;100
20160125 094900;24.79;24.79;24.79;24.79;100
20160125 095200;24.79;24.79;24.79;24.79;100
20160125 095300;24.7999;24.7999;24.79;24.79;264
20160125 095400;24.79;24.79;24.79;24.79;100
20160125 095500;24.79;24.79;24.79;24.79;100
20160125 095900;24.79;24.79;24.79;24.79;200
20160125 100400;24.75;24.755;24.75;24.755;700
20160125 100600;24.79;24.8;24.79;24.79;300
20160125 100700;24.84;24.84;24.84;24.84;100
20160125 100800;24.75;24.75;24.75;24.75;300
20160125 101100;24.78;24.78;24.78;24.78;100
20160125 101300;24.79;24.79;24.75;24.75;300
20160125 101400;24.75;24.76;24.75;24.75;400
20160125 101700;24.84;24.85;24.75;24.77;1200
20160125 101800;24.75;24.75;24.75;24.75;100
20160125 101900;24.75;24.85;24.75;24.77;701
20160125 102000;24.75;24.75;24.75;24.75;300
20160125 102100;24.83;24.83;24.76;24.76;400
20160125 102500;24.83;24.83;24.83;24.83;100
20160125 104600;24.71;24.71;24.71;24.71;100
20160125 104700;24.69;24.69;24.69;24.69;200
20160125 104800;24.69;24.69;24.69;24.69;100
20160125 105600;24.69;24.69;24.69;24.69;400
20160125 105700;24.69;24.69;24.69;24.69;200
20160125 111300;24.73;24.73;24.73;24.73;100
20160125 112800;24.79;24.79;24.79;24.79;108
20160125 113800;24.81;24.81;24.8;24.8;200
20160125 113900;24.82;24.82;24.82;24.82;100
20160125 114000;24.84;24.84;24.84;24.84;200
20160125 114100;24.85;24.85;24.85;24.85;100
20160125 114500;24.828;24.828;24.828;24.828;578
20160125 120000;24.85;24.85;24.85;24.85;100
20160125 120300;24.85;24.85;24.85;24.85;200
20160125 121900;24.85;24.85;24.85;24.85;200
20160125 122100;24.8999;24.8999;24.8999;24.8999;187
20160125 125100;24.81;24.81;24.81;24.81;100
20160125 125200;24.82;24.82;24.82;24.82;300
20160125 130500;24.85;24.87;24.85;24.87;1590
20160125 130700;24.99;25;24.89;24.89;1700
20160125 130800;24.9;24.913;24.88;24.88;1750
20160125 130900;24.945;24.945;24.86;24.87;415
20160125 131100;24.81;24.81;24.81;24.81;100
20160125 132500;24.82;24.82;24.82;24.82;100
20160125 133500;24.8;24.8;24.8;24.8;200
20160125 133600;24.84;24.84;24.84;24.84;100
20160125 135100;24.83;24.83;24.83;24.83;100
20160125 142100;24.8099;24.8099;24.8099;24.8099;109
20160125 142700;24.82;24.82;24.82;24.82;100
20160125 144400;24.81;24.81;24.81;24.81;100
20160125 144800;24.79;24.79;24.79;24.79;200
20160125 145600;24.8;24.8;24.8;24.8;100
20160125 151700;24.69;24.69;24.69;24.69;200
20160125 152400;24.6;24.6;24.6;24.6;100
20160125 153700;24.58;24.58;24.58;24.58;100
20160125 154000;24.6957;24.6957;24.6957;24.6957;500
20160125 154800;24.63;24.63;24.62;24.62;436
20160125 155000;24.7;24.7;24.7;24.7;200
20160125 155100;24.625;24.69;24.6;24.69;700
20160125 155200;24.71;24.71;24.71;24.71;100
20160125 155300;24.71;24.71;24.7025;24.7025;300
20160125 155700;24.65;24.7;24.63;24.63;300
20160125 155800;24.67;24.67;24.67;24.67;200
20160125 155900;24.65;24.65;24.64;24.64;300
20160125 160000;24.63;24.7;24.63;24.7;3403
20160125 160100;24.7;24.7;24.7;24.7;4
20160125 172600;24.7;24.7;24.7;24.7;437
20160126 093000;24.76;24.76;24.76;24.76;100
20160126 093500;24.77;24.77;24.77;24.77;200
20160126 093600;24.83;24.83;24.83;24.83;106
20160126 093700;24.85;24.85;24.85;24.85;800
20160126 093800;24.85;24.9;24.85;24.9;1100
20160126 093900;24.85;24.85;24.85;24.85;300
20160126 094000;24.85;24.85;24.85;24.85;700
20160126 094200;24.755;24.755;24.755;24.755;150
20160126 094400;24.85;24.85;24.85;24.85;692
20160126 095000;24.6919;24.6919;24.6919;24.6919;500
20160126 095400;24.75;24.75;24.74;24.74;200
20160126 095600;24.83;24.83;24.83;24.83;100
20160126 095900;24.79;24.85;24.79;24.85;500
20160126 100100;24.85;24.85;24.85;24.85;300
20160126 100300;24.85;24.85;24.85;24.85;100
20160126 100400;24.85;24.85;24.85;24.85;400
20160126 100500;24.85;24.85;24.85;24.85;300
20160126 101000;24.85;24.85;24.85;24.85;100
20160126 101100;24.85;24.85;24.85;24.85;900
20160126 101700;24.85;24.85;24.85;24.85;961
20160126 101800;24.8501;24.8501;24.85;24.85;1000
20160126 101900;24.86;24.86;24.85;24.85;200
20160126 102000;24.85;24.85;24.85;24.85;100
20160126 102600;24.85;24.85;24.85;24.85;700
20160126 103100;24.85;24.85;24.85;24.85;300
20160126 104300;24.85;24.85;24.85;24.85;500
20160126 105100;24.85;24.85;24.85;24.85;300
20160126 105900;24.8206;24.8206;24.8206;24.8206;400
20160126 110300;24.85;24.85;24.85;24.85;570
20160126 110600;24.84;24.864;24.835;24.85;2723
20160126 110700;24.82;24.8499;24.82;24.8499;315
20160126 112400;24.82;24.82;24.82;24.82;100
20160126 113900;24.85;24.85;24.85;24.85;100
20160126 114800;24.834;24.85;24.78;24.78;1000
20160126 115800;24.85;24.85;24.85;24.85;200
20160126 121400;24.85;24.85;24.85;24.85;400
20160126 122200;24.92;24.92;24.87;24.87;300
20160126 122500;24.85;24.85;24.85;24.85;199
20160126 123200;24.8501;24.8501;24.8501;24.8501;1000
20160126 123400;24.88;24.88;24.85;24.85;898
20160126 124200;24.786;24.786;24.786;24.786;100
20160126 124600;24.782;24.782;24.782;24.782;100
20160126 125000;24.79;24.79;24.7801;24.7801;200
20160126 125100;24.79;24.79;24.78;24.78;200
20160126 125400;24.7601;24.7601;24.7601;24.7601;100
20160126 125800;24.77;24.77;24.77;24.77;100
20160126 125900;24.77;24.77;24.77;24.77;100
20160126 130600;24.79;24.79;24.78;24.78;200
20160126 133100;24.78;24.78;24.78;24.78;100
20160126 133700;24.77;24.77;24.77;24.77;100
20160126 140100;24.79;24.79;24.79;24.79;379
20160126 140200;24.8082;24.8163;24.7401;24.7401;525
20160126 142600;24.74;24.74;24.74;24.74;100
20160126 143100;24.8399;24.84;24.8399;24.84;300
20160126 143400;24.8499;24.8499;24.8499;24.8499;600
20160126 143900;24.715;24.715;24.715;24.715;100
20160126 150300;24.77;24.77;24.77;24.77;300
20160126 151800;24.81;24.82;24.7788;24.7788;1284
20160126 151900;24.75;24.84;24.75;24.76;1400
20160126 152000;24.8004;24.81;24.8004;24.809;800
20160126 152100;24.71;24.77;24.65;24.76;1300
20160126 152300;24.84;24.84;24.8;24.8;690
20160126 152400;24.8;24.8;24.8;24.8;100
20160126 152500;24.85;24.85;24.825;24.825;785
20160126 152700;24.7525;24.7525;24.75;24.75;600
20160126 153100;24.82;24.82;24.81;24.81;1000
20160126 153200;24.81;24.81;24.71;24.81;1100
20160126 153600;24.7682;24.7682;24.7682;24.7682;1000
20160126 153800;24.75;24.8;24.75;24.8;1000
20160126 154000;24.72;24.72;24.72;24.72;100
20160126 154100;24.79;24.8;24.71;24.71;600
20160126 154300;24.84;24.84;24.84;24.84;200
20160126 154400;24.82;24.82;24.82;24.82;100
20160126 154600;24.85;24.85;24.85;24.85;200
20160126 154800;24.84;24.85;24.81;24.81;2098
20160126 155100;24.81;24.81;24.81;24.81;287
20160126 155200;24.79;24.79;24.79;24.79;200
20160126 155400;24.75;24.75;24.75;24.75;300
20160126 155600;24.73;24.83;24.73;24.82;1400
20160126 155700;24.795;24.795;24.795;24.795;100
20160126 155800;24.795;24.795;24.78;24.78;200
20160126 155900;24.79;24.81;24.79;24.81;200
20160126 160000;24.82;24.85;24.79;24.83;3187
20160126 162800;24.83;24.83;24.83;24.83;300
20160126 163100;24.83;24.83;24.83;24.83;49
20160127 093100;24.5;24.5;24.5;24.5;600
20160127 095500;24.77;24.77;24.77;24.77;200
20160127 100800;24.755;24.755;24.755;24.755;200
20160127 101400;24.84;24.84;24.84;24.84;100
20160127 101800;24.85;24.85;24.85;24.85;100
20160127 102100;24.85;24.85;24.85;24.85;100
20160127 102500;24.85;24.85;24.85;24.85;1500
20160127 102700;24.96;24.96;24.96;24.96;100
20160127 102800;24.96;24.96;24.96;24.96;100
20160127 103100;24.96;24.96;24.96;24.96;100
20160127 103900;25.09;25.09;25.09;25.09;300
20160127 104900;24.97;24.97;24.97;24.97;300
20160127 105000;24.91;24.91;24.91;24.91;200
20160127 105100;24.93;24.93;24.93;24.93;100
20160127 105200;24.93;24.93;24.87;24.87;500
20160127 105300;24.84;24.84;24.8301;24.8301;200
20160127 105400;24.91;24.91;24.89;24.89;500
20160127 105900;24.9428;24.9428;24.9428;24.9428;100
20160127 110500;25.04;25.04;25.04;25.04;100
20160127 110600;25.07;25.07;25.07;25.07;100
20160127 111400;24.9001;24.92;24.9001;24.92;200
20160127 112000;24.99;24.99;24.98;24.99;600
20160127 112300;24.98;24.98;24.98;24.98;100
20160127 112500;24.98;24.98;24.9101;24.9101;400
20160127 113700;25.03;25.03;25.03;25.03;100
20160127 114400;25.04;25.04;25.04;25.04;100
20160127 114900;25.149;25.149;25.149;25.149;100
20160127 122000;25.15;25.15;25.15;25.15;100
20160127 122400;25.134;25.134;25.134;25.134;200
20160127 122500;25.15;25.15;25.15;25.15;200
20160127 122900;25.15;25.15;25.15;25.15;200
20160127 123300;25.11;25.11;25.11;25.11;500
20160127 123500;25.07;25.149;25.07;25.078;300
20160127 123600;25.031;25.031;25.031;25.031;500
20160127 123900;25.076;25.076;25.076;25.076;300
20160127 124200;25.051;25.051;25.051;25.051;100
20160127 124700;25.13;25.13;25.13;25.13;100
20160127 124900;25.1167;25.1167;25.1167;25.1167;500
20160127 130000;25.11;25.11;25.11;25.11;300
20160127 130600;25.15;25.15;25.08;25.08;300
20160127 131200;25.01;25.01;25.01;25.01;100
20160127 131500;25.088;25.088;25.088;25.088;100
20160127 131700;25.07;25.07;25.07;25.07;700
20160127 131800;25.07;25.07;25.07;25.07;500
20160127 131900;25.0868;25.0868;25.0868;25.0868;400
20160127 132500;25.09;25.09;25.09;25.09;100
20160127 134100;25.1;25.1;25.1;25.1;200
20160127 140000;25.08;25.08;25.08;25.08;100
20160127 140300;25.09;25.09;25.08;25.08;200
20160127 140500;25.07;25.07;25.07;25.07;100
20160127 140600;25.07;25.07;25.07;25.07;200
20160127 140700;25.085;25.103;25.04;25.103;3200
20160127 141000;24.96;25.08;24.96;25.08;500
20160127 142000;25.11;25.11;25.11;25.11;200
20160127 142100;25.14;25.15;25.14;25.15;700
20160127 142700;25.18;25.18;25.18;25.18;100
20160127 143200;25.08;25.08;25.08;25.08;100
20160127 144000;25.09;25.09;25.09;25.09;200
20160127 144400;25.0001;25.0001;25.0001;25.0001;400
20160127 144700;25.01;25.01;25.01;25.01;100
20160127 145400;25.01;25.01;25;25;300
20160127 145800;25;25;24.95;24.95;500
20160127 150000;25;25;25;25;100
20160127 150200;25;25;24.9501;24.9501;443
20160127 150700;24.95;24.95;24.9274;24.9274;200
20160127 151600;24.9;24.9;24.9;24.9;100
20160127 151700;24.9;24.9427;24.89;24.9258;2132
20160127 151800;24.73;24.73;24.71;24.71;300
20160127 152300;24.82;24.82;24.82;24.82;132
20160127 152400;24.8199;24.82;24.815;24.82;1500
20160127 152600;24.8;24.8;24.8;24.8;200
20160127 152700;24.75;24.81;24.75;24.81;500
20160127 152800;24.84;24.84;24.84;24.84;100
20160127 152900;24.82;24.82;24.82;24.82;100
20160127 153000;24.83;24.83;24.83;24.83;100
20160127 153100;24.84;24.84;24.84;24.84;200
20160127 153800;24.8;24.8;24.8;24.8;100
20160127 154200;24.7;24.7;24.7;24.7;100
20160127 154300;24.71;24.71;24.71;24.71;100
20160127 154700;24.79;24.79;24.79;24.79;100
20160127 154900;24.8;24.8;24.8;24.8;689
20160127 155100;24.8;24.8;24.8;24.8;100
20160127 155600;24.78;24.78;24.78;24.78;280
20160127 155800;24.77;24.77;24.77;24.77;100
20160127 160000;24.75;24.75;24.74;24.75;2524
20160127 161900;24.75;24.75;24.75;24.75;348
20160127 163100;24.75;24.75;24.75;24.75;343
20160128 093800;24.99;24.99;24.99;24.99;300
20160128 095100;25.18;25.18;25.18;25.18;100
20160128 095200;25.24;25.25;25.24;25.25;200
20160128 095300;25.17;25.24;25.17;25.24;200
20160128 095400;25.18;25.18;25.18;25.18;101
20160128 095800;25.17;25.17;25.17;25.17;100
20160128 095900;25.17;25.17;25.17;25.17;100
20160128 100100;25.19;25.19;25.04;25.08;2508
20160128 100200;25.05;25.079;25.05;25.079;1898
20160128 100600;25.1;25.1;25.1;25.1;100
20160128 100800;25.12;25.12;25.12;25.12;100
20160128 101100;25.24;25.25;25.21;25.25;1055
20160128 101200;25.3982;25.3982;25.3982;25.3982;400
20160128 101400;25.29;25.29;25.29;25.29;100
20160128 102100;25.3;25.3;25.3;25.3;100
20160128 102300;25.32;25.32;25.31;25.32;300
20160128 102400;25.33;25.33;25.33;25.33;100
20160128 102600;25.4;25.4;25.35;25.35;500
20160128 103100;25.365;25.365;25.3328;25.3328;500
20160128 103700;25.25;25.25;25.25;25.25;100
20160128 104100;25.215;25.3;25.2;25.2201;1950
20160128 104200;25.3;25.3;25.3;25.3;101
20160128 104300;25.25;25.25;25.09;25.1;700
20160128 104400;25.1;25.1;25.1;25.1;256
20160128 104500;25.0601;25.0601;25.0601;25.0601;300
20160128 104700;25.15;25.15;25.15;25.15;100
20160128 105000;25.244;25.244;25.244;25.244;300
20160128 105600;25.23;25.23;25.23;25.23;100
20160128 105700;25.4258;25.4258;25.26;25.26;300
20160128 105800;25.28;25.28;25.1323;25.1323;900
20160128 111000;25.29;25.29;25.2614;25.2614;300
20160128 111400;25.21;25.21;25.21;25.21;100
20160128 112300;25.23;25.23;25.17;25.17;400
20160128 112500;25.2;25.39;25.2;25.39;200
20160128 113800;25.38;25.38;25.16;25.27;700
20160128 114100;25.29;25.29;25.29;25.29;100
20160128 114200;25.2;25.2;25.2;25.2;100
20160128 114900;25.34;25.34;25.23;25.23;300
20160128 115500;25.23;25.23;25.13;25.13;200
20160128 115700;25.15;25.28;25.08;25.09;1000
20160128 120000;25.17;25.17;25.17;25.17;100
20160128 120100;25.17;25.17;25.17;25.17;100
20160128 122100;25.2;25.2;25.19;25.19;200
20160128 122700;25.21;25.21;25.21;25.21;100
20160128 122900;25.19;25.19;25.15;25.15;500
20160128 123500;25.17;25.17;25.16;25.16;600
20160128 124100;25.16;25.31;25.15;25.15;1100
20160128 124200;25.15;25.15;25.15;25.15;100
20160128 124300;25.15;25.3696;25.15;25.19;700
20160128 124400;25.19;25.28;25.15;25.15;800
20160128 124500;25.2;25.2;25.15;25.15;200
20160128 125500;25.13;25.15;25.13;25.15;200
20160128 125600;25.16;25.17;25.07;25.07;800
20160128 125700;25.07;25.09;25.07;25.09;200
20160128 125800;25.13;25.13;25.12;25.12;300
20160128 125900;25.23;25.2395;25.23;25.2395;200
20160128 130700;25.27;25.27;25.26;25.26;300
20160128 131000;25.27;25.27;25.27;25.27;100
20160128 131100;25.31;25.32;25.31;25.32;200
20160128 132300;25.39;25.48;25.39;25.48;200
20160128 132400;25.36;25.38;25.35;25.35;700
20160128 133000;25.36;25.36;25.36;25.36;110
20160128 133900;25.4728;25.4728;25.4728;25.4728;350
20160128 134100;25.45;25.45;25.45;25.45;100
20160128 134400;25.4895;25.4895;25.4895;25.4895;200
20160128 134700;25.46;25.46;25.46;25.46;100
20160128 134900;25.437;25.437;25.437;25.437;150
20160128 135100;25.5;25.5;25.5;25.5;300
20160128 135700;25.46;25.46;25.46;25.46;100
20160128 140100;25.43;25.43;25.43;25.43;100
20160128 141000;25.5;25.5;25.5;25.5;100
20160128 141300;25.5;25.5;25.5;25.5;100
20160128 141600;25.55;25.55;25.55;25.55;100
20160128 141900;25.49;25.49;25.49;25.49;100
20160128 142100;25.53;25.53;25.53;25.53;100
20160128 142800;25.53;25.53;25.53;25.53;100
20160128 143100;25.58;25.58;25.58;25.58;100
20160128 143300;25.57;25.57;25.57;25.57;100
20160128 145100;25.54;25.54;25.53;25.53;200
20160128 150700;25.5;25.5;25.5;25.5;200
20160128 150800;25.51;25.51;25.51;25.51;100
20160128 151100;25.5;25.5;25.49;25.5;300
20160128 151300;25.49;25.49;25.49;25.49;100
20160128 152100;25.53;25.53;25.53;25.53;100
20160128 152400;25.55;25.55;25.55;25.55;200
20160128 152500;25.56;25.56;25.56;25.56;100
20160128 153900;25.53;25.53;25.53;25.53;100
20160128 154000;25.4901;25.4901;25.4901;25.4901;100
20160128 154500;25.48;25.48;25.47;25.47;200
20160128 154700;25.44;25.44;25.43;25.43;200
20160128 154800;25.46;25.46;25.46;25.46;300
20160128 154900;25.47;25.47;25.47;25.47;200
20160128 155100;25.47;25.47;25.47;25.47;400
20160128 155600;25.47;25.47;25.47;25.47;100
20160128 155800;25.51;25.51;25.51;25.51;200
20160128 155900;25.51;25.51;25.51;25.51;100
20160128 160000;25.49;25.49;25.49;25.49;545
20160129 093200;25.5;25.5;25.5;25.5;248
20160129 093600;25.64;25.65;25.64;25.65;500
20160129 094600;25.92;25.92;25.92;25.92;100
20160129 095000;25.79;25.79;25.79;25.79;100
20160129 095800;25.95;25.95;25.95;25.95;100
20160129 095900;25.94;25.94;25.94;25.94;100
20160129 100000;25.94;25.94;25.94;25.94;200
20160129 100300;25.96;25.96;25.96;25.96;205
20160129 100600;25.92;25.92;25.92;25.92;100
20160129 101300;25.99;25.99;25.99;25.99;100
20160129 101600;25.99;25.99;25.99;25.99;200
20160129 102200;26;26;26;26;728
20160129 102300;26;26;26;26;300
20160129 102400;26;26;26;26;1300
20160129 102500;26.08;26.08;26.08;26.08;100
20160129 102900;26.08;26.08;25.99;26.0183;700
20160129 103100;26.15;26.15;26.15;26.15;200
20160129 103400;26.0944;26.15;26.0944;26.15;3100
20160129 104100;26.14;26.14;26.14;26.14;100
20160129 104200;26.15;26.15;26.15;26.15;222
20160129 104300;26.15;26.28;26.15;26.28;1173
20160129 104400;26.32;26.32;26.32;26.32;100
20160129 104500;26.32;26.32;26.24;26.24;200
20160129 105000;26.37;26.38;26.37;26.38;200
20160129 105100;26.255;26.255;26.255;26.255;154
20160129 110300;26.35;26.35;26.34;26.34;300
20160129 110400;26.39;26.39;26.39;26.39;100
20160129 110500;26.45;26.45;26.45;26.45;100
20160129 110800;26.2589;26.2589;26.2589;26.2589;209
20160129 112000;26.3001;26.3001;26.25;26.3001;1645
20160129 112100;26.39;26.39;26.39;26.39;100
20160129 112500;26.39;26.4;26.39;26.4;200
20160129 113200;26.36;26.36;26.31;26.31;600
20160129 113300;26.32;26.32;26.32;26.32;100
20160129 113400;26.4;26.4;26.4;26.4;100
20160129 114500;26.41;26.41;26.41;26.41;100
20160129 114600;26.4094;26.4094;26.4094;26.4094;100
20160129 115000;26.4;26.41;26.4;26.41;200
20160129 115600;26.43;26.43;26.43;26.43;200
20160129 120000;26.45;26.45;26.45;26.45;100
20160129 120800;26.45;26.45;26.45;26.45;200
20160129 121800;26.5;26.55;26.5;26.55;713
20160129 121900;26.56;26.56;26.4;26.4;1187
20160129 122000;26.41;26.41;26.41;26.41;589
20160129 122100;26.41;26.41;26.41;26.41;600
20160129 122700;26.41;26.41;26.41;26.41;100
20160129 123000;26.4099;26.4099;26.4099;26.4099;500
20160129 123100;26.3615;26.3615;26.3615;26.3615;191
20160129 123400;26.41;26.41;26.41;26.41;100
20160129 124600;26.4099;26.4099;26.4099;26.4099;500
20160129 124900;26.405;26.405;26.405;26.405;300
20160129 125200;26.3614;26.3614;26.3614;26.3614;200
20160129 125500;26.41;26.41;26.41;26.41;100
20160129 130900;26.36;26.36;26.29;26.29;400
20160129 131000;26.39;26.39;26.39;26.39;100
20160129 132400;26.39;26.39;26.39;26.39;200
20160129 132900;26.39;26.39;26.39;26.39;100
20160129 133100;26.3523;26.3523;26.3523;26.3523;150
20160129 133300;26.39;26.41;26.33;26.33;3446
20160129 133700;26.44;26.49;26.42;26.49;3100
20160129 134200;26.5;26.5;26.5;26.5;523
20160129 134900;26.54;26.54;26.54;26.54;100
20160129 135000;26.55;26.59;26.55;26.5899;300
20160129 135200;26.57;26.57;26.57;26.57;200
20160129 135600;26.43;26.43;26.43;26.43;100
20160129 135800;26.48;26.48;26.48;26.48;100
20160129 141000;26.4502;26.4502;26.4502;26.4502;300
20160129 141100;26.54;26.54;26.54;26.54;200
20160129 141300;26.4;26.4;26.4;26.4;330
20160129 141500;26.4;26.4;26.35;26.4;4400
20160129 141600;26.4;26.4;26.4;26.4;100
20160129 141800;26.35;26.4;26.34;26.34;1500
20160129 141900;26.35;26.35;26.35;26.35;100
20160129 142000;26.35;26.35;26.35;26.35;100
20160129 142100;26.3;26.5;26.3;26.5;2089
20160129 142300;26.59;26.59;26.59;26.59;100
20160129 143100;26.6;26.6;26.6;26.6;184
20160129 144200;26.55;26.55;26.55;26.55;299
20160129 144400;26.55;26.55;26.55;26.55;100
20160129 144800;26.5;26.5;26.5;26.5;499
20160129 150300;26.61;26.61;26.61;26.61;100
20160129 150500;26.48;26.48;26.48;26.48;100
20160129 150700;26.6;26.6;26.5865;26.6;1250
20160129 150800;26.6599;26.6599;26.6599;26.6599;920
20160129 152400;26.6;26.6;26.6;26.6;100
20160129 152800;26.6;26.6;26.6;26.6;300
20160129 153300;26.49;26.49;26.49;26.49;100
20160129 153400;26.49;26.49;26.49;26.49;100
20160129 153700;26.48;26.48;26.48;26.48;163
20160129 154100;26.48;26.48;26.48;26.48;100
20160129 154200;26.49;26.49;26.49;26.49;100
20160129 155000;26.56;26.59;26.56;26.59;200
20160129 155100;26.67;26.67;26.58;26.58;400
20160129 155200;26.57;26.57;26.57;26.57;100
20160129 155400;26.6;26.6;26.6;26.6;200
20160129 155500;26.61;26.61;26.61;26.61;200
20160129 155600;26.66;26.66;26.61;26.66;300
20160129 155700;26.66;26.66;26.66;26.66;100
20160129 155800;26.67;26.67;26.67;26.67;100
20160129 155900;26.66;26.66;26.65;26.65;200
20160129 160000;26.655;26.67;26.655;26.67;12500
20160129 160100;26.67;26.67;26;26;2883
20160129 163500;26.67;26.67;26.67;26.67;81
20160129 163600;26.67;26.67;26.67;26.67;3631
20160201 092700;26.67;26.67;26.67;26.67;1
20160201 093300;26.46;26.46;26.4;26.4;300
20160201 093700;26.51;26.53;26.51;26.53;300
20160201 093800;26.528;26.528;26.528;26.528;100
20160201 094400;26.5;26.5;26.5;26.5;200
20160201 094500;26.451;26.451;26.451;26.451;2500
20160201 094600;26.52;26.52;26.52;26.52;100
20160201 095000;26.6;26.6;26.6;26.6;400
20160201 095700;26.6;26.6;26.6;26.6;1600
20160201 100600;26.63;26.63;26.63;26.63;100
20160201 101000;26.54;26.54;26.54;26.54;100
20160201 101400;26.67;26.67;26.67;26.67;100
20160201 101700;26.69;26.69;26.69;26.69;200
20160201 101800;26.69;26.7;26.69;26.7;200
20160201 102000;26.59;26.59;26.59;26.59;100
20160201 102100;26.59;26.59;26.5;26.5;1900
20160201 103100;26.69;26.69;26.69;26.69;100
20160201 104400;26.68;26.6999;26.595;26.595;793
20160201 105100;26.6899;26.6899;26.68;26.68;480
20160201 105200;26.61;26.62;26.61;26.62;200
20160201 105700;26.6;26.61;26.6;26.61;200
20160201 110200;26.62;26.62;26.62;26.62;100
20160201 110800;26.6;26.6;26.6;26.6;100
20160201 111000;26.6;26.6;26.6;26.6;100
20160201 111500;26.6;26.6;26.6;26.6;100
20160201 111700;26.6;26.68;26.5206;26.68;1100
20160201 111800;26.67;26.67;26.67;26.67;475
20160201 111900;26.66;26.66;26.62;26.62;200
20160201 112000;26.64;26.64;26.64;26.64;100
20160201 112200;26.65;26.65;26.65;26.65;100
20160201 112400;26.7;26.7;26.61;26.61;842
20160201 112700;26.6101;26.62;26.6101;26.62;374
20160201 113000;26.61;26.61;26.61;26.61;200
20160201 113100;26.61;26.61;26.61;26.61;100
20160201 113300;26.6;26.6;26.6;26.6;554
20160201 113500;26.6;26.61;26.6;26.61;200
20160201 113600;26.6001;26.61;26.6001;26.61;374
20160201 113800;26.61;26.61;26.61;26.61;100
20160201 113900;26.64;26.64;26.61;26.61;200
20160201 114100;26.6;26.6;26.6;26.6;100
20160201 114400;26.6;26.6;26.57;26.57;400
20160201 114500;26.57;26.66;26.57;26.66;200
20160201 114600;26.545;26.545;26.545;26.545;100
20160201 114900;26.54;26.54;26.54;26.54;100
20160201 115100;26.54;26.54;26.54;26.54;100
20160201 115400;26.575;26.575;26.575;26.575;100
20160201 115700;26.575;26.575;26.575;26.575;100
20160201 115900;26.595;26.595;26.595;26.595;100
20160201 120200;26.595;26.595;26.595;26.595;100
20160201 120500;26.595;26.595;26.595;26.595;100
20160201 120700;26.595;26.595;26.595;26.595;100
20160201 121000;26.59;26.6448;26.59;26.6448;475
20160201 121600;26.65;26.65;26.65;26.65;100
20160201 121900;26.66;26.66;26.59;26.6;400
20160201 122300;26.595;26.595;26.595;26.595;100
20160201 122700;26.59;26.59;26.59;26.59;100
20160201 122900;26.59;26.59;26.59;26.59;100
20160201 123000;26.6;26.6;26.6;26.6;100
20160201 123300;26.6;26.602;26.6;26.602;426
20160201 124000;26.59;26.6;26.59;26.6;200
20160201 124100;26.6;26.6;26.6;26.6;100
20160201 124300;26.58;26.6;26.58;26.6;200
20160201 124700;26.6;26.6;26.6;26.6;100
20160201 125500;26.56;26.64;26.56;26.64;400
20160201 125600;26.55;26.6;26.55;26.6;400
20160201 130000;26.62;26.62;26.62;26.62;100
20160201 130100;26.56;26.56;26.56;26.56;100
20160201 130200;26.56;26.62;26.56;26.62;200
20160201 130600;26.5839;26.5839;26.5839;26.5839;100
20160201 131300;26.65;26.65;26.65;26.65;100
20160201 131600;26.6;26.6;26.53;26.53;560
20160201 131700;26.55;26.55;26.55;26.55;100
20160201 131900;26.55;26.55;26.55;26.55;100
20160201 132000;26.6;26.6;26.53;26.6;400
20160201 132100;26.6;26.6;26.6;26.6;100
20160201 132400;26.61;26.61;26.61;26.61;100
20160201 132500;26.575;26.575;26.575;26.575;100
20160201 132800;26.62;26.62;26.59;26.59;200
20160201 133100;26.56;26.56;26.56;26.56;100
20160201 133300;26.62;26.63;26.62;26.63;200
20160201 133600;26.77;26.77;26.77;26.77;100
20160201 133700;26.77;26.77;26.77;26.77;100
20160201 133800;26.68;26.68;26.68;26.68;500
20160201 135200;26.61;26.62;26.555;26.58;500
20160201 135500;26.6;26.6;26.6;26.6;100
20160201 135800;26.63;26.63;26.63;26.63;100
20160201 140800;26.495;26.495;26.495;26.495;225
20160201 142300;26.5601;26.5601;26.5601;26.5601;250
20160201 142500;26.6;26.6;26.47;26.47;600
20160201 142800;26.5;26.57;26.5;26.5;500
20160201 143000;26.58;26.58;26.58;26.58;100
20160201 143200;26.67;26.67;26.67;26.67;100
20160201 143900;26.57;26.66;26.57;26.66;200
20160201 144000;26.595;26.595;26.595;26.595;100
20160201 144300;26.595;26.595;26.595;26.595;100
20160201 144400;26.61;26.75;26.6;26.75;700
20160201 144500;26.6;26.6;26.59;26.59;240
20160201 145000;26.54;26.54;26.54;26.54;100
20160201 145900;26.5;26.5;26.47;26.47;200
20160201 150000;26.5;26.7;26.5;26.7;500
20160201 150400;26.71;26.71;26.71;26.71;100
20160201 150500;26.62;26.62;26.62;26.62;100
20160201 150700;26.58;26.58;26.58;26.58;200
20160201 151500;26.54;26.54;26.5;26.51;800
20160201 151600;26.5;26.62;26.5;26.62;200
20160201 151800;26.6567;26.6567;26.6299;26.6299;762
20160201 151900;26.71;26.71;26.71;26.71;100
20160201 152100;26.724;26.724;26.5;26.5;500
20160201 152300;26.65;26.65;26.65;26.65;100
20160201 152700;26.51;26.51;26.5;26.5;300
20160201 153100;26.5;26.5;26.5;26.5;100
20160201 153200;26.5;26.7;26.495;26.495;1800
20160201 153300;26.57;26.57;26.57;26.57;100
20160201 153400;26.565;26.565;26.485;26.485;200
20160201 153600;26.51;26.51;26.51;26.51;100
20160201 153700;26.64;26.64;26.64;26.64;100
20160201 153800;26.53;26.53;26.53;26.53;100
20160201 154000;26.51;26.52;26.51;26.52;200
20160201 154200;26.53;26.53;26.53;26.53;100
20160201 154400;26.52;26.6;26.52;26.56;300
20160201 154500;26.57;26.595;26.57;26.595;200
20160201 154600;26.6;26.6;26.6;26.6;100
20160201 154700;26.6;26.6;26.6;26.6;100
20160201 154800;26.6;26.6;26.6;26.6;100
20160201 154900;26.6;26.6;26.6;26.6;100
20160201 155000;26.6;26.6;26.6;26.6;100
20160201 155300;26.6;26.6;26.55;26.55;500
20160201 155400;26.57;26.57;26.57;26.57;100
20160201 155500;26.61;26.62;26.61;26.62;200
20160201 155700;26.68;26.68;26.53;26.6;1400
20160201 155800;26.52;26.6;26.51;26.6;3112
20160201 155900;26.62;26.62;26.6;26.6;2200
20160201 160000;26.6;26.6;26.6;26.6;2862
20160201 160100;26.58;26.58;26.58;26.58;8
20160201 162200;26.6;26.6;26.6;26.6;365
20160202 093400;26.27;26.29;26.27;26.28;600
20160202 094000;26.38;26.4;26.38;26.4;200
20160202 094300;26.42;26.5;26.42;26.5;300
20160202 094600;26.5;26.5;26.48;26.5;1100
20160202 094900;26.49;26.49;26.49;26.49;100
20160202 095200;26.5;26.79;26.5;26.75;930
20160202 095300;26.71;26.71;26.71;26.71;900
20160202 095500;26.6305;26.6305;26.6305;26.6305;500
20160202 095600;26.56;26.69;26.56;26.69;358
20160202 095800;26.69;26.69;26.69;26.69;200
20160202 095900;26.69;26.78;26.69;26.78;300
20160202 100000;26.75;26.85;26.72;26.83;3700
20160202 100200;26.87;26.87;26.87;26.87;100
20160202 100300;26.87;26.95;26.87;26.95;700
20160202 100400;27.25;27.25;27.125;27.2487;1318
20160202 100800;26.925;26.925;26.925;26.925;100
20160202 100900;26.6174;26.6174;26.6174;26.6174;100
20160202 101000;26.78;26.78;26.78;26.78;100
20160202 101200;26.79;26.79;26.79;26.79;100
20160202 101500;26.785;26.785;26.785;26.785;100
20160202 101700;26.76;26.76;26.76;26.76;100
20160202 101900;26.74;26.74;26.74;26.74;100
20160202 102100;26.745;26.745;26.745;26.745;100
20160202 102600;26.74;26.74;26.735;26.735;300
20160202 103100;26.84;26.84;26.7;26.7;200
20160202 103300;26.8;26.84;26.8;26.84;200
20160202 103600;26.9;26.9;26.9;26.9;100
20160202 103900;26.85;26.85;26.85;26.85;100
20160202 104100;26.85;26.85;26.85;26.85;100
20160202 104400;26.84;26.84;26.84;26.84;100
20160202 104700;26.84;26.84;26.84;26.84;100
20160202 104900;26.84;26.84;26.84;26.84;100
20160202 105200;26.835;26.835;26.8025;26.8025;300
20160202 105700;26.84;26.84;26.84;26.84;200
20160202 105800;26.9499;26.9499;26.9499;26.9499;190
20160202 110200;26.84;26.84;26.84;26.84;100
20160202 110300;26.84;26.84;26.84;26.84;100
20160202 110900;26.81;26.81;26.77;26.77;400
20160202 111100;26.82;26.82;26.82;26.82;100
20160202 111400;26.7401;26.7401;26.7401;26.7401;200
20160202 111700;26.8;26.8;26.8;26.8;100
20160202 111800;26.85;26.85;26.85;26.85;100
20160202 112700;26.766;26.766;26.766;26.766;100
20160202 112800;26.785;26.8;26.78;26.78;300
20160202 112900;27.0664;27.0664;27.0664;27.0664;800
20160202 113100;26.9999;26.9999;26.9999;26.9999;114
20160202 114100;26.85;26.85;26.79;26.8;700
20160202 114500;26.8;26.81;26.8;26.81;300
20160202 114800;26.8;26.8;26.8;26.8;100
20160202 115000;26.8213;26.8213;26.8213;26.8213;400
20160202 120600;26.72;26.75;26.7;26.75;600
20160202 120700;26.83;26.99;26.83;26.99;200
20160202 121900;26.8;26.8;26.79;26.79;200
20160202 122900;26.78;26.78;26.78;26.78;100
20160202 123400;26.75;26.75;26.75;26.75;100
20160202 123500;26.77;26.77;26.76;26.76;200
20160202 124000;26.78;26.78;26.78;26.78;100
20160202 124300;26.99;26.99;26.99;26.99;100
20160202 124900;27;27;27;27;200
20160202 125700;26.77;26.77;26.77;26.77;100
20160202 130000;26.755;26.76;26.755;26.76;500
20160202 131100;26.9999;26.9999;26.9999;26.9999;185
20160202 131300;26.82;26.82;26.82;26.82;200
20160202 133600;26.82;26.82;26.82;26.82;200
20160202 133800;26.85;26.9499;26.85;26.9499;300
20160202 134400;26.9692;26.9692;26.9692;26.9692;150
20160202 134900;26.9292;26.9292;26.9292;26.9292;110
20160202 135200;26.83;26.86;26.785;26.86;600
20160202 135500;26.9;26.9;26.9;26.9;100
20160202 135700;26.8;26.8;26.8;26.8;100
20160202 135900;26.8;26.8;26.8;26.8;100
20160202 140400;26.8;26.8;26.8;26.8;100
20160202 140600;26.8;26.8;26.8;26.8;100
20160202 140700;26.76;26.76;26.76;26.76;100
20160202 140800;26.8;26.8;26.8;26.8;100
20160202 141200;26.78;26.78;26.78;26.78;100
20160202 141400;26.8;26.8;26.8;26.8;100
20160202 141500;26.879;26.879;26.879;26.879;550
20160202 141800;26.81;26.81;26.76;26.76;300
20160202 142000;26.896;26.896;26.896;26.896;400
20160202 142100;26.8;26.8;26.775;26.775;210
20160202 142400;26.79;26.79;26.79;26.79;100
20160202 142800;26.905;26.905;26.9;26.9;200
20160202 142900;26.77;26.77;26.77;26.77;100
20160202 143100;26.85;26.85;26.85;26.85;100
20160202 143400;26.84;26.84;26.84;26.84;100
20160202 143700;26.84;26.84;26.84;26.84;100
20160202 144000;26.92;26.92;26.92;26.92;100
20160202 144300;26.94;26.95;26.94;26.95;690
20160202 144400;26.99;26.99;26.99;26.99;100
20160202 145000;26.885;26.885;26.88;26.88;200
20160202 145500;27;27;27;27;100
20160202 145600;27.1;27.1;26.975;26.975;200
20160202 145800;26.99;26.99;26.99;26.99;100
20160202 145900;26.965;26.965;26.965;26.965;100
20160202 150200;26.94;26.94;26.94;26.94;100
20160202 150500;26.93;26.93;26.93;26.93;100
20160202 150600;27.06;27.06;27.06;27.06;100
20160202 151000;27.035;27.035;27.035;27.035;100
20160202 151200;27.03;27.03;27.03;27.03;100
20160202 151500;27.03;27.03;27.03;27.03;100
20160202 151800;27.025;27.0451;27.025;27.0451;240
20160202 152000;26.98;26.98;26.98;26.98;100
20160202 152100;26.9301;26.98;26.93;26.93;5474
20160202 152400;27.01;27.01;27.01;27.01;190
20160202 152700;26.94;26.94;26.94;26.94;100
20160202 152900;26.94;26.94;26.94;26.94;100
20160202 153100;26.94;26.94;26.94;26.94;100
20160202 153200;26.99;26.99;26.98;26.98;200
20160202 153300;26.97;26.97;26.97;26.97;100
20160202 153400;26.915;26.915;26.915;26.915;100
20160202 153600;26.91;26.91;26.89;26.89;400
20160202 153700;26.9;26.9;26.9;26.9;100
20160202 153900;26.8901;26.99;26.8901;26.99;801
20160202 154000;26.895;26.895;26.895;26.895;100
20160202 154300;26.9;26.9;26.9;26.9;100
20160202 154400;26.89;26.89;26.8;26.8;722
20160202 154600;26.8;26.9099;26.8;26.9099;300
20160202 154700;26.81;26.81;26.81;26.81;100
20160202 155000;26.8;26.8;26.79;26.79;700
20160202 155200;26.8;26.8;26.8;26.8;200
20160202 155300;26.8;26.8;26.8;26.8;100
20160202 155400;26.8;26.8;26.8;26.8;100
20160202 155500;26.8;26.8;26.8;26.8;100
20160202 155600;26.8;26.8;26.8;26.8;200
20160202 155700;26.8;26.8;26.8;26.8;495
20160202 155800;26.84;26.96;26.84;26.84;1200
20160202 155900;26.88;26.88;26.88;26.88;100
20160202 160000;26.84;26.88;26.84;26.86;5911
20160202 160100;26.86;26.86;26.86;26.86;72
20160202 162200;26.86;26.86;26.86;26.86;520
20160202 163200;26.86;26.86;26.86;26.86;459
20160203 093200;27.25;27.27;27.22;27.27;1252
20160203 093900;27.39;27.44;27.385;27.44;755
20160203 095200;27.524;27.524;27.524;27.524;100
20160203 095300;27.48;27.48;27.48;27.48;200
20160203 100200;27.36;27.36;27.36;27.36;100
20160203 100700;27.37;27.37;27.37;27.37;100
20160203 100800;27.35;27.35;27.35;27.35;100
20160203 101100;27.34;27.41;27.34;27.4;400
20160203 101300;27.46;27.46;27.39;27.4128;1000
20160203 101500;27.365;27.365;27.365;27.365;200
20160203 101600;27.335;27.47;27.335;27.47;1100
20160203 102500;27.47;27.47;27.47;27.47;200
20160203 102600;27.46;27.46;27.46;27.46;100
20160203 102700;27.49;27.49;27.49;27.49;400
20160203 103100;27.412;27.412;27.412;27.412;120
20160203 103600;27.45;27.45;27.45;27.45;100
20160203 103700;27.45;27.45;27.45;27.45;1397
20160203 103800;27.32;27.32;27.32;27.32;100
20160203 104200;27.3794;27.3794;27.3794;27.3794;440
20160203 104300;27.4213;27.4213;27.4213;27.4213;440
20160203 105200;27.49;27.49;27.49;27.49;100
20160203 105300;27.49;27.5;27.49;27.5;2606
20160203 110600;27.48;27.48;27.4792;27.4792;600
20160203 110800;27.4011;27.4011;27.4;27.4;200
20160203 111200;27.42;27.42;27.42;27.42;100
20160203 111400;27.4;27.4;27.25;27.295;2900
20160203 111500;27.25;27.44;27.25;27.44;2500
20160203 111600;27.47;27.48;27.47;27.48;900
20160203 111700;27.48;27.48;27.37;27.37;2200
20160203 111800;27.34;27.36;27.34;27.36;2100
20160203 111900;27.43;27.43;27.43;27.43;300
20160203 112200;27.48;27.48;27.48;27.48;200
20160203 112300;27.48;27.48;27.48;27.48;200
20160203 113400;27.44;27.45;27.44;27.45;400
20160203 113500;27.48;27.48;27.48;27.48;200
20160203 114000;27.52;27.52;27.52;27.52;200
20160203 114100;27.53;27.53;27.53;27.53;200
20160203 114300;27.56;27.56;27.56;27.56;400
20160203 114400;27.58;27.58;27.58;27.58;400
20160203 114500;27.5999;27.6;27.5999;27.6;770
20160203 114900;27.6;27.6;27.5991;27.5991;200
20160203 115000;27.6;27.6;27.6;27.6;200
20160203 115100;27.6;27.6;27.6;27.6;100
20160203 115300;27.6413;27.6413;27.6413;27.6413;100
20160203 121100;27.59;27.59;27.59;27.59;100
20160203 121300;27.67;27.67;27.67;27.67;100
20160203 122000;27.73;27.73;27.73;27.73;100
20160203 122400;27.76;27.76;27.76;27.76;100
20160203 122500;27.76;27.76;27.76;27.76;200
20160203 123100;27.8137;27.8137;27.8137;27.8137;300
20160203 123400;27.88;27.88;27.88;27.88;100
20160203 123500;27.8;27.8;27.8;27.8;100
20160203 124600;27.8;27.8;27.8;27.8;100
20160203 124900;27.8702;27.8702;27.8702;27.8702;150
20160203 125400;27.7846;27.7846;27.7846;27.7846;270
20160203 125600;27.7843;27.87;27.7843;27.87;1200
20160203 130200;27.74;27.78;27.72;27.78;800
20160203 130300;27.71;27.71;27.71;27.71;100
20160203 130400;27.72;27.72;27.61;27.61;400
20160203 130700;27.77;27.77;27.7;27.7;500
20160203 130800;27.77;27.8;27.77;27.77;3052
20160203 131600;27.608;27.608;27.608;27.608;700
20160203 132300;27.58;27.58;27.58;27.58;920
20160203 132400;27.68;27.68;27.68;27.68;900
20160203 133400;27.58;27.58;27.57;27.57;300
20160203 133600;27.36;27.5;27.35;27.49;1100
20160203 133700;27.4;27.45;27.4;27.45;900
20160203 135200;27.53;27.53;27.52;27.52;300
20160203 141200;27.53;27.64;27.53;27.64;200
20160203 142900;27.79;27.79;27.79;27.79;200
20160203 143300;27.8;27.8;27.6218;27.79;1012
20160203 143700;27.6946;27.6946;27.6946;27.6946;100
20160203 144800;27.73;27.73;27.73;27.73;100
20160203 145300;27.77;27.77;27.67;27.77;600
20160203 145400;27.68;27.68;27.66;27.66;300
20160203 145500;27.65;27.65;27.65;27.65;100
20160203 150000;27.71;27.77;27.71;27.76;300
20160203 150100;27.76;27.76;27.6501;27.73;700
20160203 150300;27.6601;27.6601;27.651;27.651;800
20160203 150400;27.72;27.73;27.531;27.73;1100
20160203 150500;27.58;27.71;27.58;27.71;1100
20160203 150600;27.7878;27.7878;27.68;27.68;307
20160203 150900;27.41;27.41;27.41;27.41;100
20160203 151000;27.5;27.5;27.49;27.49;400
20160203 151100;27.5025;27.5025;27.45;27.45;400
20160203 151400;27.56;27.56;27.56;27.56;100
20160203 151500;27.4813;27.4813;27.4813;27.4813;1700
20160203 151800;27.52;27.52;27.52;27.52;100
20160203 152100;27.52;27.52;27.5;27.5;200
20160203 152400;27.5;27.5;27.5;27.5;100
20160203 152500;27.51;27.51;27.51;27.51;100
20160203 152600;27.51;27.51;27.51;27.51;100
20160203 152700;27.55;27.57;27.55;27.56;400
20160203 152900;27.58;27.58;27.58;27.58;200
20160203 153000;27.57;27.57;27.56;27.56;200
20160203 153200;27.6;27.6;27.57;27.57;325
20160203 153300;27.59;27.59;27.59;27.59;100
20160203 153400;27.57;27.57;27.57;27.57;100
20160203 153500;27.45;27.45;27.45;27.45;100
20160203 154000;27.42;27.42;27.42;27.42;100
20160203 154700;27.47;27.47;27.47;27.47;300
20160203 154800;27.45;27.45;27.4456;27.4456;230
20160203 155200;27.48;27.48;27.48;27.48;100
20160203 155500;27.5;27.5;27.5;27.5;400
20160203 155600;27.49;27.58;27.49;27.58;230
20160203 155700;27.57;27.57;27.57;27.57;300
20160203 155800;27.57;27.57;27.51;27.51;612
20160203 155900;27.51;27.51;27.51;27.51;100
20160203 160000;27.52;27.55;27.51;27.54;3012
20160204 093100;27.51;27.51;27.51;27.51;150
20160204 093200;27.5;27.5;27.5;27.5;100
20160204 093300;27.51;27.51;27.51;27.51;100
20160204 093400;27.5;27.5;27.5;27.5;100
20160204 093500;27.5;27.5;27.5;27.5;700
20160204 093600;27.5;27.5;27.49;27.5;2700
20160204 093900;27.49;27.49;27.49;27.49;100
20160204 094000;27.5;27.5;27.49;27.49;400
20160204 094100;27.5;27.5;27.5;27.5;400
20160204 094300;27.49;27.49;27.49;27.49;100
20160204 094800;27.44;27.44;27.44;27.44;100
20160204 094900;27.44;27.44;27.44;27.44;100
20160204 100600;27.2501;27.49;27.2501;27.49;2000
20160204 101700;27.4067;27.48;27.4067;27.48;200
20160204 102400;27.42;27.42;27.39;27.39;400
20160204 103000;27.3889;27.3889;27.3889;27.3889;114
20160204 103700;27.4016;27.4016;27.4016;27.4016;137
20160204 103900;27.239;27.239;27.239;27.239;110
20160204 104000;27.3202;27.3202;27.3202;27.3202;119
20160204 104100;27.34;27.34;27.34;27.34;100
20160204 104300;27.227;27.227;27.227;27.227;137
20160204 104500;27.344;27.344;27.344;27.344;110
20160204 104900;27.325;27.325;27.325;27.325;181
20160204 105600;27.23;27.23;27.17;27.17;300
20160204 105700;27.17;27.17;27.13;27.13;200
20160204 105800;27.2099;27.24;27.2;27.24;300
20160204 105900;27.32;27.32;27.32;27.32;100
20160204 110000;27.2701;27.4;27.27;27.31;600
20160204 110100;27.26;27.43;27.26;27.28;1326
20160204 110200;27.17;27.17;27.16;27.16;200
20160204 110400;27.17;27.24;27.11;27.24;1641
20160204 110500;27.17;27.2;27.17;27.2;500
20160204 110600;27.09;27.23;27.09;27.16;600
20160204 110700;27.2;27.36;27.2;27.36;1100
20160204 110900;27.47;27.47;27.4;27.4;600
20160204 111100;27.43;27.43;27.43;27.43;100
20160204 111200;27.25;27.25;27.25;27.25;100
20160204 111300;27.15;27.34;27.15;27.34;300
20160204 111400;27.3;27.3099;27.3;27.3099;200
20160204 111600;27.36;27.48;27.36;27.48;1100
20160204 111700;27.4;27.4;27.39;27.39;300
20160204 111800;27.5;27.5;27.39;27.39;600
20160204 111900;27.35;27.35;27.34;27.34;200
20160204 112000;27.2;27.3099;27.2;27.3099;300
20160204 112100;27.23;27.32;27.23;27.32;200
20160204 112200;27.3299;27.3299;27.22;27.22;300
20160204 112300;27.31;27.34;27.26;27.34;900
20160204 112400;27.28;27.37;27.28;27.3699;500
20160204 112500;27.4;27.5;27.4;27.5;200
20160204 112600;27.39;27.39;27.39;27.39;100
20160204 112700;27.5;27.5;27.5;27.5;100
20160204 112800;27.37;27.37;27.37;27.37;300
20160204 113400;27.46;27.46;27.46;27.46;100
20160204 113500;27.31;27.31;27.31;27.31;300
20160204 114300;27.24;27.24;27.24;27.24;200
20160204 114700;27.27;27.27;27.27;27.27;400
20160204 115400;27.09;27.09;27.09;27.09;100
20160204 115500;27.15;27.21;27.15;27.21;300
20160204 115600;27.12;27.12;27.12;27.12;100
20160204 115700;27.2;27.21;27.2;27.21;200
20160204 115800;27.37;27.37;27.3;27.3;300
20160204 115900;27.27;27.27;27.27;27.27;200
20160204 120600;27.5;27.5;27.5;27.5;100
20160204 120700;27.32;27.32;27.32;27.32;200
20160204 121500;27.4;27.4;27.4;27.4;100
20160204 121600;27.25;27.25;27.25;27.25;485
20160204 121700;27.25;27.25;27.24;27.24;200
20160204 122300;27.19;27.19;27.19;27.19;500
20160204 123400;27.24;27.24;27.24;27.24;967
20160204 123600;27.23;27.23;27.23;27.23;200
20160204 124700;27.17;27.17;27.17;27.17;100
20160204 130000;27.1547;27.1547;27.1547;27.1547;200
20160204 132200;27.02;27.02;27.02;27.02;100
20160204 134100;27.04;27.04;27.04;27.04;200
20160204 134700;27;27;27;27;100
20160204 140400;26.84;26.84;26.84;26.84;100
20160204 140500;26.84;26.84;26.84;26.84;100
20160204 140900;26.9299;26.9299;26.9299;26.9299;1000
20160204 141500;26.8321;26.8321;26.8321;26.8321;280
20160204 143600;26.9;26.9;26.9;26.9;100
20160204 144300;26.89;26.89;26.89;26.89;200
20160204 144900;26.9875;26.9875;26.9875;26.9875;100
20160204 145700;26.93;26.9849;26.93;26.9849;200
20160204 150700;26.9287;26.9287;26.9287;26.9287;125
20160204 151200;26.9507;26.9507;26.9507;26.9507;300
20160204 151300;26.9607;26.9607;26.9607;26.9607;201
20160204 151400;26.9603;26.9603;26.9603;26.9603;100
20160204 151900;27.15;27.16;27.15;27.16;250
20160204 153900;26.95;26.95;26.95;26.95;300
20160204 154000;26.94;26.94;26.94;26.94;100
20160204 154200;26.9899;26.9899;26.9899;26.9899;533
20160204 154600;26.97;26.97;26.92;26.92;200
20160204 155100;26.97;26.97;26.91;26.91;200
20160204 155200;26.9;26.9;26.9;26.9;100
20160204 155400;26.89;26.89;26.89;26.89;100
20160204 155600;26.9197;26.92;26.9197;26.92;238
20160204 155800;26.917;26.917;26.89;26.89;614
20160204 155900;26.88;26.88;26.88;26.88;100
20160204 160000;26.88;26.9;26.86;26.89;1600
20160204 160600;26.89;26.89;26.89;26.89;1060
20160204 163000;26.89;26.89;26.89;26.89;132
20160204 163100;26.89;26.89;26.89;26.89;88
20160205 093400;26.77;26.77;26.77;26.77;100
20160205 093600;26.98;26.98;26.98;26.98;100
20160205 093700;26.92;26.92;26.8;26.8;627
20160205 093800;26.77;26.77;26.7;26.7;1899
20160205 093900;26.75;26.75;26.64;26.64;200
20160205 094000;26.69;26.75;26.69;26.75;300
20160205 094100;26.6;26.73;26.6;26.73;300
20160205 094200;26.59;26.74;26.59;26.7299;500
20160205 094400;26.48;26.48;26.48;26.48;140
20160205 094500;26.64;26.64;26.55;26.55;200
20160205 094600;26.61;26.655;26.61;26.655;700
20160205 094700;26.53;26.67;26.53;26.67;325
20160205 094800;26.75;26.75;26.75;26.75;100
20160205 094900;26.7999;26.7999;26.7999;26.7999;200
20160205 095000;26.53;26.61;26.53;26.61;200
20160205 095100;26.7;26.7;26.7;26.7;100
20160205 095200;26.5;26.77;26.5;26.75;300
20160205 095300;26.695;26.76;26.695;26.76;500
20160205 095400;26.76;26.76;26.6;26.6;200
20160205 095500;26.75;26.76;26.75;26.76;200
20160205 095600;27.0301;27.0301;27.0301;27.0301;150
20160205 095900;26.76;26.76;26.76;26.76;100
20160205 101700;26.7;26.7;26.7;26.7;253
20160205 104000;26.7456;26.7456;26.7456;26.7456;187
20160205 104700;26.71;26.71;26.71;26.71;800
20160205 110300;26.69;26.7;26.69;26.7;200
20160205 110500;26.7;26.7;26.7;26.7;200
20160205 110700;26.7;26.7;26.7;26.7;200
20160205 110800;26.605;26.605;26.536;26.536;450
20160205 110900;26.6;26.72;26.6;26.72;640
20160205 111200;26.72;26.72;26.72;26.72;200
20160205 112900;26.81;26.81;26.81;26.81;150
20160205 115300;26.6354;26.6354;26.6354;26.6354;300
20160205 120100;26.66;26.69;26.65;26.69;600
20160205 121200;26.94;26.94;26.94;26.94;200
20160205 121400;26.7454;26.7454;26.7454;26.7454;100
20160205 122800;26.91;26.91;26.9;26.9;200
20160205 123700;26.89;26.89;26.89;26.89;100
20160205 125900;26.78;26.86;26.78;26.86;200
20160205 130600;26.78;26.78;26.78;26.78;100
20160205 130700;26.82;26.82;26.82;26.82;100
20160205 130800;26.86;26.86;26.86;26.86;129
20160205 131000;26.78;26.78;26.78;26.78;100
20160205 133300;26.93;26.93;26.78;26.78;400
20160205 134500;26.9799;26.9799;26.9799;26.9799;471
20160205 140400;26.96;26.96;26.955;26.955;200
20160205 140700;27;27;27;27;100
20160205 142200;26.89;26.89;26.89;26.89;200
20160205 142300;27.08;27.08;27.08;27.08;200
20160205 143500;27.34;27.34;27.34;27.34;100
20160205 144800;27.0855;27.0855;27.0855;27.0855;100
20160205 145000;27.2499;27.2499;27.2499;27.2499;679
20160205 150300;27.2399;27.2399;27.2399;27.2399;716
20160205 150900;27.03;27.19;26.8801;26.92;5307
20160205 151200;27.015;27.015;27.015;27.015;100
20160205 151500;27.07;27.1;27.07;27.1;200
20160205 152600;26.95;26.95;26.95;26.95;100
20160205 152900;26.95;26.96;26.95;26.96;200
20160205 153400;27.08;27.08;27.08;27.08;202
20160205 153700;26.92;26.92;26.79;26.79;400
20160205 154300;26.87;26.87;26.87;26.87;100
20160205 154400;26.87;26.87;26.87;26.87;200
20160205 154900;26.78;26.8054;26.77;26.77;600
20160205 155000;26.96;26.96;26.77;26.77;1701
20160205 155100;26.745;26.81;26.745;26.75;400
20160205 155200;26.75;26.75;26.75;26.75;100
20160205 155300;26.75;26.81;26.7356;26.75;800
20160205 155400;26.81;26.82;26.76;26.76;500
20160205 155500;26.75;26.75;26.75;26.75;200
20160205 155600;26.75;26.75;26.75;26.75;200
20160205 155700;26.75;26.75;26.705;26.75;1000
20160205 155800;26.75;26.8099;26.75;26.75;648
20160205 155900;26.8;26.8;26.67;26.68;1700
20160205 160000;26.68;26.75;26.62;26.72;12933
20160205 160100;26.62;26.72;26.62;26.72;367
20160205 161900;26.7168;26.7168;26.7168;26.7168;222
20160205 164400;26.7945;26.7945;26.7945;26.7945;1051
20160205 165000;26.72;26.72;26.72;26.72;355
