20160119 093300;3.106;3.106;3.106;3.106;1000
20160119 093800;3.1;3.11;3.06;3.1099;600
20160119 093900;3.0996;3.0996;3.0996;3.0996;500
20160119 094900;3.09;3.09;3.07;3.07;500
20160119 095200;3.0664;3.0664;3.05;3.05;900
20160119 100100;3.06;3.06;3.06;3.06;300
20160119 102300;3.06;3.06;3.06;3.06;300
20160119 102800;3.076;3.076;3.076;3.076;100
20160119 102900;3.068;3.068;3.06;3.06;1100
20160119 103200;3.08;3.08;3.08;3.08;100
20160119 104000;3.07;3.079;3.04;3.06;4700
20160119 104100;3.06;3.06;3.06;3.06;524
20160119 105000;3.06;3.06;3.06;3.06;700
20160119 105100;3.06;3.06;3.04;3.04;400
20160119 105200;3.06;3.06;3.045;3.06;2100
20160119 105900;3.06;3.07;3.06;3.07;700
20160119 110100;3.06;3.06;3.06;3.06;100
20160119 110700;3.08;3.08;3.08;3.08;100
20160119 110900;3.07;3.07;3.07;3.07;100
20160119 112000;3.07;3.07;3.07;3.07;1100
20160119 112300;3.07;3.07;3.07;3.07;100
20160119 112600;3.07;3.07;3.07;3.07;200
20160119 113200;3.066;3.1001;3.066;3.1001;2829
20160119 113800;3.1;3.1;3.1;3.1;5500
20160119 114000;3.101;3.11;3.1;3.11;5400
20160119 114100;3.111;3.111;3.11;3.11;7100
20160119 114300;3.11;3.11;3.11;3.11;5000
20160119 114400;3.11;3.11;3.09;3.09;1585
20160119 114500;3.1;3.1;3.1;3.1;400
20160119 114600;3.1;3.1098;3.1;3.105;9615
20160119 114700;3.1;3.1;3.1;3.1;7500
20160119 114900;3.1;3.1;3.1;3.1;1100
20160119 115000;3.1;3.1;3.1;3.1;7600
20160119 115800;3.1;3.1;3.07;3.07;200
20160119 120200;3.07;3.07;3.07;3.07;100
20160119 120300;3.07;3.07;3.07;3.07;1500
20160119 120400;3.07;3.07;3.07;3.07;400
20160119 121100;3.07;3.07;3.07;3.07;100
20160119 122000;3.07;3.07;3.07;3.07;600
20160119 122100;3.07;3.07;3.07;3.07;200
20160119 122200;3.07;3.07;3.07;3.07;100
20160119 122500;3.07;3.08;3.07;3.08;400
20160119 123300;3.08;3.08;3.08;3.08;100
20160119 123700;3.07;3.07;3.07;3.07;1800
20160119 123900;3.07;3.07;3.07;3.07;300
20160119 124000;3.07;3.07;3.07;3.07;100
20160119 125200;3.08;3.08;3.074;3.074;597
20160119 125800;3.08;3.08;3.08;3.08;100
20160119 130500;3.07;3.07;3.07;3.07;800
20160119 131900;3.07;3.07;3.07;3.07;900
20160119 132400;3.07;3.07;3.06;3.06;1600
20160119 132600;3.07;3.07;3.07;3.07;100
20160119 132700;3.07;3.08;3.07;3.07;1000
20160119 132900;3.0703;3.0703;3.07;3.07;300
20160119 134600;3.07;3.07;3.07;3.07;100
20160119 135500;3.06;3.06;3.06;3.06;900
20160119 135600;3.06;3.06;3.06;3.06;400
20160119 140200;3.06;3.06;3.05;3.05;900
20160119 140300;3.05;3.06;3.05;3.05;600
20160119 140500;3.06;3.07;3.06;3.07;7400
20160119 140600;3.075;3.075;3.075;3.075;100
20160119 140700;3.08;3.08;3.08;3.08;300
20160119 140800;3.071;3.071;3.07;3.07;6000
20160119 140900;3.07;3.07;3.07;3.07;1200
20160119 141000;3.07;3.07;3.07;3.07;100
20160119 141400;3.07;3.07;3.07;3.07;100
20160119 142000;3.06;3.06;3.06;3.06;100
20160119 142300;3.03;3.03;3.03;3.03;100
20160119 142500;3.06;3.06;3.06;3.06;100
20160119 142700;3.03;3.03;3.03;3.03;100
20160119 143100;3.05;3.05;3.05;3.05;200
20160119 143200;3.06;3.06;3.06;3.06;100
20160119 143400;3.04;3.04;3.04;3.04;500
20160119 144100;3.03;3.03;3.03;3.03;100
20160119 144300;3.05;3.05;3.05;3.05;100
20160119 144600;3.0301;3.0301;3.0301;3.0301;1000
20160119 145100;3.03;3.03;3.03;3.03;1300
20160119 145200;3.03;3.03;3.03;3.03;100
20160119 145500;3.03;3.03;3.03;3.03;100
20160119 145800;3.02;3.02;3.02;3.02;100
20160119 150300;3.01;3.01;3;3;600
20160119 150900;3;3;3;3;100
20160119 151000;3;3;3;3;100
20160119 151300;3.01;3.01;3.01;3.01;100
20160119 151600;3.0001;3.0001;3.0001;3.0001;1000
20160119 151900;3.01;3.02;3.01;3.02;600
20160119 152100;3.01;3.01;3.01;3.01;1000
20160119 152600;3.01;3.01;3.01;3.01;100
20160119 152700;3.01;3.01;3.01;3.01;100
20160119 153700;3.02;3.07;3.02;3.06;3800
20160119 153900;3.05;3.05;3.05;3.05;100
20160119 154000;3.06;3.06;3.06;3.06;100
20160119 154100;3.065;3.07;3.065;3.07;400
20160119 154400;3.06;3.06;3.06;3.06;100
20160119 154500;3.07;3.07;3.07;3.07;500
20160119 154700;3.08;3.08;3.08;3.08;100
20160119 155200;3.08;3.08;3.08;3.08;400
20160119 155300;3.095;3.1;3.095;3.1;300
20160119 155400;3.1;3.1;3.1;3.1;100
20160119 155500;3.1;3.12;3.1;3.12;300
20160119 155600;3.12;3.12;3.12;3.12;100
20160119 155900;3.111;3.1142;3.1;3.1;2298
20160119 160000;3.09;3.1;3.09;3.1;7344
20160120 093700;3.03;3.03;3.03;3.03;100
20160120 094300;3.01;3.01;3;3.01;3300
20160120 094400;3.01;3.01;3.01;3.01;200
20160120 094800;3.02;3.02;3.02;3.02;310
20160120 095300;3.03;3.03;3.03;3.03;200
20160120 095400;3.03;3.03;3.03;3.03;20000
20160120 095500;3.03;3.03;3.02;3.02;4990
20160120 095600;3.02;3.02;3.01;3.01;400
20160120 100000;3.013;3.013;3.013;3.013;120
20160120 100100;3.01;3.01;3.01;3.01;2000
20160120 100500;3.01;3.01;3.01;3.01;100
20160120 100800;3.01;3.01;3.01;3.01;100
20160120 100900;3.01;3.01;3.01;3.01;500
20160120 101000;3.0232;3.0232;3.01;3.01;900
20160120 101800;3.01;3.01;3.01;3.01;100
20160120 102100;3.03;3.03;3.03;3.03;100
20160120 102800;3.03;3.03;3.03;3.03;100
20160120 103200;3.01;3.02;3.01;3.02;200
20160120 103300;3.02;3.02;3.02;3.02;300
20160120 103400;3.015;3.02;3.01;3.02;8500
20160120 103500;3.01;3.01;3.01;3.01;800
20160120 103600;3.01;3.014;3.01;3.014;700
20160120 103900;3.0101;3.0101;3.0101;3.0101;500
20160120 104100;3.016;3.016;3.0123;3.0123;839
20160120 104200;3.01;3.0125;3.01;3.01;1300
20160120 104300;3.01;3.01;3.01;3.01;100
20160120 105000;3.01;3.01;3.01;3.01;300
20160120 105100;3.01;3.01;3.01;3.01;700
20160120 105200;3.01;3.01;3.01;3.01;100
20160120 105600;3.0101;3.0101;3.0101;3.0101;500
20160120 105900;3.01;3.01;3.01;3.01;100
20160120 110200;3.02;3.02;3.02;3.02;100
20160120 110300;3.02;3.02;3.02;3.02;100
20160120 110600;3.03;3.03;3.03;3.03;150
20160120 111400;3.01;3.01;3.01;3.01;100
20160120 111800;3.016;3.016;3.016;3.016;1000
20160120 111900;3.02;3.03;3.02;3.03;500
20160120 113100;3.03;3.03;3.03;3.03;310
20160120 113300;3.05;3.05;3.05;3.05;100
20160120 113700;3.05;3.07;3.05;3.07;300
20160120 113800;3.05;3.05;3.05;3.05;100
20160120 115300;3.05;3.05;3.05;3.05;400
20160120 115400;3.05;3.055;3.05;3.055;300
20160120 115600;3.05;3.05;3.05;3.05;100
20160120 115800;3.05;3.05;3.05;3.05;200
20160120 120000;3.031;3.04;3.03;3.035;1400
20160120 121900;3.032;3.032;3.01;3.01;600
20160120 122000;3.01;3.01;3.01;3.01;300
20160120 122200;3.01;3.01;3.01;3.01;1600
20160120 122600;3.01;3.02;3.01;3.01;1200
20160120 123300;3.01;3.01;3.01;3.01;100
20160120 123600;3.01;3.01;3.01;3.01;600
20160120 123700;3.01;3.01;3.01;3.01;400
20160120 124400;3.01;3.01;3.01;3.01;100
20160120 125500;3.014;3.0142;3.01;3.01;700
20160120 125700;3.01;3.01;3.01;3.01;100
20160120 125900;3.0181;3.03;3.01;3.02;865
20160120 130000;3.0406;3.0406;3.0406;3.0406;200
20160120 131500;3.03;3.03;3.03;3.03;8600
20160120 131600;3.0399;3.04;3.03;3.03;6200
20160120 132200;3.03;3.03;3.03;3.03;700
20160120 132400;3.03;3.03;3.03;3.03;100
20160120 132600;3.039;3.039;3.039;3.039;100
20160120 132800;3.042;3.042;3.03;3.03;350
20160120 133300;3.05;3.05;3.05;3.05;100
20160120 134400;3.07;3.07;3.07;3.07;100
20160120 134600;3.07;3.07;3.06;3.06;300
20160120 135200;3.07;3.07;3.07;3.07;300
20160120 135500;3.09;3.09;3.09;3.09;200
20160120 140200;3.08;3.08;3.07;3.07;200
20160120 143200;3.07;3.07;3.07;3.07;250
20160120 143700;3.05;3.05;3.05;3.05;100
20160120 143800;3.05;3.05;3.05;3.05;100
20160120 144000;3.0615;3.0615;3.061;3.0615;412
20160120 145700;3.06;3.07;3.06;3.07;1200
20160120 150100;3.08;3.08;3.08;3.08;100
20160120 150200;3.08;3.09;3.07;3.09;500
20160120 152400;3.1;3.1;3.1;3.1;100
20160120 153200;3.12;3.12;3.12;3.12;400
20160120 154000;3.122;3.13;3.122;3.13;3100
20160120 154600;3.14;3.15;3.14;3.15;600
20160120 155200;3.16;3.16;3.16;3.16;100
20160120 155800;3.15;3.15;3.15;3.15;500
20160120 155900;3.14;3.14;3.13;3.13;900
20160120 160000;3.14;3.14;3.13;3.13;300
20160121 095900;3.1595;3.1595;3.1595;3.1595;100
20160121 100000;3.1699;3.1699;3.14;3.14;600
20160121 101400;3.13;3.13;3.13;3.13;100
20160121 102200;3.154;3.154;3.13;3.13;450
20160121 102300;3.1595;3.17;3.15;3.15;400
20160121 103500;3.1506;3.1506;3.1506;3.1506;200
20160121 103600;3.13;3.13;3.13;3.13;100
20160121 103900;3.1599;3.1599;3.13;3.13;1500
20160121 104100;3.16;3.16;3.14;3.14;200
20160121 105400;3.1699;3.17;3.1699;3.17;664
20160121 105600;3.21;3.21;3.21;3.21;100
20160121 110600;3.17;3.17;3.17;3.17;200
20160121 110800;3.21;3.21;3.21;3.21;100
20160121 111100;3.208;3.208;3.208;3.208;200
20160121 111300;3.19;3.19;3.19;3.19;100
20160121 111900;3.19;3.19;3.19;3.19;100
20160121 113300;3.19;3.19;3.19;3.19;200
20160121 113900;3.2;3.2;3.2;3.2;200
20160121 114500;3.22;3.22;3.22;3.22;100
20160121 115300;3.22;3.22;3.2;3.2;400
20160121 115400;3.22;3.22;3.2;3.2;1000
20160121 115500;3.2;3.2;3.2;3.2;300
20160121 115600;3.195;3.195;3.195;3.195;500
20160121 120200;3.214;3.214;3.214;3.214;100
20160121 120300;3.21;3.21;3.21;3.21;100
20160121 120900;3.21;3.22;3.2;3.22;1100
20160121 121000;3.21;3.23;3.21;3.21;1300
20160121 121100;3.21;3.21;3.21;3.21;300
20160121 121200;3.21;3.21;3.21;3.21;100
20160121 121300;3.2;3.2;3.2;3.2;200
20160121 121400;3.2;3.2;3.19;3.19;400
20160121 121500;3.22;3.22;3.22;3.22;100
20160121 122700;3.2;3.2;3.2;3.2;200
20160121 122800;3.2;3.2;3.2;3.2;300
20160121 122900;3.2;3.2;3.2;3.2;500
20160121 123000;3.2;3.2;3.2;3.2;100
20160121 123100;3.19;3.19;3.19;3.19;200
20160121 123400;3.19;3.19;3.19;3.19;100
20160121 123600;3.208;3.208;3.208;3.208;100
20160121 123800;3.19;3.19;3.19;3.19;300
20160121 123900;3.208;3.208;3.208;3.208;100
20160121 124700;3.22;3.22;3.22;3.22;100
20160121 124900;3.208;3.208;3.19;3.19;500
20160121 125100;3.208;3.208;3.208;3.208;200
20160121 125300;3.19;3.19;3.19;3.19;200
20160121 125500;3.19;3.19;3.19;3.19;100
20160121 131000;3.21;3.21;3.21;3.21;100
20160121 131100;3.2;3.21;3.19;3.195;1400
20160121 131200;3.195;3.2;3.19;3.19;1300
20160121 131400;3.208;3.208;3.208;3.208;120
20160121 131800;3.2;3.21;3.2;3.2;500
20160121 131900;3.2;3.21;3.2;3.21;200
20160121 132300;3.19;3.19;3.19;3.19;100
20160121 133500;3.19;3.19;3.18;3.18;300
20160121 134600;3.19;3.19;3.19;3.19;100
20160121 134900;3.17;3.17;3.16;3.16;500
20160121 141200;3.17;3.17;3.15;3.15;700
20160121 141400;3.16;3.16;3.16;3.16;100
20160121 143500;3.14;3.14;3.14;3.14;100
20160121 143600;3.14;3.14;3.14;3.14;100
20160121 150100;3.15;3.15;3.14;3.14;500
20160121 150200;3.14;3.14;3.14;3.14;500
20160121 150300;3.14;3.14;3.14;3.14;200
20160121 150900;3.14;3.14;3.14;3.14;172
20160121 152600;3.15;3.15;3.15;3.15;100
20160121 153100;3.15;3.15;3.15;3.15;100
20160121 154700;3.15;3.15;3.15;3.15;100
20160121 155000;3.15;3.15;3.15;3.15;100
20160121 155200;3.15;3.15;3.15;3.15;100
20160121 155700;3.14;3.14;3.14;3.14;100
20160121 155800;3.14;3.14;3.14;3.14;100
20160121 160000;3.14;3.14;3.14;3.14;1000
20160122 094600;3.22;3.22;3.22;3.22;900
20160122 095200;3.2;3.2;3.18;3.18;700
20160122 095300;3.187;3.187;3.187;3.187;500
20160122 095400;3.21;3.21;3.21;3.21;300
20160122 095500;3.17;3.23;3.16;3.23;500
20160122 100100;3.23;3.23;3.23;3.23;100
20160122 100700;3.24;3.24;3.19;3.21;900
20160122 101300;3.21;3.21;3.19;3.19;900
20160122 101600;3.15;3.15;3.15;3.15;200
20160122 101800;3.17;3.17;3.14;3.14;600
20160122 102100;3.14;3.1799;3.14;3.14;400
20160122 102400;3.164;3.164;3.164;3.164;350
20160122 104600;3.16;3.16;3.16;3.16;400
20160122 105100;3.17;3.17;3.17;3.17;300
20160122 105800;3.161;3.161;3.161;3.161;300
20160122 110300;3.16;3.16;3.16;3.16;200
20160122 110900;3.16;3.165;3.16;3.16;12478
20160122 111000;3.16;3.16;3.16;3.16;300
20160122 112100;3.16;3.16;3.16;3.16;100
20160122 113800;3.1701;3.1701;3.17;3.17;500
20160122 114500;3.171;3.171;3.16;3.16;1500
20160122 115200;3.16;3.16;3.16;3.16;200
20160122 115900;3.16;3.16;3.16;3.16;100
20160122 120700;3.1666;3.1666;3.16;3.16;1100
20160122 121200;3.16;3.16;3.16;3.16;800
20160122 121500;3.17;3.17;3.17;3.17;100
20160122 122400;3.17;3.17;3.16;3.17;4700
20160122 124100;3.1799;3.1799;3.16;3.16;2400
20160122 124600;3.18;3.18;3.18;3.18;100
20160122 125000;3.18;3.18;3.18;3.18;500
20160122 125300;3.19;3.19;3.188;3.188;400
20160122 125400;3.19;3.19;3.19;3.19;300
20160122 130300;3.2;3.2;3.2;3.2;500
20160122 130500;3.21;3.22;3.2;3.2;1199
20160122 131500;3.2;3.2;3.2;3.2;100
20160122 131600;3.2;3.2;3.19;3.19;400
20160122 132100;3.2;3.2;3.2;3.2;700
20160122 135800;3.202;3.202;3.19;3.19;400
20160122 135900;3.21;3.21;3.21;3.21;198
20160122 140200;3.202;3.202;3.202;3.202;100
20160122 140800;3.21;3.21;3.2;3.2;300
20160122 142700;3.19;3.19;3.19;3.19;100
20160122 143100;3.21;3.21;3.21;3.21;100
20160122 143900;3.2101;3.2101;3.2101;3.2101;100
20160122 152300;3.21;3.21;3.21;3.21;100
20160122 153100;3.19;3.19;3.19;3.19;600
20160122 153800;3.19;3.19;3.19;3.19;200
20160122 154400;3.2;3.2;3.2;3.2;100
20160122 154500;3.2;3.2;3.19;3.2;1000
20160122 155100;3.2;3.2068;3.2;3.2068;200
20160122 155300;3.21;3.21;3.2;3.2;1100
20160122 155400;3.21;3.21;3.21;3.21;100
20160122 155500;3.21;3.21;3.21;3.21;200
20160122 155600;3.21;3.21;3.21;3.21;100
20160122 155900;3.19;3.19;3.19;3.19;100
20160122 160000;3.19;3.19;3.19;3.19;300
20160125 093500;3.2;3.2;3.2;3.2;100
20160125 095200;3.19;3.19;3.19;3.19;200
20160125 100300;3.2;3.2;3.2;3.2;100
20160125 102100;3.24;3.26;3.24;3.26;500
20160125 102700;3.2558;3.2558;3.2558;3.2558;100
20160125 103300;3.24;3.24;3.24;3.24;100
20160125 103500;3.2401;3.26;3.2401;3.26;1100
20160125 103600;3.26;3.26;3.26;3.26;200
20160125 104400;3.255;3.26;3.255;3.26;200
20160125 104900;3.25;3.25;3.25;3.25;200
20160125 105400;3.2499;3.25;3.23;3.25;2500
20160125 111700;3.2468;3.26;3.24;3.24;1900
20160125 112100;3.25;3.25;3.25;3.25;100
20160125 112300;3.25;3.25;3.23;3.23;2600
20160125 112400;3.235;3.235;3.235;3.235;100
20160125 112900;3.24;3.24;3.24;3.24;400
20160125 113000;3.23;3.23;3.23;3.23;2200
20160125 113300;3.22;3.22;3.21;3.21;300
20160125 114600;3.215;3.215;3.2;3.2;400
20160125 121500;3.21;3.21;3.21;3.21;100
20160125 122400;3.21;3.21;3.21;3.21;700
20160125 122900;3.21;3.21;3.21;3.21;200
20160125 124200;3.21;3.21;3.21;3.21;400
20160125 125500;3.21;3.21;3.21;3.21;100
20160125 130800;3.21;3.21;3.21;3.21;100
20160125 131900;3.21;3.21;3.21;3.21;785
20160125 132100;3.21;3.21;3.21;3.21;100
20160125 132800;3.2;3.2;3.2;3.2;100
20160125 132900;3.2;3.2;3.2;3.2;200
20160125 133300;3.21;3.21;3.21;3.21;100
20160125 133600;3.2;3.2;3.2;3.2;200
20160125 134200;3.2;3.2;3.2;3.2;200
20160125 134500;3.2;3.2;3.2;3.2;200
20160125 134900;3.19;3.19;3.19;3.19;100
20160125 135400;3.15;3.15;3.15;3.15;400
20160125 140700;3.15;3.15;3.14;3.14;200
20160125 142100;3.16;3.16;3.16;3.16;100
20160125 144800;3.15;3.15;3.15;3.15;700
20160125 152300;3.14;3.14;3.14;3.14;100
20160125 152800;3.15;3.15;3.15;3.15;100
20160125 153000;3.15;3.15;3.15;3.15;100
20160125 153700;3.13;3.13;3.13;3.13;100
20160125 153900;3.13;3.13;3.13;3.13;100
20160125 154200;3.13;3.13;3.13;3.13;200
20160125 154500;3.13;3.13;3.13;3.13;200
20160125 154600;3.13;3.13;3.13;3.13;100
20160125 154700;3.1384;3.1384;3.1384;3.1384;100
20160125 155100;3.1384;3.1384;3.1384;3.1384;200
20160125 155200;3.1384;3.14;3.13;3.14;400
20160125 155300;3.1384;3.1384;3.13;3.13;200
20160125 155400;3.1384;3.1384;3.13;3.13;200
20160125 155500;3.1384;3.14;3.13;3.13;400
20160125 155600;3.13;3.13;3.11;3.11;800
20160125 155800;3.11;3.11;3.11;3.11;100
20160125 155900;3.12;3.13;3.11;3.13;300
20160125 160000;3.11;3.11;3.11;3.11;200
20160126 093700;3.135;3.2;3.12;3.14;9200
20160126 094100;3.14;3.14;3.14;3.14;300
20160126 095100;3.14;3.15;3.14;3.14;2000
20160126 095200;3.14;3.14;3.14;3.14;100
20160126 100000;3.17;3.17;3.14;3.14;200
20160126 100400;3.16;3.16;3.16;3.16;300
20160126 100500;3.1799;3.1799;3.1799;3.1799;200
20160126 100900;3.19;3.21;3.19;3.21;900
20160126 101700;3.24;3.24;3.22;3.22;700
20160126 103100;3.1968;3.1968;3.1968;3.1968;100
20160126 103400;3.22;3.22;3.22;3.22;100
20160126 104000;3.21;3.21;3.21;3.21;200
20160126 104200;3.2;3.2;3.19;3.19;1000
20160126 110100;3.18;3.18;3.18;3.18;100
20160126 111000;3.18;3.18;3.18;3.18;100
20160126 112500;3.18;3.18;3.18;3.18;451
20160126 112600;3.175;3.175;3.175;3.175;100
20160126 112800;3.18;3.18;3.18;3.18;100
20160126 114000;3.1899;3.1899;3.1899;3.1899;100
20160126 114200;3.1899;3.1899;3.1899;3.1899;200
20160126 115600;3.19;3.19;3.19;3.19;200
20160126 115800;3.19;3.19;3.19;3.19;100
20160126 120800;3.176;3.176;3.176;3.176;100
20160126 121900;3.19;3.19;3.18;3.19;2100
20160126 122400;3.185;3.185;3.18;3.18;230
20160126 123100;3.185;3.185;3.185;3.185;100
20160126 123400;3.184;3.19;3.18;3.19;1200
20160126 130100;3.19;3.19;3.19;3.19;100
20160126 130200;3.19;3.19;3.19;3.19;482
20160126 130300;3.19;3.19;3.19;3.19;200
20160126 132100;3.1866;3.19;3.1866;3.19;1312
20160126 132200;3.2;3.2;3.2;3.2;1525
20160126 132600;3.2;3.2;3.2;3.2;800
20160126 133500;3.2;3.2;3.2;3.2;200
20160126 135300;3.21;3.21;3.195;3.195;300
20160126 141400;3.19;3.19;3.19;3.19;100
20160126 143400;3.2;3.2;3.2;3.2;500
20160126 143600;3.19;3.19;3.19;3.19;300
20160126 144500;3.1967;3.1967;3.19;3.19;1770
20160126 145500;3.19;3.19;3.19;3.19;100
20160126 150200;3.2;3.2;3.2;3.2;100
20160126 151100;3.2;3.2;3.2;3.2;500
20160126 151700;3.2;3.2;3.2;3.2;700
20160126 151900;3.21;3.21;3.21;3.21;100
20160126 152300;3.2;3.2;3.2;3.2;100
20160126 152900;3.2;3.2;3.19;3.19;200
20160126 153100;3.2;3.2;3.2;3.2;100
20160126 153700;3.2;3.2;3.2;3.2;100
20160126 153900;3.2;3.2;3.2;3.2;100
20160126 154700;3.2;3.2;3.2;3.2;100
20160126 155000;3.195;3.195;3.19;3.19;400
20160126 155100;3.2;3.2;3.2;3.2;100
20160126 155200;3.19;3.19;3.19;3.19;100
20160126 155300;3.19;3.19;3.19;3.19;100
20160126 155500;3.2;3.2;3.18;3.18;900
20160126 155700;3.17;3.17;3.17;3.17;100
20160126 155800;3.17;3.17;3.17;3.17;100
20160126 155900;3.17;3.17;3.17;3.17;400
20160126 160000;3.18;3.18;3.17;3.17;1300
20160127 093200;3.12;3.12;3.11;3.11;1800
20160127 093300;3.11;3.11;3.11;3.11;1400
20160127 093400;3.11;3.11;3.07;3.07;300
20160127 094300;3.1169;3.1169;3.07;3.07;1100
20160127 094600;3.085;3.085;3.085;3.085;110
20160127 094700;3.09;3.09;3.09;3.09;400
20160127 095300;3.12;3.12;3.12;3.12;200
20160127 100300;3.1033;3.1033;3.1033;3.1033;300
20160127 102700;3.1168;3.1168;3.1168;3.1168;300
20160127 103000;3.115;3.115;3.115;3.115;150
20160127 103100;3.14;3.14;3.11;3.12;800
20160127 103200;3.12;3.12;3.12;3.12;300
20160127 104500;3.12;3.12;3.12;3.12;200
20160127 104600;3.12;3.12;3.12;3.12;300
20160127 104700;3.12;3.12;3.12;3.12;200
20160127 104800;3.12;3.125;3.12;3.12;600
20160127 104900;3.12;3.12;3.12;3.12;100
20160127 105000;3.12;3.12;3.12;3.12;1000
20160127 105100;3.12;3.12;3.12;3.12;200
20160127 105200;3.12;3.12;3.12;3.12;100
20160127 105300;3.12;3.12;3.12;3.12;100
20160127 105500;3.12;3.12;3.12;3.12;300
20160127 105800;3.129;3.129;3.12;3.12;600
20160127 110100;3.12;3.12;3.12;3.12;100
20160127 110300;3.12;3.12;3.12;3.12;200
20160127 110800;3.125;3.125;3.121;3.121;280
20160127 111200;3.12;3.12;3.12;3.12;800
20160127 111700;3.12;3.12;3.12;3.12;100
20160127 111800;3.12;3.12;3.09;3.09;8400
20160127 114500;3.095;3.095;3.09;3.09;200
20160127 114600;3.09;3.1;3.09;3.09;1500
20160127 114700;3.094;3.094;3.094;3.094;100
20160127 115400;3.09;3.09;3.09;3.09;1400
20160127 115500;3.0933;3.0933;3.09;3.09;600
20160127 120300;3.1;3.1;3.1;3.1;100
20160127 120500;3.09;3.09;3.09;3.09;500
20160127 122200;3.09;3.09;3.09;3.09;200
20160127 123500;3.09;3.09;3.09;3.09;100
20160127 123600;3.09;3.09;3.09;3.09;200
20160127 123700;3.09;3.09;3.09;3.09;300
20160127 123800;3.09;3.09;3.09;3.09;300
20160127 125100;3.0901;3.0901;3.09;3.09;1300
20160127 132700;3.096;3.096;3.09;3.09;625
20160127 134000;3.09;3.09;3.09;3.09;600
20160127 140500;3.1;3.1;3.1;3.1;100
20160127 140600;3.09;3.09;3.09;3.09;100
20160127 140700;3.09;3.1;3.09;3.1;400
20160127 140800;3.095;3.095;3.09;3.09;300
20160127 141000;3.09;3.09;3.09;3.09;100
20160127 142100;3.1099;3.1099;3.1099;3.1099;150
20160127 144700;3.1;3.1;3.1;3.1;100
20160127 150700;3.09;3.1;3.09;3.09;1707
20160127 152200;3.09;3.09;3.09;3.09;200
20160127 153600;3.09;3.09;3.09;3.09;100
20160127 153800;3.09;3.095;3.09;3.095;200
20160127 154200;3.09;3.09;3.09;3.09;200
20160127 154300;3.09;3.09;3.09;3.09;300
20160127 155200;3.09;3.09;3.09;3.09;100
20160127 155300;3.09;3.09;3.09;3.09;100
20160127 155500;3.09;3.09;3.09;3.09;100
20160127 155600;3.09;3.09;3.09;3.09;100
20160127 155700;3.09;3.09;3.09;3.09;200
20160127 155800;3.0999;3.0999;3.09;3.09;200
20160127 155900;3.1;3.1;3.09;3.09;200
20160127 160000;3.09;3.09;3.09;3.09;300
20160128 094500;3.11;3.11;3.05;3.07;945
20160128 094600;3.1;3.1;3.1;3.1;200
20160128 094700;3.074;3.1;3.07;3.07;4500
20160128 094800;3.1;3.1;3.1;3.1;300
20160128 095300;3.11;3.11;3.11;3.11;300
20160128 095700;3.1;3.103;2.85;2.93;38263
20160128 095800;2.95;3.02;2.94;3.02;4400
20160128 095900;3.02;3.11;3.02;3.11;4400
20160128 100000;3.1;3.1;3.1;3.1;100
20160128 100600;3.1;3.1;3.1;3.1;2073
20160128 100700;3.1;3.1;3.1;3.1;200
20160128 100800;3.1;3.1;3.1;3.1;2100
20160128 100900;3.1;3.1;3.1;3.1;100
20160128 101200;3.1;3.1;3.1;3.1;10955
20160128 101900;3.1;3.1;3.1;3.1;600
20160128 102100;3.1;3.1;3.1;3.1;3000
20160128 102300;3.1;3.1001;3.09;3.09;4195
20160128 102700;3.09;3.09;3.09;3.09;100
20160128 103200;3.09;3.09;3.09;3.09;300
20160128 103400;3.09;3.09;3.09;3.09;300
20160128 103700;3.09;3.09;3.09;3.09;600
20160128 103800;3.09;3.09;3.09;3.09;400
20160128 104100;3.1;3.1;3.1;3.1;100
20160128 104200;3.1;3.1;3.1;3.1;100
20160128 104800;3.09;3.09;3.09;3.09;100
20160128 104900;3.09;3.09;3.09;3.09;100
20160128 105100;3.1;3.1;3.1;3.1;100
20160128 105200;3.09;3.09;3.09;3.09;100
20160128 105600;3.09;3.09;3.09;3.09;100
20160128 105700;3.09;3.09;3.09;3.09;900
20160128 105900;3.1;3.1;3.1;3.1;100
20160128 112300;3.09;3.09;3.09;3.09;100
20160128 112700;3.09;3.09;3.09;3.09;300
20160128 113200;3.09;3.09;3.09;3.09;1400
20160128 113300;3.09;3.09;3.09;3.09;100
20160128 114100;3.09;3.09;3.09;3.09;100
20160128 114200;3.09;3.09;3.09;3.09;100
20160128 114900;3.09;3.09;3.09;3.09;100
20160128 120000;3.09;3.1;3.09;3.09;500
20160128 120100;3.09;3.09;3.09;3.09;200
20160128 121100;3.1;3.1;3.1;3.1;200
20160128 121800;3.0901;3.0901;3.09;3.09;1100
20160128 122600;3.09;3.1;3.09;3.09;300
20160128 123300;3.09;3.1;3.09;3.09;500
20160128 123800;3.09;3.1;3.09;3.1;200
20160128 131800;3.09;3.09;3.09;3.09;200
20160128 132600;3.09;3.09;3.09;3.09;700
20160128 134000;3.1;3.1;3.09;3.09;200
20160128 134800;3.09;3.09;3.09;3.09;1800
20160128 135300;3.09;3.09;3.09;3.09;100
20160128 135600;3.09;3.09;3.09;3.09;100
20160128 140100;3.09;3.09;3.09;3.09;200
20160128 140200;3.09;3.09;3.09;3.09;200
20160128 143100;3.09;3.09;3.09;3.09;100
20160128 143200;3.09;3.0932;3.09;3.09;2500
20160128 143300;3.09;3.09;3.09;3.09;100
20160128 143600;3.09;3.09;3.09;3.09;100
20160128 150400;3.09;3.1;3.09;3.1;600
20160128 151800;3.09;3.09;3.09;3.09;100
20160128 151900;3.09;3.09;3.09;3.09;100
20160128 152100;3.09;3.09;3.09;3.09;800
20160128 152700;3.09;3.09;3.09;3.09;100
20160128 152900;3.09;3.09;3.09;3.09;100
20160128 153000;3.09;3.09;3.09;3.09;100
20160128 154400;3.09;3.09;3.09;3.09;200
20160128 154500;3.09;3.09;3.09;3.09;100
20160128 154800;3.09;3.09;3.09;3.09;200
20160128 155100;3.0984;3.0984;3.0984;3.0984;100
20160128 155200;3.095;3.0984;3.095;3.0984;300
20160128 155500;3.0984;3.0984;3.09;3.0984;466
20160128 155600;3.09;3.1;3.09;3.09;2667
20160128 155700;3.09;3.0984;3.09;3.09;700
20160128 155800;3.09;3.09;3.09;3.09;300
20160128 155900;3.09;3.09;3.09;3.09;600
20160128 160000;3.09;3.1;3.09;3.09;400
20160129 093200;3.075;3.075;3.075;3.075;100
20160129 095000;3.1;3.11;3.06;3.11;700
20160129 095100;3.11;3.11;3.11;3.11;200
20160129 095300;3.13;3.13;3.12;3.12;600
20160129 100100;3.11;3.11;3.11;3.11;100
20160129 101700;3.16;3.17;3.13;3.13;400
20160129 101900;3.1465;3.17;3.13;3.17;1875
20160129 102000;3.13;3.13;3.13;3.13;100
20160129 102100;3.155;3.155;3.13;3.13;300
20160129 102400;3.145;3.145;3.145;3.145;100
20160129 102700;3.14;3.1799;3.14;3.1799;200
20160129 102900;3.16;3.16;3.16;3.16;100
20160129 104100;3.17;3.17;3.17;3.17;200
20160129 105400;3.17;3.17;3.17;3.17;200
20160129 110300;3.16;3.16;3.15;3.15;400
20160129 111400;3.1699;3.17;3.15;3.17;2500
20160129 111600;3.18;3.18;3.18;3.18;100
20160129 111700;3.17;3.17;3.16;3.16;500
20160129 112300;3.155;3.155;3.155;3.155;300
20160129 112700;3.1489;3.1489;3.14;3.14;600
20160129 112800;3.155;3.17;3.14;3.14;600
20160129 113200;3.15;3.15;3.14;3.14;400
20160129 114900;3.16;3.16;3.14;3.14;200
20160129 120300;3.14;3.14;3.14;3.14;100
20160129 130700;3.14;3.14;3.14;3.14;100
20160129 132400;3.155;3.155;3.155;3.155;200
20160129 132600;3.155;3.155;3.14;3.14;300
20160129 132700;3.17;3.17;3.17;3.17;100
20160129 132900;3.15;3.16;3.14;3.14;600
20160129 133000;3.1535;3.16;3.15;3.15;700
20160129 133100;3.16;3.16;3.14;3.14;200
20160129 133600;3.1401;3.1401;3.1401;3.1401;100
20160129 134300;3.16;3.16;3.14;3.14;1300
20160129 135000;3.1535;3.1535;3.1535;3.1535;400
20160129 135900;3.1535;3.1535;3.14;3.14;260
20160129 140100;3.16;3.16;3.16;3.16;100
20160129 141800;3.16;3.16;3.16;3.16;100
20160129 142900;3.16;3.16;3.15;3.15;200
20160129 143200;3.15;3.15;3.15;3.15;300
20160129 145500;3.15;3.15;3.15;3.15;300
20160129 150000;3.15;3.16;3.14;3.14;2600
20160129 150100;3.14;3.14;3.14;3.14;100
20160129 150300;3.15;3.15;3.14;3.14;300
20160129 150500;3.15;3.15;3.15;3.15;200
20160129 150700;3.15;3.15;3.15;3.15;300
20160129 150800;3.15;3.15;3.15;3.15;300
20160129 151000;3.15;3.15;3.15;3.15;200
20160129 151100;3.15;3.15;3.15;3.15;100
20160129 151200;3.15;3.15;3.15;3.15;200
20160129 151300;3.15;3.15;3.15;3.15;100
20160129 152000;3.16;3.16;3.16;3.16;100
20160129 152400;3.16;3.16;3.16;3.16;400
20160129 152700;3.17;3.17;3.17;3.17;300
20160129 152800;3.17;3.17;3.17;3.17;200
20160129 152900;3.18;3.18;3.15;3.15;2000
20160129 153000;3.15;3.15;3.15;3.15;400
20160129 153200;3.16;3.16;3.15;3.15;300
20160129 153300;3.15;3.15;3.15;3.15;200
20160129 153400;3.15;3.15;3.15;3.15;200
20160129 153500;3.16;3.16;3.15;3.15;400
20160129 153600;3.15;3.15;3.15;3.15;200
20160129 153700;3.15;3.15;3.15;3.15;300
20160129 153800;3.15;3.15;3.15;3.15;200
20160129 153900;3.15;3.15;3.15;3.15;400
20160129 154000;3.15;3.15;3.15;3.15;200
20160129 154100;3.15;3.15;3.15;3.15;400
20160129 154200;3.15;3.15;3.15;3.15;200
20160129 154300;3.15;3.15;3.15;3.15;200
20160129 154400;3.15;3.15;3.14;3.14;400
20160129 154500;3.15;3.15;3.15;3.15;300
20160129 154600;3.15;3.15;3.15;3.15;200
20160129 154700;3.15;3.15;3.15;3.15;300
20160129 154800;3.1514;3.1514;3.1514;3.1514;1000
20160129 154900;3.17;3.17;3.17;3.17;100
20160129 155100;3.17;3.17;3.16;3.16;200
20160129 155200;3.15;3.17;3.15;3.17;200
20160129 155300;3.15;3.16;3.15;3.16;200
20160129 155400;3.1558;3.1558;3.14;3.14;1300
20160129 155500;3.15;3.16;3.15;3.16;400
20160129 155600;3.16;3.17;3.15;3.17;2000
20160129 155700;3.17;3.17;3.17;3.17;100
20160129 155800;3.17;3.17;3.17;3.17;100
20160129 155900;3.17;3.17;3.17;3.17;200
20160129 160000;3.16;3.16;3.15;3.15;904
20160201 095200;3.094;3.095;3.094;3.0942;400
20160201 100600;3.0801;3.0801;3.08;3.08;239
20160201 102100;3.04;3.04;3.04;3.04;100
20160201 102200;3.063;3.063;3.063;3.063;200
20160201 103200;3.06;3.06;3.06;3.06;200
20160201 110100;3.06;3.06;3.06;3.06;300
20160201 110200;3.1;3.1;3.1;3.1;200
20160201 110300;3.1;3.1;3.1;3.1;200
20160201 110400;3.08;3.08;3.08;3.08;100
20160201 110600;3.075;3.1;3.075;3.1;200
20160201 111400;3.07;3.1;3.06;3.1;500
20160201 112000;3.06;3.06;3.06;3.06;100
20160201 112100;3.09;3.09;3.06;3.06;200
20160201 112900;3.0899;3.0899;3.0899;3.0899;100
20160201 113000;3.0812;3.09;3.05;3.09;1600
20160201 113100;3.1;3.1;3.05;3.05;200
20160201 122100;3.1;3.1;3.1;3.1;200
20160201 125200;3.11;3.11;3.11;3.11;200
20160201 135600;3.1;3.11;3.1;3.11;200
20160201 140100;3.13;3.13;3.12;3.12;300
20160201 141400;3.14;3.15;3.14;3.15;200
20160201 152200;3.16;3.16;3.16;3.16;100
20160201 153700;3.15;3.15;3.145;3.15;400
20160201 160000;3.15;3.15;3.15;3.15;200
20160202 095500;3.0701;3.0701;3.0701;3.0701;209
20160202 095800;3.0701;3.08;3.0701;3.08;400
20160202 100600;3.1;3.1;3.1;3.1;100
20160202 100800;3.088;3.088;3.088;3.088;100
20160202 102800;3.08;3.08;3.08;3.08;800
20160202 103100;3.08;3.08;3.08;3.08;500
20160202 103200;3.09;3.09;3.09;3.09;400
20160202 103300;3.09;3.09;3.09;3.09;300
20160202 103500;3.11;3.11;3.11;3.11;100
20160202 103800;3.11;3.11;3.11;3.11;100
20160202 104400;3.14;3.14;3.14;3.14;400
20160202 105100;3.12;3.12;3.12;3.12;200
20160202 110600;3.15;3.15;3.12;3.12;300
20160202 114500;3.1;3.12;3.1;3.1;700
20160202 114600;3.11;3.11;3.11;3.11;300
20160202 122300;3.1;3.1;3.1;3.1;600
20160202 123200;3.13;3.13;3.13;3.13;100
20160202 130100;3.11;3.11;3.11;3.11;100
20160202 130900;3.1;3.1;3.09;3.09;525
20160202 132100;3.09;3.09;3.07;3.07;6000
20160202 132200;3.07;3.07;3.06;3.06;500
20160202 132400;3.06;3.07;3.06;3.07;600
20160202 132500;3.07;3.1;3.07;3.07;3585
20160202 133200;3.07;3.07;3.07;3.07;100
20160202 133300;3.07;3.08;3.07;3.08;300
20160202 133500;3.09;3.09;3.07;3.07;200
20160202 134200;3.0774;3.0774;3.0774;3.0774;200
20160202 134800;3.0795;3.09;3.06;3.06;700
20160202 135500;3.06;3.06;3.06;3.06;100
20160202 135600;3.0834;3.09;3.06;3.06;1000
20160202 140100;3.09;3.09;3.09;3.09;100
20160202 141600;3.082;3.082;3.082;3.082;100
20160202 141700;3.07;3.07;3.07;3.07;100
20160202 142800;3.09;3.09;3.09;3.09;200
20160202 143800;3.08;3.08;3.08;3.08;100
20160202 144000;3.09;3.09;3.08;3.08;500
20160202 145400;3.08;3.08;3.08;3.08;200
20160202 145900;3.08;3.08;3.08;3.08;200
20160202 150800;3.08;3.08;3.08;3.08;300
20160202 150900;3.085;3.099;3.07;3.07;11913
20160202 151000;3.09;3.09;3.09;3.09;200
20160202 151100;3.09;3.09;3.09;3.09;100
20160202 151200;3.09;3.09;3.07;3.07;200
20160202 151300;3.09;3.09;3.09;3.09;500
20160202 151500;3.07;3.07;3.07;3.07;100
20160202 152000;3.08;3.08;3.08;3.08;115
20160202 152800;3.07;3.08;3.07;3.08;200
20160202 152900;3.07;3.07;3.07;3.07;100
20160202 153000;3.08;3.09;3.08;3.09;2000
20160202 153100;3.085;3.085;3.085;3.085;100
20160202 154300;3.08;3.08;3.08;3.08;100
20160202 154400;3.08;3.08;3.08;3.08;100
20160202 154500;3.08;3.08;3.08;3.08;100
20160202 154700;3.09;3.09;3.09;3.09;300
20160202 154900;3.09;3.11;3.09;3.11;1100
20160202 155500;3.09;3.09;3.09;3.09;100
20160202 155900;3.09;3.09;3.09;3.09;100
20160202 160000;3.09;3.1;3.09;3.1;800
20160202 160300;3.1;3.1;3.1;3.1;8
20160203 095500;3.1001;3.1001;3.1001;3.1001;112
20160203 104600;3.115;3.115;3.115;3.115;200
20160203 105000;3.1;3.1;3.1;3.1;100
20160203 110400;3.1;3.1;3.1;3.1;600
20160203 111100;3.12;3.12;3.12;3.12;100
20160203 111400;3.1;3.1;3.1;3.1;100
20160203 112100;3.1;3.1;3.1;3.1;100
20160203 112400;3.1;3.1;3.09;3.09;500
20160203 113000;3.085;3.085;3.085;3.085;100
20160203 113700;3.085;3.085;3.085;3.085;100
20160203 113800;3.0885;3.0885;3.08;3.08;200
20160203 114600;3.085;3.085;3.05;3.08;2200
20160203 114700;3.09;3.09;3.09;3.09;100
20160203 120800;3.09;3.09;3.09;3.09;100
20160203 122400;3.085;3.085;3.085;3.085;100
20160203 123400;3.085;3.1;3.05;3.08;9400
20160203 123500;3.09;3.09;3.05;3.05;7000
20160203 123600;3.05;3.08;3.04;3.08;5100
20160203 123800;3.08;3.09;3.08;3.09;200
20160203 124600;3.0812;3.09;3.0812;3.09;900
20160203 124800;3.06;3.09;3.06;3.09;200
20160203 124900;3.078;3.078;3.078;3.078;390
20160203 125000;3.09;3.09;3.09;3.09;100
20160203 125200;3.09;3.09;3.09;3.09;100
20160203 125500;3.07;3.07;3.07;3.07;100
20160203 125600;3.11;3.11;3.11;3.11;100
20160203 130400;3.09;3.09;3.09;3.09;100
20160203 131100;3.09;3.09;3.09;3.09;100
20160203 131300;3.12;3.12;3.11;3.11;200
20160203 131900;3.07;3.07;3.07;3.07;200
20160203 132700;3.07;3.07;3.07;3.07;100
20160203 132800;3.09;3.09;3.09;3.09;100
20160203 133800;3.09;3.09;3.09;3.09;100
20160203 134200;3.09;3.09;3.09;3.09;100
20160203 134300;3.09;3.11;3.09;3.11;2600
20160203 135500;3.07;3.07;3.07;3.07;100
20160203 135800;3.07;3.07;3.07;3.07;100
20160203 140300;3.085;3.1;3.085;3.1;1600
20160203 141300;3.07;3.12;3.07;3.12;2700
20160203 141400;3.12;3.12;3.07;3.0975;700
20160203 141600;3.0868;3.0868;3.0868;3.0868;200
20160203 141800;3.1032;3.1032;3.07;3.07;250
20160203 142500;3.1;3.1;3.07;3.1;2500
20160203 142700;3.085;3.12;3.07;3.12;2300
20160203 142800;3.08;3.12;3.07;3.11;6900
20160203 142900;3.08;3.1;3.07;3.07;1100
20160203 143000;3.075;3.08;3.07;3.08;300
20160203 143100;3.08;3.08;3.07;3.08;1100
20160203 143200;3.08;3.08;3.08;3.08;100
20160203 143400;3.088;3.1;3.088;3.1;1200
20160203 144500;3.08;3.08;3.08;3.08;100
20160203 144700;3.08;3.12;3.075;3.12;4900
20160203 145500;3.1299;3.1299;3.1299;3.1299;250
20160203 145600;3.13;3.13;3.13;3.13;100
20160203 145800;3.12;3.122;3.12;3.122;400
20160203 145900;3.116;3.116;3.116;3.116;100
20160203 150000;3.11;3.11;3.11;3.11;500
20160203 150100;3.11;3.11;3.11;3.11;100
20160203 150200;3.11;3.11;3.11;3.11;200
20160203 150400;3.1;3.11;3.1;3.11;300
20160203 150500;3.11;3.11;3.11;3.11;300
20160203 150600;3.11;3.11;3.11;3.11;100
20160203 150700;3.11;3.13;3.11;3.13;300
20160203 150800;3.1;3.11;3.1;3.1;400
20160203 150900;3.1;3.11;3.1;3.11;200
20160203 151000;3.1;3.11;3.1;3.11;500
20160203 151100;3.11;3.13;3.1;3.11;800
20160203 151200;3.11;3.13;3.1;3.13;3800
20160203 151300;3.11;3.12;3.1;3.12;1400
20160203 151400;3.11;3.12;3.11;3.12;1300
20160203 151500;3.11;3.12;3.11;3.12;800
20160203 151600;3.1;3.12;3.1;3.11;2100
20160203 151700;3.1;3.12;3.1;3.11;4700
20160203 151800;3.11;3.12;3.11;3.11;900
20160203 151900;3.11;3.12;3.1;3.12;6000
20160203 152000;3.11;3.11;3.11;3.11;900
20160203 152100;3.1;3.17;3.1;3.13;11500
20160203 152200;3.13;3.13;3.12;3.12;1000
20160203 152300;3.12;3.12;3.11;3.11;700
20160203 152400;3.13;3.13;3.11;3.13;1200
20160203 152500;3.13;3.13;3.11;3.11;200
20160203 152600;3.11;3.12;3.11;3.12;900
20160203 152700;3.11;3.13;3.1;3.13;2900
20160203 152800;3.15;3.15;3.1;3.1;4400
20160203 152900;3.1;3.1;3.1;3.1;5300
20160203 153000;3.1;3.1;3.1;3.1;900
20160203 153200;3.11;3.11;3.11;3.11;700
20160203 153700;3.12;3.12;3.12;3.12;200
20160203 153800;3.11;3.11;3.11;3.11;100
20160203 153900;3.12;3.12;3.12;3.12;100
20160203 154200;3.12;3.12;3.11;3.11;200
20160203 154300;3.11;3.11;3.11;3.11;100
20160203 154700;3.11;3.11;3.1;3.1;3100
20160203 154800;3.11;3.11;3.11;3.11;900
20160203 154900;3.11;3.11;3.1;3.11;900
20160203 155000;3.11;3.12;3.1;3.11;12300
20160203 155100;3.11;3.11;3.11;3.11;1600
20160203 155200;3.11;3.11;3.11;3.11;1500
20160203 155300;3.11;3.11;3.11;3.11;1100
20160203 155400;3.11;3.11;3.11;3.11;1400
20160203 155500;3.11;3.11;3.09;3.1;2300
20160203 155600;3.1;3.1;3.1;3.1;100
20160203 155700;3.1;3.11;3.1;3.11;7100
20160203 155900;3.11;3.12;3.11;3.12;2599
20160203 160000;3.11;3.13;3.11;3.11;11600
20160203 160800;3.11;3.11;3.11;3.11;98
20160204 093500;3.1;3.1;3.1;3.1;100
20160204 094900;3.136;3.136;3.136;3.136;440
20160204 095500;3.1101;3.1101;3.1101;3.1101;210
20160204 100800;3.155;3.155;3.12;3.12;400
20160204 102700;3.1301;3.15;3.13;3.13;600
20160204 103200;3.169;3.169;3.13;3.13;200
20160204 103600;3.1534;3.1534;3.1534;3.1534;300
20160204 103800;3.15;3.15;3.13;3.13;200
20160204 104100;3.18;3.18;3.18;3.18;200
20160204 105300;3.14;3.14;3.14;3.14;100
20160204 105800;3.164;3.164;3.14;3.14;500
20160204 111100;3.14;3.14;3.14;3.14;100
20160204 111400;3.158;3.158;3.14;3.15;410
20160204 111900;3.1594;3.1594;3.14;3.15;305
20160204 112300;3.14;3.1501;3.14;3.15;1800
20160204 112400;3.15;3.15;3.15;3.15;100
20160204 113000;3.15;3.15;3.14;3.15;300
20160204 113600;3.144;3.15;3.14;3.15;2000
20160204 113700;3.145;3.15;3.13;3.13;3600
20160204 113800;3.13;3.13;3.11;3.12;1100
20160204 113900;3.12;3.12;3.12;3.12;100
20160204 114000;3.14;3.14;3.14;3.14;1300
20160204 115400;3.15;3.15;3.15;3.15;500
20160204 115800;3.15;3.15;3.15;3.15;1100
20160204 121400;3.14;3.14;3.14;3.14;100
20160204 124900;3.14;3.14;3.14;3.14;100
20160204 125400;3.13;3.14;3.13;3.14;700
20160204 130000;3.14;3.14;3.14;3.14;500
20160204 130100;3.14;3.14;3.14;3.14;100
20160204 131000;3.15;3.15;3.15;3.15;100
20160204 133300;3.16;3.16;3.16;3.16;100
20160204 133700;3.16;3.16;3.16;3.16;100
20160204 135600;3.15;3.15;3.14;3.14;1900
20160204 142700;3.15;3.15;3.15;3.15;100
20160204 142800;3.15;3.15;3.13;3.13;700
20160204 142900;3.15;3.15;3.13;3.15;800
20160204 143100;3.15;3.15;3.15;3.15;100
20160204 143200;3.15;3.15;3.15;3.15;100
20160204 143300;3.1499;3.1499;3.1499;3.1499;100
20160204 143400;3.15;3.15;3.15;3.15;100
20160204 143500;3.15;3.15;3.15;3.15;300
20160204 143900;3.15;3.15;3.15;3.15;200
20160204 145500;3.15;3.15;3.15;3.15;800
20160204 145600;3.15;3.1599;3.15;3.1599;600
20160204 145700;3.15;3.15;3.15;3.15;200
20160204 145800;3.15;3.15;3.15;3.15;200
20160204 145900;3.15;3.15;3.15;3.15;200
20160204 150000;3.15;3.15;3.15;3.15;200
20160204 150100;3.15;3.15;3.15;3.15;200
20160204 150200;3.15;3.15;3.15;3.15;400
20160204 150300;3.15;3.15;3.15;3.15;300
20160204 150400;3.15;3.15;3.13;3.13;300
20160204 151400;3.15;3.15;3.15;3.15;1300
20160204 151900;3.15;3.15;3.15;3.15;1600
20160204 152000;3.14;3.14;3.14;3.14;100
20160204 152100;3.15;3.15;3.15;3.15;300
20160204 152200;3.15;3.15;3.15;3.15;100
20160204 153900;3.15;3.15;3.15;3.15;200
20160204 154000;3.15;3.15;3.15;3.15;300
20160204 154100;3.15;3.15;3.15;3.15;200
20160204 154200;3.15;3.15;3.15;3.15;200
20160204 154800;3.16;3.16;3.16;3.16;200
20160204 155300;3.15;3.15;3.15;3.15;100
20160204 155400;3.15;3.15;3.15;3.15;100
20160204 155500;3.15;3.15;3.15;3.15;100
20160204 155600;3.14;3.16;3.14;3.15;1001
20160204 155700;3.15;3.16;3.14;3.16;3300
20160204 155800;3.16;3.16;3.14;3.15;4200
20160204 155900;3.15;3.15;3.15;3.15;100
20160204 160000;3.16;3.16;3.16;3.16;100
20160205 095700;3.12;3.12;3.12;3.12;211
20160205 102000;3.1199;3.12;3.1;3.12;500
20160205 102100;3.13;3.14;3.11;3.14;500
20160205 104300;3.14;3.14;3.14;3.14;100
20160205 105900;3.12;3.12;3.12;3.12;500
20160205 110500;3.12;3.14;3.12;3.12;500
20160205 111800;3.12;3.12;3.12;3.12;700
20160205 111900;3.12;3.12;3.1;3.1;5000
20160205 112000;3.11;3.11;3.11;3.11;300
20160205 112100;3.118;3.12;3.11;3.12;1500
20160205 113200;3.11;3.11;3.1;3.1;300
20160205 113900;3.12;3.12;3.12;3.12;200
20160205 114200;3.12;3.12;3.12;3.12;1100
20160205 114300;3.12;3.12;3.12;3.12;100
20160205 120600;3.1202;3.125;3.1202;3.125;200
20160205 121100;3.12;3.13;3.11;3.11;6000
20160205 122700;3.12;3.13;3.11;3.12;2100
20160205 122800;3.12;3.13;3.11;3.11;3600
20160205 122900;3.12;3.13;3.11;3.13;13600
20160205 123000;3.13;3.13;3.11;3.11;4800
20160205 123100;3.12;3.13;3.11;3.12;7300
20160205 123200;3.12;3.12;3.1;3.1;4099
20160205 123300;3.1;3.1;3.1;3.1;100
20160205 123500;3.11;3.12;3.11;3.12;1000
20160205 124300;3.1001;3.12;3.1;3.12;1800
20160205 125100;3.1185;3.12;3.1185;3.1185;300
20160205 125200;3.12;3.12;3.12;3.12;1100
20160205 125300;3.13;3.13;3.1285;3.1285;300
20160205 125400;3.13;3.14;3.13;3.1399;1040
20160205 125800;3.14;3.14;3.14;3.14;400
20160205 130100;3.13;3.13;3.13;3.13;200
20160205 130400;3.148;3.148;3.13;3.13;350
20160205 130500;3.15;3.15;3.15;3.15;100
20160205 132200;3.16;3.16;3.16;3.16;100
20160205 132600;3.16;3.16;3.16;3.16;100
20160205 132800;3.148;3.148;3.148;3.148;150
20160205 134100;3.13;3.14;3.13;3.14;410
20160205 134200;3.15;3.15;3.15;3.15;100
20160205 134400;3.1499;3.1499;3.1499;3.1499;100
20160205 134700;3.15;3.15;3.15;3.15;100
20160205 134900;3.1301;3.1301;3.1301;3.1301;800
20160205 135100;3.15;3.15;3.15;3.15;100
20160205 135500;3.142;3.142;3.142;3.142;200
20160205 141100;3.146;3.15;3.14;3.15;600
20160205 143900;3.14;3.14;3.14;3.14;300
20160205 145500;3.14;3.15;3.14;3.14;500
20160205 150000;3.15;3.15;3.15;3.15;100
20160205 152700;3.14;3.14;3.14;3.14;900
20160205 152900;3.14;3.14;3.14;3.14;300
20160205 153000;3.14;3.14;3.14;3.14;200
20160205 153100;3.14;3.14;3.13;3.13;400
20160205 153300;3.14;3.14;3.14;3.14;500
20160205 153700;3.14;3.15;3.14;3.14;1500
20160205 153800;3.15;3.17;3.15;3.17;2400
20160205 153900;3.16;3.16;3.15;3.15;500
20160205 154100;3.15;3.15;3.15;3.15;600
20160205 154200;3.15;3.15;3.15;3.15;500
20160205 154300;3.15;3.15;3.15;3.15;400
20160205 154400;3.15;3.15;3.15;3.15;300
20160205 154500;3.15;3.15;3.15;3.15;300
20160205 154600;3.15;3.15;3.15;3.15;400
20160205 154700;3.15;3.15;3.15;3.15;300
20160205 154900;3.15;3.16;3.15;3.16;1000
20160205 155000;3.15;3.15;3.15;3.15;300
20160205 155100;3.16;3.16;3.15;3.15;829
20160205 155200;3.16;3.16;3.15;3.15;700
20160205 155300;3.16;3.16;3.15;3.15;400
20160205 155600;3.15;3.16;3.15;3.16;984
20160205 155700;3.15;3.15;3.15;3.15;500
20160205 155800;3.15;3.16;3.15;3.15;2900
20160205 155900;3.15;3.15;3.15;3.15;400
20160205 160000;3.15;3.16;3.13;3.15;5000
