20160119 093300;3.98;3.98;3.98;3.98;600
20160119 093800;3.95;3.95;3.95;3.95;100
20160119 094000;3.96;3.96;3.96;3.96;100
20160119 094800;3.94;3.94;3.94;3.94;600
20160119 095100;3.93;3.93;3.93;3.93;600
20160119 100800;3.93;3.93;3.93;3.93;100
20160119 100900;3.94;3.94;3.94;3.94;500
20160119 101700;3.94;3.94;3.94;3.94;100
20160119 103300;3.95;3.95;3.95;3.95;200
20160119 104000;3.95;3.95;3.95;3.95;200
20160119 104200;3.95;3.95;3.95;3.95;100
20160119 105900;3.94;3.94;3.94;3.94;100
20160119 110400;3.94;3.94;3.94;3.94;100
20160119 110500;3.94;3.94;3.94;3.94;100
20160119 110700;3.94;3.94;3.94;3.94;200
20160119 111000;3.9344;3.9344;3.9344;3.9344;500
20160119 112000;3.93;3.93;3.93;3.93;100
20160119 114600;3.94;3.94;3.94;3.94;200
20160119 133000;3.93;3.93;3.9298;3.9298;1400
20160119 133500;3.92;3.92;3.92;3.92;200
20160119 133700;3.91;3.92;3.91;3.92;200
20160119 135100;3.92;3.92;3.92;3.92;100
20160119 141100;3.9;3.9;3.9;3.9;100
20160119 143700;3.9;3.9;3.9;3.9;100
20160119 152200;3.9039;3.9039;3.9039;3.9039;135
20160119 152300;3.9009;3.9009;3.9009;3.9009;1000
20160119 152600;3.91;3.91;3.91;3.91;1200
20160119 153300;3.92;3.92;3.92;3.92;200
20160119 153500;3.92;3.92;3.92;3.92;500
20160119 153600;3.92;3.92;3.92;3.92;200
20160119 153800;3.92;3.92;3.92;3.92;400
20160119 154400;3.92;3.92;3.92;3.92;100
20160119 154500;3.93;3.93;3.93;3.93;300
20160119 160000;3.93;3.93;3.93;3.93;100
20160120 093100;3.8;3.8;3.8;3.8;200
20160120 094000;3.77;3.77;3.77;3.77;300
20160120 094300;3.77;3.77;3.77;3.77;168
20160120 094700;3.77;3.77;3.77;3.77;200
20160120 095200;3.77;3.77;3.77;3.77;100
20160120 100500;3.75;3.75;3.7402;3.7402;4500
20160120 100700;3.74;3.74;3.74;3.74;100
20160120 100900;3.7402;3.7402;3.7402;3.7402;1700
20160120 101700;3.74;3.74;3.74;3.74;300
20160120 102100;3.74;3.74;3.74;3.74;600
20160120 102200;3.74;3.74;3.74;3.74;300
20160120 102500;3.75;3.75;3.75;3.75;100
20160120 102800;3.75;3.75;3.75;3.75;100
20160120 103100;3.747;3.747;3.747;3.747;325
20160120 103200;3.73;3.73;3.73;3.73;100
20160120 103300;3.7499;3.7499;3.73;3.73;1000
20160120 103500;3.73;3.73;3.73;3.73;800
20160120 103600;3.74;3.74;3.74;3.74;400
20160120 103700;3.74;3.74;3.74;3.74;100
20160120 104100;3.7203;3.7203;3.7203;3.7203;1300
20160120 104400;3.72;3.72;3.72;3.72;645
20160120 105000;3.7338;3.7338;3.72;3.72;1600
20160120 105200;3.72;3.73;3.72;3.73;1800
20160120 105800;3.738;3.738;3.738;3.738;2847
20160120 110000;3.72;3.7265;3.72;3.7265;300
20160120 110200;3.72;3.72;3.71;3.72;5200
20160120 110700;3.712;3.712;3.712;3.712;1216
20160120 110900;3.71;3.715;3.71;3.715;1637
20160120 111100;3.72;3.72;3.72;3.72;251
20160120 111200;3.715;3.715;3.715;3.715;100
20160120 111300;3.71;3.715;3.71;3.715;1600
20160120 112700;3.71;3.71;3.71;3.71;100
20160120 113100;3.71;3.71;3.7;3.705;5441
20160120 113500;3.7;3.7;3.7;3.7;615
20160120 113900;3.7;3.7;3.7;3.7;365
20160120 115400;3.7;3.7;3.7;3.7;900
20160120 115600;3.69;3.69;3.69;3.69;100
20160120 121200;3.67;3.67;3.67;3.67;100
20160120 121500;3.67;3.67;3.67;3.67;100
20160120 121800;3.67;3.68;3.67;3.68;200
20160120 122100;3.67;3.67;3.67;3.67;100
20160120 122400;3.67;3.67;3.67;3.67;100
20160120 122700;3.68;3.68;3.66;3.66;1510
20160120 123000;3.66;3.66;3.66;3.66;100
20160120 123800;3.66;3.66;3.66;3.66;100
20160120 124700;3.675;3.675;3.675;3.675;100
20160120 124900;3.67;3.67;3.67;3.67;100
20160120 130000;3.71;3.71;3.71;3.71;100
20160120 130100;3.71;3.72;3.71;3.72;300
20160120 133200;3.71;3.71;3.71;3.71;200
20160120 140000;3.74;3.74;3.74;3.74;700
20160120 140300;3.74;3.74;3.74;3.74;200
20160120 143900;3.745;3.745;3.745;3.745;100
20160120 145500;3.748;3.75;3.748;3.75;2856
20160120 145900;3.7401;3.7401;3.74;3.74;600
20160120 151900;3.75;3.75;3.75;3.75;200
20160120 152300;3.75;3.75;3.75;3.75;100
20160120 152800;3.75;3.75;3.75;3.75;100
20160120 153100;3.745;3.75;3.745;3.75;400
20160120 154400;3.75;3.75;3.7458;3.75;1600
20160120 155000;3.75;3.75;3.74;3.745;2100
20160120 155300;3.75;3.75;3.75;3.75;480
20160120 155400;3.77;3.77;3.77;3.77;100
20160120 160000;3.77;3.77;3.77;3.77;200
20160121 093300;3.72;3.72;3.72;3.72;100
20160121 093400;3.72;3.72;3.72;3.72;600
20160121 093500;3.73;3.73;3.73;3.73;300
20160121 093600;3.73;3.73;3.73;3.73;500
20160121 093700;3.73;3.73;3.73;3.73;1500
20160121 094000;3.7202;3.7202;3.7202;3.7202;135
20160121 094800;3.72;3.72;3.72;3.72;100
20160121 101300;3.74;3.74;3.74;3.74;1000
20160121 101400;3.74;3.74;3.74;3.74;600
20160121 102100;3.74;3.74;3.74;3.74;300
20160121 102300;3.73;3.73;3.71;3.71;21800
20160121 102400;3.72;3.72;3.72;3.72;2200
20160121 102500;3.72;3.72;3.72;3.72;2000
20160121 102600;3.72;3.7225;3.72;3.72;864
20160121 103500;3.73;3.73;3.73;3.73;700
20160121 110300;3.73;3.73;3.73;3.73;800
20160121 110600;3.74;3.74;3.74;3.74;1100
20160121 113800;3.75;3.75;3.75;3.75;1300
20160121 114600;3.7403;3.7403;3.7403;3.7403;165
20160121 115000;3.75;3.75;3.75;3.75;600
20160121 115200;3.76;3.76;3.76;3.76;100
20160121 115300;3.76;3.76;3.76;3.76;100
20160121 115700;3.76;3.76;3.76;3.76;800
20160121 120700;3.78;3.78;3.78;3.78;500
20160121 121900;3.78;3.78;3.78;3.78;400
20160121 123000;3.7799;3.7799;3.7799;3.7799;100
20160121 125500;3.77;3.77;3.77;3.77;100
20160121 130100;3.762;3.762;3.762;3.762;200
20160121 131600;3.77;3.77;3.77;3.77;100
20160121 135600;3.77;3.77;3.77;3.77;100
20160121 142300;3.7601;3.7601;3.7601;3.7601;200
20160121 145700;3.77;3.77;3.77;3.77;100
20160121 150700;3.76;3.765;3.76;3.765;200
20160121 151000;3.76;3.76;3.76;3.76;100
20160121 151100;3.76;3.76;3.76;3.76;600
20160121 151900;3.76;3.76;3.75;3.75;1300
20160121 154100;3.7515;3.7515;3.751;3.751;680
20160121 155000;3.75;3.7578;3.75;3.7578;1060
20160121 155100;3.751;3.76;3.75;3.75;708
20160121 155600;3.755;3.755;3.755;3.755;100
20160121 155900;3.76;3.76;3.76;3.76;100
20160121 160000;3.75;3.76;3.75;3.76;1800
20160122 093600;4.01;4.01;4.01;4.01;100
20160122 093700;4.01;4.01;3.99;3.99;2100
20160122 094000;3.99;3.99;3.99;3.99;100
20160122 094300;4;4;4;4;300
20160122 094600;3.99;3.99;3.99;3.99;1100
20160122 094900;3.98;3.98;3.98;3.98;100
20160122 095100;3.99;3.99;3.99;3.99;100
20160122 100100;4;4;4;4;100
20160122 100400;3.9922;3.9922;3.9922;3.9922;500
20160122 101600;4;4.01;4;4.01;600
20160122 101700;4.01;4.01;4.01;4.01;700
20160122 101800;4.01;4.01;4;4;1000
20160122 104700;3.9999;3.9999;3.9999;3.9999;243
20160122 105400;3.9999;3.9999;3.9999;3.9999;1500
20160122 105600;3.98;3.98;3.98;3.98;100
20160122 110800;3.96;3.96;3.96;3.96;100
20160122 111900;3.97;3.97;3.97;3.97;900
20160122 112000;3.99;3.99;3.99;3.99;100
20160122 145300;3.992;3.9999;3.988;3.9999;1700
20160122 145500;3.998;3.998;3.982;3.982;1538
20160122 145600;3.998;4;3.98;4;1239
20160122 150800;3.98;3.98;3.98;3.98;300
20160122 150900;3.98;3.98;3.98;3.98;100
20160122 153000;3.99;3.99;3.99;3.99;100
20160122 154600;3.9835;3.9835;3.9835;3.9835;110
20160122 154700;3.992;3.992;3.992;3.992;1884
20160122 154900;3.98;3.98;3.98;3.98;200
20160122 155200;3.99;4;3.99;3.99;3194
20160122 155300;4;4;4;4;4600
20160122 155400;4;4;4;4;100
20160122 155700;4;4;4;4;300
20160122 155800;4.01;4.01;4.01;4.01;1800
20160122 155900;4.01;4.01;4.01;4.01;100
20160122 160000;4.01;4.01;4.01;4.01;1000
20160125 093100;3.95;3.95;3.95;3.95;1400
20160125 094700;3.96;3.96;3.96;3.96;1000
20160125 095100;3.96;3.96;3.96;3.96;100
20160125 100100;3.96;3.96;3.96;3.96;100
20160125 100200;3.96;3.96;3.96;3.96;814
20160125 100700;3.96;3.96;3.96;3.96;800
20160125 101100;3.98;3.98;3.98;3.98;100
20160125 101300;3.95;3.95;3.95;3.95;400
20160125 102400;3.94;3.94;3.94;3.94;300
20160125 103600;3.96;3.96;3.96;3.96;100
20160125 103700;3.94;3.94;3.94;3.94;100
20160125 104100;3.96;3.96;3.96;3.96;100
20160125 104500;3.95;3.95;3.95;3.95;100
20160125 104700;3.94;3.94;3.94;3.94;100
20160125 104800;3.94;3.94;3.94;3.94;100
20160125 105100;3.95;3.95;3.95;3.95;100
20160125 105500;3.94;3.94;3.94;3.94;200
20160125 105900;3.93;3.94;3.93;3.94;4000
20160125 110900;3.93;3.93;3.93;3.93;200
20160125 112300;3.92;3.92;3.92;3.92;200
20160125 112400;3.92;3.92;3.92;3.92;400
20160125 112900;3.94;3.94;3.94;3.94;100
20160125 113600;3.93;3.93;3.92;3.93;2480
20160125 114000;3.92;3.92;3.92;3.92;1740
20160125 114600;3.94;3.94;3.94;3.94;100
20160125 115000;3.93;3.93;3.93;3.93;100
20160125 120100;3.94;3.94;3.94;3.94;100
20160125 121500;3.93;3.93;3.93;3.93;100
20160125 122200;3.93;3.93;3.93;3.93;100
20160125 124100;3.94;3.94;3.94;3.94;100
20160125 125500;3.94;3.94;3.94;3.94;100
20160125 125600;3.95;3.95;3.95;3.95;100
20160125 130600;3.95;3.95;3.95;3.95;200
20160125 131100;3.96;3.96;3.96;3.96;100
20160125 132600;3.97;3.97;3.97;3.97;100
20160125 132900;3.96;3.96;3.96;3.96;100
20160125 134100;3.96;3.96;3.96;3.96;100
20160125 135000;3.95;3.95;3.95;3.95;100
20160125 141100;3.95;3.95;3.95;3.95;100
20160125 142100;3.95;3.95;3.95;3.95;100
20160125 142800;3.94;3.94;3.94;3.94;100
20160125 143000;3.94;3.94;3.94;3.94;300
20160125 143600;3.94;3.94;3.94;3.94;100
20160125 144600;3.94;3.94;3.94;3.94;100
20160125 145600;3.94;3.94;3.94;3.94;100
20160125 150600;3.94;3.94;3.94;3.94;100
20160125 151600;3.94;3.94;3.94;3.94;100
20160125 152200;3.93;3.93;3.93;3.93;200
20160125 152300;3.93;3.93;3.93;3.93;200
20160125 152400;3.94;3.94;3.94;3.94;100
20160125 152500;3.93;3.93;3.93;3.93;200
20160125 153500;3.93;3.93;3.93;3.93;300
20160125 153600;3.94;3.94;3.93;3.93;500
20160125 155000;3.92;3.92;3.92;3.92;200
20160125 155100;3.92;3.92;3.92;3.92;100
20160125 155300;3.92;3.93;3.92;3.92;500
20160125 155600;3.93;3.93;3.9205;3.9205;300
20160125 155700;3.93;3.93;3.92;3.93;400
20160125 155900;3.93;3.93;3.93;3.93;300
20160125 160000;3.93;3.93;3.92;3.93;1823
20160126 094300;3.77;3.77;3.77;3.77;100
20160126 095300;3.78;3.78;3.78;3.78;200
20160126 100200;3.76;3.76;3.76;3.76;700
20160126 101000;3.7701;3.7701;3.7701;3.7701;300
20160126 101200;3.7904;3.7904;3.7904;3.7904;500
20160126 101400;3.829;3.829;3.826;3.826;2494
20160126 101800;3.81;3.81;3.81;3.81;100
20160126 105800;3.81;3.81;3.81;3.81;100
20160126 105900;3.81;3.81;3.81;3.81;100
20160126 110100;3.836;3.836;3.824;3.824;1500
20160126 110300;3.824;3.836;3.824;3.836;800
20160126 110600;3.816;3.816;3.816;3.816;577
20160126 110800;3.804;3.804;3.804;3.804;700
20160126 110900;3.8;3.8;3.8;3.8;2997
20160126 111000;3.801;3.804;3.801;3.804;1300
20160126 111100;3.801;3.8042;3.8;3.804;2541
20160126 111800;3.8399;3.8399;3.8399;3.8399;651
20160126 111900;3.81;3.81;3.81;3.81;100
20160126 114500;3.8;3.8;3.8;3.8;100
20160126 114600;3.82;3.82;3.82;3.82;2050
20160126 133100;3.819;3.82;3.819;3.8198;3400
20160126 140900;3.801;3.801;3.8;3.8;900
20160126 143700;3.8;3.8;3.8;3.8;400
20160126 144300;3.8;3.8;3.8;3.8;100
20160126 145400;3.805;3.81;3.805;3.8053;800
20160126 153600;3.81;3.81;3.81;3.81;1500
20160126 154500;3.81;3.81;3.81;3.81;200
20160126 154600;3.81;3.81;3.81;3.81;300
20160126 154700;3.81;3.82;3.81;3.82;500
20160126 154800;3.82;3.82;3.82;3.82;400
20160126 154900;3.82;3.82;3.82;3.82;400
20160126 155000;3.82;3.82;3.82;3.82;400
20160126 155100;3.82;3.82;3.8;3.8;1735
20160126 155200;3.8;3.8;3.8;3.8;400
20160126 155300;3.8;3.8;3.8;3.8;200
20160126 155400;3.8;3.8;3.8;3.8;200
20160126 155500;3.8;3.8;3.8;3.8;500
20160126 155600;3.8;3.8;3.8;3.8;300
20160126 155700;3.8;3.81;3.8;3.81;500
20160126 155800;3.8;3.81;3.8;3.8;600
20160126 155900;3.8;3.8;3.8;3.8;500
20160126 160000;3.8;3.83;3.8;3.83;853
20160126 160300;3.83;3.83;3.83;3.83;180
20160127 094600;3.84;3.84;3.84;3.84;500
20160127 095500;3.8199;3.82;3.8199;3.82;820
20160127 100100;3.8211;3.8211;3.82;3.82;200
20160127 100300;3.8;3.8;3.8;3.8;100
20160127 101700;3.8;3.8;3.8;3.8;700
20160127 103300;3.8;3.8;3.8;3.8;100
20160127 103900;3.805;3.81;3.805;3.81;200
20160127 110700;3.818;3.818;3.818;3.818;750
20160127 111400;3.8;3.8;3.8;3.8;141
20160127 123100;3.87;3.87;3.868;3.87;3908
20160127 130000;3.8501;3.8501;3.85;3.85;1000
20160127 130400;3.8599;3.8599;3.8599;3.8599;500
20160127 131600;3.85;3.85;3.85;3.85;500
20160127 144000;3.82;3.82;3.8;3.8;1300
20160127 144100;3.79;3.79;3.79;3.79;100
20160127 144700;3.79;3.79;3.79;3.79;1000
20160127 144800;3.81;3.81;3.81;3.81;100
20160127 145800;3.8;3.8;3.8;3.8;100
20160127 150200;3.8;3.8;3.8;3.8;900
20160127 150300;3.79;3.79;3.79;3.79;500
20160127 151500;3.78;3.78;3.78;3.78;800
20160127 152300;3.77;3.77;3.77;3.77;100
20160127 152500;3.78;3.78;3.78;3.78;200
20160127 153900;3.785;3.79;3.785;3.79;300
20160127 154000;3.79;3.79;3.79;3.79;200
20160127 154100;3.79;3.79;3.79;3.79;1049
20160127 154500;3.78;3.78;3.78;3.78;200
20160127 155200;3.79;3.79;3.79;3.79;300
20160127 155300;3.79;3.79;3.79;3.79;100
20160127 155600;3.79;3.79;3.79;3.79;100
20160127 155700;3.79;3.79;3.79;3.79;100
20160127 155800;3.79;3.79;3.79;3.79;100
20160127 155900;3.79;3.79;3.79;3.79;100
20160127 160000;3.79;3.79;3.79;3.79;600
20160128 100700;3.9;3.9;3.9;3.9;100
20160128 100900;3.9;3.9;3.9;3.9;900
20160128 101700;3.89;3.89;3.89;3.89;100
20160128 103900;3.86;3.86;3.84;3.84;400
20160128 104000;3.85;3.85;3.845;3.85;9800
20160128 104600;3.87;3.87;3.87;3.87;200
20160128 104700;3.87;3.87;3.87;3.87;100
20160128 105100;3.87;3.87;3.87;3.87;100
20160128 105200;3.87;3.87;3.87;3.87;100
20160128 110600;3.87;3.87;3.87;3.87;100
20160128 112000;3.87;3.87;3.87;3.87;100
20160128 113400;3.86;3.86;3.86;3.86;200
20160128 120900;3.86;3.86;3.85;3.86;6600
20160128 121000;3.86;3.86;3.86;3.86;1000
20160128 121300;3.86;3.86;3.86;3.86;100
20160128 121900;3.87;3.87;3.87;3.87;100
20160128 123200;3.86;3.86;3.86;3.86;100
20160128 123500;3.8754;3.8754;3.8754;3.8754;100
20160128 123600;3.89;3.89;3.89;3.89;100
20160128 124000;3.88;3.88;3.88;3.88;200
20160128 130200;3.87;3.87;3.87;3.87;1600
20160128 130300;3.87;3.87;3.87;3.87;100
20160128 131800;3.8713;3.8713;3.8713;3.8713;800
20160128 131900;3.87;3.87;3.87;3.87;100
20160128 132400;3.86;3.86;3.86;3.86;100
20160128 133200;3.88;3.88;3.88;3.88;100
20160128 135500;3.87;3.87;3.87;3.87;100
20160128 135900;3.87;3.87;3.87;3.87;100
20160128 140300;3.86;3.86;3.86;3.86;100
20160128 140400;3.87;3.87;3.87;3.87;300
20160128 141300;3.886;3.887;3.8858;3.887;1500
20160128 142000;3.87;3.87;3.87;3.87;200
20160128 143800;3.878;3.89;3.878;3.89;2787
20160128 144500;3.88;3.88;3.88;3.88;100
20160128 144800;3.88;3.88;3.88;3.88;100
20160128 153500;3.88;3.88;3.88;3.88;300
20160128 154500;3.899;3.899;3.899;3.899;870
20160128 154900;3.8801;3.8801;3.8801;3.8801;250
20160128 155900;3.89;3.89;3.89;3.89;500
20160128 160000;3.89;3.89;3.89;3.89;1100
20160129 095700;3.98;3.98;3.98;3.98;400
20160129 100300;3.98;3.98;3.98;3.98;400
20160129 100500;3.98;3.98;3.98;3.98;1800
20160129 100600;3.99;3.99;3.99;3.99;300
20160129 101100;3.99;3.99;3.99;3.99;100
20160129 101300;4.009;4.009;3.99;3.99;700
20160129 103500;3.96;3.96;3.96;3.96;100
20160129 105700;3.96;3.96;3.96;3.96;100
20160129 111700;3.95;3.95;3.95;3.95;200
20160129 111900;3.94;3.94;3.93;3.93;500
20160129 120300;3.94;3.94;3.92;3.92;900
20160129 120800;3.94;3.942;3.93;3.9311;4116
20160129 125600;3.955;3.96;3.955;3.96;1800
20160129 134900;4;4;3.98;3.98;800
20160129 140400;3.98;3.98;3.97;3.97;200
20160129 140600;3.96;3.96;3.96;3.96;100
20160129 142000;3.97;3.97;3.97;3.97;200
20160129 143000;3.98;3.98;3.98;3.98;100
20160129 143100;3.98;3.98;3.98;3.98;100
20160129 144000;3.97;3.97;3.97;3.97;200
20160129 145300;3.975;3.975;3.975;3.975;100
20160129 145800;3.977;3.977;3.977;3.977;200
20160129 150100;3.98;3.98;3.98;3.98;400
20160129 152000;3.98;3.98;3.98;3.98;100
20160129 152100;3.98;3.98;3.98;3.98;100
20160129 152200;3.99;3.99;3.99;3.99;100
20160129 152400;3.98;3.98;3.98;3.98;100
20160129 153900;3.99;3.99;3.99;3.99;732
20160129 154700;3.99;3.99;3.99;3.99;400
20160129 154800;3.99;3.99;3.99;3.99;500
20160129 155100;3.99;3.99;3.99;3.99;500
20160129 160000;4.02;4.02;4;4;200
20160201 094100;3.88;3.88;3.88;3.88;2700
20160201 095200;3.89;3.89;3.89;3.89;100
20160201 095400;3.88;3.91;3.88;3.91;1600
20160201 105400;3.896;3.896;3.896;3.896;2000
20160201 111600;3.9062;3.9062;3.9062;3.9062;151
20160201 113100;3.892;3.892;3.892;3.892;200
20160201 115100;3.91;3.91;3.91;3.91;100
20160201 122500;3.9;3.9;3.9;3.9;100
20160201 135700;3.89;3.89;3.89;3.89;100
20160201 135800;3.88;3.88;3.88;3.88;500
20160201 141800;3.88;3.88;3.87;3.87;1400
20160201 141900;3.88;3.88;3.88;3.88;2513
20160201 144300;3.88;3.88;3.88;3.88;5100
20160201 144500;3.8884;3.8884;3.8884;3.8884;225
20160201 145900;3.88;3.88;3.88;3.88;4744
20160201 151500;3.89;3.89;3.89;3.89;100
20160201 152200;3.9;3.9;3.9;3.9;261
20160201 154300;3.9;3.91;3.9;3.9;670
20160201 154500;3.907;3.909;3.902;3.902;1612
20160201 154600;3.91;3.91;3.91;3.91;100
20160201 154700;3.9;3.9;3.9;3.9;100
20160201 155000;3.91;3.91;3.91;3.91;100
20160201 155500;3.92;3.92;3.92;3.92;100
20160201 155700;3.92;3.92;3.92;3.92;100
20160201 155800;3.92;3.92;3.91;3.91;400
20160201 155900;3.92;3.92;3.92;3.92;400
20160201 160000;3.92;3.92;3.91;3.91;1900
20160202 093200;3.85;3.85;3.84;3.84;200
20160202 093900;3.85;3.85;3.85;3.85;200
20160202 102600;3.82;3.82;3.8;3.8;1096
20160202 103500;3.81;3.81;3.81;3.81;300
20160202 103600;3.81;3.815;3.81;3.815;500
20160202 103700;3.81;3.81;3.805;3.805;1300
20160202 103800;3.81;3.81;3.81;3.81;4300
20160202 104400;3.82;3.82;3.82;3.82;100
20160202 105200;3.81;3.81;3.81;3.81;100
20160202 110100;3.81;3.81;3.81;3.81;100
20160202 110200;3.8;3.81;3.8;3.81;500
20160202 111100;3.8;3.81;3.8;3.8;1951
20160202 111700;3.82;3.82;3.82;3.82;100
20160202 114100;3.8472;3.8472;3.8472;3.8472;230
20160202 115800;3.82;3.82;3.82;3.82;200
20160202 115900;3.8;3.8;3.8;3.8;972
20160202 120200;3.81;3.81;3.81;3.81;100
20160202 124000;3.81;3.81;3.81;3.81;320
20160202 130100;3.8;3.8;3.8;3.8;100
20160202 130300;3.8;3.8;3.8;3.8;100
20160202 131300;3.79;3.79;3.79;3.79;600
20160202 133300;3.795;3.795;3.795;3.795;100
20160202 134800;3.79;3.79;3.79;3.79;999
20160202 135400;3.79;3.79;3.79;3.79;200
20160202 141600;3.79;3.79;3.79;3.79;100
20160202 143300;3.78;3.78;3.78;3.78;100
20160202 144000;3.78;3.78;3.78;3.78;100
20160202 145800;3.78;3.78;3.78;3.78;200
20160202 151000;3.78;3.78;3.78;3.78;1004
20160202 151600;3.77;3.78;3.77;3.78;200
20160202 152800;3.8;3.8;3.8;3.8;100
20160202 154300;3.796;3.796;3.796;3.796;197
20160202 155300;3.8;3.8;3.8;3.8;90202
20160202 155900;3.78;3.78;3.78;3.78;100
20160202 160000;3.8;3.8;3.78;3.78;1100
20160203 094200;3.81;3.81;3.81;3.81;100
20160203 100400;3.77;3.77;3.77;3.77;3776
20160203 104400;3.75;3.75;3.75;3.75;100
20160203 104900;3.75;3.75;3.75;3.75;400
20160203 105000;3.75;3.75;3.75;3.75;200
20160203 105600;3.77;3.77;3.77;3.77;200
20160203 111500;3.78;3.78;3.78;3.78;500
20160203 111900;3.79;3.79;3.79;3.79;100
20160203 112300;3.79;3.79;3.79;3.79;300
20160203 112600;3.781;3.781;3.781;3.781;861
20160203 112700;3.79;3.79;3.79;3.79;500
20160203 114100;3.8;3.8;3.7999;3.7999;1900
20160203 114500;3.8079;3.8079;3.8079;3.8079;500
20160203 115100;3.82;3.82;3.82;3.82;100
20160203 115400;3.81;3.81;3.81;3.81;3800
20160203 115500;3.8;3.8;3.8;3.8;200
20160203 115800;3.8;3.8;3.8;3.8;200
20160203 120000;3.8;3.8;3.8;3.8;707
20160203 120200;3.8;3.8;3.8;3.8;200
20160203 120500;3.8;3.8;3.8;3.8;300
20160203 121500;3.79;3.79;3.79;3.79;100
20160203 123400;3.79;3.79;3.79;3.79;100
20160203 130100;3.8;3.8;3.8;3.8;100
20160203 130400;3.797;3.8;3.797;3.8;700
20160203 130600;3.8;3.8;3.8;3.8;200
20160203 130800;3.794;3.794;3.794;3.794;1000
20160203 132200;3.8;3.8;3.8;3.8;100
20160203 132700;3.8;3.8;3.8;3.8;200
20160203 133600;3.79;3.79;3.79;3.79;100
20160203 140200;3.79;3.79;3.79;3.79;100
20160203 140300;3.79;3.79;3.79;3.79;100
20160203 142200;3.81;3.81;3.81;3.81;100
20160203 142300;3.8183;3.8183;3.8183;3.8183;100
20160203 142600;3.82;3.82;3.82;3.82;400
20160203 142900;3.82;3.83;3.82;3.83;600
20160203 144600;3.83;3.83;3.825;3.83;9500
20160203 144700;3.8201;3.8201;3.8201;3.8201;1575
20160203 145600;3.83;3.83;3.83;3.83;100
20160203 145800;3.83;3.83;3.83;3.83;100
20160203 150100;3.83;3.83;3.83;3.83;100
20160203 150600;3.83;3.83;3.83;3.83;100
20160203 150700;3.83;3.83;3.83;3.83;100
20160203 150800;3.83;3.83;3.83;3.83;700
20160203 151000;3.83;3.83;3.83;3.83;1011
20160203 153000;3.84;3.84;3.84;3.84;200
20160203 153100;3.83;3.83;3.83;3.83;200
20160203 153300;3.82;3.82;3.82;3.82;100
20160203 153400;3.822;3.84;3.822;3.84;2800
20160203 153700;3.84;3.84;3.84;3.84;100
20160203 154300;3.84;3.84;3.83;3.83;200
20160203 154500;3.85;3.85;3.85;3.85;380
20160203 154700;3.83;3.83;3.83;3.83;100
20160203 154800;3.85;3.85;3.85;3.85;2144
20160203 155000;3.85;3.85;3.85;3.85;200
20160203 155100;3.85;3.85;3.85;3.85;200
20160203 155300;3.85;3.85;3.85;3.85;300
20160203 155400;3.85;3.85;3.85;3.85;200
20160203 155500;3.86;3.86;3.86;3.86;1000
20160203 155900;3.86;3.86;3.86;3.86;600
20160203 160000;3.86;3.87;3.86;3.87;1589
20160204 093600;3.98;3.99;3.98;3.99;1200
20160204 093700;3.99;3.99;3.99;3.99;300
20160204 093800;3.98;3.98;3.98;3.98;200
20160204 095400;3.99;3.99;3.99;3.99;300
20160204 095700;3.99;3.99;3.99;3.99;100
20160204 095800;3.99;3.99;3.99;3.99;100
20160204 095900;3.99;3.99;3.99;3.99;200
20160204 100000;3.99;3.99;3.99;3.99;967
20160204 100400;3.98;3.98;3.97;3.97;400
20160204 100500;3.963;3.963;3.963;3.963;200
20160204 100700;3.99;4;3.99;4;3500
20160204 100800;4;4;4;4;400
20160204 101200;3.9936;3.9936;3.9936;3.9936;250
20160204 102100;4.01;4.01;4.01;4.01;1000
20160204 102300;4.02;4.02;4.02;4.02;100
20160204 102400;4.02;4.02;4.02;4.02;800
20160204 102500;4.01;4.01;4.01;4.01;600
20160204 103700;4.02;4.02;4.02;4.02;100
20160204 103800;4.02;4.02;4.02;4.02;100
20160204 104000;4.01;4.01;4;4;400
20160204 104100;4.01;4.02;4.01;4.02;15100
20160204 104200;4.02;4.02;4.01;4.02;17531
20160204 105200;4.03;4.03;4.03;4.03;600
20160204 110500;4.02;4.02;4.02;4.02;1900
20160204 110600;4.02;4.02;4.02;4.02;2500
20160204 111000;4;4;4;4;500
20160204 111500;3.9911;3.9911;3.99;3.99;800
20160204 111800;3.99;3.99;3.99;3.99;8100
20160204 112000;3.99;3.99;3.99;3.99;500
20160204 112100;3.97;3.97;3.97;3.97;3100
20160204 113100;3.97;3.97;3.97;3.97;1200
20160204 114100;3.98;3.98;3.98;3.98;100
20160204 114400;3.98;3.98;3.98;3.98;100
20160204 115200;3.98;3.98;3.98;3.98;100
20160204 115400;3.9799;3.9799;3.9799;3.9799;400
20160204 120500;3.98;3.99;3.98;3.99;300
20160204 120600;3.99;3.99;3.99;3.99;100
20160204 120900;3.99;4;3.99;4;300
20160204 121500;4;4;3.99;3.99;300
20160204 122700;3.98;3.98;3.98;3.98;200
20160204 134200;3.99;3.99;3.98;3.98;200
20160204 140900;3.97;3.97;3.97;3.97;100
20160204 141200;3.97;3.97;3.97;3.97;100
20160204 141300;3.97;3.97;3.97;3.97;100
20160204 141700;3.97;3.97;3.97;3.97;100
20160204 144300;3.97;3.97;3.97;3.97;200
20160204 144700;3.97;3.97;3.97;3.97;100
20160204 144900;3.97;3.97;3.97;3.97;200
20160204 145100;3.97;3.97;3.97;3.97;300
20160204 145500;3.97;3.97;3.97;3.97;300
20160204 145700;3.97;3.97;3.97;3.97;100
20160204 151500;3.98;3.98;3.98;3.98;100
20160204 151700;3.98;3.98;3.98;3.98;800
20160204 152100;3.98;3.98;3.98;3.98;100
20160204 152200;3.98;3.98;3.98;3.98;300
20160204 152500;3.98;3.98;3.98;3.98;100
20160204 152600;3.98;3.98;3.98;3.98;200
20160204 153400;3.97;3.975;3.97;3.97;1500
20160204 154800;3.98;3.98;3.98;3.98;100
20160204 155900;4.01;4.01;4.01;4.01;300
20160204 160000;3.99;4.01;3.99;3.99;600
20160205 095600;3.9995;3.9995;3.9995;3.9995;300
20160205 100300;4.01;4.01;4.01;4.01;100
20160205 100500;4.02;4.02;4.02;4.02;200
20160205 102700;4.0075;4.0075;4.0075;4.0075;1000
20160205 102800;4;4;4;4;200
20160205 102900;3.99;3.99;3.99;3.99;100
20160205 103600;4;4;4;4;1600
20160205 110500;4;4;4;4;200
20160205 112400;3.99;3.99;3.98;3.98;200
20160205 113400;3.9724;3.9724;3.9724;3.9724;1000
20160205 113700;3.98;3.98;3.98;3.98;200
20160205 114600;4;4;4;4;100
20160205 115000;4;4;4;4;400
20160205 115100;4;4;4;4;100
20160205 115800;3.99;3.99;3.99;3.99;100
20160205 120300;4;4;4;4;100
20160205 120700;3.991;3.991;3.991;3.991;2000
20160205 120800;3.99;3.99;3.99;3.99;200
20160205 122400;3.99;3.99;3.99;3.99;100
20160205 132500;3.99;3.99;3.99;3.99;200
20160205 132600;3.99;3.99;3.99;3.99;100
20160205 133900;3.98;3.98;3.98;3.98;201
20160205 134900;3.97;3.97;3.946;3.946;2315
20160205 140200;3.97;3.97;3.97;3.97;100
20160205 140700;3.97;3.97;3.97;3.97;100
20160205 141400;3.97;3.97;3.97;3.97;100
20160205 141700;3.96;3.96;3.96;3.96;100
20160205 143300;3.97;3.97;3.97;3.97;100
20160205 144300;3.97;3.97;3.97;3.97;100
20160205 144700;3.97;3.97;3.97;3.97;100
20160205 145100;3.97;3.97;3.97;3.97;100
20160205 145200;3.97;3.97;3.97;3.97;100
20160205 145300;3.97;3.97;3.97;3.97;100
20160205 150200;3.96;3.96;3.96;3.96;100
20160205 151000;3.95;3.96;3.95;3.96;500
20160205 153300;3.96;3.96;3.96;3.96;100
20160205 153900;3.96;3.96;3.96;3.96;100
20160205 155300;3.97;3.97;3.97;3.97;100
20160205 155800;3.9701;3.9701;3.9701;3.9701;100
20160205 155900;3.97;3.97;3.96;3.96;1773
20160205 160000;3.96;3.98;3.96;3.98;300
