20160119 160100;6.26;6.26;6.26;6.26;507
20160119 170800;6.26;6.26;6.26;6.26;13
20160120 144100;6.01;6.01;6.01;6.01;132
20160120 144900;6;6;5.76;5.76;200
20160120 153400;6.04;6.04;6.04;6.04;100
20160120 155100;6.03;6.04;6.03;6.04;200
20160120 155800;5.89;5.89;5.89;5.89;100
20160120 160000;5.965;6.03;5.77;6.03;1483
20160120 161700;6.03;6.03;6.03;6.03;51
20160121 090600;6.03;6.03;6.03;6.03;221
20160121 125100;5.4;5.4;5.4;5.4;115
20160121 155900;5.84;5.84;5.84;5.84;100
20160121 160000;5.73;5.73;5.73;5.73;894
20160122 100900;6.26;6.26;6.26;6.26;257
20160122 135600;5.71;5.74;5.71;5.74;206
20160122 142600;5.7787;5.7792;5.7787;5.7792;800
20160122 155600;5.71;5.71;5.71;5.71;300
20160122 160000;5.66;5.78;5.66;5.78;930
20160122 161900;5.78;5.78;5.78;5.78;13
20160122 162600;5.78;5.78;5.78;5.78;365
20160125 115100;6.07;6.07;6.07;6.07;400
20160125 120600;6.07;6.07;6.07;6.07;200
20160125 155300;6.035;6.035;6.035;6.035;100
20160125 155900;5.81;5.81;5.81;5.81;161
20160125 160000;5.82;5.82;5.82;5.82;710
20160125 160100;5.82;5.82;5.82;5.82;2
20160125 172600;5.82;5.82;5.82;5.82;129
20160126 134900;7.67;7.67;7.67;7.67;240
20160126 151500;6.82;6.82;6.41;6.41;200
20160126 152700;6.86;6.8885;6.86;6.8885;318
20160126 160000;6.61;6.61;6.61;6.61;1602
20160126 162800;6.61;6.61;6.61;6.61;88
20160126 163100;6.61;6.61;6.61;6.61;14
20160127 093500;6.27;6.27;6.27;6.27;101
20160127 093600;6.28;6.28;6.28;6.28;100
20160127 101400;6.32;6.32;6.32;6.32;100
20160127 132900;6.31;6.31;6.31;6.31;100
20160127 160000;5.9;5.9;5.9;5.9;481
20160127 162200;5.91;5.91;5.91;5.91;102
20160127 163100;5.9;5.9;5.9;5.9;101
20160128 094400;6.45;6.45;6.45;6.45;100
20160129 125300;6.45;6.45;6.45;6.45;700
20160129 125700;6.69;6.76;6.69;6.76;2600
20160129 125800;6.72;6.72;6.66;6.66;300
20160129 125900;6.6415;6.6415;6.64;6.6401;774
20160129 130000;6.64;6.64;6.64;6.64;100
20160129 130100;6.64;6.64;6.64;6.64;300
20160129 130200;6.64;6.64;6.64;6.64;300
20160129 130300;6.6415;6.66;6.6415;6.66;300
20160129 130400;6.69;6.69;6.69;6.69;1000
20160129 130500;6.69;6.69;6.69;6.69;1000
20160129 130600;6.9;6.91;6.65;6.65;300
20160129 130700;6.66;6.66;6.66;6.66;300
20160129 131100;6.5001;6.5001;6.5001;6.5001;124
20160129 151700;6.86;6.86;6.4;6.4;200
20160129 152500;6.33;6.33;6.33;6.33;100
20160129 155500;6.35;6.35;6.35;6.35;100
20160129 160000;6.3;6.3;6.3;6.3;1607
20160129 160100;6.3;6.3;6.3;6.3;69
20160129 163500;6.3;6.3;6.3;6.3;24
20160201 162200;6.34;6.34;6.34;6.34;107
20160202 153700;5.9;5.9;5.9;5.9;100
20160202 160000;5.88;5.88;5.88;5.88;998
20160202 160100;5.88;5.88;5.88;5.88;20
20160202 162300;5.88;5.94;5.88;5.94;313
20160202 163200;5.88;5.88;5.88;5.88;135
20160203 154500;5.86;5.86;5.86;5.86;100
20160203 160000;5.27;5.27;5.27;5.27;526
20160204 163100;5.45;5.45;5.45;5.45;26
20160205 093500;6.39;6.39;6.39;6.39;1000
20160205 123900;5.98;5.9899;5.76;5.88;600
20160205 143800;5.53;5.53;5.53;5.53;100
20160205 155000;5.63;5.63;5.63;5.63;100
20160205 155100;5.63;5.63;5.63;5.63;100
20160205 155200;5.64;5.73;5.64;5.73;200
20160205 155400;5.64;5.64;5.64;5.64;100
20160205 155500;5.73;5.82;5.73;5.82;400
20160205 155700;5.64;5.64;5.64;5.64;100
20160205 155800;5.65;5.65;5.65;5.65;100
20160205 155900;5.66;5.66;5.6;5.6;446
20160205 160000;5.4;5.42;5.17;5.19;2902
20160205 161900;5.1894;5.1894;5.1894;5.1894;65
20160205 164400;5.6023;5.6023;5.6023;5.6023;309
20160205 165000;5.19;5.19;5.19;5.19;105
