20160119 092800;30.77;30.77;30.77;30.77;200
20160119 093000;31.33;31.33;31.33;31.33;100
20160119 093100;31.37;31.37;30.7;30.7;4600
20160119 093200;30.721;30.721;30.684;30.684;1800
20160119 093300;30.6833;30.9;30.6801;30.9;4200
20160119 093400;30.91;31.08;30.91;31.08;1400
20160119 093500;31.25;31.26;31.25;31.26;200
20160119 093600;31.4;31.71;31.4;31.7001;1000
20160119 093700;31.8;32;31.8;32;1930
20160119 093800;32.15;32.16;32.094;32.16;300
20160119 093900;32.08;32.1;32.05;32.1;2300
20160119 094000;32.59;32.59;32.59;32.59;100
20160119 094200;32.7;32.7;32.61;32.61;400
20160119 094400;32.3687;32.7;32.3687;32.59;1170
20160119 094500;32.48;32.51;32.36;32.51;1200
20160119 094700;33;33;33;33;1000
20160119 094800;33.15;33.15;33.15;33.15;300
20160119 094900;33.5;33.5;33.5;33.5;200
20160119 095000;33.44;33.49;33.44;33.49;300
20160119 095100;33.61;33.66;33.6;33.66;400
20160119 095200;33.68;33.68;33.47;33.6;800
20160119 095300;33.62;33.6201;33.52;33.52;2500
20160119 095400;33.4;33.4;33.4;33.4;1000
20160119 095500;33.25;33.25;33.25;33.25;200
20160119 095700;33.23;33.23;33.23;33.23;100
20160119 095900;33.04;33.04;33.04;33.04;700
20160119 100100;32.37;32.58;32.37;32.58;600
20160119 100600;32.27;32.27;32;32;1500
20160119 100900;31.9799;32;31.94;31.94;800
20160119 101200;32.12;32.16;32.07;32.07;5200
20160119 101400;31.98;31.98;31.98;31.98;100
20160119 101600;31.88;31.88;31.88;31.88;300
20160119 101700;31.75;31.75;31.75;31.75;100
20160119 101900;31.82;31.82;31.77;31.82;600
20160119 102300;32.23;32.28;32.23;32.28;200
20160119 103200;31.78;31.78;31.77;31.77;500
20160119 103900;31.9;31.9;31.83;31.83;2400
20160119 104500;32.0987;32.0987;32.0987;32.0987;500
20160119 104600;32.28;32.28;32.28;32.28;100
20160119 104700;32.2548;32.2548;32.2548;32.2548;2000
20160119 105200;32.26;32.3;32.26;32.3;200
20160119 105500;32.74;32.74;32.68;32.68;265
20160119 110700;33;33;32.94;32.94;1400
20160119 111100;33.04;33.04;32.97;32.97;200
20160119 111500;33.1;33.1;33.1;33.1;100
20160119 111700;33.16;33.16;33.16;33.16;300
20160119 112200;33.56;33.56;33.53;33.53;1400
20160119 112300;33.439;33.51;33.42;33.49;3905
20160119 112500;33.65;33.65;33.6;33.65;300
20160119 112600;33.652;33.652;33.652;33.652;200
20160119 112700;33.593;33.593;33.593;33.593;500
20160119 114600;33.2;33.2;33.2;33.2;100
20160119 120900;33.5;33.5;33.5;33.5;200
20160119 121000;33.7;33.77;33.7;33.77;600
20160119 121300;33.74;33.7821;33.74;33.7401;2700
20160119 121400;33.52;33.52;33.52;33.52;100
20160119 121500;33.52;33.53;33.49;33.49;500
20160119 121900;33.99;34;33.99;34;700
20160119 122000;34;34;33.93;33.93;300
20160119 122200;34;34;34;34;800
20160119 122500;33.96;33.976;33.93;33.93;6700
20160119 122600;34;34.14;33.99;34.14;1100
20160119 122800;34.1;34.1;34.1;34.1;200
20160119 123000;34;34;34;34;300
20160119 123800;33.54;33.54;33.54;33.54;300
20160119 123900;33.64;33.64;33.62;33.62;200
20160119 124100;33.81;33.81;33.81;33.81;422
20160119 124300;33.72;33.72;33.72;33.72;100
20160119 124700;34;34;33.94;33.94;400
20160119 124800;34;34;34;34;200
20160119 125100;34.1;34.13;34.07;34.07;500
20160119 125300;34.09;34.09;34.09;34.09;116
20160119 125700;34.1644;34.1644;34.1644;34.1644;145
20160119 130000;33.98;33.98;33.98;33.98;100
20160119 130200;33.95;33.95;33.95;33.95;212
20160119 130400;33.83;33.83;33.76;33.76;300
20160119 131100;34.04;34.04;34.04;34.04;100
20160119 131300;34.01;34.01;34.01;34.01;100
20160119 131400;33.97;34.08;33.97;34.08;200
20160119 131500;34.19;34.19;34.19;34.19;150
20160119 131700;34.2;34.2;34.2;34.2;100
20160119 131800;34.23;34.23;34.23;34.23;350
20160119 131900;34.17;34.17;34.17;34.17;200
20160119 132000;33.95;33.95;33.95;33.95;125
20160119 132200;33.81;33.81;33.81;33.81;100
20160119 132300;34.12;34.12;34.12;34.12;300
20160119 132600;34.38;34.38;34.38;34.38;300
20160119 132700;34.47;34.47;34.47;34.47;300
20160119 133000;34.55;34.56;34.55;34.56;900
20160119 133100;34.53;34.53;34.53;34.53;100
20160119 133300;34.66;34.8;34.66;34.8;200
20160119 133700;34.57;34.57;34.57;34.57;114
20160119 134000;34.41;34.41;34.33;34.33;500
20160119 134100;34.46;34.55;34.46;34.55;900
20160119 134200;34.54;34.54;34.54;34.54;184
20160119 134300;34.58;34.64;34.58;34.61;724
20160119 134600;34.87;34.87;34.87;34.87;300
20160119 135500;35;35;35;35;100
20160119 135700;34.8;34.8;34.8;34.8;250
20160119 141100;35.63;35.78;35.63;35.78;300
20160119 141600;35.9132;35.9132;35.9132;35.9132;115
20160119 141700;36;36.01;36;36.01;300
20160119 141800;36.06;36.08;36.06;36.08;200
20160119 142000;35.88;35.9;35.88;35.9;500
20160119 142100;36.0999;36.0999;36.0999;36.0999;100
20160119 142200;35.98;35.98;35.98;35.98;100
20160119 142300;36.14;36.21;36.14;36.21;200
20160119 142400;36.14;36.14;36.14;36.14;300
20160119 142500;36.0846;36.0846;36.0846;36.0846;200
20160119 142600;36.02;36.02;36.02;36.02;100
20160119 142700;36.03;36.0304;36.03;36.0304;2300
20160119 143000;36.04;36.04;36.04;36.04;100
20160119 143500;35.7;35.7;35.7;35.7;300
20160119 143800;35.8501;35.8501;35.85;35.85;300
20160119 144300;35.93;35.93;35.93;35.93;150
20160119 144600;36.25;36.25;36.25;36.25;300
20160119 144800;36.2301;36.28;36.2301;36.28;500
20160119 144900;36.22;36.22;36.22;36.22;100
20160119 145300;36.2;36.2;36.17;36.17;200
20160119 145500;36;36.06;36;36.06;300
20160119 145600;35.95;35.95;35.95;35.95;100
20160119 145700;35.9489;35.9489;35.8;35.8;630
20160119 145800;35.78;35.78;35.78;35.78;100
20160119 150000;36.03;36.03;36.03;36.03;100
20160119 150200;35.95;35.95;35.95;35.95;400
20160119 150300;35.715;35.73;35.6;35.73;700
20160119 150800;35.18;35.22;35.14;35.22;500
20160119 150900;35.25;35.25;35.25;35.25;100
20160119 151300;35.41;35.41;35.41;35.41;120
20160119 151600;35.53;35.53;35.53;35.53;200
20160119 152100;35.5;35.5;35.5;35.5;200
20160119 152200;35.5;35.5;35.37;35.37;500
20160119 152400;35.02;35.1;35.02;35.1;1100
20160119 152600;34.85;34.85;34.76;34.76;850
20160119 152700;34.57;34.57;34.52;34.52;600
20160119 153100;34.36;34.36;34.36;34.36;100
20160119 153200;34.4953;34.4953;34.4953;34.4953;100
20160119 153300;34.57;34.57;34.57;34.57;100
20160119 153400;34.44;34.44;34.41;34.42;510
20160119 153700;34.24;34.34;34.24;34.34;200
20160119 154100;34.57;34.57;34.57;34.57;800
20160119 154300;34.31;34.31;34.17;34.17;200
20160119 154700;34.24;34.24;34.24;34.24;500
20160119 154800;34.03;34.03;34.03;34.03;110
20160119 155000;34;34;34;34;5899
20160119 155100;34.08;34.08;34.08;34.08;100
20160119 155200;34.15;34.29;34.15;34.29;400
20160119 155300;34.26;34.26;34.26;34.26;250
20160119 155400;34.28;34.36;34.28;34.36;200
20160119 155600;34.29;34.29;34.29;34.29;100
20160119 155700;34.37;34.37;34.37;34.37;200
20160119 155800;34.38;34.48;34.38;34.48;300
20160119 155900;34.52;34.55;34.52;34.55;700
20160119 160000;34.66;34.66;34.66;34.66;100
20160120 070000;37.21;37.21;37.15;37.15;40
20160120 070300;36.95;36.95;36.95;36.95;500
20160120 070900;37.07;37.07;37.05;37.05;500
20160120 071100;37.16;37.77;37.15;37.77;1800
20160120 080100;37.79;37.79;37.79;37.79;50
20160120 090100;37.04;37.04;37.04;37.04;100
20160120 091200;37.05;37.06;37.05;37.06;200
20160120 091500;37.23;37.23;37.22;37.22;600
20160120 092800;36.95;36.95;36.95;36.95;200
20160120 092900;37.17;37.17;37.17;37.17;100
20160120 093000;36.85;36.85;36.85;36.85;500
20160120 093100;37.11;37.11;36.656;36.656;1100
20160120 093200;36.49;36.77;36.38;36.38;1700
20160120 093300;36.4599;36.4599;35.9386;35.9386;1171
20160120 093400;35.95;36.15;35.95;36.15;800
20160120 093500;36.2907;36.2907;36.2907;36.2907;2000
20160120 093600;36.12;36.12;36.12;36.12;100
20160120 093700;36;36;35.93;36;550
20160120 093800;36.04;36.04;36.04;36.04;300
20160120 093900;35.76;35.77;35.76;35.77;200
20160120 094100;36.3215;36.3215;36.3215;36.3215;100
20160120 094200;36.93;37;36.93;37;200
20160120 094300;36.97;37.17;36.97;37.17;200
20160120 094400;36.93;36.986;36.93;36.986;500
20160120 094500;36.99;36.99;36.9722;36.975;700
20160120 094600;36.485;36.88;36.47;36.88;800
20160120 094700;36.75;36.75;36.28;36.28;200
20160120 095200;36.52;36.52;36.4612;36.52;1768
20160120 095400;36.508;36.508;36.508;36.508;700
20160120 095500;36.5401;36.68;36.5401;36.68;750
20160120 095600;36.73;36.73;36.73;36.73;200
20160120 095700;37.19;37.19;37.163;37.163;650
20160120 095800;37.06;37.06;37.06;37.06;200
20160120 095900;37.2401;37.4;37.2401;37.4;3500
20160120 100200;36.9216;36.9216;36.9216;36.9216;150
20160120 100500;37.5;37.5;37.5;37.5;200
20160120 100600;37.04;37.04;36.75;36.75;500
20160120 100700;36.7099;36.7099;36.5;36.5;400
20160120 100800;36.5999;36.6;36.5999;36.6;500
20160120 101000;36.91;36.91;36.91;36.91;100
20160120 101300;36.98;36.98;36.91;36.91;200
20160120 101400;36.73;36.73;36.73;36.73;100
20160120 101500;36.796;36.796;36.796;36.796;150
20160120 101600;36.59;36.59;36.42;36.42;300
20160120 101800;36.3999;36.3999;36.38;36.38;200
20160120 101900;36.92;36.92;36.92;36.92;100
20160120 102000;36.83;36.83;36.83;36.83;100
20160120 102200;36.9601;36.9601;36.9601;36.9601;200
20160120 102400;36.7;36.76;36.7;36.76;250
20160120 102500;36.62;36.62;36.3;36.4;1000
20160120 102600;36.29;36.29;36.29;36.29;400
20160120 102700;36.45;36.48;36.45;36.48;200
20160120 102800;36.519;36.519;36.519;36.519;100
20160120 102900;36.49;36.5;36.49;36.49;300
20160120 103300;36.5769;36.62;36.5769;36.62;200
20160120 103400;36.81;37.12;36.81;37.12;800
20160120 103500;37.05;37.13;37.04;37.12;800
20160120 103600;37.12;37.1547;37.02;37.02;1200
20160120 103900;37.0901;37.2;37.0901;37.2;400
20160120 104300;37.4;37.4;37.21;37.21;300
20160120 104700;37.18;37.18;37.18;37.18;100
20160120 105100;37.49;37.49;37.49;37.49;100
20160120 105200;37.63;37.63;37.63;37.63;200
20160120 105400;37.6;37.6;37.6;37.6;200
20160120 105500;37.6;37.8585;37.6;37.8585;500
20160120 105700;37.8901;37.9313;37.89;37.9313;800
20160120 110100;37.9548;37.9548;37.88;37.88;1200
20160120 110200;37.93;37.93;37.93;37.93;200
20160120 110300;37.86;37.86;37.77;37.86;464
20160120 110400;37.716;37.716;37.716;37.716;100
20160120 110500;37.8001;37.8441;37.8001;37.8441;300
20160120 110700;37.5;37.5;37.426;37.426;700
20160120 111300;37.04;37.098;37;37;1200
20160120 111400;36.7501;36.79;36.7501;36.7854;2140
20160120 111500;36.7099;36.7099;36.7065;36.7065;300
20160120 111600;36.79;36.79;36.77;36.77;1100
20160120 111700;36.81;37.1;36.81;37.1;1200
20160120 112000;36.7;36.8;36.65;36.65;700
20160120 112300;36.7597;36.79;36.7597;36.79;838
20160120 112400;36.92;36.92;36.92;36.92;100
20160120 112600;37.06;37.06;37.06;37.06;100
20160120 113100;36.61;36.73;36.61;36.73;200
20160120 113200;36.66;36.66;36.65;36.65;200
20160120 113300;36.565;36.565;36.565;36.565;200
20160120 113600;36.48;36.48;36.48;36.48;100
20160120 113700;36.38;36.38;36.3;36.3;900
20160120 113900;36.41;36.41;36.41;36.41;100
20160120 114400;36.5;36.5;36.49;36.49;600
20160120 114500;36.533;36.533;36.533;36.533;1000
20160120 114900;36.391;36.391;36.391;36.391;1000
20160120 115000;36.52;36.52;36.49;36.49;200
20160120 115100;36.59;36.64;36.59;36.64;200
20160120 115200;36.69;36.69;36.69;36.69;100
20160120 115300;36.54;36.54;36.5301;36.54;300
20160120 115600;36.857;36.857;36.78;36.78;500
20160120 115700;37.06;37.09;37.06;37.08;600
20160120 115900;36.98;36.98;36.7301;36.7301;800
20160120 120200;36.54;36.54;36.54;36.54;100
20160120 121000;37.13;37.14;37.01;37.01;400
20160120 121100;37.15;37.15;37.15;37.15;350
20160120 121200;37.27;37.27;37.1154;37.1154;700
20160120 121300;37.15;37.15;37.1;37.15;500
20160120 121500;37.1;37.17;37.1;37.17;500
20160120 121700;37.1799;37.2;37.152;37.152;2800
20160120 121900;37.12;37.12;37.12;37.12;100
20160120 122400;37.8;37.8;37.8;37.8;1000
20160120 122500;37.84;37.84;37.84;37.84;100
20160120 122600;37.82;37.82;37.82;37.82;250
20160120 122900;38;38;38;38;400
20160120 123400;37.67;37.67;37.67;37.67;100
20160120 123600;37.6455;37.6455;37.6455;37.6455;100
20160120 123700;37.9799;37.99;37.97;37.99;600
20160120 124400;38.03;38.03;38.03;38.03;100
20160120 124500;38.04;38.04;38.04;38.04;400
20160120 124600;38.06;38.06;38.06;38.06;200
20160120 124700;37.87;37.87;37.8295;37.8295;250
20160120 124900;37.92;37.92;37.92;37.92;100
20160120 125000;37.698;37.698;37.698;37.698;100
20160120 125300;37.5;37.5;37.4901;37.4901;600
20160120 125400;37.3;37.3;37.28;37.28;500
20160120 125600;36.82;36.87;36.82;36.87;400
20160120 125700;36.62;36.62;36.62;36.62;100
20160120 125800;36.41;36.43;36.41;36.43;400
20160120 125900;36.4099;36.4099;36.25;36.25;1350
20160120 130000;36.21;36.21;36.16;36.16;400
20160120 130100;36.24;36.56;36.23;36.5;700
20160120 130200;36.4;36.4;36.3;36.3;760
20160120 130400;35.76;35.76;35.71;35.76;1100
20160120 130500;35.7;35.73;35.6001;35.73;300
20160120 130600;35.76;35.78;35.66;35.78;2800
20160120 130800;36.06;36.06;36.06;36.06;100
20160120 130900;36.1;36.1;36.1;36.1;600
20160120 131100;36.13;36.13;36.13;36.13;200
20160120 131200;36.063;36.2;36.063;36.2;600
20160120 131900;36.62;36.62;36.55;36.55;800
20160120 132000;36.66;36.66;36.66;36.66;100
20160120 132200;36.6401;36.6873;36.6401;36.6873;200
20160120 132300;36.68;36.68;36.68;36.68;200
20160120 132400;36.33;36.33;36.33;36.33;300
20160120 132500;36.15;36.15;36.09;36.15;300
20160120 132600;36.2599;36.2599;36.2599;36.2599;300
20160120 132700;36.3299;36.3299;36.3299;36.3299;1200
20160120 132800;36;36;36;36;100
20160120 132900;35.82;35.9;35.69;35.9;600
20160120 133100;35.68;35.68;35.68;35.68;100
20160120 133200;35.67;35.67;35.4401;35.4401;1500
20160120 133300;35.46;35.46;35.4;35.4;709
20160120 133600;35.22;35.28;35.22;35.2575;300
20160120 133700;35;35;35;35;1100
20160120 133800;35;35;34.91;34.91;940
20160120 133900;34.75;34.75;34.61;34.61;340
20160120 134000;34.499;34.499;34.499;34.499;500
20160120 134200;34.18;34.207;34.0401;34.0401;1900
20160120 134300;34;34.22;34;34.22;300
20160120 134400;34;34;34;34;800
20160120 134500;34;34;34;34;200
20160120 134600;33.65;33.7056;33.65;33.65;426
20160120 134700;33.83;33.9399;33.83;33.9399;1100
20160120 134800;33.82;33.82;33.82;33.82;300
20160120 134900;33.57;33.72;33.51;33.51;800
20160120 135000;33.31;33.38;33.31;33.3391;400
20160120 135300;33;33;32.96;32.96;1300
20160120 135400;32.83;32.87;32.83;32.87;400
20160120 135500;32.99;32.99;32.99;32.99;500
20160120 135600;32.734;32.9;32.71;32.9;1710
20160120 135700;33.23;33.23;33.23;33.23;500
20160120 135800;33.2;33.2;32.98;32.98;800
20160120 140200;33.1199;33.12;33.096;33.096;900
20160120 140400;33.41;33.41;33.36;33.36;350
20160120 140500;33.61;33.61;33.61;33.61;400
20160120 140600;33.57;33.58;33.57;33.58;703
20160120 140700;33.4299;33.4299;33.25;33.25;750
20160120 141000;33.55;33.55;33.42;33.42;1550
20160120 141100;33.1453;33.1453;33.1453;33.1453;400
20160120 141400;32.57;32.57;32.55;32.55;300
20160120 141500;32.61;32.61;32.61;32.61;100
20160120 141600;32.97;32.99;32.935;32.99;300
20160120 142000;32.4001;32.4001;32.4001;32.4001;100
20160120 142300;32.4901;32.66;32.4901;32.66;400
20160120 142400;32.8;32.814;32.8;32.814;800
20160120 142600;32.664;32.664;32.664;32.664;300
20160120 142700;32.89;32.89;32.89;32.89;100
20160120 143400;33.59;33.59;33.59;33.59;500
20160120 143500;33.6684;33.6684;33.4;33.4;670
20160120 143600;33.4;33.4;33.4;33.4;100
20160120 143700;33.4368;33.53;33.4368;33.53;300
20160120 143800;33.5999;33.5999;33.5999;33.5999;500
20160120 143900;33.4;33.4;33.4;33.4;119
20160120 145300;32.8;32.8;32.8;32.8;1000
20160120 145400;32.7733;32.7733;32.7733;32.7733;150
20160120 145500;32.6201;32.6201;32.6201;32.6201;500
20160120 145700;32.49;32.49;32.49;32.49;300
20160120 145900;32.3;32.3;32.3;32.3;300
20160120 150000;32.53;32.76;32.53;32.76;200
20160120 150600;32.4201;32.4201;32.4201;32.4201;150
20160120 150700;32.28;32.28;32.28;32.28;100
20160120 151000;32;32;32;32;1203
20160120 151100;31.8101;31.8101;31.8101;31.8101;300
20160120 151600;31.56;31.56;31.56;31.56;100
20160120 151700;31.51;31.51;31.3;31.3;1400
20160120 151800;31.184;31.184;31.15;31.15;200
20160120 151900;31.03;31.03;31;31;2400
20160120 152000;30.71;30.71;30.71;30.71;100
20160120 152100;30.5038;30.5038;30.39;30.39;600
20160120 152200;30.41;30.49;30.36;30.36;900
20160120 152300;30.71;30.71;30.71;30.71;100
20160120 152500;30.6046;30.6046;30.6046;30.6046;200
20160120 152600;30.6101;30.6101;30.6101;30.6101;100
20160120 152800;30.7;30.7;30.7;30.7;100
20160120 152900;30.78;30.78;30.78;30.78;200
20160120 153000;30.48;30.5;30.48;30.5;200
20160120 153100;30.52;30.595;30.46;30.595;700
20160120 153400;30.74;30.956;30.74;30.956;800
20160120 153600;31.15;31.1918;31.15;31.1918;800
20160120 154100;31.08;31.08;31.08;31.08;500
20160120 154400;31.51;31.51;31.51;31.51;250
20160120 154500;31.73;31.74;31.7126;31.7126;700
20160120 154600;32;32.12;32;32.073;1200
20160120 154800;32.18;32.32;32.17;32.32;460
20160120 155100;32.18;32.18;32.15;32.15;800
20160120 155200;32.26;32.26;32.26;32.26;100
20160120 155500;31.59;31.59;31.59;31.59;100
20160120 155600;31.73;31.73;31.73;31.73;100
20160120 155700;31.77;31.77;31.77;31.77;100
20160120 155800;31.66;31.66;31.66;31.66;100
20160120 155900;31.66;31.66;31.66;31.66;154
20160120 160000;31.77;31.99;31.77;31.99;556
20160121 092800;32.51;32.51;32.51;32.51;200
20160121 093100;32.96;33.5;32.96;33.5;4000
20160121 093200;33.304;33.4;33.29;33.4;700
20160121 093300;33.488;33.71;33.488;33.71;700
20160121 093600;33.4;33.4;33.2101;33.2101;870
20160121 093700;33.15;33.15;33.15;33.15;300
20160121 093800;32.98;32.98;32.98;32.98;100
20160121 093900;33.21;33.21;33.21;33.21;150
20160121 094200;33.31;33.31;33.31;33.31;200
20160121 094500;33.46;33.46;33.46;33.46;800
20160121 094700;34;34;34;34;1200
20160121 094800;33.94;33.94;33.94;33.94;1500
20160121 094900;34.007;34.007;33.85;33.85;600
20160121 095100;33.71;33.93;33.71;33.93;400
20160121 095300;33.93;33.93;33.92;33.92;1230
20160121 095500;33.27;33.27;33;33;900
20160121 095600;33;33;32.64;32.64;800
20160121 095800;32.611;32.611;32.611;32.611;100
20160121 100200;32.58;32.58;32.55;32.55;400
20160121 100300;32.67;32.67;32.67;32.67;200
20160121 100400;32.238;32.2387;32.21;32.2387;900
20160121 100500;32.2;32.2;32.0693;32.0693;1300
20160121 100600;32;32.06;31.922;32.06;2050
20160121 100800;31.86;32;31.86;32;700
20160121 100900;31.94;31.94;31.94;31.94;200
20160121 101100;31.595;31.595;31.2001;31.2001;1450
20160121 101300;31.6332;31.6332;31.516;31.516;655
20160121 101400;31.34;31.34;31.26;31.26;299
20160121 101700;31.36;31.36;31.36;31.36;100
20160121 101800;31.49;31.49;31.49;31.49;200
20160121 102100;31.4601;31.4601;31.4601;31.4601;100
20160121 102200;31.78;31.78;31.78;31.78;100
20160121 102300;31.89;32.03;31.88;32.03;700
20160121 102400;32.2372;32.2372;32.1692;32.1692;900
20160121 102500;32.3799;32.3799;32.3799;32.3799;400
20160121 102800;32.44;32.44;32.33;32.33;200
20160121 102900;32;32;32;32;200
20160121 103000;31.954;32.11;31.954;32.1089;1350
20160121 103100;32.0676;32.0676;32.0676;32.0676;100
20160121 103500;32;32;32;32;100
20160121 103600;31.9394;31.9394;31.9394;31.9394;300
20160121 103700;32.5;32.5;32.5;32.5;500
20160121 105100;32.33;32.33;32.33;32.33;100
20160121 105200;32.49;32.49;32.49;32.49;100
20160121 110100;33;33.09;33;33.09;1500
20160121 110200;33.2275;33.2275;33.09;33.09;1300
20160121 110300;32.8;32.8;32.8;32.8;100
20160121 110600;32.5;32.5;32.5;32.5;200
20160121 111000;32.58;32.58;32.58;32.58;100
20160121 111500;32.51;32.51;32.51;32.51;1000
20160121 112400;32.86;32.86;32.86;32.86;500
20160121 112500;32.9;32.9;32.9;32.9;150
20160121 112600;33.026;33.026;33.026;33.026;350
20160121 113100;33.4699;33.4699;33.4699;33.4699;100
20160121 113300;33.14;33.14;33.14;33.14;200
20160121 113400;33.5;33.5;33.49;33.49;700
20160121 113600;33.22;33.22;33.22;33.22;100
20160121 113800;33.1699;33.1699;32.996;32.996;600
20160121 114200;32.97;32.97;32.97;32.97;200
20160121 120200;32.17;32.175;32.17;32.17;1000
20160121 120400;32.1;32.1;32.1;32.1;200
20160121 120500;32;32;31.88;31.88;1262
20160121 120600;31.86;31.96;31.86;31.96;700
20160121 121000;31.77;31.77;31.77;31.77;100
20160121 121100;31.95;31.95;31.95;31.95;100
20160121 121300;32.12;32.12;32.12;32.12;500
20160121 121400;31.93;31.93;31.93;31.93;400
20160121 121700;32;32;32;32;100
20160121 122700;32.35;32.35;32.35;32.35;300
20160121 124700;32.81;32.81;32.81;32.81;100
20160121 124900;32.77;32.77;32.77;32.77;450
20160121 125100;32.56;32.56;32.56;32.56;100
20160121 125300;32.6301;32.6301;32.6301;32.6301;500
20160121 130800;32.32;32.32;32.32;32.32;100
20160121 131100;32.19;32.19;32.19;32.19;100
20160121 131200;32.2;32.2;32.2;32.2;100
20160121 133100;32.86;32.86;32.86;32.86;300
20160121 133300;33;33;33;33;1300
20160121 133500;33.29;33.34;33.29;33.34;400
20160121 133700;33.06;33.08;33;33;1200
20160121 133900;32.95;32.95;32.95;32.95;100
20160121 134200;33.05;33.05;33.05;33.05;100
20160121 134600;32.92;32.92;32.92;32.92;100
20160121 135200;33.27;33.27;33.27;33.27;100
20160121 140000;33.31;33.31;33.19;33.2278;800
20160121 140200;33.37;33.37;33.37;33.37;100
20160121 141000;33.48;33.48;33.46;33.46;200
20160121 141200;33.62;33.62;33.62;33.62;200
20160121 141800;33.9126;33.9126;33.9126;33.9126;1000
20160121 141900;34;34;33.9945;34;1500
20160121 142100;33.8;33.8;33.8;33.8;100
20160121 142800;34;34;34;34;300
20160121 143200;33.52;33.52;33.34;33.34;200
20160121 143500;33.52;33.52;33.52;33.52;200
20160121 143600;33.69;33.69;33.69;33.69;300
20160121 143700;33.63;33.63;33.63;33.63;200
20160121 144300;33.35;33.35;33.35;33.35;100
20160121 144400;33.35;33.35;33.35;33.35;700
20160121 144500;33.3979;33.3979;33.3979;33.3979;100
20160121 145100;33.88;33.88;33.88;33.88;100
20160121 145400;33.84;33.84;33.84;33.84;100
20160121 145700;33.36;33.36;33.36;33.36;300
20160121 150000;33.27;33.27;33.2;33.2;550
20160121 150700;33.64;33.64;33.64;33.64;200
20160121 150800;33.78;33.84;33.78;33.83;400
20160121 151100;33.71;33.71;33.71;33.71;490
20160121 151600;33.77;33.77;33.77;33.77;100
20160121 151700;33.81;33.81;33.81;33.81;100
20160121 152100;33.85;33.85;33.85;33.85;200
20160121 152300;33.83;33.83;33.83;33.83;100
20160121 152700;33.71;33.71;33.71;33.71;100
20160121 152800;33.6901;33.6901;33.6901;33.6901;374
20160121 153200;33.54;33.54;33.54;33.54;400
20160121 153400;33.31;33.39;33.31;33.39;599
20160121 154600;33.21;33.21;33.21;33.21;100
20160121 154700;33.23;33.23;33.23;33.23;300
20160121 155000;33.47;33.47;33.47;33.47;100
20160121 155200;33.58;33.58;33.58;33.58;110
20160121 155300;33.66;33.66;33.6;33.6;508
20160121 155600;33.59;33.59;33.59;33.59;100
20160121 155900;33.7789;33.79;33.74;33.79;1200
20160121 160000;33.81;34.08;33.81;34.08;400
20160121 165000;34;34;34;34;30
20160122 084100;31.99;32;31.99;32;1000
20160122 085900;31.8;31.8;31.8;31.8;100
20160122 090000;31.8;31.8;31.8;31.8;100
20160122 092800;31.84;31.89;31.8;31.8;1287
20160122 092900;31.49;31.49;31.49;31.49;100
20160122 093000;31.68;31.68;31.68;31.68;4
20160122 093100;31.36;31.67;31.33;31.67;1100
20160122 093600;32.043;32.043;32.043;32.043;1000
20160122 093700;32.09;32.09;31.83;31.9499;5000
20160122 093800;31.93;31.93;31.73;31.73;300
20160122 093900;32.1;32.1;32.1;32.1;100
20160122 094000;32.25;32.2885;32.25;32.25;2460
20160122 094100;32.578;32.578;32.578;32.578;150
20160122 094300;32.684;32.9168;32.684;32.9168;1200
20160122 094400;32.812;32.812;32.812;32.812;200
20160122 094500;32.2613;32.3;32.241;32.241;2250
20160122 094600;32.22;32.27;32.22;32.27;376
20160122 094900;32.61;32.61;32.61;32.61;224
20160122 095000;32.48;32.48;32.48;32.48;100
20160122 095300;31.98;31.99;31.98;31.99;200
20160122 095500;31.5807;31.5807;31.58;31.58;1100
20160122 095600;31.3;31.3;31.3;31.3;300
20160122 095800;31.3001;31.3001;31.3;31.3;1200
20160122 095900;31;31;31;31;1000
20160122 100900;31.32;31.32;31.32;31.32;200
20160122 101100;31;31;30.92;30.92;400
20160122 101600;30.88;30.88;30.75;30.75;200
20160122 101700;30.5;30.5;30.5;30.5;100
20160122 101900;30.5;30.5176;30.5;30.5;1200
20160122 102000;30.82;30.88;30.82;30.88;700
20160122 102100;30.9801;30.9801;30.9801;30.9801;100
20160122 102200;31.1065;31.1065;31.1065;31.1065;100
20160122 102300;31.1251;31.1251;31.1251;31.1251;900
20160122 102400;31.02;31.02;31.02;31.02;500
20160122 102500;30.81;30.858;30.81;30.858;1600
20160122 102600;30.98;30.98;30.97;30.97;300
20160122 102700;31.08;31.15;31.08;31.15;700
20160122 102900;31.4199;31.4199;31.4199;31.4199;100
20160122 103000;31.4099;31.4099;31.4099;31.4099;1000
20160122 103300;30.94;30.94;30.94;30.94;200
20160122 103700;31.46;31.46;31.46;31.46;100
20160122 104000;31.53;31.54;31.53;31.54;200
20160122 104100;31.2295;31.2295;31.2295;31.2295;100
20160122 104200;31.2061;31.2061;31.2061;31.2061;108
20160122 104400;31.17;31.17;31.17;31.17;100
20160122 104500;31.15;31.15;31.15;31.15;150
20160122 104600;31.61;31.61;31.61;31.61;100
20160122 104800;31.66;31.66;31.65;31.65;200
20160122 105200;31.5;31.5;31.5;31.5;100
20160122 105600;31.8499;31.8499;31.8499;31.8499;3000
20160122 110500;31.911;32;31.904;32;3500
20160122 111000;31.99;31.99;31.99;31.99;200
20160122 111100;31.9994;32;31.9994;32;400
20160122 111300;31.92;31.92;31.92;31.92;100
20160122 111500;31.71;31.71;31.7;31.7;200
20160122 111700;31.7401;31.7401;31.7401;31.7401;100
20160122 112400;31.4;31.4;31.4;31.4;100
20160122 113000;31.14;31.23;31.14;31.23;600
20160122 113300;31.2;31.2;31.2;31.2;100
20160122 114200;31.4698;31.4698;31.4698;31.4698;500
20160122 114400;31.6;31.6;31.6;31.6;100
20160122 114700;31.655;31.655;31.655;31.655;1000
20160122 114800;31.7;31.96;31.7;31.84;824
20160122 114900;31.8266;31.91;31.8215;31.91;3100
20160122 120000;31.82;31.82;31.82;31.82;200
20160122 120900;31.57;31.57;31.57;31.57;100
20160122 121000;31.71;31.71;31.71;31.71;200
20160122 121600;31.43;31.57;31.43;31.5;4422
20160122 121900;31.3999;31.3999;31.3999;31.3999;100
20160122 122100;31.24;31.24;31.2;31.2252;2320
20160122 122200;31.39;31.39;31.39;31.39;100
20160122 122700;31.25;31.25;31.25;31.25;200
20160122 123600;31.6101;31.6101;31.6101;31.6101;100
20160122 123800;31.6499;31.6499;31.6499;31.6499;500
20160122 124700;31.39;31.39;31.39;31.39;100
20160122 125900;31;31;31;31;750
20160122 130100;31.08;31.08;31.08;31.08;200
20160122 131400;31.5142;31.558;31.51;31.558;1700
20160122 131700;31.29;31.29;31.29;31.29;200
20160122 131900;31.26;31.26;31.25;31.25;200
20160122 133700;31.41;31.41;31.41;31.41;200
20160122 135500;31;31;31;31;250
20160122 135800;30.9;30.9;30.9;30.9;495
20160122 140100;30.96;30.96;30.96;30.96;1500
20160122 140300;31.07;31.07;31.07;31.07;250
20160122 140600;31.0599;31.0599;31.033;31.033;1900
20160122 140900;30.8;30.8;30.8;30.8;100
20160122 141100;30.75;30.75;30.75;30.75;100
20160122 141800;30.58;30.58;30.58;30.58;466
20160122 142000;30.66;30.66;30.66;30.66;100
20160122 142300;30.8;30.8;30.8;30.8;100
20160122 143000;30.85;30.85;30.85;30.85;100
20160122 143400;30.85;30.8501;30.85;30.85;766
20160122 143500;30.7693;30.7693;30.7693;30.7693;200
20160122 143700;30.93;30.93;30.93;30.93;800
20160122 143800;30.96;30.96;30.96;30.96;100
20160122 143900;31.05;31.05;31.04;31.04;200
20160122 144000;31.1304;31.1304;31.1304;31.1304;467
20160122 144200;31.17;31.17;31.17;31.17;100
20160122 144400;31.19;31.19;31.19;31.19;100
20160122 144700;31.04;31.04;31.04;31.04;100
20160122 145500;31;31.02;31;31.02;200
20160122 150100;31.03;31.037;31.03;31.037;1000
20160122 150800;31.15;31.15;31.15;31.15;119
20160122 151600;31.44;31.44;31.44;31.44;100
20160122 152700;31.5699;31.5699;31.5699;31.5699;500
20160122 153100;31.34;31.34;31.34;31.34;100
20160122 154200;31.2;31.2;31.2;31.2;200
20160122 155000;30.91;30.9101;30.91;30.91;700
20160122 155100;30.9264;30.98;30.9264;30.93;855
20160122 155200;30.94;30.94;30.94;30.94;200
20160122 155900;30.7001;30.74;30.7001;30.74;256
20160122 160000;30.7453;30.76;30.7453;30.76;700
20160125 093200;31.66;31.66;31.66;31.66;500
20160125 093300;31.5;31.5;31.5;31.5;100
20160125 093400;31.4361;31.4361;31.4361;31.4361;300
20160125 093500;31.51;31.51;31.51;31.51;100
20160125 093600;31.51;31.51;31.51;31.51;100
20160125 093800;31.6001;31.6001;31.6001;31.6001;456
20160125 093900;31.72;31.72;31.72;31.72;100
20160125 094000;31.5201;31.5201;31.5201;31.5201;1000
20160125 094100;31.2201;31.5388;31.2201;31.5388;2900
20160125 094200;31.33;31.33;31.3;31.3;200
20160125 094300;31.1085;31.109;31.1085;31.109;452
20160125 094500;30.98;30.98;30.98;30.98;100
20160125 094700;30.708;30.708;30.708;30.708;150
20160125 094800;30.915;30.915;30.915;30.915;200
20160125 095000;30.6699;30.6699;30.6687;30.6687;500
20160125 095100;30.5;30.5;30.5;30.5;1000
20160125 095200;30.52;30.52;30.52;30.52;100
20160125 095400;30.83;30.83;30.83;30.83;140
20160125 095600;30.92;30.92;30.92;30.92;200
20160125 100100;31.2701;31.2701;31.2701;31.2701;452
20160125 100400;30.83;30.83;30.83;30.83;100
20160125 100500;30.8399;30.8399;30.8399;30.8399;459
20160125 100600;30.83;30.83;30.7;30.7;1000
20160125 101500;30.67;30.67;30.67;30.67;198
20160125 101800;30.5101;30.5101;30.5101;30.5101;500
20160125 101900;30.51;30.51;30.51;30.51;100
20160125 102100;30.57;30.57;30.57;30.57;200
20160125 102200;30.57;30.57;30.57;30.57;200
20160125 102900;30.76;30.76;30.76;30.76;100
20160125 103100;30.58;30.58;30.58;30.58;100
20160125 103900;30.574;30.574;30.574;30.574;100
20160125 104200;30.7;30.7;30.7;30.7;1000
20160125 104900;30.51;30.51;30.51;30.51;200
20160125 110400;30.75;30.7799;30.75;30.7799;1300
20160125 111000;30.7;30.7;30.7;30.7;150
20160125 111900;30.59;30.69;30.59;30.69;200
20160125 112300;30.5;30.5;30.5;30.5;1500
20160125 112900;30.48;30.48;30.48;30.48;300
20160125 113200;30.58;30.58;30.58;30.58;100
20160125 113300;30.7599;30.7599;30.69;30.69;489
20160125 115100;30.35;30.35;30.3299;30.3299;400
20160125 115400;30.1;30.1;30.1;30.1;311
20160125 120400;30.39;30.39;30.38;30.38;200
20160125 121400;30.41;30.41;30.41;30.41;100
20160125 124100;30.43;30.43;30.43;30.43;100
20160125 130700;30.32;30.32;30.32;30.32;100
20160125 133100;30.4301;30.4301;30.4301;30.4301;459
20160125 133400;30.3199;30.3199;30.3199;30.3199;460
20160125 134200;30.5115;30.5177;30.5115;30.5177;460
20160125 134600;30.77;30.77;30.77;30.77;457
20160125 135200;30.8959;30.8959;30.8959;30.8959;500
20160125 135300;30.8701;30.8701;30.8701;30.8701;457
20160125 135400;30.96;30.96;30.96;30.96;262
20160125 135500;31.07;31.07;31.0699;31.0699;450
20160125 135600;31.1;31.1;31.1;31.1;100
20160125 135800;31.09;31.09;31.09;31.09;100
20160125 140100;31.1601;31.1601;31.1601;31.1601;450
20160125 140700;30.9499;30.9499;30.9499;30.9499;457
20160125 141100;31.1215;31.1215;31.1215;31.1215;457
20160125 142100;31.2501;31.2501;31.2501;31.2501;300
20160125 142300;31.3;31.3;31.3;31.3;100
20160125 142600;31.39;31.5;31.39;31.5;600
20160125 142700;31.5;31.5;31.5;31.5;1000
20160125 142900;31.42;31.42;31.36;31.36;200
20160125 143100;31.37;31.37;31.37;31.37;100
20160125 143900;31.32;31.32;31.22;31.22;300
20160125 144600;31.36;31.36;31.36;31.36;200
20160125 144800;31.28;31.287;31.28;31.287;2200
20160125 144900;31.28;31.28;31.28;31.28;100
20160125 145000;31.36;31.39;31.36;31.37;1240
20160125 145400;31.33;31.33;31.33;31.33;200
20160125 145700;31.17;31.17;31.17;31.17;100
20160125 150300;30.69;30.69;30.69;30.69;100
20160125 150700;31.07;31.07;31.05;31.05;200
20160125 151000;31.16;31.16;31.16;31.16;100
20160125 151600;31.67;31.67;31.67;31.67;100
20160125 151800;31.7;31.7;31.7;31.7;440
20160125 152000;31.6601;31.6601;31.62;31.62;2600
20160125 152100;31.8;31.8;31.76;31.7601;1300
20160125 152200;31.76;31.97;31.75;31.97;14600
20160125 152300;32;32.07;32;32.07;3600
20160125 152400;31.93;32.13;31.93;32.13;500
20160125 152500;32.15;32.22;32.15;32.2036;1300
20160125 152600;32.14;32.14;31.89;31.89;200
20160125 152800;31.89;31.89;31.73;31.73;400
20160125 153100;31.79;31.88;31.79;31.88;1700
20160125 153200;31.93;31.96;31.93;31.96;1000
20160125 153300;32.04;32.04;32.04;32.04;100
20160125 153400;31.84;31.84;31.84;31.84;100
20160125 153800;32.14;32.14;32.14;32.14;200
20160125 154100;32.1;32.1;32.1;32.1;100
20160125 154200;32.1;32.12;32.1;32.12;400
20160125 154400;31.92;31.92;31.92;31.92;300
20160125 154700;32.04;32.04;32.04;32.04;375
20160125 154800;32.1899;32.1899;32.1899;32.1899;500
20160125 155100;32.06;32.13;32.06;32.13;3300
20160125 155200;32.18;32.18;32.18;32.18;160
20160125 155500;32.02;32.02;32.02;32.02;100
20160125 155700;32.34;32.34;32.34;32.34;100
20160125 155900;32.32;32.34;32.32;32.34;330
20160125 160000;32.3;32.3026;32.27;32.29;2376
20160125 192600;33;33;32.65;32.65;320
20160125 192800;32.98;32.98;32.98;32.98;180
20160126 092800;31.8;31.8;31.8;31.8;700
20160126 093000;31.85;31.88;31.85;31.88;300
20160126 093100;32.05;32.05;31.939;31.939;371
20160126 093200;32.09;32.09;32.09;32.09;100
20160126 093300;32.22;32.22;32.1728;32.1728;400
20160126 093400;32.34;32.5;32.34;32.5;400
20160126 093500;32.56;32.56;32.56;32.56;100
20160126 093600;32.45;32.45;32.45;32.45;400
20160126 093700;32.78;32.78;32.78;32.78;100
20160126 093800;33;33.01;32.8;33;2100
20160126 093900;33.02;33.02;32.82;32.82;400
20160126 094100;32.98;32.98;32.8168;32.8168;200
20160126 094200;32.74;32.74;32.74;32.74;100
20160126 094300;33.17;33.17;33.17;33.17;200
20160126 094400;33.32;33.32;33.3;33.3;300
20160126 094500;33.3044;33.3044;33.18;33.2;3500
20160126 094700;33.284;33.35;33.284;33.35;600
20160126 094800;33.29;33.29;33.29;33.29;300
20160126 094900;33.4;33.4;33.4;33.4;300
20160126 095000;33.73;33.77;33.73;33.77;2300
20160126 095100;34;34;34;34;1000
20160126 095200;34.09;34.2;34.08;34.19;2600
20160126 095300;34.2;34.4;34.2;34.4;9000
20160126 095400;34.59;34.6;34.59;34.6;3000
20160126 095500;34.6;34.6;34.26;34.42;8200
20160126 095600;34.32;34.32;34.2;34.24;3000
20160126 095700;34.3599;34.63;34.3599;34.63;1200
20160126 095800;34.54;34.58;34.53;34.53;600
20160126 095900;34.78;34.78;34.78;34.78;100
20160126 100100;34.65;34.65;34.09;34.09;6700
20160126 100300;34.2;34.22;34.12;34.197;1800
20160126 100400;34.2;34.2;34.2;34.2;100
20160126 100500;34.2;34.2;34.1;34.2;500
20160126 100600;34;34;33.82;33.8201;1400
20160126 100700;33.8;33.85;33.8;33.85;1000
20160126 100800;33.8;33.8;33.8;33.8;300
20160126 100900;33.45;33.45;33.45;33.45;1000
20160126 101000;33.1201;33.25;33.1201;33.25;2100
20160126 101100;33.15;33.15;33;33;2700
20160126 101500;33.25;33.25;33.25;33.25;300
20160126 101600;33.25;33.25;33.25;33.25;100
20160126 102000;33.25;33.25;33.2001;33.2001;640
20160126 102100;33.48;33.48;33.48;33.48;4000
20160126 102200;33.5089;33.5089;33.5089;33.5089;100
20160126 102400;33.35;33.35;33.27;33.35;1100
20160126 102600;33.32;33.32;33;33;2000
20160126 102700;33;33;33;33;322
20160126 102800;33.26;33.27;33.26;33.27;300
20160126 102900;33.35;33.35;33.21;33.2299;2580
20160126 103200;33.37;33.37;33.37;33.37;1000
20160126 103300;33.3502;33.43;33.3502;33.43;1250
20160126 103400;33.53;33.56;33.53;33.56;800
20160126 103500;33.5;33.5;33.42;33.5;1300
20160126 103700;33.2;33.2;33.1;33.1;800
20160126 103800;32.86;32.9001;32.86;32.86;2000
20160126 103900;32.71;32.71;32.68;32.68;1000
20160126 104000;32.78;32.86;32.77;32.86;617
20160126 104100;32.91;32.91;32.9;32.9;200
20160126 104200;33.02;33.02;33.02;33.02;500
20160126 104300;32.85;32.85;32.85;32.85;700
20160126 104400;32.93;32.93;32.93;32.93;300
20160126 104500;32.85;32.85;32.85;32.85;400
20160126 104700;33.4;33.4;33.4;33.4;1600
20160126 104900;33.18;33.18;33.18;33.18;100
20160126 105000;33.19;33.2;33.19;33.2;600
20160126 105100;33.18;33.18;33.18;33.18;200
20160126 105300;33.52;33.52;33.52;33.52;100
20160126 105400;33.65;33.65;33.65;33.65;100
20160126 105700;33.41;33.41;33.41;33.41;100
20160126 105800;33.49;33.49;33.49;33.49;250
20160126 110000;33.52;33.67;33.51;33.67;1600
20160126 110100;33.5814;33.5814;33.5814;33.5814;300
20160126 110200;33.599;33.599;33.599;33.599;200
20160126 110300;33.37;33.37;33.37;33.37;300
20160126 110400;33.17;33.18;33.17;33.18;200
20160126 110600;32.85;32.85;32.85;32.85;300
20160126 110900;33.16;33.16;33.16;33.16;100
20160126 112900;33.19;33.19;33.19;33.19;100
20160126 113100;33.26;33.26;33.26;33.26;400
20160126 113700;33.27;33.27;33.26;33.26;200
20160126 113800;33.14;33.14;33.14;33.14;300
20160126 113900;33.33;33.33;33.33;33.33;300
20160126 114000;33.35;33.35;33.34;33.34;300
20160126 121100;32.67;32.67;32.67;32.67;100
20160126 121900;32.9199;32.9199;32.9199;32.9199;270
20160126 122400;32.55;32.55;32.55;32.55;100
20160126 123700;32.24;32.24;32.22;32.22;670
20160126 124000;32.29;32.29;32.29;32.29;100
20160126 125800;32.39;32.39;32.39;32.39;100
20160126 130400;32;32;32;32;1000
20160126 130500;31.95;31.95;31.95;31.95;500
20160126 130600;32;32.07;32;32.07;200
20160126 131500;32.06;32.07;32.06;32.06;3600
20160126 131600;32.07;32.07;32.05;32.05;7535
20160126 132400;32.1599;32.1599;32.1599;32.1599;100
20160126 132500;32.09;32.1;32.06;32.06;9100
20160126 132700;32.125;32.125;32.125;32.125;280
20160126 132900;31.86;31.86;31.86;31.86;300
20160126 133300;31.78;31.78;31.78;31.78;300
20160126 133600;31.81;31.81;31.81;31.81;100
20160126 134000;32.03;32.03;31.9985;31.9985;500
20160126 134200;31.94;31.94;31.94;31.94;200
20160126 134600;32.1;32.15;32.02;32.03;3900
20160126 134700;32.06;32.06;32.06;32.06;200
20160126 134800;32.13;32.3;32.1;32.21;3800
20160126 135700;32.25;32.25;32.15;32.15;400
20160126 140800;32.54;32.54;32.5097;32.5097;1500
20160126 140900;32.4;32.48;32.4;32.48;5300
20160126 141000;32.42;32.42;32.42;32.42;100
20160126 141200;32.37;32.37;32.37;32.37;4000
20160126 141700;32.1641;32.1641;32.1641;32.1641;300
20160126 142700;32.26;32.26;32.26;32.26;200
20160126 143700;32.776;32.776;32.776;32.776;350
20160126 143800;33;33.01;33;33.01;1100
20160126 143900;32.955;32.955;32.955;32.955;200
20160126 144500;32.6995;32.6995;32.6995;32.6995;350
20160126 144900;32.95;32.95;32.95;32.95;100
20160126 145000;32.94;32.98;32.94;32.98;6380
20160126 150500;32.88;32.88;32.88;32.88;100
20160126 150600;32.98;33;32.98;33;4000
20160126 150800;32.8635;32.8635;32.8635;32.8635;350
20160126 152000;33;33;33;33;200
20160126 152300;32.9;32.97;32.9;32.97;300
20160126 153000;32.91;32.91;32.91;32.91;300
20160126 153100;32.9389;32.9389;32.9389;32.9389;100
20160126 153300;32.97;32.97;32.97;32.97;100
20160126 153800;32.94;32.94;32.9;32.9;200
20160126 153900;32.9805;32.9805;32.9805;32.9805;200
20160126 154000;32.8;32.8;32.8;32.8;100
20160126 154100;32.86;32.86;32.86;32.86;201
20160126 154200;32.72;32.72;32.63;32.63;200
20160126 154300;32.62;32.62;32.62;32.62;300
20160126 154500;32.468;32.468;32.4;32.468;1550
20160126 154600;32.36;32.57;32.36;32.51;1100
20160126 155000;32.7;32.7;32.7;32.7;200
20160126 155100;32.79;32.79;32.79;32.79;100
20160126 155300;32.68;32.68;32.66;32.66;300
20160126 155600;32.81;32.81;32.81;32.81;500
20160126 155700;32.78;32.78;32.75;32.75;400
20160126 155800;32.79;32.79;32.77;32.77;300
20160126 155900;32.65;32.65;32.65;32.65;619
20160126 160000;32.65;32.71;32.65;32.71;700
20160127 073000;32.55;32.55;32.55;32.55;500
20160127 092800;32.17;32.17;32.17;32.17;100
20160127 092900;32.34;32.34;32.34;32.34;100
20160127 093100;32;32.02;31.91;31.91;1400
20160127 093200;32.32;32.32;32.32;32.32;200
20160127 093300;32.48;32.48;32.48;32.48;500
20160127 093600;31.66;31.66;31.4;31.4;900
20160127 093800;32.07;32.07;32.07;32.07;100
20160127 094700;32.6;32.6;32.6;32.6;200
20160127 094800;32.73;32.73;32.58;32.58;300
20160127 095000;33;33;33;33;700
20160127 095100;32.94;33;32.9;33;1300
20160127 095400;32.8;32.8;32.8;32.8;500
20160127 095600;33.16;33.2;33.16;33.2;900
20160127 095700;33.17;33.19;33.17;33.19;200
20160127 095800;33.31;33.41;33.31;33.41;200
20160127 095900;33.5399;33.5399;33.5399;33.5399;100
20160127 100000;33.562;33.562;33.562;33.562;360
20160127 100100;33.74;33.74;33.73;33.73;200
20160127 100200;33.9;33.9;33.71;33.71;1300
20160127 100700;34;34;34;34;1000
20160127 100800;34.0536;34.0536;34.0536;34.0536;100
20160127 100900;33.9701;33.9701;33.9701;33.9701;600
20160127 101000;34;34.12;34;34.12;300
20160127 101300;34.1428;34.1428;34.1428;34.1428;100
20160127 101500;34.095;34.095;34.095;34.095;500
20160127 101800;33.91;33.91;33.91;33.91;400
20160127 102000;33.99;34.0159;33.99;34.0159;961
20160127 102200;34;34.12;34;34.12;1100
20160127 102600;34.27;34.27;34.27;34.27;300
20160127 103000;34.05;34.05;34.04;34.04;900
20160127 103100;34.19;34.23;34.19;34.23;400
20160127 103400;34.0466;34.0466;33.97;33.97;350
20160127 103900;33.59;33.59;33.55;33.55;600
20160127 105200;33.1689;33.1689;33.1689;33.1689;300
20160127 105300;33.23;33.23;33.23;33.23;100
20160127 105500;33;33;33;33;1000
20160127 105600;32.76;32.82;32.76;32.82;300
20160127 111700;33.4299;33.43;33.4299;33.43;4401
20160127 111900;33.23;33.23;33.23;33.23;100
20160127 112200;33.2201;33.2201;33.2201;33.2201;350
20160127 112600;33.52;33.52;33.52;33.52;100
20160127 114300;32.98;32.98;32.98;32.98;200
20160127 114700;32.62;32.62;32.62;32.62;100
20160127 115600;32.8;32.85;32.8;32.85;300
20160127 120000;32.46;32.46;32.46;32.46;100
20160127 120100;32.6899;32.6899;32.6899;32.6899;225
20160127 120700;32.5699;32.5699;32.5699;32.5699;1000
20160127 120900;32.65;32.65;32.55;32.55;500
20160127 121300;32.51;32.51;32.51;32.51;1000
20160127 121500;32.23;32.23;32.23;32.23;100
20160127 121600;32.1601;32.1601;32.1601;32.1601;225
20160127 121700;32.1;32.1;32.1;32.1;300
20160127 121900;32;32;32;32;1000
20160127 122100;32;32;32;32;150
20160127 122200;32.15;32.15;32.15;32.15;300
20160127 122900;32.38;32.38;32.38;32.38;100
20160127 123200;32.4;32.4;32.4;32.4;100
20160127 123300;32.4999;32.4999;32.4999;32.4999;300
20160127 123500;32.5858;32.72;32.5858;32.72;300
20160127 123600;32.73;32.79;32.73;32.79;200
20160127 123700;32.7339;32.7339;32.64;32.64;300
20160127 124300;32.6;32.6;32.6;32.6;100
20160127 124700;32.59;32.59;32.59;32.59;100
20160127 130100;33;33;33;33;1000
20160127 130700;32.98;32.98;32.98;32.98;200
20160127 131000;32.95;32.95;32.94;32.94;1516
20160127 131100;32.79;32.79;32.7086;32.7086;700
20160127 131200;32.81;32.81;32.81;32.81;100
20160127 131400;32.73;32.73;32.73;32.73;100
20160127 131500;32.86;32.89;32.86;32.89;300
20160127 134700;33.18;33.18;33.18;33.18;261
20160127 135300;32.8517;32.8517;32.8517;32.8517;150
20160127 140100;32.77;32.77;32.77;32.77;100
20160127 140300;32.98;33.23;32.97;33.22;1700
20160127 140400;33.12;33.14;32.72;32.72;900
20160127 140500;32.75;32.92;32.75;32.92;300
20160127 140700;33.34;33.34;33.34;33.34;300
20160127 140900;33.54;33.61;33.51;33.61;500
20160127 141000;33.78;33.78;33.78;33.78;100
20160127 141100;33.99;34;33.99;34;600
20160127 141200;34;34;33.98;33.98;1100
20160127 141300;33.7;33.98;33.7;33.942;1300
20160127 141400;33.79;33.79;33.78;33.78;500
20160127 141700;33.87;33.87;33.84;33.84;600
20160127 141800;33.69;33.69;33.69;33.69;100
20160127 142100;33.4578;33.4578;33.4578;33.4578;300
20160127 142300;33.5;33.5;33.5;33.5;189
20160127 142700;33.71;33.71;33.71;33.71;100
20160127 143600;33.91;33.91;33.91;33.91;100
20160127 143800;34.1;34.1;34.1;34.1;100
20160127 144000;34.52;34.52;34.52;34.52;300
20160127 144100;34.71;34.79;34.71;34.79;715
20160127 144200;34.78;34.78;34.65;34.65;400
20160127 144300;34.65;34.65;34.65;34.65;500
20160127 144600;34.55;34.55;34.55;34.55;100
20160127 144700;34.66;34.67;34.65;34.661;400
20160127 144800;34.41;34.41;34.41;34.41;300
20160127 145400;34.77;34.77;34.77;34.77;100
20160127 145700;35;35.07;35;35;1200
20160127 145900;35.29;35.29;35.29;35.29;1000
20160127 150000;35.19;35.29;35.19;35.29;300
20160127 150200;35.5;35.74;35.5;35.74;1150
20160127 150400;35.85;35.85;35.85;35.85;130
20160127 150500;35.87;35.87;35.8;35.86;500
20160127 150600;35.93;36.17;35.93;36.17;1922
20160127 150700;36.17;36.17;36.17;36.17;300
20160127 150800;36.13;36.13;36.11;36.13;400
20160127 151000;35.76;35.76;35.6;35.6;900
20160127 151100;35.65;35.65;35.65;35.65;100
20160127 151300;35.95;35.95;35.95;35.95;200
20160127 151400;36.08;36.13;36.03;36.03;550
20160127 151500;36.17;36.17;36.1417;36.17;800
20160127 151600;36.17;36.27;36.17;36.27;500
20160127 151700;36.1499;36.1499;36.1499;36.1499;100
20160127 151800;36.07;36.07;36.07;36.07;172
20160127 151900;36.21;36.21;36.21;36.21;100
20160127 152000;36.17;36.35;36.17;36.35;400
20160127 152100;36.18;36.18;36.18;36.18;100
20160127 152200;36.255;36.255;36.255;36.255;150
20160127 152600;35.86;35.95;35.85;35.95;3700
20160127 152700;35.8;35.8;35.8;35.8;100
20160127 152800;35.5;35.5;35.5;35.5;100
20160127 153000;35.92;35.92;35.92;35.92;100
20160127 154100;36.09;36.09;36.09;36.09;250
20160127 154400;35.96;36.06;35.96;36.0539;755
20160127 154500;35.91;35.91;35.91;35.91;200
20160127 154600;35.7;35.7;35.63;35.63;200
20160127 154700;35.52;35.6;35.52;35.6;400
20160127 154800;35.62;35.62;35.62;35.62;100
20160127 155000;35.7;35.7;35.7;35.7;200
20160127 155700;35.92;36.036;35.92;35.98;720
20160127 155800;35.99;36;35.9899;35.9899;630
20160127 155900;35.9801;35.9801;35.9801;35.9801;150
20160127 160000;35.93;35.93;35.69;35.72;2400
20160127 161900;35.72;35.72;35.72;35.72;70
20160127 162100;35.72;35.72;35.72;35.72;140
20160128 082300;35.44;35.44;35.44;35.44;25
20160128 092800;34.44;34.8;34.43;34.44;2300
20160128 092900;34.37;34.83;34.37;34.83;3110
20160128 093000;35.99;35.99;34.94;34.94;5400
20160128 093100;34.88;35.57;34.88;35.29;2000
20160128 093200;35.34;35.34;35.24;35.34;1300
20160128 093300;35.57;35.57;35.57;35.57;500
20160128 093400;35.65;35.65;35.43;35.43;500
20160128 093500;35.69;35.69;35.69;35.69;100
20160128 093600;35.74;36.11;35.74;36.11;850
20160128 093700;36.29;36.53;36.29;36.53;950
20160128 093800;36.7;36.7399;36.7;36.7399;200
20160128 093900;36.81;36.9;36.81;36.89;750
20160128 094000;37;37;36.87;36.87;850
20160128 094100;36.89;36.89;36.73;36.73;450
20160128 094300;37.49;37.8;37.49;37.8;4200
20160128 094400;37.86;37.86;37.54;37.54;2333
20160128 094600;37.75;37.8783;37.75;37.8783;450
20160128 094700;37.87;37.87;37.87;37.87;100
20160128 094800;37.4001;37.8;37.4;37.8;4756
20160128 094900;37.8546;37.9633;37.8546;37.9633;250
20160128 095000;38;38.33;38;38.33;1300
20160128 095100;38.4;38.4;38.33;38.33;228
20160128 095200;38.25;38.5;38.25;38.5;2500
20160128 095300;38.45;38.45;38.43;38.43;350
20160128 095400;38.5;38.5;38.06;38.19;1200
20160128 095500;37.99;38.15;37.99;38.14;700
20160128 095600;38.5;38.67;38.5;38.67;950
20160128 095900;38.9299;39.087;38.89;39.087;4177
20160128 100000;38.9899;38.9899;38.875;38.875;2100
20160128 100100;38.95;38.95;38.95;38.95;250
20160128 100300;39.17;39.3;39.17;39.3;350
20160128 100400;39.27;39.27;39.27;39.27;100
20160128 100500;39.4288;39.4288;39.4288;39.4288;250
20160128 100800;39.67;39.6711;39.67;39.6711;400
20160128 101000;39.88;39.88;39.88;39.88;100
20160128 101100;40.0989;40.0989;40.0989;40.0989;200
20160128 101200;40.03;40.03;40.03;40.03;380
20160128 101300;40.22;40.22;40.22;40.22;250
20160128 101400;40.26;40.56;40.26;40.56;550
20160128 101500;40.7099;40.9199;40.7099;40.9199;1700
20160128 101600;40.818;40.818;40.53;40.53;950
20160128 101800;40.95;40.95;40.95;40.95;100
20160128 101900;40.96;40.96;40.96;40.96;350
20160128 102000;40.97;40.97;40.88;40.88;400
20160128 102100;40.898;40.9001;40.898;40.9001;2300
20160128 102200;41.2101;41.2399;41.2101;41.2399;200
20160128 102300;41.1445;41.1445;40.8;40.8;700
20160128 102400;40.7499;40.7499;40.45;40.45;366
20160128 102500;40.39;40.39;40.39;40.39;400
20160128 102600;39.95;39.95;39.91;39.91;1065
20160128 102700;40.26;40.4501;40.26;40.4501;750
20160128 102800;40.43;40.43;40.24;40.24;350
20160128 103000;40.7599;40.7599;40.7599;40.7599;200
20160128 103200;41.26;41.26;41.26;41.26;380
20160128 103300;40.86;40.86;40.86;40.86;100
20160128 103400;41.06;41.06;41.06;41.06;350
20160128 103500;40.86;40.92;40.58;40.6499;604
20160128 103700;40.376;40.51;40.376;40.51;700
20160128 103800;40.38;40.38;40.27;40.34;300
20160128 104000;40.24;40.24;39.76;39.76;665
20160128 104100;39.48;39.48;39.48;39.48;100
20160128 104200;38.9901;38.9901;38.9901;38.9901;100
20160128 104300;39.06;39.06;39;39;600
20160128 104400;39.199;39.199;39.19;39.19;210
20160128 104500;39.3;39.3;39.3;39.3;100
20160128 104600;39.43;39.5801;39.43;39.5801;450
20160128 104700;39.61;39.61;39.61;39.61;875
20160128 105000;39.25;39.29;39.25;39.29;300
20160128 105200;38.9135;38.9135;38.82;38.82;925
20160128 105300;38.78;38.78;38.77;38.77;530
20160128 105400;38.7901;38.7901;38.6601;38.6601;1100
20160128 110100;38.64;38.64;38.64;38.64;100
20160128 110700;37.58;37.58;37.58;37.58;800
20160128 112500;38.0732;38.0732;38.0732;38.0732;500
20160128 112600;37.9901;37.9901;37.9901;37.9901;129
20160128 112900;38.1;38.1;38.1;38.1;100
20160128 113000;38.19;38.19;38.19;38.19;100
20160128 113200;38.63;38.82;38.63;38.82;200
20160128 113300;39.1399;39.1399;39.1399;39.1399;100
20160128 113600;39.3399;39.3399;39.3399;39.3399;119
20160128 114000;39.3;39.3;39.3;39.3;100
20160128 114200;39.4;39.4;39.4;39.4;200
20160128 114400;39.22;39.22;39.21;39.21;200
20160128 115000;38.88;38.88;38.88;38.88;100
20160128 115900;39.11;39.11;39.11;39.11;100
20160128 120100;39.29;39.29;39.29;39.29;100
20160128 121100;39.53;39.53;39.53;39.53;950
20160128 122600;39.13;39.13;39.13;39.13;200
20160128 122800;39.04;39.04;39.04;39.04;100
20160128 122900;38.95;38.95;38.93;38.93;350
20160128 124700;38.8199;38.8199;38.8199;38.8199;500
20160128 124900;38.53;38.53;38.53;38.53;997
20160128 125300;38.7099;38.7099;38.7099;38.7099;250
20160128 125700;38.72;38.81;38.72;38.81;450
20160128 130200;39;39;39;39;100
20160128 130300;39.08;39.08;39.08;39.08;100
20160128 130500;39.15;39.15;39.15;39.15;250
20160128 131500;39;39;39;39;250
20160128 131600;38.9;38.9;38.9;38.9;100
20160128 131700;38.9693;38.9693;38.9693;38.9693;400
20160128 132300;39.8;39.8;39.8;39.8;200
20160128 132400;39.58;39.58;39.58;39.58;100
20160128 133300;39.755;39.755;39.755;39.755;108
20160128 133500;39.7;39.7;39.7;39.7;100
20160128 133600;39.7199;39.7199;39.7199;39.7199;150
20160128 134100;39.21;39.21;39.21;39.21;100
20160128 134500;39.38;39.38;39.34;39.34;200
20160128 134700;39.18;39.18;39.18;39.18;100
20160128 134800;39.3612;39.3612;39.3612;39.3612;100
20160128 135700;39.33;39.33;39.33;39.33;200
20160128 135800;39.08;39.08;39.08;39.08;200
20160128 135900;39.47;39.47;39.47;39.47;100
20160128 142000;39.41;39.41;39.41;39.41;500
20160128 142100;39.47;39.47;39.47;39.47;100
20160128 142300;39.54;39.54;39.54;39.54;100
20160128 142800;39.37;39.37;39.36;39.36;200
20160128 142900;39.3;39.3;39.3;39.3;200
20160128 143000;39.27;39.27;39.27;39.27;100
20160128 143100;38.99;39.0556;38.99;39.0556;208
20160128 143200;39.12;39.12;39.12;39.12;300
20160128 143400;39.31;39.3321;39.26;39.28;8000
20160128 143500;39.26;39.26;39.26;39.26;100
20160128 143800;39.35;39.4;39.3;39.3;600
20160128 144000;39.46;39.46;39.46;39.46;100
20160128 144100;39.47;39.47;39.35;39.35;200
20160128 144300;39.378;39.378;39.3;39.3;450
20160128 144400;39.36;39.36;39.36;39.36;100
20160128 144600;39.5132;39.5132;39.5132;39.5132;200
20160128 144800;39.35;39.35;39.35;39.35;250
20160128 145000;39.78;39.78;39.78;39.78;250
20160128 145100;39.6001;39.6001;39.6001;39.6001;119
20160128 145500;39.7;39.7;39.64;39.64;2900
20160128 145600;39.6;39.7099;39.6;39.7099;450
20160128 145900;39.62;39.62;39.62;39.62;100
20160128 150000;39.69;39.69;39.69;39.69;100
20160128 150100;39.58;39.58;39.58;39.58;100
20160128 150500;39.82;39.82;39.82;39.82;100
20160128 150700;39.75;39.75;39.75;39.75;1100
20160128 151000;39.73;39.73;39.72;39.72;500
20160128 151100;39.72;39.73;39.72;39.73;300
20160128 151300;39.34;39.34;39.34;39.34;700
20160128 151600;39.51;39.51;39.41;39.41;200
20160128 151700;39.41;39.41;39.335;39.3389;2055
20160128 151800;39.31;39.31;39.31;39.31;100
20160128 151900;39.26;39.3247;39.21;39.3247;6000
20160128 152000;39.31;39.37;39.31;39.37;300
20160128 152500;39.31;39.31;39.25;39.25;700
20160128 152600;39.42;39.42;39.42;39.42;135
20160128 152700;39.3;39.3;39.3;39.3;150
20160128 152800;39.33;39.33;39.33;39.33;100
20160128 152900;39.39;39.39;39.39;39.39;100
20160128 153200;39.4399;39.4399;39.4399;39.4399;244
20160128 153300;39.4744;39.4744;39.4744;39.4744;200
20160128 153400;39.53;39.53;39.53;39.53;100
20160128 153500;39.6;39.6;39.6;39.6;250
20160128 154300;39.77;39.77;39.77;39.77;100
20160128 154400;39.56;39.56;39.56;39.56;200
20160128 154600;39.77;39.77;39.77;39.77;100
20160128 154700;39.75;39.75;39.75;39.75;100
20160128 154800;39.78;39.78;39.78;39.78;2200
20160128 155500;39.54;39.54;39.52;39.52;1665
20160128 155600;39.38;39.44;39.38;39.44;300
20160128 155800;39.44;39.44;39.44;39.44;300
20160128 160000;39.57;39.57;39.55;39.55;300
20160128 163400;39.45;39.45;39.45;39.45;300
20160128 164000;39.45;39.45;39.45;39.45;500
20160128 180700;39.45;39.45;39.45;39.45;410
20160128 183000;39.43;39.43;39.43;39.43;200
20160128 192900;39.43;39.43;39.43;39.43;160
20160129 093100;39.855;39.855;39.855;39.855;100
20160129 093200;40.28;40.28;40.23;40.243;767
20160129 093300;40.2832;40.2832;40.2832;40.2832;100
20160129 093400;40.37;40.37;40.37;40.37;100
20160129 093500;40.81;40.81;40.81;40.81;250
20160129 093600;40.58;40.73;40;40;5150
20160129 093800;39.61;39.61;39.37;39.54;1350
20160129 093900;39.374;39.374;39.374;39.374;200
20160129 094000;39.22;39.22;39.06;39.06;300
20160129 094100;39.14;39.34;39.14;39.34;400
20160129 094300;39.26;39.2798;39.26;39.2798;980
20160129 094400;39.17;39.17;39.14;39.14;200
20160129 094600;38.475;38.475;38.475;38.475;160
20160129 094700;38.6592;38.6592;38.52;38.52;200
20160129 094800;38.03;38.03;37.91;37.91;200
20160129 094900;37.99;37.99;37.99;37.99;400
20160129 095000;37.72;37.72;37.72;37.72;200
20160129 095100;37.905;37.905;37.55;37.55;600
20160129 095200;37.497;37.64;37.4501;37.64;1477
20160129 095300;37.82;37.82;37.7611;37.7611;250
20160129 095400;37.98;37.98;37.79;37.79;300
20160129 095500;37.83;37.83;37.83;37.83;150
20160129 095600;37.9801;37.9801;37.9801;37.9801;250
20160129 095900;38.74;38.74;38.74;38.74;100
20160129 100000;38.83;38.83;38.23;38.23;700
20160129 100200;38.323;38.323;38.323;38.323;100
20160129 100300;38.27;38.27;38.27;38.27;250
20160129 100500;38.16;38.16;38.04;38.04;800
20160129 100600;38.06;38.06;38.06;38.06;450
20160129 100900;38.53;38.54;38.53;38.54;200
20160129 101100;38.23;38.23;38.23;38.23;100
20160129 101400;38.19;38.19;38.19;38.19;200
20160129 101600;38.28;38.28;38.28;38.28;250
20160129 101800;37.72;37.72;37.6;37.6;1000
20160129 101900;37.6299;37.6299;37.6299;37.6299;100
20160129 102000;37.45;37.45;37.45;37.45;200
20160129 102700;38.1295;38.1295;38.1295;38.1295;600
20160129 102900;38.27;38.27;38.26;38.26;200
20160129 103100;38.605;38.698;38.605;38.698;850
20160129 103500;38.59;38.86;38.59;38.86;200
20160129 103900;38.79;38.79;38.79;38.79;100
20160129 104000;38.89;39.06;38.89;39.06;500
20160129 104200;38.82;38.82;38.82;38.82;100
20160129 104400;39;39.19;38.97;39.19;700
20160129 104500;39.43;39.43;39.33;39.33;400
20160129 104800;39.4899;39.4899;39.4899;39.4899;100
20160129 105400;39.8;40.06;39.79;40.06;300
20160129 105500;40.25;40.25;40.14;40.14;1100
20160129 105700;39.9278;39.9278;39.9278;39.9278;100
20160129 105900;39.9;40.08;39.9;40;600
20160129 110000;40.1545;40.1545;40.1545;40.1545;100
20160129 110100;40.04;40.04;40.04;40.04;250
20160129 110300;40.15;40.18;40.14;40.18;300
20160129 111000;39.465;39.465;39.465;39.465;200
20160129 111300;39.63;39.63;39.63;39.63;100
20160129 111800;40.08;40.08;40.04;40.08;300
20160129 112000;40.08;40.08;40.08;40.08;642
20160129 112100;40.06;40.06;40.03;40.0499;600
20160129 112400;40.03;40.03;40.03;40.03;100
20160129 113100;40.03;40.03;40.03;40.03;100
20160129 113300;40.2;40.24;40.2;40.24;350
20160129 113900;40.35;40.35;40.2;40.2;500
20160129 114000;40.21;40.21;40.21;40.21;100
20160129 114100;40.09;40.09;40.09;40.09;100
20160129 114200;40.16;40.36;40.16;40.2;700
20160129 114700;40.34;40.34;40.34;40.34;400
20160129 115000;40.6;40.6;40.6;40.6;250
20160129 115100;40.53;40.53;40.44;40.44;300
20160129 115200;40.3664;40.3664;40.3664;40.3664;300
20160129 115300;40.19;40.19;40.09;40.09;450
20160129 115900;40.16;40.16;40.16;40.16;100
20160129 120700;39.52;39.52;39.52;39.52;100
20160129 120900;39.66;39.66;39.66;39.66;100
20160129 121200;39.65;39.65;39.58;39.58;200
20160129 121300;39.76;39.76;39.76;39.76;600
20160129 121600;39.58;39.58;39.56;39.56;200
20160129 122700;39.2935;39.2935;39.2935;39.2935;399
20160129 123100;39.5562;39.5562;39.5562;39.5562;108
20160129 123500;39.55;39.55;39.55;39.55;100
20160129 123600;39.57;39.59;39.57;39.59;400
20160129 123900;39.22;39.22;39.1;39.1;650
20160129 124000;39;39;38.96;38.96;350
20160129 124100;38.995;38.995;38.995;38.995;200
20160129 124600;39.2201;39.2201;39.2201;39.2201;185
20160129 124800;39.2213;39.2213;39.2213;39.2213;130
20160129 130400;39.1;39.13;39.1;39.13;1050
20160129 130600;39.45;39.45;39.45;39.45;200
20160129 131200;39.75;39.75;39.75;39.75;250
20160129 131500;39.796;39.796;39.796;39.796;108
20160129 131900;39.85;39.85;39.85;39.85;100
20160129 132500;39.57;39.5772;39.57;39.5772;1000
20160129 132800;39.58;39.58;39.58;39.58;100
20160129 133200;39.5;39.5;39.5;39.5;100
20160129 133900;39.701;39.701;39.701;39.701;130
20160129 134000;39.97;40;39.96;40;1200
20160129 134200;39.95;39.96;39.78;39.78;700
20160129 134400;39.48;39.48;39.48;39.48;100
20160129 135300;39.53;39.53;39.53;39.53;100
20160129 140200;39.56;39.56;39.56;39.56;100
20160129 140300;39.78;39.82;39.78;39.82;300
20160129 140600;39.89;39.89;39.89;39.89;100
20160129 141000;39.96;40.12;39.96;40.12;300
20160129 141100;39.9487;39.9487;39.9487;39.9487;100
20160129 141500;40.15;40.15;40.15;40.15;100
20160129 141600;40.0546;40.0546;40.0546;40.0546;100
20160129 141700;39.87;39.87;39.87;39.87;100
20160129 142000;39.74;39.74;39.74;39.74;100
20160129 142200;39.58;39.58;39.58;39.58;100
20160129 142400;39.64;39.64;39.64;39.64;400
20160129 144400;39.3;39.3;39.3;39.3;200
20160129 144800;39.3;39.3;39.3;39.3;100
20160129 145100;39.18;39.2256;39.15;39.2256;9000
20160129 145500;39.45;39.45;39.45;39.45;100
20160129 145700;39.5;39.6001;39.49;39.6001;300
20160129 150000;39.62;39.62;39.62;39.62;175
20160129 150100;39.7191;39.7191;39.7191;39.7191;100
20160129 150700;39.63;39.64;39.54;39.63;1610
20160129 151200;39.33;39.33;39.33;39.33;100
20160129 151300;39.29;39.29;39.29;39.29;100
20160129 152000;39.51;39.51;39.51;39.51;100
20160129 152300;39.43;39.43;39.43;39.43;100
20160129 152600;39.35;39.35;39.35;39.35;100
20160129 152700;39.09;39.09;39.09;39.09;500
20160129 152900;38.8;38.8;38.7901;38.7901;400
20160129 153000;38.857;38.857;38.857;38.857;1500
20160129 153100;38.9641;38.9641;38.9641;38.9641;200
20160129 153200;38.81;38.81;38.81;38.81;100
20160129 153300;38.81;38.81;38.81;38.81;100
20160129 153500;38.81;38.81;38.8;38.8;200
20160129 153600;38.83;38.83;38.71;38.71;1100
20160129 153800;38.68;38.68;38.68;38.68;100
20160129 154200;38.76;38.79;38.76;38.79;200
20160129 154400;38.63;38.63;38.63;38.63;1000
20160129 154500;38.55;38.56;38.55;38.56;350
20160129 154700;38.5394;38.5394;38.5394;38.5394;620
20160129 154900;38.5;38.5;38.5;38.5;100
20160129 155000;38.32;38.32;38.32;38.32;100
20160129 155100;38.23;38.23;38.23;38.23;123
20160129 155200;38.06;38.06;38.06;38.06;200
20160129 155300;38.0223;38.0223;38.0223;38.0223;200
20160129 155400;38.07;38.07;38.07;38.07;100
20160129 155600;37.9114;37.9114;37.9114;37.9114;100
20160129 155700;37.88;37.88;37.88;37.88;200
20160129 155900;37.99;38.01;37.99;38.01;290
20160129 160000;38.24;38.24;37.96;37.96;2100
20160201 073600;39.02;39.02;39.02;39.02;500
20160201 091500;38.86;38.87;38.86;38.87;90
20160201 092900;38.94;38.94;38.63;38.93;500
20160201 093100;38.72;38.7489;38.69;38.69;4100
20160201 093200;38.5281;38.54;38.5281;38.54;336
20160201 093300;38.7;38.7;38.7;38.7;100
20160201 093400;38.5;38.59;38.5;38.59;2525
20160201 093500;38.59;38.59;38.58;38.59;1600
20160201 093700;38.7599;38.7599;38.7599;38.7599;100
20160201 093800;38.59;38.59;38.5899;38.5899;200
20160201 094000;37.99;37.99;37.99;37.99;200
20160201 094100;37.76;37.76;37.6028;37.6028;4100
20160201 094200;38.15;38.3033;37.79;37.79;1000
20160201 094300;37.9874;37.9874;37.9874;37.9874;600
20160201 094500;38.2099;38.2099;38.2099;38.2099;100
20160201 094600;38.36;38.36;38.36;38.36;100
20160201 094800;38.5;38.69;38.5;38.69;300
20160201 095300;39.0699;39.0699;39.0699;39.0699;1000
20160201 095900;38.72;38.72;38.615;38.615;500
20160201 100300;39.52;39.52;39.52;39.52;100
20160201 100400;39.79;39.79;39.79;39.79;100
20160201 100500;40;40.0668;39.98;40.0668;1350
20160201 100600;40.18;40.18;39.88;39.88;700
20160201 100900;39.5837;39.5837;39.5837;39.5837;100
20160201 101000;39.29;39.29;39.29;39.29;500
20160201 101200;38.99;38.99;38.99;38.99;100
20160201 101300;38.72;38.94;38.72;38.72;800
20160201 101500;38.475;38.72;38.475;38.72;800
20160201 101600;39.12;39.37;39.12;39.37;500
20160201 101700;39.44;39.44;39.44;39.44;100
20160201 101800;39.14;39.14;39.14;39.14;200
20160201 101900;38.86;38.86;38.86;38.86;100
20160201 102500;38.84;38.84;38.84;38.84;100
20160201 103000;39.15;39.24;39.15;39.24;400
20160201 103300;39.31;39.31;39.31;39.31;100
20160201 103500;39.2687;39.44;39.2687;39.36;600
20160201 103600;39.39;39.39;39.31;39.31;200
20160201 103700;39.21;39.21;39.21;39.21;100
20160201 104600;39.255;39.255;39.255;39.255;200
20160201 105100;39.19;39.19;39.19;39.19;700
20160201 105300;39.22;39.22;39.21;39.21;4000
20160201 105700;38.78;38.78;38.78;38.78;100
20160201 105900;38.79;38.93;38.79;38.93;300
20160201 110300;38.96;38.97;38.96;38.96;300
20160201 110600;38.901;38.901;38.79;38.79;208
20160201 111200;38.8238;38.8238;38.8238;38.8238;400
20160201 112400;39.03;39.03;39.03;39.03;177
20160201 113400;39.19;39.2;39.19;39.2;500
20160201 113500;39.26;39.26;39.26;39.26;100
20160201 113600;38.86;38.86;38.86;38.86;100
20160201 114300;38.85;38.85;38.85;38.85;100
20160201 114900;38.8601;38.8601;38.8601;38.8601;300
20160201 115800;39.37;39.37;39.37;39.37;100
20160201 120900;39.72;39.72;39.72;39.72;126
20160201 121300;39.7;39.71;39.7;39.71;200
20160201 122000;39.37;39.37;39.37;39.37;200
20160201 122200;39.47;39.48;39.47;39.48;200
20160201 123700;39.74;39.74;39.74;39.74;100
20160201 124000;39.73;39.77;39.73;39.74;400
20160201 124100;39.85;39.89;39.85;39.89;400
20160201 124700;40.02;40.03;40;40;1281
20160201 125500;40.072;40.072;40.072;40.072;100
20160201 130300;39.85;39.85;39.85;39.85;200
20160201 130800;39.94;39.94;39.94;39.94;100
20160201 131100;39.69;39.69;39.69;39.69;100
20160201 131300;39.95;39.95;39.95;39.95;100
20160201 132000;39.66;39.75;39.66;39.73;300
20160201 132900;39.0199;39.0199;38.92;38.92;329
20160201 133100;39.06;39.06;39.06;39.06;300
20160201 134100;39.24;39.24;39.24;39.24;100
20160201 134300;39.0865;39.0865;39.0865;39.0865;180
20160201 134400;39.13;39.13;39.13;39.13;100
20160201 134700;39.13;39.13;39.13;39.13;400
20160201 140600;38.76;38.76;38.76;38.76;100
20160201 140900;38.82;38.82;38.82;38.82;700
20160201 141200;38.88;38.88;38.87;38.87;300
20160201 141500;38.89;38.96;38.89;38.96;400
20160201 142500;38.8;38.8;38.8;38.8;100
20160201 143000;38.52;38.52;38.52;38.52;100
20160201 144000;38.29;38.29;38.29;38.29;129
20160201 144100;38.08;38.08;38.08;38.08;500
20160201 144300;37.81;37.81;37.81;37.81;100
20160201 144500;37.97;37.97;37.97;37.97;100
20160201 144700;38.06;38.06;38.06;38.06;130
20160201 145000;38.12;38.12;38.12;38.12;100
20160201 145400;38.24;38.24;38.24;38.24;130
20160201 150100;37.66;37.71;37.66;37.71;300
20160201 150300;37.58;37.618;37.57;37.618;335
20160201 150500;37.54;37.54;37.54;37.54;100
20160201 151300;37.49;37.49;37.49;37.49;100
20160201 151400;37.76;37.76;37.76;37.76;100
20160201 151700;37.48;37.48;37.48;37.48;100
20160201 151900;37.14;37.25;37.14;37.23;835
20160201 152000;37.25;37.26;37.1;37.1;1900
20160201 152100;37.06;37.06;37.06;37.06;100
20160201 152200;37.02;37.02;37.02;37.02;100
20160201 152300;37.21;37.22;37.21;37.22;200
20160201 152600;37.01;37.02;37.01;37.02;500
20160201 152900;36.93;36.93;36.87;36.87;412
20160201 153300;36.84;36.84;36.84;36.84;100
20160201 153600;36.85;36.92;36.85;36.92;1600
20160201 154100;37.12;37.12;37.12;37.12;100
20160201 154600;36.57;36.57;36.57;36.57;100
20160201 154800;36.68;36.68;36.6715;36.6715;450
20160201 154900;36.77;36.77;36.75;36.75;300
20160201 155000;36.6901;36.6901;36.6901;36.6901;500
20160201 155300;36.95;37.06;36.95;37.06;300
20160201 155400;37.09;37.09;37.09;37.09;100
20160201 155500;37.08;37.08;37.08;37.08;100
20160201 155800;37.14;37.2;37.14;37.2;600
20160201 155900;37.18;37.22;37.18;37.22;200
20160201 160000;37.1892;37.34;37.1892;37.34;643
20160202 082600;38.81;38.81;38.81;38.81;500
20160202 093100;39.07;39.07;38.52;38.702;3000
20160202 093200;38.65;38.65;38.47;38.47;700
20160202 093300;38.6;38.6;38.6;38.6;100
20160202 093400;38.61;38.62;38.47;38.5;4700
20160202 093500;38.5;38.61;38.5;38.61;400
20160202 093700;38.68;38.81;38.68;38.79;3539
20160202 093800;38.79;38.79;38.75;38.75;600
20160202 093900;38.88;38.88;38.88;38.88;450
20160202 094000;38.93;38.95;38.8;38.8;700
20160202 094100;38.95;38.95;38.86;38.86;500
20160202 094200;39;39;39;39;200
20160202 094300;39.264;39.264;39.264;39.264;100
20160202 094400;39;39.018;39;39.0045;1000
20160202 094700;39.06;39.26;39.06;39.26;200
20160202 094900;38.87;38.87;38.78;38.78;200
20160202 095200;39.24;39.24;39.24;39.24;100
20160202 095300;39.3;39.32;39.2591;39.2591;2000
20160202 095400;39.2599;39.2599;39.2599;39.2599;500
20160202 095600;39.3;39.3;39.3;39.3;200
20160202 095900;39;39;39;39;100
20160202 100000;39.22;39.22;39.22;39.22;100
20160202 100400;38.7;38.7;38.57;38.57;610
20160202 100500;38.59;38.7;38.59;38.7;200
20160202 100700;38.47;38.47;38.4;38.4;200
20160202 100800;38.4;38.4;38.26;38.26;200
20160202 100900;38.21;38.22;38.21;38.22;500
20160202 101100;38.36;38.58;38.36;38.42;500
20160202 101200;38.93;38.93;38.93;38.93;100
20160202 101700;38.74;38.74;38.63;38.63;2300
20160202 102200;38.92;38.92;38.92;38.92;100
20160202 102400;39.07;39.07;39.07;39.07;100
20160202 102700;39.28;39.3;39.28;39.29;585
20160202 103100;39.13;39.13;39.13;39.13;500
20160202 103300;38.94;38.94;38.94;38.94;500
20160202 103400;38.84;38.84;38.65;38.65;600
20160202 103600;38.84;38.84;38.84;38.84;100
20160202 104200;38.78;38.82;38.78;38.82;2500
20160202 104400;38.65;38.65;38.5;38.5;435
20160202 104600;38.5901;38.5901;38.5901;38.5901;125
20160202 104800;38.64;38.64;38.64;38.64;100
20160202 110800;39.3501;39.3501;39.35;39.35;200
20160202 110900;39.2999;39.2999;39.2999;39.2999;100
20160202 111200;39.52;39.52;39.52;39.52;100
20160202 111300;39.53;39.53;39.26;39.26;200
20160202 111600;39.28;39.29;39.28;39.29;200
20160202 113000;39.62;39.67;39.6099;39.67;1377
20160202 113500;39.64;39.65;39.59;39.59;300
20160202 113600;39.6;39.6;39.6;39.6;500
20160202 114100;39.79;39.79;39.79;39.79;100
20160202 114400;40.02;40.1;40.02;40.1;900
20160202 114500;40.19;40.19;40.19;40.19;100
20160202 114700;40.14;40.14;40.14;40.14;500
20160202 114800;40.08;40.08;40.08;40.08;200
20160202 114900;40.08;40.1599;40.08;40.15;700
20160202 115000;40.2;40.2;40;40;800
20160202 115200;40.18;40.18;40.18;40.18;100
20160202 115300;40.19;40.19;40.19;40.19;800
20160202 115600;40.24;40.24;40.24;40.24;700
20160202 115700;40.26;40.38;40.26;40.38;300
20160202 115800;40.47;40.47;40.47;40.47;700
20160202 115900;40.54;40.54;40.54;40.54;492
20160202 120000;40.6;40.6;40.6;40.6;109
20160202 120400;40.8;40.8;40.8;40.8;100
20160202 120500;40.99;40.99;40.99;40.99;100
20160202 120700;41.09;41.09;41.08;41.08;800
20160202 120800;41.04;41.04;41.04;41.04;200
20160202 121200;41.23;41.24;41.23;41.24;200
20160202 121300;41.3301;41.3301;41.3301;41.3301;109
20160202 121400;41.3;41.3;41.29;41.29;200
20160202 121500;41.2;41.2;41.2;41.2;300
20160202 121800;41.104;41.104;41.104;41.104;200
20160202 122300;40.568;40.568;40.568;40.568;250
20160202 122600;40.4947;40.64;40.4947;40.64;300
20160202 123700;40.51;40.51;40.38;40.38;566
20160202 124500;40.1261;40.1261;40.1261;40.1261;100
20160202 124700;40.05;40.05;40.05;40.05;300
20160202 124800;40.11;40.11;40.11;40.11;100
20160202 130000;40.07;40.07;40.07;40.07;400
20160202 130100;40.3;40.33;40.3;40.33;300
20160202 131000;40.85;40.85;40.85;40.85;500
20160202 132000;40.7953;40.7953;40.7953;40.7953;245
20160202 132100;40.8387;40.8387;40.8387;40.8387;100
20160202 132500;40.69;40.69;40.69;40.69;200
20160202 133000;40.07;40.07;40.07;40.07;100
20160202 133200;40.26;40.26;40.26;40.26;100
20160202 133400;40.35;40.35;40.35;40.35;100
20160202 134000;40.556;40.556;40.556;40.556;100
20160202 135300;40.95;40.95;40.95;40.95;113
20160202 140400;40.52;40.62;40.52;40.62;600
20160202 140500;40.6001;40.6001;40.6001;40.6001;100
20160202 140800;40.55;40.55;40.55;40.55;500
20160202 141400;40.7;40.7;40.7;40.7;500
20160202 141800;40.35;40.35;40.35;40.35;100
20160202 142300;40.44;40.5;40.44;40.5;2355
20160202 142800;40.73;40.73;40.73;40.73;100
20160202 143600;40.66;40.66;40.66;40.66;200
20160202 143900;40.74;40.74;40.74;40.74;800
20160202 144300;40.74;40.74;40.69;40.69;568
20160202 145200;40.56;40.56;40.56;40.56;400
20160202 150500;40.86;40.86;40.86;40.86;432
20160202 150600;40.8;40.85;40.8;40.85;600
20160202 150700;40.82;40.84;40.82;40.84;300
20160202 151500;40.89;40.94;40.89;40.8901;1100
20160202 151800;40.7;40.7;40.7;40.7;100
20160202 152100;40.5;40.5;40.45;40.48;1650
20160202 152200;40.62;40.62;40.6199;40.6199;200
20160202 152300;40.81;40.81;40.81;40.81;100
20160202 152600;40.78;40.8466;40.76;40.76;1300
20160202 152700;40.66;40.66;40.45;40.45;900
20160202 152800;40.39;40.42;40.39;40.42;700
20160202 152900;40.53;40.53;40.53;40.53;100
20160202 153000;40.47;40.47;40.46;40.46;200
20160202 153100;40.38;40.38;40.34;40.34;200
20160202 153200;40.21;40.21;40.21;40.21;500
20160202 153400;40.1299;40.1299;40.1299;40.1299;118
20160202 153500;40.23;40.23;40.23;40.23;300
20160202 153600;40.28;40.28;40.28;40.28;200
20160202 153700;40.3;40.3;40.11;40.11;1000
20160202 153900;40.0785;40.0785;40.0785;40.0785;400
20160202 154300;40.3099;40.3099;40.3099;40.3099;115
20160202 154400;40.15;40.15;40.15;40.15;100
20160202 155000;40.3;40.41;40.3;40.41;200
20160202 155100;40.5;40.5001;40.5;40.5001;218
20160202 155400;40.58;40.58;40.58;40.58;200
20160202 155500;40.43;40.43;40.43;40.43;100
20160202 155600;40.47;40.54;40.47;40.54;300
20160202 155700;40.52;40.61;40.52;40.61;300
20160202 155900;40.55;40.55;40.5;40.5;500
20160202 160000;40.536;40.616;40.535;40.6;700
20160202 182300;40.52;40.58;40.52;40.58;140
20160203 092800;39.92;39.99;39.91;39.91;800
20160203 093100;40.6;40.6;39.67;39.67;1600
20160203 093200;39.88;39.88;39.86;39.86;200
20160203 093400;39.85;39.85;39.85;39.85;100
20160203 093500;40.05;40.05;39.94;39.94;1250
20160203 093600;39.85;40.14;39.85;40.11;1100
20160203 093700;40.46;40.56;40.34;40.34;975
20160203 093900;40.34;40.34;40.34;40.34;500
20160203 094100;40.8;40.84;40.8;40.84;800
20160203 094200;40.87;41.05;40.87;41.05;920
20160203 094400;41.6468;41.6468;41.52;41.52;200
20160203 094700;41.79;41.97;41.79;41.97;700
20160203 094800;41.832;41.832;41.76;41.76;1800
20160203 094900;41.64;41.82;41.64;41.82;1350
20160203 095100;41.79;41.79;41.76;41.76;1600
20160203 095200;41.87;41.96;41.87;41.96;1984
20160203 095300;42.17;42.3239;42.17;42.3239;600
20160203 095400;42.63;42.8887;42.63;42.8887;4995
20160203 095500;42.91;42.91;42.91;42.91;239
20160203 095600;42.9;42.91;42.86;42.86;1900
20160203 095800;42.34;42.34;42.286;42.286;500
20160203 095900;42.06;42.06;42;42;400
20160203 100000;42.15;42.15;42.15;42.15;100
20160203 100100;42.61;42.61;42.39;42.39;400
20160203 100200;42.71;42.71;42.71;42.71;100
20160203 100300;42.73;42.73;42.73;42.73;100
20160203 100500;43.036;43.036;42.93;43.016;1100
20160203 100600;43.05;43.0859;43.05;43.05;700
20160203 100800;43.37;43.87;43.37;43.87;1200
20160203 100900;43.81;44;43.81;43.94;1350
20160203 101100;43.95;43.95;43.8;43.85;700
20160203 101200;44;44.3;44;44.3;800
20160203 101300;44.4;44.45;44.4;44.45;200
20160203 101400;44.66;44.66;44.66;44.66;200
20160203 101500;44.67;44.67;44.67;44.67;200
20160203 101600;44.44;44.44;43.93;43.93;900
20160203 101700;44.08;44.36;44.08;44.22;1700
20160203 101800;44.28;44.31;44.23;44.31;800
20160203 101900;44.24;44.24;44.24;44.24;272
20160203 102000;44.19;44.19;43.95;43.95;1000
20160203 102100;43.81;43.81;43.62;43.62;300
20160203 102200;43.3;43.3;43.3;43.3;642
20160203 102300;43.28;43.28;43.22;43.22;900
20160203 102400;43.657;43.8;43.657;43.7;450
20160203 102500;43.7;43.7;43.7;43.7;300
20160203 102700;43.7;43.7;43.69;43.69;200
20160203 103000;43.97;44;43.97;44;800
20160203 103100;44.32;44.66;44.32;44.66;800
20160203 103200;44.53;44.56;44.4;44.4;1000
20160203 103300;44.32;44.4;44.3;44.4;350
20160203 103500;44.47;44.65;44.39;44.39;700
20160203 103600;44.1605;44.1605;44.1605;44.1605;300
20160203 103800;44.355;44.54;44.355;44.54;1800
20160203 103900;44.45;44.45;44.29;44.31;490
20160203 104000;44.3099;44.3099;43.96;44.08;600
20160203 104100;43.91;43.91;43.75;43.75;300
20160203 104300;44.04;44.04;44.04;44.04;100
20160203 104500;43.74;43.74;43.7199;43.7199;781
20160203 104600;43.31;43.31;43.25;43.25;300
20160203 104700;43.2;43.2;43.2;43.2;100
20160203 104900;43.1543;43.1543;43.1543;43.1543;400
20160203 105000;43.52;43.52;43.52;43.52;100
20160203 105200;43.8;43.8;43.8;43.8;500
20160203 105500;43.8003;43.8003;43.668;43.668;200
20160203 105700;42.97;42.97;42.15;42.2104;900
20160203 105800;42.17;42.18;42.17;42.18;200
20160203 105900;42.4;42.4;42.4;42.4;106
20160203 110300;42.65;42.65;42.65;42.65;100
20160203 110400;42.7;42.7;42.7;42.7;200
20160203 110500;42.83;42.83;42.83;42.83;106
20160203 110700;43.24;43.24;43.24;43.24;373
20160203 110800;43.47;43.47;43.47;43.47;200
20160203 110900;43.7;43.7;43.53;43.54;1200
20160203 111400;43;43.01;42.97;43.0099;2200
20160203 111500;43.13;43.14;43.04;43.13;5800
20160203 111600;42.69;42.69;42.69;42.69;500
20160203 111700;42.68;42.68;42.68;42.68;100
20160203 111800;42.5;42.51;42.5;42.51;400
20160203 111900;42.4;42.51;42.4;42.51;300
20160203 112000;42.41;42.41;42.27;42.27;300
20160203 112100;42.2399;42.2399;42.2399;42.2399;109
20160203 112200;41.85;41.85;41.83;41.84;400
20160203 112300;41.97;41.99;41.68;41.68;3000
20160203 112400;41.69;41.69;41.69;41.69;200
20160203 112600;42.16;42.16;42.16;42.16;200
20160203 112700;41.99;42.01;41.99;41.99;509
20160203 112800;41.9;41.97;41.9;41.97;200
20160203 112900;41.83;41.87;41.72;41.72;300
20160203 113000;41.5;41.68;41.5;41.68;2200
20160203 113100;41.72;41.83;41.59;41.83;600
20160203 113200;41.7;41.7;41.7;41.7;100
20160203 113300;41.58;41.58;41.58;41.58;200
20160203 113400;41.6;41.6;41.53;41.53;2100
20160203 113700;41.6;41.6;41.53;41.6;300
20160203 113800;41.42;41.42;41.22;41.22;400
20160203 113900;40.95;40.95;40.95;40.95;100
20160203 114000;40.75;40.85;40.75;40.85;2600
20160203 114100;40.85;40.89;40.48;40.48;2400
20160203 114200;40.66;40.7;40.66;40.7;200
20160203 114300;41.0199;41.0199;40.97;40.97;200
20160203 114400;41.2;41.3;41.2;41.3;800
20160203 114500;41.3;41.3;41.3;41.3;1571
20160203 114700;41.3;41.37;41.24;41.37;1029
20160203 114800;41.3513;41.3513;41.2594;41.2594;586
20160203 114900;41.3;41.31;41.3;41.31;2000
20160203 115000;41.41;41.41;41.41;41.41;149
20160203 115300;41.64;41.66;41.64;41.66;1400
20160203 115400;41.4893;41.4893;41.4893;41.4893;120
20160203 115500;41.65;41.85;41.65;41.85;1018
20160203 115600;41.81;41.81;41.5;41.51;900
20160203 115700;41.53;41.53;41.5;41.5;800
20160203 115900;41.56;41.64;41.56;41.64;300
20160203 120000;41.65;41.65;41.65;41.65;100
20160203 120100;41.5;41.5;41.41;41.41;200
20160203 120200;41;41;40.93;40.93;1000
20160203 120300;41;41;41;41;100
20160203 120400;40.93;40.93;40.93;40.93;100
20160203 120600;41.13;41.14;41.13;41.14;200
20160203 121000;40.91;40.91;40.91;40.91;100
20160203 121100;41.06;41.22;41.06;41.22;200
20160203 121200;41.35;41.46;41.34;41.46;300
20160203 121300;41.53;41.53;41.51;41.52;500
20160203 121900;41.69;41.69;41.69;41.69;200
20160203 122000;41.76;41.96;41.76;41.96;500
20160203 122200;41.98;41.98;41.96;41.96;200
20160203 122300;41.91;41.91;41.91;41.91;100
20160203 122600;42.1;42.1;42.1;42.1;200
20160203 123000;41.78;41.78;41.78;41.78;100
20160203 123200;41.96;42.14;41.96;42.14;500
20160203 123300;42.29;42.29;42.28;42.28;200
20160203 123400;42.53;42.65;42.53;42.65;400
20160203 123500;42.67;42.67;42.47;42.54;500
20160203 123600;42.44;42.44;42.44;42.44;109
20160203 123800;42.75;42.8;42.62;42.71;1817
20160203 123900;42.76;42.76;42.76;42.76;100
20160203 124000;42.72;42.72;42.72;42.72;200
20160203 124600;42.9699;42.9699;42.9699;42.9699;107
20160203 124700;42.69;42.69;42.69;42.69;200
20160203 124900;42.686;42.75;42.686;42.75;600
20160203 125000;42.68;42.68;42.68;42.68;200
20160203 125100;42.48;42.48;42.48;42.48;400
20160203 125300;42.64;42.68;42.64;42.68;200
20160203 125400;42.58;42.58;42.58;42.58;100
20160203 125500;42.58;42.58;42.58;42.58;100
20160203 125600;42.33;42.33;42.33;42.33;200
20160203 130000;42.45;42.6;42.45;42.6;400
20160203 130100;42.43;42.43;42.43;42.43;100
20160203 130600;42.3;42.36;42.3;42.36;500
20160203 130900;42.66;42.66;42.66;42.66;100
20160203 131000;42.61;42.61;42.61;42.61;200
20160203 131300;42.985;42.99;42.985;42.99;700
20160203 131400;42.96;42.98;42.96;42.98;1000
20160203 131500;42.82;43.12;42.82;43.12;300
20160203 131600;42.73;42.73;42.73;42.73;100
20160203 132000;42.91;42.91;42.69;42.69;300
20160203 132800;43.18;43.18;43.18;43.18;100
20160203 133200;43.01;43.01;43.01;43.01;200
20160203 133300;43.04;43.04;43.04;43.04;100
20160203 133700;43.18;43.27;43.18;43.27;400
20160203 133800;43.279;43.279;43.279;43.279;100
20160203 134600;43.3199;43.3199;43.3199;43.3199;100
20160203 134700;43.29;43.29;43.29;43.29;100
20160203 135000;43.47;43.47;43.47;43.47;900
20160203 135100;43.47;43.48;43.47;43.47;1000
20160203 135800;43.21;43.21;43.21;43.21;100
20160203 140200;43.18;43.18;43.17;43.17;319
20160203 140700;42.48;42.5;42.48;42.5;300
20160203 140800;42.41;42.41;42.41;42.41;100
20160203 141400;42.41;42.41;42.41;42.41;117
20160203 141500;42.22;42.22;42.22;42.22;100
20160203 141800;42.59;42.59;42.59;42.59;100
20160203 142000;42.62;42.62;42.5766;42.5766;2100
20160203 142100;42.36;42.45;42.36;42.45;200
20160203 142200;42.28;42.28;42.28;42.28;489
20160203 142400;41.72;41.73;41.72;41.73;200
20160203 142500;41.54;41.54;41.4;41.4;300
20160203 142600;41.15;41.32;41.14;41.14;407
20160203 142700;41.11;41.13;41.11;41.11;400
20160203 142800;41;41;40.93;40.93;500
20160203 142900;40.77;40.8601;40.75;40.8601;777
20160203 143000;41.05;41.05;41.05;41.05;300
20160203 143100;40.75;40.75;40.75;40.75;300
20160203 143200;40.79;40.79;40.79;40.79;400
20160203 143300;41;41.07;41;41.07;320
20160203 143500;41.02;41.02;41;41;600
20160203 143800;40.9;40.9;40.9;40.9;100
20160203 143900;41.07;41.13;41.07;41.13;300
20160203 144000;41.12;41.12;41.12;41.12;100
20160203 144200;40.78;40.78;40.78;40.78;100
20160203 144300;40.51;40.79;40.51;40.71;1500
20160203 144500;40.25;40.25;40.25;40.25;300
20160203 144600;40;40;39.8;39.96;4970
20160203 144700;39.95;39.95;39.95;39.95;300
20160203 144800;40.01;40.01;39.95;39.95;600
20160203 144900;40.03;40.03;40;40;207
20160203 145000;39.83;39.83;39.83;39.83;200
20160203 145100;39.753;39.99;39.753;39.99;600
20160203 145300;40.17;40.17;40.17;40.17;700
20160203 145400;40.15;40.31;40.15;40.31;300
20160203 145600;40.08;40.08;40.08;40.08;400
20160203 145700;39.9;40.02;39.9;40.02;500
20160203 145800;39.93;39.93;39.93;39.93;100
20160203 145900;39.96;39.96;39.96;39.96;100
20160203 150000;39.88;39.95;39.88;39.91;600
20160203 150100;39.95;40.06;39.95;39.98;300
20160203 150200;40.11;40.12;40.11;40.12;500
20160203 150300;39.98;39.98;39.75;39.75;400
20160203 150400;39.96;39.96;39.96;39.96;200
20160203 150500;40.0258;40.0258;40.0258;40.0258;350
20160203 150700;40;40;40;40;100
20160203 150800;39.75;39.75;39.75;39.75;200
20160203 150900;39.87;39.88;39.85;39.85;500
20160203 151000;39.66;39.67;39.45;39.5;600
20160203 151100;39.38;39.38;39.38;39.38;200
20160203 151300;39.25;39.47;39.201;39.47;800
20160203 151500;39.51;39.51;39.44;39.45;500
20160203 151800;39.5;39.5;39.5;39.5;200
20160203 152000;39.59;39.59;39.59;39.59;200
20160203 152300;39.702;39.702;39.702;39.702;119
20160203 152400;39.65;39.65;39.65;39.65;100
20160203 152600;39.49;39.51;39.42;39.51;800
20160203 152900;39.96;39.97;39.96;39.97;200
20160203 153100;39.66;39.66;39.66;39.66;275
20160203 153200;39.65;39.67;39.65;39.65;300
20160203 153300;40.09;40.09;39.9;39.9;500
20160203 153500;39.6501;39.6501;39.6501;39.6501;107
20160203 153700;39.85;39.97;39.85;39.97;800
20160203 153800;40.03;40.03;40.03;40.03;100
20160203 153900;40.25;40.25;40.25;40.25;100
20160203 154000;40.1;40.1;40.1;40.1;100
20160203 154100;40;40;40;40;250
20160203 154400;39.67;39.67;39.67;39.67;100
20160203 154700;39.64;39.64;39.64;39.64;100
20160203 154800;39.66;39.72;39.66;39.72;300
20160203 154900;39.63;39.63;39.52;39.52;400
20160203 155200;39.36;39.36;39.33;39.33;200
20160203 155400;39.24;39.24;39.24;39.24;100
20160203 155500;39.21;39.21;39.21;39.21;100
20160203 155600;39.33;39.42;39.24;39.24;1100
20160203 155700;39.31;39.31;39.31;39.31;100
20160203 155800;39.28;39.28;39.13;39.13;900
20160203 155900;39.24;39.24;39.24;39.24;100
20160203 160000;39.3;39.3;39.01;39.01;810
20160204 093100;39.66;40.34;39.66;39.93;1010
20160204 093200;39.58;39.79;39.5;39.5;700
20160204 093300;39;39.01;38.88;39.01;700
20160204 093400;39.3;39.3;39.3;39.3;150
20160204 093500;39.63;39.65;39.5628;39.65;3300
20160204 093600;39.67;39.67;39.67;39.67;200
20160204 093700;39.91;40;39.91;40;400
20160204 093800;40.1399;40.26;40.1399;40.185;300
20160204 093900;40.35;40.35;40.24;40.24;900
20160204 094200;40.02;40.02;40.02;40.02;100
20160204 094300;39.67;39.68;39.67;39.68;200
20160204 094600;40.39;40.55;40.38;40.5199;2300
20160204 094700;40.69;40.69;40.69;40.69;300
20160204 094800;40.5;40.5;40.5;40.5;100
20160204 095000;40.27;40.27;40.27;40.27;100
20160204 095100;40.36;40.36;40.36;40.36;100
20160204 095200;40.32;40.32;40.19;40.32;900
20160204 095400;40.28;40.28;40.09;40.09;200
20160204 095500;39.97;40.02;39.97;40.02;500
20160204 095700;40.23;40.23;40.23;40.23;100
20160204 095800;40.34;40.34;40.1919;40.1919;388
20160204 095900;39.89;39.89;39.78;39.78;300
20160204 100100;39.65;39.66;39.53;39.53;300
20160204 100200;40.3099;40.3099;40.3099;40.3099;103
20160204 100500;39.97;39.97;39.97;39.97;700
20160204 100700;39.37;39.39;39.37;39.39;200
20160204 100800;39.18;39.19;39.18;39.19;300
20160204 101100;39.32;39.32;39.26;39.26;200
20160204 101200;39.11;39.11;38.96;38.96;1300
20160204 101300;38.98;38.98;38.83;38.83;400
20160204 101400;38.66;38.7;38.66;38.7;700
20160204 101500;38.53;38.53;38.26;38.26;1500
20160204 101600;38.4;38.4;38.28;38.28;400
20160204 101800;38;38;37.9;37.94;1700
20160204 102200;37.88;37.99;37.88;37.99;200
20160204 102300;37.88;37.88;37.8486;37.8486;2600
20160204 102400;37.53;37.53;37.25;37.25;2288
20160204 102500;37.0801;37.2401;37.0801;37.2401;400
20160204 102600;37.44;37.44;37.44;37.44;500
20160204 102700;37;37;37;37;500
20160204 102900;36.75;36.75;36.55;36.55;1500
20160204 103000;36.52;36.52;36.4;36.4;2900
20160204 103100;36.32;36.32;36.22;36.22;6300
20160204 103300;36.46;36.46;36.421;36.46;400
20160204 103400;36.51;36.51;35.75;35.75;3800
20160204 103500;35.63;35.63;35.62;35.62;1200
20160204 103800;36;36;35.9922;35.9922;400
20160204 103900;36.12;36.4;36.12;36.3;3000
20160204 104200;37.0043;37.0043;37.0043;37.0043;195
20160204 104300;36.97;36.97;36.93;36.93;200
20160204 104400;36.75;36.75;36.75;36.75;500
20160204 104500;36.82;36.82;36.82;36.82;100
20160204 104600;37.02;37.02;37.02;37.02;200
20160204 104700;37.23;37.23;37.23;37.23;200
20160204 105000;36.84;36.84;36.84;36.84;100
20160204 105100;36.65;36.65;36.65;36.65;100
20160204 110000;36.46;36.46;36.46;36.46;200
20160204 110800;37.62;37.62;37.62;37.62;100
20160204 111100;37.9999;37.9999;37.9999;37.9999;500
20160204 111200;37.81;37.81;37.81;37.81;400
20160204 111300;37.93;37.93;37.91;37.91;300
20160204 111400;38.07;38.27;38.07;38.27;700
20160204 111700;38.302;38.302;38.302;38.302;200
20160204 111900;38.57;38.57;38.57;38.57;200
20160204 112200;38.5;38.5;38.5;38.5;300
20160204 112300;38.6;38.6;38.6;38.6;100
20160204 112400;38.508;38.508;38.5011;38.5011;600
20160204 112900;38.55;38.55;38.47;38.47;200
20160204 113000;38.5;38.65;38.5;38.65;267
20160204 113100;38.83;38.83;38.83;38.83;100
20160204 113300;39;39;39;39;100
20160204 113600;38.88;38.88;38.88;38.88;100
20160204 113800;38.84;38.84;38.84;38.84;100
20160204 114000;38.66;38.66;38.65;38.65;200
20160204 114400;38.81;38.81;38.81;38.81;200
20160204 114500;38.53;38.74;38.53;38.74;200
20160204 114700;38.98;38.98;38.98;38.98;200
20160204 114800;39.21;39.31;39.01;39.31;700
20160204 114900;39.15;39.15;39.1;39.1;300
20160204 115100;39.08;39.08;39.08;39.08;200
20160204 115200;38.87;38.87;38.67;38.67;400
20160204 115600;38.76;38.82;38.75;38.82;300
20160204 115900;39.12;39.18;39.01;39.18;900
20160204 120100;39.01;39.01;39.01;39.01;100
20160204 120200;39.01;39.01;38.97;38.97;700
20160204 120300;38.72;38.72;38.72;38.72;910
20160204 120400;38.88;38.88;38.82;38.82;600
20160204 121300;38.44;38.44;38.44;38.44;100
20160204 121500;38.53;38.62;38.53;38.54;400
20160204 121600;38.7;38.7;38.7;38.7;100
20160204 121700;38.65;38.67;38.56;38.56;600
20160204 121900;38.35;38.35;38.26;38.26;200
20160204 122000;38.12;38.12;38.12;38.12;100
20160204 122500;38.43;38.44;38.43;38.44;200
20160204 122700;38.72;38.72;38.63;38.63;1400
20160204 123400;38.535;38.535;38.535;38.535;100
20160204 123900;38.36;38.36;38.36;38.36;100
20160204 124000;38.53;38.53;38.53;38.53;200
20160204 124200;38.26;38.27;38.26;38.27;500
20160204 125000;38.79;38.79;38.79;38.79;200
20160204 125200;38.77;38.77;38.77;38.77;200
20160204 125400;38.83;38.83;38.83;38.83;200
20160204 125600;39.0799;39.0799;39.0399;39.0399;200
20160204 125800;38.8;38.8;38.8;38.8;300
20160204 130300;38.9;38.9;38.9;38.9;100
20160204 130500;38.7;38.7;38.7;38.7;100
20160204 130800;38.73;38.73;38.73;38.73;100
20160204 131500;38.19;38.19;38.19;38.19;200
20160204 131800;38.402;38.53;38.402;38.48;1100
20160204 131900;38.72;38.72;38.72;38.72;1000
20160204 132700;38.8092;38.8092;38.8092;38.8092;400
20160204 132800;38.77;38.77;38.76;38.76;500
20160204 133000;38.79;38.79;38.79;38.79;100
20160204 134100;38.89;38.89;38.87;38.87;200
20160204 134200;39.07;39.07;39.07;39.07;200
20160204 135500;39.18;39.18;39.09;39.09;200
20160204 140100;39.47;39.48;39.47;39.48;300
20160204 140500;39.61;39.61;39.61;39.61;100
20160204 140600;39.6799;39.6799;39.65;39.65;200
20160204 140700;39.6299;39.6299;39.6299;39.6299;181
20160204 140800;39.5;39.5;39.5;39.5;750
20160204 140900;39.63;39.63;39.63;39.63;100
20160204 141100;39.62;39.6899;39.62;39.6899;300
20160204 141300;39.5;39.5;39.47;39.47;500
20160204 141400;39.42;39.42;39.42;39.42;200
20160204 141500;39.2301;39.2301;39.2301;39.2301;100
20160204 141900;38.99;39.009;38.87;39.009;700
20160204 142100;39.1854;39.1854;39.1854;39.1854;300
20160204 142200;39.33;39.35;39.33;39.35;400
20160204 142900;39.43;39.43;39.42;39.42;300
20160204 143400;39.22;39.27;39.22;39.26;400
20160204 143900;39.47;39.64;39.47;39.64;1000
20160204 144000;39.8;39.8;39.8;39.8;400
20160204 144300;39.94;39.98;39.94;39.98;200
20160204 144400;39.86;39.86;39.75;39.75;500
20160204 144900;39.5;39.5;39.47;39.47;300
20160204 145700;39.49;39.49;39.2;39.2;500
20160204 145900;39.24;39.25;39.24;39.25;2000
20160204 150500;39.28;39.28;39.28;39.28;500
20160204 150600;39.43;39.43;39.43;39.43;300
20160204 150700;39.41;39.41;39.38;39.38;300
20160204 151300;39;39;39;39;100
20160204 151700;38.49;38.521;38.49;38.521;200
20160204 151800;38.5;38.5;38.5;38.5;100
20160204 151900;38.36;38.56;38.36;38.56;700
20160204 152000;38.84;38.85;38.84;38.85;300
20160204 152600;38.76;38.76;38.76;38.76;400
20160204 152700;38.85;38.85;38.85;38.85;100
20160204 153100;38.86;38.86;38.86;38.86;1200
20160204 153400;38.76;39.01;38.74;39.01;800
20160204 153600;39.13;39.13;39.09;39.09;700
20160204 154200;38.73;38.73;38.59;38.6901;400
20160204 154400;38.82;38.83;38.82;38.83;600
20160204 154600;38.96;39;38.96;39;300
20160204 154700;38.77;38.77;38.75;38.75;340
20160204 154800;38.85;38.97;38.85;38.97;200
20160204 155300;38.97;38.97;38.97;38.97;100
20160204 155700;38.74;38.8;38.73;38.73;800
20160204 155900;38.68;38.76;38.64;38.64;1000
20160204 160000;38.83;38.86;38.67;38.67;1500
20160204 161800;38.66;38.66;38.66;38.66;70
20160204 182700;38.64;38.64;38.64;38.64;35
20160205 093300;39.174;39.205;39.174;39.205;600
20160205 093400;39.42;39.45;39.42;39.45;2100
20160205 093600;39.474;39.474;39.474;39.474;200
20160205 093700;39.85;39.85;39.78;39.78;400
20160205 093800;39.81;39.81;38.9;38.9;49055
20160205 093900;39.64;39.64;39.42;39.42;200
20160205 094000;39.34;39.34;39.33;39.33;200
20160205 094300;39.84;39.84;39.84;39.84;1500
20160205 094500;39.97;40.04;39.97;40.04;200
20160205 094700;40.03;40.22;40.03;40.2;300
20160205 094800;40.49;40.81;40.49;40.81;2500
20160205 094900;40.67;40.725;40.47;40.725;2700
20160205 095000;40.6;40.6;40.6;40.6;210
20160205 095100;40.88;40.88;40.88;40.88;100
20160205 095200;40.94;40.94;40.94;40.94;100
20160205 095400;40.4;40.54;40.4;40.54;300
20160205 095600;40.78;40.78;40.78;40.78;200
20160205 095700;40.73;40.73;40.49;40.49;500
20160205 095800;40.9;40.9;40.9;40.9;100
20160205 095900;40.91;40.98;40.91;40.98;391
20160205 100000;41.12;41.14;41.12;41.14;500
20160205 100100;40.81;40.81;40.77;40.77;300
20160205 100200;40.6599;40.6599;40.6599;40.6599;200
20160205 100600;40.428;40.428;40.3301;40.3301;250
20160205 101900;40.67;40.67;40.67;40.67;100
20160205 102000;40.6;40.6;40.6;40.6;700
20160205 102100;40.5615;40.5615;40.5615;40.5615;400
20160205 102700;40.782;40.782;40.782;40.782;200
20160205 102800;40.98;41;40.98;41;3200
20160205 102900;41.11;41.11;41.11;41.11;500
20160205 103200;41.22;41.22;41.22;41.22;800
20160205 103300;41.17;41.17;41.1;41.1;700
20160205 103500;40.92;40.92;40.92;40.92;400
20160205 103600;41.03;41.03;41.03;41.03;100
20160205 104200;41.12;41.18;40.96;40.96;1600
20160205 104300;40.46;40.46;40.46;40.46;200
20160205 104400;40.46;40.46;40.46;40.46;900
20160205 104800;40.74;40.74;40.74;40.74;100
20160205 105200;41.42;41.42;41.27;41.27;1200
20160205 105500;41.3;41.3;41.27;41.27;300
20160205 105600;41.37;41.37;41.37;41.37;500
20160205 105700;41.49;41.49;41.49;41.49;200
20160205 105900;41.49;41.49;41.49;41.49;100
20160205 110300;41.58;41.58;41.58;41.58;200
20160205 110400;41.64;41.64;41.64;41.64;499
20160205 110700;41.68;41.69;41.65;41.69;900
20160205 111000;41.91;41.91;41.91;41.91;200
20160205 111100;42.05;42.05;42.05;42.05;100
20160205 111200;42;42;42;42;860
20160205 111300;41.78;41.78;41.76;41.76;800
20160205 111500;42.06;42.16;42.06;42.16;700
20160205 111600;42.01;42.01;42.01;42.01;100
20160205 111700;42.12;42.12;42.12;42.12;500
20160205 111900;42.45;42.45;42.36;42.36;1680
20160205 112000;42.29;42.38;42.29;42.38;580
20160205 112100;42.32;42.32;42.32;42.32;100
20160205 112200;42.24;42.24;42.24;42.24;880
20160205 112300;42.387;42.387;42.387;42.387;170
20160205 112600;42.61;42.69;42.61;42.69;250
20160205 112700;42.48;42.48;42.48;42.48;700
20160205 112900;42.49;42.49;42.46;42.46;390
20160205 113200;42.17;42.17;42.17;42.17;500
20160205 113400;42.38;42.4;42.38;42.4;200
20160205 113600;42.45;42.45;42.45;42.45;100
20160205 113900;42.05;42.05;42.05;42.05;200
20160205 114000;42.29;42.29;42.29;42.29;100
20160205 114100;42.29;42.29;42.29;42.29;100
20160205 114200;42.21;42.21;42.21;42.21;100
20160205 114600;42.5;42.5;42.44;42.44;2300
20160205 114800;42.68;42.72;42.68;42.72;200
20160205 114900;42.71;42.71;42.68;42.68;207
20160205 115300;42.42;42.42;42.42;42.42;700
20160205 115400;42.28;42.32;42.2;42.32;1830
20160205 115500;42.12;42.12;42.12;42.12;500
20160205 115600;41.93;42;41.93;42;1330
20160205 115800;42.04;42.08;41.97;42;1950
20160205 115900;42.15;42.15;42.15;42.15;100
20160205 120000;42.17;42.17;42.17;42.17;100
20160205 120100;41.84;41.84;41.79;41.79;450
20160205 120200;41.54;41.54;41.54;41.54;100
20160205 120400;41.62;41.62;41.62;41.62;100
20160205 120600;41.98;41.98;41.98;41.98;100
20160205 120800;42.151;42.151;42.151;42.151;100
20160205 121000;42.1;42.1;42.1;42.1;1200
20160205 121100;42.19;42.23;42.19;42.22;400
20160205 121200;42.27;42.27;42.27;42.27;100
20160205 121300;42.4;42.4;42.32;42.32;1200
20160205 121400;42.291;42.291;42.291;42.291;100
20160205 121500;42.3608;42.3608;42.3608;42.3608;100
20160205 121600;42.26;42.26;42.1;42.1;400
20160205 121700;42.32;42.32;42.32;42.32;100
20160205 121900;42.25;42.25;42.06;42.06;1000
20160205 122000;42.02;42.1;42.02;42.1;300
20160205 122200;42.19;42.19;42.18;42.18;200
20160205 122300;42.2;42.2;42.2;42.2;100
20160205 122400;42.3;42.3;42.3;42.3;500
20160205 122500;42.25;42.25;42.25;42.25;100
20160205 122700;42.18;42.18;42.18;42.18;100
20160205 122900;42.23;42.23;42.23;42.23;100
20160205 123100;42.211;42.211;42.211;42.211;100
20160205 123300;42.251;42.251;42.23;42.23;200
20160205 123500;42.24;42.3;42.24;42.3;300
20160205 123700;42.341;42.341;42.341;42.341;100
20160205 123900;42.53;42.53;42.51;42.51;800
20160205 124000;42.17;42.21;42.14;42.21;1800
20160205 124100;42.171;42.171;42.12;42.12;700
20160205 124200;42.09;42.09;42.06;42.06;200
20160205 124400;42.31;42.31;42.31;42.31;100
20160205 124500;42.41;42.41;42.41;42.41;700
20160205 124600;42.402;42.402;42.402;42.402;100
20160205 124700;42.43;42.43;42.43;42.43;100
20160205 124800;42.34;42.34;42.34;42.34;400
20160205 124900;42.13;42.13;42.13;42.13;100
20160205 125000;42.27;42.27;42.27;42.27;100
20160205 125200;42.17;42.17;42.17;42.17;100
20160205 125400;42.06;42.3;42.06;42.3;300
20160205 125600;42.45;42.46;42.45;42.46;200
20160205 125700;42.68;42.68;42.68;42.68;100
20160205 125800;42.68;42.69;42.57;42.69;1000
20160205 130000;42.51;42.51;42.51;42.51;100
20160205 130100;42.3;42.3;42.3;42.3;100
20160205 130400;42.23;42.23;42.22;42.22;200
20160205 130500;41.93;41.93;41.86;41.86;700
20160205 130600;42.0848;42.0848;42.0848;42.0848;100
20160205 130900;42.08;42.08;42.08;42.08;200
20160205 131700;42.41;42.41;42.41;42.41;100
20160205 132000;42.24;42.245;42.24;42.245;400
20160205 132500;42.08;42.09;42.08;42.08;1045
20160205 133100;42.07;42.07;42.07;42.07;500
20160205 133200;42.15;42.15;42.15;42.15;100
20160205 133300;42.18;42.18;42.18;42.18;220
20160205 134000;42.63;42.63;42.63;42.63;100
20160205 134200;42.68;42.68;42.68;42.68;100
20160205 135000;43.42;43.42;43.42;43.42;100
20160205 135300;43.49;43.49;43.49;43.49;100
20160205 135400;43.48;43.48;43.48;43.48;100
20160205 135500;43.27;43.27;43.27;43.27;468
20160205 135600;43.0135;43.0135;43.0135;43.0135;100
20160205 140300;43.4;43.4;43.4;43.4;150
20160205 140500;43.52;43.52;43.52;43.52;100
20160205 140700;43.4299;43.4299;43.4299;43.4299;500
20160205 141100;43.43;43.5;43.43;43.5;400
20160205 141200;43.51;43.51;43.51;43.51;100
20160205 141300;43.54;43.54;43.54;43.54;100
20160205 141600;43.75;43.75;43.75;43.75;100
20160205 141900;43.74;43.74;43.74;43.74;200
20160205 142100;43.8201;43.8201;43.8201;43.8201;250
20160205 142200;43.71;43.71;43.71;43.71;150
20160205 142300;43.69;43.69;43.69;43.69;100
20160205 142400;43.48;43.48;43.48;43.48;200
20160205 143300;43.5;43.5;43.5;43.5;100
20160205 144200;43.03;43.03;43.03;43.03;100
20160205 144600;43.24;43.27;43.21;43.27;1000
20160205 144700;42.99;42.99;42.99;42.99;200
20160205 145100;43.02;43.02;43.02;43.02;300
20160205 145200;43.2;43.2;43.13;43.13;1400
20160205 145400;43.32;43.32;43.2759;43.2759;1000
20160205 145600;43.5;43.5;43.5;43.5;350
20160205 145700;43.4;43.4;43.35;43.35;400
20160205 150400;43.6;43.7;43.55;43.7;910
20160205 150500;43.73;43.73;43.73;43.73;100
20160205 150600;43.53;43.53;43.53;43.53;100
20160205 151100;43.609;43.62;43.609;43.619;1929
20160205 151200;43.51;43.51;43.51;43.51;200
20160205 151500;43.36;43.36;43.36;43.36;100
20160205 151600;43.41;43.45;43.41;43.45;300
20160205 151700;43.34;43.42;43.34;43.42;700
20160205 151800;43.4;43.4;43.25;43.25;1429
20160205 151900;43.19;43.19;43.19;43.19;397
20160205 152300;42.98;42.98;42.98;42.98;100
20160205 152400;43.05;43.05;43.05;43.05;100
20160205 152600;43.24;43.24;43.24;43.24;100
20160205 153800;43.42;43.42;43.37;43.37;200
20160205 154000;43.13;43.19;43.13;43.18;700
20160205 154100;43.41;43.41;43.41;43.41;100
20160205 154300;43.09;43.09;43.09;43.09;500
20160205 155000;43;43;43;43;100
20160205 155200;42.92;42.92;42.92;42.92;100
20160205 155400;42.89;42.89;42.89;42.89;100
20160205 155500;42.93;43.11;42.9001;43.0899;1902
20160205 155600;43;43;42.94;42.94;300
20160205 155700;42.93;42.93;42.79;42.79;464
20160205 160000;42.66;42.6601;42.5;42.5;1390
