20160118 093700;18.02;18.02;18.02;18.02;200
20160118 093800;18.02;18.03;18.02;18.03;800
20160118 093900;18.02;18.02;18.01;18.01;6100
20160118 094000;18.1;18.1;18.1;18.1;100
20160118 094200;17.98;17.98;17.98;17.98;300
20160118 094500;17.98;17.98;17.98;17.98;500
20160118 094600;17.97;17.97;17.97;17.97;900
20160118 101500;18;18;18;18;400
20160118 103500;18;18;18;18;300
20160118 112800;17.99;17.99;17.99;17.99;400
20160118 113000;17.99;17.99;17.99;17.99;500
20160118 113100;17.99;17.99;17.99;17.99;500
20160118 113700;17.99;17.99;17.99;17.99;500
20160118 113900;17.96;17.96;17.96;17.96;500
20160118 120500;17.9;17.9;17.9;17.9;500
20160118 122700;17.9;17.9;17.9;17.9;400
20160118 123400;17.93;17.93;17.93;17.93;300
20160118 124000;17.93;17.93;17.93;17.93;400
20160118 125500;17.95;17.95;17.95;17.95;900
20160118 135200;17.95;17.95;17.95;17.95;1500
20160118 141600;17.95;17.95;17.95;17.95;400
20160118 144400;17.8;17.88;17.8;17.88;1000
20160118 144600;17.98;17.98;17.98;17.98;500
20160118 145000;17.93;17.93;17.93;17.93;400
20160118 151200;17.93;17.93;17.93;17.93;1200
20160118 153200;17.98;17.98;17.98;17.98;300
20160118 153600;17.8;17.8;17.8;17.8;500
20160118 155100;17.8;17.8;17.8;17.8;400
20160118 160000;17.81;17.81;17.75;17.75;11200
20160119 093100;18.1;18.1;18.1;18.1;300
20160119 093200;18.25;18.25;18.25;18.25;300
20160119 094300;18.16;18.16;18.16;18.16;2100
20160119 094600;18.11;18.15;18.11;18.15;200
20160119 095800;18.16;18.16;18.16;18.16;100
20160119 100200;18.2;18.2;18.2;18.2;2500
20160119 100300;18.22;18.22;18.22;18.22;100
20160119 100800;18.27;18.27;18.27;18.27;100
20160119 101000;18.26;18.26;18.24;18.24;200
20160119 105100;18.18;18.18;18.18;18.18;1000
20160119 105200;18.18;18.18;18.18;18.18;900
20160119 111500;18.05;18.05;18.05;18.05;300
20160119 113900;18.08;18.11;18.08;18.11;21200
20160119 120400;18.04;18.04;18.04;18.04;300
20160119 123500;18;18;18;18;200
20160119 123900;17.99;17.99;17.99;17.99;200
20160119 124100;17.96;17.96;17.96;17.96;500
20160119 124200;17.96;17.96;17.96;17.96;500
20160119 125000;17.93;17.93;17.93;17.93;1000
20160119 125500;17.93;17.93;17.93;17.93;1000
20160119 130200;17.96;17.96;17.96;17.96;100
20160119 130700;17.94;17.94;17.94;17.94;1000
20160119 131100;17.97;17.97;17.97;17.97;15000
20160119 131500;17.99;17.99;17.99;17.99;800
20160119 132000;18;18;18;18;300
20160119 133500;17.97;17.97;17.97;17.97;300
20160119 134100;18;18;18;18;15100
20160119 135300;18;18;18;18;3200
20160119 140800;17.9;17.9;17.9;17.9;500
20160119 141200;17.87;17.87;17.87;17.87;100
20160119 153100;17.99;17.99;17.99;17.99;1000
20160120 094900;17.66;17.66;17.66;17.66;2000
20160120 095100;17.64;17.64;17.64;17.64;100
20160120 095400;17.6;17.6;17.6;17.6;100
20160120 095500;17.6;17.6;17.6;17.6;300
20160120 100100;17.55;17.55;17.46;17.46;500
20160120 102000;17.36;17.36;17.36;17.36;100
20160120 104200;17.3;17.3;17.3;17.3;500
20160120 104800;17.33;17.33;17.33;17.33;1200
20160120 104900;17.33;17.33;17.33;17.33;100
20160120 105100;17.35;17.35;17.35;17.35;100
20160120 105200;17.35;17.35;17.35;17.35;500
20160120 105700;17.35;17.35;17.35;17.35;1000
20160120 105800;17.37;17.37;17.37;17.37;100
20160120 110000;17.36;17.36;17.36;17.36;100
20160120 110400;17.38;17.38;17.38;17.38;100
20160120 110700;17.4;17.4;17.4;17.4;100
20160120 111100;17.39;17.39;17.39;17.39;100
20160120 112800;17.45;17.45;17.45;17.45;400
20160120 112900;17.45;17.45;17.45;17.45;400
20160120 113900;17.4;17.4;17.4;17.4;200
20160120 114200;17.34;17.34;17.34;17.34;300
20160120 114400;17.33;17.33;17.33;17.33;200
20160120 120800;17.25;17.25;17.25;17.25;200
20160120 122400;17.22;17.22;17.22;17.22;100
20160120 123200;17.2;17.2;17.2;17.2;200
20160120 123300;17.23;17.23;17.23;17.23;100
20160120 124000;17.23;17.23;17.23;17.23;100
20160120 132100;17.27;17.27;17.27;17.27;700
20160120 133700;17.33;17.33;17.33;17.33;200
20160120 134500;17.39;17.39;17.39;17.39;100
20160120 134600;17.41;17.41;17.41;17.41;100
20160120 134900;17.42;17.42;17.42;17.42;100
20160120 140100;17.39;17.39;17.39;17.39;400
20160120 141300;17.44;17.44;17.44;17.44;100
20160120 143700;17.33;17.33;17.33;17.33;300
20160120 144800;17.35;17.35;17.35;17.35;3000
20160120 150700;17.46;17.48;17.46;17.48;500
20160120 151500;17.49;17.5;17.49;17.49;11600
20160120 151600;17.5;17.5;17.5;17.5;14600
20160120 151700;17.51;17.51;17.51;17.51;100
20160120 151900;17.56;17.56;17.56;17.56;100
20160120 153100;17.69;17.69;17.69;17.69;400
20160120 153500;17.66;17.66;17.66;17.66;300
20160120 153600;17.65;17.65;17.65;17.65;300
20160120 154200;17.65;17.65;17.65;17.65;200
20160120 154900;17.54;17.54;17.54;17.54;700
20160120 155200;17.54;17.54;17.54;17.54;400
20160121 093900;17.5;17.5;17.5;17.5;1000
20160121 095400;17.31;17.31;17.31;17.31;700
20160121 102800;17.42;17.42;17.42;17.42;3500
20160121 103000;17.44;17.44;17.44;17.44;500
20160121 103600;17.47;17.47;17.47;17.47;100
20160121 111700;17.35;17.35;17.35;17.35;100
20160121 112200;17.3;17.3;17.3;17.3;800
20160121 120300;17.38;17.38;17.38;17.38;900
20160121 120400;17.4;17.4;17.4;17.4;500
20160121 121400;17.36;17.36;17.36;17.36;300
20160121 121600;17.37;17.38;17.37;17.38;1400
20160121 121700;17.37;17.37;17.37;17.37;100
20160121 122600;17.34;17.34;17.34;17.34;300
20160121 122800;17.36;17.36;17.36;17.36;100
20160121 123400;17.36;17.36;17.36;17.36;300
20160121 123700;17.36;17.36;17.36;17.36;200
20160121 124300;17.35;17.35;17.35;17.35;1200
20160121 125100;17.34;17.34;17.34;17.34;100
20160121 130000;17.32;17.32;17.32;17.32;500
20160121 130300;17.37;17.37;17.37;17.37;300
20160121 130800;17.35;17.35;17.35;17.35;300
20160121 132100;17.28;17.28;17.28;17.28;1200
20160121 132200;17.27;17.27;17.27;17.27;200
20160121 134900;17.21;17.21;17.21;17.21;900
20160121 135000;17.19;17.19;17.19;17.19;800
20160121 135200;17.19;17.19;17.19;17.19;100
20160121 135300;17.18;17.18;17.14;17.14;1600
20160121 135500;17.15;17.15;17.15;17.15;100
20160121 135600;17.17;17.17;17.17;17.17;100
20160121 135900;17.16;17.16;17.16;17.16;100
20160121 141200;17.1;17.1;17.07;17.07;2200
20160121 141900;17.06;17.06;17.06;17.06;300
20160121 142100;17.06;17.06;17.06;17.06;100
20160121 142600;17.06;17.06;17.05;17.05;2100
20160121 142800;17.05;17.05;17.05;17.05;200
20160121 143100;17.1;17.1;17.1;17.1;1200
20160121 144000;17.12;17.12;17.12;17.12;1800
20160121 151000;17.04;17.04;17.04;17.04;100
20160121 152300;17.05;17.05;17.05;17.05;500
20160121 153000;17.05;17.05;17.05;17.05;200
20160121 154600;17.12;17.12;17.12;17.12;800
20160121 155700;17.04;17.04;17.04;17.04;1200
20160122 093600;17.15;17.15;17.15;17.15;200
20160122 095300;17.03;17.03;17.03;17.03;200
20160122 095400;17.05;17.05;17.05;17.05;200
20160122 095500;17.07;17.07;17.07;17.07;300
20160122 095900;17.12;17.12;17.12;17.12;200
20160122 100100;17.13;17.13;17.13;17.13;200
20160122 100200;17.13;17.13;17.13;17.13;1200
20160122 100400;17.08;17.08;17.08;17.08;300
20160122 100700;17.07;17.07;17.07;17.07;300
20160122 100900;17.06;17.06;17.06;17.06;100
20160122 101100;17.05;17.08;17.05;17.08;900
20160122 101300;17.08;17.08;17.08;17.08;100
20160122 101600;17.06;17.06;17.06;17.06;500
20160122 101700;17.06;17.06;17.06;17.06;400
20160122 101900;17.06;17.06;17.06;17.06;100
20160122 102300;17.07;17.07;17.07;17.07;100
20160122 103200;17.06;17.06;17.06;17.06;31500
20160122 104000;17.05;17.05;17.05;17.05;100
20160122 104300;17.08;17.08;17.08;17.08;800
20160122 104700;17.06;17.06;17.06;17.06;100
20160122 105000;17.05;17.05;17.05;17.05;200
20160122 110700;17.04;17.04;17.04;17.04;200
20160122 110800;17.02;17.02;17.02;17.02;200
20160122 111300;17;17;17;17;300
20160122 112600;17.03;17.03;17.03;17.03;200
20160122 114800;16.98;16.98;16.98;16.98;100
20160122 114900;16.95;16.95;16.95;16.95;100
20160122 115300;16.97;16.97;16.97;16.97;10000
20160122 124900;17.03;17.05;17.03;17.05;3600
20160122 125900;17.03;17.03;17.03;17.03;300
20160122 130700;17.04;17.04;17.04;17.04;100
20160122 133300;17.05;17.05;17.05;17.05;3000
20160122 133400;17.05;17.05;17.05;17.05;3000
20160122 133500;17.05;17.05;17.05;17.05;26500
20160122 134400;17.06;17.06;17.06;17.06;100
20160122 134700;17.07;17.07;17.07;17.07;1100
20160122 140200;17.1;17.1;17.1;17.1;100
20160122 143500;17.05;17.05;17.05;17.05;1000
20160122 144200;17.02;17.02;17.02;17.02;1000
20160122 153100;17;17;17;17;400
20160122 154600;17.03;17.03;17.03;17.03;700
20160122 155600;17.04;17.04;17.04;17.04;100
20160122 155900;17.05;17.05;17.05;17.05;100
20160125 093100;17.03;17.03;17.03;17.03;500
20160125 093300;17.02;17.02;17.02;17.02;200
20160125 093400;17;17;17;17;500
20160125 093500;16.99;16.99;16.99;16.99;700
20160125 093600;16.97;16.97;16.97;16.97;1000
20160125 101200;16.79;16.79;16.79;16.79;3600
20160125 101300;16.8;16.8;16.8;16.8;200
20160125 101500;16.81;16.81;16.81;16.81;100
20160125 102000;16.8;16.8;16.8;16.8;100
20160125 102100;16.79;16.79;16.79;16.79;200
20160125 103000;16.84;16.84;16.84;16.84;300
20160125 103500;16.86;16.86;16.86;16.86;500
20160125 103600;16.84;16.84;16.84;16.84;100
20160125 103700;16.82;16.82;16.82;16.82;100
20160125 103800;16.81;16.81;16.81;16.81;300
20160125 104000;16.8;16.8;16.8;16.8;200
20160125 104700;16.77;16.77;16.77;16.77;200
20160125 104800;16.78;16.78;16.78;16.78;200
20160125 105300;16.77;16.77;16.77;16.77;500
20160125 105800;16.77;16.77;16.77;16.77;600
20160125 111500;16.7;16.7;16.7;16.7;300
20160125 111600;16.71;16.71;16.71;16.71;400
20160125 113800;16.75;16.75;16.75;16.75;1000
20160125 115100;16.74;16.74;16.74;16.74;100
20160125 115600;16.73;16.73;16.73;16.73;100
20160125 120000;16.73;16.73;16.73;16.73;1200
20160125 120200;16.72;16.72;16.72;16.72;100
20160125 121700;16.71;16.71;16.71;16.71;100
20160125 122700;16.72;16.74;16.72;16.74;200
20160125 124200;16.74;16.74;16.74;16.74;100
20160125 130100;16.73;16.73;16.73;16.73;100
20160125 130300;16.75;16.75;16.75;16.75;100
20160125 130500;16.77;16.77;16.77;16.77;100
20160125 143800;16.75;16.75;16.73;16.73;3400
20160125 144000;16.73;16.73;16.73;16.73;2800
20160125 144300;16.71;16.71;16.71;16.71;1700
20160125 153000;16.6;16.6;16.6;16.6;100
20160125 153100;16.6;16.6;16.6;16.6;100
20160125 153300;16.58;16.58;16.58;16.58;700
20160125 153400;16.59;16.59;16.59;16.59;2100
20160125 154100;16.57;16.57;16.57;16.57;1000
20160125 155700;16.54;16.54;16.54;16.54;100
20160125 155800;16.54;16.55;16.54;16.55;300
20160125 155900;16.55;16.55;16.55;16.55;400
20160126 093400;16.54;16.54;16.54;16.54;100
20160126 093700;16.58;16.58;16.58;16.58;100
20160126 102200;16.61;16.61;16.61;16.61;900
20160126 110600;16.62;16.62;16.62;16.62;100
20160126 110700;16.6;16.6;16.6;16.6;200
20160126 114100;16.55;16.55;16.55;16.55;100
20160126 114900;16.55;16.55;16.55;16.55;600
20160126 122900;16.67;16.67;16.67;16.67;1700
20160126 124100;16.68;16.68;16.68;16.68;200
20160126 124500;16.7;16.7;16.7;16.7;200
20160126 130200;16.67;16.67;16.67;16.67;600
20160126 142600;16.69;16.69;16.69;16.69;100
20160126 144300;16.66;16.66;16.66;16.66;100
20160126 144600;16.67;16.67;16.67;16.67;600
20160126 145100;16.68;16.68;16.68;16.68;500
20160126 145900;16.66;16.66;16.66;16.66;500
20160126 150500;16.66;16.66;16.66;16.66;100
20160126 151400;16.64;16.64;16.64;16.64;300
20160126 152300;16.63;16.63;16.63;16.63;400
20160126 152700;16.63;16.63;16.63;16.63;1000
20160126 153300;16.63;16.63;16.63;16.63;200
20160126 154300;16.67;16.67;16.67;16.67;500
20160126 154900;16.66;16.66;16.66;16.66;200
20160126 155000;16.66;16.66;16.66;16.66;3000
20160126 155800;16.65;16.65;16.65;16.65;200
20160126 160000;16.67;16.67;16.67;16.67;200
20160127 100500;16.84;16.84;16.84;16.84;800
20160127 100600;16.84;16.84;16.84;16.84;100
20160127 100800;16.84;16.84;16.84;16.84;100
20160127 101000;16.84;16.84;16.84;16.84;100
20160127 101100;16.84;16.84;16.84;16.84;100
20160127 101500;16.82;16.82;16.82;16.82;100
20160127 104500;16.83;16.83;16.83;16.83;6500
20160127 111000;16.9;16.9;16.9;16.9;3000
20160127 112400;16.99;16.99;16.99;16.99;1300
20160127 113600;17.04;17.05;17.04;17.05;2000
20160127 114300;17.03;17.03;17.03;17.03;400
20160127 114500;17.05;17.05;17.05;17.05;400
20160127 120200;17.09;17.09;17.09;17.09;300
20160127 120300;17.09;17.09;17.09;17.09;500
20160127 120700;17.14;17.14;17.14;17.14;400
20160127 125400;17.11;17.11;17.11;17.11;200
20160127 133900;17.11;17.11;17.11;17.11;100
20160127 135900;17.08;17.08;17.08;17.08;100
20160127 140100;17.1;17.11;17.1;17.11;200
20160127 140200;17.13;17.13;17.13;17.13;100
20160127 140600;17;17;17;17;500
20160127 150300;16.83;16.83;16.83;16.83;1600
20160127 152400;16.81;16.81;16.81;16.81;300
20160127 155700;16.85;16.85;16.85;16.85;200
20160127 155800;16.85;16.85;16.85;16.85;100
20160127 155900;16.85;16.85;16.85;16.85;200
20160127 160000;16.85;16.85;16.85;16.85;200
20160128 094300;16.99;16.99;16.99;16.99;500
20160128 100100;17.04;17.04;17.04;17.04;100
20160128 100200;16.95;16.95;16.95;16.95;100
20160128 100400;16.95;16.95;16.95;16.95;100
20160128 104000;16.86;16.86;16.86;16.86;100
20160128 105800;16.87;16.87;16.87;16.87;300
20160128 112200;16.96;16.96;16.96;16.96;100
20160128 112700;16.95;16.95;16.95;16.95;100
20160128 113400;16.94;16.94;16.94;16.94;200
20160128 123600;17;17;17;17;800
20160128 124800;17.01;17.01;17.01;17.01;200
20160128 125000;17.03;17.03;17;17;600
20160128 125100;17.01;17.01;17.01;17.01;100
20160128 125300;16.99;16.99;16.99;16.99;100
20160128 130600;16.92;16.92;16.92;16.92;100
20160128 131000;16.94;16.94;16.94;16.94;200
20160128 131500;16.94;16.94;16.94;16.94;200
20160128 134900;16.93;16.93;16.93;16.93;1000
20160128 135400;16.93;16.93;16.93;16.93;200
20160128 135900;16.92;16.92;16.92;16.92;200
20160128 142700;16.97;16.97;16.97;16.97;300
20160128 150100;16.98;16.98;16.98;16.98;400
20160128 155000;16.93;16.93;16.93;16.93;500
20160129 093400;16.92;16.92;16.92;16.92;100
20160129 100100;17;17;17;17;1000
20160129 100600;17.08;17.08;17.08;17.08;1100
20160129 104500;17.04;17.04;17.04;17.04;300
20160129 112900;17.02;17.02;17.02;17.02;900
20160129 113100;17.02;17.02;17.02;17.02;2100
20160129 120700;17.01;17.01;17.01;17.01;1000
20160129 125900;17;17;17;17;200
20160129 130500;17;17.01;16.98;17.01;2700
20160129 143100;17.05;17.05;17.05;17.05;200
20160129 144600;17.02;17.02;17.02;17.02;2000
20160129 145700;17.01;17.01;17.01;17.01;200
20160129 150000;17.02;17.02;17.02;17.02;100
20160129 150400;17.03;17.03;17.03;17.03;400
20160129 151600;17.04;17.04;17.04;17.04;700
20160129 152900;17.1;17.1;17.1;17.1;1000
20160129 154200;17.15;17.15;17.15;17.15;900
20160129 154400;17.15;17.15;17.15;17.15;2000
20160129 155700;17.2;17.2;17.2;17.2;300
20160129 160000;17.19;17.19;17.19;17.19;100
20160201 100300;17.01;17.01;17.01;17.01;500
20160201 101300;17.03;17.03;17.03;17.03;800
20160201 102700;17.01;17.01;17.01;17.01;100
20160201 110700;17.03;17.03;17.01;17.01;1300
20160201 111000;17.03;17.03;17.03;17.03;1300
20160201 113400;17;17;17;17;2600
20160201 120100;16.98;16.98;16.98;16.98;1500
20160201 123800;16.96;16.96;16.96;16.96;2000
20160201 125500;16.92;16.92;16.92;16.92;200
20160201 140400;16.91;16.91;16.91;16.91;400
20160201 141000;16.87;16.87;16.87;16.87;100
20160201 143000;16.84;16.84;16.84;16.84;400
20160201 143500;16.86;16.86;16.86;16.86;1000
20160201 144200;16.9;16.9;16.9;16.9;400
20160201 150100;16.92;16.92;16.92;16.92;100
20160201 155500;16.95;16.95;16.95;16.95;1500
20160202 093300;16.73;16.73;16.68;16.68;1000
20160202 093400;16.72;16.72;16.72;16.72;100
20160202 093600;16.68;16.68;16.68;16.68;200
20160202 095000;16.68;16.68;16.68;16.68;100
20160202 095600;16.68;16.68;16.68;16.68;100
20160202 100500;16.71;16.71;16.71;16.71;400
20160202 100600;16.71;16.71;16.71;16.71;200
20160202 100700;16.71;16.71;16.71;16.71;400
20160202 101400;16.69;16.69;16.69;16.69;400
20160202 101500;16.67;16.67;16.67;16.67;300
20160202 101800;16.65;16.65;16.65;16.65;1000
20160202 102700;16.6;16.6;16.6;16.6;700
20160202 102800;16.62;16.62;16.62;16.62;400
20160202 103300;16.63;16.63;16.63;16.63;400
20160202 104900;16.58;16.58;16.58;16.58;500
20160202 105900;16.57;16.57;16.57;16.57;100
20160202 111300;16.63;16.63;16.63;16.63;600
20160202 112300;16.62;16.62;16.62;16.62;500
20160202 113200;16.64;16.64;16.64;16.64;500
20160202 113500;16.67;16.67;16.67;16.67;100
20160202 113700;16.66;16.66;16.66;16.66;100
20160202 114000;16.66;16.66;16.66;16.66;100
20160202 114100;16.65;16.65;16.65;16.65;100
20160202 114300;16.65;16.65;16.65;16.65;100
20160202 115800;16.59;16.59;16.59;16.59;500
20160202 124800;16.62;16.62;16.62;16.62;100
20160202 124900;16.61;16.61;16.61;16.61;1600
20160202 131000;16.53;16.53;16.53;16.53;200
20160202 131400;16.54;16.54;16.54;16.54;500
20160202 134300;16.52;16.52;16.52;16.52;2000
20160202 135100;16.5;16.5;16.5;16.5;400
20160202 135500;16.48;16.48;16.48;16.48;500
20160202 140500;16.48;16.48;16.48;16.48;500
20160202 140800;16.48;16.48;16.48;16.48;1000
20160202 141900;16.49;16.49;16.49;16.49;1000
20160202 142400;16.45;16.45;16.44;16.44;600
20160202 142500;16.44;16.44;16.44;16.44;1000
20160202 142600;16.46;16.47;16.46;16.47;600
20160202 143000;16.46;16.46;16.46;16.46;100
20160202 143500;16.46;16.47;16.46;16.47;300
20160202 143800;16.47;16.48;16.47;16.48;200
20160202 144000;16.49;16.49;16.49;16.49;100
20160202 144300;16.49;16.49;16.49;16.49;100
20160202 144600;16.49;16.49;16.49;16.49;2000
20160202 144900;16.49;16.49;16.49;16.49;100
20160202 145200;16.5;16.5;16.5;16.5;100
20160202 145300;16.51;16.51;16.51;16.51;100
20160202 151400;16.41;16.41;16.41;16.41;700
20160202 153000;16.44;16.44;16.44;16.44;200
20160202 154300;16.5;16.5;16.5;16.5;200
20160202 160000;16.5;16.5;16.5;16.5;300
20160203 093100;16.34;16.34;16.34;16.34;100
20160203 093500;16.28;16.28;16.28;16.28;100
20160203 093600;16.28;16.28;16.28;16.28;200
20160203 094800;16.11;16.11;16.11;16.11;200
20160203 094900;16.1;16.1;16.1;16.1;200
20160203 095100;16.12;16.12;16.12;16.12;1600
20160203 095900;16.1;16.1;16.09;16.09;9900
20160203 100100;16.04;16.04;16.01;16.01;200
20160203 100200;16;16;16;16;1800
20160203 100300;15.98;15.98;15.98;15.98;100
20160203 100400;15.97;15.97;15.96;15.97;900
20160203 100600;15.94;15.95;15.94;15.95;200
20160203 100800;15.94;15.94;15.94;15.94;3100
20160203 101200;15.9;15.9;15.89;15.89;1400
20160203 101500;15.84;15.85;15.84;15.85;2400
20160203 101600;15.85;15.85;15.85;15.85;100
20160203 101700;15.88;15.88;15.88;15.88;500
20160203 101900;15.85;15.87;15.85;15.87;200
20160203 102200;15.83;15.84;15.83;15.84;500
20160203 102300;15.85;15.87;15.85;15.87;800
20160203 102400;15.86;15.86;15.86;15.86;100
20160203 102500;15.88;15.88;15.88;15.88;100
20160203 102800;15.86;15.86;15.86;15.86;1000
20160203 103000;15.82;15.82;15.82;15.82;300
20160203 103100;15.81;15.81;15.81;15.81;100
20160203 103200;15.8;15.8;15.8;15.8;400
20160203 103400;15.8;15.8;15.8;15.8;1000
20160203 103500;15.78;15.78;15.78;15.78;500
20160203 104000;15.83;15.83;15.83;15.83;4000
20160203 104400;15.85;15.85;15.85;15.85;1000
20160203 104600;15.85;15.87;15.85;15.87;3400
20160203 104700;15.86;15.86;15.86;15.86;1700
20160203 105200;15.9;15.9;15.9;15.9;300
20160203 105300;15.9;15.91;15.9;15.91;700
20160203 105400;15.9;15.9;15.9;15.9;200
20160203 105500;15.92;15.92;15.91;15.91;500
20160203 105600;15.92;15.92;15.92;15.92;200
20160203 105800;15.97;15.97;15.97;15.97;1400
20160203 110100;15.95;15.95;15.95;15.95;100
20160203 110900;15.86;15.87;15.86;15.87;4300
20160203 111200;15.88;15.88;15.88;15.88;100
20160203 111300;15.88;15.88;15.87;15.87;500
20160203 111400;15.89;15.89;15.89;15.89;1000
20160203 112700;15.95;15.95;15.95;15.95;400
20160203 112800;15.95;15.95;15.95;15.95;1000
20160203 113300;15.97;15.97;15.97;15.97;300
20160203 113400;15.95;15.95;15.95;15.95;200
20160203 114100;16;16;16;16;600
20160203 114400;16;16;16;16;1000
20160203 114800;16.01;16.01;16.01;16.01;100
20160203 115800;15.98;15.98;15.98;15.98;500
20160203 120100;16;16;16;16;100
20160203 120600;15.98;15.98;15.98;15.98;200
20160203 120700;15.98;15.98;15.98;15.98;100
20160203 122000;15.95;15.95;15.95;15.95;900
20160203 122100;15.95;15.95;15.95;15.95;1000
20160203 123700;15.95;15.95;15.95;15.95;900
20160203 123800;15.96;15.96;15.96;15.96;800
20160203 130000;15.97;15.97;15.97;15.97;12200
20160203 132300;15.9;15.9;15.9;15.9;200
20160203 135500;15.91;15.91;15.91;15.91;600
20160203 135600;15.91;15.91;15.91;15.91;1000
20160203 142200;16;16;16;16;500
20160203 143300;16.18;16.18;16.18;16.18;100
20160203 145400;16.17;16.17;16.17;16.17;100
20160203 150000;16.25;16.25;16.25;16.25;100
20160203 150300;16.22;16.22;16.22;16.22;1000
20160203 150400;16.23;16.23;16.23;16.23;100
20160203 151000;16.25;16.25;16.25;16.25;500
20160203 151400;16.26;16.26;16.26;16.26;500
20160203 151600;16.25;16.25;16.25;16.25;2000
20160203 152600;16.23;16.23;16.23;16.23;400
20160203 152800;16.19;16.19;16.19;16.19;300
20160203 160000;16.19;16.19;16.19;16.19;1100
20160204 093200;16.09;16.09;16.09;16.09;700
20160204 094400;16.17;16.17;16.17;16.17;100
20160204 094600;16.17;16.17;16.17;16.17;300
20160204 103300;16.38;16.38;16.38;16.38;300
20160204 115300;16.32;16.32;16.32;16.32;500
20160204 131500;16.37;16.37;16.37;16.37;600
20160204 132800;16.3;16.3;16.3;16.3;500
20160204 133800;16.3;16.3;16.3;16.3;1900
20160204 134100;16.3;16.3;16.3;16.3;300
20160204 141500;16.27;16.27;16.27;16.27;400
20160204 143100;16.23;16.23;16.23;16.23;500
20160204 143200;16.23;16.23;16.23;16.23;2000
20160204 150700;16.3;16.3;16.3;16.3;100
20160204 151400;16.33;16.33;16.33;16.33;500
20160204 155800;16.4;16.41;16.4;16.41;200
20160204 155900;16.41;16.41;16.41;16.41;100
20160204 160000;16.4;16.4;16.4;16.4;100
20160205 093600;16.58;16.58;16.58;16.58;3000
20160205 094400;16.62;16.63;16.62;16.63;12800
20160205 095300;16.54;16.54;16.54;16.54;200
20160205 095700;16.65;16.65;16.65;16.65;500
20160205 095800;16.62;16.62;16.62;16.62;500
20160205 104800;16.54;16.54;16.54;16.54;500
20160205 105700;16.53;16.53;16.52;16.52;1300
20160205 111200;16.5;16.5;16.5;16.5;100
20160205 111400;16.52;16.52;16.52;16.52;400
20160205 113400;16.45;16.45;16.45;16.45;600
20160205 114300;16.39;16.39;16.39;16.39;300
20160205 115200;16.43;16.43;16.43;16.43;200
20160205 120800;16.44;16.44;16.44;16.44;200
20160205 121600;16.43;16.43;16.43;16.43;100
20160205 121900;16.42;16.42;16.42;16.42;100
20160205 123000;16.47;16.47;16.47;16.47;100
20160205 125200;16.45;16.45;16.45;16.45;200
20160205 135400;16.42;16.42;16.42;16.42;500
20160205 141700;16.36;16.36;16.36;16.36;100
20160205 142000;16.37;16.37;16.37;16.37;200
20160205 144900;16.4;16.4;16.4;16.4;1200
20160205 150600;16.35;16.37;16.35;16.37;400
20160205 154400;16.36;16.36;16.36;16.36;1000
