20160119 094100;11.81;11.81;11.81;11.81;100
20160119 100200;11.81;11.81;11.81;11.81;400
20160119 101000;11.8;11.8;11.79;11.79;500
20160119 101100;11.79;11.79;11.78;11.78;200
20160119 101400;11.8;11.8;11.79;11.79;700
20160119 101500;11.8;11.8;11.8;11.8;390
20160119 101600;11.8;11.8;11.8;11.8;100
20160119 101700;11.8;11.81;11.8;11.8;500
20160119 101800;11.8;11.82;11.8;11.82;1400
20160119 102500;11.8;11.8;11.8;11.8;300
20160119 102600;11.82;11.82;11.82;11.82;100
20160119 102900;11.82;11.82;11.82;11.82;100
20160119 103200;11.82;11.8599;11.82;11.8599;1186
20160119 103300;11.82;11.82;11.82;11.82;100
20160119 104400;11.82;11.82;11.82;11.82;100
20160119 105200;11.82;11.82;11.82;11.82;100
20160119 105600;11.8;11.8;11.8;11.8;100
20160119 105700;11.8299;11.8299;11.8299;11.8299;100
20160119 110000;11.7701;11.7701;11.7701;11.7701;100
20160119 110500;11.77;11.77;11.77;11.77;2000
20160119 110700;11.7753;11.7753;11.7753;11.7753;100
20160119 111800;11.787;11.787;11.787;11.787;250
20160119 111900;11.78;11.78;11.78;11.78;100
20160119 112100;11.78;11.781;11.78;11.781;900
20160119 112300;11.78;11.78;11.78;11.78;100
20160119 112900;11.78;11.786;11.78;11.786;1928
20160119 113400;11.77;11.77;11.77;11.77;300
20160119 113500;11.77;11.77;11.77;11.77;300
20160119 114000;11.77;11.77;11.77;11.77;100
20160119 114200;11.77;11.77;11.77;11.77;100
20160119 114500;11.77;11.77;11.77;11.77;100
20160119 114800;11.77;11.77;11.77;11.77;100
20160119 115000;11.78;11.78;11.78;11.78;500
20160119 115300;11.78;11.78;11.78;11.78;100
20160119 115500;11.78;11.78;11.78;11.78;100
20160119 115800;11.78;11.78;11.78;11.78;100
20160119 120400;11.79;11.79;11.78;11.78;669
20160119 120500;11.76;11.76;11.76;11.76;400
20160119 120600;11.77;11.77;11.77;11.77;200
20160119 120700;11.76;11.76;11.7501;11.7501;400
20160119 121200;11.7501;11.7501;11.7501;11.7501;200
20160119 121400;11.76;11.76;11.76;11.76;100
20160119 121700;11.76;11.76;11.76;11.76;100
20160119 122000;11.76;11.76;11.74;11.74;1900
20160119 122200;11.74;11.74;11.74;11.74;200
20160119 122300;11.74;11.74;11.74;11.74;1100
20160119 122400;11.74;11.74;11.74;11.74;100
20160119 122800;11.74;11.74;11.74;11.74;100
20160119 123100;11.74;11.74;11.74;11.74;100
20160119 123400;11.74;11.74;11.74;11.74;100
20160119 123700;11.74;11.74;11.74;11.74;100
20160119 124000;11.74;11.74;11.74;11.74;100
20160119 124200;11.74;11.74;11.74;11.74;100
20160119 124300;11.74;11.74;11.74;11.74;200
20160119 124900;11.71;11.71;11.71;11.71;100
20160119 125000;11.71;11.71;11.71;11.71;100
20160119 125300;11.71;11.71;11.71;11.71;100
20160119 125900;11.71;11.71;11.71;11.71;100
20160119 130200;11.71;11.71;11.71;11.71;100
20160119 130300;11.71;11.71;11.71;11.71;100
20160119 131200;11.71;11.71;11.71;11.71;100
20160119 131500;11.71;11.71;11.71;11.71;100
20160119 131700;11.71;11.71;11.71;11.71;100
20160119 132000;11.71;11.71;11.71;11.71;100
20160119 132300;11.71;11.71;11.71;11.71;100
20160119 132600;11.71;11.71;11.71;11.71;100
20160119 132800;11.71;11.71;11.71;11.71;100
20160119 133000;11.71;11.71;11.7;11.7;400
20160119 133200;11.68;11.68;11.67;11.67;2138
20160119 133300;11.67;11.67;11.66;11.66;3000
20160119 133600;11.655;11.66;11.655;11.66;1100
20160119 133700;11.65;11.65;11.65;11.65;100
20160119 133900;11.65;11.65;11.65;11.65;100
20160119 134200;11.65;11.65;11.65;11.65;100
20160119 134400;11.65;11.65;11.65;11.65;100
20160119 134700;11.65;11.65;11.65;11.65;100
20160119 134900;11.65;11.65;11.65;11.65;100
20160119 135200;11.6501;11.6501;11.6501;11.6501;830
20160119 135400;11.65;11.65;11.65;11.65;200
20160119 135700;11.65;11.65;11.65;11.65;100
20160119 135900;11.65;11.65;11.65;11.65;100
20160119 140100;11.65;11.65;11.65;11.65;100
20160119 140200;11.65;11.65;11.65;11.65;100
20160119 140400;11.65;11.65;11.65;11.65;100
20160119 140700;11.65;11.65;11.65;11.65;100
20160119 140900;11.65;11.65;11.61;11.61;6229
20160119 141000;11.605;11.61;11.605;11.61;1300
20160119 141200;11.6;11.6;11.6;11.6;100
20160119 141400;11.6;11.6;11.6;11.6;100
20160119 141600;11.6;11.6;11.6;11.6;100
20160119 141800;11.6;11.6;11.6;11.6;200
20160119 141900;11.59;11.59;11.59;11.59;100
20160119 142100;11.59;11.59;11.59;11.59;100
20160119 142300;11.59;11.59;11.59;11.59;100
20160119 142500;11.59;11.59;11.59;11.59;300
20160119 142900;11.59;11.59;11.59;11.59;200
20160119 143200;11.59;11.59;11.59;11.59;100
20160119 143400;11.59;11.59;11.59;11.59;100
20160119 143600;11.59;11.59;11.59;11.59;100
20160119 143800;11.59;11.59;11.59;11.59;100
20160119 144000;11.59;11.59;11.59;11.59;100
20160119 144200;11.59;11.59;11.59;11.59;600
20160119 144600;11.58;11.58;11.58;11.58;100
20160119 144700;11.58;11.58;11.57;11.57;600
20160119 144900;11.56;11.56;11.56;11.56;200
20160119 145000;11.5599;11.56;11.55;11.55;300
20160119 145300;11.55;11.56;11.55;11.5599;500
20160119 145500;11.56;11.56;11.56;11.56;300
20160119 145600;11.59;11.6;11.59;11.6;700
20160119 150400;11.6;11.6;11.6;11.6;100
20160119 150700;11.6;11.6;11.6;11.6;100
20160119 150800;11.6;11.6;11.6;11.6;100
20160119 151300;11.57;11.57;11.57;11.57;200
20160119 151600;11.57;11.57;11.57;11.57;200
20160119 152100;11.53;11.53;11.53;11.53;184
20160119 152600;11.5668;11.5668;11.5668;11.5668;150
20160119 153100;11.58;11.58;11.58;11.58;100
20160119 153900;11.56;11.56;11.55;11.55;200
20160119 154000;11.55;11.55;11.55;11.55;200
20160119 154100;11.55;11.55;11.55;11.55;100
20160119 154300;11.55;11.55;11.55;11.55;200
20160119 154400;11.55;11.55;11.55;11.55;100
20160119 154500;11.55;11.55;11.55;11.55;200
20160119 154600;11.55;11.55;11.55;11.55;100
20160119 154700;11.57;11.57;11.56;11.57;956
20160119 154800;11.57;11.57;11.57;11.57;300
20160119 155100;11.56;11.57;11.56;11.57;200
20160119 155200;11.56;11.56;11.56;11.56;200
20160119 155300;11.56;11.57;11.55;11.55;1500
20160119 155400;11.54;11.54;11.54;11.54;100
20160119 155500;11.54;11.54;11.54;11.54;100
20160119 155600;11.54;11.54;11.54;11.54;100
20160119 155800;11.54;11.55;11.54;11.55;200
20160119 155900;11.55;11.55;11.55;11.55;100
20160120 093100;11.24;11.248;11.24;11.2405;3000
20160120 093700;11.33;11.33;11.33;11.33;100
20160120 093900;11.33;11.33;11.33;11.33;100
20160120 094000;11.35;11.35;11.35;11.35;100
20160120 094200;11.31;11.31;11.31;11.31;100
20160120 094500;11.32;11.32;11.32;11.32;100
20160120 094700;11.33;11.33;11.33;11.33;100
20160120 095000;11.33;11.33;11.33;11.33;100
20160120 095500;11.33;11.33;11.33;11.33;200
20160120 095600;11.33;11.33;11.33;11.33;100
20160120 095900;11.27;11.27;11.25;11.25;1000
20160120 100500;11.2501;11.2501;11.25;11.25;642
20160120 100600;11.25;11.25;11.25;11.25;200
20160120 101100;11.25;11.25;11.25;11.25;100
20160120 102200;11.25;11.25;11.25;11.25;100
20160120 103300;11.2566;11.2566;11.2566;11.2566;1541
20160120 103500;11.25;11.25;11.25;11.25;100
20160120 103600;11.25;11.25;11.25;11.25;1000
20160120 104000;11.25;11.25;11.25;11.25;100
20160120 104300;11.25;11.25;11.25;11.25;100
20160120 104500;11.24;11.24;11.24;11.24;100
20160120 104800;11.24;11.24;11.24;11.24;100
20160120 104900;11.22;11.22;11.22;11.22;100
20160120 105500;11.22;11.22;11.2;11.2;900
20160120 105600;11.12;11.13;11.103;11.103;3790
20160120 110200;11.11;11.11;11.1;11.1;383
20160120 110500;11.1;11.106;11.1;11.1;2679
20160120 111000;11.1;11.1;11.1;11.1;2100
20160120 111100;11.1;11.1;11.07;11.08;2100
20160120 111300;11.08;11.09;11.08;11.09;500
20160120 111400;11.1;11.1;11.1;11.1;500
20160120 111800;11.1;11.1;11.1;11.1;100
20160120 112100;11.1;11.1;11.1;11.1;100
20160120 112600;11.1;11.1;11.1;11.1;100
20160120 113000;11.1;11.1;11.1;11.1;100
20160120 113400;11.1;11.1;11.1;11.1;100
20160120 113500;11.095;11.095;11.09;11.09;200
20160120 113800;11.1;11.12;11.1;11.12;700
20160120 113900;11.14;11.14;11.14;11.14;1400
20160120 114500;11.11;11.11;11.1;11.1;1400
20160120 114600;11.1;11.14;11.1;11.14;4300
20160120 114700;11.17;11.17;11.12;11.12;600
20160120 114800;11.13;11.13;11.11;11.11;700
20160120 120200;11.11;11.11;11.1;11.1;1200
20160120 120300;11.11;11.11;11.1;11.1098;5900
20160120 120400;11.1;11.1;11.07;11.07;2000
20160120 120600;11.08;11.08;11.08;11.08;1700
20160120 120900;11.08;11.08;11.08;11.08;100
20160120 121400;11.08;11.08;11.06;11.06;300
20160120 121500;11.0799;11.08;11.0785;11.0785;2900
20160120 121800;11.07;11.07;11.07;11.07;100
20160120 122000;11.0601;11.0601;11.0601;11.0601;100
20160120 123100;11.06;11.06;11.06;11.06;400
20160120 123200;11.03;11.03;11.03;11.03;400
20160120 123300;11;11.0081;11;11.0081;2400
20160120 124100;11.0122;11.0122;11.0122;11.0122;600
20160120 125600;11.02;11.02;11.02;11.02;400
20160120 131200;11.07;11.071;11.07;11.071;2000
20160120 131800;11.07;11.07;11.07;11.07;100
20160120 132000;11.072;11.072;11.07;11.07;412
20160120 132600;11.06;11.06;11.06;11.06;100
20160120 132700;11.054;11.054;11.0503;11.0503;2000
20160120 134000;11.08;11.08;11.08;11.08;400
20160120 134700;11.11;11.11;11.11;11.11;100
20160120 135300;11.17;11.17;11.17;11.17;800
20160120 142200;11.26;11.26;11.26;11.26;800
20160120 142300;11.26;11.26;11.26;11.26;100
20160120 142800;11.26;11.26;11.26;11.26;100
20160120 143200;11.26;11.26;11.26;11.26;100
20160120 143700;11.26;11.26;11.26;11.26;100
20160120 144100;11.2501;11.2501;11.2501;11.2501;570
20160120 144700;11.25;11.25;11.25;11.25;200
20160120 145200;11.25;11.25;11.25;11.25;200
20160120 150800;11.2085;11.2085;11.2085;11.2085;200
20160120 151000;11.205;11.21;11.205;11.21;564
20160120 151100;11.2397;11.2399;11.2385;11.2399;951
20160120 151600;11.24;11.24;11.24;11.24;100
20160120 152300;11.26;11.27;11.26;11.27;400
20160120 152500;11.3;11.3;11.3;11.3;100
20160120 152700;11.2901;11.2901;11.2901;11.2901;1400
20160120 152900;11.31;11.31;11.31;11.31;200
20160120 153300;11.32;11.32;11.32;11.32;400
20160120 153400;11.32;11.32;11.31;11.31;924
20160120 153500;11.31;11.31;11.31;11.31;900
20160120 153600;11.31;11.31;11.31;11.31;900
20160120 153700;11.31;11.31;11.31;11.31;1000
20160120 153800;11.31;11.31;11.31;11.31;800
20160120 153900;11.31;11.31;11.31;11.31;900
20160120 154000;11.31;11.31;11.31;11.31;800
20160120 154100;11.31;11.31;11.21;11.21;1000
20160120 154200;11.22;11.22;11.2;11.22;1000
20160120 154300;11.22;11.22;11.2;11.2;888
20160120 154400;11.21;11.22;11.2;11.2;4601
20160120 154500;11.2;11.21;11.2;11.2;1300
20160120 154600;11.2;11.2;11.2;11.2;1400
20160120 154700;11.2;11.2;11.2;11.2;1400
20160120 154800;11.2;11.2;11.08;11.08;1370
20160120 154900;11.11;11.11;11.09;11.1;1200
20160120 155000;11.1;11.11;11.1;11.1;1500
20160120 155100;11.1;11.1;11.1;11.1;1000
20160120 155200;11.11;11.11;11.1;11.11;1400
20160120 155300;11.1;11.11;11.1;11.1;1400
20160120 155400;11.11;11.11;11.1;11.11;1500
20160120 155500;11.1;11.1;11.1;11.1;2000
20160120 155600;11.11;11.11;11.07;11.07;1800
20160120 155700;11.07;11.16;11.07;11.08;2083
20160120 155800;11.09;11.12;11.08;11.09;7500
20160120 155900;11.09;11.09;11.07;11.07;5471
20160120 160000;11.06;11.06;11.06;11.06;3300
20160121 093900;11.29;11.29;11.29;11.29;100
20160121 094000;11.26;11.28;11.25;11.25;300
20160121 094100;11.27;11.27;11.27;11.27;400
20160121 094200;11.26;11.26;11.26;11.26;100
20160121 094300;11.28;11.28;11.28;11.28;200
20160121 094700;11.24;11.24;11.18;11.19;1000
20160121 095100;11.27;11.27;11.27;11.27;200
20160121 095800;11.24;11.29;11.24;11.29;1700
20160121 100000;11.28;11.28;11.28;11.28;200
20160121 100500;11.22;11.29;11.22;11.29;1300
20160121 100700;11.27;11.27;11.27;11.27;400
20160121 100900;11.27;11.3;11.27;11.3;300
20160121 101100;11.28;11.28;11.28;11.28;129
20160121 101200;11.28;11.28;11.28;11.28;200
20160121 101300;11.28;11.29;11.28;11.29;700
20160121 101400;11.28;11.28;11.24;11.24;1600
20160121 101500;11.24;11.25;11.24;11.25;2200
20160121 101600;11.24;11.25;11.24;11.25;1029
20160121 101800;11.25;11.29;11.25;11.29;1471
20160121 101900;11.31;11.34;11.31;11.32;2300
20160121 102000;11.32;11.32;11.32;11.32;700
20160121 102100;11.31;11.31;11.31;11.31;400
20160121 102600;11.28;11.28;11.28;11.28;200
20160121 102700;11.25;11.33;11.24;11.33;1600
20160121 102800;11.31;11.31;11.31;11.31;800
20160121 103200;11.33;11.33;11.33;11.33;1500
20160121 103700;11.36;11.36;11.36;11.36;200
20160121 104200;11.36;11.36;11.34;11.34;300
20160121 104300;11.33;11.33;11.24;11.25;3100
20160121 104400;11.3;11.33;11.3;11.33;500
20160121 104700;11.31;11.32;11.3;11.3;600
20160121 105000;11.28;11.28;11.27;11.27;1600
20160121 105100;11.27;11.27;11.23;11.24;2900
20160121 105300;11.28;11.28;11.28;11.28;100
20160121 105500;11.28;11.28;11.28;11.28;100
20160121 105600;11.27;11.27;11.26;11.26;600
20160121 110200;11.29;11.29;11.29;11.29;100
20160121 110700;11.29;11.29;11.29;11.29;200
20160121 111200;11.29;11.29;11.29;11.29;300
20160121 111700;11.32;11.32;11.3;11.3;400
20160121 111800;11.3;11.3;11.3;11.3;200
20160121 112000;11.29;11.29;11.29;11.29;900
20160121 112100;11.29;11.29;11.26;11.26;1000
20160121 112200;11.27;11.27;11.27;11.27;1100
20160121 112600;11.3;11.3;11.29;11.29;200
20160121 112700;11.29;11.3;11.29;11.3;300
20160121 113000;11.31;11.34;11.31;11.34;383
20160121 115800;11.36;11.36;11.36;11.36;1520
20160121 115900;11.37;11.38;11.37;11.38;300
20160121 120200;11.44;11.44;11.43;11.43;400
20160121 120300;11.44;11.44;11.44;11.44;100
20160121 120500;11.43;11.43;11.43;11.43;900
20160121 120900;11.45;11.45;11.45;11.45;700
20160121 121000;11.49;11.49;11.48;11.48;300
20160121 121500;11.45;11.45;11.45;11.45;920
20160121 122600;11.42;11.43;11.42;11.43;1600
20160121 131700;11.4177;11.4177;11.4177;11.4177;200
20160121 133300;11.42;11.42;11.42;11.42;800
20160121 133400;11.42;11.42;11.42;11.42;600
20160121 133600;11.4175;11.4175;11.4;11.4;600
20160121 134000;11.4;11.4175;11.4;11.4;300
20160121 135200;11.43;11.43;11.43;11.43;100
20160121 140000;11.42;11.42;11.42;11.42;500
20160121 140300;11.42;11.42;11.42;11.42;2200
20160121 140400;11.42;11.42;11.42;11.42;700
20160121 140500;11.42;11.42;11.42;11.42;100
20160121 140600;11.42;11.42;11.42;11.42;100
20160121 141300;11.4;11.4;11.36;11.36;400
20160121 143900;11.32;11.35;11.32;11.35;300
20160121 144700;11.3653;11.3653;11.3653;11.3653;100
20160121 150700;11.38;11.38;11.38;11.38;167
20160121 151100;11.38;11.38;11.38;11.38;300
20160121 151300;11.38;11.38;11.38;11.38;100
20160121 151600;11.38;11.38;11.38;11.38;100
20160121 151900;11.378;11.378;11.378;11.378;200
20160121 152600;11.38;11.38;11.38;11.38;100
20160121 153000;11.38;11.38;11.38;11.38;100
20160121 153300;11.38;11.38;11.38;11.38;100
20160121 153600;11.38;11.39;11.38;11.39;1100
20160121 154000;11.4;11.4;11.4;11.4;200
20160121 154300;11.395;11.395;11.395;11.395;200
20160121 154500;11.395;11.395;11.395;11.395;100
20160121 154700;11.4;11.4;11.4;11.4;100
20160121 154800;11.395;11.395;11.395;11.395;100
20160121 154900;11.4;11.4;11.39;11.39;2900
20160121 155000;11.395;11.395;11.395;11.395;100
20160121 155100;11.395;11.395;11.395;11.395;100
20160121 155200;11.39;11.39;11.39;11.39;100
20160121 155300;11.4;11.4;11.4;11.4;300
20160121 155600;11.41;11.41;11.41;11.41;400
20160121 155700;11.41;11.41;11.41;11.41;708
20160121 155900;11.405;11.405;11.394;11.394;1000
20160122 093200;11.6;11.6;11.6;11.6;100
20160122 093400;11.6;11.6;11.6;11.6;1500
20160122 093800;11.61;11.61;11.61;11.61;495
20160122 093900;11.63;11.65;11.63;11.65;3000
20160122 094100;11.65;11.65;11.65;11.65;100
20160122 094300;11.65;11.65;11.65;11.65;100
20160122 094500;11.65;11.65;11.65;11.65;100
20160122 094700;11.65;11.65;11.65;11.65;100
20160122 094800;11.65;11.69;11.65;11.69;1000
20160122 095100;11.66;11.66;11.66;11.66;100
20160122 095200;11.65;11.68;11.65;11.68;640
20160122 095400;11.69;11.69;11.68;11.68;200
20160122 095600;11.69;11.69;11.68;11.68;200
20160122 095700;11.69;11.69;11.69;11.69;100
20160122 095800;11.7;11.7;11.7;11.7;100
20160122 100000;11.72;11.72;11.72;11.72;100
20160122 100300;11.71;11.71;11.71;11.71;100
20160122 100600;11.69;11.69;11.69;11.69;100
20160122 100700;11.71;11.71;11.71;11.71;200
20160122 101000;11.7;11.7;11.7;11.7;100
20160122 101200;11.74;11.74;11.74;11.74;200
20160122 102000;11.75;11.75;11.75;11.75;100
20160122 102300;11.75;11.75;11.75;11.75;100
20160122 103100;11.77;11.78;11.77;11.78;1000
20160122 103200;11.76;11.76;11.73;11.73;2950
20160122 103300;11.73;11.73;11.73;11.73;200
20160122 103400;11.72;11.72;11.72;11.72;100
20160122 103500;11.71;11.71;11.71;11.71;100
20160122 103800;11.71;11.71;11.71;11.71;100
20160122 103900;11.69;11.7;11.69;11.7;200
20160122 104100;11.69;11.69;11.69;11.69;100
20160122 104300;11.68;11.68;11.68;11.68;100
20160122 104400;11.68;11.68;11.68;11.68;100
20160122 104500;11.68;11.68;11.68;11.68;100
20160122 104700;11.68;11.68;11.68;11.68;600
20160122 104900;11.66;11.66;11.66;11.66;500
20160122 105000;11.66;11.66;11.66;11.66;200
20160122 105200;11.66;11.66;11.66;11.66;200
20160122 105400;11.66;11.66;11.66;11.66;400
20160122 105500;11.66;11.66;11.66;11.66;500
20160122 110200;11.64;11.64;11.64;11.64;100
20160122 111200;11.63;11.63;11.63;11.63;100
20160122 111500;11.646;11.646;11.646;11.646;150
20160122 112400;11.62;11.62;11.62;11.62;100
20160122 112600;11.65;11.65;11.65;11.65;400
20160122 113000;11.67;11.67;11.67;11.67;200
20160122 113300;11.66;11.6631;11.66;11.6631;3792
20160122 115600;11.66;11.66;11.66;11.66;100
20160122 121800;11.66;11.66;11.66;11.66;300
20160122 124200;11.6737;11.6737;11.6737;11.6737;100
20160122 124500;11.67;11.68;11.67;11.68;1500
20160122 130900;11.67;11.67;11.67;11.67;200
20160122 132000;11.68;11.68;11.68;11.68;425
20160122 132200;11.68;11.69;11.68;11.69;200
20160122 135300;11.72;11.72;11.72;11.72;300
20160122 140900;11.76;11.76;11.76;11.76;100
20160122 141100;11.7342;11.765;11.7342;11.765;400
20160122 141500;11.77;11.79;11.75;11.78;4800
20160122 141900;11.8119;11.8119;11.8119;11.8119;509
20160122 144500;11.78;11.78;11.78;11.78;300
20160122 145100;11.73;11.73;11.73;11.73;100
20160122 145900;11.74;11.79;11.74;11.79;500
20160122 150000;11.8;11.8;11.8;11.8;100
20160122 150300;11.79;11.7943;11.79;11.7943;400
20160122 151700;11.7799;11.7799;11.7799;11.7799;101
20160122 153400;11.7624;11.7624;11.7624;11.7624;272
20160122 154900;11.7623;11.7623;11.7623;11.7623;325
20160122 155000;11.75;11.75;11.75;11.75;900
20160122 155600;11.75;11.75;11.75;11.75;100
20160122 155700;11.75;11.75;11.75;11.75;100
20160122 155900;11.7501;11.76;11.7501;11.76;445
20160125 093500;11.71;11.71;11.67;11.71;2300
20160125 093600;11.71;11.71;11.67;11.69;1800
20160125 094000;11.68;11.68;11.68;11.68;100
20160125 094200;11.68;11.68;11.68;11.68;300
20160125 094500;11.68;11.68;11.68;11.68;200
20160125 094600;11.7;11.7;11.68;11.68;1300
20160125 094700;11.68;11.69;11.68;11.69;200
20160125 094900;11.68;11.69;11.67;11.69;3596
20160125 095000;11.67;11.67;11.67;11.67;100
20160125 100500;11.68;11.68;11.68;11.68;100
20160125 100900;11.71;11.71;11.71;11.71;100
20160125 102100;11.71;11.71;11.71;11.71;100
20160125 102500;11.7;11.7;11.69;11.69;300
20160125 103200;11.69;11.69;11.69;11.69;100
20160125 104400;11.69;11.69;11.69;11.69;100
20160125 105800;11.67;11.67;11.67;11.67;100
20160125 105900;11.68;11.68;11.68;11.68;900
20160125 110000;11.66;11.66;11.66;11.66;100
20160125 110400;11.6401;11.68;11.6401;11.66;2000
20160125 110600;11.65;11.65;11.65;11.65;100
20160125 111400;11.65;11.65;11.65;11.65;100
20160125 111500;11.65;11.65;11.65;11.65;100
20160125 112100;11.66;11.66;11.66;11.66;100
20160125 112700;11.68;11.68;11.68;11.68;200
20160125 113900;11.68;11.68;11.68;11.68;100
20160125 114600;11.68;11.68;11.68;11.68;400
20160125 114700;11.68;11.68;11.67;11.67;400
20160125 114800;11.685;11.685;11.685;11.685;100
20160125 115000;11.676;11.676;11.676;11.676;300
20160125 115500;11.7;11.7;11.7;11.7;200
20160125 121100;11.7;11.7;11.7;11.7;100
20160125 121400;11.7166;11.7166;11.7166;11.7166;100
20160125 124100;11.69;11.69;11.69;11.69;100
20160125 130000;11.68;11.68;11.68;11.68;100
20160125 130600;11.69;11.69;11.69;11.69;300
20160125 131300;11.69;11.69;11.69;11.69;100
20160125 131600;11.71;11.71;11.71;11.71;200
20160125 131800;11.71;11.71;11.71;11.71;200
20160125 132900;11.69;11.69;11.69;11.69;100
20160125 133100;11.69;11.69;11.69;11.69;100
20160125 135100;11.7099;11.7099;11.7099;11.7099;150
20160125 135900;11.6983;11.6983;11.6983;11.6983;537
20160125 142900;11.69;11.69;11.69;11.69;200
20160125 143100;11.69;11.69;11.69;11.69;300
20160125 144400;11.69;11.69;11.69;11.69;300
20160125 145600;11.6799;11.6799;11.6799;11.6799;335
20160125 151300;11.66;11.66;11.66;11.66;200
20160125 151700;11.66;11.66;11.66;11.66;2144
20160125 152000;11.6577;11.6577;11.6577;11.6577;406
20160125 152300;11.65;11.65;11.65;11.65;200
20160125 152400;11.65;11.65;11.65;11.65;200
20160125 152700;11.65;11.65;11.65;11.65;1756
20160125 154000;11.6045;11.6045;11.6045;11.6045;781
20160125 154700;11.5801;11.5801;11.5801;11.5801;750
20160125 155100;11.58;11.58;11.58;11.58;100
20160125 155600;11.59;11.59;11.59;11.59;100
20160125 155900;11.6;11.6;11.6;11.6;100
20160126 093500;11.6;11.63;11.6;11.63;822
20160126 094300;11.63;11.63;11.62;11.62;2100
20160126 094800;11.6;11.6;11.6;11.6;100
20160126 095000;11.61;11.61;11.61;11.61;436
20160126 095100;11.61;11.61;11.61;11.61;100
20160126 095200;11.61;11.61;11.61;11.61;100
20160126 095600;11.61;11.61;11.61;11.61;100
20160126 100200;11.64;11.65;11.63;11.65;1980
20160126 100900;11.65;11.67;11.65;11.67;940
20160126 101400;11.67;11.67;11.67;11.67;100
20160126 101600;11.67;11.67;11.67;11.67;100
20160126 102000;11.672;11.672;11.67;11.67;1700
20160126 102400;11.67;11.67;11.67;11.67;100
20160126 102700;11.68;11.68;11.68;11.68;500
20160126 102900;11.69;11.69;11.69;11.69;800
20160126 103000;11.69;11.69;11.69;11.69;700
20160126 103800;11.7;11.71;11.7;11.71;1200
20160126 104300;11.7022;11.7022;11.7022;11.7022;700
20160126 104400;11.7;11.71;11.7;11.71;200
20160126 104600;11.71;11.71;11.71;11.71;500
20160126 105300;11.7;11.7;11.7;11.7;100
20160126 105600;11.7;11.7;11.7;11.7;100
20160126 110600;11.71;11.71;11.71;11.71;200
20160126 110900;11.7128;11.7128;11.7128;11.7128;1018
20160126 111200;11.7171;11.7171;11.7171;11.7171;100
20160126 111500;11.7157;11.7157;11.7157;11.7157;150
20160126 112100;11.71;11.71;11.71;11.71;100
20160126 112500;11.7;11.7;11.7;11.7;100
20160126 113400;11.72;11.722;11.7;11.7;1300
20160126 113500;11.7;11.7;11.7;11.7;509
20160126 113600;11.707;11.707;11.707;11.707;100
20160126 114100;11.71;11.71;11.71;11.71;400
20160126 115800;11.72;11.72;11.72;11.72;600
20160126 120800;11.711;11.73;11.711;11.73;475
20160126 120900;11.7174;11.7174;11.71;11.714;1151
20160126 121000;11.718;11.718;11.718;11.718;257
20160126 121400;11.73;11.73;11.73;11.73;300
20160126 121800;11.7499;11.76;11.749;11.76;5120
20160126 124600;11.76;11.76;11.75;11.756;800
20160126 130000;11.768;11.768;11.768;11.768;1000
20160126 132000;11.751;11.757;11.75;11.757;1200
20160126 132900;11.7501;11.7501;11.7501;11.7501;187
20160126 133200;11.77;11.77;11.77;11.77;100
20160126 140800;11.75;11.75;11.75;11.75;176
20160126 142500;11.7301;11.7301;11.7301;11.7301;750
20160126 143000;11.74;11.74;11.74;11.74;100
20160126 145000;11.73;11.73;11.73;11.73;300
20160126 150000;11.73;11.73;11.7295;11.7295;800
20160126 153000;11.74;11.74;11.74;11.74;100
20160126 154100;11.73;11.7339;11.73;11.7339;587
20160126 154300;11.7316;11.7316;11.73;11.73;200
20160126 154400;11.7316;11.7316;11.73;11.73;400
20160126 154500;11.7316;11.7316;11.73;11.73;200
20160126 154600;11.74;11.74;11.74;11.74;500
20160126 154700;11.7432;11.7432;11.7432;11.7432;100
20160126 154800;11.7432;11.7432;11.7432;11.7432;100
20160126 155000;11.74;11.74;11.74;11.74;100
20160126 155700;11.74;11.7448;11.74;11.7448;1500
20160126 155900;11.76;11.76;11.75;11.75;200
20160126 160000;11.7501;11.7501;11.7501;11.7501;625
20160127 093100;11.74;11.74;11.7;11.7;2233
20160127 093200;11.7;11.7;11.7;11.7;200
20160127 094200;11.74;11.74;11.74;11.74;100
20160127 094700;11.73;11.73;11.73;11.73;100
20160127 095200;11.75;11.75;11.75;11.75;100
20160127 095700;11.75;11.75;11.75;11.75;500
20160127 095800;11.75;11.75;11.75;11.75;700
20160127 095900;11.75;11.75;11.75;11.75;500
20160127 100400;11.75;11.75;11.75;11.75;1400
20160127 100500;11.75;11.75;11.75;11.75;600
20160127 101100;11.75;11.75;11.75;11.75;400
20160127 101400;11.75;11.75;11.75;11.75;1100
20160127 101500;11.75;11.75;11.75;11.75;100
20160127 101600;11.75;11.75;11.75;11.75;3990
20160127 101700;11.75;11.75;11.75;11.75;700
20160127 101900;11.75;11.75;11.75;11.75;400
20160127 102000;11.75;11.75;11.75;11.75;600
20160127 102100;11.755;11.76;11.755;11.76;500
20160127 102500;11.78;11.78;11.78;11.78;250
20160127 103100;11.76;11.76;11.76;11.76;100
20160127 103300;11.77;11.77;11.767;11.77;700
20160127 103400;11.7678;11.7678;11.7678;11.7678;200
20160127 103500;11.77;11.77;11.77;11.77;400
20160127 104000;11.775;11.79;11.775;11.79;900
20160127 104100;11.8;11.8;11.8;11.8;100
20160127 104300;11.8;11.8;11.8;11.8;100
20160127 104500;11.79;11.79;11.79;11.79;100
20160127 104900;11.77;11.77;11.77;11.77;300
20160127 110100;11.77;11.77;11.77;11.77;100
20160127 111000;11.76;11.76;11.76;11.76;100
20160127 111100;11.765;11.77;11.7601;11.77;700
20160127 112200;11.764;11.78;11.75;11.7657;5111
20160127 112900;11.765;11.77;11.765;11.77;300
20160127 113000;11.7894;11.7894;11.7894;11.7894;325
20160127 113500;11.77;11.77;11.77;11.77;400
20160127 114100;11.78;11.78;11.78;11.78;100
20160127 114500;11.79;11.79;11.79;11.79;500
20160127 114700;11.8;11.8;11.8;11.8;300
20160127 115700;11.8;11.8;11.8;11.8;100
20160127 120300;11.81;11.82;11.81;11.81;500
20160127 121100;11.82;11.82;11.82;11.82;100
20160127 121300;11.8299;11.8299;11.8299;11.8299;2500
20160127 121800;11.83;11.83;11.83;11.83;500
20160127 122100;11.8399;11.8399;11.8399;11.8399;2000
20160127 125300;11.831;11.831;11.831;11.831;300
20160127 125400;11.834;11.834;11.834;11.834;200
20160127 134100;11.84;11.84;11.84;11.84;100
20160127 141000;11.83;11.83;11.79;11.79;900
20160127 141100;11.79;11.79;11.79;11.79;200
20160127 141300;11.79;11.79;11.79;11.79;1500
20160127 141400;11.79;11.79;11.79;11.79;1000
20160127 142200;11.79;11.79;11.79;11.79;982
20160127 142300;11.8;11.8;11.8;11.8;200
20160127 144100;11.79;11.79;11.79;11.79;210
20160127 144200;11.79;11.79;11.79;11.79;1004
20160127 144500;11.79;11.79;11.79;11.79;1008
20160127 144600;11.79;11.79;11.79;11.79;1206
20160127 144700;11.79;11.79;11.79;11.79;372
20160127 145700;11.79;11.79;11.79;11.79;1200
20160127 145800;11.79;11.79;11.79;11.79;200
20160127 145900;11.79;11.79;11.79;11.79;200
20160127 150000;11.79;11.79;11.79;11.79;100
20160127 150100;11.79;11.79;11.79;11.79;100
20160127 150200;11.79;11.79;11.79;11.79;2500
20160127 150300;11.79;11.79;11.79;11.79;1400
20160127 150400;11.79;11.79;11.79;11.79;1000
20160127 150700;11.78;11.78;11.78;11.78;100
20160127 152200;11.75;11.75;11.73;11.73;600
20160127 152400;11.74;11.74;11.74;11.74;800
20160127 152500;11.74;11.74;11.74;11.74;100
20160127 155500;11.7157;11.7157;11.7157;11.7157;155
20160127 155600;11.71;11.71;11.71;11.71;100
20160127 155900;11.7;11.7;11.7;11.7;100
20160128 093600;11.8;11.8;11.8;11.8;100
20160128 094100;11.8;11.8;11.8;11.8;100
20160128 094500;11.8;11.8;11.8;11.8;100
20160128 095000;11.8;11.8;11.8;11.8;100
20160128 095300;11.825;11.825;11.825;11.825;100
20160128 095500;11.825;11.825;11.8;11.8;200
20160128 095600;11.83;11.83;11.81;11.81;366
20160128 100000;11.83;11.83;11.81;11.81;200
20160128 100800;11.8004;11.8004;11.8;11.8001;4797
20160128 100900;11.8;11.802;11.79;11.7901;28483
20160128 101000;11.7904;11.7904;11.7904;11.7904;2000
20160128 101400;11.77;11.77;11.77;11.77;200
20160128 101800;11.79;11.79;11.77;11.78;6000
20160128 101900;11.78;11.79;11.77;11.79;7700
20160128 102000;11.7898;11.79;11.77;11.7898;2200
20160128 102100;11.7702;11.79;11.77;11.77;4200
20160128 102200;11.78;11.79;11.77;11.77;1500
20160128 103100;11.722;11.722;11.722;11.722;100
20160128 103300;11.72;11.7302;11.72;11.724;8800
20160128 103400;11.72;11.7201;11.7;11.7;2300
20160128 103500;11.7;11.7;11.695;11.695;400
20160128 103600;11.7;11.7;11.7;11.7;100
20160128 104000;11.7;11.7;11.7;11.7;1329
20160128 104100;11.7;11.7022;11.7;11.7;700
20160128 104200;11.71;11.71;11.71;11.71;100
20160128 104400;11.705;11.7099;11.705;11.7099;500
20160128 105000;11.71;11.71;11.7;11.71;400
20160128 105100;11.72;11.72;11.715;11.72;800
20160128 105800;11.71;11.71;11.71;11.71;100
20160128 110200;11.711;11.711;11.711;11.711;100
20160128 110500;11.73;11.73;11.73;11.73;100
20160128 110700;11.74;11.74;11.74;11.74;200
20160128 110900;11.74;11.74;11.74;11.74;100
20160128 111300;11.74;11.74;11.74;11.74;100
20160128 111700;11.74;11.74;11.74;11.74;100
20160128 112100;11.74;11.74;11.74;11.74;100
20160128 112500;11.76;11.76;11.76;11.76;500
20160128 112900;11.74;11.74;11.74;11.74;100
20160128 113300;11.74;11.74;11.74;11.74;100
20160128 113800;11.74;11.74;11.74;11.74;100
20160128 114200;11.74;11.74;11.74;11.74;100
20160128 114700;11.73;11.73;11.73;11.73;100
20160128 115100;11.73;11.73;11.73;11.73;100
20160128 115600;11.73;11.73;11.73;11.73;100
20160128 120000;11.73;11.73;11.73;11.73;300
20160128 120500;11.73;11.73;11.73;11.73;100
20160128 121000;11.73;11.73;11.73;11.73;100
20160128 121400;11.735;11.74;11.735;11.74;1405
20160128 122000;11.73;11.73;11.73;11.73;100
20160128 122500;11.73;11.73;11.73;11.73;100
20160128 122800;11.73;11.7301;11.73;11.7301;300
20160128 123000;11.73;11.73;11.73;11.73;100
20160128 123500;11.75;11.76;11.75;11.76;900
20160128 124800;11.78;11.78;11.78;11.78;200
20160128 132100;11.78;11.78;11.78;11.78;1464
20160128 133000;11.7774;11.7774;11.7774;11.7774;530
20160128 141300;11.78;11.78;11.78;11.78;500
20160128 141700;11.78;11.78;11.78;11.78;150
20160128 142000;11.77;11.78;11.76;11.78;2347
20160128 142900;11.78;11.78;11.775;11.78;400
20160128 145600;11.7852;11.7852;11.7852;11.7852;949
20160128 151000;11.78;11.78;11.78;11.78;1256
20160128 151200;11.78;11.7801;11.78;11.7801;2731
20160128 154100;11.8;11.8;11.8;11.8;950
20160128 155700;11.8099;11.81;11.79;11.8085;2708
20160128 155900;11.79;11.79;11.79;11.79;200
20160128 160000;11.79;11.79;11.79;11.79;100
20160129 093500;11.83;11.83;11.83;11.83;200
20160129 095400;11.86;11.86;11.86;11.86;400
20160129 095600;11.855;11.86;11.855;11.86;200
20160129 100000;11.86;11.86;11.85;11.85;300
20160129 100500;11.85;11.85;11.85;11.85;200
20160129 100700;11.855;11.855;11.85;11.85;200
20160129 100900;11.8571;11.8571;11.8571;11.8571;100
20160129 101100;11.855;11.86;11.85;11.85;2700
20160129 101200;11.86;11.86;11.86;11.86;100
20160129 102000;11.87;11.87;11.85;11.87;1700
20160129 102100;11.88;11.92;11.88;11.92;700
20160129 103100;11.92;11.92;11.92;11.92;100
20160129 104400;11.86;11.87;11.86;11.86;300
20160129 104600;11.87;11.87;11.87;11.87;100
20160129 105200;11.8644;11.8644;11.8644;11.8644;100
20160129 105700;11.86;11.86;11.86;11.86;100
20160129 110700;11.86;11.86;11.86;11.86;100
20160129 110800;11.87;11.8785;11.87;11.8785;1201
20160129 111700;11.88;11.88;11.88;11.88;500
20160129 111900;11.8801;11.8801;11.8801;11.8801;303
20160129 112900;11.88;11.88;11.88;11.88;100
20160129 113900;11.88;11.88;11.88;11.88;100
20160129 115000;11.885;11.885;11.881;11.881;2000
20160129 115100;11.88;11.88;11.88;11.88;700
20160129 115500;11.89;11.89;11.89;11.89;300
20160129 115600;11.89;11.89;11.89;11.89;100
20160129 120500;11.89;11.8901;11.89;11.8901;200
20160129 120800;11.9;11.9;11.89;11.89;223
20160129 120900;11.91;11.91;11.91;11.91;500
20160129 121000;11.917;11.92;11.917;11.92;2100
20160129 122200;11.91;11.91;11.9;11.9;200
20160129 122700;11.93;11.93;11.92;11.93;1000
20160129 124300;11.9369;11.9369;11.9369;11.9369;294
20160129 124400;11.93;11.93;11.93;11.93;100
20160129 124500;11.9355;11.94;11.935;11.9368;2500
20160129 124600;11.94;11.94;11.9368;11.9368;1000
20160129 125100;11.9315;11.9315;11.93;11.931;600
20160129 125400;11.93;11.93;11.93;11.93;100
20160129 125500;11.93;11.93;11.93;11.93;100
20160129 130000;11.92;11.92;11.92;11.92;100
20160129 130400;11.92;11.92;11.92;11.92;200
20160129 130800;11.9276;11.9276;11.9276;11.9276;1303
20160129 131000;11.92;11.92;11.92;11.92;400
20160129 131500;11.91;11.92;11.91;11.92;200
20160129 132000;11.91;11.91;11.91;11.91;500
20160129 132100;11.91;11.91;11.91;11.91;100
20160129 132400;11.91;11.91;11.91;11.91;100
20160129 133000;11.91;11.91;11.91;11.91;200
20160129 133500;11.9;11.9;11.9;11.9;200
20160129 134000;11.9;11.9;11.9;11.9;100
20160129 134200;11.91;11.91;11.91;11.91;200
20160129 134400;11.9018;11.92;11.9;11.92;1500
20160129 135000;11.9;11.9;11.9;11.9;200
20160129 135100;11.936;11.94;11.92;11.94;4900
20160129 135200;11.9392;11.9392;11.92;11.92;800
20160129 140000;11.91;11.91;11.91;11.91;100
20160129 140300;11.9;11.9;11.9;11.9;100
20160129 141000;11.91;11.91;11.91;11.91;200
20160129 141500;11.92;11.92;11.92;11.92;100
20160129 141900;11.92;11.92;11.92;11.92;100
20160129 142200;11.92;11.92;11.92;11.92;216
20160129 142300;11.92;11.92;11.92;11.92;100
20160129 142600;11.94;11.94;11.9399;11.9399;1702
20160129 142700;11.92;11.92;11.92;11.92;100
20160129 143100;11.94;11.94;11.9399;11.94;800
20160129 143300;11.94;11.94;11.94;11.94;900
20160129 143400;11.945;11.95;11.945;11.9492;1770
20160129 143500;11.96;11.98;11.96;11.98;800
20160129 143600;11.98;11.98;11.98;11.98;100
20160129 143900;11.94;11.96;11.94;11.96;300
20160129 144000;11.95;11.95;11.93;11.94;1000
20160129 144100;11.94;11.94;11.94;11.94;600
20160129 144300;11.94;11.94;11.94;11.94;100
20160129 144700;11.94;11.94;11.94;11.94;200
20160129 144800;11.95;11.95;11.95;11.95;300
20160129 145400;11.9497;11.9497;11.9497;11.9497;326
20160129 145500;11.94;11.94;11.94;11.94;300
20160129 145900;11.94;11.94;11.94;11.94;100
20160129 150300;11.94;11.94;11.94;11.94;100
20160129 150600;11.95;11.95;11.95;11.95;1300
20160129 151500;11.95;11.95;11.95;11.95;200
20160129 151900;11.95;11.95;11.95;11.95;200
20160129 152300;11.95;11.95;11.95;11.95;100
20160129 152500;11.96;11.96;11.96;11.96;100
20160129 152700;11.95;11.95;11.95;11.95;1100
20160129 152800;11.95;11.95;11.95;11.95;300
20160129 152900;11.96;11.96;11.96;11.96;1600
20160129 153300;11.98;11.98;11.98;11.98;200
20160129 153500;11.97;11.97;11.97;11.97;200
20160129 153700;11.98;11.98;11.98;11.98;200
20160129 153900;11.98;11.98;11.98;11.98;500
20160129 154300;11.98;11.98;11.98;11.98;100
20160129 154400;11.9832;11.9832;11.9832;11.9832;100
20160129 154500;11.9832;11.9832;11.98;11.98;200
20160129 154700;11.98;11.98;11.98;11.98;100
20160129 154900;11.98;11.98;11.98;11.98;100
20160129 155300;11.9832;11.9832;11.9832;11.9832;200
20160129 155400;11.998;12;11.99;11.9992;4900
20160129 155800;12.02;12.02;12.01;12.01;1800
20160129 155900;12.02;12.02;12.02;12.02;600
20160129 160000;12.02;12.02;12.02;12.02;600
20160201 093700;11.95;11.95;11.95;11.95;200
20160201 093800;11.95;11.95;11.94;11.94;300
20160201 094000;11.95;11.95;11.93;11.93;200
20160201 094200;11.9368;11.9368;11.93;11.93;327
20160201 094300;11.95;11.95;11.95;11.95;400
20160201 094500;11.95;11.95;11.95;11.95;200
20160201 095000;11.94;11.94;11.94;11.94;100
20160201 100300;11.93;11.93;11.92;11.92;3909
20160201 100400;11.925;11.925;11.92;11.92;900
20160201 100500;11.92;11.93;11.92;11.93;1600
20160201 100800;11.94;11.94;11.9201;11.9201;803
20160201 101000;11.94;11.94;11.9301;11.94;900
20160201 101100;11.94;11.96;11.94;11.96;400
20160201 101200;11.97;11.98;11.96;11.98;700
20160201 101300;11.98;11.98;11.98;11.98;100
20160201 101500;11.9701;11.9701;11.9701;11.9701;100
20160201 101600;11.97;11.98;11.97;11.98;400
20160201 101700;11.97;11.97;11.97;11.97;300
20160201 101800;11.9501;11.9501;11.9501;11.9501;100
20160201 102000;11.9501;11.9501;11.9501;11.9501;100
20160201 102200;11.9501;11.9501;11.9501;11.9501;100
20160201 102300;11.97;12;11.97;12;700
20160201 102400;11.975;11.975;11.975;11.975;100
20160201 102500;12;12;11.9801;12;600
20160201 102700;12;12;11.9901;11.9901;600
20160201 102800;12;12;12;12;100
20160201 102900;11.9901;12;11.9901;12;200
20160201 103000;12;12;12;12;400
20160201 103100;12;12;12;12;400
20160201 103400;11.9901;11.9901;11.9901;11.9901;100
20160201 103600;11.9901;12;11.9901;12;224
20160201 103800;11.9901;11.9901;11.9901;11.9901;100
20160201 103900;11.9901;11.9901;11.9901;11.9901;113
20160201 104000;11.99;11.99;11.99;11.99;100
20160201 104200;11.9701;11.9701;11.9701;11.9701;100
20160201 104300;11.98;11.98;11.97;11.9701;1103
20160201 104400;11.99;11.9901;11.99;11.99;800
20160201 104500;11.99;11.99;11.99;11.99;500
20160201 104700;11.9801;11.9801;11.9801;11.9801;100
20160201 104900;11.9701;11.9701;11.9701;11.9701;100
20160201 105100;11.9801;11.9801;11.9801;11.9801;100
20160201 105300;11.97;11.97;11.97;11.97;100
20160201 105400;11.96;11.96;11.96;11.96;100
20160201 105500;11.9601;11.9601;11.9601;11.9601;100
20160201 105700;11.96;11.9601;11.96;11.9601;200
20160201 105900;11.98;11.9801;11.98;11.9801;200
20160201 110100;11.9801;11.9801;11.98;11.98;200
20160201 110300;11.9801;11.995;11.9801;11.995;200
20160201 110400;11.99;12;11.99;12;200
20160201 110500;12.0001;12.0001;12.0001;12.0001;100
20160201 110600;12;12;12;12;100
20160201 110700;12;12;12;12;100
20160201 110800;11.99;11.99;11.99;11.99;100
20160201 110900;11.9901;11.9901;11.9901;11.9901;100
20160201 111000;11.99;11.99;11.99;11.99;100
20160201 111100;11.9801;11.9801;11.9801;11.9801;100
20160201 111300;11.99;11.9901;11.99;11.9901;200
20160201 111500;11.99;11.99;11.99;11.99;100
20160201 111600;11.9901;11.9901;11.9901;11.9901;100
20160201 111800;11.98;11.9801;11.98;11.9801;200
20160201 112000;11.9801;11.9801;11.98;11.98;200
20160201 112200;11.98;11.98;11.98;11.98;100
20160201 112300;11.97;11.97;11.97;11.97;100
20160201 112400;11.9701;11.9701;11.9701;11.9701;100
20160201 112500;11.97;11.97;11.97;11.97;100
20160201 112700;11.9701;11.9701;11.97;11.97;200
20160201 112900;11.9701;11.9701;11.9701;11.9701;100
20160201 113000;11.98;11.98;11.98;11.98;100
20160201 113100;11.9801;11.9801;11.9801;11.9801;100
20160201 113200;11.98;11.98;11.98;11.98;100
20160201 113300;11.98;12;11.98;12;1400
20160201 113500;11.98;11.98;11.98;11.98;100
20160201 113600;11.99;11.99;11.99;11.99;2010
20160201 114500;11.99;11.99;11.99;11.99;100
20160201 114800;11.99;11.99;11.99;11.99;100
20160201 115100;11.99;11.99;11.99;11.99;100
20160201 115300;11.99;11.99;11.99;11.99;100
20160201 115600;11.99;11.99;11.99;11.99;100
20160201 115900;11.99;11.99;11.99;11.99;100
20160201 120200;11.99;11.99;11.99;11.99;100
20160201 120500;11.99;11.99;11.99;11.99;100
20160201 120800;11.98;11.98;11.98;11.98;100
20160201 121100;11.97;11.97;11.97;11.97;100
20160201 121400;11.98;11.98;11.98;11.98;100
20160201 121700;11.98;11.98;11.98;11.98;100
20160201 122000;11.98;11.98;11.98;11.98;100
20160201 122300;11.98;11.98;11.98;11.98;100
20160201 122600;11.97;11.97;11.97;11.97;100
20160201 122900;11.9955;11.9955;11.9955;11.9955;500
20160201 123300;11.96;11.96;11.96;11.96;100
20160201 123600;11.96;11.96;11.96;11.96;100
20160201 123900;11.96;11.96;11.96;11.96;100
20160201 124300;11.96;11.96;11.96;11.96;100
20160201 124600;11.97;11.97;11.97;11.97;100
20160201 124900;11.985;11.985;11.97;11.97;400
20160201 125000;11.9701;11.9701;11.9701;11.9701;1000
20160201 125200;11.985;11.985;11.985;11.985;100
20160201 125300;11.97;11.97;11.97;11.97;100
20160201 125400;11.985;11.985;11.985;11.985;300
20160201 125600;11.97;11.97;11.97;11.97;100
20160201 125700;11.985;11.985;11.985;11.985;300
20160201 130000;11.95;11.95;11.95;11.95;100
20160201 130300;11.96;11.96;11.96;11.96;100
20160201 130400;11.98;11.98;11.98;11.98;600
20160201 130500;11.99;11.99;11.99;11.99;100
20160201 130800;12;12;12;12;100
20160201 131400;11.99;11.99;11.99;11.99;100
20160201 131700;12;12;11.98;11.98;200
20160201 131800;12;12;12;12;100
20160201 132000;11.98;11.98;11.98;11.98;100
20160201 132200;12;12;12;12;100
20160201 132700;11.99;11.99;11.99;11.99;100
20160201 133000;12;12.0099;12;12.0099;1100
20160201 133300;11.99;12;11.99;12;200
20160201 133600;11.99;12;11.99;12;200
20160201 134000;11.98;11.98;11.98;11.98;100
20160201 134300;11.99;11.99;11.99;11.99;100
20160201 134400;12;12;12;12;200
20160201 134600;11.99;11.99;11.99;11.99;100
20160201 134700;11.99;11.99;11.99;11.99;100
20160201 134800;11.99;12;11.99;12;300
20160201 135100;12.005;12.005;12.005;12.005;100
20160201 135200;12.01;12.01;12.01;12.01;100
20160201 135800;11.99;12.01;11.99;12;300
20160201 135900;12;12.01;12;12.01;500
20160201 140100;12.01;12.01;12.01;12.01;100
20160201 140200;12.01;12.01;12.01;12.01;100
20160201 140300;12.01;12.01;12.01;12.01;500
20160201 140500;12.03;12.03;12.03;12.03;100
20160201 140900;12.01;12.01;12.01;12.01;100
20160201 141100;12;12;12;12;100
20160201 142000;12.02;12.02;12.02;12.02;100
20160201 142300;12.02;12.02;12.02;12.02;200
20160201 143000;12.01;12.02;12.01;12.02;300
20160201 143300;12.0235;12.0235;12.0235;12.0235;414
20160201 143600;12.03;12.03;12.03;12.03;500
20160201 144100;12.03;12.03;12.03;12.03;700
20160201 145300;12.04;12.04;12.04;12.04;100
20160201 145400;12.03;12.03;12.03;12.03;100
20160201 145600;12.03;12.03;12.03;12.03;100
20160201 145800;12.04;12.04;12.04;12.04;500
20160201 145900;12.04;12.05;12.04;12.05;496
20160201 150000;12.05;12.05;12.05;12.05;200
20160201 151000;12.05;12.05;12.05;12.05;100
20160201 151100;12.05;12.05;12.05;12.05;500
20160201 151900;12.06;12.06;12.06;12.06;601
20160201 152100;12.07;12.08;12.07;12.08;400
20160201 152800;12.09;12.09;12.0899;12.09;800
20160201 153400;12.09;12.09;12.09;12.09;100
20160201 153800;12.0999;12.0999;12.08;12.08;3203
20160201 153900;12.09;12.09;12.09;12.09;1434
20160201 154600;12.09;12.1;12.09;12.1;1804
20160201 154900;12.0899;12.09;12.0899;12.09;2237
20160201 155100;12.08;12.08;12.08;12.08;200
20160201 155500;12.08;12.08;12.07;12.07;200
20160201 155600;12.07;12.07;12.07;12.07;400
20160201 155700;12.08;12.08;12.06;12.06;384
20160201 155800;12.06;12.06;12.06;12.06;300
20160201 155900;12.06;12.06;12.06;12.06;300
20160201 160000;12.06;12.06;12.06;12.06;300
20160201 160300;12.09;12.09;12.09;12.09;87
20160202 095600;11.88;11.88;11.88;11.88;715
20160202 101200;11.91;11.91;11.9;11.9;400
20160202 101500;11.9;11.9;11.89;11.89;200
20160202 101600;11.905;11.905;11.905;11.905;100
20160202 101800;11.88;11.88;11.88;11.88;100
20160202 102000;11.9;11.9;11.9;11.9;100
20160202 102100;11.89;11.89;11.89;11.89;100
20160202 102300;11.8801;11.8801;11.8801;11.8801;100
20160202 102500;11.88;11.88;11.88;11.88;200
20160202 102700;11.8801;11.8801;11.8801;11.8801;100
20160202 102900;11.88;11.88;11.88;11.88;5610
20160202 103000;11.9;11.9;11.9;11.9;100
20160202 103300;11.9;11.9;11.9;11.9;500
20160202 105600;11.89;11.89;11.89;11.89;1900
20160202 105900;11.9;11.9;11.9;11.9;400
20160202 110300;11.9;11.9;11.9;11.9;100
20160202 111600;11.9;11.91;11.9;11.91;700
20160202 112100;11.91;11.91;11.91;11.91;300
20160202 112200;11.92;11.93;11.92;11.93;700
20160202 112300;11.93;11.93;11.92;11.92;600
20160202 112400;11.92;11.92;11.92;11.92;100
20160202 112900;11.91;11.91;11.91;11.91;300
20160202 113400;11.92;11.92;11.92;11.92;100
20160202 113500;11.92;11.95;11.92;11.95;1000
20160202 113600;11.94;11.94;11.93;11.93;1027
20160202 113700;11.93;11.93;11.93;11.93;600
20160202 113900;11.9201;11.9201;11.9201;11.9201;4000
20160202 114300;11.9207;11.9207;11.9207;11.9207;1000
20160202 114400;11.92;11.92;11.92;11.92;473
20160202 115000;11.91;11.91;11.9;11.9;200
20160202 115200;11.9099;11.9099;11.9099;11.9099;1000
20160202 115500;11.9;11.9;11.9;11.9;100
20160202 115900;11.89;11.89;11.89;11.89;327
20160202 120100;11.9;11.9;11.89;11.89;700
20160202 120400;11.8989;11.8989;11.89;11.89;200
20160202 120600;11.87;11.87;11.87;11.87;100
20160202 120900;11.87;11.87;11.87;11.87;161
20160202 121100;11.88;11.88;11.86;11.87;1100
20160202 121300;11.87;11.87;11.87;11.87;600
20160202 123600;11.86;11.86;11.86;11.86;100
20160202 124100;11.86;11.86;11.86;11.86;100
20160202 124600;11.86;11.86;11.86;11.86;100
20160202 125000;11.8601;11.8601;11.8601;11.8601;291
20160202 125100;11.86;11.86;11.86;11.86;100
20160202 125200;11.87;11.87;11.87;11.87;600
20160202 130900;11.87;11.87;11.87;11.87;100
20160202 131100;11.85;11.85;11.85;11.85;100
20160202 131600;11.85;11.85;11.85;11.85;100
20160202 132100;11.85;11.85;11.85;11.85;400
20160202 132600;11.85;11.85;11.85;11.85;100
20160202 133100;11.85;11.85;11.85;11.85;100
20160202 133300;11.86;11.86;11.8599;11.86;800
20160202 133500;11.8699;11.88;11.8699;11.88;1000
20160202 135100;11.86;11.86;11.86;11.86;100
20160202 135300;11.87;11.87;11.84;11.87;1984
20160202 135600;11.87;11.87;11.87;11.87;3074
20160202 135800;11.843;11.843;11.843;11.843;175
20160202 140200;11.85;11.8576;11.84;11.84;800
20160202 140600;11.84;11.84;11.84;11.84;100
20160202 141100;11.84;11.84;11.84;11.84;100
20160202 141600;11.83;11.83;11.83;11.83;100
20160202 142100;11.83;11.83;11.83;11.83;200
20160202 142600;11.82;11.82;11.82;11.82;100
20160202 143100;11.82;11.82;11.82;11.82;100
20160202 143500;11.8372;11.8372;11.8372;11.8372;100
20160202 143600;11.82;11.82;11.82;11.82;200
20160202 144100;11.82;11.82;11.82;11.82;100
20160202 145000;11.84;11.84;11.83;11.83;300
20160202 145300;11.87;11.87;11.87;11.87;900
20160202 150000;11.86;11.86;11.86;11.86;100
20160202 152000;11.84;11.84;11.84;11.84;200
20160202 152300;11.84;11.84;11.84;11.84;100
20160202 153300;11.85;11.85;11.85;11.85;500
20160202 153400;11.8587;11.86;11.8587;11.86;400
20160202 153900;11.87;11.87;11.87;11.87;400
20160202 154600;11.87;11.87;11.87;11.87;100
20160202 155600;11.87;11.87;11.87;11.87;100
20160202 160000;11.8601;11.8601;11.8601;11.8601;100
20160203 094500;11.89;11.89;11.89;11.89;100
20160203 094600;11.89;11.89;11.89;11.89;400
20160203 095000;11.89;11.89;11.89;11.89;100
20160203 095300;11.86;11.88;11.86;11.88;500
20160203 100100;11.85;11.85;11.85;11.85;800
20160203 101100;11.8201;11.8201;11.82;11.82;200
20160203 101300;11.83;11.83;11.83;11.83;100
20160203 101500;11.82;11.82;11.82;11.82;100
20160203 101600;11.78;11.78;11.78;11.78;100
20160203 101800;11.78;11.78;11.78;11.78;100
20160203 101900;11.78;11.78;11.78;11.78;100
20160203 102100;11.78;11.78;11.78;11.78;300
20160203 102300;11.78;11.78;11.78;11.78;2392
20160203 102400;11.78;11.78;11.78;11.78;700
20160203 102500;11.78;11.78;11.78;11.78;100
20160203 102600;11.78;11.78;11.76;11.76;200
20160203 102800;11.7401;11.7401;11.7401;11.7401;100
20160203 103000;11.74;11.74;11.74;11.74;100
20160203 103200;11.7201;11.7201;11.7201;11.7201;100
20160203 103300;11.77;11.77;11.7201;11.7201;1600
20160203 103500;11.7101;11.7101;11.7101;11.7101;100
20160203 103700;11.7101;11.7101;11.7101;11.7101;100
20160203 103900;11.7101;11.7101;11.7101;11.7101;100
20160203 104000;11.7101;11.7101;11.7101;11.7101;100
20160203 104200;11.72;11.72;11.72;11.72;100
20160203 104300;11.71;11.71;11.71;11.71;100
20160203 104400;11.71;11.71;11.71;11.71;100
20160203 104500;11.73;11.7301;11.73;11.7301;500
20160203 104700;11.74;11.74;11.74;11.74;300
20160203 104800;11.7301;11.75;11.7301;11.75;200
20160203 104900;11.75;11.77;11.75;11.77;1300
20160203 105100;11.7501;11.7501;11.7501;11.7501;100
20160203 105300;11.76;11.76;11.7401;11.7401;400
20160203 105500;11.7501;11.7501;11.7501;11.7501;100
20160203 105700;11.79;11.79;11.7801;11.7801;600
20160203 105900;11.7801;11.7801;11.7801;11.7801;100
20160203 110100;11.78;11.78;11.78;11.78;100
20160203 110300;11.78;11.78;11.78;11.78;400
20160203 110400;11.77;11.77;11.77;11.77;200
20160203 110500;11.77;11.77;11.77;11.77;100
20160203 110700;11.76;11.76;11.76;11.76;100
20160203 110900;11.76;11.76;11.76;11.76;100
20160203 111100;11.76;11.76;11.76;11.76;100
20160203 111300;11.76;11.76;11.76;11.76;100
20160203 111500;11.76;11.76;11.76;11.76;100
20160203 111700;11.76;11.76;11.76;11.76;100
20160203 112000;11.76;11.76;11.76;11.76;100
20160203 112200;11.76;11.76;11.76;11.76;100
20160203 112400;11.76;11.76;11.76;11.76;100
20160203 112600;11.76;11.76;11.76;11.76;100
20160203 112800;11.76;11.76;11.76;11.76;100
20160203 113000;11.76;11.76;11.76;11.76;100
20160203 113100;11.76;11.76;11.76;11.76;200
20160203 113200;11.76;11.76;11.76;11.76;200
20160203 113300;11.76;11.76;11.76;11.76;300
20160203 113400;11.76;11.76;11.76;11.76;300
20160203 113600;11.76;11.76;11.76;11.76;100
20160203 113700;11.76;11.76;11.76;11.76;100
20160203 113900;11.76;11.76;11.76;11.76;100
20160203 114100;11.78;11.78;11.77;11.77;500
20160203 114200;11.78;11.7801;11.78;11.7801;200
20160203 114300;11.79;11.79;11.79;11.79;400
20160203 114600;11.79;11.8;11.79;11.8;600
20160203 115100;11.8;11.8;11.8;11.8;100
20160203 115300;11.8;11.8;11.8;11.8;100
20160203 115600;11.8;11.8;11.8;11.8;100
20160203 115800;11.8;11.8;11.8;11.8;100
20160203 120100;11.8;11.8;11.8;11.8;200
20160203 120300;11.8;11.8;11.8;11.8;100
20160203 120400;11.8;11.8;11.8;11.8;100
20160203 120500;11.82;11.82;11.81;11.82;700
20160203 120600;11.8362;11.8362;11.8362;11.8362;101
20160203 120800;11.82;11.82;11.82;11.82;100
20160203 121100;11.82;11.82;11.82;11.82;100
20160203 121400;11.82;11.82;11.82;11.82;100
20160203 121600;11.82;11.82;11.82;11.82;100
20160203 121900;11.82;11.82;11.82;11.82;100
20160203 122200;11.82;11.82;11.82;11.82;100
20160203 122500;11.82;11.82;11.82;11.82;100
20160203 122600;11.82;11.82;11.82;11.82;400
20160203 122700;11.82;11.82;11.8;11.8;200
20160203 124300;11.8182;11.8182;11.8182;11.8182;400
20160203 124700;11.8148;11.8148;11.8148;11.8148;475
20160203 125700;11.81;11.81;11.81;11.81;100
20160203 130200;11.81;11.81;11.81;11.81;500
20160203 130500;11.81;11.81;11.81;11.81;100
20160203 130800;11.81;11.81;11.81;11.81;200
20160203 130900;11.81;11.81;11.81;11.81;200
20160203 131100;11.81;11.81;11.81;11.81;100
20160203 131800;11.81;11.81;11.81;11.81;100
20160203 132200;11.81;11.81;11.81;11.81;200
20160203 133400;11.81;11.81;11.81;11.81;200
20160203 133600;11.81;11.81;11.81;11.81;100
20160203 134800;11.81;11.81;11.81;11.81;100
20160203 141500;11.77;11.77;11.77;11.77;100
20160203 141800;11.77;11.77;11.77;11.77;300
20160203 142400;11.7701;11.7701;11.77;11.77;700
20160203 142500;11.78;11.78;11.78;11.78;200
20160203 142700;11.785;11.82;11.785;11.82;700
20160203 142800;11.83;11.84;11.83;11.84;700
20160203 143300;11.83;11.83;11.83;11.83;100
20160203 144600;11.83;11.8439;11.83;11.8439;400
20160203 145400;11.8405;11.8405;11.8405;11.8405;200
20160203 145900;11.8499;11.85;11.84;11.85;12500
20160203 150000;11.85;11.85;11.8495;11.8495;200
20160203 151500;11.8699;11.87;11.8699;11.87;2200
20160203 151900;11.87;11.87;11.87;11.87;500
20160203 152200;11.86;11.86;11.86;11.86;300
20160203 152300;11.87;11.87;11.87;11.87;100
20160203 152700;11.86;11.86;11.86;11.86;200
20160203 152900;11.8699;11.8699;11.8699;11.8699;1600
20160203 153600;11.857;11.857;11.857;11.857;125
20160203 154300;11.85;11.85;11.85;11.85;100
20160203 154400;11.85;11.85;11.85;11.85;100
20160203 154500;11.87;11.89;11.86;11.89;2605
20160203 155300;11.89;11.89;11.89;11.89;100
20160203 155400;11.89;11.89;11.89;11.89;100
20160203 155500;11.89;11.9;11.89;11.9;200
20160203 155600;11.89;11.89;11.89;11.89;200
20160203 155700;11.89;11.89;11.89;11.89;300
20160203 155800;11.89;11.89;11.89;11.89;100
20160203 155900;11.91;11.91;11.89;11.89;200
20160203 160000;11.9;11.9;11.89;11.89;604
20160204 093700;11.81;11.81;11.81;11.81;8204
20160204 093800;11.83;11.85;11.83;11.85;800
20160204 094300;11.83;11.83;11.83;11.83;100
20160204 094400;11.83;11.83;11.83;11.83;100
20160204 094800;11.82;11.82;11.82;11.82;500
20160204 094900;11.82;11.82;11.82;11.82;200
20160204 095000;11.82;11.82;11.82;11.82;200
20160204 095100;11.845;11.845;11.83;11.83;200
20160204 101400;11.88;11.88;11.88;11.88;200
20160204 103400;11.94;11.94;11.94;11.94;300
20160204 113100;11.95;11.974;11.95;11.952;950
20160204 114600;11.9446;11.9446;11.9446;11.9446;520
20160204 122100;11.89;11.92;11.89;11.92;400
20160204 131500;11.91;11.91;11.91;11.91;300
20160204 131600;11.9;11.9;11.9;11.9;100
20160204 132000;11.92;11.92;11.92;11.92;200
20160204 135400;11.8978;11.8978;11.8978;11.8978;625
20160204 141100;11.89;11.89;11.89;11.89;100
20160204 142200;11.89;11.89;11.89;11.89;120
20160204 144100;11.89;11.8901;11.89;11.8901;433
20160204 145300;11.8942;11.895;11.8942;11.8942;700
20160204 145600;11.89;11.89;11.89;11.89;100
20160204 151200;11.89;11.89;11.89;11.89;100
20160204 152400;11.9;11.9;11.89;11.89;1400
20160204 152500;11.89;11.89;11.89;11.89;300
20160204 152700;11.885;11.885;11.88;11.88;800
20160204 154600;11.89;11.89;11.89;11.89;100
20160204 154700;11.89;11.89;11.89;11.89;592
20160204 155000;11.9068;11.9068;11.9068;11.9068;100
20160204 155100;11.9068;11.9068;11.9068;11.9068;100
20160204 155200;11.91;11.91;11.91;11.91;100
20160204 155400;11.9068;11.9068;11.9068;11.9068;100
20160204 155500;11.91;11.91;11.91;11.91;100
20160204 155700;11.91;11.92;11.91;11.92;800
20160204 155800;11.92;11.92;11.92;11.92;100
20160204 155900;11.92;11.92;11.92;11.92;300
20160205 094000;11.82;11.82;11.82;11.82;100
20160205 100000;11.8599;11.8599;11.8599;11.8599;1425
20160205 100100;11.85;11.865;11.85;11.865;200
20160205 100200;11.865;11.865;11.865;11.865;100
20160205 100400;11.85;11.85;11.85;11.85;100
20160205 100600;11.865;11.865;11.865;11.865;100
20160205 100700;11.85;11.85;11.85;11.85;200
20160205 100900;11.84;11.84;11.84;11.84;100
20160205 101100;11.83;11.83;11.82;11.82;200
20160205 101200;11.82;11.82;11.82;11.82;100
20160205 101400;11.82;11.82;11.82;11.82;100
20160205 101600;11.82;11.82;11.82;11.82;200
20160205 101800;11.82;11.82;11.82;11.82;100
20160205 101900;11.82;11.82;11.82;11.82;100
20160205 102100;11.82;11.82;11.81;11.81;200
20160205 102300;11.81;11.81;11.81;11.81;100
20160205 102500;11.8;11.8;11.8;11.8;100
20160205 102700;11.79;11.79;11.79;11.79;100
20160205 102900;11.79;11.79;11.79;11.79;100
20160205 103100;11.79;11.79;11.79;11.79;100
20160205 103200;11.77;11.77;11.77;11.77;100
20160205 103300;11.77;11.77;11.77;11.77;100
20160205 103500;11.77;11.77;11.77;11.77;100
20160205 103600;11.78;11.78;11.78;11.78;100
20160205 103700;11.78;11.78;11.78;11.78;100
20160205 103900;11.78;11.78;11.78;11.78;100
20160205 104100;11.77;11.77;11.77;11.77;200
20160205 104300;11.78;11.78;11.77;11.77;200
20160205 104500;11.7701;11.7701;11.7701;11.7701;100
20160205 104600;11.77;11.77;11.77;11.77;100
20160205 104700;11.77;11.77;11.77;11.77;100
20160205 104900;11.77;11.77;11.77;11.77;100
20160205 105100;11.77;11.77;11.77;11.77;100
20160205 105300;11.77;11.77;11.77;11.77;100
20160205 105500;11.77;11.77;11.77;11.77;200
20160205 105700;11.77;11.77;11.77;11.77;100
20160205 110000;11.77;11.77;11.77;11.77;200
20160205 110200;11.7501;11.7501;11.7501;11.7501;100
20160205 110400;11.75;11.8;11.75;11.8;1070
20160205 110500;11.75;11.75;11.75;11.75;100
20160205 110600;11.74;11.74;11.74;11.74;100
20160205 110700;11.73;11.73;11.73;11.73;100
20160205 110800;11.73;11.73;11.73;11.73;100
20160205 110900;11.73;11.73;11.73;11.73;100
20160205 111000;11.73;11.73;11.73;11.73;100
20160205 111300;11.73;11.73;11.73;11.73;200
20160205 111500;11.73;11.73;11.73;11.73;100
20160205 111700;11.73;11.73;11.73;11.73;100
20160205 111800;11.73;11.73;11.73;11.73;100
20160205 111900;11.73;11.73;11.73;11.73;100
20160205 112000;11.71;11.71;11.71;11.71;100
20160205 112200;11.71;11.71;11.71;11.71;100
20160205 112500;11.71;11.71;11.71;11.71;100
20160205 112600;11.7;11.7;11.7;11.7;100
20160205 112700;11.7;11.7;11.7;11.7;100
20160205 112800;11.7;11.74;11.7;11.74;200
20160205 112900;11.6801;11.6801;11.6801;11.6801;100
20160205 113000;11.685;11.685;11.685;11.685;100
20160205 113200;11.6901;11.6901;11.69;11.69;200
20160205 113400;11.68;11.68;11.68;11.68;100
20160205 113500;11.75;11.75;11.75;11.75;890
20160205 113700;11.7;11.7;11.7;11.7;100
20160205 113900;11.7;11.7;11.7;11.7;100
20160205 114200;11.71;11.71;11.71;11.71;100
20160205 114400;11.71;11.71;11.7;11.7;300
20160205 114700;11.7;11.7;11.7;11.7;200
20160205 114800;11.7;11.7;11.7;11.7;100
20160205 115000;11.7;11.7;11.7;11.7;100
20160205 115100;11.73;11.73;11.73;11.73;2100
20160205 115500;11.71;11.71;11.71;11.71;100
20160205 115700;11.7206;11.7206;11.7206;11.7206;285
20160205 115800;11.71;11.72;11.71;11.72;200
20160205 120100;11.73;11.73;11.73;11.73;100
20160205 120200;11.73;11.76;11.73;11.76;400
20160205 120300;11.74;11.74;11.74;11.74;100
20160205 120600;11.74;11.74;11.74;11.74;100
20160205 120900;11.74;11.74;11.74;11.74;100
20160205 121000;11.74;11.74;11.74;11.74;100
20160205 121200;11.74;11.74;11.74;11.74;100
20160205 121400;11.74;11.74;11.74;11.74;100
20160205 121500;11.73;11.73;11.73;11.73;100
20160205 121800;11.73;11.73;11.73;11.73;100
20160205 122100;11.73;11.73;11.73;11.73;100
20160205 122300;11.73;11.73;11.73;11.73;100
20160205 122400;11.73;11.73;11.73;11.73;100
20160205 122700;11.73;11.73;11.73;11.73;100
20160205 123200;11.73;11.73;11.73;11.73;100
20160205 123900;11.76;11.76;11.76;11.76;500
20160205 125200;11.74;11.74;11.74;11.74;100
20160205 125500;11.74;11.74;11.74;11.74;100
20160205 131600;11.73;11.73;11.73;11.73;300
20160205 132400;11.7399;11.7399;11.7399;11.7399;400
20160205 132900;11.731;11.731;11.731;11.731;100
20160205 134000;11.73;11.73;11.73;11.73;1704
20160205 141500;11.73;11.73;11.73;11.73;204
20160205 141600;11.73;11.73;11.73;11.73;200
20160205 152000;11.7;11.71;11.7;11.71;900
20160205 152700;11.6815;11.695;11.6815;11.695;1970
20160205 152800;11.7;11.7;11.7;11.7;100
20160205 153600;11.68;11.68;11.68;11.68;212
20160205 153700;11.68;11.68;11.68;11.68;300
20160205 154000;11.7;11.7;11.7;11.7;1900
20160205 154400;11.7099;11.7099;11.7099;11.7099;150
20160205 154500;11.71;11.71;11.71;11.71;700
20160205 154700;11.72;11.72;11.72;11.72;500
20160205 154800;11.7302;11.7302;11.7302;11.7302;1562
20160205 155800;11.71;11.716;11.71;11.716;929
20160205 155900;11.72;11.72;11.72;11.72;100
