20160119 093100;1.43;1.45;1.4;1.45;2500
20160119 093300;1.46;1.46;1.46;1.46;200
20160119 093800;1.4441;1.4441;1.4441;1.4441;860
20160119 094100;1.46;1.46;1.46;1.46;1700
20160119 094200;1.45;1.45;1.45;1.45;1500
20160119 094900;1.45;1.45;1.45;1.45;100
20160119 095000;1.4511;1.4511;1.4511;1.4511;100
20160119 095400;1.4511;1.4511;1.4511;1.4511;100
20160119 095500;1.4511;1.4511;1.4511;1.4511;100
20160119 095600;1.4511;1.4511;1.4511;1.4511;100
20160119 100600;1.45;1.45;1.45;1.45;400
20160119 101200;1.46;1.46;1.45;1.45;825
20160119 101400;1.4501;1.4501;1.4501;1.4501;300
20160119 101600;1.457;1.457;1.457;1.457;400
20160119 104400;1.46;1.46;1.46;1.46;100
20160119 105700;1.4511;1.4511;1.4511;1.4511;100
20160119 111700;1.46;1.46;1.46;1.46;100
20160119 111900;1.46;1.46;1.46;1.46;100
20160119 112100;1.4501;1.4501;1.4501;1.4501;100
20160119 115600;1.46;1.46;1.46;1.46;200
20160119 121600;1.46;1.46;1.46;1.46;200
20160119 123600;1.46;1.46;1.46;1.46;200
20160119 125400;1.45;1.45;1.45;1.45;600
20160119 132400;1.46;1.46;1.46;1.46;200
20160119 133000;1.45;1.45;1.45;1.45;300
20160119 133900;1.46;1.46;1.46;1.46;100
20160119 135400;1.45;1.45;1.41;1.41;3337
20160119 135500;1.41;1.4399;1.41;1.41;3700
20160119 135600;1.42;1.42;1.42;1.42;1000
20160119 135800;1.43;1.44;1.43;1.44;3462
20160119 140000;1.45;1.45;1.45;1.45;512
20160119 140400;1.45;1.45;1.45;1.45;200
20160119 141000;1.43;1.43;1.43;1.43;400
20160119 142200;1.43;1.43;1.43;1.43;300
20160119 142500;1.42;1.42;1.42;1.42;2600
20160119 143000;1.42;1.42;1.42;1.42;100
20160119 143300;1.42;1.42;1.42;1.42;200
20160119 143500;1.421;1.425;1.421;1.4211;700
20160119 143600;1.425;1.425;1.42;1.42;600
20160119 143700;1.42;1.42;1.41;1.41;1900
20160119 144200;1.43;1.43;1.43;1.43;200
20160119 144300;1.42;1.42;1.42;1.42;100
20160119 144800;1.41;1.41;1.4;1.41;1207
20160119 145100;1.4044;1.4044;1.4044;1.4044;5000
20160119 145200;1.402;1.402;1.402;1.402;900
20160119 145300;1.42;1.42;1.42;1.42;200
20160119 145500;1.402;1.402;1.402;1.402;150
20160119 145900;1.42;1.42;1.42;1.42;100
20160119 150100;1.42;1.42;1.42;1.42;200
20160119 150300;1.4199;1.4199;1.4199;1.4199;200
20160119 150400;1.42;1.42;1.42;1.42;500
20160119 150600;1.42;1.42;1.42;1.42;200
20160119 150700;1.4199;1.4199;1.4199;1.4199;500
20160119 150900;1.41;1.42;1.41;1.42;200
20160119 151000;1.42;1.42;1.42;1.42;500
20160119 151200;1.42;1.42;1.42;1.42;300
20160119 151300;1.4185;1.419;1.4185;1.419;463
20160119 151500;1.42;1.42;1.42;1.42;200
20160119 151600;1.4199;1.4199;1.4199;1.4199;500
20160119 151800;1.4199;1.42;1.4199;1.42;500
20160119 151900;1.42;1.42;1.42;1.42;800
20160119 152000;1.42;1.42;1.42;1.42;500
20160119 154000;1.41;1.41;1.4;1.4;2423
20160119 154200;1.42;1.42;1.42;1.42;158
20160119 155100;1.41;1.41;1.41;1.41;100
20160119 155700;1.41;1.41;1.41;1.41;100
20160119 155800;1.43;1.43;1.43;1.43;300
20160120 093000;1.39;1.39;1.39;1.39;100
20160120 093100;1.354;1.38;1.35;1.38;1450
20160120 093300;1.3501;1.3501;1.3501;1.3501;2000
20160120 093700;1.35;1.35;1.35;1.35;100
20160120 093800;1.355;1.3589;1.355;1.3589;400
20160120 094000;1.35;1.35;1.35;1.35;789
20160120 094300;1.331;1.331;1.331;1.331;200
20160120 094400;1.33;1.33;1.32;1.32;1000
20160120 094500;1.32;1.322;1.32;1.322;1200
20160120 094900;1.35;1.35;1.305;1.305;1100
20160120 095100;1.32;1.32;1.31;1.314;3500
20160120 095900;1.3399;1.3399;1.322;1.322;1143
20160120 100000;1.32;1.32;1.313;1.313;2300
20160120 100600;1.29;1.3;1.28;1.28;1000
20160120 100700;1.28;1.282;1.28;1.28;1800
20160120 101100;1.2605;1.264;1.2605;1.261;7200
20160120 101200;1.2601;1.265;1.2601;1.261;5900
20160120 101500;1.269;1.27;1.265;1.265;600
20160120 101600;1.27;1.27;1.27;1.27;200
20160120 101700;1.27;1.27;1.27;1.27;100
20160120 101800;1.27;1.27;1.27;1.27;200
20160120 102500;1.271;1.271;1.271;1.271;190
20160120 103900;1.27;1.27;1.26;1.26;2100
20160120 104000;1.25;1.25;1.25;1.25;100
20160120 104100;1.255;1.255;1.255;1.255;100
20160120 104200;1.25;1.25;1.25;1.25;100
20160120 104300;1.245;1.251;1.245;1.251;3800
20160120 105900;1.2542;1.2542;1.2515;1.2515;2000
20160120 110200;1.255;1.255;1.255;1.255;100
20160120 110300;1.255;1.255;1.252;1.255;3300
20160120 110400;1.2599;1.2599;1.2599;1.2599;400
20160120 110500;1.26;1.26;1.26;1.26;2100
20160120 111500;1.2655;1.2655;1.2655;1.2655;500
20160120 112400;1.27;1.27;1.27;1.27;300
20160120 114200;1.3;1.3;1.3;1.3;1400
20160120 114300;1.315;1.315;1.3001;1.31;3000
20160120 114400;1.32;1.32;1.31;1.31;300
20160120 114500;1.32;1.32;1.31;1.31;700
20160120 114600;1.32;1.32;1.32;1.32;100
20160120 114700;1.32;1.32;1.32;1.32;300
20160120 114800;1.32;1.32;1.32;1.32;600
20160120 114900;1.3;1.3;1.3;1.3;100
20160120 115000;1.32;1.32;1.31;1.31;400
20160120 115100;1.3001;1.3001;1.3001;1.3001;300
20160120 115200;1.32;1.32;1.31;1.31;3300
20160120 115300;1.32;1.32;1.32;1.32;600
20160120 115500;1.3183;1.3183;1.3183;1.3183;273
20160120 115600;1.3199;1.3199;1.3199;1.3199;700
20160120 115800;1.3183;1.3183;1.3183;1.3183;200
20160120 115900;1.32;1.32;1.32;1.32;600
20160120 120100;1.3185;1.3185;1.3185;1.3185;300
20160120 120300;1.32;1.33;1.32;1.33;700
20160120 120400;1.32;1.32;1.32;1.32;1500
20160120 121400;1.3301;1.3301;1.3301;1.3301;1900
20160120 121800;1.33;1.33;1.33;1.33;600
20160120 124000;1.3332;1.3332;1.331;1.331;3300
20160120 124100;1.33;1.335;1.33;1.33;2500
20160120 124300;1.3399;1.3399;1.33;1.33;1400
20160120 125400;1.33;1.3301;1.33;1.3301;1000
20160120 125500;1.33;1.33;1.33;1.33;200
20160120 125600;1.3085;1.3085;1.3085;1.3085;2897
20160120 125800;1.31;1.31;1.31;1.31;200
20160120 130000;1.32;1.32;1.32;1.32;600
20160120 130100;1.32;1.32;1.32;1.32;400
20160120 130300;1.33;1.33;1.33;1.33;200
20160120 131700;1.3322;1.3322;1.3322;1.3322;500
20160120 132400;1.3301;1.3301;1.3301;1.3301;1000
20160120 132600;1.34;1.34;1.34;1.34;200
20160120 132900;1.3355;1.34;1.3355;1.34;600
20160120 133400;1.34;1.34;1.34;1.34;1200
20160120 133800;1.34;1.34;1.33;1.33;5400
20160120 134100;1.3399;1.34;1.3399;1.34;650
20160120 140200;1.34;1.34;1.34;1.34;400
20160120 141800;1.34;1.34;1.34;1.34;100
20160120 142200;1.34;1.34;1.34;1.34;100
20160120 142300;1.34;1.34;1.34;1.34;285
20160120 144000;1.35;1.35;1.35;1.35;100
20160120 151000;1.35;1.35;1.35;1.35;200
20160120 151300;1.3501;1.3501;1.35;1.35;2000
20160120 152200;1.36;1.36;1.36;1.36;100
20160120 153400;1.356;1.356;1.356;1.356;275
20160120 153900;1.355;1.355;1.35;1.35;2000
20160120 155700;1.35;1.35;1.35;1.35;100
20160120 155800;1.36;1.38;1.3569;1.38;6197
20160120 155900;1.38;1.41;1.37;1.37;8264
20160120 160200;1.35;1.35;1.35;1.35;73
20160121 095400;1.4;1.4;1.4;1.4;200
20160121 095500;1.41;1.41;1.41;1.41;100
20160121 100300;1.42;1.42;1.42;1.42;100
20160121 101400;1.42;1.42;1.42;1.42;100
20160121 101700;1.42;1.43;1.42;1.43;200
20160121 101900;1.42;1.43;1.42;1.43;427
20160121 102500;1.4299;1.43;1.42;1.43;6870
20160121 104000;1.42;1.42;1.42;1.42;100
20160121 105200;1.41;1.41;1.41;1.41;366
20160121 105700;1.42;1.42;1.42;1.42;100
20160121 115000;1.421;1.421;1.421;1.421;750
20160121 123200;1.43;1.43;1.43;1.43;100
20160121 130300;1.43;1.43;1.43;1.43;300
20160121 130600;1.4201;1.43;1.4201;1.43;3000
20160121 134100;1.43;1.43;1.43;1.43;100
20160121 134200;1.4201;1.43;1.4201;1.43;4300
20160121 134400;1.43;1.43;1.43;1.43;100
20160121 134600;1.43;1.43;1.43;1.43;100
20160121 140600;1.43;1.43;1.43;1.43;100
20160121 140900;1.43;1.43;1.43;1.43;100
20160121 142400;1.43;1.43;1.43;1.43;100
20160121 143100;1.43;1.43;1.43;1.43;100
20160121 143600;1.43;1.43;1.43;1.43;100
20160121 145500;1.43;1.43;1.42;1.42;200
20160121 152300;1.43;1.43;1.43;1.43;100
20160121 152700;1.43;1.43;1.43;1.43;100
20160121 154100;1.43;1.43;1.43;1.43;100
20160121 154700;1.43;1.43;1.43;1.43;200
20160121 155500;1.43;1.43;1.43;1.43;100
20160121 155900;1.43;1.45;1.4269;1.44;4352
20160121 160000;1.44;1.44;1.44;1.44;100
20160122 091500;1.52;1.52;1.52;1.52;100
20160122 094000;1.45;1.45;1.45;1.45;1300
20160122 094200;1.45;1.45;1.45;1.45;600
20160122 094300;1.45;1.45;1.45;1.45;1200
20160122 094600;1.49;1.49;1.49;1.49;100
20160122 095900;1.48;1.48;1.48;1.48;400
20160122 100200;1.4611;1.4611;1.4611;1.4611;248
20160122 100500;1.48;1.48;1.48;1.48;100
20160122 101400;1.47;1.47;1.47;1.47;200
20160122 101500;1.48;1.48;1.48;1.48;500
20160122 101900;1.4899;1.4899;1.4899;1.4899;100
20160122 102200;1.49;1.49;1.49;1.49;100
20160122 103800;1.4899;1.4899;1.4899;1.4899;100
20160122 104700;1.48;1.48;1.48;1.48;100
20160122 105400;1.47;1.47;1.47;1.47;200
20160122 110500;1.44;1.44;1.44;1.44;100
20160122 111900;1.45;1.45;1.45;1.45;100
20160122 113700;1.47;1.47;1.47;1.47;100
20160122 115700;1.43;1.43;1.43;1.43;100
20160122 120700;1.42;1.42;1.42;1.42;2888
20160122 121600;1.43;1.43;1.43;1.43;200
20160122 124100;1.4314;1.4314;1.4314;1.4314;300
20160122 125700;1.43;1.43;1.43;1.43;500
20160122 133800;1.44;1.46;1.44;1.46;5100
20160122 135100;1.43;1.43;1.43;1.43;1234
20160122 141900;1.45;1.45;1.45;1.45;100
20160122 143600;1.45;1.45;1.45;1.45;100
20160122 144000;1.434;1.4342;1.41;1.41;10000
20160122 150700;1.42;1.42;1.41;1.41;927
20160122 153000;1.4499;1.4499;1.4499;1.4499;2500
20160122 153300;1.45;1.45;1.45;1.45;200
20160122 154700;1.43;1.43;1.43;1.43;100
20160122 154800;1.45;1.45;1.435;1.435;200
20160122 155100;1.42;1.42;1.42;1.42;958
20160122 155700;1.427;1.44;1.426;1.44;1500
20160122 160000;1.43;1.43;1.43;1.43;200
20160125 094700;1.44;1.44;1.44;1.44;100
20160125 095500;1.44;1.44;1.44;1.44;100
20160125 095600;1.44;1.44;1.44;1.44;100
20160125 101900;1.45;1.45;1.45;1.45;100
20160125 102900;1.44;1.44;1.44;1.44;100
20160125 105500;1.44;1.44;1.44;1.44;200
20160125 112100;1.44;1.44;1.44;1.44;100
20160125 114400;1.44;1.44;1.44;1.44;100
20160125 115000;1.44;1.44;1.44;1.44;100
20160125 115100;1.44;1.44;1.44;1.44;1500
20160125 120400;1.44;1.44;1.44;1.44;100
20160125 120600;1.43;1.43;1.43;1.43;295
20160125 121600;1.43;1.44;1.4299;1.44;5042
20160125 123500;1.43;1.43;1.43;1.43;100
20160125 125200;1.42;1.42;1.42;1.42;200
20160125 130600;1.43;1.43;1.43;1.43;100
20160125 134600;1.42;1.42;1.42;1.42;100
20160125 135200;1.42;1.42;1.41;1.41;500
20160125 135700;1.4;1.4;1.4;1.4;1000
20160125 142200;1.4;1.4;1.4;1.4;100
20160125 142700;1.41;1.41;1.41;1.41;200
20160125 143900;1.41;1.41;1.41;1.41;100
20160125 150300;1.41;1.41;1.41;1.41;100
20160125 150400;1.3901;1.3901;1.3901;1.3901;2500
20160125 151900;1.3902;1.3902;1.3902;1.3902;2000
20160125 152800;1.42;1.42;1.42;1.42;100
20160125 153000;1.4065;1.41;1.4065;1.41;1140
20160125 153400;1.4;1.4;1.4;1.4;500
20160125 153800;1.391;1.391;1.391;1.391;150
20160125 154300;1.3901;1.3901;1.39;1.39;7630
20160125 154400;1.4;1.4;1.39;1.3901;3440
20160125 154900;1.37;1.37;1.37;1.37;100
20160125 155600;1.35;1.35;1.35;1.35;100
20160125 155700;1.37;1.37;1.37;1.37;100
20160125 160000;1.35;1.35;1.35;1.35;487
20160126 093900;1.35;1.35;1.35;1.35;100
20160126 094000;1.35;1.35;1.35;1.35;600
20160126 094100;1.35;1.35;1.35;1.35;100
20160126 094200;1.35;1.35;1.35;1.35;300
20160126 094300;1.35;1.35;1.35;1.35;500
20160126 095200;1.36;1.36;1.36;1.36;500
20160126 095700;1.39;1.39;1.39;1.39;300
20160126 100000;1.42;1.42;1.42;1.42;750
20160126 101500;1.3922;1.3922;1.3922;1.3922;1000
20160126 103500;1.4;1.41;1.4;1.41;975
20160126 103600;1.41;1.41;1.41;1.41;1300
20160126 103700;1.41;1.41;1.41;1.41;900
20160126 103900;1.3801;1.3801;1.3801;1.3801;300
20160126 104800;1.3801;1.3801;1.3801;1.3801;5000
20160126 104900;1.3801;1.3801;1.3801;1.3801;5000
20160126 105100;1.4;1.4;1.4;1.4;100
20160126 105200;1.4299;1.43;1.424;1.424;5000
20160126 112400;1.42;1.42;1.415;1.415;1100
20160126 115200;1.42;1.42;1.42;1.42;200
20160126 120500;1.42;1.42;1.42;1.42;100
20160126 120700;1.42;1.42;1.42;1.42;100
20160126 121800;1.41;1.4101;1.41;1.4101;2650
20160126 123700;1.42;1.42;1.42;1.42;200
20160126 124200;1.4199;1.42;1.4199;1.42;1000
20160126 131300;1.42;1.42;1.42;1.42;100
20160126 131500;1.42;1.42;1.42;1.42;100
20160126 131900;1.42;1.42;1.42;1.42;100
20160126 132200;1.42;1.42;1.42;1.42;400
20160126 132500;1.42;1.42;1.42;1.42;100
20160126 132600;1.4199;1.42;1.4199;1.42;1000
20160126 134700;1.4101;1.4101;1.4101;1.4101;2000
20160126 135400;1.42;1.42;1.42;1.42;200
20160126 140900;1.4133;1.4133;1.4133;1.4133;100
20160126 141300;1.42;1.42;1.42;1.42;100
20160126 141500;1.42;1.42;1.4158;1.4158;1100
20160126 142200;1.42;1.42;1.42;1.42;300
20160126 142300;1.42;1.42;1.42;1.42;100
20160126 143400;1.43;1.43;1.43;1.43;120
20160126 145000;1.4201;1.4201;1.4201;1.4201;1000
20160126 150500;1.43;1.43;1.43;1.43;100
20160126 151300;1.426;1.426;1.42;1.42;10000
20160126 151600;1.422;1.422;1.422;1.422;1000
20160126 152000;1.4201;1.4201;1.42;1.42;4600
20160126 154700;1.4201;1.4201;1.42;1.42;5000
20160126 154900;1.4242;1.4242;1.4242;1.4242;4800
20160126 155000;1.42;1.42;1.42;1.42;400
20160126 155700;1.4201;1.4201;1.42;1.42;4565
20160126 155900;1.42;1.42;1.42;1.42;100
20160126 160000;1.4199;1.42;1.38;1.38;1024
20160126 160200;1.39;1.39;1.39;1.39;90
20160127 093900;1.41;1.41;1.41;1.41;100
20160127 094000;1.4174;1.44;1.4149;1.44;2258
20160127 094100;1.44;1.44;1.44;1.44;100
20160127 094200;1.44;1.45;1.44;1.4499;1000
20160127 094300;1.44;1.44;1.44;1.44;300
20160127 094400;1.4382;1.4382;1.4382;1.4382;200
20160127 095900;1.45;1.45;1.4449;1.45;8700
20160127 100000;1.45;1.45;1.45;1.45;800
20160127 101700;1.47;1.49;1.47;1.49;1983
20160127 101800;1.49;1.52;1.49;1.52;8000
20160127 102000;1.52;1.5299;1.52;1.5299;1800
20160127 102100;1.52;1.52;1.52;1.52;1800
20160127 102200;1.52;1.52;1.52;1.52;500
20160127 102300;1.52;1.5399;1.52;1.5399;15223
20160127 102400;1.5478;1.5478;1.5478;1.5478;800
20160127 102500;1.53;1.531;1.5101;1.5101;3700
20160127 102800;1.52;1.52;1.5176;1.5176;3600
20160127 103300;1.5398;1.5398;1.5398;1.5398;2830
20160127 103800;1.548;1.548;1.548;1.548;600
20160127 104100;1.53;1.53;1.53;1.53;600
20160127 104300;1.52;1.52;1.52;1.52;300
20160127 104500;1.51;1.51;1.51;1.51;100
20160127 104800;1.5399;1.54;1.5399;1.54;6500
20160127 105400;1.5112;1.5112;1.5112;1.5112;140
20160127 105500;1.5101;1.5101;1.5101;1.5101;6000
20160127 105800;1.51;1.51;1.494;1.5;3800
20160127 110400;1.5;1.5;1.5;1.5;200
20160127 111600;1.5173;1.5173;1.5173;1.5173;321
20160127 112300;1.504;1.504;1.502;1.502;2000
20160127 113700;1.51;1.51;1.51;1.51;200
20160127 115500;1.51;1.52;1.5;1.5;1100
20160127 115600;1.5;1.5;1.5;1.5;100
20160127 121400;1.51;1.51;1.51;1.51;1000
20160127 121600;1.51;1.5199;1.51;1.5199;660
20160127 121800;1.5001;1.5001;1.5001;1.5001;2000
20160127 123000;1.5129;1.5138;1.5;1.5;4700
20160127 123200;1.5049;1.5049;1.5049;1.5049;300
20160127 123400;1.5;1.5001;1.48;1.48;2720
20160127 123500;1.49;1.49;1.48;1.48;1500
20160127 123600;1.49;1.51;1.48;1.5099;1800
20160127 131600;1.5099;1.5099;1.5099;1.5099;700
20160127 134400;1.52;1.52;1.52;1.52;300
20160127 141600;1.52;1.52;1.5171;1.518;3100
20160127 142400;1.52;1.54;1.5199;1.52;9554
20160127 142500;1.53;1.53;1.52;1.52;4100
20160127 143200;1.5342;1.5342;1.531;1.531;3000
20160127 143700;1.54;1.54;1.54;1.54;400
20160127 144000;1.5399;1.54;1.5399;1.5399;3300
20160127 144200;1.54;1.54;1.5399;1.5399;6000
20160127 144500;1.55;1.55;1.55;1.55;3500
20160127 144600;1.57;1.58;1.5699;1.58;4900
20160127 144700;1.57;1.57;1.54;1.54;1100
20160127 145300;1.5501;1.5501;1.55;1.55;3000
20160127 150100;1.5565;1.5565;1.5565;1.5565;1000
20160127 150200;1.5511;1.5542;1.5501;1.5501;2300
20160127 150300;1.55;1.55;1.55;1.55;200
20160127 150400;1.541;1.5442;1.5202;1.5202;5600
20160127 150900;1.54;1.54;1.54;1.54;100
20160127 151200;1.5399;1.5399;1.5399;1.5399;4500
20160127 151500;1.54;1.56;1.54;1.56;1600
20160127 153900;1.531;1.5342;1.531;1.5342;800
20160127 154100;1.53;1.53;1.53;1.53;700
20160127 154200;1.532;1.5342;1.53;1.53;2700
20160127 154300;1.52;1.5212;1.52;1.5201;2000
20160127 155000;1.53;1.53;1.53;1.53;200
20160127 155100;1.53;1.53;1.53;1.53;2480
20160127 160000;1.5499;1.56;1.5487;1.56;5325
20160127 161300;1.54;1.54;1.54;1.54;90
20160127 170000;1.5;1.5;1.5;1.5;100
20160128 093100;1.56;1.56;1.56;1.56;802
20160128 093400;1.56;1.56;1.56;1.56;500
20160128 093600;1.56;1.56;1.56;1.56;200
20160128 093700;1.56;1.56;1.56;1.56;1200
20160128 094200;1.56;1.56;1.56;1.56;100
20160128 094400;1.55;1.55;1.54;1.54;250
20160128 100000;1.514;1.5142;1.513;1.513;1000
20160128 100300;1.53;1.53;1.53;1.53;1000
20160128 102200;1.5249;1.5249;1.5249;1.5249;1000
20160128 103200;1.512;1.512;1.512;1.512;200
20160128 103400;1.51;1.53;1.51;1.53;1000
20160128 103500;1.5;1.5;1.5;1.5;500
20160128 103800;1.5;1.5;1.5;1.5;1400
20160128 104100;1.499;1.499;1.499;1.499;350
20160128 104200;1.4901;1.4901;1.48;1.48;4400
20160128 104500;1.471;1.4742;1.471;1.4742;1400
20160128 104800;1.47;1.4715;1.47;1.4715;5213
20160128 105600;1.4599;1.4599;1.4599;1.4599;1000
20160128 105700;1.4525;1.4525;1.44;1.45;1684
20160128 110700;1.448;1.448;1.448;1.448;500
20160128 110800;1.43;1.43;1.42;1.42;800
20160128 111700;1.45;1.45;1.45;1.45;1200
20160128 111800;1.45;1.45;1.45;1.45;100
20160128 112300;1.45;1.49;1.45;1.48;20275
20160128 113600;1.5;1.5;1.5;1.5;100
20160128 113800;1.49;1.49;1.49;1.49;500
20160128 115100;1.5;1.5;1.5;1.5;100
20160128 121000;1.49;1.49;1.49;1.49;100
20160128 123000;1.4899;1.4899;1.481;1.481;3000
20160128 123300;1.49;1.49;1.49;1.49;100
20160128 124800;1.4744;1.49;1.4744;1.49;700
20160128 125000;1.49;1.49;1.49;1.49;300
20160128 125200;1.48;1.48;1.48;1.48;100
20160128 130100;1.49;1.49;1.49;1.49;400
20160128 131700;1.4899;1.49;1.4899;1.49;1400
20160128 133500;1.4999;1.4999;1.4999;1.4999;100
20160128 133600;1.498;1.498;1.498;1.498;900
20160128 135200;1.5;1.5;1.5;1.5;100
20160128 140500;1.5;1.5;1.5;1.5;100
20160128 140600;1.4978;1.5;1.4978;1.5;252
20160128 140800;1.5;1.5;1.5;1.5;1070
20160128 143600;1.5;1.5;1.5;1.5;300
20160128 145800;1.5;1.5;1.5;1.5;200
20160128 151200;1.5;1.5;1.5;1.5;100
20160128 151400;1.5;1.5;1.5;1.5;1800
20160128 152500;1.53;1.53;1.53;1.53;100
20160128 160000;1.49;1.49;1.49;1.49;1430
20160128 175900;1.55;1.55;1.55;1.55;100
20160129 092800;1.52;1.52;1.52;1.52;200
20160129 093200;1.49;1.49;1.49;1.49;1700
20160129 093300;1.5;1.515;1.5;1.5;2300
20160129 093600;1.52;1.53;1.52;1.53;650
20160129 093700;1.53;1.53;1.528;1.528;2213
20160129 093800;1.53;1.53;1.53;1.53;5850
20160129 095000;1.54;1.54;1.53;1.53;900
20160129 095100;1.53;1.54;1.53;1.54;600
20160129 095700;1.54;1.54;1.54;1.54;900
20160129 095800;1.54;1.54;1.54;1.54;4739
20160129 100000;1.5499;1.55;1.5499;1.55;200
20160129 100600;1.55;1.55;1.55;1.55;1300
20160129 100700;1.55;1.55;1.5499;1.5499;300
20160129 101000;1.55;1.55;1.55;1.55;400
20160129 101100;1.55;1.55;1.55;1.55;100
20160129 102100;1.541;1.547;1.54;1.547;1200
20160129 103700;1.5413;1.5413;1.5413;1.5413;300
20160129 104000;1.54;1.54;1.53;1.54;11400
20160129 104300;1.54;1.54;1.54;1.54;3000
20160129 105100;1.55;1.55;1.55;1.55;3000
20160129 105200;1.56;1.56;1.56;1.56;500
20160129 105800;1.55;1.55;1.54;1.54;2500
20160129 105900;1.54;1.54;1.54;1.54;1000
20160129 110000;1.54;1.54;1.54;1.54;200
20160129 110600;1.54;1.54;1.54;1.54;300
20160129 110700;1.54;1.54;1.54;1.54;200
20160129 110800;1.54;1.54;1.54;1.54;2000
20160129 110900;1.54;1.54;1.54;1.54;1445
20160129 111000;1.54;1.54;1.54;1.54;2500
20160129 111100;1.55;1.55;1.55;1.55;300
20160129 111800;1.5501;1.5501;1.5501;1.5501;1000
20160129 112100;1.5569;1.56;1.55;1.554;1666
20160129 112700;1.5499;1.5499;1.5499;1.5499;100
20160129 113800;1.55;1.55;1.55;1.55;100
20160129 114700;1.5414;1.5414;1.5414;1.5414;967
20160129 114800;1.55;1.55;1.55;1.55;100
20160129 115100;1.5401;1.5401;1.5401;1.5401;370
20160129 115200;1.55;1.55;1.55;1.55;100
20160129 115700;1.57;1.57;1.57;1.57;100
20160129 120500;1.56;1.56;1.56;1.56;200
20160129 120700;1.55;1.56;1.55;1.56;300
20160129 120800;1.56;1.56;1.56;1.56;100
20160129 121400;1.56;1.56;1.5551;1.5551;450
20160129 121900;1.54;1.54;1.54;1.54;400
20160129 122700;1.5551;1.5551;1.5551;1.5551;250
20160129 123500;1.56;1.56;1.56;1.56;200
20160129 124100;1.56;1.56;1.56;1.56;100
20160129 124200;1.56;1.56;1.56;1.56;100
20160129 124900;1.5401;1.5401;1.5401;1.5401;2400
20160129 125000;1.56;1.56;1.56;1.56;300
20160129 125100;1.56;1.56;1.56;1.56;600
20160129 130400;1.56;1.56;1.56;1.56;100
20160129 131500;1.56;1.56;1.56;1.56;200
20160129 132100;1.56;1.56;1.56;1.56;100
20160129 132400;1.57;1.57;1.57;1.57;100
20160129 132600;1.57;1.57;1.57;1.57;100
20160129 132800;1.56;1.56;1.56;1.56;300
20160129 134000;1.5501;1.5501;1.5501;1.5501;400
20160129 134300;1.5699;1.5699;1.5699;1.5699;100
20160129 134700;1.57;1.57;1.57;1.57;100
20160129 135200;1.57;1.57;1.57;1.57;100
20160129 140700;1.57;1.57;1.57;1.57;800
20160129 140800;1.57;1.57;1.57;1.57;100
20160129 142100;1.57;1.57;1.57;1.57;100
20160129 142700;1.57;1.57;1.57;1.57;100
20160129 143600;1.5601;1.5601;1.5601;1.5601;1711
20160129 143800;1.57;1.57;1.57;1.57;700
20160129 144400;1.57;1.57;1.57;1.57;100
20160129 145800;1.56;1.56;1.56;1.56;1000
20160129 150000;1.57;1.57;1.57;1.57;100
20160129 150500;1.56;1.565;1.56;1.565;400
20160129 151100;1.57;1.57;1.57;1.57;100
20160129 151200;1.55;1.55;1.55;1.55;4000
20160129 151500;1.55;1.55;1.55;1.55;200
20160129 151600;1.55;1.55;1.54;1.54;300
20160129 151700;1.54;1.54;1.54;1.54;100
20160129 151800;1.54;1.54;1.54;1.54;100
20160129 151900;1.53;1.53;1.52;1.52;4116
20160129 152200;1.52;1.54;1.52;1.54;9058
20160129 152400;1.53;1.53;1.53;1.53;385
20160129 152700;1.55;1.55;1.55;1.55;100
20160129 152800;1.55;1.55;1.55;1.55;100
20160129 153000;1.55;1.55;1.55;1.55;100
20160129 153100;1.55;1.55;1.55;1.55;100
20160129 153300;1.55;1.55;1.55;1.55;100
20160129 153400;1.55;1.55;1.55;1.55;100
20160129 153500;1.54;1.54;1.54;1.54;200
20160129 153600;1.54;1.54;1.54;1.54;100
20160129 153800;1.56;1.56;1.55;1.55;400
20160129 153900;1.55;1.55;1.52;1.52;1900
20160129 154100;1.52;1.52;1.52;1.52;100
20160129 154200;1.52;1.52;1.52;1.52;600
20160129 154300;1.53;1.53;1.53;1.53;100
20160129 154400;1.53;1.53;1.53;1.53;100
20160129 154500;1.53;1.53;1.53;1.53;100
20160129 154600;1.53;1.53;1.53;1.53;100
20160129 154700;1.51;1.53;1.5;1.53;8700
20160129 154900;1.51;1.53;1.51;1.53;9950
20160129 155000;1.53;1.53;1.53;1.53;100
20160129 155100;1.53;1.53;1.5;1.5;11000
20160129 155200;1.53;1.53;1.53;1.53;100
20160129 155300;1.501;1.53;1.49;1.5099;25570
20160129 155400;1.52;1.52;1.47;1.47;11300
20160129 155500;1.48;1.48;1.48;1.48;100
20160129 155600;1.48;1.48;1.48;1.48;200
20160129 155700;1.48;1.48;1.4799;1.4799;1200
20160129 155800;1.48;1.48;1.48;1.48;300
20160129 155900;1.48;1.48;1.48;1.48;300
20160129 160000;1.48;1.48;1.46;1.46;783
20160201 093600;1.5328;1.5328;1.5328;1.5328;1000
20160201 093700;1.45;1.45;1.45;1.45;4878
20160201 093800;1.4602;1.4602;1.4602;1.4602;500
20160201 095500;1.39;1.39;1.39;1.39;200
20160201 095700;1.399;1.399;1.399;1.399;100
20160201 100000;1.394;1.414;1.394;1.414;1700
20160201 100200;1.4079;1.4079;1.4;1.4033;3400
20160201 100300;1.39;1.393;1.39;1.393;2000
20160201 100800;1.39;1.39;1.38;1.38;800
20160201 100900;1.48;1.48;1.48;1.48;100
20160201 101200;1.45;1.45;1.45;1.45;700
20160201 102600;1.4411;1.447;1.431;1.447;850
20160201 102700;1.42;1.42;1.4;1.42;2289
20160201 102800;1.44;1.44;1.44;1.44;100
20160201 104000;1.44;1.44;1.44;1.44;1500
20160201 104100;1.45;1.45;1.44;1.44;2800
20160201 104200;1.455;1.455;1.43;1.43;1800
20160201 105100;1.4101;1.4101;1.4101;1.4101;1600
20160201 105200;1.41;1.41;1.41;1.41;2000
20160201 105300;1.42;1.42;1.4;1.4;5000
20160201 105600;1.52;1.52;1.52;1.52;200
20160201 110200;1.42;1.42;1.42;1.42;200
20160201 111900;1.44;1.44;1.44;1.44;200
20160201 113900;1.47;1.47;1.47;1.47;200
20160201 114100;1.4899;1.4899;1.4899;1.4899;200
20160201 114900;1.46;1.46;1.46;1.46;200
20160201 115100;1.44;1.44;1.44;1.44;200
20160201 120100;1.44;1.443;1.44;1.443;3056
20160201 122500;1.46;1.46;1.41;1.41;400
20160201 122600;1.44;1.44;1.44;1.44;600
20160201 124800;1.44;1.44;1.44;1.44;100
20160201 125000;1.44;1.44;1.44;1.44;100
20160201 130400;1.44;1.44;1.44;1.44;200
20160201 133400;1.45;1.45;1.45;1.45;100
20160201 133800;1.46;1.46;1.46;1.46;100
20160201 134000;1.4602;1.4602;1.45;1.45;1100
20160201 141200;1.47;1.47;1.47;1.47;200
20160201 142200;1.49;1.49;1.49;1.49;100
20160201 142600;1.5;1.5;1.5;1.5;100
20160201 143600;1.51;1.51;1.51;1.51;100
20160201 144700;1.49;1.49;1.49;1.49;100
20160201 153400;1.47;1.4701;1.47;1.4701;600
20160201 155100;1.45;1.45;1.45;1.45;100
20160201 155900;1.44;1.44;1.44;1.44;100
20160201 160000;1.45;1.45;1.45;1.45;100
20160202 094700;1.49;1.49;1.49;1.49;1400
20160202 094900;1.485;1.5199;1.485;1.5199;5500
20160202 095700;1.52;1.52;1.52;1.52;2000
20160202 100000;1.51;1.5101;1.5089;1.5101;740
20160202 101500;1.4999;1.4999;1.4999;1.4999;2000
20160202 102200;1.5;1.5;1.5;1.5;151
20160202 102300;1.49;1.5;1.49;1.5;200
20160202 102400;1.5;1.5;1.5;1.5;100
20160202 111200;1.47;1.47;1.47;1.47;100
20160202 112800;1.49;1.5;1.49;1.5;300
20160202 113200;1.49;1.49;1.49;1.49;100
20160202 113300;1.5;1.5;1.5;1.5;100
20160202 113900;1.47;1.47;1.47;1.47;100
20160202 115300;1.47;1.47;1.47;1.47;100
20160202 120400;1.5;1.5;1.5;1.5;100
20160202 120600;1.4701;1.4701;1.4701;1.4701;600
20160202 121800;1.485;1.5;1.485;1.5;400
20160202 122600;1.499;1.499;1.485;1.485;500
20160202 124900;1.49;1.49;1.49;1.49;100
20160202 125200;1.47;1.47;1.47;1.47;100
20160202 130300;1.49;1.49;1.49;1.49;100
20160202 131900;1.49;1.49;1.49;1.49;200
20160202 133200;1.47;1.47;1.47;1.47;1411
20160202 133300;1.4601;1.4601;1.4601;1.4601;2285
20160202 135200;1.46;1.4601;1.46;1.46;1700
20160202 135800;1.46;1.46;1.4589;1.4589;400
20160202 141200;1.46;1.46;1.46;1.46;200
20160202 142400;1.45;1.45;1.45;1.45;2100
20160202 142500;1.44;1.44;1.44;1.44;100
20160202 143400;1.45;1.45;1.45;1.45;100
20160202 145600;1.4498;1.4498;1.445;1.445;402
20160202 150100;1.45;1.45;1.45;1.45;300
20160202 150300;1.45;1.45;1.45;1.45;300
20160202 150500;1.46;1.46;1.46;1.46;299
20160202 151900;1.46;1.46;1.46;1.46;100
20160202 153400;1.46;1.46;1.46;1.46;100
20160202 154300;1.4425;1.4425;1.4425;1.4425;3000
20160202 154800;1.46;1.46;1.457;1.457;300
20160202 155300;1.45;1.45;1.45;1.45;500
20160202 155500;1.44;1.44;1.44;1.44;100
20160202 155600;1.44;1.4401;1.44;1.4401;400
20160202 155900;1.44;1.44;1.44;1.44;100
20160202 160000;1.45;1.46;1.45;1.46;500
20160203 094200;1.5099;1.51;1.45;1.51;3064
20160203 102000;1.439;1.44;1.439;1.44;2000
20160203 103200;1.45;1.45;1.45;1.45;100
20160203 104200;1.43;1.43;1.43;1.43;100
20160203 110700;1.45;1.45;1.45;1.45;100
20160203 112500;1.45;1.45;1.45;1.45;200
20160203 112900;1.43;1.43;1.43;1.43;432
20160203 113300;1.44;1.44;1.44;1.44;100
20160203 123900;1.43;1.4301;1.39;1.43;13388
20160203 125100;1.41;1.41;1.41;1.41;100
20160203 130700;1.39;1.39;1.39;1.39;100
20160203 131900;1.395;1.41;1.38;1.41;4000
20160203 140800;1.39;1.39;1.39;1.39;300
20160203 142100;1.38;1.38;1.38;1.38;100
20160203 143000;1.38;1.38;1.38;1.38;100
20160203 143500;1.39;1.39;1.39;1.39;100
20160203 144000;1.39;1.39;1.39;1.39;500
20160203 144300;1.38;1.39;1.38;1.3801;12000
20160203 150500;1.36;1.3601;1.35;1.35;600
20160203 150600;1.36;1.36;1.36;1.36;1000
20160203 150700;1.36;1.36;1.355;1.36;3600
20160203 151100;1.36;1.36;1.36;1.36;100
20160203 151500;1.35;1.36;1.35;1.36;200
20160203 151900;1.35;1.35;1.35;1.35;100
20160203 152700;1.3501;1.3501;1.3501;1.3501;800
20160203 152800;1.36;1.36;1.36;1.36;100
20160203 153300;1.36;1.38;1.36;1.38;500
20160203 154100;1.3798;1.3798;1.3798;1.3798;491
20160203 155500;1.38;1.38;1.366;1.366;1100
20160203 155600;1.38;1.38;1.3799;1.3799;600
20160203 155800;1.38;1.38;1.38;1.38;200
20160203 160000;1.38;1.39;1.37;1.39;1157
20160203 161100;1.44;1.44;1.44;1.44;100
20160204 093400;1.4498;1.4499;1.4498;1.4499;1350
20160204 093800;1.4499;1.4499;1.4499;1.4499;3000
20160204 094800;1.43;1.43;1.43;1.43;100
20160204 095000;1.4226;1.4226;1.4226;1.4226;1800
20160204 095800;1.42;1.42;1.42;1.42;100
20160204 100700;1.4327;1.4327;1.4327;1.4327;500
20160204 102500;1.44;1.44;1.44;1.44;100
20160204 103400;1.428;1.428;1.428;1.428;2500
20160204 113300;1.44;1.44;1.44;1.44;100
20160204 114100;1.42;1.42;1.42;1.42;100
20160204 114900;1.38;1.38;1.372;1.372;200
20160204 123100;1.377;1.377;1.377;1.377;1000
20160204 125700;1.4;1.4;1.4;1.4;200
20160204 134200;1.4;1.4;1.38;1.38;5200
20160204 134600;1.38;1.38;1.38;1.38;100
20160204 134900;1.4;1.4;1.4;1.4;200
20160204 135100;1.3844;1.3844;1.36;1.37;3700
20160204 135800;1.39;1.39;1.35;1.3501;9100
20160204 140200;1.35;1.35;1.35;1.35;200
20160204 140600;1.3689;1.3689;1.3689;1.3689;550
20160204 141400;1.378;1.378;1.378;1.378;200
20160204 145500;1.36;1.36;1.36;1.36;100
20160204 145900;1.36;1.36;1.35;1.35;15600
20160204 150000;1.36;1.36;1.36;1.36;200
20160204 150100;1.3538;1.3538;1.35;1.35;5000
20160204 150200;1.36;1.36;1.355;1.36;400
20160204 150300;1.3615;1.38;1.3615;1.38;5200
20160204 150400;1.38;1.38;1.38;1.38;100
20160204 150500;1.38;1.38;1.38;1.38;200
20160204 150600;1.37;1.37;1.37;1.37;200
20160204 151000;1.4;1.4;1.4;1.4;400
20160204 151600;1.35;1.35;1.35;1.35;200
20160204 152100;1.36;1.36;1.36;1.36;100
20160204 153100;1.36;1.36;1.36;1.36;100
20160204 154900;1.36;1.36;1.33;1.33;3300
20160204 155000;1.38;1.38;1.38;1.38;300
20160204 155300;1.35;1.35;1.35;1.35;100
20160204 155900;1.35;1.35;1.35;1.35;103
20160204 160000;1.37;1.38;1.37;1.38;274
20160205 095800;1.33;1.33;1.33;1.33;100
20160205 101000;1.34;1.34;1.34;1.34;1000
20160205 102600;1.33;1.33;1.33;1.33;100
20160205 102900;1.33;1.34;1.3299;1.33;8125
20160205 103600;1.3311;1.3311;1.3311;1.3311;100
20160205 105600;1.3433;1.3433;1.3433;1.3433;1500
20160205 105700;1.33;1.33;1.33;1.33;100
20160205 110600;1.32;1.32;1.32;1.32;2784
20160205 113600;1.36;1.36;1.36;1.36;100
20160205 120700;1.35;1.35;1.35;1.35;100
20160205 122300;1.35;1.35;1.35;1.35;100
20160205 122400;1.33;1.33;1.33;1.33;100
20160205 125400;1.35;1.35;1.35;1.35;100
20160205 125900;1.33;1.33;1.33;1.33;100
20160205 131000;1.35;1.35;1.35;1.35;100
20160205 132500;1.34;1.34;1.33;1.33;300
20160205 132800;1.328;1.328;1.328;1.328;100
20160205 134100;1.33;1.33;1.33;1.33;100
20160205 134800;1.33;1.33;1.33;1.33;200
20160205 141300;1.34;1.34;1.34;1.34;100
20160205 142200;1.34;1.34;1.34;1.34;100
20160205 142700;1.35;1.35;1.35;1.35;100
20160205 142800;1.36;1.36;1.36;1.36;100
20160205 143500;1.36;1.36;1.35;1.35;4100
20160205 153100;1.35;1.35;1.35;1.35;100
20160205 154500;1.35;1.35;1.35;1.35;100
20160205 155400;1.33;1.33;1.33;1.33;100
20160205 155700;1.33;1.33;1.33;1.33;400
20160205 155900;1.32;1.32;1.32;1.32;342
20160205 160000;1.34;1.36;1.34;1.36;200
