20160119 093800;1.683;1.683;1.67;1.67;371
20160119 100800;1.6368;1.6368;1.6368;1.6368;1528
20160119 101000;1.63;1.632;1.63;1.632;619
20160119 101500;1.66;1.66;1.6557;1.6557;300
20160119 101700;1.6398;1.6398;1.6398;1.6398;224
20160119 103600;1.65;1.65;1.65;1.65;300
20160119 104000;1.6305;1.6305;1.6305;1.6305;200
20160119 105500;1.622;1.622;1.622;1.622;7382
20160119 110100;1.65;1.66;1.65;1.66;300
20160119 110200;1.663;1.663;1.663;1.663;283
20160119 112600;1.657;1.657;1.657;1.657;100
20160119 115200;1.7;1.7;1.7;1.7;100
20160119 121000;1.65;1.65;1.65;1.65;1200
20160119 121100;1.65;1.65;1.62;1.6375;9304
20160119 121900;1.62;1.62;1.62;1.62;500
20160119 123400;1.63;1.63;1.63;1.63;100
20160119 123500;1.63;1.63;1.63;1.63;200
20160119 124100;1.64;1.64;1.64;1.64;1000
20160119 125500;1.638;1.638;1.638;1.638;100
20160119 131000;1.62;1.63;1.62;1.63;510
20160119 131100;1.62;1.62;1.62;1.62;100
20160119 132000;1.62;1.62;1.62;1.62;100
20160119 132800;1.62;1.62;1.62;1.62;300
20160119 133500;1.62;1.62;1.62;1.62;1000
20160119 140300;1.62;1.6295;1.61;1.61;3100
20160119 140500;1.61;1.6182;1.61;1.61;5200
20160119 140700;1.6099;1.6099;1.6099;1.6099;500
20160119 141200;1.6;1.6;1.53;1.53;1749
20160119 143200;1.5285;1.5285;1.5285;1.5285;484
20160119 144700;1.515;1.52;1.515;1.52;450
20160119 145300;1.5101;1.5101;1.5101;1.5101;100
20160119 145500;1.537;1.537;1.537;1.537;130
20160119 151300;1.53;1.53;1.53;1.53;620
20160119 153200;1.528;1.528;1.528;1.528;120
20160119 153300;1.5101;1.5101;1.5101;1.5101;1600
20160119 153600;1.5191;1.5191;1.51;1.51;600
20160119 153700;1.52;1.52;1.52;1.52;1700
20160119 155700;1.53;1.53;1.53;1.53;100
20160119 155900;1.52;1.52;1.52;1.52;4272
20160119 164900;1.34;1.34;1.34;1.34;110
20160120 100100;1.5511;1.5542;1.514;1.52;5400
20160120 102200;1.54;1.54;1.54;1.54;2300
20160120 103700;1.505;1.51;1.505;1.505;600
20160120 105400;1.51;1.51;1.51;1.51;1000
20160120 105800;1.5099;1.5099;1.5099;1.5099;130
20160120 112000;1.501;1.504;1.5;1.5;5200
20160120 112200;1.51;1.51;1.5099;1.5099;396
20160120 112800;1.505;1.51;1.505;1.51;1800
20160120 113500;1.505;1.51;1.505;1.51;800
20160120 113800;1.5299;1.5299;1.5299;1.5299;300
20160120 113900;1.5299;1.5299;1.5299;1.5299;300
20160120 114000;1.5299;1.5299;1.512;1.512;1900
20160120 114100;1.5299;1.5299;1.5299;1.5299;300
20160120 114200;1.5299;1.5299;1.5;1.5299;1250
20160120 114300;1.53;1.53;1.5299;1.5299;300
20160120 114400;1.5299;1.5299;1.5;1.5;300
20160120 114500;1.515;1.53;1.515;1.5299;300
20160120 114600;1.5299;1.53;1.5299;1.5299;300
20160120 114700;1.53;1.53;1.53;1.53;300
20160120 114800;1.53;1.53;1.53;1.53;200
20160120 114900;1.5299;1.53;1.5299;1.53;200
20160120 115000;1.53;1.53;1.53;1.53;300
20160120 115100;1.53;1.5399;1.53;1.5399;300
20160120 115200;1.53;1.53;1.53;1.53;200
20160120 115300;1.53;1.53;1.53;1.53;200
20160120 115500;1.54;1.54;1.54;1.54;900
20160120 120000;1.5499;1.55;1.5499;1.55;300
20160120 120500;1.5994;1.5994;1.5994;1.5994;1000
20160120 120900;1.5176;1.5176;1.51;1.51;2600
20160120 121000;1.55;1.55;1.55;1.55;900
20160120 121300;1.503;1.503;1.501;1.501;700
20160120 121600;1.5284;1.536;1.5284;1.536;400
20160120 122300;1.52;1.52;1.52;1.52;100
20160120 122800;1.52;1.52;1.52;1.52;2000
20160120 123000;1.5201;1.5201;1.5201;1.5201;2000
20160120 124100;1.5466;1.5466;1.5466;1.5466;650
20160120 124300;1.5466;1.5466;1.5466;1.5466;650
20160120 124700;1.5571;1.5571;1.5571;1.5571;1000
20160120 125400;1.52;1.52;1.52;1.52;100
20160120 125600;1.53;1.53;1.53;1.53;100
20160120 130200;1.5525;1.5525;1.5525;1.5525;3750
20160120 130500;1.54;1.54;1.53;1.53;200
20160120 130600;1.53;1.53;1.53;1.53;100
20160120 131000;1.52;1.52;1.52;1.52;100
20160120 131300;1.52;1.55;1.52;1.55;3300
20160120 131400;1.55;1.55;1.55;1.55;800
20160120 131700;1.55;1.55;1.5499;1.55;1200
20160120 134100;1.53;1.53;1.53;1.53;100
20160120 135200;1.548;1.548;1.548;1.548;1000
20160120 141100;1.56;1.56;1.56;1.56;100
20160120 141200;1.55;1.55;1.55;1.55;100
20160120 141600;1.56;1.56;1.56;1.56;1000
20160120 142700;1.53;1.53;1.53;1.53;100
20160120 142800;1.54;1.54;1.54;1.54;100
20160120 142900;1.54;1.54;1.54;1.54;150
20160120 143200;1.535;1.55;1.535;1.55;400
20160120 143300;1.55;1.55;1.55;1.55;100
20160120 143700;1.55;1.55;1.55;1.55;100
20160120 143800;1.521;1.55;1.521;1.55;251
20160120 144400;1.5358;1.5358;1.5358;1.5358;130
20160120 144800;1.55;1.55;1.55;1.55;900
20160120 145100;1.533;1.533;1.533;1.533;189
20160120 150600;1.5687;1.5687;1.5687;1.5687;100
20160120 151000;1.5658;1.5757;1.53;1.53;10069
20160120 152300;1.56;1.56;1.56;1.56;200
20160120 152900;1.55;1.55;1.55;1.55;100
20160120 154900;1.5501;1.5501;1.5501;1.5501;1000
20160120 155300;1.56;1.56;1.56;1.56;300
20160120 160000;1.55;1.55;1.55;1.55;100
20160121 093100;1.6;1.6;1.6;1.6;400
20160121 093900;1.596;1.5999;1.596;1.5999;725
20160121 100100;1.5771;1.5771;1.56;1.56;5300
20160121 100500;1.5753;1.5753;1.5753;1.5753;1000
20160121 101600;1.56;1.56;1.56;1.56;100
20160121 110900;1.5815;1.5815;1.5815;1.5815;200
20160121 111300;1.583;1.583;1.583;1.583;150
20160121 111400;1.57;1.5701;1.57;1.5701;424
20160121 111600;1.5715;1.5715;1.5715;1.5715;589
20160121 111700;1.578;1.578;1.578;1.578;1000
20160121 113600;1.589;1.589;1.58;1.58;1100
20160121 113800;1.588;1.588;1.588;1.588;103
20160121 115100;1.5863;1.5863;1.5863;1.5863;650
20160121 115800;1.59;1.59;1.59;1.59;100
20160121 120200;1.59;1.59;1.59;1.59;200
20160121 120800;1.6;1.6;1.58;1.5888;5700
20160121 121500;1.59;1.59;1.59;1.59;100
20160121 122700;1.603;1.603;1.603;1.603;100
20160121 123100;1.6001;1.6001;1.6001;1.6001;200
20160121 123800;1.61;1.61;1.61;1.61;200
20160121 124300;1.6199;1.6199;1.61;1.61;3100
20160121 124800;1.615;1.64;1.61;1.64;6512
20160121 125500;1.6494;1.6494;1.6494;1.6494;100
20160121 130400;1.6499;1.6499;1.6499;1.6499;580
20160121 133400;1.64;1.64;1.64;1.64;1000
20160121 133600;1.64;1.64;1.64;1.64;200
20160121 135000;1.64;1.65;1.64;1.65;8860
20160121 135700;1.6499;1.6499;1.6499;1.6499;550
20160121 140800;1.6455;1.6455;1.6455;1.6455;500
20160121 140900;1.6495;1.6495;1.6495;1.6495;1414
20160121 143700;1.65;1.65;1.65;1.65;100
20160121 143900;1.646;1.646;1.646;1.646;420
20160121 145300;1.6499;1.6499;1.6499;1.6499;500
20160121 150100;1.64;1.64;1.64;1.64;1000
20160121 151100;1.641;1.65;1.641;1.65;2100
20160121 151400;1.647;1.647;1.645;1.645;2600
20160121 151800;1.64;1.64;1.58;1.58;12888
20160121 152000;1.5801;1.5801;1.5801;1.5801;2000
20160121 152100;1.57;1.57;1.57;1.57;1100
20160121 152500;1.59;1.59;1.5899;1.59;2106
20160121 152800;1.58;1.58;1.58;1.58;100
20160121 154400;1.59;1.59;1.59;1.59;300
20160121 155400;1.59;1.59;1.59;1.59;100
20160121 155900;1.58;1.59;1.58;1.59;2700
20160121 160000;1.61;1.61;1.61;1.61;125
20160122 093100;1.65;1.65;1.65;1.65;555
20160122 093300;1.61;1.61;1.61;1.61;100
20160122 093500;1.61;1.62;1.61;1.62;800
20160122 093800;1.62;1.62;1.62;1.62;217
20160122 095800;1.654;1.654;1.61;1.62;1283
20160122 095900;1.62;1.62;1.62;1.62;600
20160122 101000;1.64;1.67;1.64;1.66;8000
20160122 101400;1.6699;1.6699;1.665;1.665;2553
20160122 105600;1.636;1.636;1.636;1.636;1000
20160122 113200;1.6544;1.6544;1.6544;1.6544;500
20160122 114300;1.66;1.666;1.66;1.666;845
20160122 114400;1.6619;1.6619;1.6619;1.6619;600
20160122 115800;1.67;1.67;1.65;1.65;5400
20160122 121000;1.662;1.662;1.662;1.662;230
20160122 121800;1.66;1.66;1.65;1.65;2300
20160122 122500;1.6501;1.67;1.65;1.6501;8000
20160122 123900;1.6648;1.6648;1.6648;1.6648;3000
20160122 124100;1.66;1.66;1.66;1.66;100
20160122 124400;1.665;1.665;1.665;1.665;600
20160122 125400;1.665;1.665;1.665;1.665;100
20160122 125600;1.67;1.71;1.665;1.665;5800
20160122 125900;1.71;1.71;1.71;1.71;149
20160122 130300;1.693;1.693;1.693;1.693;1500
20160122 130500;1.699;1.699;1.699;1.699;250
20160122 131600;1.71;1.71;1.71;1.71;100
20160122 132800;1.7;1.72;1.7;1.72;5100
20160122 133200;1.72;1.72;1.72;1.72;100
20160122 133800;1.715;1.72;1.68;1.72;11900
20160122 134600;1.73;1.73;1.73;1.73;100
20160122 134700;1.7499;1.75;1.73;1.73;3337
20160122 135100;1.734;1.7342;1.733;1.733;1000
20160122 135500;1.75;1.75;1.7453;1.7453;1000
20160122 135600;1.75;1.7548;1.75;1.75;3083
20160122 135800;1.74;1.74;1.73;1.73;600
20160122 135900;1.72;1.72;1.67;1.684;8000
20160122 141400;1.73;1.74;1.73;1.74;200
20160122 142800;1.71;1.71;1.71;1.71;200
20160122 144400;1.71;1.71;1.71;1.71;100
20160122 145400;1.71;1.72;1.7;1.72;6608
20160122 153000;1.7;1.7;1.7;1.7;100
20160122 153500;1.7078;1.7078;1.7078;1.7078;400
20160122 154100;1.7001;1.7001;1.7;1.7;900
20160122 154600;1.71;1.71;1.71;1.71;100
20160122 155900;1.7;1.7;1.7;1.7;900
20160122 160000;1.7096;1.7096;1.7;1.7;240
20160125 093200;1.7;1.75;1.7;1.75;11110
20160125 093500;1.7104;1.7104;1.7104;1.7104;526
20160125 093600;1.71;1.71;1.71;1.71;100
20160125 094400;1.718;1.718;1.718;1.718;200
20160125 094500;1.7;1.7;1.7;1.7;7995
20160125 100900;1.6999;1.6999;1.6999;1.6999;1000
20160125 102300;1.69;1.69;1.69;1.69;100
20160125 112500;1.68;1.6863;1.68;1.6863;2000
20160125 112700;1.68;1.68;1.68;1.68;100
20160125 121200;1.6724;1.6724;1.6724;1.6724;500
20160125 124400;1.6776;1.6776;1.6776;1.6776;214
20160125 125700;1.68;1.685;1.68;1.68;1500
20160125 133300;1.6936;1.6936;1.69;1.69;1000
20160125 133500;1.7;1.7;1.7;1.7;100
20160125 135100;1.69;1.69;1.69;1.69;100
20160125 140500;1.6801;1.7;1.6801;1.7;5800
20160125 140800;1.685;1.685;1.685;1.685;100
20160125 140900;1.68;1.68;1.68;1.68;1100
20160125 141000;1.67;1.67;1.66;1.66;600
20160125 141100;1.67;1.67;1.67;1.67;300
20160125 141200;1.67;1.67;1.66;1.66;200
20160125 141300;1.66;1.66;1.66;1.66;500
20160125 142700;1.66;1.66;1.66;1.66;200
20160125 150000;1.68;1.68;1.67;1.68;3000
20160125 150500;1.68;1.68;1.68;1.68;200
20160125 150600;1.68;1.69;1.68;1.69;200
20160125 151000;1.68;1.68;1.68;1.68;100
20160125 152100;1.7;1.7;1.7;1.7;3400
20160125 152500;1.7;1.71;1.7;1.71;2992
20160125 155000;1.67;1.67;1.67;1.67;200
20160125 155100;1.668;1.668;1.668;1.668;400
20160125 160000;1.66;1.66;1.66;1.66;550
20160126 100500;1.665;1.71;1.665;1.698;5400
20160126 100700;1.66;1.66;1.66;1.66;5000
20160126 102600;1.6656;1.6656;1.6656;1.6656;3000
20160126 104500;1.6633;1.6633;1.6633;1.6633;100
20160126 110200;1.6649;1.6649;1.6649;1.6649;125
20160126 110300;1.6565;1.6565;1.6565;1.6565;273
20160126 114700;1.6558;1.6558;1.65;1.65;1100
20160126 114800;1.65;1.65;1.65;1.65;100
20160126 115900;1.66;1.66;1.66;1.66;100
20160126 122600;1.655;1.67;1.655;1.67;11800
20160126 123400;1.67;1.67;1.67;1.67;200
20160126 125100;1.6685;1.6685;1.6685;1.6685;280
20160126 130000;1.67;1.67;1.67;1.67;100
20160126 131500;1.6622;1.6622;1.6622;1.6622;160
20160126 132600;1.66;1.66;1.66;1.66;100
20160126 133900;1.67;1.67;1.6665;1.6665;500
20160126 141400;1.66;1.66;1.66;1.66;100
20160126 141500;1.67;1.67;1.67;1.67;100
20160126 143100;1.67;1.67;1.67;1.67;5070
20160126 143600;1.67;1.67;1.67;1.67;300
20160126 144400;1.67;1.67;1.67;1.67;200
20160126 144500;1.66;1.66;1.66;1.66;600
20160126 144600;1.66;1.66;1.66;1.66;600
20160126 144700;1.66;1.66;1.66;1.66;600
20160126 144900;1.66;1.66;1.66;1.66;500
20160126 150100;1.6741;1.68;1.6741;1.68;1300
20160126 150800;1.675;1.675;1.675;1.675;1000
20160126 151100;1.6799;1.68;1.6799;1.68;3200
20160126 152900;1.66;1.66;1.66;1.66;100
20160126 153700;1.6764;1.6764;1.6764;1.6764;6000
20160126 154600;1.68;1.6981;1.68;1.6981;2800
20160126 155900;1.66;1.66;1.66;1.66;100
20160126 160000;1.68;1.68;1.68;1.68;603
20160127 094700;1.6899;1.6899;1.6899;1.6899;1200
20160127 095700;1.6702;1.6702;1.6702;1.6702;150
20160127 100800;1.6798;1.6798;1.6798;1.6798;172
20160127 102600;1.6766;1.6766;1.6766;1.6766;1000
20160127 110300;1.6914;1.7;1.6914;1.7;1100
20160127 110400;1.7;1.7;1.7;1.7;200
20160127 110600;1.7;1.7;1.7;1.7;500
20160127 110700;1.7;1.7;1.7;1.7;400
20160127 112200;1.7;1.7;1.7;1.7;300
20160127 112400;1.696;1.696;1.696;1.696;1000
20160127 112600;1.7;1.75;1.6968;1.75;10100
20160127 114100;1.74;1.74;1.74;1.74;500
20160127 115900;1.74;1.74;1.74;1.74;100
20160127 121600;1.74;1.74;1.7358;1.7358;200
20160127 123000;1.7341;1.7341;1.73;1.73;1100
20160127 130200;1.735;1.735;1.73;1.73;200
20160127 130900;1.73;1.73;1.73;1.73;500
20160127 132500;1.74;1.74;1.74;1.74;100
20160127 132900;1.74;1.74;1.74;1.74;100
20160127 135200;1.74;1.74;1.74;1.74;100
20160127 140000;1.73;1.74;1.73;1.74;1000
20160127 140100;1.73;1.74;1.73;1.74;1000
20160127 141800;1.74;1.74;1.74;1.74;100
20160127 141900;1.736;1.74;1.736;1.74;2254
20160127 142100;1.74;1.74;1.74;1.74;100
20160127 142200;1.74;1.74;1.74;1.74;1000
20160127 142500;1.74;1.74;1.734;1.734;1100
20160127 143700;1.74;1.74;1.74;1.74;300
20160127 143900;1.73;1.73;1.73;1.73;1000
20160127 144700;1.74;1.74;1.74;1.74;100
20160127 150300;1.74;1.74;1.74;1.74;238
20160127 150500;1.74;1.74;1.74;1.74;600
20160127 151000;1.74;1.74;1.74;1.74;600
20160127 151100;1.7302;1.75;1.7302;1.75;2962
20160127 151500;1.7421;1.7421;1.7421;1.7421;775
20160127 152400;1.746;1.746;1.746;1.746;100
20160127 153200;1.74;1.75;1.74;1.75;1633
20160127 153300;1.74;1.7401;1.74;1.7401;600
20160127 153700;1.75;1.75;1.75;1.75;100
20160127 155700;1.74;1.75;1.74;1.74;2577
20160127 155800;1.7499;1.75;1.7499;1.75;4048
20160127 160000;1.75;1.75;1.75;1.75;940
20160128 093900;1.74;1.74;1.74;1.74;300
20160128 094000;1.75;1.78;1.74;1.78;19212
20160128 094200;1.7911;1.7911;1.78;1.79;3360
20160128 094300;1.79;1.79;1.79;1.79;1300
20160128 095600;1.7501;1.7501;1.7501;1.7501;3600
20160128 095800;1.79;1.79;1.79;1.79;900
20160128 100100;1.7758;1.7758;1.7758;1.7758;400
20160128 100700;1.78;1.78;1.78;1.78;700
20160128 101400;1.78;1.78;1.78;1.78;100
20160128 101600;1.7771;1.7771;1.7771;1.7771;1200
20160128 102600;1.79;1.79;1.79;1.79;10600
20160128 102900;1.79;1.79;1.79;1.79;400
20160128 103900;1.79;1.79;1.79;1.79;100
20160128 104000;1.7899;1.79;1.7899;1.79;5400
20160128 104200;1.7801;1.79;1.7801;1.79;5200
20160128 104400;1.79;1.79;1.79;1.79;200
20160128 105100;1.79;1.79;1.79;1.79;400
20160128 105900;1.7801;1.7801;1.7801;1.7801;750
20160128 111100;1.78;1.78;1.78;1.78;100
20160128 111400;1.79;1.79;1.79;1.79;300
20160128 114500;1.79;1.79;1.79;1.79;100
20160128 120200;1.77;1.77;1.77;1.77;1500
20160128 120700;1.76;1.76;1.76;1.76;100
20160128 123300;1.78;1.78;1.78;1.78;500
20160128 124900;1.77;1.77;1.77;1.77;100
20160128 125700;1.7799;1.7799;1.7799;1.7799;100
20160128 130600;1.7722;1.7722;1.7722;1.7722;300
20160128 132300;1.78;1.78;1.78;1.78;300
20160128 133300;1.7885;1.7885;1.7885;1.7885;300
20160128 133600;1.79;1.79;1.79;1.79;400
20160128 133800;1.79;1.79;1.785;1.79;3488
20160128 133900;1.79;1.79;1.79;1.79;1100
20160128 134300;1.7858;1.79;1.7858;1.79;2142
20160128 134600;1.8;1.8;1.8;1.8;100
20160128 135100;1.81;1.81;1.81;1.81;500
20160128 135200;1.8058;1.81;1.8058;1.81;1158
20160128 135300;1.8056;1.81;1.8056;1.81;334
20160128 135400;1.81;1.81;1.81;1.81;100
20160128 135900;1.8;1.8;1.8;1.8;100
20160128 140400;1.79;1.79;1.79;1.79;100
20160128 140600;1.8;1.8;1.8;1.8;300
20160128 140700;1.8;1.8;1.8;1.8;400
20160128 141300;1.8;1.8;1.8;1.8;400
20160128 142000;1.81;1.81;1.81;1.81;400
20160128 142100;1.805;1.805;1.805;1.805;100
20160128 142700;1.8028;1.8028;1.8028;1.8028;500
20160128 143100;1.81;1.81;1.81;1.81;100
20160128 143300;1.8038;1.8038;1.8038;1.8038;200
20160128 143600;1.81;1.81;1.81;1.81;100
20160128 143900;1.81;1.81;1.81;1.81;100
20160128 145100;1.81;1.81;1.81;1.81;300
20160128 145400;1.81;1.81;1.81;1.81;200
20160128 150800;1.8;1.8001;1.8;1.8001;8878
20160128 151000;1.8099;1.81;1.8001;1.81;1300
20160128 154300;1.8037;1.81;1.8037;1.81;900
20160128 154400;1.81;1.81;1.8007;1.8007;610
20160128 155200;1.81;1.81;1.81;1.81;1092
20160128 155300;1.8058;1.81;1.8058;1.81;3000
20160128 155900;1.81;1.81;1.81;1.81;100
20160128 160000;1.8;1.8;1.8;1.8;100
20160129 093300;1.8399;1.8399;1.8399;1.8399;1000
20160129 093600;1.8399;1.84;1.8399;1.84;1400
20160129 094600;1.84;1.84;1.84;1.84;400
20160129 094900;1.82;1.82;1.82;1.82;340
20160129 095200;1.84;1.84;1.84;1.84;400
20160129 095500;1.8281;1.8281;1.8281;1.8281;100
20160129 100100;1.84;1.84;1.84;1.84;500
20160129 100500;1.84;1.84;1.84;1.84;100
20160129 101300;1.835;1.835;1.835;1.835;200
20160129 101900;1.84;1.84;1.8369;1.8369;4167
20160129 102000;1.855;1.855;1.8545;1.8545;775
20160129 102700;1.8612;1.87;1.8612;1.87;1900
20160129 102900;1.85;1.87;1.83;1.836;5100
20160129 103100;1.87;1.87;1.87;1.87;100
20160129 103800;1.88;1.88;1.88;1.88;100
20160129 104700;1.89;1.89;1.89;1.89;400
20160129 104800;1.88;1.88;1.87;1.87;2200
20160129 110200;1.89;1.89;1.89;1.89;400
20160129 110300;1.89;1.89;1.89;1.89;100
20160129 110700;1.89;1.89;1.89;1.89;400
20160129 110800;1.89;1.89;1.89;1.89;100
20160129 111100;1.89;1.89;1.89;1.89;100
20160129 113900;1.885;1.885;1.88;1.88;5900
20160129 120200;1.89;1.89;1.89;1.89;100
20160129 120300;1.89;1.89;1.89;1.89;200
20160129 121800;1.89;1.89;1.89;1.89;100
20160129 122100;1.89;1.89;1.8899;1.8899;4000
20160129 123400;1.89;1.89;1.89;1.89;100
20160129 123600;1.89;1.89;1.8899;1.89;1109
20160129 123800;1.8853;1.89;1.8853;1.89;1746
20160129 124800;1.887;1.887;1.887;1.887;1000
20160129 124900;1.89;1.89;1.89;1.89;100
20160129 125000;1.89;1.89;1.89;1.89;1100
20160129 125800;1.88;1.88;1.88;1.88;162
20160129 130000;1.89;1.89;1.89;1.89;1004
20160129 130300;1.89;1.89;1.89;1.89;100
20160129 130500;1.88;1.89;1.88;1.89;700
20160129 131000;1.89;1.89;1.89;1.89;300
20160129 131300;1.885;1.885;1.88;1.88;200
20160129 132400;1.89;1.89;1.89;1.89;100
20160129 133300;1.89;1.89;1.89;1.89;100
20160129 133600;1.89;1.89;1.89;1.89;300
20160129 133800;1.89;1.89;1.89;1.89;200
20160129 133900;1.89;1.89;1.89;1.89;100
20160129 134200;1.89;1.89;1.89;1.89;500
20160129 134900;1.8801;1.89;1.86;1.89;12500
20160129 135000;1.89;1.89;1.89;1.89;500
20160129 140600;1.88;1.88;1.88;1.88;900
20160129 141600;1.8699;1.87;1.8699;1.87;202
20160129 142200;1.87;1.87;1.87;1.87;300
20160129 142900;1.888;1.888;1.888;1.888;200
20160129 143600;1.89;1.89;1.89;1.89;100
20160129 144100;1.89;1.89;1.89;1.89;200
20160129 150000;1.8818;1.8818;1.8818;1.8818;7500
20160129 150400;1.89;1.89;1.89;1.89;300
20160129 150800;1.89;1.89;1.89;1.89;300
20160129 151500;1.8878;1.89;1.88;1.88;2722
20160129 151800;1.89;1.89;1.89;1.89;100
20160129 152100;1.888;1.888;1.888;1.888;235
20160129 152200;1.89;1.89;1.89;1.89;300
20160129 152300;1.883;1.883;1.883;1.883;100
20160129 152400;1.8899;1.8899;1.8899;1.8899;500
20160129 152500;1.89;1.89;1.89;1.89;100
20160129 153000;1.89;1.89;1.89;1.89;100
20160129 153600;1.885;1.885;1.885;1.885;100
20160129 153900;1.89;1.89;1.89;1.89;100
20160129 154200;1.89;1.89;1.89;1.89;100
20160129 154400;1.8816;1.8816;1.8816;1.8816;100
20160129 154500;1.88;1.88;1.88;1.88;100
20160129 154900;1.88;1.88;1.88;1.88;100
20160129 155000;1.88;1.88;1.88;1.88;100
20160129 155200;1.8825;1.8825;1.8825;1.8825;100
20160129 155300;1.8816;1.8816;1.8816;1.8816;200
20160129 155400;1.89;1.89;1.89;1.89;100
20160129 155600;1.88;1.88;1.88;1.88;170
20160129 155900;1.88;1.88;1.88;1.88;575
20160129 160000;1.84;1.84;1.84;1.84;4634
20160201 093100;1.8;1.8;1.8;1.8;500
20160201 093600;1.839;1.839;1.8334;1.8334;1800
20160201 094800;1.839;1.839;1.839;1.839;100
20160201 094900;1.839;1.84;1.835;1.84;1400
20160201 095100;1.83;1.83;1.83;1.83;100
20160201 095200;1.831;1.831;1.831;1.831;155
20160201 095700;1.84;1.84;1.84;1.84;100
20160201 095800;1.84;1.84;1.84;1.84;400
20160201 095900;1.84;1.84;1.84;1.84;200
20160201 100800;1.8399;1.8399;1.8399;1.8399;200
20160201 101400;1.84;1.84;1.84;1.84;100
20160201 101600;1.8;1.8;1.8;1.8;150
20160201 102400;1.8139;1.8139;1.8139;1.8139;225
20160201 104900;1.84;1.84;1.84;1.84;100
20160201 105000;1.84;1.84;1.84;1.84;200
20160201 105500;1.849;1.85;1.849;1.85;2688
20160201 105600;1.8713;1.8713;1.8713;1.8713;1000
20160201 110900;1.8717;1.88;1.8717;1.88;200
20160201 111200;1.8597;1.88;1.8597;1.88;2352
20160201 112200;1.86;1.86;1.86;1.86;100
20160201 115800;1.87;1.87;1.87;1.87;200
20160201 120800;1.8765;1.88;1.8765;1.88;600
20160201 121300;1.875;1.875;1.875;1.875;300
20160201 121600;1.88;1.88;1.88;1.88;100
20160201 125200;1.8673;1.8673;1.8673;1.8673;150
20160201 130300;1.879;1.879;1.865;1.865;500
20160201 130700;1.85;1.85;1.85;1.85;100
20160201 132600;1.8779;1.88;1.8779;1.88;800
20160201 133200;1.877;1.877;1.877;1.877;1800
20160201 134900;1.8799;1.88;1.8799;1.88;1050
20160201 135400;1.87;1.87;1.8425;1.8425;3000
20160201 135500;1.8685;1.869;1.8685;1.869;911
20160201 141200;1.872;1.872;1.872;1.872;210
20160201 141500;1.88;1.88;1.88;1.88;100
20160201 142700;1.88;1.89;1.88;1.89;2800
20160201 142800;1.89;1.89;1.89;1.89;200
20160201 142900;1.89;1.89;1.89;1.89;100
20160201 143000;1.89;1.89;1.89;1.89;100
20160201 143100;1.89;1.89;1.89;1.89;100
20160201 143700;1.89;1.89;1.89;1.89;100
20160201 144100;1.89;1.9;1.89;1.9;9999
20160201 145100;1.87;1.87;1.87;1.87;100
20160201 145700;1.8601;1.8645;1.8601;1.8645;5000
20160201 152200;1.89;1.89;1.89;1.89;200
20160201 155700;1.87;1.87;1.87;1.87;200
20160202 095000;1.86;1.86;1.86;1.86;311
20160202 101300;1.8599;1.8599;1.8599;1.8599;100
20160202 103200;1.85;1.85;1.85;1.85;162
20160202 103300;1.85;1.85;1.85;1.85;300
20160202 103600;1.83;1.83;1.82;1.825;2000
20160202 110000;1.85;1.85;1.85;1.85;100
20160202 111400;1.85;1.856;1.85;1.856;549
20160202 112200;1.8578;1.8578;1.8578;1.8578;200
20160202 112500;1.855;1.855;1.855;1.855;500
20160202 112800;1.85;1.8523;1.85;1.85;1500
20160202 113000;1.8492;1.88;1.8492;1.88;9214
20160202 113100;1.8784;1.8784;1.8784;1.8784;5000
20160202 120800;1.8701;1.8745;1.8701;1.8745;5000
20160202 122600;1.9;1.9;1.9;1.9;600
20160202 124500;1.9;1.9;1.8922;1.9;500
20160202 124600;1.9;1.9;1.8999;1.9;5133
20160202 125000;1.95;1.95;1.95;1.95;100
20160202 130600;1.95;1.95;1.95;1.95;200
20160202 131100;1.93;1.93;1.93;1.93;500
20160202 131900;1.92;1.92;1.89;1.9;2100
20160202 132100;1.88;1.88;1.88;1.88;300
20160202 132200;1.89;1.89;1.89;1.89;500
20160202 132400;1.926;1.95;1.92;1.95;11000
20160202 132500;1.9428;1.95;1.9428;1.95;15700
20160202 132700;1.95;1.95;1.94;1.95;800
20160202 133200;1.946;1.95;1.93;1.93;4033
20160202 133300;1.94;1.96;1.94;1.96;3572
20160202 133800;1.95;1.96;1.95;1.95;5140
20160202 134300;1.951;1.96;1.951;1.96;1200
20160202 135000;1.9563;1.96;1.9563;1.96;200
20160202 135700;1.9566;1.9566;1.9566;1.9566;500
20160202 140100;1.96;1.96;1.9589;1.9589;1600
20160202 140400;1.9656;1.9656;1.9656;1.9656;750
20160202 140800;1.97;1.97;1.97;1.97;100
20160202 141100;1.97;1.97;1.9698;1.97;2100
20160202 142000;1.9699;1.9699;1.9699;1.9699;1000
20160202 143400;1.9544;1.9544;1.9544;1.9544;750
20160202 144500;1.952;1.97;1.952;1.97;1100
20160202 145300;1.97;1.97;1.96;1.96;1560
20160202 150500;1.98;1.98;1.98;1.98;100
20160202 151200;1.98;1.9899;1.9799;1.9899;9200
20160202 151900;1.9666;1.9666;1.9666;1.9666;720
20160202 152800;1.9875;1.99;1.9834;1.9834;1300
20160202 153000;1.96;1.96;1.96;1.96;1300
20160202 153800;1.95;1.95;1.95;1.95;2000
20160202 155500;1.96;1.96;1.96;1.96;2900
20160202 155900;1.96;1.96;1.96;1.96;100
20160202 160000;1.96;1.96;1.96;1.96;100
20160203 094200;1.99;1.99;1.99;1.99;100
20160203 095600;1.97;1.97;1.97;1.97;500
20160203 100700;1.96;1.96;1.96;1.96;212
20160203 101500;1.96;1.96;1.96;1.96;1000
20160203 101600;1.95;1.95;1.95;1.95;5300
20160203 102100;1.94;1.94;1.93;1.93;200
20160203 103600;1.88;1.88;1.88;1.88;100
20160203 104000;1.89;1.89;1.89;1.89;200
20160203 105800;1.9053;1.9053;1.9053;1.9053;1000
20160203 110100;1.9;1.9;1.9;1.9;500
20160203 112500;1.89;1.89;1.883;1.883;2600
20160203 112800;1.89;1.89;1.89;1.89;300
20160203 113500;1.89;1.89;1.87;1.89;4715
20160203 114400;1.9;1.9;1.89;1.89;600
20160203 120900;1.9043;1.9043;1.9043;1.9043;1000
20160203 122900;1.906;1.908;1.905;1.908;1800
20160203 123200;1.9098;1.91;1.9034;1.9034;5500
20160203 124700;1.9099;1.9099;1.9099;1.9099;1047
20160203 130100;1.91;1.92;1.91;1.92;1000
20160203 132400;1.915;1.93;1.91;1.93;2828
20160203 132500;1.96;1.96;1.95;1.95;310
20160203 132700;1.96;1.96;1.96;1.96;100
20160203 132900;1.95;1.95;1.94;1.95;1000
20160203 133000;1.94;1.94;1.93;1.93;1100
20160203 133500;1.93;1.93;1.93;1.93;100
20160203 133600;1.93;1.93;1.93;1.93;100
20160203 133800;1.92;1.92;1.91;1.91;700
20160203 133900;1.91;1.93;1.91;1.93;500
20160203 142300;1.92;1.92;1.92;1.92;300
20160203 142400;1.91;1.91;1.91;1.91;1000
20160203 150100;1.916;1.916;1.916;1.916;1000
20160203 150900;1.91;1.91;1.91;1.91;400
20160203 152100;1.9149;1.9149;1.9149;1.9149;300
20160203 152300;1.9399;1.9399;1.9349;1.9349;400
20160203 153700;1.9379;1.9379;1.9379;1.9379;132
20160203 154800;1.94;1.94;1.93;1.9318;1000
20160203 155100;1.93;1.93;1.93;1.93;100
20160203 155300;1.93;1.93;1.93;1.93;350
20160203 155500;1.93;1.93;1.93;1.93;100
20160203 160000;1.87;1.87;1.87;1.87;300
20160204 093500;1.94;1.94;1.94;1.94;100
20160204 094100;1.88;1.88;1.88;1.88;100
20160204 094900;1.8845;1.8845;1.8845;1.8845;1200
20160204 095100;1.88;1.88;1.86;1.86;911
20160204 095800;1.878;1.878;1.878;1.878;100
20160204 103000;1.864;1.864;1.864;1.864;3000
20160204 105300;1.86;1.86;1.86;1.86;175
20160204 105600;1.8799;1.8799;1.8799;1.8799;500
20160204 111100;1.88;1.88;1.88;1.88;200
20160204 112000;1.8806;1.8806;1.8806;1.8806;424
20160204 113700;1.885;1.885;1.885;1.885;100
20160204 115300;1.89;1.89;1.89;1.89;200
20160204 115800;1.89;1.9;1.8873;1.9;1800
20160204 120200;1.8982;1.8982;1.886;1.886;1052
20160204 120500;1.9;1.9;1.9;1.9;200
20160204 120700;1.8988;1.9;1.8988;1.9;5271
20160204 120800;1.9;1.9;1.9;1.9;1311
20160204 121700;1.9;1.9;1.8999;1.9;6500
20160204 121800;1.9;1.9;1.9;1.9;300
20160204 122900;1.9;1.9;1.9;1.9;500
20160204 123800;1.9;1.9;1.9;1.9;100
20160204 124400;1.9;1.9;1.9;1.9;100
20160204 124600;1.9;1.9;1.9;1.9;300
20160204 125300;1.9;1.9;1.9;1.9;400
20160204 133400;1.8999;1.9;1.8999;1.9;1100
20160204 133600;1.8982;1.9;1.8982;1.9;1200
20160204 140300;1.9;1.9;1.9;1.9;150
20160204 142000;1.9;1.9;1.8937;1.9;10000
20160204 142100;1.9;1.91;1.9;1.91;3089
20160204 142800;1.9217;1.9217;1.9217;1.9217;510
20160204 143900;1.93;1.93;1.92;1.92;1500
20160204 145900;1.93;1.93;1.92;1.92;400
20160204 150600;1.92;1.9298;1.92;1.9298;1000
20160204 152800;1.92;1.92;1.92;1.92;300
20160204 153400;1.93;1.94;1.93;1.94;1100
20160205 093600;1.87;1.87;1.87;1.87;110
20160205 104800;1.8426;1.8426;1.8426;1.8426;1000
20160205 110700;1.89;1.9;1.865;1.89;7015
20160205 110800;1.89;1.89;1.86;1.86;200
20160205 110900;1.88;1.88;1.88;1.88;200
20160205 112500;1.89;1.89;1.89;1.89;100
20160205 114200;1.88;1.88;1.88;1.88;100
20160205 114700;1.8701;1.8701;1.8701;1.8701;1000
20160205 114800;1.88;1.88;1.87;1.87;1700
20160205 115000;1.86;1.86;1.86;1.86;100
20160205 115300;1.8795;1.8795;1.8795;1.8795;100
20160205 120500;1.88;1.88;1.88;1.88;200
20160205 121000;1.854;1.854;1.854;1.854;100
20160205 121800;1.86;1.86;1.86;1.86;100
20160205 123400;1.86;1.86;1.86;1.86;100
20160205 123500;1.86;1.86;1.86;1.86;100
20160205 124100;1.87;1.89;1.87;1.89;5100
20160205 124400;1.8758;1.8758;1.8758;1.8758;650
20160205 125600;1.87;1.87;1.87;1.87;100
20160205 132100;1.8756;1.8756;1.8756;1.8756;100
20160205 133100;1.88;1.88;1.8799;1.8799;988
20160205 133300;1.86;1.86;1.86;1.86;100
20160205 133500;1.86;1.86;1.86;1.86;100
20160205 134800;1.86;1.86;1.86;1.86;100
20160205 135000;1.86;1.86;1.86;1.86;100
20160205 135300;1.8763;1.89;1.87;1.87;8900
20160205 135800;1.89;1.89;1.89;1.89;400
20160205 135900;1.89;1.89;1.89;1.89;100
20160205 144200;1.8601;1.8601;1.8601;1.8601;2600
20160205 150300;1.86;1.86;1.86;1.86;100
20160205 150500;1.86;1.86;1.86;1.86;100
20160205 150800;1.86;1.86;1.86;1.86;300
20160205 151800;1.84;1.84;1.84;1.84;100
20160205 152000;1.84;1.84;1.84;1.84;100
20160205 153300;1.84;1.84;1.84;1.84;100
20160205 153500;1.84;1.84;1.84;1.84;100
20160205 154500;1.8599;1.88;1.85;1.87;6461
20160205 155400;1.843;1.843;1.843;1.843;200
20160205 155900;1.87;1.8711;1.86;1.86;3244
20160205 160000;1.86;1.86;1.86;1.86;200
