20160119 093300;31.19;31.19;31.19;31.19;2808
20160119 093400;31.23;31.23;31.2;31.2;856
20160119 093600;31.18;31.18;31.155;31.155;1300
20160119 093700;31.16;31.16;31.16;31.16;224
20160119 093800;31.2;31.2;31.2;31.2;100
20160119 094100;31.16;31.16;31.16;31.16;100
20160119 094800;31.03;31.03;31.03;31.03;100
20160119 094900;31.044;31.044;31.044;31.044;300
20160119 095100;31;31.01;31;31;356
20160119 095200;31;31;31;31;400
20160119 095500;31.08;31.08;31.08;31.08;200
20160119 095900;31.09;31.09;31.09;31.09;200
20160119 100200;31.11;31.13;31.11;31.13;1000
20160119 100400;31.1;31.1;31.1;31.1;100
20160119 100500;31.09;31.09;31.09;31.09;100
20160119 100600;31.14;31.14;31.14;31.14;100
20160119 100900;31.07;31.07;31.07;31.07;100
20160119 101000;31.05;31.05;31.05;31.05;400
20160119 101300;31.05;31.05;31.05;31.05;200
20160119 101600;31.1;31.1;31.1;31.1;200
20160119 101700;31.09;31.09;31.08;31.08;500
20160119 102000;31.08;31.08;31.08;31.08;200
20160119 102300;31.11;31.11;31.11;31.11;300
20160119 103200;31.19;31.2;31.19;31.2;700
20160119 103300;31.27;31.27;31.27;31.27;100
20160119 103400;31.23;31.26;31.23;31.26;200
20160119 103500;31.23;31.27;31.22;31.27;2300
20160119 103600;31.23;31.23;31.23;31.23;100
20160119 103700;31.19;31.19;31.19;31.19;500
20160119 103900;31.16;31.16;31.15;31.15;400
20160119 104000;31.18;31.18;31.18;31.18;100
20160119 104300;31.221;31.221;31.221;31.221;100
20160119 104600;31.14;31.14;31.14;31.14;200
20160119 105000;31.17;31.17;31.17;31.17;200
20160119 105600;31.05;31.06;31.05;31.05;300
20160119 111200;31.06;31.06;31.02;31.02;200
20160119 111600;31.0445;31.0445;31.0445;31.0445;151
20160119 111800;31.01;31.01;31.01;31.01;100
20160119 112000;31.01;31.01;31;31;200
20160119 112500;31.05;31.05;31.05;31.05;100
20160119 112600;31.06;31.06;31.06;31.06;100
20160119 112800;31.12;31.12;31.12;31.12;100
20160119 113100;31.14;31.14;31.14;31.14;100
20160119 113300;31.1989;31.205;31.1989;31.2;1100
20160119 113800;31.1;31.18;31.1;31.17;800
20160119 114300;31.2;31.23;31.2;31.23;600
20160119 114600;31.24;31.24;31.24;31.24;400
20160119 114800;31.19;31.19;31.19;31.19;352
20160119 122200;31;31;31;31;100
20160119 130100;31.07;31.07;31.07;31.07;100
20160119 130500;31.02;31.02;31.02;31.02;100
20160119 130700;31.02;31.02;31.02;31.02;100
20160119 131000;31.0482;31.0482;31.0482;31.0482;356
20160119 131900;30.96;30.96;30.96;30.96;100
20160119 132100;31.07;31.07;31.03;31.03;200
20160119 132600;31.03;31.03;31.03;31.03;100
20160119 132800;30.98;30.98;30.98;30.98;100
20160119 133400;30.9462;30.9462;30.9462;30.9462;137
20160119 133500;30.92;30.92;30.92;30.92;100
20160119 133600;30.93;30.93;30.92;30.92;200
20160119 134500;30.93;30.93;30.9;30.9;200
20160119 134600;30.91;30.91;30.91;30.91;100
20160119 134900;31;31;31;31;200
20160119 135100;31;31;31;31;100
20160119 135200;30.93;30.93;30.93;30.93;200
20160119 135400;30.93;30.95;30.93;30.95;300
20160119 135500;30.97;30.97;30.97;30.97;100
20160119 140300;30.94;30.94;30.94;30.94;100
20160119 140600;30.94;30.96;30.94;30.95;300
20160119 140900;30.9;30.9;30.77;30.77;1014
20160119 141100;30.77;30.8;30.77;30.8;313
20160119 143700;30.7601;30.7601;30.7601;30.7601;500
20160119 144000;30.8;30.81;30.8;30.81;300
20160119 144900;30.76;30.76;30.76;30.76;220
20160119 145100;30.67;30.67;30.67;30.67;100
20160119 145200;30.67;30.67;30.67;30.67;100
20160119 145600;30.7;30.72;30.7;30.72;200
20160119 150300;30.76;30.86;30.76;30.76;1300
20160119 150900;30.83;30.83;30.82;30.82;200
20160119 151000;30.88;30.88;30.88;30.88;100
20160119 151200;30.82;30.82;30.8;30.8;1000
20160119 151500;30.79;30.79;30.79;30.79;100
20160119 151600;30.79;30.79;30.79;30.79;200
20160119 151800;30.7689;30.81;30.7689;30.81;300
20160119 152400;30.87;30.87;30.86;30.86;300
20160119 152600;30.9158;30.9158;30.9158;30.9158;100
20160119 152800;30.96;31.05;30.96;31.05;500
20160119 152900;31.03;31.04;31.03;31.04;500
20160119 153100;31.03;31.03;31.03;31.03;100
20160119 153200;31.06;31.06;31;31;200
20160119 153300;30.99;30.99;30.99;30.99;100
20160119 153800;31.02;31.02;31.02;31.02;200
20160119 154300;31.01;31.02;31.01;31.02;400
20160119 154400;31.01;31.01;31.01;31.01;100
20160119 154500;31.04;31.11;31.04;31.1;1500
20160119 154600;31.09;31.1;31.06;31.1;1633
20160119 154700;31.09;31.1;31.09;31.1;1000
20160119 155000;31.16;31.18;31.16;31.17;1200
20160119 155100;31.18;31.2;31.13;31.15;1600
20160119 155200;31.16;31.2;31.15;31.16;2400
20160119 155300;31.13;31.13;31.11;31.12;850
20160119 155400;31.11;31.12;31.1;31.11;2006
20160119 155500;31.11;31.11;31.08;31.1;2300
20160119 155600;31.1;31.13;31.09;31.13;1492
20160119 155700;31.12;31.12;31.11;31.11;635
20160119 155800;31.11;31.11;31.09;31.09;2800
20160119 155900;31.11;31.115;31.1;31.11;1867
20160119 160000;31.11;31.11;31.1;31.11;2246
20160120 093300;29.74;29.74;29.74;29.74;100
20160120 093600;29.64;29.64;29.64;29.64;257
20160120 093700;29.64;29.64;29.64;29.64;1319
20160120 093900;29.54;29.58;29.54;29.58;800
20160120 094000;29.43;29.43;29.41;29.41;300
20160120 094100;29.5099;29.5099;29.5099;29.5099;400
20160120 094200;29.435;29.4528;29.43;29.43;2000
20160120 094300;29.45;29.45;29.45;29.45;400
20160120 094500;29.43;29.43;29.43;29.43;400
20160120 095300;29.43;29.43;29.43;29.43;100
20160120 095400;29.43;29.43;29.43;29.43;300
20160120 095500;29.43;29.43;29.42;29.42;200
20160120 095600;29.39;29.4;29.39;29.4;400
20160120 095800;29.38;29.39;29.35;29.35;400
20160120 095900;29.34;29.37;29.34;29.37;700
20160120 100000;29.376;29.376;29.376;29.376;500
20160120 100100;29.38;29.4;29.38;29.4;500
20160120 100200;29.38;29.4;29.38;29.4;300
20160120 100400;29.36;29.36;29.36;29.36;100
20160120 100500;29.3216;29.3216;29.3216;29.3216;150
20160120 100600;29.35;29.365;29.3;29.3;4000
20160120 100900;29.35;29.35;29.35;29.35;100
20160120 101000;29.41;29.41;29.31;29.31;200
20160120 101100;29.31;29.31;29.31;29.31;100
20160120 101200;29.31;29.35;29.31;29.35;300
20160120 101300;29.35;29.35;29.35;29.35;300
20160120 101400;29.33;29.33;29.33;29.33;100
20160120 101800;29.33;29.33;29.33;29.33;100
20160120 101900;29.324;29.324;29.29;29.29;1000
20160120 102100;29.32;29.32;29.28;29.28;300
20160120 102200;29.27;29.295;29.26;29.28;800
20160120 102300;29.28;29.28;29.28;29.28;400
20160120 102400;29.31;29.31;29.31;29.31;300
20160120 102500;29.32;29.32;29.31;29.31;800
20160120 102600;29.31;29.31;29.31;29.31;100
20160120 102800;29.34;29.34;29.34;29.34;100
20160120 102900;29.34;29.35;29.34;29.35;400
20160120 103400;29.31;29.31;29.31;29.31;100
20160120 103500;29.28;29.28;29.28;29.28;300
20160120 103600;29.28;29.28;29.26;29.26;200
20160120 103800;29.25;29.25;29.25;29.25;222
20160120 103900;29.25;29.25;29.25;29.25;100
20160120 104300;29.25;29.25;29.25;29.25;200
20160120 104600;29.25;29.3;29.25;29.3;300
20160120 104800;29.32;29.34;29.31;29.31;400
20160120 104900;29.28;29.28;29.28;29.28;200
20160120 105000;29.27;29.27;29.27;29.27;100
20160120 105500;29.28;29.28;29.28;29.28;200
20160120 105600;29.2;29.21;29.2;29.21;200
20160120 105800;29.233;29.233;29.233;29.233;336
20160120 110200;29.21;29.21;29.21;29.21;100
20160120 110300;29.181;29.181;29.181;29.181;112
20160120 110600;29.2;29.2;29.19;29.19;400
20160120 110900;29.17;29.18;29.17;29.18;300
20160120 111000;29.15;29.189;29.14;29.189;659
20160120 111400;29.29;29.29;29.29;29.29;100
20160120 112700;29.35;29.35;29.35;29.35;100
20160120 112800;29.3;29.3;29.3;29.3;200
20160120 112900;29.25;29.28;29.25;29.28;200
20160120 113100;29.28;29.28;29.28;29.28;100
20160120 113700;29.28;29.28;29.28;29.28;200
20160120 113800;29.29;29.29;29.29;29.29;420
20160120 113900;29.33;29.33;29.33;29.33;200
20160120 115000;29.22;29.25;29.22;29.23;400
20160120 115100;29.21;29.21;29.21;29.21;100
20160120 115200;29.21;29.21;29.21;29.21;100
20160120 115500;29.16;29.18;29.15;29.18;400
20160120 115900;29.13;29.23;29.13;29.23;500
20160120 121400;29.08;29.08;29.08;29.08;236
20160120 121500;29.08;29.11;29.0787;29.11;500
20160120 121700;29.052;29.052;29.052;29.052;100
20160120 121800;29.11;29.11;29.11;29.11;100
20160120 121900;29.16;29.16;29.16;29.16;100
20160120 122000;29.09;29.14;29.09;29.14;200
20160120 122200;29.04;29.08;29.04;29.08;200
20160120 122400;29.02;29.05;29;29.03;2450
20160120 122500;28.99;28.99;28.99;28.99;200
20160120 122600;29.04;29.04;29.04;29.04;100
20160120 123100;29.04;29.04;29.03;29.03;200
20160120 123300;29.08;29.08;29.08;29.08;100
20160120 123700;29.04;29.09;29.04;29.09;300
20160120 123800;29;29.01;29;29.01;200
20160120 124000;29.05;29.05;29.02;29.02;400
20160120 124900;29.01;29.01;29.01;29.01;100
20160120 125200;29.05;29.06;29.05;29.06;300
20160120 125700;29.22;29.23;29.22;29.23;200
20160120 130900;29.2299;29.23;29.2299;29.23;800
20160120 131000;29.23;29.24;29.23;29.24;420
20160120 131600;29.23;29.23;29.23;29.23;500
20160120 131700;29.23;29.23;29.23;29.23;200
20160120 131800;29.23;29.23;29.23;29.23;700
20160120 131900;29.24;29.24;29.24;29.24;200
20160120 132500;29.26;29.26;29.26;29.26;300
20160120 132900;29.29;29.29;29.29;29.29;100
20160120 133200;29.3;29.3;29.3;29.3;200
20160120 133900;29.33;29.33;29.33;29.33;200
20160120 134200;29.34;29.34;29.34;29.34;100
20160120 134500;29.36;29.38;29.36;29.38;300
20160120 134600;29.4;29.4;29.38;29.4;900
20160120 134800;29.44;29.45;29.44;29.44;300
20160120 135200;29.52;29.52;29.52;29.52;200
20160120 140200;29.5158;29.5158;29.45;29.45;300
20160120 140600;29.36;29.36;29.36;29.36;300
20160120 140900;29.425;29.425;29.425;29.425;200
20160120 141100;29.48;29.48;29.48;29.48;100
20160120 141200;29.53;29.53;29.53;29.53;100
20160120 141300;29.52;29.52;29.51;29.5195;400
20160120 141400;29.51;29.51;29.46;29.46;500
20160120 141800;29.44;29.44;29.4301;29.4301;200
20160120 142100;29.5;29.52;29.5;29.52;300
20160120 142200;29.54;29.54;29.54;29.54;100
20160120 142300;29.47;29.47;29.47;29.47;300
20160120 142600;29.38;29.38;29.38;29.38;100
20160120 142900;29.359;29.359;29.359;29.359;200
20160120 143500;29.36;29.36;29.36;29.36;300
20160120 143600;29.36;29.36;29.36;29.36;300
20160120 144400;29.49;29.49;29.49;29.49;100
20160120 144900;29.43;29.43;29.43;29.43;100
20160120 145200;29.45;29.45;29.45;29.45;100
20160120 145300;29.53;29.53;29.53;29.53;200
20160120 145400;29.52;29.53;29.52;29.53;200
20160120 145500;29.53;29.53;29.5;29.5;200
20160120 145700;29.59;29.59;29.59;29.59;100
20160120 145900;29.52;29.52;29.52;29.52;100
20160120 150200;29.5;29.5;29.5;29.5;100
20160120 150500;29.5;29.5;29.5;29.5;100
20160120 150900;29.6;29.6;29.6;29.6;1100
20160120 151200;29.65;29.65;29.65;29.65;100
20160120 151400;29.63;29.63;29.63;29.63;200
20160120 151600;29.67;29.67;29.67;29.67;100
20160120 151800;29.7595;29.76;29.7595;29.76;200
20160120 151900;29.76;29.8;29.74;29.79;500
20160120 152100;29.85;29.87;29.82;29.87;500
20160120 152200;29.89;29.89;29.85;29.85;300
20160120 152300;29.84;29.84;29.84;29.84;200
20160120 152400;29.86;29.88;29.86;29.88;500
20160120 152600;29.92;29.94;29.9;29.9;2180
20160120 152800;29.9;29.91;29.9;29.91;600
20160120 153000;29.97;29.97;29.97;29.97;400
20160120 153300;29.94;29.94;29.94;29.94;100
20160120 153400;29.93;29.93;29.93;29.93;300
20160120 153500;29.94;29.94;29.91;29.91;400
20160120 154000;29.86;29.87;29.86;29.865;700
20160120 154100;29.85;29.85;29.85;29.85;200
20160120 154200;29.84;29.84;29.84;29.84;200
20160120 154600;29.76;29.76;29.76;29.76;100
20160120 154900;29.74;29.74;29.74;29.74;100
20160120 155200;29.8;29.8;29.8;29.8;100
20160120 155400;29.839;29.84;29.83;29.84;400
20160120 155500;29.82;29.82;29.82;29.82;200
20160120 155600;29.82;29.82;29.74;29.74;808
20160120 155700;29.76;29.77;29.76;29.77;400
20160120 155800;29.76;29.76;29.76;29.76;100
20160120 155900;29.78;29.85;29.78;29.85;2780
20160120 160000;29.82;29.85;29.82;29.84;4100
20160121 093200;29.01;29.01;29.01;29.01;200
20160121 093500;29.0759;29.16;29.0759;29.16;1100
20160121 093600;29.096;29.15;29.096;29.15;800
20160121 093800;29.13;29.13;29.11;29.11;600
20160121 093900;29.11;29.11;29.11;29.11;500
20160121 094000;29.09;29.09;29.09;29.09;100
20160121 094100;29.1;29.1;29.08;29.08;300
20160121 094200;29.03;29.03;29.03;29.03;100
20160121 094300;29.08;29.08;29.07;29.07;500
20160121 094600;28.97;28.97;28.97;28.97;100
20160121 094700;28.99;29.06;28.99;29.06;325
20160121 094800;28.95;28.99;28.95;28.99;425
20160121 094900;29;29;29;29;100
20160121 095000;29;29.02;29;29.02;600
20160121 095200;28.96;28.99;28.95;28.98;1100
20160121 095500;29.03;29.03;29;29;300
20160121 095600;29.06;29.06;29.06;29.06;100
20160121 095700;29.09;29.12;29.08;29.12;800
20160121 095900;29.06;29.09;29.06;29.09;400
20160121 100000;29.04;29.04;29.04;29.04;200
20160121 100200;29.07;29.07;29.06;29.06;200
20160121 100300;29.125;29.125;29.125;29.125;100
20160121 100400;29.13;29.13;29.13;29.13;100
20160121 100500;29.12;29.17;29.11;29.17;300
20160121 101100;29.15;29.16;29.14;29.16;300
20160121 101200;29.24;29.24;29.24;29.24;100
20160121 101500;29.15;29.15;29.15;29.15;100
20160121 101900;29.23;29.23;29.23;29.23;100
20160121 102000;29.22;29.22;29.22;29.22;100
20160121 102500;29.15;29.19;29.12;29.12;567
20160121 102600;29.21;29.21;29.21;29.21;300
20160121 103500;29.24;29.24;29.24;29.24;300
20160121 103600;29.21;29.21;29.21;29.21;100
20160121 103700;29.25;29.25;29.25;29.25;100
20160121 103900;29.2;29.23;29.2;29.23;800
20160121 104500;29.29;29.29;29.23;29.23;400
20160121 104600;29.26;29.26;29.26;29.26;300
20160121 104900;29.292;29.292;29.292;29.292;200
20160121 105000;29.26;29.29;29.26;29.29;500
20160121 105100;29.28;29.28;29.28;29.28;200
20160121 105900;29.26;29.29;29.26;29.27;2272
20160121 110100;29.23;29.23;29.2;29.2;300
20160121 110200;29.2;29.23;29.2;29.23;300
20160121 110400;29.28;29.28;29.27;29.27;200
20160121 110500;29.31;29.31;29.3;29.3;200
20160121 110800;29.2905;29.365;29.2905;29.365;250
20160121 110900;29.36;29.36;29.3583;29.3583;200
20160121 111000;29.38;29.38;29.38;29.38;100
20160121 111200;29.39;29.39;29.39;29.39;400
20160121 111300;29.36;29.38;29.35;29.38;500
20160121 111500;29.36;29.36;29.36;29.36;100
20160121 111700;29.36;29.39;29.36;29.38;1100
20160121 111900;29.38;29.38;29.37;29.37;400
20160121 112000;29.38;29.41;29.37;29.41;1300
20160121 112100;29.39;29.39;29.39;29.39;100
20160121 112300;29.34;29.34;29.34;29.34;600
20160121 112600;29.26;29.26;29.26;29.26;200
20160121 113700;29.36;29.37;29.35;29.35;300
20160121 114400;29.37;29.37;29.37;29.37;550
20160121 115100;29.4;29.4;29.4;29.4;300
20160121 115500;29.4;29.41;29.4;29.41;200
20160121 115700;29.45;29.45;29.45;29.45;600
20160121 120000;29.47;29.47;29.46;29.47;400
20160121 121200;29.53;29.53;29.53;29.53;300
20160121 121800;29.57;29.57;29.57;29.57;100
20160121 122000;29.55;29.55;29.55;29.55;100
20160121 122400;29.5411;29.5411;29.54;29.54;1400
20160121 122900;29.56;29.56;29.56;29.56;100
20160121 123800;29.5279;29.5279;29.5279;29.5279;250
20160121 124200;29.59;29.59;29.59;29.59;100
20160121 124300;29.52;29.52;29.52;29.52;100
20160121 124500;29.5;29.5;29.5;29.5;400
20160121 124700;29.56;29.56;29.56;29.56;100
20160121 125300;29.53;29.53;29.53;29.53;200
20160121 125400;29.57;29.57;29.56;29.57;300
20160121 125500;29.55;29.55;29.54;29.54;983
20160121 131200;29.55;29.55;29.55;29.55;100
20160121 131600;29.5;29.5;29.48;29.48;400
20160121 132100;29.5;29.5;29.5;29.5;100
20160121 133000;29.4654;29.4654;29.4654;29.4654;100
20160121 133300;29.43;29.43;29.43;29.43;100
20160121 133400;29.4;29.4;29.39;29.39;200
20160121 133900;29.44;29.44;29.44;29.44;100
20160121 134200;29.5;29.5;29.46;29.46;200
20160121 134600;29.44;29.44;29.44;29.44;300
20160121 134800;29.5;29.5;29.5;29.5;100
20160121 135200;29.51;29.51;29.47;29.47;300
20160121 135300;29.45;29.45;29.45;29.45;100
20160121 135700;29.53;29.53;29.5;29.5;200
20160121 135800;29.48;29.48;29.48;29.48;400
20160121 140200;29.42;29.42;29.41;29.41;500
20160121 140400;29.37;29.37;29.37;29.37;100
20160121 140600;29.381;29.4493;29.381;29.3815;672
20160121 140800;29.41;29.41;29.41;29.41;300
20160121 141100;29.35;29.35;29.35;29.35;100
20160121 141400;29.35;29.35;29.35;29.35;100
20160121 141600;29.35;29.35;29.35;29.35;100
20160121 141800;29.33;29.33;29.33;29.33;100
20160121 142300;29.36;29.36;29.35;29.36;695
20160121 142800;29.32;29.32;29.32;29.32;100
20160121 143100;29.365;29.39;29.365;29.39;400
20160121 143200;29.4;29.4;29.38;29.38;200
20160121 143400;29.41;29.41;29.41;29.41;200
20160121 143500;29.38;29.38;29.38;29.38;300
20160121 143600;29.39;29.39;29.39;29.39;100
20160121 143700;29.38;29.38;29.38;29.38;300
20160121 143800;29.43;29.43;29.43;29.43;100
20160121 144600;29.39;29.39;29.39;29.39;100
20160121 144700;29.38;29.38;29.38;29.38;100
20160121 145100;29.36;29.36;29.36;29.36;100
20160121 145700;29.44;29.45;29.44;29.45;500
20160121 145900;29.48;29.48;29.47;29.47;200
20160121 150000;29.41;29.41;29.41;29.41;100
20160121 150300;29.41;29.41;29.41;29.41;300
20160121 150700;29.35;29.35;29.35;29.35;100
20160121 150900;29.34;29.34;29.3;29.3;300
20160121 151300;29.36;29.36;29.36;29.36;100
20160121 151600;29.35;29.35;29.35;29.35;400
20160121 151800;29.32;29.32;29.32;29.32;100
20160121 152200;29.34;29.34;29.34;29.34;200
20160121 152300;29.36;29.36;29.36;29.36;100
20160121 152900;29.391;29.391;29.391;29.391;300
20160121 153100;29.39;29.41;29.39;29.41;200
20160121 153200;29.41;29.41;29.41;29.41;100
20160121 153400;29.44;29.44;29.44;29.44;600
20160121 153600;29.41;29.41;29.41;29.41;200
20160121 153900;29.42;29.44;29.42;29.44;500
20160121 154200;29.42;29.42;29.42;29.42;800
20160121 154300;29.42;29.42;29.4;29.4;200
20160121 154400;29.4;29.4;29.39;29.4;2000
20160121 154500;29.4;29.4;29.4;29.4;100
20160121 154800;29.36;29.36;29.31;29.31;548
20160121 155100;29.34;29.34;29.34;29.34;100
20160121 155200;29.36;29.36;29.33;29.33;1100
20160121 155300;29.33;29.33;29.33;29.33;1020
20160121 155400;29.37;29.37;29.33;29.33;2700
20160121 155700;29.33;29.33;29.33;29.33;100
20160121 155800;29.32;29.32;29.32;29.32;200
20160121 155900;29.32;29.32;29.32;29.32;100
20160121 160000;29.32;29.32;29.28;29.3;2100
20160122 093600;29.21;29.21;29.13;29.13;500
20160122 093800;29.17;29.17;29.16;29.16;200
20160122 093900;29.15;29.18;29.15;29.18;400
20160122 094300;29.08;29.08;29.08;29.08;100
20160122 094400;29.1699;29.18;29.1699;29.18;700
20160122 094500;29.17;29.17;29.17;29.17;100
20160122 094700;29.22;29.22;29.22;29.22;100
20160122 094800;29.174;29.174;29.14;29.14;600
20160122 094900;29.15;29.15;29.15;29.15;100
20160122 095000;29.26;29.26;29.26;29.26;100
20160122 095200;29.25;29.25;29.25;29.25;400
20160122 095400;29.26;29.26;29.26;29.26;100
20160122 095500;29.27;29.275;29.27;29.275;500
20160122 100000;29.3;29.3;29.3;29.3;100
20160122 100100;29.3;29.33;29.27;29.33;800
20160122 100300;29.26;29.27;29.21;29.25;1400
20160122 100500;29.25;29.26;29.2499;29.26;1500
20160122 100600;29.22;29.22;29.22;29.22;100
20160122 100900;29.22;29.22;29.22;29.22;100
20160122 101100;29.24;29.25;29.24;29.25;600
20160122 101200;29.25;29.275;29.24;29.275;500
20160122 101600;29.31;29.31;29.31;29.31;100
20160122 102100;29.23;29.23;29.2;29.23;300
20160122 103700;29.22;29.22;29.22;29.22;100
20160122 103800;29.21;29.21;29.21;29.21;100
20160122 104700;29.2;29.2;29.2;29.2;100
20160122 104800;29.21;29.21;29.21;29.21;100
20160122 105100;29.22;29.23;29.22;29.23;200
20160122 105300;29.22;29.22;29.2;29.2;350
20160122 110000;29.18;29.18;29.18;29.18;125
20160122 110300;29.1264;29.1264;29.1264;29.1264;120
20160122 110400;29.15;29.16;29.15;29.16;200
20160122 110700;29.1;29.1;29.07;29.07;200
20160122 111000;29.08;29.08;29.08;29.08;100
20160122 111600;29.0991;29.0991;29.03;29.03;276
20160122 112100;29.038;29.07;29.038;29.07;673
20160122 112300;29.13;29.13;29.13;29.13;100
20160122 112600;29.07;29.07;29.07;29.07;100
20160122 114800;29.08;29.08;29.08;29.08;300
20160122 122100;29.15;29.15;29.15;29.15;100
20160122 122200;29.16;29.16;29.16;29.16;100
20160122 122600;29.16;29.16;29.16;29.16;200
20160122 124300;29.13;29.13;29.13;29.13;200
20160122 125900;29.12;29.12;29.11;29.11;200
20160122 130700;29.1;29.1;29.09;29.09;300
20160122 131200;29.1;29.1;29.1;29.1;200
20160122 132300;29.1322;29.1322;29.1322;29.1322;520
20160122 133100;29.14;29.16;29.14;29.16;200
20160122 134100;29.17;29.17;29.17;29.17;100
20160122 134300;29.18;29.19;29.15;29.15;1200
20160122 135100;29.21;29.21;29.21;29.21;100
20160122 135400;29.2168;29.2168;29.2168;29.2168;100
20160122 135700;29.194;29.194;29.194;29.194;200
20160122 140000;29.26;29.26;29.26;29.26;100
20160122 140800;29.23;29.24;29.19;29.21;600
20160122 141000;29.22;29.25;29.22;29.25;200
20160122 141100;29.19;29.19;29.19;29.19;200
20160122 141300;29.2;29.2;29.19;29.19;300
20160122 141800;29.26;29.26;29.26;29.26;100
20160122 142100;29.2;29.2;29.2;29.2;100
20160122 143000;29.22;29.22;29.19;29.2;500
20160122 143100;29.17;29.17;29.17;29.17;100
20160122 144400;29.12;29.14;29.09;29.14;340
20160122 145700;29.2099;29.2099;29.2099;29.2099;100
20160122 151100;29.13;29.13;29.13;29.13;100
20160122 151200;29.13;29.13;29.13;29.13;100
20160122 151400;29.1;29.1;29.1;29.1;100
20160122 151500;29.135;29.135;29.135;29.135;100
20160122 151900;29.12;29.12;29.12;29.12;400
20160122 152600;29.17;29.17;29.17;29.17;100
20160122 152800;29.17;29.17;29.17;29.17;100
20160122 153000;29.18;29.21;29.17;29.21;500
20160122 153100;29.17;29.17;29.17;29.17;300
20160122 153200;29.16;29.16;29.16;29.16;1400
20160122 153300;29.15;29.19;29.15;29.18;781
20160122 153900;29.24;29.24;29.24;29.24;100
20160122 154100;29.26;29.26;29.25;29.25;350
20160122 154300;29.25;29.25;29.25;29.25;400
20160122 154400;29.27;29.27;29.26;29.26;200
20160122 154500;29.27;29.27;29.26;29.26;300
20160122 154900;29.3;29.31;29.27;29.28;1424
20160122 155000;29.27;29.28;29.27;29.27;700
20160122 155100;29.27;29.27;29.25;29.25;500
20160122 155200;29.25;29.25;29.235;29.235;600
20160122 155300;29.25;29.25;29.25;29.25;500
20160122 155500;29.25;29.25;29.25;29.25;700
20160122 155600;29.24;29.24;29.24;29.24;600
20160122 155700;29.25;29.25;29.249;29.249;1300
20160122 155800;29.25;29.25;29.25;29.25;867
20160122 155900;29.2401;29.25;29.2401;29.25;1200
20160122 160000;29.25;29.25;29.23;29.25;1922
20160125 093200;30.05;30.05;30.05;30.05;295
20160125 093400;29.99;29.99;29.99;29.99;100
20160125 093600;30.02;30.03;30.02;30.03;300
20160125 093900;30.11;30.11;30.11;30.11;100
20160125 094000;29.99;29.99;29.96;29.98;1450
20160125 094400;29.96;29.98;29.96;29.98;400
20160125 094600;29.9;29.91;29.9;29.91;200
20160125 095500;29.94;29.94;29.94;29.94;100
20160125 095700;29.93;29.93;29.93;29.93;200
20160125 100200;29.97;29.98;29.97;29.98;200
20160125 100300;30;30.01;30;30.01;1900
20160125 100400;30.08;30.08;30.08;30.08;100
20160125 100800;30.13;30.13;30.13;30.13;100
20160125 100900;30.06;30.07;30.06;30.07;400
20160125 101100;30.02;30.02;30.02;30.02;100
20160125 101800;29.993;29.993;29.993;29.993;100
20160125 102800;30.01;30.01;30.01;30.01;300
20160125 103200;29.99;29.99;29.99;29.99;300
20160125 103300;30.02;30.02;30.02;30.02;200
20160125 104700;30.01;30.01;30.01;30.01;100
20160125 105700;29.9743;29.9743;29.9743;29.9743;405
20160125 110200;29.95;29.96;29.92;29.93;400
20160125 110400;29.99;30.01;29.99;30.01;500
20160125 110600;29.99;30.01;29.99;30.01;444
20160125 110800;30;30.01;30;30.01;200
20160125 110900;30;30.01;29.99;29.99;1100
20160125 111800;29.96;29.96;29.96;29.96;100
20160125 112000;29.9795;29.9795;29.94;29.94;219
20160125 112200;29.98;29.98;29.98;29.98;100
20160125 112600;30.03;30.03;30.03;30.03;100
20160125 112900;30.04;30.04;30.04;30.04;100
20160125 113000;30.059;30.059;30.059;30.059;100
20160125 113400;30.06;30.06;30.06;30.06;100
20160125 113600;30.07;30.07;30.07;30.07;400
20160125 113700;30.07;30.07;30.07;30.07;300
20160125 114100;30.06;30.06;30.06;30.06;100
20160125 115100;30.07;30.1;30.07;30.1;1800
20160125 115600;30.09;30.09;30.09;30.09;100
20160125 115900;30.11;30.11;30.11;30.11;200
20160125 120300;30.0858;30.0858;30.0858;30.0858;100
20160125 121900;30.08;30.08;30.08;30.08;200
20160125 122300;30.06;30.06;30.06;30.06;100
20160125 123200;30.07;30.07;30.07;30.07;100
20160125 124500;30.04;30.04;30.04;30.04;100
20160125 131500;30.11;30.11;30.11;30.11;100
20160125 132100;30.14;30.14;30.14;30.14;100
20160125 132500;30.08;30.08;30.08;30.08;100
20160125 133300;30.07;30.07;30.07;30.07;100
20160125 134300;30.11;30.11;30.11;30.11;100
20160125 135100;30;30;29.99;29.99;200
20160125 140100;29.98;30;29.98;30;830
20160125 140600;30.01;30.01;30.01;30.01;100
20160125 141700;30.04;30.04;30.04;30.04;100
20160125 142400;30;30;30;30;100
20160125 142900;29.99;29.99;29.99;29.99;100
20160125 145100;29.93;29.94;29.93;29.94;200
20160125 145400;29.95;29.95;29.95;29.95;100
20160125 145500;29.98;29.99;29.98;29.98;2472
20160125 150200;30.02;30.02;30.02;30.02;100
20160125 150300;30.05;30.06;30.05;30.06;200
20160125 150400;30.04;30.04;30.03;30.03;200
20160125 150600;30.01;30.01;30.01;30.01;100
20160125 150900;30;30;30;30;200
20160125 151000;30;30;29.97;29.98;600
20160125 151100;29.98;29.99;29.98;29.99;200
20160125 152500;29.9;29.9;29.9;29.9;100
20160125 152600;29.885;29.91;29.88;29.91;500
20160125 152800;29.91;29.93;29.91;29.93;400
20160125 154000;29.81;29.81;29.8;29.8;300
20160125 154200;29.79;29.81;29.79;29.81;400
20160125 154400;29.73;29.73;29.73;29.73;500
20160125 154500;29.83;29.85;29.81;29.81;1100
20160125 154600;29.81;29.88;29.81;29.88;992
20160125 154700;29.88;29.88;29.85;29.88;900
20160125 155000;29.89;29.9;29.88;29.89;1200
20160125 155100;29.88;29.89;29.84;29.88;1958
20160125 155500;29.9017;29.9017;29.9017;29.9017;640
20160125 155600;29.89;29.89;29.88;29.88;300
20160125 155700;29.88;29.89;29.84;29.88;2400
20160125 155800;29.88;29.9;29.81;29.88;1700
20160125 155900;29.88;29.88;29.88;29.88;900
20160125 160000;29.89;29.89;29.88;29.88;3301
20160126 094000;29.36;29.36;29.36;29.36;100
20160126 094100;29.45;29.455;29.45;29.455;373
20160126 094900;29.44;29.4489;29.44;29.4489;200
20160126 095000;29.37;29.37;29.36;29.36;398
20160126 095100;29.22;29.22;29.22;29.22;100
20160126 095300;29.24;29.29;29.24;29.29;400
20160126 100100;29.41;29.46;29.41;29.46;200
20160126 100500;29.52;29.58;29.52;29.58;200
20160126 100800;29.63;29.63;29.63;29.63;100
20160126 101600;29.77;29.77;29.76;29.76;300
20160126 102300;29.7;29.7;29.7;29.7;100
20160126 103400;29.59;29.59;29.59;29.59;100
20160126 103500;29.6;29.6;29.6;29.6;100
20160126 104200;29.6;29.6;29.59;29.59;300
20160126 110100;29.763;29.763;29.763;29.763;200
20160126 110300;29.779;29.779;29.779;29.779;100
20160126 110600;29.849;29.849;29.838;29.84;408
20160126 110700;29.7601;29.94;29.76;29.94;800
20160126 110800;29.99;29.99;29.95;29.95;400
20160126 110900;29.94;29.94;29.94;29.94;401
20160126 111000;29.96;29.96;29.96;29.96;100
20160126 111100;29.93;29.93;29.93;29.93;200
20160126 112500;30.06;30.13;30.0505;30.0505;400
20160126 112600;30.04;30.04;30.04;30.04;300
20160126 112700;30.042;30.042;30.01;30.01;500
20160126 112900;29.98;29.98;29.98;29.98;100
20160126 113500;30.0156;30.0156;30.0156;30.0156;1000
20160126 113700;29.94;29.94;29.94;29.94;100
20160126 114100;29.95;29.95;29.95;29.95;100
20160126 114200;29.975;29.975;29.975;29.975;100
20160126 114300;30.01;30.01;30.01;30.01;200
20160126 114500;30.01;30.01;30.01;30.01;100
20160126 115300;30.13;30.13;30.12;30.12;200
20160126 115400;30.08;30.08;30.06;30.06;1400
20160126 120000;30.04;30.04;30.04;30.04;100
20160126 120400;30;30;29.99;29.99;200
20160126 122900;30.1198;30.1198;30.1198;30.1198;166
20160126 123000;30.16;30.16;30.16;30.16;100
20160126 123600;30.04;30.04;30.04;30.04;100
20160126 125600;30.03;30.03;29.94;29.94;300
20160126 130300;29.99;29.99;29.99;29.99;100
20160126 132500;29.89;29.89;29.89;29.89;100
20160126 133000;29.86;29.86;29.86;29.86;100
20160126 134300;29.95;29.95;29.95;29.95;100
20160126 135300;29.95;29.95;29.95;29.95;100
20160126 140500;29.86;29.86;29.71;29.71;200
20160126 141600;29.77;29.77;29.77;29.77;100
20160126 142000;29.89;29.89;29.89;29.89;100
20160126 142100;29.7;29.71;29.7;29.71;987
20160126 142200;29.88;29.88;29.88;29.88;400
20160126 143000;29.64;29.64;29.64;29.64;100
20160126 143200;29.5199;29.5199;29.45;29.45;200
20160126 143600;29.34;29.34;29.34;29.34;100
20160126 145300;29.54;29.54;29.54;29.54;100
20160126 151700;29.81;29.81;29.81;29.81;100
20160126 151800;29.73;29.81;29.73;29.81;300
20160126 151900;29.83;29.83;29.83;29.83;100
20160126 152100;29.84;29.84;29.84;29.84;300
20160126 152300;29.88;29.88;29.88;29.88;900
20160126 152400;29.89;29.9;29.89;29.9;200
20160126 152700;29.83;29.83;29.76;29.76;1500
20160126 152800;29.76;29.76;29.76;29.76;100
20160126 152900;29.75;29.7599;29.75;29.7599;200
20160126 153100;29.71;29.71;29.71;29.71;100
20160126 154000;29.545;29.63;29.545;29.63;500
20160126 154200;29.71;29.7415;29.71;29.7415;550
20160126 154400;29.66;29.66;29.66;29.66;100
20160126 154500;29.55;29.55;29.55;29.55;400
20160126 154700;29.69;29.69;29.69;29.69;200
20160126 154800;29.65;29.65;29.48;29.63;893
20160126 154900;29.51;29.51;29.51;29.51;200
20160126 155100;29.61;29.61;29.61;29.61;100
20160126 155300;29.63;29.63;29.63;29.63;200
20160126 155600;29.56;29.6;29.56;29.59;900
20160126 155700;29.69;29.75;29.69;29.75;400
20160126 155800;29.74;29.74;29.74;29.74;200
20160126 155900;29.75;29.75;29.74;29.74;1500
20160126 160000;29.83;29.83;29.66;29.66;2971
20160127 093100;29.54;29.54;29.51;29.51;513
20160127 093500;29.39;29.39;29.39;29.39;200
20160127 093700;29.43;29.43;29.4;29.4;200
20160127 093900;29.43;29.43;29.43;29.43;100
20160127 094600;29.48;29.48;29.48;29.48;100
20160127 095300;29.43;29.43;29.43;29.43;200
20160127 100100;29.46;29.46;29.46;29.46;100
20160127 101900;29.419;29.419;29.419;29.419;500
20160127 103100;29.42;29.42;29.34;29.34;700
20160127 103500;29.34;29.34;29.34;29.34;800
20160127 103700;29.34;29.34;29.34;29.34;500
20160127 104500;29.36;29.36;29.36;29.36;213
20160127 105700;29.33;29.355;29.31;29.31;500
20160127 111000;29.42;29.5;29.42;29.499;516
20160127 111200;29.4001;29.4001;29.4001;29.4001;100
20160127 112700;29.42;29.42;29.42;29.42;100
20160127 114200;29.42;29.42;29.42;29.42;100
20160127 114400;29.49;29.49;29.43;29.43;200
20160127 115000;29.6;29.6;29.6;29.6;500
20160127 115100;29.6;29.6;29.6;29.6;500
20160127 115400;29.6;29.6;29.55;29.55;1100
20160127 115600;29.51;29.52;29.49;29.49;900
20160127 115700;29.52;29.52;29.5;29.5;500
20160127 120300;29.53;29.53;29.52;29.52;200
20160127 120700;29.56;29.56;29.56;29.56;100
20160127 121400;29.55;29.55;29.54;29.54;300
20160127 122100;29.52;29.52;29.52;29.52;100
20160127 122200;29.52;29.52;29.52;29.52;300
20160127 122900;29.46;29.46;29.455;29.455;550
20160127 123000;29.45;29.45;29.45;29.45;100
20160127 124500;29.43;29.43;29.43;29.43;100
20160127 130000;29.445;29.445;29.445;29.445;100
20160127 130100;29.42;29.42;29.42;29.42;200
20160127 130400;29.39;29.39;29.39;29.39;200
20160127 131900;29.44;29.5;29.44;29.5;2375
20160127 132000;29.51;29.51;29.51;29.51;100
20160127 132800;29.49;29.49;29.49;29.49;100
20160127 133100;29.51;29.51;29.51;29.51;200
20160127 133300;29.52;29.52;29.52;29.52;100
20160127 135400;29.46;29.46;29.46;29.46;100
20160127 135900;29.4301;29.4301;29.4301;29.4301;100
20160127 140100;29.49;29.49;29.49;29.49;100
20160127 140200;29.49;29.49;29.49;29.49;200
20160127 140300;29.42;29.42;29.42;29.42;100
20160127 140700;29.445;29.445;29.41;29.41;200
20160127 140800;29.37;29.37;29.36;29.36;490
20160127 141400;29.27;29.27;29.26;29.26;300
20160127 142000;29.26;29.31;29.26;29.31;200
20160127 142100;29.36;29.36;29.36;29.36;100
20160127 142200;29.33;29.33;29.33;29.33;200
20160127 142500;29.37;29.37;29.37;29.37;100
20160127 142900;29.33;29.37;29.33;29.36;300
20160127 143200;29.36;29.36;29.36;29.36;100
20160127 144000;29.29;29.29;29.29;29.29;1150
20160127 144200;29.27;29.28;29.27;29.28;300
20160127 144500;29.3;29.3;29.29;29.29;400
20160127 145100;29.35;29.35;29.35;29.35;100
20160127 145200;29.35;29.35;29.35;29.35;100
20160127 145500;29.29;29.29;29.29;29.29;100
20160127 145900;29.21;29.21;29.21;29.21;100
20160127 150100;29.2;29.2;29.2;29.2;100
20160127 150200;29.15;29.15;29.15;29.15;100
20160127 150700;29.09;29.1;29.09;29.09;1000
20160127 150800;29.09;29.09;29.09;29.09;200
20160127 150900;29.13;29.136;29.13;29.136;1100
20160127 151400;29.08;29.13;29.03;29.12;1900
20160127 151800;29.0201;29.0201;29.02;29.02;400
20160127 152200;29.02;29.02;29.02;29.02;100
20160127 152500;28.965;28.965;28.965;28.965;100
20160127 153000;28.92;29;28.92;28.99;700
20160127 153300;28.99;28.99;28.99;28.99;100
20160127 153500;28.99;29;28.99;29;400
20160127 154000;28.95;28.95;28.88;28.88;600
20160127 154200;28.93;28.93;28.93;28.93;100
20160127 154500;28.95;28.95;28.95;28.95;200
20160127 154600;28.91;28.91;28.91;28.91;200
20160127 154800;28.93;28.93;28.93;28.93;100
20160127 155100;28.98;28.98;28.98;28.98;100
20160127 155400;28.92;28.92;28.92;28.92;100
20160127 155500;28.93;28.93;28.87;28.87;1000
20160127 155700;28.91;28.91;28.91;28.91;100
20160127 155800;29;29;28.86;28.86;441
20160127 155900;28.9;28.93;28.895;28.92;800
20160127 160000;29.02;29.02;29.02;29.02;100
20160128 093800;29.59;29.59;29.59;29.59;360
20160128 093900;29.59;29.59;29.59;29.59;200
20160128 095300;29.58;29.64;29.55;29.64;900
20160128 095800;29.65;29.65;29.65;29.65;100
20160128 100700;29.57;29.57;29.56;29.56;900
20160128 100800;29.55;29.55;29.55;29.55;200
20160128 101900;29.5232;29.5232;29.51;29.51;200
20160128 102100;29.51;29.51;29.51;29.51;100
20160128 102200;29.51;29.51;29.51;29.51;1000
20160128 102800;29.46;29.46;29.46;29.46;100
20160128 103000;29.46;29.46;29.46;29.46;100
20160128 103100;29.45;29.45;29.43;29.43;800
20160128 103200;29.43;29.43;29.43;29.43;100
20160128 103500;29.41;29.44;29.39;29.43;400
20160128 103700;29.39;29.43;29.39;29.43;295
20160128 104000;29.4;29.41;29.4;29.4;300
20160128 105200;29.46;29.46;29.43;29.43;300
20160128 105300;29.42;29.42;29.42;29.42;200
20160128 110000;29.39;29.39;29.39;29.39;100
20160128 110500;29.39;29.39;29.39;29.39;100
20160128 110600;29.39;29.39;29.39;29.39;100
20160128 110900;29.46;29.47;29.3907;29.47;1099
20160128 111100;29.44;29.45;29.44;29.45;200
20160128 112000;29.48;29.48;29.47;29.47;600
20160128 112100;29.43;29.43;29.41;29.41;300
20160128 113000;29.35;29.35;29.28;29.28;900
20160128 113200;29.27;29.32;29.27;29.32;400
20160128 113300;29.31;29.33;29.31;29.33;800
20160128 113400;29.37;29.41;29.33;29.33;1400
20160128 113500;29.32;29.32;29.3;29.31;800
20160128 114200;29.28;29.34;29.25;29.32;1300
20160128 115500;29.31;29.31;29.27;29.27;400
20160128 115600;29.28;29.29;29.28;29.29;300
20160128 115700;29.26;29.26;29.26;29.26;100
20160128 120100;29.27;29.28;29.27;29.28;200
20160128 120300;29.26;29.26;29.26;29.26;100
20160128 120400;29.26;29.3;29.23;29.25;2800
20160128 120500;29.19;29.22;29.19;29.22;1200
20160128 120600;29.22;29.2599;29.18;29.2599;800
20160128 121300;29.29;29.29;29.29;29.29;200
20160128 121500;29.29;29.29;29.28;29.28;600
20160128 121900;29.28;29.28;29.28;29.28;100
20160128 122200;29.32;29.32;29.32;29.32;900
20160128 122300;29.29;29.42;29.26;29.335;2300
20160128 122400;29.35;29.35;29.34;29.34;200
20160128 122500;29.39;29.44;29.39;29.44;200
20160128 122600;29.43;29.43;29.43;29.43;100
20160128 122700;29.45;29.45;29.28;29.32;4300
20160128 122800;29.33;29.3899;29.2;29.3899;2200
20160128 122900;29.38;29.4;29.38;29.4;700
20160128 124300;29.26;29.26;29.26;29.26;100
20160128 124900;29.24;29.24;29.24;29.24;100
20160128 125000;29.31;29.34;29.31;29.34;200
20160128 130300;29.285;29.33;29.25;29.25;300
20160128 130400;29.33;29.34;29.3;29.3;1000
20160128 130600;29.22;29.22;29.22;29.22;100
20160128 130800;29.24;29.24;29.24;29.24;100
20160128 131000;29.24;29.24;29.24;29.24;100
20160128 131600;29.23;29.23;29.23;29.23;100
20160128 131700;29.21;29.21;29.18;29.18;200
20160128 132300;29.25;29.25;29.16;29.16;200
20160128 132400;29.18;29.18;29.18;29.18;100
20160128 132800;29.15;29.15;29.15;29.15;100
20160128 132900;29.16;29.16;29.16;29.16;100
20160128 133600;29.12;29.12;29.12;29.12;100
20160128 133800;29.12;29.12;29.12;29.12;100
20160128 134100;29.1824;29.1824;29.1824;29.1824;100
20160128 134200;29.12;29.12;29.12;29.12;100
20160128 134800;29.13;29.13;29.13;29.13;100
20160128 134900;29.12;29.12;29.12;29.12;100
20160128 135400;29.11;29.11;29.1;29.1;300
20160128 135900;29.1;29.1;29.1;29.1;500
20160128 140000;29.1;29.1;29.02;29.02;200
20160128 140100;29.042;29.042;29.042;29.042;100
20160128 140300;29.11;29.11;29.11;29.11;100
20160128 140400;29.085;29.085;29.085;29.085;100
20160128 140600;29.04;29.04;29.04;29.04;100
20160128 140900;29.1193;29.12;29.1193;29.12;768
20160128 141000;29.12;29.12;29.12;29.12;400
20160128 141100;29.27;29.27;29.24;29.25;498
20160128 142200;29.155;29.1699;29.155;29.16;300
20160128 142300;29.13;29.2;29.13;29.2;400
20160128 142400;29.21;29.21;29.17;29.17;600
20160128 142500;29.15;29.16;29.15;29.16;600
20160128 142600;29.1538;29.1538;29.1538;29.1538;100
20160128 142700;29.2;29.2;29.2;29.2;100
20160128 142800;29.21;29.21;29.21;29.21;100
20160128 142900;29.21;29.22;29.21;29.22;300
20160128 143000;29.23;29.23;29.21;29.21;500
20160128 143100;29.17;29.17;29.14;29.16;300
20160128 143900;29.12;29.12;29.12;29.12;100
20160128 144400;29.1;29.11;29.1;29.11;200
20160128 144900;29.09;29.11;29.09;29.11;500
20160128 145000;29.11;29.11;29.02;29.02;200
20160128 145200;29.01;29.1;29.01;29.1;700
20160128 145300;29.08;29.09;29.08;29.09;800
20160128 150400;29;29;29;29;100
20160128 150900;29;29;28.95;28.96;700
20160128 151300;28.96;28.96;28.96;28.96;200
20160128 151600;29.06;29.06;29.06;29.06;100
20160128 151800;28.97;28.97;28.97;28.97;100
20160128 152200;28.95;28.95;28.95;28.95;100
20160128 152400;28.95;28.95;28.95;28.95;100
20160128 152600;28.96;28.97;28.96;28.97;200
20160128 152800;28.92;28.95;28.92;28.95;200
20160128 153000;28.99;29.01;28.99;28.99;500
20160128 153100;28.99;28.99;28.99;28.99;200
20160128 153400;29.0199;29.0199;28.98;28.99;1000
20160128 153500;29.02;29.02;29.02;29.02;300
20160128 153600;29.05;29.07;29.05;29.07;400
20160128 153700;29.12;29.12;29.12;29.12;200
20160128 153800;29.14;29.14;29.14;29.14;500
20160128 153900;29;29;29;29;100
20160128 154000;28.987;28.987;28.98;28.98;300
20160128 154100;29;29.07;29;29.07;700
20160128 154200;29.08;29.08;29.07;29.07;300
20160128 154500;29.09;29.1;29.09;29.1;749
20160128 154700;29.17;29.17;29.17;29.17;600
20160128 155100;29.12;29.13;29;29;800
20160128 155500;28.97;28.97;28.96;28.96;200
20160128 155600;28.97;29.12;28.97;29.12;1100
20160128 155900;29.07;29.07;28.96;28.96;600
20160128 160000;29;29.13;28.98;29.04;2018
20160129 093200;29.63;29.63;29.63;29.63;355
20160129 093600;29.62;29.62;29.6;29.62;1100
20160129 093900;29.7;29.72;29.7;29.72;480
20160129 094100;29.79;29.79;29.78;29.78;200
20160129 095100;29.72;29.72;29.72;29.72;300
20160129 095600;29.77;29.77;29.77;29.77;100
20160129 095700;29.76;29.76;29.76;29.76;868
20160129 095900;29.7217;29.7217;29.7217;29.7217;272
20160129 100400;29.59;29.59;29.59;29.59;100
20160129 100700;29.64;29.64;29.64;29.64;100
20160129 100900;29.61;29.61;29.61;29.61;100
20160129 101100;29.64;29.64;29.64;29.64;100
20160129 101400;29.64;29.64;29.64;29.64;100
20160129 101600;29.62;29.62;29.62;29.62;100
20160129 101800;29.64;29.64;29.64;29.64;100
20160129 102000;29.7;29.71;29.7;29.71;600
20160129 102200;29.75;29.75;29.75;29.75;100
20160129 102700;29.7;29.7;29.7;29.7;100
20160129 103300;29.56;29.56;29.56;29.56;100
20160129 103500;29.57;29.57;29.57;29.57;100
20160129 103800;29.55;29.55;29.55;29.55;100
20160129 104100;29.64;29.64;29.63;29.63;200
20160129 104400;29.54;29.54;29.52;29.52;300
20160129 104500;29.605;29.61;29.605;29.605;300
20160129 104600;29.61;29.61;29.54;29.54;200
20160129 104900;29.5;29.5;29.5;29.5;100
20160129 105100;29.555;29.555;29.555;29.555;100
20160129 105200;29.53;29.53;29.53;29.53;100
20160129 105300;29.52;29.52;29.52;29.52;100
20160129 105500;29.48;29.48;29.48;29.48;100
20160129 105700;29.5;29.5;29.5;29.5;100
20160129 105900;29.51;29.51;29.51;29.51;100
20160129 110100;29.48;29.48;29.48;29.48;100
20160129 110400;29.57;29.57;29.57;29.57;100
20160129 110600;29.57;29.57;29.57;29.57;200
20160129 110800;29.58;29.62;29.58;29.62;430
20160129 111200;29.64;29.64;29.57;29.57;500
20160129 111400;29.57;29.58;29.57;29.58;200
20160129 111700;29.59;29.59;29.59;29.59;100
20160129 111800;29.52;29.52;29.52;29.52;200
20160129 111900;29.52;29.52;29.52;29.52;100
20160129 112200;29.53;29.53;29.53;29.53;100
20160129 112500;29.53;29.59;29.53;29.59;200
20160129 113000;29.58;29.58;29.58;29.58;100
20160129 113100;29.53;29.53;29.53;29.53;100
20160129 113400;29.58;29.59;29.54;29.58;1200
20160129 113500;29.61;29.61;29.61;29.61;400
20160129 113600;29.57;29.58;29.57;29.58;200
20160129 113800;29.59;29.59;29.59;29.59;100
20160129 114200;29.59;29.59;29.59;29.59;190
20160129 114300;29.59;29.59;29.59;29.59;100
20160129 114700;29.59;29.59;29.59;29.59;100
20160129 115000;29.54;29.54;29.54;29.54;100
20160129 115300;29.57;29.62;29.57;29.62;900
20160129 115400;29.72;29.75;29.72;29.74;1100
20160129 115600;29.8;29.8;29.7427;29.7427;200
20160129 115900;29.73;29.73;29.71;29.72;900
20160129 120000;29.72;29.72;29.68;29.68;700
20160129 120100;29.73;29.73;29.73;29.73;300
20160129 120400;29.8;29.8;29.8;29.8;100
20160129 120600;29.785;29.785;29.785;29.785;100
20160129 120900;29.79;29.79;29.79;29.79;300
20160129 121300;29.79;29.79;29.79;29.79;100
20160129 121700;29.79;29.8;29.74;29.74;849
20160129 122100;29.79;29.79;29.79;29.79;300
20160129 122200;29.8;29.8;29.8;29.8;200
20160129 122300;29.76;29.76;29.74;29.74;900
20160129 122600;29.77;29.77;29.77;29.77;100
20160129 123000;29.78;29.78;29.78;29.78;100
20160129 123100;29.73;29.73;29.73;29.73;100
20160129 123500;29.77;29.77;29.77;29.77;100
20160129 123700;29.73;29.73;29.73;29.73;100
20160129 124300;29.73;29.73;29.73;29.73;100
20160129 124400;29.78;29.78;29.7789;29.7789;200
20160129 124500;29.7567;29.7567;29.7567;29.7567;200
20160129 124600;29.73;29.73;29.73;29.73;100
20160129 125000;29.73;29.73;29.73;29.73;100
20160129 125200;29.78;29.78;29.78;29.78;100
20160129 125800;29.73;29.73;29.73;29.73;200
20160129 130000;29.78;29.8;29.73;29.73;750
20160129 130100;29.8;29.8;29.8;29.8;100
20160129 131100;29.8;29.8;29.8;29.8;300
20160129 131200;29.86;29.86;29.86;29.86;100
20160129 131300;29.86;29.86;29.86;29.86;400
20160129 131400;29.86;29.86;29.86;29.86;300
20160129 132600;29.83;29.83;29.8;29.8;1212
20160129 132700;29.8;29.8;29.8;29.8;200
20160129 133000;29.8;29.8;29.8;29.8;100
20160129 133400;29.8;29.8;29.8;29.8;100
20160129 133800;29.8;29.8;29.8;29.8;100
20160129 133900;29.77;29.77;29.77;29.77;100
20160129 134300;29.77;29.77;29.77;29.77;100
20160129 134400;29.79;29.79;29.79;29.79;100
20160129 134600;29.82;29.82;29.82;29.82;200
20160129 134700;29.82;29.82;29.82;29.82;100
20160129 134800;29.81;29.81;29.81;29.81;100
20160129 135200;29.8;29.8;29.8;29.8;100
20160129 135300;29.8;29.8;29.8;29.8;100
20160129 135400;29.77;29.77;29.77;29.77;100
20160129 135600;29.72;29.72;29.72;29.72;100
20160129 135700;29.78;29.78;29.78;29.78;100
20160129 140100;29.71;29.71;29.71;29.71;100
20160129 140200;29.74;29.74;29.74;29.74;100
20160129 140600;29.78;29.78;29.7;29.7;200
20160129 140800;29.769;29.769;29.769;29.769;174
20160129 141000;29.67;29.75;29.67;29.75;200
20160129 141100;29.72;29.72;29.72;29.72;100
20160129 141300;29.66;29.66;29.66;29.66;100
20160129 141500;29.684;29.74;29.684;29.74;200
20160129 141600;29.74;29.74;29.7181;29.74;666
20160129 141700;29.76;29.76;29.76;29.76;100
20160129 141900;29.78;29.78;29.78;29.78;100
20160129 142200;29.79;29.79;29.79;29.79;300
20160129 142400;29.83;29.83;29.815;29.83;500
20160129 143200;29.8;29.8;29.8;29.8;200
20160129 143600;29.8;29.8;29.8;29.8;200
20160129 143900;29.8;29.8;29.8;29.8;100
20160129 144100;29.8;29.8;29.8;29.8;100
20160129 144300;29.84;29.85;29.84;29.84;800
20160129 144800;29.83;29.83;29.83;29.83;200
20160129 144900;29.86;29.86;29.86;29.86;100
20160129 145200;29.86;29.88;29.84;29.86;800
20160129 145400;29.86;29.86;29.85;29.85;300
20160129 145700;29.84;29.85;29.84;29.85;300
20160129 145800;29.85;29.85;29.85;29.85;100
20160129 145900;29.84;29.84;29.84;29.84;500
20160129 150000;29.84;29.85;29.84;29.84;300
20160129 150800;29.88;29.88;29.88;29.88;100
20160129 151000;29.92;29.92;29.92;29.92;100
20160129 151100;29.92;29.92;29.92;29.92;100
20160129 151300;29.92;29.92;29.92;29.92;200
20160129 151400;29.92;29.93;29.92;29.93;400
20160129 152300;29.94;29.96;29.94;29.96;600
20160129 152400;29.92;29.92;29.92;29.92;200
20160129 152600;29.91;29.91;29.91;29.91;100
20160129 152700;29.95;29.96;29.945;29.945;700
20160129 153300;29.97;29.97;29.96;29.96;300
20160129 153600;29.95;29.95;29.95;29.95;100
20160129 153700;29.97;29.97;29.97;29.97;100
20160129 153900;29.94;29.94;29.94;29.94;200
20160129 154000;29.94;29.9571;29.94;29.9571;400
20160129 154100;29.93;29.93;29.93;29.93;100
20160129 154200;29.96;30;29.96;30;1361
20160129 154800;29.94;29.94;29.94;29.94;204
20160129 154900;29.97;29.97;29.94;29.94;300
20160129 155100;29.96;29.97;29.955;29.955;1500
20160129 155300;29.98;29.98;29.98;29.98;100
20160129 155500;29.96;29.96;29.93;29.96;600
20160129 155600;29.96;30.03;29.955;30.03;2300
20160129 155800;30.08;30.08;30.05;30.05;300
20160129 155900;30.08;30.08;30.08;30.08;200
20160129 160000;30.05;30.065;29.99;30;2331
20160201 093700;29.16;29.16;29.16;29.16;1526
20160201 093800;29.19;29.19;29.19;29.19;300
20160201 094200;29.21;29.22;29.21;29.22;700
20160201 094400;29.22;29.22;29.22;29.22;200
20160201 094500;29.22;29.25;29.22;29.2466;600
20160201 094600;29.27;29.27;29.27;29.27;200
20160201 094700;29.25;29.25;29.25;29.25;200
20160201 095100;29.23;29.23;29.23;29.23;300
20160201 100200;29.2;29.2;29.2;29.2;400
20160201 100300;29.23;29.23;29.2;29.2;600
20160201 100400;29.21;29.21;29.19;29.19;200
20160201 101200;29.16;29.2;29.15;29.2;1100
20160201 101800;29.27;29.28;29.27;29.28;700
20160201 101900;29.28;29.28;29.21;29.23;300
20160201 103000;29.22;29.22;29.22;29.22;395
20160201 103100;29.31;29.31;29.31;29.31;100
20160201 103900;29.28;29.28;29.28;29.28;100
20160201 104000;29.28;29.28;29.28;29.28;100
20160201 104300;29.23;29.29;29.23;29.29;400
20160201 104400;29.32;29.32;29.32;29.32;200
20160201 104500;29.32;29.32;29.32;29.32;100
20160201 105400;29.28;29.28;29.28;29.28;100
20160201 110100;29.32;29.32;29.32;29.32;100
20160201 110700;29.32;29.32;29.32;29.32;100
20160201 111300;29.33;29.36;29.33;29.36;1775
20160201 111400;29.34;29.34;29.34;29.34;200
20160201 111600;29.28;29.31;29.28;29.2806;666
20160201 111900;29.31;29.31;29.31;29.31;100
20160201 112000;29.2401;29.2401;29.19;29.19;500
20160201 112400;29.18;29.19;29.15;29.17;500
20160201 112600;29.22;29.22;29.22;29.22;100
20160201 112900;29.22;29.22;29.2;29.2;200
20160201 113200;29.22;29.22;29.2;29.2;200
20160201 113800;29.32;29.32;29.32;29.32;100
20160201 114100;29.27;29.27;29.23;29.23;200
20160201 114400;29.28;29.28;29.27;29.28;1000
20160201 114500;29.33;29.33;29.33;29.33;100
20160201 115000;29.32;29.32;29.32;29.32;100
20160201 115200;29.31;29.31;29.31;29.31;100
20160201 115700;29.3961;29.3961;29.3961;29.3961;145
20160201 120000;29.4214;29.4214;29.4214;29.4214;200
20160201 120700;29.32;29.32;29.32;29.32;200
20160201 120900;29.37;29.38;29.37;29.38;200
20160201 121100;29.344;29.344;29.344;29.344;100
20160201 121700;29.4;29.4;29.4;29.4;100
20160201 122500;29.32;29.32;29.32;29.32;100
20160201 123100;29.34;29.37;29.32;29.32;600
20160201 123500;29.32;29.32;29.32;29.32;100
20160201 123900;29.32;29.32;29.32;29.32;200
20160201 124600;29.35;29.35;29.35;29.35;100
20160201 125200;29.32;29.32;29.32;29.32;100
20160201 125400;29.32;29.32;29.32;29.32;100
20160201 125700;29.3128;29.33;29.28;29.28;4480
20160201 125800;29.31;29.68;29.27;29.54;10994
20160201 125900;29.46;29.46;29.46;29.46;100
20160201 130100;29.44;29.44;29.44;29.44;100
20160201 130900;29.4;29.4;29.4;29.4;100
20160201 131000;29.39;29.39;29.39;29.39;200
20160201 132200;29.36;29.41;29.36;29.41;2800
20160201 133000;29.47;29.47;29.4524;29.4524;200
20160201 133200;29.47;29.47;29.47;29.47;100
20160201 133300;29.46;29.46;29.46;29.46;100
20160201 134300;29.45;29.45;29.45;29.45;200
20160201 134600;29.39;29.39;29.39;29.39;100
20160201 135700;29.46;29.5;29.46;29.5;300
20160201 140200;29.47;29.47;29.45;29.45;1000
20160201 140400;29.44;29.46;29.44;29.46;400
20160201 140700;29.46;29.46;29.46;29.46;100
20160201 141200;29.41;29.41;29.41;29.41;200
20160201 142900;29.43;29.43;29.43;29.43;200
20160201 143000;29.43;29.43;29.43;29.43;100
20160201 143700;29.46;29.47;29.46;29.47;200
20160201 144000;29.47;29.47;29.47;29.47;100
20160201 144300;29.44;29.44;29.44;29.44;150
20160201 144900;29.43;29.43;29.43;29.43;200
20160201 145400;29.48;29.48;29.48;29.48;100
20160201 145500;29.48;29.48;29.48;29.48;300
20160201 145700;29.45;29.45;29.45;29.45;100
20160201 150000;29.5;29.5;29.5;29.5;300
20160201 150600;29.5;29.5;29.5;29.5;300
20160201 150700;29.5;29.5;29.5;29.5;100
20160201 151300;29.47;29.47;29.47;29.47;400
20160201 151600;29.46;29.46;29.46;29.46;200
20160201 151800;29.49;29.49;29.4812;29.4812;700
20160201 151900;29.485;29.5099;29.485;29.5099;400
20160201 152000;29.52;29.52;29.52;29.52;100
20160201 152200;29.56;29.56;29.56;29.56;100
20160201 152300;29.568;29.59;29.568;29.57;1600
20160201 153100;29.52;29.52;29.52;29.52;100
20160201 153400;29.52;29.52;29.51;29.52;500
20160201 153600;29.55;29.55;29.55;29.55;1400
20160201 153700;29.55;29.55;29.55;29.55;100
20160201 154100;29.51;29.51;29.51;29.51;300
20160201 154400;29.55;29.55;29.54;29.54;1248
20160201 154500;29.53;29.53;29.52;29.52;970
20160201 154600;29.53;29.53;29.53;29.53;100
20160201 154700;29.53;29.53;29.49;29.49;300
20160201 154800;29.53;29.53;29.48;29.48;400
20160201 154900;29.47;29.545;29.45;29.5;4050
20160201 155000;29.49;29.5;29.46;29.5;3500
20160201 155100;29.48;29.486;29.44;29.45;3700
20160201 155200;29.5;29.53;29.48;29.48;1700
20160201 155300;29.52;29.52;29.52;29.52;100
20160201 155400;29.51;29.51;29.51;29.51;100
20160201 155600;29.52;29.52;29.51;29.52;400
20160201 155700;29.52;29.52;29.47;29.52;1500
20160201 155800;29.5;29.5;29.49;29.49;500
20160201 155900;29.51;29.51;29.48;29.51;800
20160201 160000;29.48;29.49;29.44;29.44;1267
20160202 093000;28.65;28.65;28.65;28.65;403
20160202 094100;28.72;28.72;28.72;28.72;200
20160202 094200;28.672;28.68;28.6711;28.68;300
20160202 094600;28.65;28.65;28.64;28.64;500
20160202 095100;28.65;28.65;28.65;28.65;100
20160202 095200;28.71;28.71;28.65;28.65;300
20160202 095700;28.69;28.69;28.69;28.69;300
20160202 095800;28.65;28.65;28.65;28.65;100
20160202 100700;28.72;28.72;28.72;28.72;100
20160202 100900;28.68;28.7368;28.68;28.7368;400
20160202 101100;28.68;28.68;28.68;28.68;200
20160202 101200;28.64;28.64;28.64;28.64;400
20160202 101600;28.59;28.59;28.52;28.52;800
20160202 101700;28.55;28.59;28.55;28.59;2400
20160202 101800;28.6;28.6;28.59;28.59;500
20160202 101900;28.59;28.59;28.59;28.59;300
20160202 102400;28.56;28.56;28.55;28.55;300
20160202 103400;28.56;28.56;28.56;28.56;100
20160202 103600;28.57;28.58;28.57;28.58;200
20160202 103700;28.55;28.56;28.55;28.56;200
20160202 103800;28.53;28.53;28.53;28.53;100
20160202 103900;28.59;28.59;28.56;28.56;800
20160202 105200;28.5789;28.5789;28.5789;28.5789;300
20160202 105500;28.5154;28.5154;28.5154;28.5154;300
20160202 105600;28.5154;28.5154;28.5;28.5;600
20160202 105700;28.5;28.5;28.49;28.5;500
20160202 111500;28.54;28.54;28.54;28.54;200
20160202 111700;28.56;28.56;28.56;28.56;100
20160202 111900;28.56;28.56;28.56;28.56;200
20160202 112100;28.52;28.52;28.52;28.52;200
20160202 112200;28.5699;28.5699;28.5699;28.5699;200
20160202 112500;28.52;28.52;28.52;28.52;100
20160202 113000;28.57;28.57;28.57;28.57;100
20160202 113100;28.5205;28.5205;28.52;28.52;464
20160202 113600;28.52;28.52;28.5;28.5;400
20160202 114000;28.54;28.54;28.53;28.53;200
20160202 114500;28.52;28.52;28.52;28.52;100
20160202 115000;28.49;28.49;28.49;28.49;200
20160202 115300;28.49;28.49;28.49;28.49;100
20160202 115700;28.49;28.49;28.48;28.48;200
20160202 120000;28.48;28.48;28.48;28.48;100
20160202 120300;28.4848;28.4848;28.4848;28.4848;300
20160202 120600;28.46;28.46;28.46;28.46;400
20160202 120700;28.4611;28.4611;28.4611;28.4611;100
20160202 121800;28.45;28.47;28.45;28.46;600
20160202 121900;28.47;28.47;28.47;28.47;200
20160202 122000;28.42;28.42;28.42;28.42;200
20160202 124200;28.45;28.47;28.45;28.47;400
20160202 124800;28.5;28.5;28.5;28.5;100
20160202 124900;28.5;28.5;28.5;28.5;200
20160202 130300;28.4;28.45;28.4;28.45;300
20160202 130400;28.4224;28.4224;28.4224;28.4224;100
20160202 130600;28.38;28.38;28.38;28.38;300
20160202 130700;28.44;28.44;28.44;28.44;100
20160202 131600;28.34;28.34;28.34;28.34;100
20160202 131700;28.4;28.4;28.4;28.4;100
20160202 132600;28.4;28.4;28.37;28.37;300
20160202 132800;28.44;28.44;28.44;28.44;100
20160202 133700;28.35;28.35;28.35;28.35;200
20160202 133800;28.4;28.4;28.4;28.4;100
20160202 133900;28.33;28.33;28.33;28.33;100
20160202 134100;28.33;28.33;28.33;28.33;100
20160202 134700;28.33;28.33;28.33;28.33;300
20160202 135200;28.28;28.28;28.28;28.28;100
20160202 135300;28.26;28.26;28.26;28.26;100
20160202 135400;28.26;28.3;28.26;28.3;300
20160202 135600;28.26;28.35;28.26;28.35;600
20160202 135900;28.29;28.29;28.29;28.29;100
20160202 140700;28.3185;28.3185;28.3185;28.3185;115
20160202 140800;28.26;28.3;28.26;28.3;400
20160202 141000;28.26;28.26;28.26;28.26;100
20160202 141100;28.25;28.25;28.25;28.25;200
20160202 141400;28.25;28.27;28.24;28.27;500
20160202 141500;28.25;28.27;28.25;28.27;600
20160202 142200;28.26;28.26;28.26;28.26;100
20160202 142300;28.27;28.27;28.26;28.26;200
20160202 142600;28.28;28.28;28.28;28.28;100
20160202 143500;28.28;28.28;28.28;28.28;100
20160202 143800;28.28;28.28;28.28;28.28;100
20160202 145100;28.27;28.27;28.27;28.27;200
20160202 145200;28.27;28.27;28.27;28.27;100
20160202 145400;28.26;28.26;28.26;28.26;200
20160202 150800;28.27;28.27;28.27;28.27;100
20160202 150900;28.19;28.19;28.19;28.19;100
20160202 151100;28.17;28.18;28.16;28.16;400
20160202 151200;28.2;28.21;28.2;28.21;300
20160202 151300;28.17;28.18;28.17;28.18;300
20160202 151400;28.21;28.21;28.21;28.21;100
20160202 151500;28.21;28.25;28.21;28.25;400
20160202 151600;28.25;28.25;28.25;28.25;200
20160202 152000;28.2245;28.2245;28.2245;28.2245;148
20160202 152300;28.19;28.24;28.19;28.24;300
20160202 152400;28.17;28.22;28.16;28.16;800
20160202 152600;28.17;28.22;28.17;28.22;300
20160202 152800;28.22;28.27;28.22;28.27;375
20160202 153400;28.24;28.24;28.24;28.24;100
20160202 154800;28.26;28.26;28.26;28.26;200
20160202 154900;28.295;28.35;28.295;28.32;1000
20160202 155000;28.25;28.25;28.24;28.24;200
20160202 155400;28.26;28.26;28.22;28.22;400
20160202 155600;28.25;28.25;28.23;28.23;200
20160202 155800;28.24;28.25;28.24;28.25;400
20160202 155900;28.22;28.22;28.22;28.22;100
20160202 160000;28.2;28.21;28.2;28.21;1114
20160203 094000;28.701;28.701;28.701;28.701;100
20160203 094200;28.75;28.75;28.75;28.75;100
20160203 094400;28.65;28.65;28.65;28.65;400
20160203 094800;28.61;28.61;28.61;28.61;200
20160203 095300;28.6101;28.6101;28.6101;28.6101;800
20160203 100000;28.62;28.62;28.62;28.62;100
20160203 100600;28.59;28.59;28.59;28.59;100
20160203 100700;28.54;28.54;28.54;28.54;100
20160203 101000;28.46;28.46;28.46;28.46;100
20160203 102000;28.45;28.45;28.45;28.45;100
20160203 102400;28.435;28.435;28.435;28.435;100
20160203 102700;28.43;28.43;28.43;28.43;100
20160203 102800;28.488;28.488;28.488;28.488;100
20160203 103100;28.33;28.35;28.32;28.32;300
20160203 103500;28.35;28.36;28.35;28.36;300
20160203 103700;28.35;28.36;28.35;28.36;200
20160203 103800;28.36;28.37;28.36;28.37;200
20160203 104100;28.37;28.3725;28.37;28.3725;200
20160203 104200;28.37;28.38;28.37;28.37;400
20160203 104400;28.38;28.38;28.38;28.38;374
20160203 104500;28.39;28.39;28.39;28.39;100
20160203 104600;28.4;28.42;28.4;28.4;700
20160203 104700;28.42;28.43;28.42;28.43;400
20160203 105200;28.47;28.47;28.47;28.47;100
20160203 105400;28.45;28.45;28.45;28.45;100
20160203 105500;28.44;28.45;28.44;28.45;300
20160203 110000;28.52;28.52;28.52;28.52;300
20160203 110100;28.6131;28.6131;28.6131;28.6131;100
20160203 111000;28.44;28.47;28.44;28.47;415
20160203 111100;28.469;28.469;28.469;28.469;200
20160203 111200;28.47;28.47;28.46;28.46;1000
20160203 112000;28.52;28.53;28.52;28.52;1300
20160203 112600;28.55;28.55;28.55;28.55;100
20160203 112900;28.6;28.6;28.6;28.6;100
20160203 113000;28.6;28.62;28.6;28.6;400
20160203 114000;28.69;28.7;28.69;28.7;200
20160203 114100;28.72;28.74;28.72;28.74;300
20160203 114400;28.7;28.7;28.69;28.69;200
20160203 121000;28.71;28.71;28.71;28.71;100
20160203 124400;28.645;28.645;28.645;28.645;100
20160203 130800;28.65;28.65;28.65;28.65;100
20160203 133800;28.52;28.52;28.52;28.52;100
20160203 133900;28.5;28.535;28.5;28.535;200
20160203 134600;28.62;28.62;28.62;28.62;100
20160203 135200;28.618;28.62;28.618;28.62;300
20160203 135700;28.6;28.6;28.6;28.6;278
20160203 140300;28.6;28.6;28.6;28.6;100
20160203 141200;28.66;28.66;28.64;28.64;300
20160203 141500;28.7;28.7;28.68;28.68;400
20160203 141800;28.67;28.67;28.67;28.67;100
20160203 142400;28.72;28.72;28.72;28.72;100
20160203 142500;28.76;28.81;28.76;28.81;800
20160203 142600;28.79;28.81;28.79;28.81;400
20160203 142700;28.82;28.82;28.78;28.78;400
20160203 142800;28.83;28.84;28.81;28.84;500
20160203 143200;28.92;28.92;28.919;28.919;301
20160203 144200;28.92;28.92;28.92;28.92;200
20160203 144300;28.92;28.92;28.88;28.88;500
20160203 144400;28.89;28.89;28.88;28.88;200
20160203 144600;28.93;28.9401;28.92;28.9401;1022
20160203 144700;28.94;28.94;28.94;28.94;100
20160203 145100;28.95;28.95;28.95;28.95;100
20160203 145400;28.91;28.94;28.91;28.91;300
20160203 145500;28.86;28.86;28.86;28.86;100
20160203 145600;28.94;28.95;28.94;28.95;300
20160203 145700;28.95;28.95;28.95;28.95;100
20160203 145800;28.96;28.96;28.96;28.96;100
20160203 145900;28.96;28.96;28.96;28.96;500
20160203 150000;28.96;28.96;28.96;28.96;100
20160203 150500;28.94;28.95;28.94;28.95;300
20160203 150700;28.97;28.97;28.95;28.95;400
20160203 150900;28.95;28.97;28.95;28.97;200
20160203 151000;28.96;28.97;28.95;28.97;600
20160203 151600;28.97;28.97;28.97;28.97;200
20160203 152000;28.966;28.966;28.966;28.966;700
20160203 152100;28.993;28.993;28.993;28.993;100
20160203 152300;28.93;28.93;28.93;28.93;200
20160203 153000;28.87;28.87;28.87;28.87;300
20160203 153100;28.86;28.86;28.86;28.86;100
20160203 154400;28.93;28.93;28.92;28.93;700
20160203 154500;28.92;28.92;28.91;28.91;1000
20160203 154600;28.91;28.91;28.91;28.91;300
20160203 154900;28.9;28.9;28.9;28.9;100
20160203 155200;28.93;28.93;28.93;28.93;100
20160203 155300;28.93;28.95;28.93;28.94;980
20160203 155600;28.96;28.96;28.96;28.96;100
20160203 155700;28.95;28.96;28.95;28.95;400
20160203 155800;28.95;28.96;28.95;28.96;934
20160203 155900;28.96;28.96;28.95;28.95;300
20160203 160000;28.96;28.96;28.95;28.95;350
20160204 093300;28.14;28.14;28.14;28.14;1437
20160204 093500;28.16;28.17;28.15;28.15;800
20160204 093600;28.15;28.15;28.15;28.15;200
20160204 093700;28.11;28.17;28.11;28.17;200
20160204 094000;28.1;28.11;28.1;28.11;400
20160204 094100;28.11;28.11;28.11;28.11;100
20160204 094500;28.08;28.11;28.08;28.11;900
20160204 094600;28.11;28.11;28.11;28.11;300
20160204 094800;28.09;28.09;28.09;28.09;100
20160204 095200;28.17;28.18;28.17;28.18;400
20160204 095300;28.21;28.23;28.21;28.23;700
20160204 095500;28.21;28.21;28.2;28.2;200
20160204 095900;28.2;28.2;28.2;28.2;200
20160204 100000;28.15;28.15;28.15;28.15;100
20160204 100200;28.15;28.15;28.15;28.15;100
20160204 100700;28.19;28.19;28.19;28.19;250
20160204 103000;28.17;28.17;28.17;28.17;200
20160204 103400;28.24;28.24;28.23;28.23;300
20160204 103900;28.2799;28.2799;28.2517;28.2517;200
20160204 110300;28.19;28.19;28.19;28.19;100
20160204 111200;28.14;28.15;28.14;28.15;1628
20160204 111400;28.1;28.11;28.07;28.07;1300
20160204 111500;28.08;28.09;28.08;28.09;500
20160204 111700;28.119;28.119;28.119;28.119;100
20160204 111800;28.09;28.1;28.09;28.09;300
20160204 112100;28.01;28.01;28.01;28.01;100
20160204 112500;28;28;28;28;100
20160204 112600;28.02;28.07;28.02;28.05;2272
20160204 112700;28.0401;28.05;28.01;28.01;1600
20160204 112800;28;28.04;27.97;28.0101;1678
20160204 112900;28.05;28.0595;28.05;28.0595;200
20160204 113500;28.07;28.07;27.96;27.96;400
20160204 113900;28.07;28.07;27.96;27.96;200
20160204 114700;27.95;27.95;27.95;27.95;100
20160204 115900;28.0099;28.0099;27.91;27.91;1300
20160204 120100;27.89;28;27.89;28;1400
20160204 121300;28.1;28.1;28.1;28.1;100
20160204 121400;28.11;28.11;28.05;28.05;200
20160204 122300;28.083;28.083;28.083;28.083;100
20160204 122700;27.99;27.99;27.99;27.99;200
20160204 123600;27.9327;27.9327;27.9327;27.9327;155
20160204 125300;28.0457;28.0457;28.0457;28.0457;400
20160204 130400;28.09;28.09;28.09;28.09;100
20160204 130500;28.05;28.05;28.05;28.05;300
20160204 130600;28.1;28.1;28.1;28.1;350
20160204 131500;28.1156;28.1156;28.1156;28.1156;200
20160204 132600;28.1499;28.1499;28.14;28.14;600
20160204 133700;28.12;28.12;28.12;28.12;100
20160204 134200;28.12;28.12;28.12;28.12;100
20160204 135000;28;28;28;28;100
20160204 135600;28.04;28.04;28.04;28.04;100
20160204 140300;27.98;28.04;27.96;28.04;1200
20160204 140700;27.94;27.94;27.94;27.94;427
20160204 140900;27.94;27.94;27.94;27.94;200
20160204 141900;27.99;27.99;27.98;27.98;300
20160204 142100;27.98;27.98;27.98;27.98;200
20160204 142200;27.92;27.92;27.92;27.92;200
20160204 143400;27.94;27.94;27.93;27.93;300
20160204 143800;27.98;27.98;27.98;27.98;100
20160204 143900;27.97;27.97;27.97;27.97;100
20160204 144000;27.96;27.96;27.95;27.95;200
20160204 145500;27.95;27.95;27.95;27.95;100
20160204 145900;27.98;27.98;27.98;27.98;200
20160204 151000;27.98;28;27.98;28;200
20160204 151600;27.985;27.985;27.985;27.985;200
20160204 152200;27.9529;27.9529;27.9529;27.9529;900
20160204 153500;27.94;27.95;27.94;27.95;600
20160204 153700;27.9205;27.9205;27.9205;27.9205;140
20160204 153900;27.95;27.95;27.95;27.95;300
20160204 154500;27.94;27.97;27.94;27.97;400
20160204 155000;28.01;28.03;28.01;28.03;1600
20160204 155200;28.02;28.05;28.0199;28.02;2400
20160204 155300;28.05;28.05;28.05;28.05;100
20160204 155400;28.05;28.15;28.035;28.12;4794
20160204 155500;28.11;28.11;28.11;28.11;200
20160204 155600;28.149;28.15;28.11;28.11;3600
20160204 155900;28.1201;28.13;28.12;28.12;410
20160204 160000;28.08;28.08;27.91;28.04;6069
20160205 093000;26.9;26.9;26.9;26.9;100
20160205 093300;26.86;26.86;26.7135;26.7135;1391
20160205 093500;26.68;26.68;26.68;26.68;495
20160205 093700;26.77;26.77;26.76;26.76;296
20160205 093900;26.77;26.77;26.77;26.77;200
20160205 094000;26.7584;26.7584;26.7584;26.7584;500
20160205 094100;26.77;26.77;26.77;26.77;1600
20160205 094600;26.81;26.81;26.805;26.8095;400
20160205 094700;26.7785;26.7785;26.7785;26.7785;300
20160205 094800;26.8;26.81;26.72;26.8;500
20160205 095400;26.79;26.79;26.73;26.79;500
20160205 095700;26.79;26.82;26.79;26.82;300
20160205 100000;26.75;26.75;26.75;26.75;100
20160205 100300;26.82;26.82;26.82;26.82;100
20160205 100700;26.82;26.82;26.82;26.82;200
20160205 101300;26.82;26.82;26.82;26.82;300
20160205 102300;26.79;26.79;26.79;26.79;100
20160205 102400;26.75;26.75;26.75;26.75;100
20160205 102500;26.75;26.75;26.75;26.75;270
20160205 102800;26.73;26.73;26.7;26.7;200
20160205 103600;26.7122;26.7122;26.7122;26.7122;500
20160205 103800;26.7452;26.7452;26.708;26.708;550
20160205 104000;26.62;26.62;26.62;26.62;100
20160205 104100;26.72;26.72;26.72;26.72;100
20160205 104400;26.7476;26.7476;26.7476;26.7476;200
20160205 104800;26.71;26.71;26.71;26.71;100
20160205 104900;26.7273;26.7273;26.7;26.7;500
20160205 105800;26.69;26.69;26.69;26.69;100
20160205 111100;26.63;26.63;26.58;26.58;300
20160205 111300;26.648;26.648;26.59;26.59;200
20160205 112000;26.5353;26.5353;26.5353;26.5353;1000
20160205 112300;26.5446;26.5446;26.5446;26.5446;200
20160205 112400;26.51;26.51;26.5;26.5;1200
20160205 112700;26.5;26.5;26.5;26.5;800
20160205 112800;26.48;26.5;26.48;26.5;1730
20160205 112900;26.47;26.47;26.46;26.46;300
20160205 113000;26.46;26.5033;26.45;26.5033;1800
20160205 113300;26.47;26.47;26.47;26.47;100
20160205 114300;26.55;26.55;26.55;26.55;100
20160205 114400;26.5157;26.5157;26.5157;26.5157;120
20160205 114500;26.48;26.48;26.48;26.48;100
20160205 114700;26.42;26.42;26.42;26.42;100
20160205 115100;26.48;26.48;26.48;26.48;100
20160205 115400;26.47;26.47;26.47;26.47;100
20160205 120100;26.45;26.45;26.45;26.45;100
20160205 121000;26.48;26.48;26.48;26.48;100
20160205 121100;26.42;26.42;26.42;26.42;100
20160205 121700;26.41;26.41;26.39;26.39;200
20160205 122100;26.43;26.43;26.43;26.43;100
20160205 122800;26.43;26.43;26.43;26.43;100
20160205 122900;26.44;26.44;26.44;26.44;100
20160205 123200;26.45;26.45;26.45;26.45;100
20160205 123500;26.45;26.45;26.45;26.45;100
20160205 123600;26.47;26.47;26.43;26.43;300
20160205 123800;26.47;26.47;26.47;26.47;100
20160205 125700;26.42;26.42;26.42;26.42;100
20160205 130100;26.44;26.44;26.44;26.44;100
20160205 130500;26.3815;26.39;26.38;26.39;600
20160205 130600;26.39;26.39;26.39;26.39;200
20160205 130700;26.4;26.4;26.4;26.4;100
20160205 131000;26.46;26.46;26.46;26.46;100
20160205 132900;26.41;26.42;26.4;26.4;1300
20160205 133500;26.42;26.42;26.42;26.42;100
20160205 134200;26.35;26.35;26.35;26.35;100
20160205 134300;26.35;26.35;26.35;26.35;100
20160205 134600;26.37;26.37;26.37;26.37;100
20160205 134900;26.3555;26.3555;26.3555;26.3555;346
20160205 135200;26.3;26.3;26.3;26.3;100
20160205 135400;26.3499;26.3499;26.3499;26.3499;300
20160205 135700;26.35;26.35;26.35;26.35;100
20160205 135900;26.35;26.35;26.35;26.35;100
20160205 140200;26.34;26.34;26.32;26.32;200
20160205 140300;26.32;26.32;26.32;26.32;100
20160205 140700;26.32;26.33;26.32;26.32;600
20160205 141000;26.32;26.32;26.32;26.32;300
20160205 141200;26.26;26.26;26.26;26.26;300
20160205 141900;26.26;26.26;26.26;26.26;170
20160205 142400;26.31;26.31;26.31;26.31;100
20160205 143000;26.26;26.26;26.26;26.26;100
20160205 144100;26.29;26.29;26.26;26.28;1500
20160205 145200;26.28;26.28;26.26;26.26;300
20160205 145500;26.26;26.26;26.26;26.26;200
20160205 150400;26.2;26.2;26.19;26.19;400
20160205 150700;26.21;26.21;26.2;26.21;400
20160205 151000;26.2;26.2;26.2;26.2;100
20160205 151300;26.2;26.2;26.2;26.2;100
20160205 151900;26.22;26.25;26.22;26.25;400
20160205 152300;26.33;26.37;26.33;26.37;200
20160205 152400;26.29;26.29;26.27;26.27;300
20160205 152500;26.26;26.26;26.26;26.26;100
20160205 152600;26.25;26.25;26.24;26.24;500
20160205 152800;26.25;26.25;26.25;26.25;400
20160205 153100;26.25;26.25;26.25;26.25;200
20160205 153500;26.29;26.29;26.29;26.29;100
20160205 153700;26.25;26.25;26.25;26.25;200
20160205 154600;26.24;26.24;26.24;26.24;300
20160205 154700;26.24;26.24;26.22;26.22;400
20160205 154800;26.22;26.23;26.22;26.23;400
20160205 155000;26.2;26.2;26.2;26.2;100
20160205 155200;26.19;26.19;26.19;26.19;100
20160205 155300;26.22;26.22;26.22;26.22;100
20160205 155500;26.19;26.19;26.19;26.19;100
20160205 155600;26.22;26.22;26.22;26.22;100
20160205 155700;26.21;26.21;26.21;26.21;300
20160205 155800;26.22;26.23;26.21;26.23;400
20160205 160000;26.23;26.28;26.23;26.28;750
