20160119 074900;16;16;16;16;100
20160119 075900;16;16;16;16;400
20160119 080100;16;16;16;16;400
20160119 080900;15.6;16;15.5;15.61;1600
20160119 082000;15.61;15.61;15.61;15.61;200
20160119 083000;15.61;15.61;15.61;15.61;100
20160119 090900;15.6;15.6;15.6;15.6;100
20160119 092300;15.6;15.6;15.6;15.6;200
20160119 092500;15.6;15.6;15.6;15.6;100
20160119 092600;15.55;15.55;15.55;15.55;100
20160119 093300;15.5;15.63;15.5;15.63;64837
20160119 093400;15.5;15.63;15.5;15.56;1281
20160119 093500;15.64;15.67;15.55;15.55;3880
20160119 093600;15.54;15.54;15.54;15.54;400
20160119 093700;15.54;15.55;15.52;15.54;1541
20160119 093900;15.61;15.62;15.61;15.62;563
20160119 094000;15.55;15.55;15.53;15.53;500
20160119 094100;15.53;15.53;15.53;15.53;100
20160119 094300;15.51;15.54;15.5;15.5392;15241
20160119 094400;15.59;15.62;15.57;15.62;2162
20160119 094500;15.65;15.65;15.65;15.65;100
20160119 094600;15.6;15.6;15.59;15.59;900
20160119 094800;15.6389;15.6389;15.51;15.51;300
20160119 095000;15.53;15.53;15.51;15.51;300
20160119 095100;15.51;15.51;15.51;15.51;100
20160119 095200;15.51;15.5198;15.5;15.5;4300
20160119 095300;15.5;15.5;15.5;15.5;2300
20160119 095400;15.51;15.51;15.5;15.5;12489
20160119 095500;15.505;15.53;15.505;15.53;400
20160119 095600;15.5899;15.5899;15.51;15.5399;2800
20160119 095700;15.51;15.56;15.51;15.56;600
20160119 095800;15.575;15.575;15.53;15.53;700
20160119 100000;15.52;15.52;15.51;15.51;400
20160119 100100;15.53;15.55;15.53;15.55;1400
20160119 100200;15.58;15.585;15.57;15.57;500
20160119 100700;15.55;15.55;15.53;15.53;300
20160119 101000;15.51;15.51;15.51;15.51;400
20160119 101200;15.51;15.53;15.51;15.53;400
20160119 101500;15.51;15.51;15.51;15.51;300
20160119 101600;15.57;15.57;15.57;15.57;100
20160119 101800;15.52;15.52;15.51;15.51;300
20160119 102000;15.51;15.54;15.51;15.54;200
20160119 102100;15.51;15.53;15.51;15.52;700
20160119 102200;15.53;15.56;15.53;15.56;200
20160119 102300;15.532;15.532;15.532;15.532;500
20160119 102400;15.54;15.54;15.54;15.54;100
20160119 102700;15.55;15.56;15.535;15.56;900
20160119 102800;15.57;15.58;15.56;15.58;400
20160119 102900;15.575;15.575;15.575;15.575;100
20160119 103000;15.55;15.55;15.55;15.55;300
20160119 103100;15.57;15.71;15.57;15.6;4400
20160119 103200;15.7;15.7;15.68;15.68;300
20160119 103400;15.74;15.74;15.685;15.74;900
20160119 103500;15.74;15.74;15.7;15.7399;1020
20160119 103600;15.74;15.8;15.71;15.8;1000
20160119 103800;15.82;15.82;15.76;15.76;1500
20160119 104000;15.78;15.78;15.78;15.78;1000
20160119 104100;15.82;15.82;15.82;15.82;100
20160119 104200;15.8;15.95;15.8;15.95;4600
20160119 104300;15.96;16;15.96;16;1300
20160119 104400;15.94;15.9401;15.88;15.91;1200
20160119 104500;15.97;16.1;15.97;16.089;1700
20160119 104600;16.081;16.0889;16;16;1070
20160119 104700;16;16.19;16;16.19;6000
20160119 104800;16.15;16.2;16.03;16.03;7023
20160119 104900;16.03;16.05;15.98;16.0499;1700
20160119 105000;16.05;16.06;16;16.06;5700
20160119 105100;16.06;16.06;16.0599;16.0599;5000
20160119 105200;16;16;15.99;15.99;700
20160119 105400;15.91;15.91;15.91;15.91;500
20160119 105500;15.9289;15.9289;15.8;15.8;3700
20160119 105700;15.8;15.8;15.8;15.8;300
20160119 105800;15.8;15.8;15.8;15.8;700
20160119 110000;15.75;15.75;15.75;15.75;100
20160119 110100;15.73;15.73;15.73;15.73;200
20160119 110200;15.72;15.72;15.72;15.72;200
20160119 110300;15.73;15.73;15.73;15.73;900
20160119 110800;15.74;15.74;15.74;15.74;200
20160119 111000;15.73;15.73;15.72;15.72;800
20160119 111100;15.68;15.68;15.65;15.65;500
20160119 111400;15.67;15.67;15.63;15.66;1000
20160119 111500;15.63;15.63;15.62;15.62;300
20160119 111600;15.64;15.69;15.6399;15.69;1250
20160119 112200;15.74;15.87;15.713;15.87;1100
20160119 112400;15.825;15.825;15.79;15.79;200
20160119 112500;15.78;15.78;15.78;15.78;300
20160119 112900;15.78;15.78;15.77;15.77;900
20160119 113100;15.79;15.79;15.72;15.72;3000
20160119 113300;15.73;15.73;15.73;15.73;300
20160119 113500;15.73;15.75;15.73;15.75;300
20160119 113600;15.75;15.76;15.75;15.76;900
20160119 114000;15.75;15.75;15.75;15.75;900
20160119 114500;15.77;15.77;15.77;15.77;300
20160119 114600;15.85;15.85;15.8185;15.8185;470
20160119 114700;15.799;15.82;15.799;15.82;400
20160119 114900;15.79;15.79;15.79;15.79;500
20160119 115000;15.84;15.85;15.84;15.85;500
20160119 115200;15.9299;15.94;15.9;15.92;2585
20160119 115400;15.9299;15.95;15.9299;15.95;915
20160119 115700;15.94;15.96;15.94;15.96;2091
20160119 120200;15.87;15.87;15.87;15.87;100
20160119 120400;15.87;15.87;15.82;15.82;250
20160119 120800;15.8;15.8;15.77;15.77;500
20160119 121000;15.77;15.77;15.77;15.77;100
20160119 121200;15.77;15.77;15.77;15.77;300
20160119 121400;15.83;15.83;15.83;15.83;100
20160119 121600;15.77;15.77;15.76;15.76;800
20160119 121700;15.78;15.78;15.76;15.76;391
20160119 121800;15.78;15.78;15.78;15.78;500
20160119 122200;15.8011;15.8011;15.8;15.8;400
20160119 122500;15.8;15.8;15.8;15.8;200
20160119 122600;15.78;15.78;15.78;15.78;100
20160119 122700;15.8;15.8;15.8;15.8;800
20160119 123400;15.91;15.91;15.91;15.91;100
20160119 123500;15.86;15.86;15.84;15.84;400
20160119 123900;15.84;15.85;15.84;15.85;800
20160119 124400;15.84;15.84;15.84;15.84;200
20160119 124500;15.84;15.84;15.83;15.83;600
20160119 124600;15.83;15.83;15.83;15.83;500
20160119 124900;15.9;15.9;15.9;15.9;300
20160119 125700;15.87;15.87;15.87;15.87;300
20160119 125800;15.87;15.87;15.82;15.82;300
20160119 125900;15.84;15.84;15.84;15.84;200
20160119 130200;15.83;15.83;15.83;15.83;900
20160119 130700;15.84;15.84;15.83;15.83;200
20160119 130900;15.91;15.91;15.91;15.91;100
20160119 131000;15.89;15.89;15.83;15.83;200
20160119 131100;15.82;15.84;15.82;15.84;801
20160119 131200;15.83;15.86;15.83;15.86;800
20160119 131300;15.88;15.89;15.88;15.89;400
20160119 131500;15.89;15.89;15.89;15.89;2700
20160119 131600;15.89;15.89;15.89;15.89;100
20160119 131800;15.91;15.92;15.91;15.92;1200
20160119 132000;15.93;15.95;15.93;15.95;400
20160119 132400;15.95;16;15.95;16;400
20160119 132600;15.99;16;15.99;16;900
20160119 133100;16.015;16.0578;16.015;16.0578;200
20160119 133300;16.05;16.05;16.05;16.05;100
20160119 133400;15.97;15.97;15.97;15.97;100
20160119 133500;15.97;15.97;15.9;15.9;1400
20160119 133600;15.94;16.08;15.9;15.915;6235
20160119 134100;15.92;15.92;15.92;15.92;300
20160119 134400;15.95;15.96;15.95;15.96;840
20160119 134900;15.96;15.96;15.96;15.96;100
20160119 135000;15.96;16;15.96;16;1520
20160119 135600;15.9;15.92;15.9;15.92;300
20160119 135900;15.94;15.94;15.94;15.94;400
20160119 140100;15.94;15.94;15.94;15.94;100
20160119 140200;15.91;15.91;15.88;15.88;2800
20160119 140600;15.8;15.8;15.79;15.79;300
20160119 140900;15.83;15.83;15.72;15.72;400
20160119 141300;15.756;15.756;15.72;15.72;550
20160119 141400;15.72;15.72;15.72;15.72;100
20160119 141700;15.72;15.72;15.72;15.72;300
20160119 141900;15.77;15.77;15.77;15.77;100
20160119 142000;15.72;15.72;15.72;15.72;600
20160119 142400;15.72;15.72;15.72;15.72;600
20160119 142500;15.72;15.72;15.72;15.72;100
20160119 142600;15.72;15.72;15.72;15.72;500
20160119 142800;15.75;15.75;15.7;15.7;500
20160119 143100;15.75;15.8;15.75;15.8;1600
20160119 143300;15.82;15.82;15.82;15.82;100
20160119 143400;15.82;15.82;15.82;15.82;100
20160119 143900;15.8;15.82;15.8;15.82;1300
20160119 144500;15.7;15.7;15.69;15.69;1400
20160119 144600;15.69;15.69;15.69;15.69;200
20160119 144700;15.66;15.66;15.66;15.66;100
20160119 144900;15.63;15.66;15.63;15.66;1000
20160119 145400;15.7;15.7;15.68;15.68;200
20160119 145500;15.66;15.67;15.66;15.67;700
20160119 145900;15.67;15.67;15.67;15.67;100
20160119 150000;15.67;15.67;15.67;15.67;100
20160119 150300;15.64;15.66;15.64;15.66;900
20160119 150400;15.67;15.67;15.67;15.67;600
20160119 150500;15.74;15.74;15.74;15.74;200
20160119 150900;15.75;15.75;15.75;15.75;100
20160119 151100;15.72;15.74;15.72;15.74;600
20160119 151300;15.72;15.72;15.71;15.71;700
20160119 151400;15.7;15.7;15.7;15.7;300
20160119 151500;15.7099;15.76;15.69;15.69;3905
20160119 152100;15.64;15.65;15.64;15.65;300
20160119 152400;15.65;15.68;15.65;15.68;1100
20160119 152500;15.75;15.75;15.75;15.75;100
20160119 152700;15.73;15.73;15.73;15.73;200
20160119 152800;15.71;15.71;15.7;15.7;400
20160119 152900;15.75;15.75;15.75;15.75;100
20160119 153000;15.7;15.7;15.7;15.7;300
20160119 153200;15.66;15.66;15.66;15.66;100
20160119 153300;15.66;15.66;15.66;15.66;600
20160119 153400;15.66;15.66;15.66;15.66;100
20160119 153500;15.66;15.66;15.66;15.66;400
20160119 153600;15.66;15.66;15.66;15.66;800
20160119 153700;15.65;15.67;15.65;15.67;1600
20160119 153800;15.65;15.65;15.65;15.65;100
20160119 154000;15.65;15.65;15.65;15.65;100
20160119 154100;15.65;15.68;15.65;15.68;1000
20160119 154200;15.69;15.69;15.69;15.69;200
20160119 154400;15.75;15.75;15.75;15.75;1500
20160119 154500;15.74;15.74;15.73;15.73;1350
20160119 154600;15.725;15.725;15.725;15.725;100
20160119 154700;15.74;15.74;15.73;15.74;500
20160119 154800;15.74;15.77;15.74;15.75;4510
20160119 154900;15.75;15.75;15.74;15.75;1900
20160119 155000;15.735;15.7496;15.73;15.73;1900
20160119 155100;15.73;15.75;15.73;15.74;800
20160119 155200;15.73;15.74;15.73;15.74;200
20160119 155300;15.73;15.73;15.73;15.73;100
20160119 155400;15.74;15.74;15.73;15.73;800
20160119 155500;15.73;15.735;15.73;15.73;998
20160119 155600;15.73;15.73;15.73;15.73;600
20160119 155700;15.73;15.75;15.73;15.73;900
20160119 155800;15.73;15.74;15.73;15.73;800
20160119 155900;15.73;15.75;15.73;15.73;7904
20160119 160000;15.73;15.75;15.73;15.73;1605
20160120 041800;16;16;16;16;100
20160120 062100;15.9;15.9;15.9;15.9;100
20160120 081600;15.79;15.9;15.79;15.9;1500
20160120 083300;15.15;15.15;15.15;15.15;1500
20160120 093100;15.56;15.56;15.56;15.56;100
20160120 093200;15.27;15.27;15.27;15.27;100
20160120 093500;15.7;15.7;15.7;15.7;100
20160120 093700;15.55;15.55;15.55;15.55;100
20160120 093800;15.53;15.53;15.53;15.53;100
20160120 093900;15.61;15.7;15.61;15.615;1300
20160120 094000;15.69;15.7;15.69;15.695;318
20160120 094100;15.685;15.685;15.6262;15.665;700
20160120 094400;15.74;15.74;15.74;15.74;100
20160120 094700;15.75;15.75;15.75;15.75;100
20160120 094900;15.73;15.7389;15.73;15.7389;300
20160120 095200;15.695;15.695;15.695;15.695;100
20160120 095300;15.69;15.7;15.67;15.685;600
20160120 095500;15.67;15.7;15.66;15.66;2400
20160120 095600;15.66;15.66;15.66;15.66;100
20160120 095900;15.66;15.66;15.66;15.66;100
20160120 100200;15.59;15.6;15.5;15.6;2700
20160120 100400;15.51;15.51;15.51;15.51;100
20160120 100500;15.5;15.5;15.45;15.45;700
20160120 100900;15.52;15.52;15.52;15.52;100
20160120 101200;15.47;15.47;15.445;15.445;600
20160120 101400;15.495;15.52;15.495;15.5;600
20160120 102000;15.48;15.48;15.48;15.48;200
20160120 103000;15.48;15.48;15.46;15.46;200
20160120 103100;15.51;15.51;15.5;15.5;200
20160120 103500;15.45;15.45;15.44;15.44;400
20160120 103600;15.41;15.41;15.41;15.41;100
20160120 103900;15.45;15.46;15.43;15.43;600
20160120 104600;15.54;15.54;15.54;15.54;100
20160120 104800;15.5;15.58;15.49;15.58;1400
20160120 105600;15.51;15.51;15.51;15.51;100
20160120 110200;15.485;15.485;15.485;15.485;400
20160120 110400;15.51;15.51;15.51;15.51;200
20160120 112200;15.59;15.59;15.57;15.59;400
20160120 112500;15.57;15.57;15.57;15.57;200
20160120 112600;15.59;15.59;15.59;15.59;100
20160120 112900;15.57;15.57;15.57;15.57;100
20160120 113700;15.55;15.55;15.55;15.55;400
20160120 113800;15.545;15.545;15.545;15.545;500
20160120 114500;15.5;15.5;15.5;15.5;500
20160120 115100;15.49;15.52;15.49;15.52;700
20160120 115300;15.485;15.52;15.4683;15.52;3688
20160120 115500;15.51;15.51;15.51;15.51;100
20160120 120100;15.51;15.51;15.51;15.51;100
20160120 120700;15.49;15.49;15.49;15.49;200
20160120 120800;15.49;15.5;15.48;15.5;400
20160120 120900;15.49;15.53;15.49;15.53;800
20160120 121000;15.53;15.54;15.53;15.54;200
20160120 121400;15.54;15.54;15.54;15.54;100
20160120 122000;15.51;15.51;15.51;15.51;200
20160120 122200;15.5;15.5;15.5;15.5;200
20160120 122400;15.49;15.49;15.49;15.49;300
20160120 123200;15.5;15.5;15.5;15.5;1100
20160120 123300;15.51;15.51;15.51;15.51;200
20160120 123400;15.51;15.51;15.51;15.51;200
20160120 124600;15.54;15.54;15.54;15.54;100
20160120 125300;15.51;15.55;15.5;15.55;1200
20160120 125600;15.55;15.55;15.55;15.55;1300
20160120 125700;15.57;15.57;15.57;15.57;300
20160120 125800;15.58;15.58;15.57;15.57;200
20160120 130000;15.57;15.59;15.57;15.59;900
20160120 130100;15.58;15.58;15.58;15.58;200
20160120 130300;15.585;15.585;15.585;15.585;200
20160120 131200;15.58;15.58;15.58;15.58;300
20160120 131600;15.58;15.58;15.58;15.58;100
20160120 133000;15.58;15.58;15.58;15.58;100
20160120 133100;15.59;15.6;15.59;15.6;700
20160120 133500;15.6;15.65;15.6;15.65;1400
20160120 133700;15.64;15.64;15.64;15.64;100
20160120 133900;15.64;15.64;15.64;15.64;100
20160120 134000;15.64;15.69;15.64;15.69;2365
20160120 134100;15.69;15.69;15.68;15.69;1100
20160120 134200;15.7;15.7;15.7;15.7;100
20160120 134300;15.72;15.72;15.67;15.67;400
20160120 134400;15.66;15.66;15.66;15.66;100
20160120 135300;15.66;15.66;15.66;15.66;100
20160120 135400;15.66;15.66;15.66;15.66;200
20160120 135500;15.61;15.61;15.61;15.61;100
20160120 140100;15.65;15.65;15.65;15.65;300
20160120 140300;15.58;15.58;15.58;15.58;100
20160120 141000;15.582;15.582;15.582;15.582;2000
20160120 141100;15.62;15.62;15.59;15.605;1700
20160120 141200;15.605;15.605;15.605;15.605;200
20160120 141300;15.61;15.61;15.58;15.58;400
20160120 141500;15.54;15.54;15.54;15.54;100
20160120 143200;15.6;15.6;15.6;15.6;100
20160120 144600;15.585;15.59;15.585;15.59;300
20160120 144700;15.585;15.69;15.585;15.67;800
20160120 144900;15.63;15.63;15.63;15.63;100
20160120 145000;15.61;15.665;15.61;15.665;800
20160120 145100;15.65;15.65;15.62;15.62;300
20160120 145300;15.65;15.65;15.65;15.65;100
20160120 150500;15.65;15.65;15.65;15.65;200
20160120 150900;15.7;15.7;15.7;15.7;503
20160120 151400;15.82;15.82;15.82;15.82;100
20160120 151700;15.89;15.89;15.89;15.89;100
20160120 152000;15.85;15.85;15.85;15.85;100
20160120 152200;15.88;15.88;15.88;15.88;100
20160120 152300;15.97;15.97;15.89;15.89;491
20160120 152400;15.77;15.77;15.77;15.77;100
20160120 152500;15.78;15.78;15.77;15.77;200
20160120 152600;15.76;15.79;15.76;15.76;400
20160120 152800;15.7;15.7;15.7;15.7;200
20160120 152900;15.68;15.71;15.68;15.71;900
20160120 153000;15.71;15.71;15.71;15.71;100
20160120 153100;15.66;15.66;15.66;15.66;100
20160120 153200;15.59;15.6595;15.59;15.6595;300
20160120 153300;15.56;15.57;15.56;15.57;200
20160120 153400;15.58;15.58;15.58;15.58;100
20160120 153500;15.55;15.55;15.55;15.55;100
20160120 153600;15.59;15.69;15.57;15.62;1596
20160120 153700;15.66;15.66;15.65;15.65;400
20160120 153800;15.64;15.69;15.62;15.65;700
20160120 153900;15.65;15.65;15.65;15.65;100
20160120 154000;15.65;15.66;15.65;15.66;400
20160120 154100;15.62;15.62;15.62;15.62;200
20160120 154200;15.56;15.59;15.56;15.56;300
20160120 154300;15.58;15.58;15.58;15.58;500
20160120 154400;15.58;15.69;15.58;15.69;800
20160120 154600;15.55;15.63;15.55;15.62;700
20160120 154700;15.61;15.61;15.6;15.61;600
20160120 154900;15.575;15.575;15.575;15.575;200
20160120 155000;15.565;15.58;15.55;15.565;1500
20160120 155100;15.57;15.69;15.57;15.69;500
20160120 155200;15.62;15.69;15.61;15.69;400
20160120 155300;15.6;15.6;15.6;15.6;200
20160120 155400;15.59;15.62;15.59;15.62;700
20160120 155500;15.595;15.595;15.595;15.595;100
20160120 155600;15.61;15.61;15.56;15.56;500
20160120 155700;15.575;15.575;15.53;15.57;1000
20160120 155800;15.57;15.655;15.57;15.655;1735
20160120 155900;15.63;15.63;15.52;15.57;1513
20160120 160000;15.58;15.62;15.5;15.57;3400
20160121 093100;15.7;15.7;15.7;15.7;100
20160121 093600;15.7;15.7;15.7;15.7;100
20160121 094100;15.63;15.63;15.63;15.63;100
20160121 094500;15.57;15.57;15.57;15.57;200
20160121 095200;15.53;15.53;15.51;15.51;200
20160121 095300;15.56;15.65;15.56;15.65;700
20160121 095400;15.65;15.66;15.65;15.65;400
20160121 095500;15.63;15.63;15.63;15.63;100
20160121 100100;15.63;15.63;15.62;15.62;300
20160121 100200;15.63;15.63;15.62;15.63;1100
20160121 100500;15.66;15.66;15.66;15.66;100
20160121 102300;15.69;15.69;15.69;15.69;100
20160121 102700;15.68;15.7;15.68;15.7;200
20160121 103000;15.73;15.74;15.73;15.74;200
20160121 103100;15.78;15.78;15.78;15.78;100
20160121 103300;15.73;15.73;15.73;15.73;100
20160121 103600;15.82;15.82;15.82;15.82;100
20160121 103700;15.78;15.78;15.78;15.78;100
20160121 103900;15.7;15.73;15.7;15.73;1000
20160121 104300;15.74;15.74;15.74;15.74;100
20160121 105000;15.76;15.76;15.76;15.76;200
20160121 105100;15.77;15.77;15.77;15.77;100
20160121 105600;15.76;15.76;15.735;15.735;400
20160121 105700;15.735;15.735;15.71;15.71;300
20160121 105800;15.73;15.73;15.73;15.73;200
20160121 110200;15.7;15.72;15.7;15.72;1500
20160121 110300;15.71;15.71;15.71;15.71;100
20160121 110500;15.75;15.75;15.705;15.735;500
20160121 110800;15.7;15.7;15.7;15.7;100
20160121 110900;15.7;15.73;15.69;15.73;4900
20160121 111000;15.76;15.77;15.76;15.77;300
20160121 111500;15.84;15.84;15.84;15.84;100
20160121 111900;15.84;15.85;15.83;15.83;300
20160121 112400;15.86;15.86;15.86;15.86;100
20160121 112600;15.82;15.82;15.82;15.82;200
20160121 113300;15.87;15.87;15.87;15.87;100
20160121 114300;15.86;15.86;15.86;15.86;200
20160121 114400;15.8;15.8;15.8;15.8;400
20160121 114500;15.81;15.81;15.81;15.81;400
20160121 114600;15.8;15.8;15.8;15.8;100
20160121 115000;15.81;15.81;15.81;15.81;100
20160121 115100;15.86;15.86;15.86;15.86;300
20160121 120100;15.87;15.87;15.87;15.87;300
20160121 121000;15.88;15.89;15.8701;15.8701;1865
20160121 121200;15.87;15.87;15.87;15.87;200
20160121 122300;15.85;15.85;15.85;15.85;100
20160121 122400;15.84;15.84;15.8;15.8;700
20160121 122900;15.78;15.78;15.78;15.78;100
20160121 124200;15.86;15.86;15.86;15.86;700
20160121 124500;15.89;15.89;15.89;15.89;300
20160121 124800;15.84;15.84;15.84;15.84;100
20160121 125300;15.85;15.86;15.85;15.86;300
20160121 125500;15.87;15.87;15.87;15.87;100
20160121 130600;15.865;15.865;15.865;15.865;100
20160121 131200;15.85;15.85;15.85;15.85;100
20160121 131300;15.865;15.865;15.85;15.85;200
20160121 132100;15.83;15.83;15.75;15.75;1300
20160121 132500;15.75;15.75;15.75;15.75;200
20160121 132600;15.74;15.74;15.74;15.74;200
20160121 132700;15.72;15.72;15.72;15.72;100
20160121 132800;15.73;15.795;15.72;15.72;700
20160121 132900;15.7;15.7;15.7;15.7;100
20160121 133000;15.7;15.7;15.67;15.67;300
20160121 133100;15.76;15.76;15.76;15.76;200
20160121 133400;15.73;15.73;15.73;15.73;100
20160121 133700;15.72;15.805;15.72;15.805;300
20160121 134200;15.76;15.76;15.76;15.76;400
20160121 134300;15.85;15.85;15.85;15.85;400
20160121 134400;15.85;15.85;15.77;15.77;600
20160121 134500;15.77;15.77;15.77;15.77;100
20160121 135800;15.74;15.7692;15.74;15.74;600
20160121 135900;15.73;15.75;15.73;15.75;300
20160121 140000;15.81;15.81;15.81;15.81;100
20160121 140100;15.79;15.795;15.7;15.7;1800
20160121 140200;15.68;15.68;15.68;15.68;100
20160121 140300;15.69;15.77;15.685;15.77;700
20160121 140600;15.82;15.82;15.82;15.82;100
20160121 140700;15.77;15.77;15.77;15.77;200
20160121 140800;15.68;15.74;15.68;15.74;800
20160121 141100;15.685;15.685;15.685;15.685;200
20160121 141200;15.685;15.74;15.685;15.74;700
20160121 141400;15.73;15.73;15.73;15.73;100
20160121 141500;15.675;15.675;15.675;15.675;200
20160121 141600;15.67;15.71;15.61;15.7;3400
20160121 141700;15.69;15.7;15.69;15.7;400
20160121 142000;15.8;15.8;15.8;15.8;100
20160121 142300;15.845;15.845;15.845;15.845;200
20160121 142600;15.83;15.83;15.83;15.83;100
20160121 142900;15.84;15.84;15.84;15.84;100
20160121 143000;15.81;15.81;15.81;15.81;100
20160121 143100;15.78;15.8;15.78;15.8;500
20160121 143200;15.8;15.8;15.79;15.79;200
20160121 143300;15.79;15.79;15.785;15.785;400
20160121 143400;15.785;15.785;15.77;15.77;600
20160121 143600;15.75;15.75;15.75;15.75;500
20160121 143700;15.77;15.81;15.77;15.81;300
20160121 144600;15.85;15.85;15.83;15.83;400
20160121 144700;15.83;15.83;15.83;15.83;200
20160121 145200;15.82;15.82;15.82;15.82;400
20160121 145300;15.82;15.82;15.82;15.82;500
20160121 145400;15.81;15.81;15.81;15.81;200
20160121 145500;15.81;15.81;15.81;15.81;100
20160121 145700;15.85;15.85;15.85;15.85;100
20160121 145800;15.89;15.89;15.89;15.89;100
20160121 150300;15.85;15.85;15.85;15.85;200
20160121 150400;15.85;15.85;15.85;15.85;200
20160121 150700;15.86;15.86;15.86;15.86;100
20160121 151100;15.88;15.88;15.87;15.87;200
20160121 151500;15.87;15.87;15.87;15.87;100
20160121 152200;15.87;15.87;15.87;15.87;300
20160121 152300;15.89;15.89;15.89;15.89;100
20160121 153200;15.89;15.89;15.89;15.89;200
20160121 153300;15.9;15.9;15.9;15.9;100
20160121 153500;15.9;15.9;15.9;15.9;100
20160121 153600;15.9;15.9;15.9;15.9;1100
20160121 154100;15.9;15.9;15.9;15.9;100
20160121 154600;15.9;15.9;15.9;15.9;100
20160121 154800;15.9;15.9;15.88;15.88;500
20160121 155100;15.9;15.9;15.9;15.9;100
20160121 155500;15.9;15.9;15.9;15.9;100
20160121 155600;15.88;15.88;15.88;15.88;100
20160121 155800;15.89;15.89;15.89;15.89;300
20160121 155900;15.89;15.89;15.87;15.89;1099
20160121 160000;15.89;15.89;15.84;15.84;1412
20160122 093300;16;16;16;16;100
20160122 093400;16.05;16.05;16.05;16.05;5400
20160122 093600;16.01;16.01;16;16;500
20160122 093900;16.01;16.01;16;16;1200
20160122 094000;16;16;16;16;100
20160122 094300;16.04;16.04;16.02;16.02;300
20160122 094700;16.01;16.01;16.01;16.01;600
20160122 094800;16.01;16.01;16;16;3300
20160122 094900;16.005;16.005;16;16;500
20160122 095000;16;16.005;16;16.005;600
20160122 095100;16.01;16.02;16.005;16.01;1900
20160122 095200;16.01;16.03;16.01;16.03;400
20160122 095300;16.04;16.05;16.04;16.05;300
20160122 095400;16.05;16.08;16.01;16.0495;8373
20160122 095500;16.025;16.04;16.025;16.025;500
20160122 095600;16.07;16.09;16.03;16.03;3400
20160122 095800;16.07;16.07;16.04;16.04;300
20160122 095900;16.01;16.01;16;16;400
20160122 100200;16.0172;16.0172;16.0172;16.0172;300
20160122 100300;16;16.04;16;16.04;300
20160122 100600;16.04;16.04;16.02;16.03;700
20160122 100700;16.06;16.06;16.06;16.06;100
20160122 101400;16.06;16.06;16.03;16.03;600
20160122 101500;16.05;16.05;16.05;16.05;300
20160122 101800;16.05;16.05;16.025;16.03;600
20160122 102200;16;16;16;16;200
20160122 102800;16.05;16.05;15.99;16;14570
20160122 102900;16;16;15.96;15.9615;2400
20160122 103000;16;16.01;16;16.01;1900
20160122 103100;16.01;16.01;16;16.01;500
20160122 103200;16.01;16.02;16.01;16.02;400
20160122 103300;16.02;16.02;16;16;200
20160122 103600;16.02;16.02;16.02;16.02;300
20160122 103800;16.06;16.06;16.04;16.04;200
20160122 103900;16.04;16.05;16.04;16.05;800
20160122 104300;16.016;16.016;16;16;225
20160122 104500;16.03;16.03;16.03;16.03;100
20160122 104800;16.03;16.03;16.03;16.03;100
20160122 104900;16.03;16.03;16.03;16.03;100
20160122 105300;16.03;16.03;16.03;16.03;200
20160122 105500;16;16;16;16;200
20160122 105600;16.03;16.03;15.97;15.98;4400
20160122 105700;16;16;15.9771;15.99;500
20160122 105900;15.99;15.99;15.99;15.99;100
20160122 110200;15.97;15.97;15.97;15.97;200
20160122 110600;15.97;15.97;15.95;15.95;500
20160122 111300;15.98;15.98;15.95;15.95;600
20160122 111400;15.98;15.99;15.98;15.99;700
20160122 111600;15.9799;15.98;15.9799;15.98;702
20160122 111700;15.98;15.99;15.98;15.99;200
20160122 111800;15.99;15.99;15.98;15.99;500
20160122 112100;16;16;16;16;8100
20160122 112200;16;16;15.98;16;4800
20160122 112300;16.03;16.03;16;16;300
20160122 112500;16.005;16.02;15.99;16;4900
20160122 112600;16;16.0398;16;16.0398;3000
20160122 112700;16.025;16.06;16.025;16.025;3100
20160122 112800;16.04;16.04;15.93;15.96;9600
20160122 112900;16;16;15.96;16;2200
20160122 113000;15.97;15.97;15.97;15.97;100
20160122 113200;15.99;15.99;15.99;15.99;100
20160122 113300;15.99;16;15.965;15.965;300
20160122 113400;15.99;15.99;15.98;15.98;1900
20160122 113500;15.98;16;15.97;16;7510
20160122 113600;16.01;16.02;16.01;16.01;3200
20160122 113800;16;16;16;16;200
20160122 114100;16.01;16.01;16;16;300
20160122 114200;16.01;16.01;16;16;200
20160122 114300;16.01;16.01;16.01;16.01;100
20160122 114400;16.01;16.01;16.01;16.01;200
20160122 114500;16;16.01;16;16.01;200
20160122 114600;16;16;16;16;3100
20160122 114700;16;16.01;16;16.005;1400
20160122 114800;16;16;16;16;200
20160122 114900;16;16;15.995;15.995;600
20160122 115000;15.99;15.99;15.96;15.96;500
20160122 115100;16;16;16;16;500
20160122 115200;16;16;16;16;200
20160122 115500;16.04;16.04;16.04;16.04;100
20160122 115600;16.035;16.06;16;16.06;9380
20160122 115700;16.01;16.06;16.01;16.035;600
20160122 115900;16.03;16.03;16.01;16.01;700
20160122 120200;16.0099;16.01;16.005;16.01;4700
20160122 120300;16.025;16.055;16.01;16.055;10100
20160122 120400;16.05;16.05;16.05;16.05;1500
20160122 120700;16.05;16.06;16.04;16.06;5400
20160122 120800;16.06;16.06;16.025;16.04;5800
20160122 120900;16.025;16.025;16.025;16.025;100
20160122 121200;16.025;16.025;16.01;16.01;500
20160122 121300;16.04;16.04;16.02;16.02;200
20160122 121400;16.04;16.04;16.04;16.04;100
20160122 121700;16.025;16.04;16.025;16.04;300
20160122 121800;16.06;16.06;16.05;16.05;300
20160122 122000;16.09;16.09;16.09;16.09;100
20160122 122100;16.1;16.1;16.08;16.08;200
20160122 122200;16.09;16.09;16.09;16.09;100
20160122 122300;16.075;16.1;16.05;16.08;6400
20160122 122400;16.08;16.08;16;16;6400
20160122 122500;15.95;15.95;15.95;15.95;100
20160122 122600;15.98;15.98;15.98;15.98;400
20160122 122900;16;16;16;16;100
20160122 123000;15.98;15.99;15.98;15.99;400
20160122 123100;15.98;15.98;15.98;15.98;100
20160122 123400;15.98;15.98;15.98;15.98;100
20160122 123800;15.98;15.98;15.98;15.98;100
20160122 123900;15.98;15.98;15.98;15.98;100
20160122 124000;15.98;16;15.96;15.97;1800
20160122 124300;16;16;16;16;100
20160122 124400;15.99;15.99;15.99;15.99;100
20160122 124800;16;16;16;16;100
20160122 125000;15.99;15.99;15.99;15.99;200
20160122 125100;16;16;16;16;2200
20160122 125300;16;16;16;16;100
20160122 125700;16;16;16;16;100
20160122 125800;16;16.01;16;16;1900
20160122 125900;16.01;16.03;16.01;16.02;400
20160122 130000;16.01;16.01;16.01;16.01;200
20160122 130300;16.02;16.02;16.01;16.01;600
20160122 130400;16;16;15.98;15.98;900
20160122 130500;15.96;15.96;15.96;15.96;100
20160122 130700;15.97;16;15.97;16;900
20160122 130900;16.02;16.05;16.02;16.05;400
20160122 131100;16.09;16.09;16.09;16.09;100
20160122 131400;16.09;16.1;16.08;16.08;1400
20160122 131500;16.08;16.08;16.055;16.06;1200
20160122 131800;16.06;16.06;16.055;16.06;800
20160122 131900;16.055;16.055;16.03;16.03;4500
20160122 132000;16.01;16.02;16.005;16.005;1100
20160122 132100;16.02;16.02;15.99;16;2000
20160122 132200;16.01;16.01;16;16;200
20160122 132300;16;16;15.9875;15.99;1300
20160122 132400;15.985;15.99;15.97;15.99;800
20160122 133200;15.95;15.95;15.95;15.95;500
20160122 133600;15.96;16;15.96;16;1100
20160122 134300;16;16;16;16;100
20160122 134400;16;16;16;16;1500
20160122 134500;16;16.04;16;16.01;900
20160122 134700;16.04;16.04;16.04;16.04;100
20160122 134800;16.04;16.04;16.04;16.04;100
20160122 135300;16.04;16.04;16.04;16.04;600
20160122 135400;16.01;16.01;16;16.01;500
20160122 135600;16.04;16.04;16.04;16.04;500
20160122 135700;16.04;16.04;16.04;16.04;2200
20160122 135800;16.04;16.04;16.04;16.04;400
20160122 135900;16.05;16.05;16.05;16.05;100
20160122 140000;16.05;16.08;16.05;16.06;2200
20160122 140200;16.04;16.04;16.04;16.04;200
20160122 140300;16.05;16.05;16.05;16.05;100
20160122 140500;16.02;16.02;16.02;16.02;300
20160122 140600;16;16;15.995;16;1200
20160122 140800;16;16;16;16;500
20160122 141200;15.98;15.98;15.98;15.98;300
20160122 141400;15.99;15.99;15.99;15.99;100
20160122 141500;15.99;15.99;15.975;15.975;200
20160122 141600;15.975;16.08;15.975;16.08;2500
20160122 142400;16.09;16.09;16.09;16.09;100
20160122 142600;16.095;16.095;16.08;16.08;450
20160122 142700;16.07;16.07;16.06;16.06;600
20160122 142800;16.07;16.07;16.06;16.065;800
20160122 143100;16.065;16.065;16.02;16.02;4442
20160122 143200;16.01;16.03;16.01;16.03;900
20160122 143300;16.02;16.02;16.01;16.02;600
20160122 143400;16.01;16.01;16.01;16.01;400
20160122 143800;16.04;16.04;16.04;16.04;100
20160122 144300;16.04;16.04;16.04;16.04;500
20160122 144400;16.04;16.04;16.04;16.04;100
20160122 144600;16.03;16.08;16.03;16.04;1700
20160122 144700;16.04;16.04;16.04;16.04;100
20160122 144800;16.07;16.07;16.07;16.07;100
20160122 144900;16.07;16.07;16.07;16.07;100
20160122 145000;16.05;16.05;16.05;16.05;100
20160122 145300;16.05;16.05;16.05;16.05;300
20160122 145400;16.08;16.085;16.08;16.08;1600
20160122 145500;16.05;16.05;16.035;16.05;900
20160122 145600;16.04;16.04;16.04;16.04;100
20160122 145800;16.04;16.04;16.04;16.04;300
20160122 150000;16.04;16.04;16.04;16.04;100
20160122 150100;16.04;16.04;16.04;16.04;200
20160122 150300;16.1;16.1;16.08;16.08;700
20160122 150500;16.05;16.08;16.05;16.06;1500
20160122 150600;16.08;16.08;16.08;16.08;600
20160122 150800;16.08;16.08;16.08;16.08;200
20160122 151300;16.08;16.08;16.08;16.08;100
20160122 151400;16.08;16.08;16.07;16.07;200
20160122 151500;16.07;16.07;16;16;7033
20160122 151700;16.005;16.005;16;16;300
20160122 151800;16.01;16.01;16;16;800
20160122 152000;16.005;16.005;16.005;16.005;300
20160122 152100;16;16;16;16;2000
20160122 152200;16;16;15.995;15.995;900
20160122 152300;15.98;15.99;15.97;15.97;800
20160122 152400;15.965;15.965;15.92;15.93;2530
20160122 152500;15.98;16.05;15.98;16.05;3100
20160122 152800;16.04;16.04;16.02;16.02;300
20160122 152900;16.02;16.02;16.01;16.02;1600
20160122 153000;16.05;16.05;16.04;16.04;1200
20160122 153100;16.04;16.04;16.02;16.02;588
20160122 153300;16.02;16.02;16.01;16.01;600
20160122 153400;16.01;16.02;16.005;16.02;1400
20160122 153500;16.03;16.05;16.02;16.02;2900
20160122 153600;16.015;16.04;16.005;16.04;2200
20160122 153700;16.03;16.04;16.02;16.04;3100
20160122 153800;16.02;16.08;16.015;16.065;7200
20160122 153900;16.065;16.065;16.05;16.05;400
20160122 154000;16.055;16.07;16.055;16.07;2295
20160122 154100;16.07;16.075;16.07;16.07;1200
20160122 154200;16.07;16.07;16.07;16.07;300
20160122 154400;16.07;16.07;16.06;16.06;300
20160122 154500;16.06;16.08;16.06;16.07;2200
20160122 154600;16.065;16.065;16.06;16.06;500
20160122 154700;16.06;16.06;16;16;4100
20160122 154800;16.015;16.03;16.015;16.015;1100
20160122 154900;16.02;16.065;16.02;16.04;6200
20160122 155000;16.035;16.035;16.02;16.02;2691
20160122 155100;16.08;16.08;16.04;16.04;200
20160122 155200;16.04;16.04;16.04;16.04;900
20160122 155300;16.04;16.05;16.03;16.05;10200
20160122 155400;16.0499;16.06;16;16.05;7933
20160122 155500;16.05;16.055;16.05;16.05;4867
20160122 155600;16.04;16.06;16.03;16.03;2166
20160122 155700;16.035;16.04;16.035;16.04;900
20160122 155800;16.035;16.04;16.03;16.03;2000
20160122 155900;16.03;16.08;16.01;16.035;1300
20160122 160000;16.01;16.03;15.99;16;5511
20160125 094000;16.07;16.07;16.07;16.07;200
20160125 094300;16.08;16.08;16.08;16.08;100
20160125 095100;16.01;16.02;16.01;16.01;600
20160125 095600;16.07;16.07;16.02;16.03;2600
20160125 095900;16.01;16.01;16.01;16.01;100
20160125 100300;16.06;16.0605;16.04;16.0605;1725
20160125 100400;16.05;16.05;16.05;16.05;100
20160125 101000;16.06;16.06;16.025;16.025;600
20160125 101200;16.02;16.02;15.995;15.995;1500
20160125 101300;15.98;15.98;15.955;15.98;300
20160125 101600;15.91;15.91;15.91;15.91;100
20160125 102000;15.91;15.91;15.91;15.91;100
20160125 102500;15.94;15.97;15.94;15.94;1500
20160125 103200;15.95;15.95;15.95;15.95;300
20160125 103500;15.95;15.95;15.95;15.95;100
20160125 103700;16;16;16;16;400
20160125 103900;15.99;16.015;15.99;16.015;900
20160125 104000;16.03;16.03;16.03;16.03;100
20160125 104100;16;16;16;16;100
20160125 104200;16;16;15.98;15.98;800
20160125 104300;15.98;15.98;15.97;15.97;310
20160125 104700;15.97;15.97;15.96;15.97;900
20160125 105200;15.98;15.98;15.97;15.97;300
20160125 105700;15.97;15.98;15.96;15.98;300
20160125 110000;15.99;15.99;15.99;15.99;100
20160125 110200;16;16;16;16;200
20160125 110400;16;16;16;16;200
20160125 110700;16;16;16;16;200
20160125 111200;16;16;16;16;200
20160125 111600;16;16;16;16;500
20160125 111700;15.99;16;15.99;16;200
20160125 111900;15.995;15.9999;15.99;15.9999;795
20160125 112200;15.99;15.99;15.99;15.99;300
20160125 112300;15.98;15.98;15.95;15.95;1200
20160125 112500;15.94;15.97;15.94;15.97;1100
20160125 112900;15.96;15.96;15.96;15.96;100
20160125 113700;15.96;15.96;15.96;15.96;100
20160125 114200;15.98;15.98;15.98;15.98;100
20160125 114700;15.97;15.97;15.97;15.97;200
20160125 114900;15.98;15.98;15.94;15.94;300
20160125 115000;15.99;15.99;15.99;15.99;380
20160125 115200;15.98;15.98;15.98;15.98;100
20160125 115600;15.98;15.98;15.98;15.98;100
20160125 115700;16;16;15.995;15.995;3400
20160125 115800;16;16;16;16;300
20160125 115900;16;16;16;16;100
20160125 120000;15.99;15.99;15.99;15.99;500
20160125 120100;15.98;15.98;15.98;15.98;300
20160125 120300;15.98;15.98;15.98;15.98;200
20160125 120500;15.98;15.98;15.98;15.98;300
20160125 120700;16;16;16;16;100
20160125 120800;16;16;16;16;500
20160125 120900;16;16;16;16;200
20160125 121000;16;16;16;16;200
20160125 121100;16;16;16;16;200
20160125 121200;16;16;16;16;100
20160125 121500;15.99;15.995;15.98;15.99;1700
20160125 121700;15.97;15.98;15.965;15.965;900
20160125 122100;15.95;15.95;15.95;15.95;100
20160125 122700;15.98;15.98;15.95;15.95;700
20160125 122800;15.98;15.98;15.965;15.97;670
20160125 122900;15.96;15.9699;15.95;15.9699;400
20160125 123200;15.96;15.99;15.95;15.99;400
20160125 123600;15.99;16;15.99;16;500
20160125 123700;16;16;16;16;100
20160125 124200;16;16;16;16;100
20160125 124500;16;16;16;16;100
20160125 124700;15.97;16;15.97;16;200
20160125 125200;15.985;15.985;15.985;15.985;500
20160125 125300;15.985;15.985;15.985;15.985;200
20160125 125500;15.99;15.99;15.99;15.99;500
20160125 125600;15.99;15.99;15.97;15.97;900
20160125 125800;15.98;15.98;15.98;15.98;200
20160125 125900;15.97;15.97;15.97;15.97;100
20160125 130000;15.98;15.98;15.98;15.98;400
20160125 130400;16;16;16;16;100
20160125 130700;16;16;16;16;100
20160125 131100;15.985;15.985;15.985;15.985;200
20160125 131200;16;16;16;16;100
20160125 131300;15.975;15.975;15.97;15.97;900
20160125 131400;15.96;15.96;15.96;15.96;100
20160125 131700;15.98;15.98;15.98;15.98;100
20160125 131900;15.97;15.97;15.97;15.97;100
20160125 132200;15.99;15.99;15.99;15.99;100
20160125 132500;15.96;15.96;15.96;15.96;500
20160125 132800;15.96;15.96;15.96;15.96;200
20160125 133000;15.9598;15.96;15.955;15.96;500
20160125 133400;15.965;15.965;15.95;15.95;1700
20160125 133500;15.94;15.94;15.94;15.94;300
20160125 133900;15.92;15.92;15.9005;15.92;800
20160125 134000;15.91;15.91;15.91;15.91;100
20160125 134200;15.92;15.92;15.92;15.92;100
20160125 134300;15.92;15.92;15.92;15.92;1100
20160125 134700;15.95;15.95;15.95;15.95;100
20160125 134900;15.91;15.91;15.91;15.91;100
20160125 135000;15.92;15.92;15.92;15.92;300
20160125 135100;15.9;15.9;15.87;15.87;1100
20160125 135400;15.8;15.8;15.8;15.8;300
20160125 135500;15.8;15.8;15.8;15.8;200
20160125 135700;15.8;15.8;15.8;15.8;100
20160125 140200;15.81;15.81;15.78;15.78;400
20160125 140700;15.8;15.9;15.8;15.9;200
20160125 140800;15.82;15.82;15.82;15.82;100
20160125 140900;15.83;15.83;15.83;15.83;100
20160125 141200;15.93;15.93;15.93;15.93;100
20160125 141500;15.85;15.85;15.845;15.85;600
20160125 141700;15.86;15.86;15.86;15.86;100
20160125 142200;15.85;15.85;15.85;15.85;200
20160125 142400;15.76;15.805;15.76;15.805;200
20160125 142600;15.83;15.83;15.83;15.83;100
20160125 142700;15.85;15.85;15.805;15.815;300
20160125 142800;15.84;15.84;15.84;15.84;100
20160125 143200;15.84;15.84;15.815;15.83;400
20160125 143700;15.83;15.83;15.83;15.83;200
20160125 144200;15.82;15.82;15.8;15.8;200
20160125 144500;15.81;15.815;15.79;15.79;1500
20160125 144700;15.82;15.82;15.82;15.82;100
20160125 145100;15.75;15.76;15.75;15.76;200
20160125 145200;15.82;15.82;15.82;15.82;100
20160125 145600;15.82;15.82;15.82;15.82;500
20160125 145700;15.93;15.93;15.9;15.9;300
20160125 150000;15.91;15.91;15.91;15.91;200
20160125 150100;15.97;15.97;15.97;15.97;100
20160125 150200;15.99;15.99;15.99;15.99;100
20160125 150400;15.89;15.89;15.89;15.89;100
20160125 150600;15.94;15.94;15.94;15.94;100
20160125 150700;15.94;15.94;15.94;15.94;200
20160125 150800;15.94;15.94;15.9;15.9;500
20160125 150900;15.9;15.9;15.9;15.9;100
20160125 151200;15.93;15.93;15.93;15.93;100
20160125 151300;15.915;15.915;15.915;15.915;600
20160125 151400;15.9;15.9;15.87;15.89;900
20160125 151800;15.87;15.87;15.78;15.78;600
20160125 151900;15.81;15.81;15.81;15.81;100
20160125 152000;15.81;15.81;15.81;15.81;200
20160125 152300;15.77;15.77;15.77;15.77;100
20160125 152700;15.77;15.84;15.77;15.805;600
20160125 153100;15.84;15.84;15.84;15.84;500
20160125 153200;15.97;15.97;15.97;15.97;200
20160125 153300;15.88;15.88;15.88;15.88;100
20160125 153400;15.88;15.88;15.88;15.88;100
20160125 153600;15.89;15.89;15.88;15.89;400
20160125 153700;15.9;15.9;15.9;15.9;200
20160125 153800;15.9;15.97;15.9;15.97;200
20160125 153900;15.91;15.94;15.91;15.94;500
20160125 154000;15.94;15.94;15.9;15.91;900
20160125 154100;15.89;15.89;15.84;15.85;600
20160125 154200;15.85;15.85;15.85;15.85;200
20160125 154400;15.84;15.84;15.84;15.84;200
20160125 154500;15.92;15.99;15.92;15.99;300
20160125 154600;15.97;15.97;15.97;15.97;100
20160125 154800;15.97;15.97;15.9;15.91;400
20160125 155000;15.92;15.925;15.91;15.91;599
20160125 155100;15.9;15.9;15.77;15.84;2300
20160125 155200;15.85;15.85;15.85;15.85;200
20160125 155300;15.87;15.87;15.87;15.87;200
20160125 155500;15.81;15.81;15.81;15.81;100
20160125 155600;15.86;15.92;15.83;15.84;1950
20160125 155700;15.85;15.86;15.835;15.835;700
20160125 155800;15.83;15.86;15.76;15.76;400
20160125 155900;15.8;15.88;15.8;15.84;700
20160125 160000;15.84;15.99;15.83;15.83;2048
20160126 093600;15.98;15.98;15.98;15.98;100
20160126 094300;15.81;15.81;15.81;15.81;100
20160126 094900;15.8;15.82;15.8;15.8;2600
20160126 095500;15.8;15.8;15.8;15.8;390
20160126 095600;15.81;15.82;15.8;15.82;500
20160126 095800;15.76;15.76;15.76;15.76;100
20160126 095900;15.75;15.75;15.6;15.6;1200
20160126 100000;15.63;15.63;15.63;15.63;100
20160126 100300;15.67;15.67;15.67;15.67;100
20160126 100400;15.64;15.64;15.64;15.64;100
20160126 100500;15.635;15.6398;15.61;15.61;300
20160126 102600;15.68;15.69;15.68;15.69;300
20160126 103100;15.69;15.69;15.69;15.69;100
20160126 103600;15.7;15.7;15.7;15.7;100
20160126 103800;15.7;15.7;15.7;15.7;300
20160126 104300;15.7;15.7;15.7;15.7;300
20160126 104400;15.7;15.7;15.7;15.7;200
20160126 104700;15.66;15.66;15.64;15.64;300
20160126 105100;15.67;15.67;15.67;15.67;300
20160126 105300;15.63;15.63;15.63;15.63;100
20160126 105900;15.63;15.63;15.63;15.63;100
20160126 110700;15.7099;15.7099;15.7099;15.7099;216
20160126 111200;15.72;15.72;15.72;15.72;100
20160126 111400;15.69;15.69;15.69;15.69;100
20160126 112600;15.74;15.74;15.74;15.74;100
20160126 112700;15.69;15.69;15.69;15.69;200
20160126 113500;15.68;15.68;15.68;15.68;100
20160126 113700;15.69;15.69;15.69;15.69;100
20160126 113800;15.7;15.7;15.7;15.7;100
20160126 113900;15.7;15.7;15.66;15.66;300
20160126 114000;15.65;15.68;15.65;15.65;600
20160126 114100;15.7;15.7;15.7;15.7;100
20160126 115100;15.7;15.75;15.7;15.75;200
20160126 115300;15.7;15.7;15.7;15.7;200
20160126 120100;15.7;15.7;15.7;15.7;100
20160126 120900;15.7;15.7;15.7;15.7;400
20160126 121000;15.7;15.7;15.7;15.7;200
20160126 121700;15.7;15.7;15.7;15.7;100
20160126 122100;15.7;15.7;15.7;15.7;100
20160126 124500;15.7;15.7;15.69;15.7;700
20160126 125200;15.67;15.67;15.67;15.67;100
20160126 130400;15.7;15.7;15.7;15.7;100
20160126 130600;15.7;15.7;15.7;15.7;100
20160126 131600;15.7;15.7;15.7;15.7;100
20160126 131800;15.7;15.74;15.7;15.74;500
20160126 134900;15.7;15.7;15.7;15.7;500
20160126 135700;15.7;15.7;15.7;15.7;200
20160126 140400;15.68;15.7;15.68;15.7;700
20160126 140500;15.7;15.7;15.68;15.68;700
20160126 140600;15.67;15.67;15.66;15.66;200
20160126 141800;15.69;15.69;15.69;15.69;300
20160126 142800;15.66;15.66;15.66;15.66;400
20160126 142900;15.65;15.65;15.65;15.65;200
20160126 143500;15.63;15.63;15.63;15.63;100
20160126 145100;15.66;15.66;15.66;15.66;520
20160126 150200;15.68;15.68;15.68;15.68;100
20160126 150300;15.63;15.63;15.63;15.63;100
20160126 151100;15.64;15.64;15.64;15.64;100
20160126 151300;15.67;15.67;15.67;15.67;100
20160126 152100;15.63;15.63;15.63;15.63;100
20160126 152400;15.56;15.56;15.56;15.56;100
20160126 153600;15.58;15.58;15.545;15.55;400
20160126 154200;15.57;15.57;15.55;15.55;300
20160126 154500;15.63;15.63;15.63;15.63;2800
20160126 154600;15.6;15.6;15.6;15.6;100
20160126 154800;15.62;15.62;15.62;15.62;100
20160126 154900;15.62;15.62;15.62;15.62;300
20160126 155000;15.62;15.62;15.61;15.61;500
20160126 155200;15.63;15.63;15.63;15.63;100
20160126 155300;15.61;15.61;15.61;15.61;600
20160126 155400;15.6;15.6;15.6;15.6;400
20160126 155600;15.54;15.54;15.54;15.54;100
20160126 155800;15.54;15.54;15.52;15.52;800
20160126 155900;15.6;15.6;15.59;15.59;400
20160126 160000;15.59;15.6;15.56;15.58;1200
20160127 095400;15.57;15.57;15.57;15.57;100
20160127 095900;15.571;15.571;15.56;15.56;400
20160127 100500;15.56;15.56;15.56;15.56;300
20160127 101900;15.46;15.46;15.46;15.46;200
20160127 104900;15.4731;15.52;15.4731;15.485;3000
20160127 105300;15.45;15.485;15.45;15.485;500
20160127 105900;15.5;15.5;15.5;15.5;400
20160127 110000;15.5;15.51;15.5;15.51;200
20160127 110200;15.51;15.51;15.51;15.51;200
20160127 110700;15.51;15.51;15.51;15.51;200
20160127 110800;15.51;15.51;15.51;15.51;100
20160127 111000;15.5499;15.5499;15.5499;15.5499;219
20160127 111100;15.54;15.54;15.54;15.54;100
20160127 111400;15.54;15.54;15.51;15.51;500
20160127 111500;15.51;15.53;15.51;15.52;300
20160127 111600;15.55;15.55;15.47;15.47;2000
20160127 111700;15.47;15.47;15.45;15.46;1200
20160127 111800;15.46;15.46;15.46;15.46;300
20160127 112000;15.44;15.44;15.44;15.44;200
20160127 112100;15.48;15.48;15.445;15.445;400
20160127 112500;15.54;15.54;15.54;15.54;100
20160127 112900;15.54;15.6;15.51;15.51;1000
20160127 113300;15.59;15.59;15.58;15.58;400
20160127 113400;15.59;15.59;15.59;15.59;100
20160127 113500;15.63;15.64;15.63;15.64;200
20160127 114400;15.71;15.71;15.71;15.71;100
20160127 114600;15.72;15.72;15.72;15.72;100
20160127 115400;15.62;15.62;15.62;15.62;200
20160127 115500;15.62;15.62;15.59;15.59;800
20160127 115800;15.55;15.55;15.55;15.55;200
20160127 115900;15.55;15.55;15.55;15.55;200
20160127 120500;15.535;15.535;15.535;15.535;200
20160127 120700;15.59;15.59;15.59;15.59;100
20160127 121400;15.59;15.59;15.555;15.555;500
20160127 121800;15.595;15.595;15.595;15.595;300
20160127 121900;15.58;15.58;15.58;15.58;100
20160127 122200;15.56;15.58;15.56;15.58;600
20160127 122300;15.59;15.61;15.59;15.6;500
20160127 122400;15.6;15.6;15.5801;15.5801;300
20160127 122500;15.56;15.595;15.5301;15.5301;400
20160127 123100;15.55;15.55;15.55;15.55;200
20160127 123400;15.5;15.5;15.5;15.5;1100
20160127 124000;15.5;15.5;15.5;15.5;700
20160127 124200;15.54;15.54;15.54;15.54;100
20160127 124400;15.62;15.62;15.62;15.62;100
20160127 124500;15.55;15.575;15.54;15.575;382
20160127 124600;15.54;15.575;15.54;15.575;600
20160127 124700;15.54;15.55;15.54;15.54;300
20160127 130000;15.58;15.58;15.54;15.54;200
20160127 130900;15.53;15.53;15.53;15.53;100
20160127 131000;15.53;15.53;15.53;15.53;200
20160127 131100;15.53;15.53;15.53;15.53;100
20160127 132200;15.51;15.51;15.51;15.51;200
20160127 132300;15.54;15.54;15.52;15.52;200
20160127 132600;15.535;15.535;15.535;15.535;200
20160127 133600;15.57;15.57;15.57;15.57;100
20160127 133700;15.56;15.57;15.56;15.57;200
20160127 134200;15.51;15.51;15.51;15.51;100
20160127 135100;15.52;15.52;15.52;15.52;300
20160127 140800;15.59;15.59;15.59;15.59;100
20160127 141000;15.51;15.51;15.51;15.51;200
20160127 141100;15.56;15.56;15.56;15.56;200
20160127 141200;15.51;15.51;15.51;15.51;200
20160127 142300;15.55;15.55;15.55;15.55;200
20160127 143100;15.57;15.57;15.57;15.57;100
20160127 143200;15.56;15.56;15.56;15.56;100
20160127 143600;15.57;15.57;15.57;15.57;200
20160127 143900;15.53;15.53;15.51;15.51;1306
20160127 144000;15.5;15.5;15.47;15.47;951
20160127 144100;15.47;15.47;15.47;15.47;100
20160127 144200;15.4;15.46;15.39;15.46;700
20160127 144800;15.45;15.45;15.45;15.45;100
20160127 144900;15.47;15.47;15.47;15.47;100
20160127 145200;15.45;15.45;15.45;15.45;100
20160127 145800;15.47;15.49;15.47;15.49;300
20160127 145900;15.45;15.465;15.45;15.45;300
20160127 150100;15.45;15.45;15.45;15.45;100
20160127 150200;15.45;15.465;15.45;15.465;400
20160127 150700;15.45;15.45;15.44;15.44;400
20160127 151500;15.41;15.41;15.41;15.41;100
20160127 151800;15.415;15.415;15.415;15.415;400
20160127 152800;15.5;15.5;15.4999;15.5;408
20160127 152900;15.5;15.51;15.5;15.51;300
20160127 153000;15.5;15.5;15.5;15.5;370
20160127 153100;15.5;15.5;15.49;15.49;400
20160127 153400;15.51;15.51;15.51;15.51;300
20160127 153500;15.58;15.58;15.58;15.58;100
20160127 153700;15.55;15.56;15.55;15.55;1200
20160127 154100;15.56;15.56;15.56;15.56;100
20160127 154300;15.53;15.53;15.53;15.53;300
20160127 154600;15.53;15.53;15.53;15.53;100
20160127 154700;15.56;15.56;15.56;15.56;100
20160127 154900;15.53;15.53;15.53;15.53;300
20160127 155000;15.53;15.56;15.5;15.56;397
20160127 155100;15.56;15.56;15.56;15.56;100
20160127 155200;15.56;15.56;15.555;15.555;200
20160127 155500;15.59;15.6;15.56;15.56;471
20160127 155600;15.53;15.53;15.53;15.53;100
20160127 155700;15.56;15.56;15.52;15.52;400
20160127 155800;15.57;15.57;15.57;15.57;100
20160127 155900;15.59;15.59;15.59;15.59;202
20160127 160000;15.71;15.71;15.71;15.71;270
20160128 093400;15.81;15.81;15.79;15.79;900
20160128 093500;15.78;15.79;15.66;15.67;400
20160128 093600;15.66;15.66;15.655;15.655;500
20160128 093800;15.68;15.68;15.68;15.68;100
20160128 094200;15.7;15.75;15.7;15.75;300
20160128 094300;15.84;15.86;15.7405;15.7405;1500
20160128 094400;15.82;15.83;15.64;15.64;1600
20160128 094500;15.68;15.7;15.65;15.7;600
20160128 094600;15.71;15.76;15.71;15.76;700
20160128 094800;15.8;15.81;15.8;15.81;500
20160128 095300;15.86;15.86;15.86;15.86;100
20160128 101000;15.78;15.78;15.78;15.78;100
20160128 101400;15.7;15.71;15.7;15.7;500
20160128 101500;15.82;15.82;15.82;15.82;100
20160128 102700;15.67;15.67;15.67;15.67;100
20160128 103000;15.64;15.64;15.64;15.64;100
20160128 103100;15.68;15.68;15.68;15.68;750
20160128 103200;15.73;15.8;15.73;15.8;800
20160128 103300;15.8;15.81;15.72;15.72;500
20160128 103800;15.77;15.77;15.7;15.74;500
20160128 104600;15.78;15.78;15.78;15.78;100
20160128 104800;15.7;15.7;15.7;15.7;200
20160128 105000;15.65;15.69;15.65;15.69;700
20160128 105100;15.69;15.69;15.69;15.69;300
20160128 105200;15.76;15.7601;15.76;15.7601;200
20160128 105600;15.72;15.72;15.72;15.72;100
20160128 105700;15.7;15.7;15.685;15.685;200
20160128 105800;15.71;15.71;15.71;15.71;100
20160128 110300;15.715;15.715;15.69;15.69;300
20160128 110400;15.68;15.68;15.68;15.68;200
20160128 110500;15.66;15.66;15.66;15.66;100
20160128 110900;15.65;15.67;15.63;15.63;513
20160128 111300;15.61;15.61;15.6;15.6;300
20160128 111500;15.625;15.625;15.625;15.625;100
20160128 111600;15.62;15.62;15.48;15.48;3000
20160128 111800;15.42;15.45;15.42;15.45;1700
20160128 111900;15.5;15.5;15.5;15.5;200
20160128 112000;15.5;15.58;15.5;15.5799;1486
20160128 112100;15.5799;15.5799;15.5;15.5799;2000
20160128 112200;15.52;15.58;15.52;15.57;3200
20160128 112300;15.6;15.66;15.6;15.66;300
20160128 112500;15.82;15.82;15.82;15.82;100
20160128 112900;15.78;15.78;15.78;15.78;100
20160128 113100;15.75;15.75;15.75;15.75;100
20160128 113200;15.78;15.78;15.72;15.76;400
20160128 113500;15.72;15.72;15.72;15.72;200
20160128 113700;15.69;15.69;15.69;15.69;300
20160128 113800;15.67;15.69;15.6105;15.6105;1200
20160128 114200;15.635;15.635;15.635;15.635;100
20160128 114300;15.67;15.67;15.67;15.67;200
20160128 114500;15.69;15.69;15.69;15.69;300
20160128 114800;15.665;15.665;15.665;15.665;100
20160128 114900;15.7;15.7;15.7;15.7;100
20160128 115600;15.64;15.685;15.64;15.685;300
20160128 120200;15.66;15.66;15.66;15.66;100
20160128 120800;15.65;15.65;15.65;15.65;100
20160128 121300;15.68;15.68;15.65;15.65;400
20160128 121500;15.65;15.65;15.63;15.63;200
20160128 121700;15.65;15.67;15.65;15.67;200
20160128 121800;15.63;15.63;15.63;15.63;200
20160128 122000;15.69;15.69;15.69;15.69;100
20160128 122100;15.68;15.68;15.68;15.68;100
20160128 122500;15.67;15.67;15.64;15.64;200
20160128 122600;15.64;15.64;15.62;15.62;400
20160128 123400;15.68;15.68;15.68;15.68;100
20160128 123700;15.68;15.68;15.68;15.68;100
20160128 123900;15.67;15.67;15.67;15.67;300
20160128 124100;15.635;15.635;15.635;15.635;200
20160128 124900;15.71;15.71;15.71;15.71;100
20160128 125300;15.7;15.7;15.7;15.7;100
20160128 125500;15.61;15.61;15.61;15.61;100
20160128 125600;15.65;15.7;15.65;15.7;200
20160128 125900;15.65;15.65;15.65;15.65;100
20160128 130200;15.63;15.63;15.61;15.61;200
20160128 130800;15.62;15.62;15.62;15.62;100
20160128 131200;15.64;15.64;15.62;15.62;200
20160128 131500;15.61;15.61;15.61;15.61;100
20160128 131600;15.64;15.64;15.61;15.61;300
20160128 132000;15.6;15.62;15.6;15.6;2600
20160128 132100;15.6;15.6;15.595;15.6;900
20160128 132200;15.6;15.61;15.6;15.6;1300
20160128 132400;15.61;15.61;15.61;15.61;100
20160128 132700;15.61;15.62;15.61;15.61;700
20160128 132800;15.61;15.61;15.61;15.61;200
20160128 133000;15.62;15.62;15.61;15.62;400
20160128 133300;15.665;15.665;15.665;15.665;100
20160128 133800;15.645;15.645;15.645;15.645;100
20160128 133900;15.645;15.645;15.645;15.645;100
20160128 134000;15.64;15.64;15.64;15.64;351
20160128 134500;15.64;15.64;15.64;15.64;100
20160128 134600;15.64;15.64;15.64;15.64;100
20160128 135000;15.65;15.65;15.65;15.65;100
20160128 135600;15.69;15.7;15.69;15.7;200
20160128 140100;15.7;15.7;15.7;15.7;100
20160128 141000;15.7;15.7;15.7;15.7;400
20160128 141700;15.73;15.73;15.73;15.73;100
20160128 142100;15.7;15.7;15.7;15.7;100
20160128 142800;15.68;15.68;15.68;15.68;100
20160128 142900;15.65;15.65;15.65;15.65;100
20160128 143200;15.69;15.69;15.69;15.69;100
20160128 143900;15.66;15.66;15.66;15.66;100
20160128 144300;15.69;15.69;15.66;15.66;200
20160128 144400;15.68;15.68;15.655;15.655;200
20160128 144500;15.72;15.72;15.72;15.72;100
20160128 145100;15.66;15.66;15.63;15.63;300
20160128 150400;15.645;15.645;15.63;15.63;300
20160128 150600;15.66;15.66;15.66;15.66;100
20160128 151100;15.645;15.645;15.645;15.645;100
20160128 151200;15.66;15.66;15.66;15.66;100
20160128 151600;15.645;15.645;15.645;15.645;100
20160128 152300;15.645;15.66;15.645;15.66;200
20160128 152500;15.66;15.66;15.66;15.66;300
20160128 152900;15.645;15.645;15.645;15.645;100
20160128 153100;15.63;15.63;15.63;15.63;200
20160128 153500;15.63;15.65;15.61;15.615;2300
20160128 153600;15.63;15.63;15.61;15.61;300
20160128 154200;15.61;15.61;15.61;15.61;100
20160128 154300;15.6;15.61;15.585;15.61;2200
20160128 154500;15.6;15.6;15.6;15.6;350
20160128 154600;15.6;15.605;15.6;15.605;3577
20160128 154700;15.605;15.605;15.605;15.605;400
20160128 154800;15.6;15.6;15.565;15.59;500
20160128 154900;15.59;15.59;15.555;15.555;800
20160128 155000;15.52;15.52;15.52;15.52;150
20160128 155100;15.59;15.6;15.58;15.6;1000
20160128 155300;15.61;15.61;15.61;15.61;100
20160128 155600;15.67;15.67;15.62;15.62;200
20160128 155700;15.66;15.66;15.61;15.61;600
20160128 155800;15.61;15.61;15.61;15.61;200
20160128 155900;15.62;15.62;15.61;15.61;200
20160128 160000;15.61;15.61;15.27;15.27;2600
20160129 093500;15.83;15.86;15.495;15.78;800
20160129 094000;15.83;15.84;15.73;15.785;900
20160129 094100;15.78;15.78;15.78;15.78;100
20160129 094400;15.84;15.84;15.79;15.79;2000
20160129 094500;15.79;15.85;15.74;15.765;1750
20160129 094600;15.72;15.76;15.68;15.68;800
20160129 094700;15.74;15.745;15.66;15.705;900
20160129 094800;15.73;15.73;15.7;15.7;1000
20160129 094900;15.7;15.71;15.7;15.71;200
20160129 095000;15.78;15.79;15.78;15.79;600
20160129 095100;15.8;15.9;15.79;15.87;1600
20160129 095200;15.89;15.89;15.89;15.89;100
20160129 095300;15.92;15.92;15.92;15.92;400
20160129 095500;15.96;15.96;15.935;15.95;300
20160129 095700;16;16.18;15.985;16.18;1300
20160129 100000;16.19;16.3;16.19;16.3;200
20160129 100100;16.37;16.37;16.37;16.37;100
20160129 100200;16.39;16.39;16.3;16.3;600
20160129 100300;16.32;16.32;16.3;16.3;400
20160129 100400;16.29;16.29;16.29;16.29;300
20160129 100900;16.2;16.2;16.17;16.17;500
20160129 101000;16.14;16.14;16.07;16.07;800
20160129 101500;16.175;16.175;16.13;16.13;600
20160129 101600;16.105;16.12;16.105;16.12;400
20160129 101900;16.09;16.09;15.96;15.96;400
20160129 102000;16.04;16.04;16.04;16.04;100
20160129 102300;16.03;16.03;16.03;16.03;100
20160129 102500;16.08;16.08;16.08;16.08;100
20160129 102600;16.075;16.0799;16.075;16.0799;200
20160129 102700;16.05;16.05;16.05;16.05;100
20160129 102900;16.07;16.07;16.07;16.07;300
20160129 103200;16.04;16.04;16.01;16.01;300
20160129 103300;16.02;16.02;16;16;200
20160129 103700;15.98;16;15.98;16;900
20160129 104000;16.07;16.07;16.07;16.07;100
20160129 104500;16.17;16.17;16.17;16.17;200
20160129 104800;16.09;16.09;16.09;16.09;300
20160129 105600;16.09;16.09;16.09;16.09;200
20160129 105700;16.09;16.09;16.05;16.05;700
20160129 110100;16.1;16.1;16.1;16.1;500
20160129 110400;16.15;16.15;16.15;16.15;100
20160129 110600;16.11;16.11;16.11;16.11;300
20160129 110800;16.1699;16.17;16.1699;16.17;260
20160129 111000;16.14;16.14;16.11;16.11;300
20160129 111100;16.07;16.0895;16.06;16.0895;600
20160129 111200;16.08;16.08;16.08;16.08;100
20160129 111400;16.09;16.09;16.07;16.07;500
20160129 112600;16.15;16.15;16.08;16.08;400
20160129 112800;16.11;16.11;16.11;16.11;200
20160129 113000;16.11;16.11;16.065;16.065;200
20160129 113800;16.06;16.06;16.06;16.06;100
20160129 113900;15.98;15.98;15.98;15.98;100
20160129 114700;16.03;16.04;16.02;16.02;800
20160129 115000;16.05;16.05;16.05;16.05;300
20160129 115100;16.06;16.06;16.06;16.06;400
20160129 115200;16.05;16.05;16.05;16.05;300
20160129 115400;16.07;16.07;16.07;16.07;300
20160129 115500;16.07;16.07;16.07;16.07;100
20160129 120300;16.17;16.17;16.17;16.17;100
20160129 120400;16.07;16.07;16.07;16.07;100
20160129 120800;16.09;16.09;16.09;16.09;500
20160129 121800;16.18;16.18;16.135;16.135;200
20160129 122100;16.18;16.18;16.18;16.18;200
20160129 122600;16.12;16.17;16.12;16.17;300
20160129 122700;16.15;16.15;16.12;16.12;300
20160129 122800;16.12;16.12;16.12;16.12;300
20160129 123000;16.09;16.09;16.09;16.09;100
20160129 123200;16.07;16.07;16.07;16.07;100
20160129 124600;16.08;16.09;16.08;16.09;200
20160129 130400;16.01;16.01;16.01;16.01;500
20160129 131500;16.05;16.05;16.05;16.05;100
20160129 131600;16.07;16.07;16.03;16.03;300
20160129 131700;16.03;16.04;16.03;16.04;200
20160129 132400;16.03;16.03;16.015;16.0198;900
20160129 132500;16.01;16.0298;16.01;16.0298;1100
20160129 132700;16.04;16.04;16.04;16.04;100
20160129 133300;16.12;16.12;16.12;16.12;100
20160129 134300;16.1;16.1;16.1;16.1;100
20160129 134400;16.1;16.1;16.1;16.1;100
20160129 134500;16.1;16.1;16.1;16.1;100
20160129 134900;16.105;16.105;16.105;16.105;100
20160129 135100;16.08;16.08;16.08;16.08;100
20160129 140100;16.03;16.03;16.03;16.03;100
20160129 140200;16.05;16.05;16.05;16.05;100
20160129 142400;16.01;16.0328;15.97;15.97;5330
20160129 143100;15.97;15.97;15.97;15.97;100
20160129 143300;15.99;15.99;15.99;15.99;100
20160129 143400;15.99;15.99;15.99;15.99;100
20160129 143600;15.93;15.93;15.7;15.7;500
20160129 144400;15.89;15.89;15.87;15.89;900
20160129 144500;15.89;15.89;15.875;15.89;500
20160129 145300;15.86;15.86;15.86;15.86;100
20160129 145600;15.86;15.86;15.825;15.825;400
20160129 150700;15.84;15.84;15.84;15.84;600
20160129 150800;15.84;15.84;15.815;15.815;300
20160129 150900;15.815;15.815;15.815;15.815;200
20160129 151100;15.85;16.07;15.83;16.07;600
20160129 151200;15.88;15.88;15.86;15.86;200
20160129 151700;15.83;15.83;15.83;15.83;100
20160129 152900;15.79;15.825;15.79;15.825;800
20160129 153000;15.83;15.83;15.8;15.8;400
20160129 153200;15.78;15.78;15.77;15.77;600
20160129 153600;15.84;15.84;15.83;15.83;400
20160129 153900;15.88;15.88;15.88;15.88;100
20160129 154100;15.86;15.86;15.86;15.86;200
20160129 154400;15.85;16.07;15.85;16.07;1000
20160129 154500;16;16;16;16;100
20160129 154600;16;16;16;16;100
20160129 154700;16.02;16.02;16.02;16.02;100
20160129 154800;15.94;15.94;15.94;15.94;200
20160129 155000;15.99;16;15.99;16;300
20160129 155100;15.97;15.975;15.97;15.975;200
20160129 155400;15.95;15.99;15.95;15.98;1000
20160129 155500;15.92;15.92;15.92;15.92;100
20160129 155800;15.91;15.935;15.81;15.92;800
20160129 155900;15.85;15.9;15.85;15.89;2200
20160129 160000;15.9;15.95;15.86;15.95;696
20160201 093400;15.17;15.29;15.17;15.28;1800
20160201 093500;15.2;15.2;15.2;15.2;100
20160201 093600;15.19;15.19;15.19;15.19;200
20160201 093700;15.12;15.12;15.09;15.09;200
20160201 093900;15.12;15.12;15.1;15.1;300
20160201 094200;15.1;15.16;15.1;15.16;1500
20160201 094300;15.2;15.2;15.16;15.16;1200
20160201 094400;15.2;15.2;15.15;15.15;1000
20160201 094500;15.2;15.2;15.0615;15.14;2600
20160201 094800;15.14;15.14;15.14;15.14;100
20160201 095000;15.14;15.2;15.13;15.2;1800
20160201 095100;15.172;15.21;15.172;15.21;500
20160201 095400;15.2;15.25;15.2;15.25;1738
20160201 095700;15.28;15.28;15.28;15.28;100
20160201 095800;15.28;15.29;15.28;15.29;1200
20160201 095900;15.28;15.28;15.27;15.27;600
20160201 100200;15.28;15.28;15.28;15.28;100
20160201 100700;15.26;15.26;15.26;15.26;100
20160201 100800;15.26;15.26;15.26;15.26;100
20160201 101200;15.25;15.25;15.25;15.25;100
20160201 101300;15.23;15.23;15.23;15.23;400
20160201 101500;15.21;15.21;15.21;15.21;100
20160201 101600;15.21;15.21;15.19;15.19;1100
20160201 101700;15.21;15.21;15.21;15.21;100
20160201 102200;15.21;15.21;15.2;15.2;1300
20160201 102300;15.21;15.21;15.21;15.21;400
20160201 103000;15.18;15.22;15.18;15.2;700
20160201 103100;15.21;15.21;15.21;15.21;200
20160201 103200;15.2;15.22;15.2;15.22;300
20160201 103300;15.28;15.28;15.24;15.24;200
20160201 104100;15.25;15.28;15.23;15.28;2200
20160201 104200;15.26;15.26;15.26;15.26;100
20160201 105400;15.28;15.28;15.2799;15.2799;1200
20160201 105500;15.2799;15.5;15.2799;15.5;37930
20160201 105600;15.34;15.34;15.31;15.31;200
20160201 105700;15.4;15.48;15.4;15.48;800
20160201 110300;15.65;15.65;15.65;15.65;100
20160201 110700;15.62;15.62;15.62;15.62;100
20160201 110800;15.51;15.51;15.5;15.51;1100
20160201 110900;15.55;15.55;15.55;15.55;100
20160201 111000;15.63;15.63;15.63;15.63;100
20160201 111100;15.62;15.62;15.62;15.62;100
20160201 111600;15.67;15.67;15.6699;15.67;739
20160201 112100;15.57;15.57;15.57;15.57;500
20160201 112300;15.69;15.69;15.69;15.69;100
20160201 112800;15.63;15.69;15.63;15.69;200
20160201 113000;15.63;15.63;15.63;15.63;100
20160201 113100;15.69;15.69;15.63;15.64;300
20160201 113600;15.67;15.67;15.67;15.67;100
20160201 114100;15.62;15.68;15.61;15.65;1100
20160201 114500;15.7;15.7;15.69;15.7;600
20160201 114600;15.69;15.69;15.69;15.69;300
20160201 114700;15.69;15.69;15.69;15.69;100
20160201 115000;15.66;15.66;15.66;15.66;200
20160201 115500;15.625;15.625;15.625;15.625;100
20160201 120100;15.63;15.63;15.63;15.63;100
20160201 120200;15.66;15.66;15.62;15.62;300
20160201 120300;15.63;15.6395;15.63;15.6395;200
20160201 120600;15.59;15.59;15.59;15.59;200
20160201 120800;15.59;15.59;15.59;15.59;400
20160201 120900;15.58;15.58;15.45;15.46;5200
20160201 121000;15.45;15.45;15.45;15.45;300
20160201 121100;15.45;15.45;15.45;15.45;600
20160201 121200;15.45;15.46;15.45;15.46;200
20160201 121700;15.43;15.43;15.42;15.42;200
20160201 122000;15.445;15.445;15.445;15.445;200
20160201 122100;15.45;15.45;15.45;15.45;100
20160201 122300;15.48;15.48;15.48;15.48;100
20160201 122400;15.49;15.49;15.49;15.49;100
20160201 122500;15.49;15.49;15.49;15.49;100
20160201 123400;15.58;15.58;15.58;15.58;100
20160201 124800;15.48;15.48;15.48;15.48;100
20160201 125500;15.48;15.48;15.48;15.48;100
20160201 125600;15.52;15.52;15.52;15.52;200
20160201 130200;15.45;15.64;15.45;15.64;200
20160201 131800;15.43;15.43;15.43;15.43;200
20160201 132300;15.43;15.43;15.43;15.43;1500
20160201 135100;15.5;15.5;15.5;15.5;100
20160201 135200;15.49;15.495;15.49;15.495;200
20160201 141300;15.53;15.53;15.53;15.53;100
20160201 141400;15.46;15.51;15.46;15.46;300
20160201 141700;15.43;15.45;15.43;15.45;300
20160201 144500;15.61;15.61;15.61;15.61;100
20160201 145100;15.5;15.5;15.5;15.5;200
20160201 145300;15.45;15.45;15.45;15.45;200
20160201 145400;15.45;15.45;15.45;15.45;200
20160201 145800;15.42;15.48;15.42;15.48;400
20160201 153100;15.47;15.47;15.47;15.47;200
20160201 153300;15.58;15.58;15.58;15.58;100
20160201 153700;15.55;15.55;15.55;15.55;100
20160201 155000;15.44;15.44;15.44;15.44;100
20160201 155700;15.44;15.44;15.44;15.44;500
20160201 155800;15.41;15.41;15.41;15.41;200
20160201 155900;15.4;15.4;15.38;15.39;1676
20160201 160000;15.39;15.6;15.37;15.53;1800
20160202 093500;15.235;15.235;15.235;15.235;100
20160202 094000;15.3;15.42;15.3;15.395;2500
20160202 094100;15.53;15.53;15.53;15.53;400
20160202 094400;15.6;15.6;15.6;15.6;100
20160202 094500;15.54;15.54;15.54;15.54;100
20160202 094800;15.57;15.57;15.57;15.57;200
20160202 095100;15.55;15.55;15.5025;15.5025;200
20160202 095200;15.48;15.48;15.48;15.48;400
20160202 095300;15.57;15.57;15.57;15.57;100
20160202 095700;15.59;15.59;15.59;15.59;100
20160202 100300;15.59;15.59;15.59;15.59;100
20160202 100600;15.53;15.56;15.53;15.56;600
20160202 100700;15.57;15.57;15.5455;15.55;900
20160202 100800;15.56;15.56;15.545;15.56;1900
20160202 100900;15.56;15.56;15.5305;15.5305;400
20160202 101000;15.55;15.55;15.55;15.55;300
20160202 101100;15.6;15.6;15.6;15.6;100
20160202 101500;15.53;15.54;15.53;15.53;600
20160202 101600;15.51;15.51;15.51;15.51;200
20160202 102100;15.51;15.51;15.51;15.51;100
20160202 102300;15.56;15.56;15.56;15.56;643
20160202 102600;15.51;15.51;15.51;15.51;100
20160202 102700;15.5;15.5;15.5;15.5;100
20160202 103000;15.51;15.51;15.51;15.51;100
20160202 103100;15.52;15.52;15.52;15.52;100
20160202 103200;15.51;15.525;15.51;15.51;300
20160202 103300;15.5;15.5;15.471;15.5;2700
20160202 103400;15.47;15.5;15.47;15.5;300
20160202 103500;15.51;15.51;15.51;15.51;600
20160202 103600;15.5;15.5;15.5;15.5;100
20160202 104300;15.35;15.44;15.35;15.44;200
20160202 104700;15.44;15.44;15.4175;15.4175;204
20160202 104900;15.4;15.4;15.4;15.4;100
20160202 105100;15.43;15.43;15.395;15.395;400
20160202 105300;15.395;15.395;15.37;15.37;200
20160202 105500;15.42;15.42;15.42;15.42;100
20160202 105600;15.43;15.43;15.43;15.43;900
20160202 105700;15.41;15.41;15.41;15.41;200
20160202 105800;15.41;15.43;15.41;15.43;1400
20160202 110000;15.43;15.43;15.43;15.43;200
20160202 111000;15.51;15.51;15.51;15.51;100
20160202 111300;15.485;15.485;15.485;15.485;100
20160202 111400;15.47;15.47;15.47;15.47;300
20160202 111600;15.51;15.51;15.51;15.51;300
20160202 111700;15.51;15.51;15.51;15.51;300
20160202 111900;15.56;15.56;15.56;15.56;100
20160202 112100;15.5;15.5;15.5;15.5;100
20160202 112200;15.5;15.5;15.5;15.5;500
20160202 112600;15.525;15.525;15.525;15.525;200
20160202 113000;15.525;15.525;15.525;15.525;800
20160202 113100;15.5499;15.5499;15.5105;15.5105;569
20160202 113200;15.55;15.55;15.55;15.55;100
20160202 113500;15.52;15.55;15.52;15.53;400
20160202 113600;15.535;15.535;15.535;15.535;100
20160202 113800;15.51;15.51;15.51;15.51;100
20160202 114000;15.51;15.52;15.495;15.5;2884
20160202 114400;15.49;15.49;15.465;15.465;300
20160202 114600;15.49;15.49;15.49;15.49;100
20160202 114800;15.44;15.44;15.44;15.44;100
20160202 115000;15.44;15.44;15.44;15.44;100
20160202 115500;15.37;15.37;15.37;15.37;100
20160202 115600;15.43;15.43;15.37;15.37;200
20160202 115700;15.37;15.37;15.35;15.35;200
20160202 115800;15.35;15.42;15.35;15.42;300
20160202 120200;15.36;15.36;15.36;15.36;100
20160202 120500;15.38;15.44;15.38;15.38;900
20160202 120700;15.38;15.38;15.38;15.38;300
20160202 121200;15.31;15.31;15.31;15.31;100
20160202 121300;15.31;15.31;15.31;15.31;100
20160202 121800;15.34;15.34;15.34;15.34;100
20160202 121900;15.345;15.345;15.345;15.345;200
20160202 122200;15.33;15.33;15.33;15.33;100
20160202 122300;15.36;15.365;15.35;15.365;1000
20160202 122400;15.4;15.4;15.4;15.4;100
20160202 123400;15.42;15.45;15.4105;15.45;700
20160202 123600;15.445;15.445;15.445;15.445;100
20160202 123700;15.42;15.42;15.42;15.42;100
20160202 123900;15.48;15.48;15.48;15.48;200
20160202 124200;15.48;15.48;15.48;15.48;500
20160202 124400;15.41;15.41;15.41;15.41;100
20160202 124800;15.415;15.415;15.415;15.415;200
20160202 125000;15.42;15.42;15.4105;15.4105;200
20160202 125100;15.44;15.44;15.44;15.44;100
20160202 125400;15.4049;15.4049;15.4049;15.4049;115
20160202 125500;15.37;15.37;15.37;15.37;100
20160202 130100;15.42;15.42;15.39;15.39;600
20160202 130200;15.39;15.39;15.39;15.39;100
20160202 130500;15.385;15.385;15.385;15.385;100
20160202 130700;15.385;15.385;15.385;15.385;200
20160202 131300;15.39;15.39;15.39;15.39;100
20160202 131500;15.41;15.41;15.41;15.41;100
20160202 131600;15.41;15.41;15.41;15.41;100
20160202 132100;15.395;15.395;15.395;15.395;200
20160202 132200;15.395;15.395;15.395;15.395;100
20160202 132500;15.37;15.37;15.37;15.37;100
20160202 133300;15.42;15.42;15.42;15.42;300
20160202 133400;15.39;15.41;15.39;15.41;200
20160202 133700;15.39;15.39;15.39;15.39;100
20160202 133800;15.41;15.41;15.41;15.41;100
20160202 133900;15.405;15.405;15.4;15.4;400
20160202 134000;15.4;15.4;15.4;15.4;100
20160202 134400;15.39;15.39;15.39;15.39;100
20160202 134500;15.4;15.4;15.4;15.4;100
20160202 134800;15.39;15.39;15.39;15.39;100
20160202 134900;15.3905;15.4;15.37;15.38;2000
20160202 135000;15.38;15.38;15.38;15.38;700
20160202 135100;15.38;15.39;15.38;15.39;400
20160202 140000;15.37;15.37;15.37;15.37;100
20160202 140200;15.37;15.37;15.37;15.37;100
20160202 140300;15.37;15.37;15.37;15.37;300
20160202 140700;15.39;15.39;15.38;15.38;300
20160202 141100;15.371;15.372;15.371;15.372;274
20160202 141200;15.38;15.38;15.37;15.37;200
20160202 141700;15.38;15.38;15.38;15.38;200
20160202 141800;15.38;15.38;15.36;15.36;1300
20160202 141900;15.37;15.38;15.3605;15.38;600
20160202 142000;15.36;15.36;15.36;15.36;100
20160202 142400;15.36;15.36;15.36;15.36;100
20160202 142700;15.35;15.35;15.35;15.35;100
20160202 143000;15.35;15.35;15.35;15.35;600
20160202 143400;15.3101;15.3101;15.3101;15.3101;300
20160202 143500;15.31;15.31;15.31;15.31;100
20160202 143700;15.31;15.31;15.31;15.31;100
20160202 143800;15.33;15.33;15.32;15.33;1200
20160202 144000;15.33;15.33;15.33;15.33;400
20160202 144700;15.37;15.37;15.37;15.37;100
20160202 145000;15.395;15.395;15.395;15.395;100
20160202 145300;15.395;15.395;15.395;15.395;100
20160202 145400;15.39;15.4;15.38;15.38;600
20160202 145500;15.38;15.38;15.38;15.38;100
20160202 145700;15.41;15.41;15.41;15.41;100
20160202 145900;15.33;15.33;15.33;15.33;100
20160202 150000;15.35;15.35;15.35;15.35;100
20160202 150700;15.32;15.32;15.32;15.32;100
20160202 151100;15.32;15.34;15.32;15.32;400
20160202 151200;15.32;15.32;15.32;15.32;200
20160202 151400;15.32;15.32;15.32;15.32;100
20160202 151600;15.34;15.38;15.32;15.38;1400
20160202 151700;15.47;15.47;15.42;15.42;400
20160202 151900;15.44;15.44;15.44;15.44;200
20160202 152200;15.47;15.47;15.47;15.47;100
20160202 152300;15.41;15.48;15.41;15.48;300
20160202 152400;15.47;15.47;15.44;15.44;1600
20160202 152500;15.44;15.46;15.44;15.46;300
20160202 152600;15.44;15.44;15.44;15.44;100
20160202 152700;15.44;15.46;15.44;15.46;200
20160202 152800;15.445;15.46;15.445;15.46;200
20160202 152900;15.46;15.46;15.46;15.46;100
20160202 153000;15.45;15.46;15.45;15.46;1100
20160202 153100;15.46;15.48;15.45;15.48;400
20160202 153400;15.47;15.47;15.47;15.47;100
20160202 153500;15.46;15.46;15.46;15.46;500
20160202 153700;15.46;15.48;15.46;15.48;900
20160202 154000;15.48;15.48;15.48;15.48;100
20160202 154100;15.475;15.48;15.4505;15.46;3000
20160202 154200;15.46;15.47;15.4;15.42;2785
20160202 154300;15.44;15.44;15.44;15.44;200
20160202 154400;15.43;15.44;15.43;15.44;1100
20160202 154700;15.47;15.48;15.44;15.48;900
20160202 154800;15.45;15.47;15.45;15.47;400
20160202 154900;15.46;15.46;15.43;15.43;600
20160202 155100;15.43;15.43;15.43;15.43;400
20160202 155200;15.37;15.37;15.37;15.37;100
20160202 155300;15.4;15.4;15.37;15.37;300
20160202 155500;15.39;15.39;15.39;15.39;100
20160202 155600;15.39;15.43;15.39;15.41;900
20160202 155700;15.41;15.49;15.4;15.4;1401
20160202 155900;15.4;15.49;15.4;15.49;300
20160202 160000;15.445;15.5;15.42;15.49;1300
20160203 093700;15.97;15.97;15.97;15.97;100
20160203 094000;15.92;15.92;15.92;15.92;100
20160203 094400;15.73;15.73;15.73;15.73;100
20160203 094700;15.71;15.71;15.71;15.71;100
20160203 095000;15.57;15.57;15.57;15.57;100
20160203 095400;15.73;15.73;15.73;15.73;100
20160203 095700;15.67;15.67;15.67;15.67;100
20160203 100000;15.58;15.58;15.58;15.58;100
20160203 100300;15.54;15.54;15.54;15.54;100
20160203 100400;15.42;15.42;15.41;15.41;200
20160203 100500;15.4;15.4;15.4;15.4;400
20160203 100900;15.4;15.4;15.4;15.4;100
20160203 101400;15.34;15.34;15.33;15.33;500
20160203 102300;15.34;15.34;15.34;15.34;300
20160203 102900;15.36;15.36;15.36;15.36;200
20160203 103600;15.31;15.31;15.31;15.31;100
20160203 103700;15.3;15.3;15.3;15.3;700
20160203 103800;15.3;15.3;15.3;15.3;500
20160203 103900;15.34;15.34;15.34;15.34;200
20160203 104200;15.374;15.374;15.374;15.374;150
20160203 104700;15.4;15.4;15.4;15.4;500
20160203 104900;15.44;15.44;15.44;15.44;200
20160203 105700;15.47;15.47;15.46;15.46;300
20160203 105800;15.48;15.48;15.45;15.45;400
20160203 110300;15.43;15.43;15.43;15.43;230
20160203 111000;15.4199;15.4199;15.4199;15.4199;165
20160203 111100;15.34;15.34;15.34;15.34;100
20160203 111300;15.34;15.34;15.34;15.34;100
20160203 111700;15.332;15.332;15.332;15.332;100
20160203 112200;15.48;15.48;15.48;15.48;100
20160203 112800;15.36;15.36;15.36;15.36;300
20160203 113200;15.37;15.37;15.37;15.37;100
20160203 113700;15.33;15.33;15.33;15.33;100
20160203 113800;15.31;15.31;15.31;15.31;100
20160203 114100;15.32;15.32;15.32;15.32;100
20160203 114400;15.44;15.44;15.44;15.44;100
20160203 115300;15.32;15.32;15.3;15.3;500
20160203 115500;15.3;15.38;15.3;15.32;2800
20160203 120500;15.35;15.36;15.35;15.35;700
20160203 120600;15.34;15.34;15.34;15.34;200
20160203 121200;15.32;15.32;15.32;15.32;100
20160203 121300;15.31;15.31;15.31;15.31;100
20160203 121900;15.3;15.3;15.3;15.3;100
20160203 122100;15.31;15.31;15.31;15.31;100
20160203 122200;15.43;15.43;15.43;15.43;100
20160203 123100;15.33;15.33;15.33;15.33;100
20160203 123200;15.3;15.3;15.3;15.3;400
20160203 123800;15.28;15.28;15.28;15.28;100
20160203 124000;15.31;15.31;15.31;15.31;100
20160203 124100;15.3;15.3;15.3;15.3;100
20160203 124500;15.31;15.31;15.31;15.31;100
20160203 124600;15.31;15.31;15.31;15.31;100
20160203 125000;15.36;15.36;15.36;15.36;100
20160203 125500;15.34;15.34;15.34;15.34;200
20160203 125800;15.35;15.35;15.35;15.35;100
20160203 130800;15.48;15.48;15.48;15.48;200
20160203 130900;15.48;15.48;15.48;15.48;100
20160203 131000;15.37;15.37;15.34;15.34;200
20160203 131100;15.31;15.31;15.31;15.31;100
20160203 132300;15.34;15.34;15.31;15.31;200
20160203 132400;15.31;15.31;15.31;15.31;100
20160203 132800;15.43;15.43;15.43;15.43;200
20160203 133600;15.35;15.35;15.33;15.33;200
20160203 133700;15.31;15.31;15.31;15.31;100
20160203 133800;15.3;15.3;15.3;15.3;400
20160203 134800;15.3;15.32;15.3;15.31;700
20160203 134900;15.3;15.3;15.3;15.3;1300
20160203 135000;15.25;15.25;15.25;15.25;100
20160203 135200;15.3;15.3;15.3;15.3;300
20160203 135300;15.3;15.3;15.3;15.3;100
20160203 135900;15.32;15.32;15.32;15.32;100
20160203 140200;15.3;15.32;15.3;15.32;200
20160203 140300;15.32;15.32;15.32;15.32;100
20160203 141200;15.35;15.35;15.35;15.35;200
20160203 141500;15.32;15.32;15.32;15.32;100
20160203 142800;15.35;15.35;15.35;15.35;100
20160203 143000;15.48;15.48;15.48;15.48;100
20160203 144100;15.36;15.36;15.36;15.36;100
20160203 144300;15.39;15.39;15.39;15.39;100
20160203 145400;15.42;15.42;15.42;15.42;100
20160203 145700;15.38;15.38;15.38;15.38;200
20160203 150300;15.324;15.324;15.324;15.324;400
20160203 150700;15.31;15.31;15.31;15.31;100
20160203 150800;15.45;15.45;15.45;15.45;200
20160203 151100;15.33;15.33;15.31;15.31;200
20160203 152000;15.32;15.32;15.31;15.31;200
20160203 153300;15.3;15.3;15.3;15.3;100
20160203 153600;15.37;15.37;15.37;15.37;100
20160203 153900;15.33;15.33;15.33;15.33;200
20160203 154100;15.31;15.31;15.31;15.31;100
20160203 154400;15.33;15.33;15.33;15.33;200
20160203 154600;15.38;15.38;15.32;15.32;400
20160203 154800;15.32;15.47;15.32;15.47;400
20160203 155000;15.38;15.38;15.38;15.38;100
20160203 155600;15.37;15.37;15.37;15.37;100
20160203 155800;15.36;15.48;15.34;15.39;1483
20160203 155900;15.31;15.38;15.31;15.38;200
20160203 160000;15.36;15.36;15.3;15.3;300
20160204 093000;15.44;15.44;15.44;15.44;1000
20160204 093400;15.39;15.39;15.39;15.39;100
20160204 093600;15.4;15.4;15.4;15.4;100
20160204 094000;15.4;15.4;15.4;15.4;100
20160204 094100;15.39;15.4;15.39;15.4;300
20160204 094200;15.4;15.4;15.4;15.4;300
20160204 094300;15.4;15.4;15.4;15.4;100
20160204 094400;15.39;15.4;15.39;15.4;400
20160204 094500;15.38;15.4;15.38;15.4;200
20160204 095200;15.4;15.4;15.4;15.4;300
20160204 095800;15.4;15.4;15.4;15.4;100
20160204 100100;15.39;15.39;15.39;15.39;100
20160204 100200;15.4;15.43;15.4;15.4;400
20160204 100400;15.4;15.4;15.4;15.4;200
20160204 100600;15.4;15.4;15.4;15.4;100
20160204 100700;15.4;15.4;15.4;15.4;100
20160204 101000;15.4;15.4;15.4;15.4;100
20160204 101900;15.49;15.49;15.49;15.49;100
20160204 102200;15.56;15.56;15.56;15.56;100
20160204 102900;15.4101;15.6;15.4101;15.6;1200
20160204 103100;15.5;15.5;15.5;15.5;100
20160204 103300;15.46;15.46;15.46;15.46;100
20160204 103700;15.4001;15.4001;15.4001;15.4001;1000
20160204 103800;15.5;15.5;15.5;15.5;200
20160204 104600;15.49;15.49;15.48;15.48;200
20160204 105600;15.49;15.49;15.49;15.49;100
20160204 105800;15.49;15.49;15.49;15.49;200
20160204 111200;15.4899;15.4899;15.4899;15.4899;171
20160204 112500;15.49;15.49;15.4899;15.4899;700
20160204 112800;15.49;15.49;15.4899;15.4899;200
20160204 113000;15.5;15.5;15.48;15.48;341
20160204 115000;15.48;15.48;15.48;15.48;100
20160204 115200;15.48;15.48;15.48;15.48;100
20160204 115300;15.4899;15.4899;15.4899;15.4899;100
20160204 115500;15.49;15.49;15.4711;15.4711;528
20160204 115700;15.49;15.49;15.4899;15.4899;200
20160204 121100;15.46;15.46;15.46;15.46;100
20160204 121900;15.49;15.49;15.49;15.49;100
20160204 122000;15.49;15.49;15.49;15.49;100
20160204 122800;15.5;15.5;15.5;15.5;100
20160204 123300;15.49;15.5;15.48;15.4999;400
20160204 123500;15.5;15.5;15.5;15.5;300
20160204 123600;15.5;15.5899;15.5;15.5899;800
20160204 123700;15.5799;15.5799;15.5799;15.5799;100
20160204 124100;15.58;15.58;15.58;15.58;100
20160204 125000;15.54;15.54;15.54;15.54;100
20160204 130100;15.54;15.54;15.54;15.54;100
20160204 130400;15.54;15.54;15.54;15.54;100
20160204 130600;15.54;15.5799;15.54;15.5799;200
20160204 131800;15.55;15.55;15.55;15.55;100
20160204 131900;15.57;15.57;15.56;15.56;200
20160204 132000;15.56;15.56;15.56;15.56;100
20160204 132600;15.57;15.57;15.57;15.57;100
20160204 132800;15.52;15.52;15.5199;15.5199;200
20160204 133200;15.502;15.514;15.4699;15.4699;3600
20160204 134300;15.44;15.44;15.4399;15.4399;341
20160204 134600;15.4;15.4;15.4;15.4;200
20160204 134700;15.4;15.59;15.4;15.59;6059
20160204 134800;15.59;15.59;15.5799;15.5799;300
20160204 135100;15.58;15.58;15.58;15.58;100
20160204 135500;15.59;15.59;15.59;15.59;100
20160204 135600;15.6;15.6;15.58;15.5999;600
20160204 140000;15.6;15.76;15.6;15.76;1472
20160204 140100;15.77;15.77;15.75;15.75;200
20160204 140600;15.77;15.77;15.77;15.77;100
20160204 140800;15.72;15.72;15.72;15.72;200
20160204 141200;15.73;15.73;15.73;15.73;100
20160204 141400;15.73;15.73;15.73;15.73;100
20160204 141500;15.73;15.73;15.64;15.64;3000
20160204 141600;15.7299;15.7299;15.7199;15.7199;500
20160204 142200;15.7;15.7;15.7;15.7;100
20160204 142700;15.7;15.7;15.7;15.7;100
20160204 142900;15.76;15.76;15.76;15.76;100
20160204 143500;15.73;15.73;15.73;15.73;100
20160204 144100;15.7;15.7;15.7;15.7;100
20160204 144300;15.71;15.71;15.6999;15.6999;200
20160204 144400;15.65;15.65;15.65;15.65;200
20160204 144800;15.71;15.71;15.71;15.71;100
20160204 150300;15.71;15.71;15.71;15.71;100
20160204 150400;15.75;15.75;15.7499;15.7499;400
20160204 150500;15.74;15.76;15.74;15.76;300
20160204 150600;15.71;15.7499;15.69;15.74;900
20160204 150700;15.77;15.77;15.77;15.77;100
20160204 150800;15.76;15.76;15.76;15.76;100
20160204 151900;15.77;15.77;15.77;15.77;100
20160204 153300;15.75;15.75;15.75;15.75;100
20160204 153400;15.75;15.77;15.75;15.77;200
20160204 153900;15.73;15.73;15.73;15.73;100
20160204 154000;15.72;15.72;15.72;15.72;100
20160204 154600;15.68;15.68;15.68;15.68;100
20160204 155000;15.71;15.71;15.66;15.66;200
20160204 155200;15.72;15.72;15.72;15.72;100
20160204 155400;15.66;15.66;15.66;15.66;100
20160204 155800;15.61;15.61;15.61;15.61;200
20160204 155900;15.655;15.655;15.655;15.655;200
20160204 160000;15.69;15.69;15.51;15.67;500
20160205 094200;15.78;15.78;15.78;15.78;200
20160205 095800;15.8;15.8;15.8;15.8;200
20160205 100300;15.98;15.98;15.98;15.98;100
20160205 101100;15.88;15.98;15.87;15.98;600
20160205 101200;15.801;15.801;15.801;15.801;256
20160205 101600;15.85;15.85;15.85;15.85;300
20160205 102000;15.79;15.79;15.79;15.79;200
20160205 103400;15.69;15.69;15.69;15.69;100
20160205 110700;15.648;15.648;15.648;15.648;330
20160205 110800;15.63;15.63;15.63;15.63;100
20160205 111100;15.6799;15.6799;15.6799;15.6799;184
20160205 111900;15.62;15.62;15.6;15.6;1500
20160205 112200;15.6;15.6;15.6;15.6;500
20160205 112500;15.6;15.6;15.6;15.6;300
20160205 112600;15.6;15.6;15.6;15.6;100
20160205 113800;15.6;15.6;15.6;15.6;200
20160205 115100;15.65;15.65;15.65;15.65;100
20160205 115200;15.63;15.63;15.63;15.63;100
20160205 121600;15.74;15.74;15.74;15.74;100
20160205 122100;15.72;15.72;15.72;15.72;100
20160205 124100;15.75;15.75;15.75;15.75;100
20160205 125700;15.68;15.68;15.68;15.68;100
20160205 130400;15.69;15.69;15.69;15.69;100
20160205 132600;15.75;15.75;15.75;15.75;100
20160205 133100;15.73;15.73;15.73;15.73;100
20160205 133500;15.7;15.7;15.69;15.69;200
20160205 135700;15.71;15.71;15.71;15.71;100
20160205 151300;15.68;15.69;15.66;15.66;300
20160205 151400;15.64;15.64;15.64;15.64;300
20160205 151500;15.66;15.66;15.66;15.66;100
20160205 151600;15.65;15.65;15.65;15.65;100
20160205 152000;15.71;15.73;15.71;15.73;200
20160205 152300;15.68;15.68;15.67;15.68;400
20160205 153300;15.69;15.69;15.67;15.67;500
20160205 154000;15.61;15.61;15.61;15.61;100
20160205 154300;15.62;15.62;15.62;15.62;100
20160205 155100;15.6;15.6;15.6;15.6;700
20160205 155300;15.61;15.61;15.61;15.61;100
20160205 155500;15.6;15.6;15.6;15.6;1000
20160205 155600;15.6;15.6;15.6;15.6;200
20160205 155700;15.6;15.6;15.6;15.6;200
20160205 155800;15.6;15.6;15.6;15.6;200
20160205 155900;15.61;15.62;15.61;15.62;300
20160205 160000;15.66;15.66;15.66;15.66;200
