20160119 142500;2.02;2.02;2.02;2.02;500
20160120 125700;2.05;2.05;2.05;2.05;9100
20160121 105100;2.15;2.15;2.15;2.15;100
20160121 112800;2.0632;2.0632;2.0632;2.0632;2000
20160121 114700;1.98;1.98;1.98;1.98;100
20160121 114800;2;2.02;2;2.02;300
20160121 115000;2.05;2.05;2.05;2.05;100
20160121 115100;2.0201;2.08;2.0201;2.08;200
20160121 155900;1.97;1.97;1.97;1.97;100
20160122 131600;2.24;2.24;2.24;2.24;114
20160122 132100;2.25;2.25;2.25;2.25;100
20160122 142100;2.25;2.25;2.25;2.25;4000
20160122 145900;2.1;2.1;2.1;2.1;100
20160122 151500;1.97;1.97;1.97;1.97;100
20160122 153000;1.98;1.98;1.98;1.98;100
20160122 154500;1.98;1.98;1.98;1.98;100
20160122 155300;1.99;1.99;1.99;1.99;100
20160122 160000;1.97;1.97;1.97;1.97;100
20160125 095700;2.38;2.38;2.38;2.38;100
20160125 100100;2.35;2.35;2.35;2.35;100
20160125 105300;2.15;2.15;2.15;2.15;100
20160125 152900;2.1118;2.1118;2.1118;2.1118;100
20160125 155700;2.24;2.26;2.24;2.25;1100
20160125 155900;2.27;2.28;2.27;2.28;1273
20160125 160000;2.29;2.31;2.29;2.3;2788
20160126 094100;2.33;2.33;2.33;2.33;100
20160126 094500;2.33;2.33;2.33;2.33;100
20160126 094800;2.3;2.3;2.3;2.3;100
20160126 095100;2.32;2.32;2.32;2.32;100
20160126 095500;2.3;2.3;2.3;2.3;100
20160126 100000;2.32;2.32;2.32;2.32;100
20160126 100500;2.32;2.32;2.32;2.32;100
20160126 101000;2.31;2.31;2.31;2.31;100
20160126 101500;2.32;2.32;2.32;2.32;100
20160126 102100;2.33;2.33;2.33;2.33;100
20160126 102600;2.33;2.33;2.33;2.33;100
20160126 102700;2.33;2.33;2.33;2.33;400
20160126 103200;2.33;2.33;2.33;2.33;100
20160126 103800;2.33;2.33;2.33;2.33;100
20160126 104400;2.33;2.33;2.33;2.33;100
20160126 105100;2.33;2.33;2.33;2.33;100
20160126 105700;2.33;2.33;2.33;2.33;100
20160126 110400;2.33;2.33;2.33;2.33;100
20160126 111100;2.33;2.33;2.33;2.33;100
20160126 111800;2.33;2.33;2.33;2.33;100
20160126 112500;2.33;2.33;2.33;2.33;100
20160126 113800;2.38;2.38;2.38;2.38;100
20160126 114900;2.38;2.38;2.38;2.38;100
20160126 115800;2.38;2.38;2.38;2.38;100
20160126 120500;2.38;2.38;2.38;2.38;100
20160126 121700;2.38;2.38;2.38;2.38;100
20160126 122700;2.39;2.39;2.39;2.39;100
20160126 123700;2.39;2.39;2.39;2.39;100
20160126 124700;2.39;2.39;2.39;2.39;100
20160126 125700;2.39;2.39;2.39;2.39;100
20160126 131700;2.39;2.39;2.39;2.39;100
20160126 132700;2.39;2.39;2.39;2.39;100
20160126 151600;2.54;2.54;2.54;2.54;100
20160126 153000;2.53;2.54;2.52;2.54;400
20160126 153200;2.53;2.53;2.53;2.53;100
20160126 154000;2.52;2.52;2.52;2.52;200
20160126 154300;2.52;2.52;2.52;2.52;200
20160126 154800;2.53;2.53;2.53;2.53;100
20160126 154900;2.53;2.53;2.53;2.53;100
20160126 155200;2.53;2.53;2.53;2.53;100
20160126 155600;2.52;2.52;2.52;2.52;100
20160126 155800;2.52;2.52;2.52;2.52;100
20160126 155900;2.52;2.52;2.52;2.52;200
20160126 160000;2.5;2.51;2.5;2.51;453
20160127 125300;2.28;2.28;2.28;2.28;200
20160128 125600;2.1402;2.1402;2.1402;2.1402;2000
20160128 125900;2.06;2.06;2.01;2.01;2883
20160128 155500;1.98;2.05;1.97;2.05;7087
20160129 114600;2.18;2.18;2.18;2.18;100
20160129 115500;2.17;2.17;2.17;2.17;100
20160129 115900;2.18;2.18;2.18;2.18;100
20160129 135200;2.31;2.31;2.3;2.3001;2113
20160129 135900;2.35;2.35;2.35;2.35;500
20160129 143000;2.48;2.48;2.48;2.48;100
20160129 143900;2.415;2.415;2.415;2.415;100
20160129 144000;2.376;2.376;2.376;2.376;3298
20160129 155200;2.46;2.46;2.46;2.46;250
20160129 155800;2.48;2.48;2.47;2.48;837
20160129 160000;2.28;2.28;2.28;2.28;659
20160201 105100;2.2401;2.2401;2.2401;2.2401;1000
20160201 112300;2.24;2.24;2.24;2.24;100
20160201 113600;2.29;2.29;2.29;2.29;100
20160201 121700;2.28;2.28;2.28;2.28;100
20160201 122400;2.27;2.27;2.18;2.18;700
20160201 123000;2.23;2.23;2.23;2.23;200
20160201 123100;2.23;2.23;2.23;2.23;100
20160201 124800;2.1752;2.1752;2.1752;2.1752;490
20160201 125100;2.165;2.165;2.165;2.165;100
20160201 125300;2.15;2.15;2.15;2.15;100
20160201 125800;2.18;2.18;2.18;2.18;100
20160201 140600;2.27;2.27;2.27;2.27;100
20160201 140800;2.26;2.27;2.26;2.27;200
20160201 141100;2.26;2.26;2.26;2.26;100
20160201 141300;2.27;2.27;2.27;2.27;100
20160201 141600;2.27;2.27;2.27;2.27;100
20160201 142200;2.29;2.29;2.13;2.13;3996
20160201 145500;2.2;2.2;2.2;2.2;300
20160201 151300;2.17;2.17;2.17;2.17;100
20160201 152000;2.2;2.21;2.2;2.21;200
20160201 155500;2.21;2.21;2.21;2.21;200
20160201 160000;2.14;2.14;2.14;2.14;100
20160203 121400;2.3599;2.3599;2.3599;2.3599;500
20160203 153200;2.2435;2.2512;2.2435;2.2512;1000
20160203 160000;2.34;2.34;2.34;2.34;100
20160204 151600;2.27;2.27;2.27;2.27;100
20160204 160000;2.29;2.29;2.27;2.27;300
20160205 155600;2.3099;2.3099;2.3099;2.3099;1000
20160205 160000;2.25;2.25;2.25;2.25;100
