20160119 100200;11.3501;11.3501;11.3501;11.3501;380
20160119 102200;11.366;11.39;11.366;11.39;600
20160119 102300;11.366;11.366;11.366;11.366;600
20160119 102400;11.3555;11.3555;11.3555;11.3555;128
20160119 102500;11.37;11.37;11.37;11.37;100
20160119 103100;11.386;11.386;11.386;11.386;125
20160119 103200;11.385;11.39;11.35;11.35;6101
20160119 104100;11.375;11.375;11.375;11.375;400
20160119 111300;11.39;11.39;11.39;11.39;200
20160119 111400;11.3575;11.3575;11.3575;11.3575;190
20160119 111900;11.356;11.356;11.356;11.356;100
20160119 112000;11.3501;11.3501;11.3501;11.3501;714
20160119 114200;11.351;11.351;11.35;11.35;200
20160119 115000;11.36;11.36;11.36;11.36;221
20160119 120200;11.35;11.35;11.35;11.35;300
20160119 120600;11.3315;11.3315;11.3315;11.3315;972
20160119 121200;11.3448;11.3448;11.3448;11.3448;500
20160119 122500;11.32;11.32;11.32;11.32;300
20160119 124200;11.3201;11.3201;11.3201;11.3201;500
20160119 125100;11.32;11.32;11.32;11.32;1178
20160119 125400;11.3156;11.3156;11.3156;11.3156;100
20160119 130300;11.3101;11.3101;11.31;11.31;500
20160119 130400;11.3063;11.3063;11.3063;11.3063;450
20160119 130600;11.31;11.31;11.3001;11.3001;2000
20160119 131500;11.322;11.322;11.322;11.322;400
20160119 132500;11.325;11.325;11.325;11.325;251
20160119 135000;11.32;11.32;11.32;11.32;262
20160119 135400;11.32;11.32;11.3;11.3;1291
20160119 135500;11.3;11.3;11.26;11.26;5700
20160119 135700;11.221;11.221;11.21;11.21;11620
20160119 140600;11.21;11.21;11.21;11.21;500
20160119 140800;11.21;11.21;11.21;11.21;900
20160119 141100;11.191;11.191;11.191;11.191;250
20160119 142100;11.19;11.19;11.18;11.18;2233
20160119 142200;11.18;11.18;11.09;11.09;1645
20160119 142500;11.1121;11.1121;11.1121;11.1121;1800
20160119 142700;11.11;11.11;11.02;11.09;2855
20160119 142900;11.07;11.07;11.07;11.07;100
20160119 143200;11.11;11.14;11.11;11.14;700
20160119 143700;11.16;11.16;11.14;11.14;1116
20160119 144100;11.101;11.1042;11.07;11.07;5888
20160119 145400;11.03;11.03;11.02;11.02;600
20160119 145700;11.02;11.02;11.02;11.02;399
20160119 145800;11.01;11.0364;11.01;11.0364;1200
20160119 145900;11.01;11.01;11.01;11.01;620
20160119 150000;11.01;11.01;10.94;10.95;3541
20160119 150200;11;11;11;11;100
20160119 150300;11;11.0043;11;11.0043;385
20160119 150500;11.042;11.042;11.042;11.042;300
20160119 150600;11.01;11.05;11.01;11.05;2600
20160119 151500;11.1499;11.1499;11.1499;11.1499;5296
20160119 151600;11.1288;11.1288;11.1288;11.1288;500
20160119 152700;11.1;11.13;11.1;11.13;1200
20160119 153000;11.1899;11.1899;11.1899;11.1899;500
20160119 153200;11.17;11.17;11.17;11.17;200
20160119 153400;11.16;11.16;11.16;11.16;800
20160119 153600;11.17;11.17;11.16;11.17;2036
20160119 153700;11.19;11.2;11.19;11.2;301
20160119 154300;11.2103;11.2103;11.2103;11.2103;1000
20160119 154600;11.24;11.24;11.24;11.24;100
20160119 154900;11.21;11.24;11.21;11.24;700
20160119 155100;11.25;11.25;11.23;11.2382;2400
20160119 155300;11.25;11.25;11.25;11.25;100
20160119 155400;11.26;11.26;11.23;11.26;1326
20160119 155500;11.26;11.26;11.24;11.24;200
20160119 155700;11.29;11.29;11.28;11.29;400
20160119 155800;11.29;11.3;11.27;11.27;1700
20160120 094300;11.1099;11.11;11.1099;11.1099;1235
20160120 094400;11.08;11.0853;11.05;11.0853;2041
20160120 094900;11.05;11.05;11.05;11.05;300
20160120 095100;11.0576;11.07;10.93;10.93;12143
20160120 095600;10.96;11.0088;10.96;11.0088;1200
20160120 095900;11.0088;11.0088;11.0088;11.0088;1200
20160120 100000;11.02;11.034;11.02;11.034;1200
20160120 100200;11.01;11.02;11.01;11.02;402
20160120 100400;10.9;11.005;10.88;11.005;1900
20160120 100500;10.88;10.88;10.86;10.86;553
20160120 100700;10.975;10.975;10.85;10.9417;1853
20160120 101300;10.9301;10.9301;10.9301;10.9301;1000
20160120 101700;10.86;10.86;10.86;10.86;200
20160120 102100;10.8427;10.8427;10.8427;10.8427;500
20160120 103000;10.92;10.92;10.8901;10.8901;4400
20160120 103500;10.904;10.9161;10.904;10.9161;500
20160120 103600;10.9001;10.9001;10.9001;10.9001;200
20160120 104600;10.94;10.94;10.94;10.94;100
20160120 104800;10.9;10.9;10.85;10.85;7211
20160120 105800;10.89;10.89;10.85;10.85;700
20160120 110600;10.85;10.85;10.85;10.85;207
20160120 110700;10.83;10.83;10.83;10.83;100
20160120 111400;10.794;10.797;10.75;10.797;1888
20160120 111600;10.8;10.8324;10.8;10.8324;1499
20160120 112600;10.7401;10.7401;10.7401;10.7401;408
20160120 112700;10.76;10.76;10.75;10.75;200
20160120 113200;10.7756;10.7756;10.7756;10.7756;601
20160120 113500;10.8101;10.8101;10.76;10.8101;1990
20160120 113800;10.88;10.88;10.88;10.88;280
20160120 114400;10.8;10.8;10.8;10.8;200
20160120 114700;10.805;10.809;10.76;10.809;1300
20160120 115100;10.76;10.76;10.75;10.75;3000
20160120 115200;10.75;10.75;10.74;10.74;4000
20160120 115800;10.72;10.75;10.71;10.72;3900
20160120 115900;10.73;10.73;10.71;10.72;5200
20160120 120100;10.74;10.74;10.74;10.74;900
20160120 120700;10.71;10.71;10.71;10.71;783
20160120 120900;10.74;10.74;10.74;10.74;1000
20160120 121000;10.7242;10.7242;10.724;10.724;1000
20160120 121300;10.75;10.76;10.75;10.76;1300
20160120 121600;10.7369;10.7369;10.7369;10.7369;500
20160120 121700;10.75;10.75;10.75;10.75;900
20160120 122000;10.75;10.75;10.75;10.75;100
20160120 122700;10.72;10.72;10.71;10.71;650
20160120 122800;10.7599;10.7599;10.7599;10.7599;1000
20160120 123500;10.71;10.71;10.71;10.71;100
20160120 123600;10.73;10.73;10.73;10.73;1858
20160120 124000;10.714;10.745;10.71;10.745;1312
20160120 124500;10.76;10.76;10.76;10.76;3000
20160120 125500;10.74;10.7457;10.74;10.7457;553
20160120 125900;10.748;10.748;10.748;10.748;278
20160120 130500;10.75;10.76;10.75;10.76;700
20160120 131000;10.75;10.75;10.75;10.75;1450
20160120 131100;10.7599;10.7599;10.7599;10.7599;300
20160120 131400;10.7501;10.7501;10.74;10.74;3800
20160120 132100;10.749;10.749;10.749;10.749;930
20160120 132600;10.75;10.75;10.75;10.75;500
20160120 133900;10.75;10.75;10.75;10.75;500
20160120 134700;10.8999;10.8999;10.8999;10.8999;500
20160120 135000;10.77;10.77;10.77;10.77;150
20160120 135300;10.794;10.794;10.79;10.7912;600
20160120 135700;10.7542;10.766;10.75;10.766;500
20160120 140400;10.8;10.8;10.8;10.8;100
20160120 140500;10.78;10.7985;10.78;10.7985;3700
20160120 140600;10.7601;10.7968;10.7601;10.7968;696
20160120 141700;10.8;10.8;10.8;10.8;100
20160120 142100;10.76;10.76;10.76;10.76;388
20160120 142400;10.764;10.764;10.764;10.764;300
20160120 143000;10.795;10.795;10.795;10.795;100
20160120 143200;10.8299;10.8299;10.8299;10.8299;250
20160120 145400;10.85;10.85;10.85;10.85;300
20160120 145500;10.85;10.85;10.85;10.85;100
20160120 150000;10.94;10.94;10.94;10.94;200
20160120 150700;10.935;10.935;10.935;10.935;272
20160120 152000;10.95;10.95;10.95;10.95;100
20160120 152300;10.94;10.95;10.94;10.95;600
20160120 152600;10.99;10.99;10.99;10.99;200
20160120 153200;10.98;10.98;10.98;10.98;100
20160120 153800;10.95;10.95;10.95;10.95;100
20160120 154000;10.92;10.92;10.911;10.911;288
20160120 154300;10.93;10.93;10.93;10.93;100
20160120 154500;10.929;10.93;10.929;10.93;350
20160120 154800;10.93;10.93;10.93;10.93;100
20160120 154900;10.9001;10.92;10.9001;10.92;725
20160120 155000;10.91;10.92;10.89;10.915;1516
20160120 155200;10.91;10.91;10.91;10.91;200
20160120 155300;10.909;10.909;10.909;10.909;900
20160120 155400;10.9;10.91;10.9;10.9;500
20160120 155500;10.91;10.91;10.9;10.9;2000
20160120 155600;10.91;10.91;10.91;10.91;409
20160120 155900;10.9078;10.9078;10.9078;10.9078;513
20160121 093400;10.934;10.934;10.934;10.934;230
20160121 094300;10.98;10.98;10.9478;10.9478;325
20160121 094400;10.989;10.989;10.989;10.989;100
20160121 094700;11.01;11.02;10.97;10.97;300
20160121 095500;11.01;11.01;11;11;400
20160121 100100;11.028;11.028;11.028;11.028;100
20160121 100400;11.028;11.028;11.028;11.028;100
20160121 101000;11.028;11.028;11.02;11.02;200
20160121 101100;11.01;11.01;11.01;11.01;100
20160121 101900;11.028;11.028;11.028;11.028;100
20160121 102300;11.03;11.03;11.03;11.03;200
20160121 103100;11.03;11.03;11.03;11.03;100
20160121 103200;11.0299;11.0299;11.0299;11.0299;2240
20160121 103400;11.03;11.03;11.03;11.03;200
20160121 104100;11.028;11.028;11.028;11.028;100
20160121 104400;11.0226;11.0226;11.0226;11.0226;3000
20160121 104500;11.048;11.05;11.048;11.05;200
20160121 104600;11.0115;11.03;11.01;11.03;3208
20160121 105100;11.035;11.07;11.035;11.07;595
20160121 105300;11.068;11.068;11.068;11.068;200
20160121 110100;11.058;11.058;11.058;11.058;200
20160121 110200;11.02;11.0201;10.99;11.01;6596
20160121 110400;10.979;10.979;10.979;10.979;500
20160121 110500;10.98;10.98;10.98;10.98;100
20160121 110600;10.99;10.99;10.99;10.99;100
20160121 110900;10.99;10.99;10.95;10.95;200
20160121 111300;10.98;10.98;10.96;10.96;1200
20160121 111400;10.96;10.96;10.96;10.96;100
20160121 111500;11.005;11.005;10.94;10.95;2300
20160121 111700;10.9844;10.9844;10.9844;10.9844;450
20160121 112000;11.008;11.008;11.008;11.008;100
20160121 112100;11.01;11.01;11.01;11.01;200
20160121 112300;10.96;10.96;10.94;10.94;8504
20160121 112400;11.07;11.07;11.07;11.07;100
20160121 112800;11.068;11.07;11.068;11.07;300
20160121 112900;11.07;11.07;11.07;11.07;100
20160121 113300;11.07;11.07;11.07;11.07;100
20160121 113900;11.06;11.07;11.06;11.07;300
20160121 114000;11.07;11.07;11.07;11.07;100
20160121 114500;11.07;11.07;11.07;11.07;100
20160121 114900;11.07;11.07;11.068;11.07;300
20160121 115000;11.07;11.07;11.07;11.07;100
20160121 115500;11.068;11.068;11.068;11.068;100
20160121 115800;11.01;11.01;11;11;700
20160121 120100;11.0001;11.0001;11.0001;11.0001;168
20160121 120400;11.01;11.0275;11.01;11.0275;250
20160121 120600;11.01;11.0321;11.01;11.0321;262
20160121 121100;11.09;11.09;11.09;11.09;100
20160121 121500;11.088;11.088;11.088;11.088;300
20160121 121700;11.08;11.08;11.08;11.08;100
20160121 122400;11.08;11.08;11.08;11.08;300
20160121 122500;11.078;11.078;11.078;11.078;100
20160121 122600;11.05;11.05;11.045;11.045;1000
20160121 123000;11.05;11.0799;11.05;11.0799;600
20160121 123200;11.0581;11.0581;11.0581;11.0581;500
20160121 123300;11.07;11.07;11.069;11.069;300
20160121 123500;11.07;11.07;11.06;11.06;1800
20160121 123600;11.06;11.06;11.06;11.06;1300
20160121 123700;11.06;11.06;11.06;11.06;400
20160121 124100;11.078;11.078;11.078;11.078;300
20160121 124400;11.069;11.069;11.06;11.06;300
20160121 124500;11.06;11.06;11.06;11.06;1400
20160121 124900;11.0401;11.0401;11.0401;11.0401;2500
20160121 125100;11.07;11.07;11.068;11.068;300
20160121 125200;11.0604;11.0604;11.0604;11.0604;100
20160121 125400;11.078;11.078;11.078;11.078;100
20160121 125700;11.04;11.05;10.99;11.0498;2550
20160121 125800;11.05;11.05;11.05;11.05;300
20160121 130100;11.035;11.0685;11.01;11.01;500
20160121 130500;11.03;11.03;11.03;11.03;200
20160121 130700;11.0555;11.0555;11.0555;11.0555;100
20160121 130800;11.031;11.0315;11.03;11.0315;860
20160121 131300;11.076;11.076;11.076;11.076;200
20160121 131600;11.08;11.08;11.08;11.08;300
20160121 131900;11.07;11.07;11.07;11.07;100
20160121 132000;11.078;11.078;11.078;11.078;100
20160121 132100;11.0697;11.0697;11.0581;11.0581;702
20160121 132500;11.07;11.07;11.07;11.07;200
20160121 133000;11.07;11.07;11.0656;11.0656;200
20160121 133400;11.07;11.07;11.07;11.07;300
20160121 133900;11.07;11.07;11.07;11.07;100
20160121 134300;11.07;11.07;11.07;11.07;300
20160121 134500;11.07;11.07;11.07;11.07;200
20160121 134700;11.08;11.08;11.08;11.08;200
20160121 135000;11.05;11.0521;11.05;11.0521;2000
20160121 135500;11.0799;11.08;11.0799;11.08;600
20160121 135700;11.0501;11.0679;11.0501;11.0679;2762
20160121 135800;11.08;11.08;11.08;11.08;300
20160121 140100;11.0764;11.0764;11.0764;11.0764;100
20160121 140300;11.08;11.08;11.08;11.08;100
20160121 140600;11.08;11.08;11.08;11.08;300
20160121 141000;11.08;11.08;11.08;11.08;100
20160121 141300;11.08;11.08;11.08;11.08;300
20160121 141600;11.08;11.08;11.08;11.08;100
20160121 141700;11.0501;11.0501;11.0501;11.0501;421
20160121 141900;11.08;11.08;11.08;11.08;500
20160121 142300;11.08;11.08;11.08;11.08;100
20160121 142700;11.08;11.08;11.08;11.08;400
20160121 143000;11.079;11.079;11.079;11.079;100
20160121 143100;11.08;11.08;11.08;11.08;1304
20160121 143400;11.08;11.08;11.078;11.078;300
20160121 143700;11.078;11.078;11.078;11.078;100
20160121 144200;11.08;11.08;11.08;11.08;300
20160121 144400;11.08;11.08;11.08;11.08;100
20160121 144600;11.0563;11.0563;11.0563;11.0563;1375
20160121 144800;11.08;11.08;11.08;11.08;570
20160121 144900;11.08;11.08;11.08;11.08;300
20160121 145200;11.08;11.08;11.08;11.08;100
20160121 145400;11.059;11.059;11.059;11.059;1000
20160121 145500;11.08;11.08;11.08;11.08;100
20160121 145600;11.08;11.08;11.08;11.08;300
20160121 145800;11.08;11.08;11.08;11.08;100
20160121 150200;11.08;11.08;11.08;11.08;300
20160121 150400;11.08;11.08;11.08;11.08;100
20160121 150800;11.078;11.078;11.078;11.078;300
20160121 151000;11.078;11.078;11.078;11.078;100
20160121 151100;11.065;11.065;11.065;11.065;300
20160121 151200;11.08;11.08;11.08;11.08;100
20160121 151400;11.08;11.08;11.08;11.08;300
20160121 151600;11.08;11.08;11.08;11.08;100
20160121 152000;11.08;11.08;11.08;11.08;400
20160121 152100;11.07;11.08;11.07;11.08;657
20160121 152500;11.08;11.08;11.08;11.08;300
20160121 152600;11.08;11.08;11.08;11.08;100
20160121 153000;11.08;11.08;11.08;11.08;100
20160121 153100;11.08;11.08;11.08;11.08;200
20160121 153400;11.08;11.08;11.08;11.08;200
20160121 153600;11.09;11.09;11.09;11.09;100
20160121 153700;11.08;11.08;11.08;11.08;300
20160121 153800;11.08;11.08;11.08;11.08;100
20160121 153900;11.062;11.062;11.062;11.062;700
20160121 154000;11.08;11.08;11.08;11.08;100
20160121 154200;11.08;11.08;11.08;11.08;100
20160121 154300;11.08;11.08;11.08;11.08;400
20160121 154400;11.08;11.08;11.08;11.08;500
20160121 154500;11.08;11.08;11.08;11.08;100
20160121 154600;11.08;11.08;11.07;11.07;3238
20160121 154700;11.07;11.07;11.07;11.07;300
20160121 154900;11.08;11.08;11.08;11.08;500
20160121 155000;11.08;11.08;11.08;11.08;100
20160121 155100;11.08;11.08;11.08;11.08;300
20160121 155200;11.07;11.07;11.062;11.062;1675
20160121 155500;11.08;11.08;11.08;11.08;400
20160121 155600;11.08;11.08;11.078;11.078;200
20160121 155700;11.08;11.08;11.078;11.08;600
20160121 155800;11.08;11.08;11.08;11.08;400
20160121 155900;11.08;11.08;11.08;11.08;700
20160121 160000;11.08;11.08;11.08;11.08;400
20160122 093800;11.2001;11.225;11.2;11.225;1096
20160122 094300;11.2115;11.2115;11.2115;11.2115;327
20160122 095100;11.25;11.25;11.25;11.25;1471
20160122 101200;11.2;11.2;11.2;11.2;400
20160122 102100;11.2425;11.2425;11.2425;11.2425;400
20160122 105200;11.266;11.266;11.266;11.266;150
20160122 114100;11.2338;11.2338;11.2338;11.2338;814
20160122 115100;11.22;11.23;11.13;11.13;5300
20160122 115400;11.1706;11.1706;11.1706;11.1706;532
20160122 115700;11.14;11.14;11.14;11.14;400
20160122 120100;11.2099;11.28;11.2099;11.28;2205
20160122 120700;11.2161;11.2161;11.2161;11.2161;926
20160122 121100;11.2451;11.2451;11.2451;11.2451;199
20160122 122600;11.21;11.21;11.21;11.21;400
20160122 122900;11.2184;11.2184;11.2184;11.2184;105
20160122 125000;11.205;11.205;11.205;11.205;231
20160122 125300;11.21;11.21;11.21;11.21;100
20160122 125500;11.1885;11.1885;11.1885;11.1885;259
20160122 125800;11.26;11.29;11.26;11.28;575
20160122 125900;11.244;11.244;11.244;11.244;513
20160122 130400;11.17;11.17;11.17;11.17;300
20160122 132100;11.22;11.22;11.22;11.22;100
20160122 132700;11.21;11.22;11.21;11.22;200
20160122 135100;11.229;11.229;11.229;11.229;600
20160122 135400;11.22;11.22;11.22;11.22;1900
20160122 135800;11.22;11.2233;11.21;11.21;1500
20160122 140300;11.228;11.228;11.228;11.228;100
20160122 140700;11.23;11.23;11.23;11.23;100
20160122 142000;11.24;11.24;11.24;11.24;194
20160122 143100;11.285;11.285;11.285;11.285;1000
20160122 144900;11.2279;11.2279;11.2279;11.2279;750
20160122 145500;11.2501;11.2501;11.2501;11.2501;500
20160122 145600;11.27;11.27;11.27;11.27;100
20160122 150200;11.26;11.28;11.26;11.28;1300
20160122 150900;11.28;11.28;11.28;11.28;500
20160122 151700;11.265;11.265;11.265;11.265;100
20160122 152300;11.29;11.29;11.29;11.29;400
20160122 152700;11.2713;11.2713;11.2713;11.2713;450
20160122 153000;11.29;11.29;11.29;11.29;400
20160122 153700;11.29;11.29;11.29;11.29;400
20160122 154200;11.275;11.275;11.2615;11.2615;780
20160122 154500;11.29;11.29;11.29;11.29;400
20160122 154600;11.287;11.29;11.2701;11.2701;681
20160122 154700;11.29;11.29;11.29;11.29;6200
20160122 154900;11.27;11.27;11.27;11.27;100
20160122 155300;11.29;11.29;11.29;11.29;404
20160122 155500;11.27;11.27;11.27;11.27;300
20160122 155600;11.287;11.287;11.287;11.287;100
20160122 155700;11.29;11.29;11.28;11.2828;1100
20160122 160000;11.287;11.287;11.28;11.28;500
20160125 093300;11.183;11.183;11.183;11.183;880
20160125 094000;11.2001;11.2001;11.2001;11.2001;1250
20160125 094200;11.2399;11.2399;11.2399;11.2399;1450
20160125 094500;11.23;11.24;11.23;11.2397;600
20160125 095100;11.25;11.25;11.25;11.25;600
20160125 095300;11.272;11.272;11.2533;11.26;1350
20160125 102400;11.2405;11.2405;11.2405;11.2405;900
20160125 104900;11.21;11.21;11.21;11.21;1100
20160125 105700;11.21;11.21;11.21;11.21;200
20160125 105800;11.2001;11.2001;11.2001;11.2001;500
20160125 110100;11.2087;11.2087;11.2087;11.2087;410
20160125 111600;11.2;11.2;11.2;11.2;1700
20160125 115000;11.2166;11.2166;11.2166;11.2166;385
20160125 130100;11.2144;11.2144;11.2144;11.2144;1062
20160125 130300;11.21;11.21;11.16;11.17;1000
20160125 131500;11.2504;11.2504;11.2504;11.2504;500
20160125 133900;11.2;11.2;11.2;11.2;100
20160125 134900;11.2101;11.2101;11.2101;11.2101;496
20160125 135100;11.228;11.228;11.228;11.228;500
20160125 135300;11.22;11.22;11.22;11.22;157
20160125 142100;11.23;11.23;11.2;11.2;500
20160125 142800;11.22;11.22;11.22;11.22;100
20160125 143500;11.1915;11.1915;11.1915;11.1915;704
20160125 143900;11.22;11.23;11.22;11.23;1500
20160125 144100;11.22;11.22;11.22;11.22;100
20160125 144500;11.226;11.226;11.226;11.226;100
20160125 145800;11.23;11.23;11.23;11.23;100
20160125 150400;11.23;11.23;11.226;11.23;600
20160125 150900;11.23;11.23;11.23;11.23;2500
20160125 151000;11.23;11.2315;11.23;11.23;1848
20160125 151100;11.23;11.23;11.19;11.19;2105
20160125 151400;11.195;11.195;11.195;11.195;1000
20160125 151500;11.22;11.22;11.22;11.22;200
20160125 154500;11.17;11.17;11.17;11.17;100
20160125 154700;11.15;11.15;11.11;11.11;755
20160125 155000;11.12;11.12;11.12;11.12;200
20160125 155200;11.14;11.14;11.14;11.14;100
20160125 155300;11.14;11.14;11.138;11.138;200
20160125 155500;11.13;11.13;11.13;11.13;200
20160125 155600;11.13;11.14;11.13;11.14;300
20160125 155700;11.14;11.14;11.14;11.14;100
20160125 160000;11.139;11.139;11.139;11.139;200
20160126 095700;11.1501;11.1501;11.1501;11.1501;679
20160126 103300;11.1801;11.2;11.1801;11.2;1992
20160126 103800;11.24;11.24;11.24;11.24;100
20160126 104400;11.2555;11.2555;11.2555;11.2555;500
20160126 104600;11.285;11.285;11.267;11.267;1400
20160126 104900;11.267;11.267;11.267;11.267;100
20160126 105900;11.27;11.27;11.24;11.255;1550
20160126 110700;11.26;11.26;11.25;11.2564;800
20160126 112500;11.265;11.265;11.265;11.265;650
20160126 113000;11.28;11.28;11.28;11.28;100
20160126 113500;11.27;11.27;11.27;11.27;100
20160126 114000;11.24;11.24;11.24;11.24;200
20160126 114600;11.255;11.255;11.255;11.255;400
20160126 115200;11.25;11.25;11.25;11.25;107
20160126 120700;11.24;11.24;11.19;11.19;1020
20160126 120800;11.2216;11.2216;11.2216;11.2216;850
20160126 121300;11.2347;11.2347;11.2347;11.2347;585
20160126 121500;11.265;11.265;11.265;11.265;100
20160126 121900;11.27;11.27;11.27;11.27;100
20160126 122800;11.2488;11.2488;11.2488;11.2488;200
20160126 123800;11.2404;11.2404;11.2404;11.2404;644
20160126 124100;11.276;11.276;11.276;11.276;100
20160126 124600;11.265;11.265;11.215;11.215;1800
20160126 125100;11.274;11.274;11.274;11.274;100
20160126 125200;11.265;11.265;11.265;11.265;400
20160126 125500;11.274;11.274;11.274;11.274;100
20160126 130100;11.25;11.28;11.25;11.28;550
20160126 130900;11.2362;11.2362;11.2362;11.2362;227
20160126 131100;11.25;11.25;11.25;11.25;300
20160126 131900;11.23;11.2353;11.21;11.21;1390
20160126 132300;11.25;11.25;11.25;11.25;200
20160126 133400;11.25;11.25;11.22;11.247;400
20160126 134900;11.25;11.25;11.25;11.25;100
20160126 140400;11.24;11.24;11.24;11.24;100
20160126 141300;11.248;11.248;11.248;11.248;400
20160126 141900;11.25;11.25;11.25;11.25;100
20160126 143400;11.24;11.24;11.24;11.24;100
20160126 144500;11.2001;11.2001;11.2001;11.2001;1300
20160126 144900;11.25;11.25;11.25;11.25;121
20160126 145000;11.2489;11.2489;11.2489;11.2489;200
20160126 145800;11.2268;11.2268;11.2268;11.2268;299
20160126 150300;11.225;11.25;11.19;11.25;2409
20160126 150800;11.235;11.235;11.2;11.2;400
20160126 152900;11.2297;11.245;11.2297;11.245;600
20160126 155400;11.25;11.25;11.25;11.25;100
20160126 155500;11.21;11.2499;11.21;11.2499;300
20160126 155600;11.21;11.21;11.21;11.21;100
20160127 093300;11.173;11.173;11.173;11.173;625
20160127 093400;11.275;11.275;11.16;11.2389;5009
20160127 093600;11.2046;11.2046;11.2046;11.2046;1250
20160127 094100;11.26;11.26;11.26;11.26;100
20160127 094200;11.25;11.3;11.25;11.3;920
20160127 094400;11.3;11.3;11.3;11.3;100
20160127 094500;11.279;11.279;11.279;11.279;100
20160127 094800;11.31;11.31;11.31;11.31;200
20160127 095100;11.3;11.3;11.3;11.3;100
20160127 095300;11.28;11.28;11.185;11.185;1165
20160127 101400;11.195;11.207;11.16;11.175;4599
20160127 101600;11.1742;11.1742;11.174;11.174;1300
20160127 101900;11.206;11.206;11.1701;11.1701;2339
20160127 102000;11.207;11.207;11.207;11.207;100
20160127 103800;11.19;11.19;11.19;11.19;200
20160127 104100;11.2;11.2;11.2;11.2;100
20160127 104400;11.22;11.22;11.22;11.22;100
20160127 105300;11.2;11.2;11.2;11.2;200
20160127 110000;11.18;11.18;11.18;11.18;1099
20160127 110400;11.236;11.236;11.1901;11.1901;345
20160127 110600;11.24;11.24;11.24;11.24;100
20160127 110800;11.236;11.236;11.236;11.236;100
20160127 110900;11.2;11.2;11.2;11.2;433
20160127 111200;11.237;11.237;11.237;11.237;100
20160127 112200;11.2262;11.2262;11.2262;11.2262;135
20160127 112600;11.26;11.26;11.255;11.255;400
20160127 114500;11.25;11.25;11.25;11.25;200
20160127 115300;11.26;11.26;11.255;11.255;200
20160127 120800;11.25;11.25;11.25;11.25;179
20160127 121000;11.257;11.257;11.25;11.25;1192
20160127 121300;11.259;11.259;11.259;11.259;200
20160127 122100;11.259;11.26;11.259;11.26;1001
20160127 122400;11.28;11.28;11.28;11.28;200
20160127 122600;11.28;11.28;11.28;11.28;100
20160127 131700;11.3;11.3;11.297;11.297;1333
20160127 131900;11.2918;11.2918;11.2918;11.2918;500
20160127 132300;11.3;11.3;11.3;11.3;100
20160127 132500;11.298;11.298;11.298;11.298;100
20160127 134900;11.28;11.2802;11.28;11.2802;200
20160127 135300;11.2621;11.3;11.2621;11.3;700
20160127 140600;11.27;11.2989;11.27;11.2989;200
20160127 140700;11.2884;11.2884;11.2884;11.2884;410
20160127 141800;11.26;11.278;11.26;11.278;400
20160127 143800;11.2584;11.2584;11.2584;11.2584;1986
20160127 144500;11.26;11.26;11.26;11.26;100
20160127 145600;11.23;11.2304;11.21;11.2105;500
20160127 145700;11.21;11.24;11.2;11.2;2765
20160127 145900;11.2;11.2;11.198;11.198;400
20160127 150300;11.208;11.208;11.208;11.208;100
20160127 150800;11.19;11.19;11.18;11.18;400
20160127 151800;11.1501;11.168;11.1501;11.1601;1437
20160127 152100;11.18;11.18;11.18;11.18;100
20160127 152200;11.178;11.178;11.178;11.178;200
20160127 152400;11.16;11.162;11.16;11.162;2200
20160127 153900;11.175;11.175;11.175;11.175;125
20160127 154900;11.1799;11.18;11.17;11.17;800
20160127 155000;11.17;11.17;11.17;11.17;200
20160127 155600;11.17;11.18;11.17;11.18;300
20160127 155800;11.17;11.17;11.17;11.17;200
20160127 160000;11.1799;11.18;11.17;11.17;300
20160128 093800;11.21;11.21;11.21;11.21;100
20160128 094200;11.21;11.21;11.21;11.21;100
20160128 094600;11.21;11.21;11.21;11.21;100
20160128 095000;11.21;11.21;11.21;11.21;100
20160128 095300;11.2101;11.25;11.2101;11.25;525
20160128 095700;11.2318;11.2318;11.2318;11.2318;175
20160128 095800;11.22;11.22;11.22;11.22;100
20160128 100200;11.22;11.22;11.22;11.22;100
20160128 100600;11.23;11.23;11.23;11.23;100
20160128 101100;11.23;11.25;11.23;11.25;200
20160128 101300;11.248;11.248;11.248;11.248;135
20160128 101800;11.23;11.23;11.23;11.23;200
20160128 102100;11.23;11.248;11.23;11.248;300
20160128 102700;11.23;11.23;11.23;11.23;100
20160128 102800;11.2385;11.2385;11.2385;11.2385;500
20160128 103000;11.2385;11.2385;11.2385;11.2385;250
20160128 103100;11.2201;11.2385;11.22;11.22;1100
20160128 103200;11.2385;11.2385;11.2385;11.2385;250
20160128 103500;11.2;11.2;11.2;11.2;550
20160128 103900;11.2;11.2;11.2;11.2;451
20160128 104000;11.19;11.19;11.19;11.19;100
20160128 105500;11.21;11.21;11.21;11.21;100
20160128 110900;11.2383;11.2383;11.2383;11.2383;500
20160128 111200;11.22;11.22;11.18;11.18;2300
20160128 111700;11.24;11.24;11.24;11.24;100
20160128 115300;11.229;11.229;11.22;11.22;855
20160128 122300;11.2301;11.2301;11.2301;11.2301;1000
20160128 124700;11.2301;11.2301;11.2301;11.2301;320
20160128 124800;11.2345;11.2345;11.2345;11.2345;150
20160128 132600;11.247;11.247;11.247;11.247;300
20160128 132800;11.26;11.26;11.26;11.26;100
20160128 135100;11.2426;11.2426;11.2426;11.2426;261
20160128 143500;11.26;11.26;11.26;11.26;2193
20160128 143800;11.26;11.26;11.26;11.26;100
20160128 144000;11.26;11.26;11.26;11.26;200
20160128 144400;11.32;11.32;11.32;11.32;100
20160128 150100;11.28;11.29;11.2701;11.29;300
20160128 150800;11.27;11.27;11.27;11.27;250
20160128 152800;11.26;11.2601;11.23;11.23;1100
20160128 153000;11.28;11.28;11.2785;11.2785;2915
20160128 153500;11.28;11.28;11.28;11.28;400
20160128 153800;11.296;11.296;11.296;11.296;200
20160128 154200;11.2596;11.2596;11.2596;11.2596;500
20160128 154600;11.256;11.256;11.256;11.256;312
20160128 155200;11.2651;11.285;11.2651;11.285;250
20160128 155300;11.26;11.26;11.26;11.26;100
20160128 155900;11.25;11.25;11.25;11.25;100
20160128 160000;11.278;11.278;11.278;11.278;100
20160129 093600;11.31;11.31;11.31;11.31;100
20160129 093900;11.31;11.31;11.305;11.305;2000
20160129 094400;11.306;11.306;11.306;11.306;300
20160129 094600;11.31;11.31;11.28;11.28;2575
20160129 094800;11.31;11.31;11.28;11.28;700
20160129 095300;11.31;11.31;11.31;11.31;972
20160129 095400;11.32;11.34;11.29;11.34;2172
20160129 095500;11.34;11.34;11.34;11.34;400
20160129 095900;11.345;11.345;11.345;11.345;400
20160129 100300;11.305;11.305;11.305;11.305;1000
20160129 100600;11.35;11.35;11.35;11.35;200
20160129 101600;11.3105;11.35;11.3105;11.35;217
20160129 101800;11.3105;11.3105;11.3105;11.3105;132
20160129 101900;11.31;11.3243;11.31;11.3243;2158
20160129 102400;11.338;11.338;11.338;11.338;300
20160129 103200;11.3299;11.3389;11.3299;11.3389;600
20160129 105300;11.31;11.35;11.31;11.35;200
20160129 110500;11.3105;11.3105;11.3105;11.3105;287
20160129 110800;11.3499;11.35;11.3499;11.35;1000
20160129 111100;11.35;11.35;11.35;11.35;100
20160129 111400;11.35;11.35;11.35;11.35;100
20160129 112200;11.3353;11.3353;11.3353;11.3353;459
20160129 112400;11.3361;11.3361;11.3361;11.3361;500
20160129 112600;11.347;11.347;11.347;11.347;100
20160129 114100;11.339;11.339;11.339;11.339;600
20160129 114200;11.34;11.34;11.339;11.339;400
20160129 114500;11.349;11.349;11.349;11.349;100
20160129 115100;11.35;11.35;11.3499;11.3499;500
20160129 115200;11.35;11.35;11.35;11.35;1400
20160129 115600;11.35;11.35;11.35;11.35;300
20160129 115700;11.35;11.36;11.35;11.36;7600
20160129 115800;11.38;11.38;11.38;11.38;500
20160129 115900;11.38;11.38;11.3799;11.38;1000
20160129 120000;11.38;11.42;11.38;11.42;403
20160129 120300;11.4099;11.4099;11.4099;11.4099;500
20160129 120400;11.4099;11.4099;11.4099;11.4099;500
20160129 120700;11.4099;11.4099;11.4099;11.4099;500
20160129 121500;11.4099;11.4099;11.4099;11.4099;500
20160129 122800;11.3877;11.3877;11.3877;11.3877;2313
20160129 122900;11.365;11.365;11.365;11.365;278
20160129 123000;11.385;11.385;11.36;11.3615;3671
20160129 123200;11.3909;11.3909;11.3909;11.3909;839
20160129 125600;11.36;11.36;11.36;11.36;100
20160129 131200;11.4014;11.4014;11.4014;11.4014;217
20160129 134100;11.4113;11.4113;11.4113;11.4113;337
20160129 134200;11.4299;11.4299;11.4299;11.4299;1000
20160129 135800;11.3801;11.3801;11.3801;11.3801;2083
20160129 140000;11.38;11.38;11.38;11.38;100
20160129 141900;11.3804;11.3804;11.3804;11.3804;592
20160129 142800;11.3764;11.3764;11.3764;11.3764;300
20160129 143200;11.41;11.41;11.4;11.4;1980
20160129 143700;11.3852;11.3852;11.3852;11.3852;944
20160129 143800;11.4;11.4;11.4;11.4;500
20160129 144400;11.38;11.38;11.38;11.38;100
20160129 144800;11.4021;11.4021;11.38;11.38;795
20160129 145300;11.38;11.38;11.38;11.38;200
20160129 145400;11.38;11.3989;11.38;11.3989;1280
20160129 151000;11.38;11.3947;11.38;11.38;700
20160129 152800;11.41;11.41;11.41;11.41;399
20160129 152900;11.41;11.41;11.38;11.38;500
20160129 153000;11.3815;11.3815;11.3815;11.3815;100
20160129 153200;11.3601;11.3601;11.3601;11.3601;426
20160129 154500;11.365;11.3801;11.365;11.3801;1100
20160129 155000;11.37;11.37;11.37;11.37;100
20160129 155500;11.39;11.39;11.39;11.39;100
20160129 155900;11.39;11.39;11.39;11.39;100
20160129 160000;11.41;11.42;11.39;11.42;1400
20160201 093600;11.31;11.31;11.31;11.31;100
20160201 094300;11.3999;11.3999;11.3999;11.3999;525
20160201 094700;11.35;11.35;11.35;11.35;100
20160201 094900;11.354;11.355;11.354;11.354;300
20160201 100100;11.37;11.37;11.37;11.37;200
20160201 101400;11.35;11.35;11.35;11.35;284
20160201 103000;11.404;11.404;11.404;11.404;600
20160201 103700;11.3501;11.3501;11.3501;11.3501;1875
20160201 104200;11.3685;11.3685;11.3685;11.3685;500
20160201 104300;11.3633;11.3633;11.3633;11.3633;300
20160201 114800;11.4;11.4;11.4;11.4;100
20160201 120200;11.4;11.4;11.39;11.39;200
20160201 120300;11.4;11.4;11.4;11.4;1000
20160201 120700;11.41;11.41;11.41;11.41;100
20160201 122100;11.4;11.41;11.4;11.41;200
20160201 122200;11.41;11.41;11.41;11.41;3200
20160201 123100;11.4068;11.4068;11.4068;11.4068;146
20160201 125700;11.4;11.4;11.4;11.4;100
20160201 131700;11.4035;11.4035;11.4;11.401;2100
20160201 132600;11.41;11.41;11.41;11.41;2000
20160201 140500;11.44;11.44;11.42;11.42;900
20160201 144200;11.43;11.43;11.43;11.43;1000
20160201 144400;11.44;11.44;11.4399;11.4399;3300
20160201 144500;11.4399;11.44;11.439;11.439;8000
20160201 150400;11.4499;11.45;11.4499;11.4499;9200
20160201 150700;11.443;11.443;11.44;11.44;600
20160201 151900;11.45;11.45;11.45;11.45;2800
20160201 152000;11.45;11.45;11.45;11.45;17100
20160201 152100;11.45;11.45;11.45;11.45;5300
20160201 152200;11.45;11.49;11.45;11.45;4631
20160201 152300;11.45;11.45;11.45;11.45;3200
20160201 152500;11.45;11.45;11.45;11.45;10400
20160201 152700;11.45;11.45;11.449;11.449;13100
20160201 152800;11.449;11.45;11.449;11.449;1700
20160201 153000;11.45;11.45;11.45;11.45;25200
20160201 153100;11.45;11.45;11.45;11.45;15000
20160201 153200;11.4899;11.4899;11.4899;11.4899;1000
20160201 153300;11.486;11.486;11.486;11.486;1200
20160201 155300;11.45;11.45;11.45;11.45;100
20160202 093100;11.3501;11.3501;11.3501;11.3501;1003
20160202 093200;11.35;11.35;11.35;11.35;1336
20160202 093900;11.33;11.33;11.32;11.32;200
20160202 100500;11.3001;11.31;11.3001;11.31;200
20160202 101800;11.3101;11.32;11.3101;11.32;200
20160202 101900;11.32;11.32;11.32;11.32;100
20160202 102100;11.32;11.32;11.32;11.32;100
20160202 102400;11.32;11.32;11.32;11.32;100
20160202 102600;11.3;11.3;11.26;11.26;1400
20160202 102700;11.27;11.27;11.27;11.27;100
20160202 102900;11.3199;11.3199;11.27;11.27;6717
20160202 103000;11.27;11.27;11.27;11.27;200
20160202 103100;11.32;11.33;11.32;11.33;200
20160202 105900;11.31;11.31;11.31;11.31;100
20160202 111400;11.32;11.32;11.32;11.32;771
20160202 113500;11.34;11.34;11.3337;11.3337;2400
20160202 115600;11.3301;11.3301;11.3301;11.3301;377
20160202 120600;11.3301;11.3301;11.3301;11.3301;650
20160202 120700;11.33;11.33;11.33;11.33;100
20160202 120900;11.32;11.32;11.32;11.32;100
20160202 121500;11.33;11.33;11.33;11.33;4000
20160202 122500;11.34;11.34;11.34;11.34;2000
20160202 130900;11.3399;11.3399;11.3399;11.3399;500
20160202 131600;11.336;11.34;11.336;11.34;1287
20160202 133700;11.3254;11.3254;11.3254;11.3254;250
20160202 135800;11.34;11.34;11.34;11.34;100
20160202 142000;11.3201;11.3201;11.3201;11.3201;495
20160202 142300;11.3263;11.3263;11.3263;11.3263;289
20160202 143900;11.3298;11.3298;11.3298;11.3298;520
20160202 144600;11.325;11.325;11.325;11.325;536
20160202 145400;11.32;11.32;11.32;11.32;250
20160202 145800;11.3309;11.3309;11.3309;11.3309;500
20160202 152500;11.3399;11.3399;11.3399;11.3399;225
20160202 153800;11.3204;11.3204;11.3204;11.3204;225
20160202 154600;11.34;11.34;11.34;11.34;100
20160203 093100;11.377;11.377;11.377;11.377;700
20160203 094500;11.315;11.315;11.315;11.315;100
20160203 094700;11.28;11.305;11.28;11.305;600
20160203 094800;11.305;11.305;11.305;11.305;100
20160203 095200;11.28;11.28;11.28;11.28;100
20160203 095600;11.3;11.3;11.3;11.3;400
20160203 095700;11.3;11.3;11.3;11.3;241
20160203 100100;11.29;11.29;11.29;11.29;100
20160203 101000;11.2901;11.2901;11.2901;11.2901;1019
20160203 101700;11.29;11.29;11.29;11.29;900
20160203 102300;11.28;11.28;11.28;11.28;1000
20160203 102900;11.27;11.27;11.25;11.25;1700
20160203 103000;11.25;11.25;11.23;11.23;600
20160203 104800;11.2;11.2;11.2;11.2;100
20160203 104900;11.2;11.2;11.18;11.19;1866
20160203 105000;11.19;11.19;11.19;11.19;300
20160203 105100;11.19;11.19;11.18;11.18;700
20160203 110600;11.22;11.22;11.22;11.22;100
20160203 111300;11.2181;11.2181;11.2181;11.2181;136
20160203 112800;11.2457;11.2457;11.23;11.23;1286
20160203 115000;11.26;11.26;11.26;11.26;175
20160203 120300;11.28;11.28;11.26;11.26;323
20160203 120500;11.26;11.26;11.26;11.26;100
20160203 122400;11.2899;11.3;11.2899;11.3;2562
20160203 122900;11.296;11.296;11.296;11.296;275
20160203 123000;11.2688;11.2688;11.2688;11.2688;1000
20160203 124300;11.26;11.26;11.25;11.25;411
20160203 125200;11.277;11.277;11.274;11.274;750
20160203 130700;11.28;11.28;11.28;11.28;200
20160203 132000;11.3;11.3;11.3;11.3;1250
20160203 143000;11.31;11.3206;11.31;11.3206;1300
20160203 143600;11.325;11.325;11.325;11.325;200
20160203 145100;11.36;11.36;11.36;11.36;100
20160203 151400;11.37;11.37;11.37;11.37;250
20160203 154000;11.2988;11.2988;11.2988;11.2988;300
20160203 154100;11.31;11.31;11.31;11.31;351
20160203 154600;11.33;11.35;11.3299;11.33;1150
20160203 155000;11.35;11.35;11.35;11.35;100
20160203 155300;11.32;11.3201;11.32;11.3201;1850
20160203 155900;11.33;11.33;11.33;11.33;100
20160204 093400;11.32;11.32;11.32;11.32;100
20160204 095000;11.3;11.3;11.3;11.3;763
20160204 095700;11.3004;11.3004;11.3004;11.3004;503
20160204 100200;11.29;11.29;11.29;11.29;100
20160204 101200;11.31;11.31;11.31;11.31;100
20160204 101400;11.33;11.33;11.33;11.33;100
20160204 101600;11.3499;11.3499;11.3499;11.3499;3000
20160204 101700;11.35;11.36;11.35;11.36;800
20160204 102000;11.3699;11.37;11.3699;11.37;901
20160204 103500;11.39;11.39;11.39;11.39;100
20160204 104000;11.38;11.38;11.38;11.38;100
20160204 104700;11.36;11.36;11.36;11.36;220
20160204 105600;11.3799;11.3799;11.3799;11.3799;501
20160204 105900;11.36;11.36;11.36;11.36;100
20160204 111000;11.38;11.38;11.38;11.38;300
20160204 111100;11.39;11.39;11.39;11.39;300
20160204 111200;11.39;11.4;11.39;11.4;1335
20160204 111900;11.42;11.42;11.41;11.4101;1000
20160204 112000;11.42;11.42;11.41;11.41;600
20160204 112800;11.37;11.37;11.37;11.37;151
20160204 113500;11.3334;11.3334;11.3334;11.3334;1689
20160204 114200;11.39;11.39;11.39;11.39;442
20160204 115800;11.38;11.38;11.38;11.38;100
20160204 120000;11.3501;11.3501;11.3501;11.3501;432
20160204 121000;11.38;11.38;11.38;11.38;1083
20160204 121300;11.38;11.38;11.38;11.38;100
20160204 125400;11.3899;11.3899;11.3899;11.3899;500
20160204 131600;11.38;11.38;11.38;11.38;200
20160204 132900;11.409;11.41;11.409;11.409;1200
20160204 133900;11.4101;11.4101;11.4101;11.4101;100
20160204 134300;11.42;11.42;11.42;11.42;600
20160204 135300;11.41;11.41;11.41;11.41;300
20160204 141900;11.4199;11.4199;11.4199;11.4199;500
20160204 143200;11.412;11.412;11.412;11.412;273
20160204 145500;11.41;11.41;11.41;11.41;100
20160204 150800;11.42;11.42;11.42;11.42;487
20160204 152500;11.4001;11.4001;11.4;11.4;701
20160204 154300;11.3637;11.3637;11.3637;11.3637;124
20160205 093500;11.36;11.36;11.36;11.36;100
20160205 094400;11.33;11.33;11.33;11.33;100
20160205 094700;11.33;11.33;11.33;11.33;200
20160205 095500;11.33;11.33;11.33;11.33;100
20160205 095600;11.33;11.35;11.33;11.35;200
20160205 095700;11.334;11.334;11.334;11.334;1000
20160205 100000;11.33;11.33;11.33;11.33;100
20160205 101900;11.33;11.33;11.33;11.33;400
20160205 102700;11.3107;11.325;11.3107;11.325;200
20160205 103100;11.3226;11.3226;11.3226;11.3226;670
20160205 103200;11.33;11.33;11.31;11.315;350
20160205 103800;11.3;11.3;11.3;11.3;100
20160205 103900;11.3;11.3;11.3;11.3;100
20160205 104100;11.3;11.3;11.3;11.3;375
20160205 104400;11.3;11.3;11.3;11.3;100
20160205 104800;11.3;11.3;11.3;11.3;100
20160205 105100;11.3;11.3;11.3;11.3;100
20160205 105500;11.3;11.3;11.3;11.3;100
20160205 105800;11.3;11.3;11.3;11.3;100
20160205 105900;11.3;11.3;11.26;11.26;3856
20160205 110100;11.26;11.26;11.26;11.26;100
20160205 110200;11.26;11.26;11.26;11.26;100
20160205 110700;11.25;11.27;11.2401;11.2401;1357
20160205 110800;11.24;11.24;11.24;11.24;100
20160205 111200;11.24;11.24;11.24;11.24;100
20160205 111500;11.24;11.24;11.24;11.24;100
20160205 111900;11.24;11.24;11.24;11.24;100
20160205 112300;11.24;11.24;11.24;11.24;100
20160205 112400;11.24;11.24;11.24;11.24;100
20160205 112600;11.24;11.24;11.24;11.24;400
20160205 113200;11.2399;11.2399;11.2399;11.2399;501
20160205 113700;11.2267;11.2267;11.2267;11.2267;306
20160205 113900;11.22;11.24;11.22;11.23;3242
20160205 114100;11.22;11.22;11.22;11.22;100
20160205 114300;11.22;11.22;11.22;11.22;100
20160205 114500;11.21;11.21;11.21;11.21;100
20160205 114900;11.21;11.21;11.21;11.21;100
20160205 115300;11.21;11.21;11.21;11.21;100
20160205 115400;11.21;11.23;11.21;11.23;1227
20160205 115600;11.21;11.217;11.21;11.217;277
20160205 115800;11.2135;11.2135;11.2135;11.2135;255
20160205 120000;11.21;11.21;11.21;11.21;100
20160205 120400;11.21;11.21;11.21;11.21;100
20160205 120900;11.21;11.21;11.21;11.21;100
20160205 121300;11.21;11.21;11.21;11.21;100
20160205 121600;11.21;11.21;11.21;11.21;100
20160205 122200;11.211;11.211;11.21;11.211;2700
20160205 122400;11.21;11.21;11.21;11.21;100
20160205 122900;11.21;11.21;11.21;11.21;100
20160205 123400;11.21;11.21;11.21;11.21;100
20160205 123500;11.228;11.228;11.22;11.22;1780
20160205 123800;11.21;11.21;11.21;11.21;100
20160205 124200;11.22;11.22;11.22;11.22;100
20160205 124800;11.22;11.22;11.22;11.22;200
20160205 125100;11.22;11.22;11.22;11.22;400
20160205 125300;11.22;11.22;11.22;11.22;100
20160205 125500;11.22;11.22;11.22;11.22;100
20160205 125600;11.226;11.228;11.226;11.228;500
20160205 130100;11.2102;11.22;11.2102;11.22;1075
20160205 130800;11.228;11.228;11.228;11.228;400
20160205 131100;11.22;11.22;11.22;11.22;100
20160205 131400;11.22;11.22;11.22;11.22;100
20160205 132500;11.21;11.21;11.21;11.21;100
20160205 133000;11.21;11.21;11.21;11.21;100
20160205 133500;11.21;11.21;11.21;11.21;100
20160205 134000;11.21;11.21;11.21;11.21;100
20160205 134600;11.21;11.21;11.21;11.21;100
20160205 135000;11.21;11.21;11.21;11.21;300
20160205 135500;11.2102;11.2102;11.2102;11.2102;721
20160205 140200;11.21;11.21;11.21;11.21;100
20160205 140300;11.21;11.2102;11.21;11.2102;824
20160205 140400;11.21;11.21;11.21;11.21;200
20160205 140600;11.227;11.227;11.227;11.227;600
20160205 141200;11.19;11.19;11.19;11.19;100
20160205 141300;11.1806;11.1806;11.1806;11.1806;500
20160205 141800;11.18;11.18;11.18;11.18;100
20160205 142100;11.18;11.18;11.17;11.17;291
20160205 142600;11.18;11.18;11.18;11.18;100
20160205 143000;11.18;11.18;11.18;11.18;100
20160205 143200;11.1953;11.1953;11.1953;11.1953;1245
20160205 143400;11.19;11.19;11.13;11.13;9525
20160205 143700;11.185;11.185;11.185;11.185;1000
20160205 143900;11.14;11.1725;11.14;11.1725;1100
20160205 144300;11.15;11.15;11.15;11.15;100
20160205 144400;11.15;11.15;11.15;11.15;500
20160205 144500;11.18;11.19;11.18;11.19;900
20160205 144600;11.18;11.18;11.18;11.18;100
20160205 145000;11.2;11.2;11.2;11.2;480
20160205 145500;11.198;11.198;11.198;11.198;250
20160205 150100;11.18;11.18;11.18;11.18;200
20160205 150300;11.18;11.18;11.18;11.18;200
20160205 151900;11.197;11.197;11.197;11.197;850
20160205 152400;11.17;11.1703;11.17;11.1703;1210
20160205 152700;11.17;11.17;11.17;11.17;100
20160205 152800;11.17;11.17;11.17;11.17;718
20160205 153000;11.18;11.189;11.18;11.189;575
20160205 153100;11.17;11.17;11.17;11.17;100
20160205 153400;11.19;11.21;11.174;11.174;5200
20160205 153500;11.21;11.25;11.195;11.22;3688
20160205 153600;11.22;11.22;11.21;11.22;1600
20160205 154300;11.2099;11.2099;11.2099;11.2099;100
20160205 154700;11.21;11.21;11.21;11.21;100
20160205 155000;11.17;11.17;11.17;11.17;100
20160205 155300;11.2;11.2;11.2;11.2;100
20160205 155500;11.17;11.17;11.17;11.17;100
20160205 155700;11.17;11.17;11.17;11.17;100
20160205 155800;11.17;11.17;11.17;11.17;100
20160205 155900;11.17;11.17;11.17;11.17;100
20160205 160000;11.174;11.174;11.17;11.17;782
