20160119 100000;0.6334;0.6334;0.6334;0.6334;1000
20160119 124400;0.61;0.61;0.61;0.61;100
20160119 155500;0.5801;0.5801;0.5801;0.5801;2400
20160120 155600;0.63;0.67;0.63;0.67;1800
20160120 155900;0.6799;0.69;0.6799;0.69;300
20160121 150000;0.5901;0.5901;0.5901;0.5901;200
20160121 150300;0.59;0.59;0.551;0.551;4690
20160121 153600;0.59;0.6;0.59;0.6;8800
20160121 154900;0.63;0.6905;0.63;0.6905;10000
20160122 155400;0.675;0.675;0.675;0.675;200
20160125 121000;0.651;0.651;0.65;0.65;1008
20160125 122700;0.62;0.62;0.61;0.61;1100
20160125 124800;0.62;0.62;0.61;0.61;2896
20160128 110000;0.61;0.6195;0.61;0.6195;1000
20160128 130300;0.61;0.61;0.61;0.61;2745
20160129 105500;0.6;0.6;0.6;0.6;100
20160129 155000;0.61;0.61;0.61;0.61;0
20160203 154600;0.62;0.62;0.62;0.62;200
20160204 101300;0.6319;0.6319;0.6319;0.6319;100
20160204 101400;0.6519;0.6959;0.6519;0.6959;200
20160204 101500;0.65;0.65;0.6319;0.6319;300
20160204 101600;0.6019;0.6019;0.6;0.6;200
20160204 120200;0.5902;0.5902;0.5902;0.5902;100
20160205 103000;0.58;0.58;0.58;0.58;100
20160205 104200;0.5765;0.5765;0.5765;0.5765;100
