20160119 093600;7.87;7.87;7.79;7.8;300
20160119 093700;7.79;7.79;7.58;7.67;600
20160119 093800;7.73;7.73;7.73;7.73;300
20160119 093900;7.7399;7.84;7.55;7.84;1100
20160119 094000;7.59;7.68;7.59;7.59;500
20160119 094100;7.58;7.58;7.58;7.58;400
20160119 094200;7.75;7.8;7.57;7.57;700
20160119 094300;8.04;8.04;7.92;7.92;700
20160119 094400;8.04;8.04;7.8201;7.8201;1100
20160119 094500;7.7;7.77;7.7;7.77;1000
20160119 094600;7.78;7.78;7.72;7.78;1100
20160119 094700;7.92;7.93;7.92;7.93;700
20160119 094800;8.01;8.01;7.92;8.01;700
20160119 094900;7.92;7.92;7.91;7.91;300
20160119 095000;7.76;7.76;7.76;7.76;100
20160119 095100;7.95;7.95;7.77;7.77;1546
20160119 095200;7.9;7.9;7.9;7.9;100
20160119 095500;7.83;7.83;7.83;7.83;100
20160119 095900;7.925;7.925;7.925;7.925;100
20160119 100000;8.0199;8.0199;8.0199;8.0199;250
20160119 100400;7.9601;7.98;7.9601;7.98;200
20160119 101000;8.11;8.44;8.04;8.04;3700
20160119 101500;8.16;8.16;8.16;8.16;100
20160119 101700;8.03;8.03;8.03;8.03;100
20160119 102000;8.11;8.11;8.11;8.11;100
20160119 102400;8.17;8.17;8.17;8.17;100
20160119 102600;8.16;8.17;8.16;8.17;600
20160119 103200;8.2501;8.2501;8.2501;8.2501;100
20160119 103400;8.33;8.33;8.33;8.33;100
20160119 104000;8.26;8.26;8.26;8.26;100
20160119 104200;8.25;8.25;8.25;8.25;100
20160119 104800;8.45;8.45;8.45;8.45;100
20160119 104900;8.445;8.45;8.445;8.45;200
20160119 105100;8.47;8.47;8.47;8.47;100
20160119 105700;8.5;8.5;8.5;8.5;100
20160119 111500;8.4801;8.5062;8.4801;8.5062;2400
20160119 111600;8.6;8.6;8.6;8.6;100
20160119 112300;8.645;8.81;8.57;8.57;400
20160119 112800;8.68;8.68;8.68;8.68;100
20160119 113600;8.71;8.71;8.71;8.71;200
20160119 114300;8.71;8.71;8.71;8.71;100
20160119 114400;8.71;8.71;8.71;8.71;200
20160119 114500;8.72;8.72;8.72;8.72;100
20160119 114700;8.73;8.73;8.73;8.73;100
20160119 114800;8.7498;8.7498;8.74;8.74;300
20160119 114900;8.75;8.75;8.74;8.74;600
20160119 115400;8.52;8.52;8.52;8.52;200
20160119 115500;8.36;8.36;8.35;8.35;200
20160119 115700;8.49;8.49;8.365;8.365;200
20160119 120100;8.4;8.82;8.4;8.49;3100
20160119 120200;8.45;8.45;8.45;8.45;200
20160119 120500;8.51;8.61;8.51;8.58;500
20160119 121000;8.55;8.55;8.55;8.55;100
20160119 121900;8.8;8.8;8.8;8.8;100
20160119 122500;8.8;8.8;8.8;8.8;100
20160119 122600;8.8;8.8;8.79;8.79;500
20160119 122700;8.805;8.805;8.805;8.805;100
20160119 122800;8.8;8.81;8.8;8.8;500
20160119 123100;8.69;8.6999;8.69;8.6999;800
20160119 123400;8.54;8.54;8.53;8.53;200
20160119 123700;8.59;9.21;8.58;8.88;3825
20160119 123900;8.88;8.88;8.88;8.88;300
20160119 124000;8.8801;8.8801;8.8801;8.8801;100
20160119 124100;8.89;8.89;8.89;8.89;200
20160119 124200;8.88;8.88;8.88;8.88;200
20160119 124300;8.89;8.89;8.89;8.89;200
20160119 124500;8.8801;8.8801;8.8801;8.8801;100
20160119 124800;8.89;8.89;8.89;8.89;300
20160119 125600;9.06;9.07;9.06;9.07;200
20160119 130600;9.26;9.26;9.26;9.26;100
20160119 131200;9.26;9.26;9.26;9.26;149
20160119 131300;9.29;9.29;9.29;9.29;100
20160119 131600;9.3182;9.3182;9.3182;9.3182;150
20160119 132100;9.3;9.3;9.3;9.3;200
20160119 132400;9.305;9.305;9.305;9.305;200
20160119 132600;9.3445;9.3445;9.295;9.295;525
20160119 132800;9.3;9.3;9.3;9.3;100
20160119 133600;9.291;9.3;9.291;9.3;650
20160119 133900;9.4;9.41;9.365;9.41;300
20160119 134200;9.4501;9.46;9.4501;9.46;200
20160119 134300;9.49;9.49;9.48;9.48;1100
20160119 134400;9.47;9.47;9.4523;9.4523;450
20160119 134500;9.4001;9.4001;9.4001;9.4001;200
20160119 134600;9.4;9.4;9.4;9.4;100
20160119 134700;9.33;9.33;9.33;9.33;100
20160119 134800;9.321;9.3242;9.3205;9.3205;2980
20160119 134900;9.33;9.33;9.3201;9.3201;600
20160119 135000;9.33;9.33;9.33;9.33;100
20160119 135100;9.33;9.33;9.33;9.33;100
20160119 135300;9.421;9.4458;9.39;9.39;2700
20160119 135400;9.45;9.45;9.45;9.45;100
20160119 135600;9.3801;9.3801;9.3801;9.3801;1450
20160119 140000;9.395;9.4;9.395;9.4;700
20160119 140100;9.39;9.4;9.39;9.4;1000
20160119 141100;9.3811;9.3811;9.27;9.27;1800
20160119 141200;9.2;9.2;9.2;9.2;674
20160119 141300;9.19;9.19;9.19;9.19;100
20160119 141700;9.11;9.11;9.089;9.089;932
20160119 141900;9.0579;10;9.0579;9.99;13776
20160119 142300;10.33;10.33;10.33;10.33;197
20160119 142400;10.3199;10.3199;10.3199;10.3199;700
20160119 142500;10.15;10.39;10.1301;10.1301;2200
20160119 142700;10.1551;10.1551;10.1551;10.1551;500
20160119 142800;10.28;10.3;10.28;10.3;200
20160119 142900;10.2812;10.2812;10.2812;10.2812;500
20160119 143000;10.3;10.3;10.3;10.3;400
20160119 143200;10.36;10.4;10.33;10.4;400
20160119 143300;10.4;10.4;10.305;10.4;1000
20160119 143800;10.81;10.81;10.81;10.81;100
20160119 143900;10.84;10.84;10.57;10.57;1400
20160119 144000;10.39;10.39;10.39;10.39;100
20160119 144300;10.29;10.29;10.29;10.29;100
20160119 144400;10.3142;10.3142;10.3142;10.3142;100
20160119 145300;10.4;10.4;10.4;10.4;2000
20160119 145400;10.22;10.22;10.22;10.22;100
20160119 145600;10.29;10.29;10.29;10.29;100
20160119 145900;10.31;10.31;10.31;10.31;100
20160119 150300;10.4;10.4;10.4;10.4;100
20160119 150600;10.44;10.46;10.44;10.46;700
20160119 150700;10.5;10.5;10.5;10.5;400
20160119 150800;10.65;10.65;10.65;10.65;500
20160119 150900;10.65;10.65;10.63;10.63;1435
20160119 151000;10.51;10.51;10.51;10.51;100
20160119 151200;10.51;10.51;10.505;10.505;400
20160119 151300;10.6499;10.65;10.55;10.55;1100
20160119 151500;10.5601;10.57;10.5601;10.57;400
20160119 151600;10.5601;10.5601;10.5601;10.5601;100
20160119 151700;10.57;10.57;10.5501;10.555;800
20160119 151800;10.5501;10.555;10.5501;10.555;200
20160119 152000;10.56;10.56;10.55;10.55;800
20160119 152100;10.48;10.5;10.47;10.48;900
20160119 152200;10.4601;10.475;10.38;10.38;1303
20160119 152300;10.37;10.37;10.37;10.37;100
20160119 152600;10.41;10.41;10.39;10.39;1200
20160119 152700;10.38;10.38;10.3289;10.36;2500
20160119 152800;10.36;10.36;10.36;10.36;300
20160119 152900;10.35;10.35;10.35;10.35;200
20160119 153100;10.37;10.37;10.365;10.37;1200
20160119 153300;10.36;10.36;10.16;10.35;5700
20160119 153400;10.235;10.3;10.1701;10.21;900
20160119 153500;10.21;10.21;10.02;10.08;2000
20160119 153600;9.84;10.01;9.84;10;1107
20160119 153700;9.96;10.12;9.96;10.1;1557
20160119 153800;10.1;10.11;10.05;10.05;1300
20160119 153900;10.04;10.04;10;10.01;400
20160119 154000;10.0501;10.0501;10.0501;10.0501;100
20160119 154100;10.1887;10.1887;10.06;10.12;800
20160119 154200;10.1774;10.1774;10.05;10.05;1500
20160119 154300;10.05;10.0637;10;10;800
20160119 154400;10.03;10.0599;9.7;9.7;1200
20160119 154500;9.52;9.52;9.52;9.52;100
20160119 154700;9.56;9.56;9.34;9.4;1140
20160119 154800;9.43;9.573;9.43;9.52;1300
20160119 154900;9.41;9.46;9.41;9.46;500
20160119 155000;9.56;9.6499;9.56;9.6499;400
20160119 155100;9.69;9.6999;9.69;9.6999;200
20160119 155200;9.92;9.92;9.92;9.92;200
20160119 155300;9.89;9.89;9.89;9.89;100
20160119 155400;9.82;9.82;9.82;9.82;100
20160119 155500;9.68;9.71;9.5;9.5;1000
20160119 155600;9.5;9.5;9.4999;9.5;2500
20160119 155700;9.53;9.54;9.5;9.54;300
20160119 155800;9.5201;9.55;9.5201;9.55;650
20160119 155900;9.529;9.529;9.529;9.529;150
20160119 160000;9.54;9.55;9.41;9.41;2396
20160119 170800;9.41;9.41;9.41;9.41;12
20160120 093300;8.95;9.1;8.8401;9.1;2600
20160120 093400;9.11;9.22;9.11;9.22;1500
20160120 093500;9.31;9.31;9.25;9.25;2400
20160120 093600;9.25;9.4;9.06;9.4;2349
20160120 093700;9.48;9.48;9.48;9.48;800
20160120 093800;9.4;9.4;9.28;9.33;600
20160120 093900;9.14;9.38;9.14;9.29;1000
20160120 094000;9.3;9.39;9.3;9.39;400
20160120 094100;9.55;9.55;9.55;9.55;397
20160120 094200;9.41;9.41;9.33;9.36;500
20160120 094300;9.4799;9.4799;9.47;9.47;200
20160120 094400;9.61;9.61;9.55;9.6;800
20160120 094500;9.52;9.59;9.52;9.52;1143
20160120 094600;9.41;9.65;9.41;9.65;1500
20160120 094700;9.65;9.66;9.65;9.65;400
20160120 094800;9.64;9.7;9.52;9.52;1047
20160120 094900;9.58;9.72;9.58;9.72;1400
20160120 095000;9.72;9.735;9.65;9.65;2000
20160120 095100;9.56;9.57;9.56;9.5699;1900
20160120 095200;9.57;9.57;9.53;9.53;200
20160120 095300;9.7;9.7;9.58;9.58;300
20160120 095400;9.53;9.53;9.53;9.53;300
20160120 095500;9.46;9.46;9.44;9.44;600
20160120 095600;9.43;9.56;9.43;9.56;921
20160120 095700;9.38;9.38;9.38;9.38;100
20160120 100100;9.215;9.215;8.7;8.7;2000
20160120 100200;8.697;8.697;8.697;8.697;1984
20160120 100600;8.76;8.9;8.76;8.84;1500
20160120 100700;8.98;8.98;8.88;8.8801;1900
20160120 100800;8.8999;9.53;8.82;9.35;5400
20160120 100900;9.22;9.32;9.2101;9.2101;1000
20160120 101000;9.22;9.22;9.2101;9.2101;600
20160120 101400;8.8999;8.9;8.815;8.9;1000
20160120 101500;8.91;9.1;8.91;9.1;1700
20160120 101700;9;9;9;9;276
20160120 102000;8.93;8.93;8.93;8.93;500
20160120 102300;8.926;8.926;8.9001;8.9001;1000
20160120 103200;8.85;8.9;8.85;8.9;1000
20160120 103300;8.94;9.02;8.94;8.95;1200
20160120 103400;8.95;8.95;8.95;8.95;246
20160120 103500;8.95;8.95;8.9;8.9;200
20160120 103600;8.95;8.95;8.88;8.88;323
20160120 103700;8.815;8.8299;8.7201;8.7201;1300
20160120 103800;8.76;8.76;8.72;8.72;200
20160120 104100;8.52;8.54;8.5101;8.5101;600
20160120 104400;8.52;8.52;8.5101;8.5101;200
20160120 104500;8.34;8.34;8.33;8.33;300
20160120 104600;8.31;8.32;8.31;8.32;300
20160120 105000;8.16;8.16;8.15;8.1501;400
20160120 110100;8.46;8.46;8.46;8.46;100
20160120 110600;8.46;8.46;8.46;8.46;100
20160120 112100;8.7199;8.7199;8.7199;8.7199;300
20160120 112700;8.56;8.56;8.56;8.56;100
20160120 114600;8.3994;8.3994;8.3994;8.3994;200
20160120 114900;8.55;8.55;8.55;8.55;100
20160120 115600;8.331;8.331;8.331;8.331;250
20160120 115800;8.33;8.33;8.33;8.33;206
20160120 115900;8.4;8.4;8.4;8.4;400
20160120 120000;8.39;8.45;8.39;8.45;300
20160120 120900;8.49;8.5;8.49;8.5;300
20160120 121300;8.4;8.4;8.4;8.4;100
20160120 121500;8.39;8.39;8.39;8.39;100
20160120 121800;8.5;8.5;8.5;8.5;100
20160120 121900;8.5;8.5;8.5;8.5;100
20160120 124000;8.54;8.54;8.54;8.54;100
20160120 125500;8.63;8.65;8.63;8.65;300
20160120 125700;8.66;8.66;8.66;8.66;100
20160120 131100;8.72;8.72;8.72;8.72;100
20160120 134300;8.8001;8.96;8.8001;8.96;700
20160120 134600;9.08;9.08;9.08;9.08;200
20160120 140600;8.97;8.97;8.97;8.97;100
20160120 141300;9.14;9.14;9.14;9.14;500
20160120 142100;9.19;9.19;9.19;9.19;300
20160120 142600;9.2;9.2;9.2;9.2;100
20160120 143000;9.2;9.2;9.2;9.2;100
20160120 143600;9.0701;9.0701;9.0701;9.0701;100
20160120 144900;9.15;9.15;9.15;9.15;100
20160120 145700;9.16;9.16;9.16;9.16;1000
20160120 150000;9.12;9.12;9.12;9.12;100
20160120 152200;9.3001;9.3001;9.3001;9.3001;100
20160120 152800;9.35;9.36;9.35;9.36;300
20160120 152900;9.4;9.4;9.4;9.4;300
20160120 153100;9.45;9.45;9.45;9.45;200
20160120 153200;9.5045;9.5045;9.5045;9.5045;480
20160120 153400;9.59;9.59;9.59;9.59;100
20160120 155300;9.49;9.49;9.4801;9.4801;200
20160120 160000;9.49;9.49;9.39;9.4;2168
20160120 161700;9.4;9.4;9.4;9.4;47
20160121 090600;9.4;9.4;9.4;9.4;204
20160121 093500;8.93;8.93;8.93;8.93;100
20160121 094500;9.11;9.23;9.11;9.23;200
20160121 094600;9.11;9.11;9.01;9.06;700
20160121 094700;8.87;8.87;8.87;8.87;100
20160121 094800;8.84;9;8.84;9;700
20160121 094900;9.1;9.2001;8.92;9.2001;2100
20160121 095100;9.23;9.2999;9.23;9.2999;200
20160121 095200;9.45;9.45;9.45;9.45;100
20160121 095300;9.22;9.22;9.2101;9.2101;500
20160121 100100;9.5;9.5001;9.5;9.5001;250
20160121 100200;9.53;9.8426;9.53;9.5301;800
20160121 100900;9.62;9.62;9.44;9.44;700
20160121 101000;9.4301;9.57;9.4301;9.57;300
20160121 101300;9.68;9.68;9.68;9.68;100
20160121 101500;9.71;9.71;9.71;9.71;100
20160121 101700;9.65;9.65;9.62;9.62;200
20160121 101900;9.62;9.62;9.62;9.62;100
20160121 102400;9.75;9.83;9.75;9.83;200
20160121 102500;9.78;9.78;9.66;9.66;600
20160121 102700;9.585;9.6;9.585;9.6;300
20160121 102800;9.6;9.6;9.5601;9.5601;200
20160121 102900;9.5601;9.6;9.5601;9.6;600
20160121 103000;9.5999;9.61;9.5825;9.61;1075
20160121 103100;9.59;9.6;9.59;9.6;500
20160121 103200;9.6;9.6;9.6;9.6;100
20160121 103500;9.65;9.7199;9.65;9.71;1200
20160121 103600;9.695;9.94;9.695;9.94;600
20160121 103700;10;10;9.9;9.9;500
20160121 103800;9.75;9.75;9.75;9.75;100
20160121 103900;9.81;9.9;9.81;9.86;300
20160121 104200;9.9;9.9;9.9;9.9;200
20160121 104300;9.9;9.9;9.87;9.87;600
20160121 104400;9.8401;9.8401;9.81;9.81;300
20160121 104500;9.83;9.83;9.67;9.75;800
20160121 105100;9.81;9.81;9.81;9.81;100
20160121 105800;9.74;9.74;9.74;9.74;100
20160121 110400;9.7101;9.7101;9.7101;9.7101;300
20160121 112000;9.7301;9.7301;9.7301;9.7301;100
20160121 112900;9.76;9.76;9.76;9.76;700
20160121 113000;9.67;9.67;9.67;9.67;100
20160121 113900;9.6554;9.6554;9.6554;9.6554;1000
20160121 114000;9.7;9.7;9.7;9.7;100
20160121 114400;9.625;9.66;9.625;9.66;200
20160121 114600;9.66;9.66;9.66;9.66;300
20160121 115700;9.74;9.75;9.74;9.75;500
20160121 121000;9.7101;9.7101;9.7101;9.7101;100
20160121 122200;9.7;9.7;9.7;9.7;100
20160121 123700;9.8135;9.8135;9.8135;9.8135;100
20160121 124000;9.7101;9.7101;9.7101;9.7101;100
20160121 124100;9.7588;9.7588;9.7588;9.7588;150
20160121 124600;9.69;9.69;9.69;9.69;100
20160121 124700;9.69;9.69;9.69;9.69;200
20160121 125000;9.675;9.69;9.63;9.68;1000
20160121 130000;9.63;9.63;9.63;9.63;100
20160121 130400;9.63;9.63;9.63;9.63;200
20160121 131000;9.67;9.67;9.625;9.625;300
20160121 132300;9.61;9.61;9.61;9.61;200
20160121 133400;9.58;9.62;9.58;9.62;201
20160121 133500;9.56;9.56;9.5;9.5;500
20160121 133800;9.55;9.6;9.52;9.6;800
20160121 133900;9.54;9.61;9.54;9.61;700
20160121 134000;9.54;9.57;9.54;9.57;292
20160121 134300;9.5201;9.5201;9.5201;9.5201;100
20160121 140200;9.5;9.5;9.5;9.5;100
20160121 141100;9.47;9.47;9.47;9.47;200
20160121 141300;9.38;9.38;9.38;9.38;200
20160121 141400;9.3601;9.3601;9.3601;9.3601;100
20160121 142100;9.37;9.42;9.37;9.42;200
20160121 142300;9.4;9.4;9.4;9.4;100
20160121 142400;9.4;9.4;9.4;9.4;100
20160121 144500;9.36;9.36;9.36;9.36;100
20160121 145700;9.44;9.44;9.44;9.44;400
20160121 150300;9.45;9.45;9.45;9.45;100
20160121 150500;9.44;9.44;9.44;9.44;100
20160121 150600;9.44;9.44;9.44;9.44;100
20160121 151000;9.41;9.41;9.41;9.41;200
20160121 151100;9.31;9.31;9.31;9.31;100
20160121 152300;9.37;9.37;9.33;9.33;300
20160121 152600;9.37;9.42;9.37;9.42;400
20160121 153000;9.43;9.43;9.43;9.43;100
20160121 153200;9.465;9.465;9.465;9.465;100
20160121 155600;9.47;9.47;9.47;9.47;200
20160121 155700;9.47;9.47;9.47;9.47;200
20160121 160000;9.4642;9.47;9.45;9.45;1321
20160122 093000;9.69;9.69;9.69;9.69;4
20160122 093400;9.52;9.52;9.52;9.52;500
20160122 093600;9.51;9.51;9.48;9.51;400
20160122 093700;9.52;9.52;9.52;9.52;100
20160122 093800;9.45;9.52;9.45;9.52;700
20160122 093900;9.68;9.68;9.61;9.61;200
20160122 094000;9.58;9.58;9.58;9.58;500
20160122 094100;9.57;9.62;9.53;9.53;1200
20160122 094200;9.4;9.4;9.27;9.34;800
20160122 094300;9.3;9.64;9.3;9.52;2900
20160122 094500;9.4;9.48;9.29;9.48;2800
20160122 094600;9.48;9.53;9.47;9.53;500
20160122 094700;9.61;9.63;9.54;9.54;900
20160122 094800;9.42;9.52;9.41;9.425;2100
20160122 094900;9.36;9.36;9.32;9.32;400
20160122 095000;9.25;9.34;9.24;9.34;1300
20160122 095100;9.35;9.4;9.32;9.4;700
20160122 095700;9.38;9.38;9.38;9.38;200
20160122 100600;9.35;9.35;9.35;9.35;100
20160122 101800;9.36;9.36;9.36;9.36;100
20160122 102100;9.35;9.35;9.35;9.35;200
20160122 105100;9.36;9.36;9.3538;9.3538;200
20160122 110700;9.36;9.36;9.36;9.36;100
20160122 111300;9.36;9.36;9.36;9.36;100
20160122 111700;9.4;9.4;9.4;9.4;300
20160122 113400;9.41;9.41;9.41;9.41;100
20160122 114300;9.35;9.35;9.35;9.35;100
20160122 114500;9.34;9.34;9.31;9.31;1325
20160122 115400;9.38;9.38;9.38;9.38;200
20160122 121500;9.45;9.45;9.43;9.43;475
20160122 124000;9.53;9.53;9.53;9.53;200
20160122 124100;9.5;9.5;9.5;9.5;700
20160122 124200;9.5;9.5;9.5;9.5;300
20160122 124300;9.5;9.59;9.5;9.59;400
20160122 124400;9.5;9.5;9.5;9.5;100
20160122 124800;9.5;9.5;9.5;9.5;100
20160122 125900;9.5;9.5;9.49;9.49;200
20160122 130400;9.48;9.48;9.47;9.47;200
20160122 130500;9.42;9.42;9.4;9.4;4834
20160122 130600;9.39;9.39;9.28;9.28;1400
20160122 131500;9.25;9.25;9.25;9.25;100
20160122 131700;9.25;9.25;9.25;9.25;200
20160122 131800;9.27;9.27;9.27;9.27;100
20160122 131900;9.19;9.19;9.19;9.19;100
20160122 132000;9.22;9.24;9.22;9.24;500
20160122 132100;9.24;9.24;9.2;9.2;300
20160122 132200;9.19;9.19;9.19;9.19;400
20160122 132300;9.25;9.25;9.2;9.21;1500
20160122 132400;9.25;9.25;9.25;9.25;300
20160122 132500;9.23;9.23;9.23;9.23;300
20160122 132600;9.15;9.21;9.15;9.21;600
20160122 132800;9.23;9.23;9.19;9.19;699
20160122 133000;9.25;9.25;9.25;9.25;200
20160122 133100;9.21;9.24;9.21;9.24;800
20160122 133200;9.21;9.21;9.18;9.18;700
20160122 133300;9.24;9.24;9.24;9.24;100
20160122 133400;9.21;9.21;9.2;9.2;200
20160122 133500;9.2;9.24;9.2;9.21;3500
20160122 133600;9.24;9.24;9.24;9.24;500
20160122 133700;9.21;9.21;9.2;9.2;300
20160122 133800;9.21;9.21;9.21;9.21;200
20160122 134000;9.21;9.25;9.21;9.24;1500
20160122 134100;9.2;9.21;9.2;9.21;1100
20160122 134200;9.19;9.21;9.19;9.2;500
20160122 134400;9.25;9.25;9.14;9.21;700
20160122 134500;9.21;9.21;9.17;9.17;200
20160122 134600;9.23;9.23;9.23;9.23;100
20160122 134700;9.19;9.23;9.13;9.13;300
20160122 135000;9.18;9.18;9.12;9.12;400
20160122 135500;9.07;9.1;9.07;9.1;400
20160122 135600;9.11;9.16;9.11;9.16;500
20160122 140100;9.1;9.1;9.1;9.1;100
20160122 140400;9.09;9.09;9.09;9.09;100
20160122 140500;9.09;9.19;9.09;9.15;600
20160122 140600;9.12;9.12;9.11;9.11;200
20160122 141000;9.05;9.05;9.05;9.05;100
20160122 144100;9;9;9;9;300
20160122 145500;9.0615;9.0615;9.0615;9.0615;405
20160122 145900;9.1;9.1;9;9;200
20160122 151400;9.0899;9.0899;9.0899;9.0899;100
20160122 151800;9.02;9.02;9.02;9.02;300
20160122 152700;9.01;9.01;9.01;9.01;100
20160122 153000;9.02;9.07;9.02;9.07;500
20160122 153100;9.02;9.02;9.02;9.02;100
20160122 153700;9.05;9.05;9.05;9.05;100
20160122 154500;9.04;9.05;9.04;9.05;200
20160122 154600;9.01;9.01;9.01;9.01;100
20160122 154900;9;9;9;9;100
20160122 155100;9.05;9.05;9.05;9.05;100
20160122 155200;9.05;9.05;9.03;9.04;900
20160122 155600;9.07;9.07;9.02;9.03;400
20160122 155700;9.01;9.03;8.99;8.99;300
20160122 155800;9.03;9.03;9.03;9.03;255
20160122 155900;9.03;9.03;9.03;9.03;300
20160122 160000;9.04;9.04;9.04;9.04;843
20160122 161900;9.04;9.04;9.04;9.04;11
20160122 162600;9.04;9.04;9.04;9.04;332
20160125 093600;8.8901;8.9;8.89;8.89;300
20160125 093700;9.79;9.7999;9.78;9.78;300
20160125 093800;9.21;9.21;9.21;9.21;100
20160125 093900;8.94;9.05;8.87;8.87;800
20160125 094000;8.87;9.05;8.87;9.045;1700
20160125 094100;9.12;9.12;9.09;9.09;200
20160125 094300;9.3;9.48;9.3;9.48;900
20160125 094400;9.44;9.45;9.19;9.19;1200
20160125 094500;9.19;9.19;9.03;9.03;1200
20160125 094600;9.13;9.27;9.13;9.27;400
20160125 094700;9.27;9.32;9.23;9.23;1800
20160125 094800;9.22;9.22;9.21;9.21;200
20160125 095000;9.05;9.05;8.91;8.91;1000
20160125 095100;8.89;8.96;8.89;8.96;800
20160125 095200;9;9.03;8.92;8.92;1100
20160125 095300;9;9;8.92;8.98;2906
20160125 095400;9;9;9;9;419
20160125 100000;8.95;8.95;8.9;8.9;700
20160125 100500;8.95;9;8.95;9;1100
20160125 105800;8.93;8.93;8.93;8.93;100
20160125 111100;8.87;8.87;8.87;8.87;100
20160125 112900;8.78;8.78;8.78;8.78;100
20160125 115200;8.8;8.82;8.64;8.8104;2080
20160125 115900;8.68;8.68;8.6799;8.68;400
20160125 123200;8.7095;8.7095;8.7095;8.7095;375
20160125 124100;8.74;8.74;8.74;8.74;100
20160125 124800;8.79;8.79;8.79;8.79;100
20160125 125500;8.75;8.75;8.75;8.75;600
20160125 131100;8.73;8.73;8.73;8.73;100
20160125 131500;8.75;8.75;8.75;8.75;300
20160125 132100;8.76;8.76;8.76;8.76;300
20160125 134900;8.76;8.76;8.76;8.76;100
20160125 135000;8.73;8.73;8.73;8.73;200
20160125 140200;8.65;8.65;8.65;8.65;200
20160125 141900;8.61;8.61;8.44;8.44;778
20160125 142000;8.56;8.56;8.56;8.56;200
20160125 151200;8.43;8.43;8.43;8.43;200
20160125 153300;8.31;8.31;8.31;8.31;100
20160125 155300;8.2;8.2;8.2;8.2;100
20160125 155700;8.1442;8.1442;8.1442;8.1442;200
20160125 155900;8.15;8.15;8.1291;8.15;800
20160125 160000;8.15;8.16;8.15;8.16;446
20160125 160100;8.16;8.16;8.16;8.16;1
20160125 172600;8.16;8.16;8.16;8.16;117
20160126 093200;8.33;8.33;8.17;8.26;900
20160126 093300;8.16;8.17;8.1;8.14;400
20160126 093400;8;8;8;8;100
20160126 093500;7.89;7.98;7.88;7.98;1000
20160126 093600;7.9;7.9;7.74;7.81;600
20160126 093700;7.9093;7.9093;7.875;7.875;2200
20160126 093800;7.9574;8.21;7.94;8.16;7200
20160126 093900;8.07;8.17;8.06;8.1;4800
20160126 094100;8;8;8;8;578
20160126 094300;8.05;8.05;8.05;8.05;100
20160126 094400;8.05;8.05;8.05;8.05;100
20160126 094700;7.99;8.28;7.9577;8.2618;4761
20160126 094800;8.23;8.32;8.21;8.266;7300
20160126 094900;8.2118;8.233;8.2;8.2;7000
20160126 095000;8.05;8.05;8.05;8.05;200
20160126 095400;8.05;8.09;8.05;8.0786;900
20160126 095600;8.06;8.1;8.06;8.1;500
20160126 100500;8.1;8.11;8.1;8.11;200
20160126 102300;8.15;8.16;8.15;8.16;500
20160126 103300;8.13;8.13;8.13;8.13;200
20160126 103400;8.07;8.07;8.07;8.07;100
20160126 104200;8.1592;8.17;8.1592;8.17;771
20160126 110100;8.09;8.09;8.09;8.09;200
20160126 110500;8.11;8.11;8.11;8.11;671
20160126 110800;8.0401;8.0401;8.0401;8.0401;100
20160126 111100;8;8;8;8;100
20160126 111200;7.99;7.99;7.94;7.94;500
20160126 111500;7.97;7.97;7.97;7.97;300
20160126 112600;7.93;7.93;7.93;7.93;400
20160126 113100;7.98;7.99;7.98;7.99;200
20160126 113700;7.96;7.96;7.96;7.96;100
20160126 114000;7.96;7.96;7.96;7.96;200
20160126 115000;7.97;7.97;7.95;7.954;600
20160126 115100;7.965;7.965;7.95;7.95;202
20160126 115200;8;8;8;8;200
20160126 115500;7.98;7.98;7.98;7.98;200
20160126 120100;7.93;7.93;7.93;7.93;100
20160126 121000;7.93;7.93;7.93;7.93;200
20160126 121700;7.96;7.96;7.95;7.95;400
20160126 121900;7.91;7.91;7.91;7.91;200
20160126 122000;7.9;7.95;7.9;7.95;300
20160126 122100;7.93;7.93;7.93;7.93;300
20160126 122500;7.94;7.94;7.94;7.94;100
20160126 123100;7.99;8;7.955;7.955;300
20160126 124600;7.94;7.94;7.94;7.94;100
20160126 130300;7.91;7.91;7.91;7.91;400
20160126 130400;7.91;7.91;7.91;7.91;200
20160126 132200;7.95;7.95;7.95;7.95;300
20160126 132900;7.975;7.975;7.975;7.975;100
20160126 133500;7.9501;7.96;7.95;7.95;300
20160126 135600;7.89;7.89;7.89;7.89;100
20160126 140500;7.8515;7.8515;7.8306;7.8306;498
20160126 141600;7.85;7.85;7.85;7.85;300
20160126 142700;7.83;7.83;7.83;7.83;100
20160126 143700;7.81;7.81;7.81;7.81;200
20160126 143800;7.81;7.81;7.81;7.81;100
20160126 144600;7.8;7.8;7.8;7.8;100
20160126 145300;7.78;7.78;7.78;7.78;599
20160126 145800;7.75;7.75;7.73;7.73;300
20160126 150500;7.6401;7.6401;7.6401;7.6401;500
20160126 150900;7.65;7.65;7.65;7.65;100
20160126 151100;7.64;7.655;7.6115;7.63;1100
20160126 152100;7.62;7.62;7.62;7.62;100
20160126 152400;7.62;7.62;7.62;7.62;100
20160126 153200;7.616;7.62;7.616;7.62;499
20160126 154200;7.66;7.66;7.66;7.66;500
20160126 154600;7.67;7.67;7.665;7.67;500
20160126 155100;7.69;7.69;7.68;7.68;200
20160126 155300;7.695;7.695;7.695;7.695;200
20160126 155500;7.695;7.695;7.695;7.695;100
20160126 155700;7.695;7.695;7.695;7.695;100
20160126 155800;7.695;7.695;7.695;7.695;100
20160126 155900;7.695;7.695;7.695;7.695;100
20160126 160000;7.695;7.71;7.66;7.66;4500
20160126 162800;7.66;7.66;7.66;7.66;80
20160126 163100;7.66;7.66;7.66;7.66;13
20160127 093400;7.85;7.85;7.73;7.73;600
20160127 093500;7.61;7.61;7.54;7.54;1000
20160127 093600;7.57;7.57;7.57;7.57;100
20160127 093800;7.64;7.64;7.57;7.63;500
20160127 093900;7.64;7.69;7.61;7.61;500
20160127 094000;7.7;7.75;7.66;7.75;1200
20160127 094100;7.75;7.91;7.75;7.91;1000
20160127 094200;8.01;8.01;7.9;7.9;700
20160127 094300;7.93;7.93;7.7501;7.84;1259
20160127 095300;7.71;7.71;7.71;7.71;100
20160127 100000;7.6;7.6;7.6;7.6;100
20160127 100300;7.58;7.58;7.56;7.56;300
20160127 100400;7.56;7.56;7.56;7.56;100
20160127 101200;7.53;7.53;7.53;7.53;100
20160127 102100;7.5;7.6;7.5;7.6;200
20160127 103100;7.5;7.5;7.5;7.5;400
20160127 103600;7.5;7.5;7.49;7.49;400
20160127 103800;7.5;7.5;7.5;7.5;900
20160127 104000;7.53;7.53;7.53;7.53;100
20160127 104400;7.5399;7.5399;7.5399;7.5399;500
20160127 104500;7.5;7.57;7.5;7.56;500
20160127 104800;7.58;7.58;7.58;7.58;600
20160127 104900;7.56;7.56;7.56;7.56;200
20160127 110000;7.61;7.61;7.61;7.61;100
20160127 111100;7.62;7.62;7.59;7.59;200
20160127 111200;7.59;7.59;7.59;7.59;100
20160127 112600;7.59;7.59;7.59;7.59;100
20160127 113000;7.66;7.66;7.66;7.66;500
20160127 114000;7.76;7.76;7.76;7.76;200
20160127 114800;7.87;7.87;7.67;7.67;600
20160127 114900;7.77;7.77;7.77;7.77;100
20160127 115400;7.74;7.74;7.74;7.74;100
20160127 122300;7.7341;7.7341;7.69;7.69;200
20160127 123500;7.69;7.69;7.67;7.67;300
20160127 125800;7.6358;7.6358;7.6358;7.6358;500
20160127 125900;7.62;7.62;7.62;7.62;100
20160127 130100;7.62;7.62;7.5;7.5;2230
20160127 134100;7.54;7.54;7.53;7.53;200
20160127 135100;7.56;7.56;7.51;7.51;200
20160127 135200;7.55;7.55;7.52;7.52;500
20160127 140300;7.51;7.51;7.5;7.5;700
20160127 140400;7.5;7.5;7.5;7.5;300
20160127 140800;7.46;7.46;7.46;7.46;100
20160127 140900;7.44;7.44;7.44;7.44;100
20160127 141200;7.42;7.42;7.42;7.42;200
20160127 141900;7.4;7.4;7.4;7.4;200
20160127 142300;7.37;7.37;7.37;7.37;100
20160127 142700;7.33;7.33;7.33;7.33;200
20160127 144000;7.28;7.28;7.28;7.28;200
20160127 144200;7.1801;7.1801;7.1801;7.1801;600
20160127 144800;7.19;7.22;7.19;7.22;200
20160127 144900;7.2;7.2;7.2;7.2;700
20160127 145700;7.15;7.16;7.05;7.05;1450
20160127 145900;7.1;7.1;7.055;7.055;600
20160127 150200;7.09;7.09;7.09;7.09;100
20160127 150400;7.06;7.06;7.06;7.06;100
20160127 150700;7.07;7.07;7.07;7.07;400
20160127 150900;7.06;7.2;7.06;7.2;1510
20160127 152800;7.19;7.19;7.19;7.19;100
20160127 153800;7.09;7.09;7.09;7.09;600
20160127 154000;7.12;7.18;7.12;7.18;598
20160127 154200;7.13;7.13;7.13;7.13;200
20160127 154300;7.1299;7.15;7.1299;7.15;600
20160127 154800;7.21;7.21;7.21;7.21;100
20160127 155200;7.1495;7.16;7.1495;7.16;200
20160127 155900;7.18;7.18;7.18;7.18;200
20160127 160000;7.18;7.18;7.15;7.15;629
20160127 161900;7.15;7.15;7.15;7.15;93
20160127 163100;7.15;7.15;7.15;7.15;92
20160128 093500;7.18;7.23;7.12;7.21;2900
20160128 093600;7.15;7.15;7.15;7.15;100
20160128 093700;7.21;7.21;7.21;7.21;100
20160128 093800;7.17;7.17;7.17;7.17;100
20160128 093900;7.05;7.11;7.05;7.11;510
20160128 094200;7.02;7.02;7.02;7.02;200
20160128 094300;6.86;6.86;6.69;6.69;1400
20160128 094400;6.68;6.8;6.68;6.8;3600
20160128 094500;6.84;7.07;6.84;6.95;2400
20160128 094600;6.85;7.0458;6.8051;6.9;16500
20160128 094700;6.9;6.95;6.9;6.9398;6600
20160128 094900;6.88;6.88;6.88;6.88;300
20160128 095000;6.92;6.92;6.88;6.88;600
20160128 095100;6.83;6.83;6.8;6.8;700
20160128 095400;6.8;6.8;6.8;6.8;300
20160128 095500;6.82;6.9;6.82;6.9;300
20160128 095600;6.9;6.9;6.9;6.9;200
20160128 100000;6.88;6.88;6.87;6.87;300
20160128 100200;6.89;7.18;6.87;7;4400
20160128 100300;7.05;7.18;6.9224;6.9224;18976
20160128 100400;6.94;6.96;6.75;6.84;20999
20160128 100500;6.84;6.8514;6.7101;6.8514;2472
20160128 100900;6.73;6.74;6.7;6.7;5539
20160128 101000;6.514;6.514;6.49;6.49;330
20160128 101300;6.612;6.612;6.612;6.612;300
20160128 101400;6.54;6.54;6.54;6.54;200
20160128 101500;6.48;6.4801;6.35;6.48;1776
20160128 101600;6.36;6.45;6.36;6.45;3400
20160128 102100;6.5;6.5;6.5;6.5;100
20160128 102200;6.4167;6.4167;6.4167;6.4167;600
20160128 102500;6.45;6.45;6.35;6.35;200
20160128 102800;6.404;6.46;6.404;6.46;800
20160128 103000;6.525;6.525;6.525;6.525;100
20160128 103100;6.471;6.471;6.46;6.46;1200
20160128 103200;6.42;6.42;6.42;6.42;300
20160128 103300;6.41;6.41;6.2;6.26;13939
20160128 103800;6.36;6.64;6.36;6.5;1600
20160128 103900;6.45;6.45;6.45;6.45;700
20160128 104300;6.46;6.5;6.46;6.5;1100
20160128 105100;6.565;6.565;6.565;6.565;100
20160128 105300;6.63;6.63;6.51;6.52;900
20160128 105400;6.585;6.61;6.5;6.5566;1200
20160128 105900;6.56;6.56;6.52;6.52;300
20160128 110000;6.57;6.57;6.57;6.57;100
20160128 110100;6.6;6.6;6.6;6.6;1300
20160128 110300;6.51;6.51;6.51;6.51;200
20160128 110600;6.53;6.53;6.53;6.53;100
20160128 110700;6.55;6.57;6.55;6.57;1200
20160128 111400;6.595;6.595;6.595;6.595;100
20160128 111600;6.6493;6.6493;6.6493;6.6493;100
20160128 111800;6.62;6.62;6.61;6.62;300
20160128 111900;6.65;6.67;6.56;6.56;600
20160128 112000;6.565;6.565;6.565;6.565;100
20160128 112200;6.58;6.59;6.58;6.59;500
20160128 112300;6.58;6.58;6.555;6.555;600
20160128 112500;6.59;6.59;6.57;6.585;400
20160128 113200;6.59;6.59;6.59;6.59;200
20160128 113300;6.58;6.6;6.58;6.58;1194
20160128 113400;6.57;6.58;6.57;6.58;200
20160128 114000;6.57;6.59;6.57;6.59;200
20160128 114100;6.61;6.61;6.61;6.61;100
20160128 114200;6.6299;6.6299;6.6299;6.6299;150
20160128 115300;6.55;6.55;6.55;6.55;100
20160128 120100;6.53;6.53;6.5075;6.5075;300
20160128 120600;6.5;6.502;6.417;6.454;4100
20160128 123500;6.48;6.48;6.48;6.48;200
20160128 123600;6.5;6.5;6.5;6.5;100
20160128 125400;6.55;6.56;6.55;6.55;500
20160128 125500;6.53;6.55;6.53;6.55;200
20160128 130000;6.5;6.5;6.5;6.5;100
20160128 130300;6.54;6.54;6.54;6.54;100
20160128 130500;6.55;6.55;6.55;6.55;100
20160128 130600;6.54;6.54;6.54;6.54;200
20160128 130700;6.53;6.53;6.53;6.53;100
20160128 132100;6.475;6.475;6.475;6.475;100
20160128 132400;6.43;6.43;6.43;6.43;100
20160128 133700;6.37;6.37;6.37;6.37;100
20160128 133900;6.41;6.41;6.41;6.41;300
20160128 134200;6.42;6.42;6.42;6.42;100
20160128 140300;6.39;6.39;6.39;6.39;300
20160128 140600;6.46;6.46;6.46;6.46;100
20160128 141900;6.45;6.45;6.45;6.45;100
20160128 142100;6.428;6.428;6.428;6.428;618
20160128 143100;6.46;6.46;6.46;6.46;300
20160128 143600;6.441;6.441;6.42;6.42;800
20160128 143700;6.41;6.41;6.41;6.41;100
20160128 145500;6.3;6.3;6.3;6.3;100
20160128 150300;6.31;6.31;6.2901;6.2901;666
20160128 150400;6.31;6.31;6.31;6.31;300
20160128 150500;6.295;6.295;6.295;6.295;200
20160128 151500;6.33;6.33;6.33;6.33;300
20160128 152000;6.39;6.39;6.39;6.39;200
20160128 152300;6.38;6.38;6.37;6.37;300
20160128 152700;6.38;6.38;6.38;6.38;600
20160128 152800;6.38;6.38;6.38;6.38;100
20160128 152900;6.37;6.37;6.37;6.37;100
20160128 153000;6.37;6.37;6.36;6.36;300
20160128 153400;6.37;6.4;6.37;6.39;900
20160128 153500;6.4;6.4;6.35;6.35;200
20160128 153700;6.3946;6.3946;6.3946;6.3946;150
20160128 154200;6.39;6.4;6.3662;6.3662;1164
20160128 154500;6.37;6.4;6.37;6.4;800
20160128 154700;6.36;6.36;6.36;6.36;100
20160128 155300;6.38;6.3801;6.38;6.38;1100
20160128 155400;6.36;6.36;6.35;6.35;400
20160128 155500;6.35;6.35;6.35;6.35;500
20160128 155600;6.34;6.34;6.31;6.31;1306
20160128 155700;6.31;6.31;6.31;6.31;321
20160128 155800;6.31;6.31;6.31;6.31;100
20160128 155900;6.3199;6.33;6.3199;6.33;600
20160128 160000;6.32;6.32;6.3;6.3;1437
20160129 095500;6.4178;6.4178;6.4178;6.4178;100
20160129 100000;6.52;6.52;6.52;6.52;177
20160129 100800;6.53;6.6;6.53;6.6;2100
20160129 100900;6.55;6.55;6.55;6.55;100
20160129 101600;6.58;6.58;6.58;6.58;200
20160129 102600;6.62;6.62;6.62;6.62;100
20160129 102700;6.6;6.6;6.6;6.6;500
20160129 103500;6.54;6.54;6.54;6.54;100
20160129 104200;6.59;6.59;6.59;6.59;300
20160129 104400;6.57;6.57;6.57;6.57;100
20160129 104700;6.6;6.6;6.6;6.6;100
20160129 104800;6.6;6.6;6.6;6.6;300
20160129 110500;6.5562;6.5562;6.5562;6.5562;800
20160129 110900;6.5638;6.5638;6.5638;6.5638;200
20160129 111000;6.6;6.6;6.57;6.57;400
20160129 111500;6.615;6.615;6.615;6.615;500
20160129 112800;6.56;6.56;6.56;6.56;400
20160129 113200;6.5;6.5;6.5;6.5;100
20160129 113300;6.49;6.53;6.46;6.46;800
20160129 113400;6.45;6.45;6.39;6.39;1000
20160129 113800;6.42;6.42;6.38;6.3898;1100
20160129 114800;6.3637;6.3637;6.3637;6.3637;160
20160129 115900;6.36;6.36;6.36;6.36;200
20160129 120600;6.36;6.36;6.36;6.36;500
20160129 121000;6.42;6.42;6.42;6.42;200
20160129 121800;6.41;6.41;6.41;6.41;500
20160129 121900;6.41;6.41;6.41;6.41;200
20160129 123100;6.44;6.45;6.44;6.44;600
20160129 123800;6.52;6.52;6.52;6.52;200
20160129 125800;6.53;6.53;6.53;6.53;500
20160129 130300;6.56;6.56;6.56;6.56;300
20160129 130500;6.52;6.52;6.51;6.51;200
20160129 130600;6.51;6.51;6.5;6.5;400
20160129 131000;6.46;6.46;6.46;6.46;100
20160129 131900;6.4301;6.4301;6.4301;6.4301;100
20160129 133100;6.51;6.51;6.47;6.47;700
20160129 133200;6.4339;6.4339;6.4339;6.4339;500
20160129 134200;6.4;6.4;6.4;6.4;100
20160129 135100;6.402;6.402;6.402;6.402;200
20160129 135800;6.4;6.4;6.4;6.4;300
20160129 140900;6.41;6.41;6.41;6.41;300
20160129 141500;6.36;6.3615;6.35;6.358;713
20160129 141600;6.36;6.36;6.36;6.36;200
20160129 141800;6.38;6.38;6.38;6.38;100
20160129 142300;6.42;6.42;6.42;6.42;500
20160129 142400;6.45;6.45;6.45;6.45;100
20160129 143100;6.49;6.49;6.49;6.49;100
20160129 143400;6.48;6.48;6.48;6.48;100
20160129 144300;6.4967;6.4967;6.4967;6.4967;500
20160129 144400;6.4901;6.4901;6.4901;6.4901;435
20160129 145300;6.49;6.49;6.47;6.47;500
20160129 150700;6.4412;6.45;6.4412;6.45;300
20160129 150800;6.448;6.448;6.448;6.448;270
20160129 151500;6.445;6.445;6.445;6.445;100
20160129 151900;6.46;6.465;6.46;6.465;734
20160129 152300;6.465;6.465;6.465;6.465;100
20160129 152600;6.469;6.47;6.469;6.47;1300
20160129 152800;6.465;6.465;6.465;6.465;100
20160129 153200;6.47;6.54;6.4601;6.54;900
20160129 153300;6.53;6.53;6.52;6.52;200
20160129 153600;6.51;6.51;6.51;6.51;200
20160129 153700;6.51;6.51;6.51;6.51;100
20160129 153900;6.58;6.58;6.58;6.58;100
20160129 154000;6.54;6.54;6.54;6.54;500
20160129 154200;6.48;6.48;6.48;6.48;100
20160129 154300;6.56;6.56;6.56;6.56;100
20160129 154600;6.545;6.545;6.535;6.535;300
20160129 154700;6.585;6.585;6.585;6.585;264
20160129 154800;6.61;6.62;6.61;6.6147;400
20160129 154900;6.61;6.61;6.61;6.61;200
20160129 155000;6.64;6.64;6.64;6.64;100
20160129 155100;6.63;6.63;6.63;6.63;100
20160129 155200;6.64;6.64;6.64;6.64;500
20160129 155300;6.66;6.66;6.66;6.66;100
20160129 155400;6.645;6.645;6.645;6.645;100
20160129 155500;6.66;6.66;6.66;6.66;100
20160129 155600;6.65;6.66;6.65;6.66;200
20160129 155700;6.72;6.72;6.72;6.72;100
20160129 155900;6.69;6.69;6.67;6.67;200
20160129 160000;6.64;6.65;6.62;6.62;1712
20160129 163500;6.62;6.62;6.62;6.62;21
20160201 094200;6.45;6.45;6.45;6.45;800
20160201 094300;6.45;6.45;6.45;6.45;300
20160201 095100;6.39;6.39;6.39;6.39;100
20160201 095200;6.39;6.39;6.39;6.39;300
20160201 095500;6.3895;6.3895;6.3895;6.3895;300
20160201 095900;6.42;6.43;6.42;6.43;200
20160201 100300;6.39;6.39;6.39;6.39;400
20160201 100400;6.36;6.36;6.36;6.36;100
20160201 100500;6.36;6.36;6.36;6.36;200
20160201 101200;6.44;6.45;6.44;6.45;300
20160201 101300;6.45;6.45;6.45;6.45;600
20160201 101400;6.45;6.45;6.45;6.45;300
20160201 101500;6.45;6.45;6.45;6.45;200
20160201 101600;6.44;6.4495;6.42;6.42;600
20160201 101900;6.43;6.43;6.43;6.43;100
20160201 102300;6.45;6.45;6.45;6.45;100
20160201 103500;6.42;6.42;6.42;6.42;100
20160201 105700;6.4499;6.4499;6.4499;6.4499;643
20160201 105800;6.45;6.45;6.45;6.45;900
20160201 105900;6.45;6.45;6.45;6.45;300
20160201 110300;6.45;6.45;6.45;6.45;100
20160201 110500;6.45;6.45;6.43;6.44;1500
20160201 110600;6.44;6.45;6.44;6.45;500
20160201 110800;6.5;6.5;6.5;6.5;300
20160201 110900;6.5;6.5;6.4999;6.5;900
20160201 111000;6.5;6.5;6.5;6.5;300
20160201 111200;6.5;6.5;6.5;6.5;200
20160201 111600;6.5;6.5;6.5;6.5;100
20160201 111700;6.5;6.5;6.49;6.5;800
20160201 112000;6.5;6.5;6.5;6.5;400
20160201 112100;6.5;6.5;6.5;6.5;1200
20160201 112200;6.5;6.5;6.4969;6.5;1400
20160201 112300;6.5;6.5;6.5;6.5;500
20160201 112400;6.5;6.5;6.5;6.5;800
20160201 112500;6.5;6.5;6.5;6.5;100
20160201 113200;6.5;6.5;6.5;6.5;100
20160201 113600;6.5;6.5;6.5;6.5;100
20160201 114200;6.48;6.5;6.48;6.5;343
20160201 114300;6.4886;6.4886;6.4886;6.4886;164
20160201 114900;6.49;6.5;6.49;6.5;4800
20160201 115000;6.5;6.5;6.49;6.49;800
20160201 115200;6.49;6.49;6.49;6.49;100
20160201 115500;6.49;6.49;6.47;6.47;700
20160201 115600;6.47;6.47;6.47;6.47;200
20160201 115700;6.465;6.465;6.465;6.465;100
20160201 120100;6.47;6.47;6.47;6.47;100
20160201 120500;6.48;6.4999;6.48;6.4999;800
20160201 121300;6.46;6.47;6.46;6.47;200
20160201 121400;6.49;6.49;6.49;6.49;100
20160201 122000;6.48;6.48;6.48;6.48;400
20160201 122600;6.48;6.48;6.48;6.48;100
20160201 124100;6.47;6.47;6.47;6.47;234
20160201 124800;6.45;6.47;6.45;6.47;200
20160201 125300;6.4693;6.4693;6.4693;6.4693;300
20160201 130400;6.48;6.48;6.48;6.48;200
20160201 130700;6.48;6.48;6.48;6.48;300
20160201 130800;6.48;6.48;6.48;6.48;100
20160201 131900;6.49;6.5;6.49;6.5;500
20160201 132000;6.5;6.5;6.5;6.5;300
20160201 132200;6.5;6.5;6.5;6.5;2296
20160201 132300;6.5;6.5;6.5;6.5;300
20160201 132900;6.5;6.5;6.5;6.5;300
20160201 133000;6.5;6.5;6.5;6.5;200
20160201 133100;6.4837;6.5;6.48;6.5;2024
20160201 133300;6.5;6.5;6.5;6.5;700
20160201 133900;6.48;6.48;6.48;6.48;100
20160201 134100;6.5;6.5;6.5;6.5;100
20160201 134600;6.4766;6.5;6.47;6.5;2400
20160201 135000;6.49;6.49;6.49;6.49;100
20160201 135100;6.5;6.5;6.48;6.48;700
20160201 140000;6.5;6.5;6.5;6.5;1393
20160201 140100;6.5;6.5;6.49;6.49;1607
20160201 140200;6.5;6.52;6.5;6.52;2300
20160201 141100;6.56;6.56;6.56;6.56;100
20160201 141300;6.57;6.57;6.57;6.57;100
20160201 141500;6.56;6.56;6.56;6.56;100
20160201 141800;6.56;6.58;6.56;6.58;200
20160201 142100;6.55;6.55;6.55;6.55;600
20160201 142200;6.5795;6.5795;6.565;6.565;200
20160201 142800;6.54;6.54;6.54;6.54;400
20160201 143500;6.57;6.57;6.57;6.57;100
20160201 144100;6.55;6.55;6.55;6.55;400
20160201 144700;6.575;6.575;6.53;6.53;1100
20160201 144800;6.53;6.53;6.5;6.5;1600
20160201 145100;6.5;6.5;6.36;6.36;800
20160201 145200;6.39;6.3998;6.38;6.39;800
20160201 145400;6.375;6.375;6.375;6.375;100
20160201 145500;6.38;6.4;6.38;6.4;1800
20160201 145700;6.4;6.4;6.4;6.4;300
20160201 145800;6.4;6.4;6.4;6.4;200
20160201 145900;6.4;6.4;6.4;6.4;100
20160201 150000;6.4;6.4;6.4;6.4;200
20160201 150100;6.4;6.4;6.4;6.4;1200
20160201 150400;6.4;6.4;6.4;6.4;100
20160201 150800;6.39;6.39;6.39;6.39;300
20160201 150900;6.39;6.39;6.39;6.39;100
20160201 151000;6.39;6.39;6.39;6.39;100
20160201 151600;6.39;6.39;6.39;6.39;100
20160201 151900;6.4;6.4;6.4;6.4;100
20160201 152200;6.39;6.39;6.38;6.38;400
20160201 152500;6.4;6.4;6.4;6.4;200
20160201 153000;6.38;6.38;6.38;6.38;100
20160201 153300;6.39;6.39;6.39;6.39;100
20160201 154200;6.44;6.44;6.44;6.44;200
20160201 154300;6.49;6.49;6.42;6.42;1400
20160201 154500;6.44;6.44;6.41;6.41;500
20160201 154700;6.41;6.41;6.4;6.4;300
20160201 155300;6.41;6.41;6.4;6.4;200
20160201 155400;6.4;6.4;6.39;6.39;200
20160201 155700;6.39;6.39;6.39;6.39;100
20160201 155900;6.38;6.38;6.38;6.38;100
20160201 160000;6.36;6.39;6.36;6.39;871
20160201 162200;6.39;6.39;6.39;6.39;98
20160202 094100;6.48;6.48;6.48;6.48;100
20160202 101900;6.31;6.31;6.3;6.3;450
20160202 102000;6.25;6.29;6.1735;6.29;1200
20160202 102700;6.21;6.21;6.21;6.21;100
20160202 102800;6.21;6.21;6.21;6.21;100
20160202 103500;6.23;6.23;6.23;6.23;200
20160202 103700;6.29;6.29;6.29;6.29;100
20160202 110600;6.25;6.25;6.25;6.25;100
20160202 110800;6.27;6.27;6.27;6.27;200
20160202 112100;6.3;6.3;6.3;6.3;100
20160202 113000;6.2855;6.32;6.24;6.32;500
20160202 113300;6.34;6.34;6.34;6.34;200
20160202 113400;6.33;6.33;6.33;6.33;100
20160202 114500;6.34;6.34;6.34;6.34;100
20160202 114700;6.36;6.36;6.36;6.36;400
20160202 114900;6.36;6.36;6.35;6.35;600
20160202 115600;6.36;6.36;6.36;6.36;100
20160202 120400;6.28;6.32;6.26;6.32;700
20160202 123800;6.3;6.3;6.3;6.3;600
20160202 124800;6.3;6.3;6.3;6.3;100
20160202 125600;6.3;6.3;6.3;6.3;100
20160202 125700;6.3;6.3;6.3;6.3;100
20160202 125800;6.3;6.3;6.3;6.3;300
20160202 130100;6.3;6.3;6.3;6.3;200
20160202 131000;6.28;6.28;6.28;6.28;200
20160202 131800;6.27;6.27;6.27;6.27;100
20160202 132600;6.31;6.31;6.31;6.31;1000
20160202 133700;6.32;6.32;6.3;6.32;300
20160202 133800;6.31;6.31;6.31;6.31;100
20160202 134400;6.29;6.3;6.29;6.3;466
20160202 141100;6.3;6.3;6.3;6.3;100
20160202 141900;6.3;6.3;6.3;6.3;100
20160202 142400;6.28;6.28;6.28;6.28;100
20160202 142800;6.29;6.29;6.29;6.29;200
20160202 145200;6.285;6.285;6.28;6.28;200
20160202 150000;6.28;6.28;6.28;6.28;100
20160202 151500;6.28;6.28;6.28;6.28;100
20160202 151700;6.29;6.29;6.29;6.29;100
20160202 151800;6.28;6.28;6.28;6.28;100
20160202 152400;6.29;6.33;6.29;6.3;400
20160202 152900;6.3;6.3;6.3;6.3;400
20160202 154400;6.3;6.305;6.3;6.305;500
20160202 154700;6.33;6.33;6.3;6.3;600
20160202 155100;6.29;6.29;6.29;6.29;100
20160202 155300;6.28;6.28;6.2701;6.2701;858
20160202 155400;6.28;6.28;6.28;6.28;400
20160202 155500;6.27;6.27;6.23;6.23;600
20160202 155800;6.26;6.26;6.26;6.26;500
20160202 155900;6.26;6.28;6.26;6.28;400
20160202 160000;6.305;6.305;6.29;6.29;1174
20160202 160100;6.29;6.29;6.29;6.29;20
20160202 162300;6.29;6.29;6.29;6.29;140
20160202 163200;6.29;6.29;6.29;6.29;123
20160203 094300;6.3;6.3;6.3;6.3;200
20160203 094400;6.16;6.16;6.121;6.1221;1500
20160203 094500;6.16;6.16;6.16;6.16;300
20160203 094700;6.165;6.165;6.165;6.165;200
20160203 095100;6.0904;6.0904;6.0904;6.0904;195
20160203 095800;6.11;6.11;6.11;6.11;200
20160203 100500;6.09;6.09;6.05;6.05;400
20160203 100700;6.05;6.0556;6.05;6.0556;1012
20160203 100800;6.09;6.09;6.05;6.05;400
20160203 100900;6.05;6.05;6.05;6.05;500
20160203 102900;6;6;5.94;5.94;1920
20160203 105200;5.87;5.87;5.87;5.87;490
20160203 105400;5.87;5.87;5.87;5.87;100
20160203 105500;5.81;5.81;5.81;5.81;200
20160203 105700;5.88;5.88;5.88;5.88;100
20160203 105800;5.88;5.88;5.845;5.845;900
20160203 110100;5.86;5.86;5.86;5.86;100
20160203 110200;5.84;5.8499;5.84;5.8499;200
20160203 110400;5.82;5.83;5.8;5.81;1200
20160203 110500;5.8;5.8;5.8;5.8;200
20160203 111100;5.84;5.85;5.84;5.85;600
20160203 111400;5.91;5.91;5.91;5.91;200
20160203 111500;5.92;5.92;5.92;5.92;100
20160203 112000;5.95;5.99;5.95;5.99;700
20160203 112100;5.987;5.99;5.987;5.99;600
20160203 112200;6.01;6.03;6.01;6.03;300
20160203 112300;6.12;6.12;6.12;6.12;500
20160203 112600;6.08;6.08;6.06;6.06;200
20160203 113400;6.08;6.08;6.08;6.08;200
20160203 132100;6.21;6.21;6.21;6.21;100
20160203 133200;6.21;6.21;6.21;6.21;100
20160203 133600;6.15;6.15;6.15;6.15;200
20160203 135100;6.165;6.165;6.165;6.165;100
20160203 135900;6.15;6.15;6.15;6.15;100
20160203 140700;6.18;6.18;6.18;6.18;100
20160203 142400;6.225;6.225;6.225;6.225;200
20160203 143600;6.26;6.27;6.2401;6.2401;1400
20160203 143800;6.23;6.23;6.23;6.23;100
20160203 144300;6.24;6.24;6.24;6.24;100
20160203 144400;6.19;6.19;6.19;6.19;200
20160203 144600;6.2;6.2;6.19;6.19;300
20160203 144900;6.225;6.225;6.19;6.19;300
20160203 145200;6.19;6.19;6.19;6.19;1000
20160203 145300;6.19;6.19;6.19;6.19;100
20160203 145500;6.16;6.16;6.16;6.16;300
20160203 145800;6.19;6.19;6.145;6.19;900
20160203 150000;6.14;6.16;6.12;6.12;400
20160203 150300;6.11;6.11;6.11;6.11;199
20160203 150500;6.1;6.1;6.1;6.1;200
20160203 150800;6.07;6.07;6.03;6.03;200
20160203 151000;6.02;6.02;6.02;6.02;100
20160203 151200;6.08;6.08;6;6;1295
20160203 151300;6.055;6.055;6.055;6.055;300
20160203 151600;6.055;6.055;6.055;6.055;100
20160203 151700;6.05;6.07;6.05;6.07;200
20160203 151900;6.03;6.03;6.01;6.01;300
20160203 152100;6.01;6.01;6.01;6.01;100
20160203 152400;6;6;6;6;1000
20160203 152500;6.03;6.03;6;6;200
20160203 153200;6;6;6;6;1000
20160203 153300;6;6;6;6;200
20160203 153400;6;6;6;6;100
20160203 153500;6.04;6.04;6.04;6.04;200
20160203 153600;6.04;6.06;6.04;6.055;1500
20160203 153700;6.05;6.06;6.05;6.06;500
20160203 154000;6.05;6.06;6.05;6.06;600
20160203 154100;6.06;6.06;6.06;6.06;100
20160203 154300;6.05;6.05;6.05;6.05;600
20160203 154400;6.05;6.05;6.05;6.05;300
20160203 154500;6.05;6.05;6.05;6.05;100
20160203 154700;6.05;6.05;6.05;6.05;100
20160203 154800;6.055;6.06;6.0503;6.06;1000
20160203 155000;6.08;6.09;6.08;6.08;400
20160203 155100;6.13;6.1399;6.06;6.06;1650
20160203 155200;6.07;6.08;6.05;6.05;1000
20160203 155500;6.05;6.05;6.05;6.05;420
20160203 155600;6.06;6.06;6.05;6.05;200
20160203 155700;6.05;6.05;6.05;6.05;642
20160203 155900;6.06;6.1;6.06;6.09;1004
20160203 160000;6.05;6.07;6.05;6.05;4706
20160203 160100;6.183;6.183;6.183;6.183;6483
20160204 102900;6.25;6.27;6.25;6.27;3012
20160204 103000;6.27;6.27;6.27;6.27;500
20160204 103100;6.28;6.28;6.257;6.257;637
20160204 103200;6.27;6.27;6.27;6.27;100
20160204 103300;6.2998;6.2998;6.2998;6.2998;200
20160204 103400;6.27;6.3;6.27;6.3;200
20160204 103600;6.31;6.49;6.29;6.49;4833
20160204 103900;6.37;6.37;6.37;6.37;100
20160204 110400;6.41;6.41;6.36;6.36;300
20160204 111100;6.41;6.41;6.41;6.41;100
20160204 111200;6.42;6.42;6.37;6.37;900
20160204 112300;6.376;6.376;6.32;6.32;1900
20160204 113400;6.44;6.44;6.44;6.44;100
20160204 122300;6.32;6.32;6.31;6.31;700
20160204 122400;6.31;6.31;6.12;6.13;2800
20160204 122700;6.23;6.24;6.14;6.24;4282
20160204 122800;6.25;6.25;6.25;6.25;600
20160204 123000;6.25;6.25;6.25;6.25;200
20160204 123100;6.24;6.24;6.23;6.23;200
20160204 123300;6.24;6.24;6.24;6.24;100
20160204 124100;6.25;6.25;6.1858;6.1858;600
20160204 130500;6.175;6.175;6.175;6.175;100
20160204 133500;6.21;6.21;6.21;6.21;100
20160204 134100;6.24;6.25;6.24;6.25;300
20160204 140600;6.1901;6.1901;6.1901;6.1901;500
20160204 141000;6.34;6.34;6.34;6.34;100
20160204 141800;6.34;6.35;6.34;6.35;400
20160204 142000;6.395;6.395;6.395;6.395;100
20160204 145800;6.3;6.3;6.3;6.3;100
20160204 154500;6.399;6.399;6.399;6.399;100
20160204 154600;6.4;6.44;6.375;6.41;1200
20160204 154700;6.41;6.41;6.41;6.41;200
20160204 154900;6.25;6.25;6.25;6.25;100
20160204 155400;6.4;6.41;6.4;6.41;200
20160204 155500;6.35;6.35;6.35;6.35;100
20160204 155600;6.31;6.31;6.31;6.31;100
20160204 160000;6.31;6.32;6.31;6.32;643
20160204 163100;6.32;6.32;6.32;6.32;23
20160205 093800;6.5599;6.5599;6.5599;6.5599;300
20160205 102000;6.4599;6.4599;6.32;6.32;2100
20160205 102500;6.38;6.38;6.29;6.29;400
20160205 104600;6.3;6.304;6.291;6.304;500
20160205 110500;6.33;6.33;6.33;6.33;100
20160205 111900;6.33;6.33;6.28;6.28;600
20160205 113900;6.28;6.28;6.28;6.28;234
20160205 115000;6.265;6.265;6.265;6.265;100
20160205 120100;6.28;6.28;6.28;6.28;200
20160205 120400;6.3475;6.3475;6.31;6.31;300
20160205 122400;6.32;6.32;6.32;6.32;100
20160205 125700;6.36;6.36;6.36;6.36;100
20160205 131600;6.35;6.35;6.35;6.35;200
20160205 133600;6.28;6.31;6.28;6.31;300
20160205 133800;6.33;6.33;6.33;6.33;100
20160205 140300;6.31;6.31;6.31;6.31;100
20160205 140700;6.34;6.34;6.315;6.315;300
20160205 141100;6.31;6.31;6.31;6.31;100
20160205 141800;6.34;6.34;6.34;6.34;100
20160205 142200;6.305;6.34;6.3025;6.34;3200
20160205 142300;6.315;6.315;6.315;6.315;100
20160205 152300;6.29;6.35;6.29;6.35;1200
20160205 152400;6.335;6.335;6.335;6.335;100
20160205 152800;6.31;6.31;6.31;6.31;300
20160205 153200;6.31;6.31;6.3;6.3;200
20160205 153400;6.35;6.36;6.35;6.36;600
20160205 153800;6.36;6.36;6.36;6.36;200
20160205 154500;6.34;6.34;6.34;6.34;100
20160205 154600;6.34;6.35;6.34;6.35;200
20160205 155000;6.34;6.34;6.33;6.34;307
20160205 155600;6.27;6.27;6.19;6.25;800
20160205 155700;6.25;6.25;6.23;6.23;500
20160205 160000;6.24;6.24;6.18;6.18;4616
20160205 161900;6.1793;6.1793;6.1793;6.1793;60
20160205 164400;6.2945;6.2945;6.2945;6.2945;282
20160205 165000;6.18;6.18;6.18;6.18;95
